1	13
2	22
3	31
4	40
5	49
6	58
7	67
8	76
9	85
10	94
11	103
12	112
13	107
14	116
15	125
16	134
17	143
18	152
19	161
20	170
21	179
22	188
23	197
24	206
25	215
26	224
27	98
28	107
29	116
30	125
31	134
32	143
33	152
34	161
35	170
36	179
37	188
38	158
39	167
40	176
41	185
42	194
43	203
44	212
45	221
46	230
47	239
48	248
49	257
50	266
51	275
52	159
53	168
54	177
55	186
56	195
57	204
58	213
59	222
60	170
61	179
62	188
63	197
64	206
65	215
66	224
67	233
68	242
69	251
70	260
71	269
72	278
73	287
74	221
75	230
76	239
77	248
78	257
79	266
80	275
81	284
82	293
83	302
84	311
85	320
86	329
87	163
88	172
89	181
90	190
91	199
92	208
93	217
94	226
95	153
96	162
97	171
98	180
99	189
100	198
101	207
102	216
103	225
104	234
105	243
106	252
107	261
108	270
109	208
110	217
111	226
112	235
113	244
114	253
115	262
116	271
117	280
118	289
119	298
120	307
121	316
122	150
123	159
124	168
125	177
126	186
127	195
128	204
129	213
130	152
131	161
132	170
133	179
134	188
135	197
136	206
137	215
138	224
139	233
140	242
141	251
142	260
143	269
144	208
145	217
146	226
147	235
148	244
149	253
150	262
151	271
152	280
153	289
154	298
155	307
156	316
157	150
158	159
159	168
160	177
161	186
162	195
163	204
164	213
165	152
166	161
167	170
168	179
169	188
170	197
171	206
172	215
173	224
174	233
175	242
176	251
177	260
178	269
179	208
180	217
181	226
182	235
183	244
184	253
185	262
186	271
187	280
188	289
189	298
190	307
191	316
192	150
193	159
194	168
195	177
196	186
197	195
198	204
199	213
200	152
201	161
202	170
203	179
204	188
205	197
206	206
207	215
208	224
209	233
210	242
211	251
212	260
213	269
214	208
215	217
216	226
217	235
218	244
219	253
220	262
221	271
222	280
223	289
224	298
225	307
226	316
227	150
228	159
229	168
230	177
231	186
232	195
233	204
234	213
235	152
236	161
237	170
238	179
239	188
240	197
241	206
242	215
243	224
244	233
245	242
246	251
247	260
248	269
249	208
250	217
251	226
252	235
253	244
254	253
255	262
256	271
257	280
258	289
259	298
260	307
261	316
262	150
263	159
264	168
265	177
266	186
267	195
268	204
269	213
270	152
271	161
272	170
273	179
274	188
275	197
276	206
277	215
278	224
279	233
280	242
281	251
282	260
283	269
284	208
285	217
286	226
287	235
288	244
289	253
290	262
291	271
292	280
293	289
294	298
295	307
296	316
297	150
298	159
299	168
300	177
301	186
302	195
303	204
304	213
305	152
306	161
307	170
308	179
309	188
310	197
311	206
312	215
313	224
314	233
315	242
316	251
317	260
318	269
319	208
320	217
321	226
322	235
323	244
324	253
325	262
326	271
327	280
328	289
329	298
330	307
331	316
332	150
333	159
334	168
335	177
336	186
337	195
338	204
339	213
340	152
341	161
342	170
343	179
344	188
345	197
346	206
347	215
348	224
349	233
350	242
351	251
352	260
353	269
354	208
355	217
356	226
357	235
358	244
359	253
360	262
361	271
362	280
363	289
364	298
365	307
366	316
367	150
368	159
369	168
370	177
371	186
372	195
373	204
374	213
375	152
376	161
377	170
378	179
379	188
380	197
381	206
382	215
383	224
384	233
385	242
386	251
387	260
388	269
389	208
390	217
391	226
392	235
393	244
394	253
395	262
396	271
397	280
398	289
399	298
400	307
401	316
402	150
403	159
404	168
405	177
406	186
407	195
408	204
409	213
410	152
411	161
412	170
413	179
414	188
415	197
416	206
417	215
418	224
419	233
420	242
421	251
422	260
423	269
424	208
425	217
426	226
427	235
428	244
429	253
430	262
431	271
432	280
433	289
434	298
435	307
436	316
437	150
438	159
439	168
440	177
441	186
442	195
443	204
444	213
445	152
446	161
447	170
448	179
449	188
450	197
451	206
452	215
453	224
454	233
455	242
456	251
457	260
458	269
459	208
460	217
461	226
462	235
463	244
464	253
465	262
466	271
467	280
468	289
469	298
470	307
471	316
472	150
473	159
474	168
475	177
476	186
477	195
478	204
479	213
480	152
481	161
482	170
483	179
484	188
485	197
486	206
487	215
488	224
489	233
490	242
491	251
492	260
493	269
494	208
495	217
496	226
497	235
498	244
499	253
500	262
501	271
502	280
503	289
504	298
505	307
506	316
507	150
508	159
509	168
510	177
511	186
512	195
513	204
514	213
515	152
516	161
517	170
518	179
519	188
520	197
521	206
522	215
523	224
524	233
525	242
526	251
527	260
528	269
529	208
530	217
531	226
532	235
533	244
534	253
535	262
536	271
537	280
538	289
539	298
540	307
541	316
542	150
543	159
544	168
545	177
546	186
547	195
548	204
549	213
550	152
551	161
552	170
553	179
554	188
555	197
556	206
557	215
558	224
559	233
560	242
561	251
562	260
563	269
564	208
565	217
566	226
567	235
568	244
569	253
570	262
571	271
572	280
573	289
574	298
575	307
576	316
577	150
578	159
579	168
580	177
581	186
582	195
583	204
584	213
585	152
586	161
587	170
588	179
589	188
590	197
591	206
592	215
593	224
594	233
595	242
596	251
597	260
598	269
599	208
600	217
601	226
602	235
603	244
604	253
605	262
606	271
607	280
608	289
609	298
610	307
611	316
612	150
613	159
614	168
615	177
616	186
617	195
618	204
619	213
620	152
621	161
622	170
623	179
624	188
625	197
626	206
627	215
628	224
629	233
630	242
631	251
632	260
633	269
634	208
635	217
636	226
637	235
638	244
639	253
640	262
641	271
642	280
643	289
644	298
645	307
646	316
647	150
648	159
649	168
650	177
651	186
652	195
653	204
654	213
655	152
656	161
657	170
658	179
659	188
660	197
661	206
662	215
663	224
664	233
665	242
666	251
667	260
668	269
669	208
670	217
671	226
672	235
673	244
674	253
675	262
676	271
677	280
678	289
679	298
680	307
681	316
682	150
683	159
684	168
685	177
686	186
687	195
688	204
689	213
690	152
691	161
692	170
693	179
694	188
695	197
696	206
697	215
698	224
699	233
700	242
701	251
702	260
703	269
704	208
705	217
706	226
707	235
708	244
709	253
710	262
711	271
712	280
713	289
714	298
715	307
716	316
717	150
718	159
719	168
720	177
721	186
722	195
723	204
724	213
725	152
726	161
727	170
728	179
729	188
730	197
731	206
732	215
733	224
734	233
735	242
736	251
737	260
738	269
739	208
740	217
741	226
742	235
743	244
744	253
745	262
746	271
747	280
748	289
749	298
750	307
751	316
752	150
753	159
754	168
755	177
756	186
757	195
758	204
759	213
760	152
761	161
762	170
763	179
764	188
765	197
766	206
767	215
768	224
769	233
770	242
771	251
772	260
773	269
774	208
775	217
776	226
777	235
778	244
779	253
780	262
781	271
782	280
783	289
784	298
785	307
786	316
787	150
788	159
789	168
790	177
791	186
792	195
793	204
794	213
795	152
796	161
797	170
798	179
799	188
800	197
801	206
802	215
803	224
804	233
805	242
806	251
807	260
808	269
809	208
810	217
811	226
812	235
813	244
814	253
815	262
816	271
817	280
818	289
819	298
820	307
821	316
822	150
823	159
824	168
825	177
826	186
827	195
828	204
829	213
830	152
831	161
832	170
833	179
834	188
835	197
836	206
837	215
838	224
839	233
840	242
841	251
842	260
843	269
844	208
845	217
846	226
847	235
848	244
849	253
850	262
851	271
852	280
853	289
854	298
855	307
856	316
857	150
858	159
859	168
860	177
861	186
862	195
863	204
864	213
865	152
866	161
867	170
868	179
869	188
870	197
871	206
872	215
873	224
874	233
875	242
876	251
877	260
878	269
879	208
880	217
881	226
882	235
883	244
884	253
885	262
886	271
887	280
888	289
889	298
890	307
891	316
892	150
893	159
894	168
895	177
896	186
897	195
898	204
899	213
900	152
901	161
902	170
903	179
904	188
905	197
906	206
907	215
908	224
909	233
910	242
911	251
912	260
913	269
914	208
915	217
916	226
917	235
918	244
919	253
920	262
921	271
922	280
923	289
924	298
925	307
926	316
927	150
928	159
929	168
930	177
931	186
932	195
933	204
934	213
935	152
936	161
937	170
938	179
939	188
940	197
941	206
942	215
943	224
944	233
945	242
946	251
947	260
948	269
949	208
950	217
951	226
952	235
953	244
954	253
955	262
956	271
957	280
958	289
959	298
960	307
961	316
962	150
963	159
964	168
965	177
966	186
967	195
968	204
969	213
970	152
971	161
972	170
973	179
974	188
975	197
976	206
977	215
978	224
979	233
980	242
981	251
982	260
983	269
984	208
985	217
986	226
987	235
988	244
989	253
990	262
991	271
992	280
993	289
994	298
995	307
996	316
997	150
998	159
999	168
1000	177
1001	186
1002	195
1003	204
1004	213
1005	152
1006	161
1007	170
1008	179
1009	188
1010	197
1011	206
1012	215
1013	224
1014	233
1015	242
1016	251
1017	260
1018	269
1019	208
1020	217
1021	226
1022	235
1023	244
1024	253
1025	262
1026	271
1027	280
1028	289
1029	298
1030	307
1031	316
1032	150
1033	159
1034	168
1035	177
1036	186
1037	195
1038	204
1039	213
1040	152
1041	161
1042	170
1043	179
1044	188
1045	197
1046	206
1047	215
1048	224
1049	233
1050	242
1051	251
1052	260
1053	269
1054	208
1055	217
1056	226
1057	235
1058	244
1059	253
1060	262
1061	271
1062	280
1063	289
1064	298
1065	307
1066	316
1067	150
1068	159
1069	168
1070	177
1071	186
1072	195
1073	204
1074	213
1075	152
1076	161
1077	170
1078	179
1079	188
1080	197
1081	206
1082	215
1083	224
1084	233
1085	242
1086	251
1087	260
1088	269
1089	208
1090	217
1091	226
1092	235
1093	244
1094	253
1095	262
1096	271
1097	280
1098	289
1099	298
1100	307
1101	316
1102	150
1103	159
1104	168
1105	177
1106	186
1107	195
1108	204
1109	213
1110	152
1111	161
1112	170
1113	179
1114	188
1115	197
1116	206
1117	215
1118	224
1119	233
1120	242
1121	251
1122	260
1123	269
1124	208
1125	217
1126	226
1127	235
1128	244
1129	253
1130	262
1131	271
1132	280
1133	289
1134	298
1135	307
1136	316
1137	150
1138	159
1139	168
1140	177
1141	186
1142	195
1143	204
1144	213
1145	152
1146	161
1147	170
1148	179
1149	188
1150	197
1151	206
1152	215
1153	224
1154	233
1155	242
1156	251
1157	260
1158	269
1159	208
1160	217
1161	226
1162	235
1163	244
1164	253
1165	262
1166	271
1167	280
1168	289
1169	298
1170	307
1171	316
1172	150
1173	159
1174	168
1175	177
1176	186
1177	195
1178	204
1179	213
1180	152
1181	161
1182	170
1183	179
1184	188
1185	197
1186	206
1187	215
1188	224
1189	233
1190	242
1191	251
1192	260
1193	269
1194	208
1195	217
1196	226
1197	235
1198	244
1199	253
1200	262
1201	271
1202	280
1203	289
1204	298
1205	307
1206	316
1207	150
1208	159
1209	168
1210	177
1211	186
1212	195
1213	204
1214	213
1215	152
1216	161
1217	170
1218	179
1219	188
1220	197
1221	206
1222	215
1223	224
1224	233
1225	242
1226	251
1227	260
1228	269
1229	208
1230	217
1231	226
1232	235
1233	244
1234	253
1235	262
1236	271
1237	280
1238	289
1239	298
1240	307
1241	316
1242	150
1243	159
1244	168
1245	177
1246	186
1247	195
1248	204
1249	213
1250	152
1251	161
1252	170
1253	179
1254	188
1255	197
1256	206
1257	215
1258	224
1259	233
1260	242
1261	251
1262	260
1263	269
1264	208
1265	217
1266	226
1267	235
1268	244
1269	253
1270	262
1271	271
1272	280
1273	289
1274	298
1275	307
1276	316
1277	150
1278	159
1279	168
1280	177
1281	186
1282	195
1283	204
1284	213
1285	152
1286	161
1287	170
1288	179
1289	188
1290	197
1291	206
1292	215
1293	224
1294	233
1295	242
1296	251
1297	260
1298	269
1299	208
1300	217
1301	226
1302	235
1303	244
1304	253
1305	262
1306	271
1307	280
1308	289
1309	298
1310	307
1311	316
1312	150
1313	159
1314	168
1315	177
1316	186
1317	195
1318	204
1319	213
1320	152
1321	161
1322	170
1323	179
1324	188
1325	197
1326	206
1327	215
1328	224
1329	233
1330	242
1331	251
1332	260
1333	269
1334	208
1335	217
1336	226
1337	235
1338	244
1339	253
1340	262
1341	271
1342	280
1343	289
1344	298
1345	307
1346	316
1347	150
1348	159
1349	168
1350	177
1351	186
1352	195
1353	204
1354	213
1355	152
1356	161
1357	170
1358	179
1359	188
1360	197
1361	206
1362	215
1363	224
1364	233
1365	242
1366	251
1367	260
1368	269
1369	208
1370	217
1371	226
1372	235
1373	244
1374	253
1375	262
1376	271
1377	280
1378	289
1379	298
1380	307
1381	316
1382	150
1383	159
1384	168
1385	177
1386	186
1387	195
1388	204
1389	213
1390	152
1391	161
1392	170
1393	179
1394	188
1395	197
1396	206
1397	215
1398	224
1399	233
1400	242
1401	251
1402	260
1403	269
1404	208
1405	217
1406	226
1407	235
1408	244
1409	253
1410	262
1411	271
1412	280
1413	289
1414	298
1415	307
1416	316
1417	150
1418	159
1419	168
1420	177
1421	186
1422	195
1423	204
1424	213
1425	152
1426	161
1427	170
1428	179
1429	188
1430	197
1431	206
1432	215
1433	224
1434	233
1435	242
1436	251
1437	260
1438	269
1439	208
1440	217
1441	226
1442	235
1443	244
1444	253
1445	262
1446	271
1447	280
1448	289
1449	298
1450	307
1451	316
1452	150
1453	159
1454	168
1455	177
1456	186
1457	195
1458	204
1459	213
1460	152
1461	161
1462	170
1463	179
1464	188
1465	197
1466	206
1467	215
1468	224
1469	233
1470	242
1471	251
1472	260
1473	269
1474	208
1475	217
1476	226
1477	235
1478	244
1479	253
1480	262
1481	271
1482	280
1483	289
1484	298
1485	307
1486	316
1487	150
1488	159
1489	168
1490	177
1491	186
1492	195
1493	204
1494	213
1495	152
1496	161
1497	170
1498	179
1499	188
1500	197
1501	206
1502	215
1503	224
1504	233
1505	242
1506	251
1507	260
1508	269
1509	208
1510	217
1511	226
1512	235
1513	244
1514	253
1515	262
1516	271
1517	280
1518	289
1519	298
1520	307
1521	316
1522	150
1523	159
1524	168
1525	177
1526	186
1527	195
1528	204
1529	213
1530	152
1531	161
1532	170
1533	179
1534	188
1535	197
1536	206
1537	215
1538	224
1539	233
1540	242
1541	251
1542	260
1543	269
1544	208
1545	217
1546	226
1547	235
1548	244
1549	253
1550	262
1551	271
1552	280
1553	289
1554	298
1555	307
1556	316
1557	150
1558	159
1559	168
1560	177
1561	186
1562	195
1563	204
1564	213
1565	152
1566	161
1567	170
1568	179
1569	188
1570	197
1571	206
1572	215
1573	224
1574	233
1575	242
1576	251
1577	260
1578	269
1579	208
1580	217
1581	226
1582	235
1583	244
1584	253
1585	262
1586	271
1587	280
1588	289
1589	298
1590	307
1591	316
1592	150
1593	159
1594	168
1595	177
1596	186
1597	195
1598	204
1599	213
1600	152
1601	161
1602	170
1603	179
1604	188
1605	197
1606	206
1607	215
1608	224
1609	233
1610	242
1611	251
1612	260
1613	269
1614	208
1615	217
1616	226
1617	235
1618	244
1619	253
1620	262
1621	271
1622	280
1623	289
1624	298
1625	307
1626	316
1627	150
1628	159
1629	168
1630	177
1631	186
1632	195
1633	204
1634	213
1635	152
1636	161
1637	170
1638	179
1639	188
1640	197
1641	206
1642	215
1643	224
1644	233
1645	242
1646	251
1647	260
1648	269
1649	208
1650	217
1651	226
1652	235
1653	244
1654	253
1655	262
1656	271
1657	280
1658	289
1659	298
1660	307
1661	316
1662	150
1663	159
1664	168
1665	177
1666	186
1667	195
1668	204
1669	213
1670	152
1671	161
1672	170
1673	179
1674	188
1675	197
1676	206
1677	215
1678	224
1679	233
1680	242
1681	251
1682	260
1683	269
1684	208
1685	217
1686	226
1687	235
1688	244
1689	253
1690	262
1691	271
1692	280
1693	289
1694	298
1695	307
1696	316
1697	150
1698	159
1699	168
1700	177
1701	186
1702	195
1703	204
1704	213
1705	152
1706	161
1707	170
1708	179
1709	188
1710	197
1711	206
1712	215
1713	224
1714	233
1715	242
1716	251
1717	260
1718	269
1719	208
1720	217
1721	226
1722	235
1723	244
1724	253
1725	262
1726	271
1727	280
1728	289
1729	298
1730	307
1731	316
1732	150
1733	159
1734	168
1735	177
1736	186
1737	195
1738	204
1739	213
1740	152
1741	161
1742	170
1743	179
1744	188
1745	197
1746	206
1747	215
1748	224
1749	233
1750	242
1751	251
1752	260
1753	269
1754	208
1755	217
1756	226
1757	235
1758	244
1759	253
1760	262
1761	271
1762	280
1763	289
1764	298
1765	307
1766	316
1767	150
1768	159
1769	168
1770	177
1771	186
1772	195
1773	204
1774	213
1775	152
1776	161
1777	170
1778	179
1779	188
1780	197
1781	206
1782	215
1783	224
1784	233
1785	242
1786	251
1787	260
1788	269
1789	208
1790	217
1791	226
1792	235
1793	244
1794	253
1795	262
1796	271
1797	280
1798	289
1799	298
1800	307
1801	316
1802	150
1803	159
1804	168
1805	177
1806	186
1807	195
1808	204
1809	213
1810	152
1811	161
1812	170
1813	179
1814	188
1815	197
1816	206
1817	215
1818	224
1819	233
1820	242
1821	251
1822	260
1823	269
1824	208
1825	217
1826	226
1827	235
1828	244
1829	253
1830	262
1831	271
1832	280
1833	289
1834	298
1835	307
1836	316
1837	150
1838	159
1839	168
1840	177
1841	186
1842	195
1843	204
1844	213
1845	152
1846	161
1847	170
1848	179
1849	188
1850	197
1851	206
1852	215
1853	224
1854	233
1855	242
1856	251
1857	260
1858	269
1859	208
1860	217
1861	226
1862	235
1863	244
1864	253
1865	262
1866	271
1867	280
1868	289
1869	298
1870	307
1871	316
1872	150
1873	159
1874	168
1875	177
1876	186
1877	195
1878	204
1879	213
1880	152
1881	161
1882	170
1883	179
1884	188
1885	197
1886	206
1887	215
1888	224
1889	233
1890	242
1891	251
1892	260
1893	269
1894	208
1895	217
1896	226
1897	235
1898	244
1899	253
1900	262
1901	271
1902	280
1903	289
1904	298
1905	307
1906	316
1907	150
1908	159
1909	168
1910	177
1911	186
1912	195
1913	204
1914	213
1915	152
1916	161
1917	170
1918	179
1919	188
1920	197
1921	206
1922	215
1923	224
1924	233
1925	242
1926	251
1927	260
1928	269
1929	208
1930	217
1931	226
1932	235
1933	244
1934	253
1935	262
1936	271
1937	280
1938	289
1939	298
1940	307
1941	316
1942	150
1943	159
1944	168
1945	177
1946	186
1947	195
1948	204
1949	213
1950	152
1951	161
1952	170
1953	179
1954	188
1955	197
1956	206
1957	215
1958	224
1959	233
1960	242
1961	251
1962	260
1963	269
1964	208
1965	217
1966	226
1967	235
1968	244
1969	253
1970	262
1971	271
1972	280
1973	289
1974	298
1975	307
1976	316
1977	150
1978	159
1979	168
1980	177
1981	186
1982	195
1983	204
1984	213
1985	152
1986	161
1987	170
1988	179
1989	188
1990	197
1991	206
1992	215
1993	224
1994	233
1995	242
1996	251
1997	260
1998	269
1999	208
2000	217
2001	226
2002	235
2003	244
2004	253
2005	262
2006	271
2007	280
2008	289
2009	298
2010	307
2011	316
2012	150
2013	159
2014	168
2015	177
2016	186
2017	195
2018	204
2019	213
2020	152
2021	161
2022	170
2023	179
2024	188
2025	197
2026	206
2027	215
2028	224
2029	233
2030	242
2031	251
2032	260
2033	269
2034	208
2035	217
2036	226
2037	235
2038	244
2039	253
2040	262
2041	271
2042	280
2043	289
2044	298
2045	307
2046	316
2047	150
2048	159
2049	168
2050	177
2051	186
2052	195
2053	204
2054	213
2055	152
2056	161
2057	170
2058	179
2059	188
2060	197
2061	206
2062	215
2063	224
2064	233
2065	242
2066	251
2067	260
2068	269
2069	208
2070	217
2071	226
2072	235
2073	244
2074	253
2075	262
2076	271
2077	280
2078	289
2079	298
2080	307
2081	316
2082	150
2083	159
2084	168
2085	177
2086	186
2087	195
2088	204
2089	213
2090	152
2091	161
2092	170
2093	179
2094	188
2095	197
2096	206
2097	215
2098	224
2099	233
2100	242
2101	251
2102	260
2103	269
2104	208
2105	217
2106	226
2107	235
2108	244
2109	253
2110	262
2111	271
2112	280
2113	289
2114	298
2115	307
2116	316
2117	150
2118	159
2119	168
2120	177
2121	186
2122	195
2123	204
2124	213
2125	152
2126	161
2127	170
2128	179
2129	188
2130	197
2131	206
2132	215
2133	224
2134	233
2135	242
2136	251
2137	260
2138	269
2139	208
2140	217
2141	226
2142	235
2143	244
2144	253
2145	262
2146	271
2147	280
2148	289
2149	298
2150	307
2151	316
2152	150
2153	159
2154	168
2155	177
2156	186
2157	195
2158	204
2159	213
2160	152
2161	161
2162	170
2163	179
2164	188
2165	197
2166	206
2167	215
2168	224
2169	233
2170	242
2171	251
2172	260
2173	269
2174	208
2175	217
2176	226
2177	235
2178	244
2179	253
2180	262
2181	271
2182	280
2183	289
2184	298
2185	307
2186	316
2187	150
2188	159
2189	168
2190	177
2191	186
2192	195
2193	204
2194	213
2195	152
2196	161
2197	170
2198	179
2199	188
2200	197
2201	206
2202	215
2203	224
2204	233
2205	242
2206	251
2207	260
2208	269
2209	208
2210	217
2211	226
2212	235
2213	244
2214	253
2215	262
2216	271
2217	280
2218	289
2219	298
2220	307
2221	316
2222	150
2223	159
2224	168
2225	177
2226	186
2227	195
2228	204
2229	213
2230	152
2231	161
2232	170
2233	179
2234	188
2235	197
2236	206
2237	215
2238	224
2239	233
2240	242
2241	251
2242	260
2243	269
2244	208
2245	217
2246	226
2247	235
2248	244
2249	253
2250	262
2251	271
2252	280
2253	289
2254	298
2255	307
2256	316
2257	150
2258	159
2259	168
2260	177
2261	186
2262	195
2263	204
2264	213
2265	152
2266	161
2267	170
2268	179
2269	188
2270	197
2271	206
2272	215
2273	224
2274	233
2275	242
2276	251
2277	260
2278	269
2279	208
2280	217
2281	226
2282	235
2283	244
2284	253
2285	262
2286	271
2287	280
2288	289
2289	298
2290	307
2291	316
2292	150
2293	159
2294	168
2295	177
2296	186
2297	195
2298	204
2299	213
2300	152
2301	161
2302	170
2303	179
2304	188
2305	197
2306	206
2307	215
2308	224
2309	233
2310	242
2311	251
2312	260
2313	269
2314	208
2315	217
2316	226
2317	235
2318	244
2319	253
2320	262
2321	271
2322	280
2323	289
2324	298
2325	307
2326	316
2327	150
2328	159
2329	168
2330	177
2331	186
2332	195
2333	204
2334	213
2335	152
2336	161
2337	170
2338	179
2339	188
2340	197
2341	206
2342	215
2343	224
2344	233
2345	242
2346	251
2347	260
2348	269
2349	208
2350	217
2351	226
2352	235
2353	244
2354	253
2355	262
2356	271
2357	280
2358	289
2359	298
2360	307
2361	316
2362	150
2363	159
2364	168
2365	177
2366	186
2367	195
2368	204
2369	213
2370	152
2371	161
2372	170
2373	179
2374	188
2375	197
2376	206
2377	215
2378	224
2379	233
2380	242
2381	251
2382	260
2383	269
2384	208
2385	217
2386	226
2387	235
2388	244
2389	253
2390	262
2391	271
2392	280
2393	289
2394	298
2395	307
2396	316
2397	150
2398	159
2399	168
2400	177
2401	186
2402	195
2403	204
2404	213
2405	152
2406	161
2407	170
2408	179
2409	188
2410	197
2411	206
2412	215
2413	224
2414	233
2415	242
2416	251
2417	260
2418	269
2419	208
2420	217
2421	226
2422	235
2423	244
2424	253
2425	262
2426	271
2427	280
2428	289
2429	298
2430	307
2431	316
2432	150
2433	159
2434	168
2435	177
2436	186
2437	195
2438	204
2439	213
2440	152
2441	161
2442	170
2443	179
2444	188
2445	197
2446	206
2447	215
2448	224
2449	233
2450	242
2451	251
2452	260
2453	269
2454	208
2455	217
2456	226
2457	235
2458	244
2459	253
2460	262
2461	271
2462	280
2463	289
2464	298
2465	307
2466	316
2467	150
2468	159
2469	168
2470	177
2471	186
2472	195
2473	204
2474	213
2475	152
2476	161
2477	170
2478	179
2479	188
2480	197
2481	206
2482	215
2483	224
2484	233
2485	242
2486	251
2487	260
2488	269
2489	208
2490	217
2491	226
2492	235
2493	244
2494	253
2495	262
2496	271
2497	280
2498	289
2499	298
2500	307
2501	316
2502	150
2503	159
2504	168
2505	177
2506	186
2507	195
2508	204
2509	213
2510	152
2511	161
2512	170
2513	179
2514	188
2515	197
2516	206
2517	215
2518	224
2519	233
2520	242
2521	251
2522	260
2523	269
2524	208
2525	217
2526	226
2527	235
2528	244
2529	253
2530	262
2531	271
2532	280
2533	289
2534	298
2535	307
2536	316
2537	150
2538	159
2539	168
2540	177
2541	186
2542	195
2543	204
2544	213
2545	152
2546	161
2547	170
2548	179
2549	188
2550	197
2551	206
2552	215
2553	224
2554	233
2555	242
2556	251
2557	260
2558	269
2559	208
2560	217
2561	226
2562	235
2563	244
2564	253
2565	262
2566	271
2567	280
2568	289
2569	298
2570	307
2571	316
2572	150
2573	159
2574	168
2575	177
2576	186
2577	195
2578	204
2579	213
2580	152
2581	161
2582	170
2583	179
2584	188
2585	197
2586	206
2587	215
2588	224
2589	233
2590	242
2591	251
2592	260
2593	269
2594	208
2595	217
2596	226
2597	235
2598	244
2599	253
2600	262
2601	271
2602	280
2603	289
2604	298
2605	307
2606	316
2607	150
2608	159
2609	168
2610	177
2611	186
2612	195
2613	204
2614	213
2615	152
2616	161
2617	170
2618	179
2619	188
2620	197
2621	206
2622	215
2623	224
2624	233
2625	242
2626	251
2627	260
2628	269
2629	208
2630	217
2631	226
2632	235
2633	244
2634	253
2635	262
2636	271
2637	280
2638	289
2639	298
2640	307
2641	316
2642	150
2643	159
2644	168
2645	177
2646	186
2647	195
2648	204
2649	213
2650	152
2651	161
2652	170
2653	179
2654	188
2655	197
2656	206
2657	215
2658	224
2659	233
2660	242
2661	251
2662	260
2663	269
2664	208
2665	217
2666	226
2667	235
2668	244
2669	253
2670	262
2671	271
2672	280
2673	289
2674	298
2675	307
2676	316
2677	150
2678	159
2679	168
2680	177
2681	186
2682	195
2683	204
2684	213
2685	152
2686	161
2687	170
2688	179
2689	188
2690	197
2691	206
2692	215
2693	224
2694	233
2695	242
2696	251
2697	260
2698	269
2699	208
2700	217
2701	226
2702	235
2703	244
2704	253
2705	262
2706	271
2707	280
2708	289
2709	298
2710	307
2711	316
2712	150
2713	159
2714	168
2715	177
2716	186
2717	195
2718	204
2719	213
2720	152
2721	161
2722	170
2723	179
2724	188
2725	197
2726	206
2727	215
2728	224
2729	233
2730	242
2731	251
2732	260
2733	269
2734	208
2735	217
2736	226
2737	235
2738	244
2739	253
2740	262
2741	271
2742	280
2743	289
2744	298
2745	307
2746	316
2747	150
2748	159
2749	168
2750	177
2751	186
2752	195
2753	204
2754	213
2755	152
2756	161
2757	170
2758	179
2759	188
2760	197
2761	206
2762	215
2763	224
2764	233
2765	242
2766	251
2767	260
2768	269
2769	208
2770	217
2771	226
2772	235
2773	244
2774	253
2775	262
2776	271
2777	280
2778	289
2779	298
2780	307
2781	316
2782	150
2783	159
2784	168
2785	177
2786	186
2787	195
2788	204
2789	213
2790	152
2791	161
2792	170
2793	179
2794	188
2795	197
2796	206
2797	215
2798	224
2799	233
2800	242
2801	251
2802	260
2803	269
2804	208
2805	217
2806	226
2807	235
2808	244
2809	253
2810	262
2811	271
2812	280
2813	289
2814	298
2815	307
2816	316
2817	150
2818	159
2819	168
2820	177
2821	186
2822	195
2823	204
2824	213
2825	152
2826	161
2827	170
2828	179
2829	188
2830	197
2831	206
2832	215
2833	224
2834	233
2835	242
2836	251
2837	260
2838	269
2839	208
2840	217
2841	226
2842	235
2843	244
2844	253
2845	262
2846	271
2847	280
2848	289
2849	298
2850	307
2851	316
2852	150
2853	159
2854	168
2855	177
2856	186
2857	195
2858	204
2859	213
2860	152
2861	161
2862	170
2863	179
2864	188
2865	197
2866	206
2867	215
2868	224
2869	233
2870	242
2871	251
2872	260
2873	269
2874	208
2875	217
2876	226
2877	235
2878	244
2879	253
2880	262
2881	271
2882	280
2883	289
2884	298
2885	307
2886	316
2887	150
2888	159
2889	168
2890	177
2891	186
2892	195
2893	204
2894	213
2895	152
2896	161
2897	170
2898	179
2899	188
2900	197
2901	206
2902	215
2903	224
2904	233
2905	242
2906	251
2907	260
2908	269
2909	208
2910	217
2911	226
2912	235
2913	244
2914	253
2915	262
2916	271
2917	280
2918	289
2919	298
2920	307
2921	316
2922	150
2923	159
2924	168
2925	177
2926	186
2927	195
2928	204
2929	213
2930	152
2931	161
2932	170
2933	179
2934	188
2935	197
2936	206
2937	215
2938	224
2939	233
2940	242
2941	251
2942	260
2943	269
2944	208
2945	217
2946	226
2947	235
2948	244
2949	253
2950	262
2951	271
2952	280
2953	289
2954	298
2955	307
2956	316
2957	150
2958	159
2959	168
2960	177
2961	186
2962	195
2963	204
2964	213
2965	152
2966	161
2967	170
2968	179
2969	188
2970	197
2971	206
2972	215
2973	224
2974	233
2975	242
2976	251
2977	260
2978	269
2979	208
2980	217
2981	226
2982	235
2983	244
2984	253
2985	262
2986	271
2987	280
2988	289
2989	298
2990	307
2991	316
2992	150
2993	159
2994	168
2995	177
2996	186
2997	195
2998	204
2999	213
3000	152
3001	161
3002	170
3003	179
3004	188
3005	197
3006	206
3007	215
3008	224
3009	233
3010	242
3011	251
3012	260
3013	269
3014	208
3015	217
3016	226
3017	235
3018	244
3019	253
3020	262
3021	271
3022	280
3023	289
3024	298
3025	307
3026	316
3027	150
3028	159
3029	168
3030	177
3031	186
3032	195
3033	204
3034	213
3035	152
3036	161
3037	170
3038	179
3039	188
3040	197
3041	206
3042	215
3043	224
3044	233
3045	242
3046	251
3047	260
3048	269
3049	208
3050	217
3051	226
3052	235
3053	244
3054	253
3055	262
3056	271
3057	280
3058	289
3059	298
3060	307
3061	316
3062	150
3063	159
3064	168
3065	177
3066	186
3067	195
3068	204
3069	213
3070	152
3071	161
3072	170
3073	179
3074	188
3075	197
3076	206
3077	215
3078	224
3079	233
3080	242
3081	251
3082	260
3083	269
3084	208
3085	217
3086	226
3087	235
3088	244
3089	253
3090	262
3091	271
3092	280
3093	289
3094	298
3095	307
3096	316
3097	150
3098	159
3099	168
3100	177
3101	186
3102	195
3103	204
3104	213
3105	152
3106	161
3107	170
3108	179
3109	188
3110	197
3111	206
3112	215
3113	224
3114	233
3115	242
3116	251
3117	260
3118	269
3119	208
3120	217
3121	226
3122	235
3123	244
3124	253
3125	262
3126	271
3127	280
3128	289
3129	298
3130	307
3131	316
3132	150
3133	159
3134	168
3135	177
3136	186
3137	195
3138	204
3139	213
3140	152
3141	161
3142	170
3143	179
3144	188
3145	197
3146	206
3147	215
3148	224
3149	233
3150	242
3151	251
3152	260
3153	269
3154	208
3155	217
3156	226
3157	235
3158	244
3159	253
3160	262
3161	271
3162	280
3163	289
3164	298
3165	307
3166	316
3167	150
3168	159
3169	168
3170	177
3171	186
3172	195
3173	204
3174	213
3175	152
3176	161
3177	170
3178	179
3179	188
3180	197
3181	206
3182	215
3183	224
3184	233
3185	242
3186	251
3187	260
3188	269
3189	208
3190	217
3191	226
3192	235
3193	244
3194	253
3195	262
3196	271
3197	280
3198	289
3199	298
3200	307
3201	316
3202	150
3203	159
3204	168
3205	177
3206	186
3207	195
3208	204
3209	213
3210	152
3211	161
3212	170
3213	179
3214	188
3215	197
3216	206
3217	215
3218	224
3219	233
3220	242
3221	251
3222	260
3223	269
3224	208
3225	217
3226	226
3227	235
3228	244
3229	253
3230	262
3231	271
3232	280
3233	289
3234	298
3235	307
3236	316
3237	150
3238	159
3239	168
3240	177
3241	186
3242	195
3243	204
3244	213
3245	152
3246	161
3247	170
3248	179
3249	188
3250	197
3251	206
3252	215
3253	224
3254	233
3255	242
3256	251
3257	260
3258	269
3259	208
3260	217
3261	226
3262	235
3263	244
3264	253
3265	262
3266	271
3267	280
3268	289
3269	298
3270	307
3271	316
3272	150
3273	159
3274	168
3275	177
3276	186
3277	195
3278	204
3279	213
3280	152
3281	161
3282	170
3283	179
3284	188
3285	197
3286	206
3287	215
3288	224
3289	233
3290	242
3291	251
3292	260
3293	269
3294	208
3295	217
3296	226
3297	235
3298	244
3299	253
3300	262
3301	271
3302	280
3303	289
3304	298
3305	307
3306	316
3307	150
3308	159
3309	168
3310	177
3311	186
3312	195
3313	204
3314	213
3315	152
3316	161
3317	170
3318	179
3319	188
3320	197
3321	206
3322	215
3323	224
3324	233
3325	242
3326	251
3327	260
3328	269
3329	208
3330	217
3331	226
3332	235
3333	244
3334	253
3335	262
3336	271
3337	280
3338	289
3339	298
3340	307
3341	316
3342	150
3343	159
3344	168
3345	177
3346	186
3347	195
3348	204
3349	213
3350	152
3351	161
3352	170
3353	179
3354	188
3355	197
3356	206
3357	215
3358	224
3359	233
3360	242
3361	251
3362	260
3363	269
3364	208
3365	217
3366	226
3367	235
3368	244
3369	253
3370	262
3371	271
3372	280
3373	289
3374	298
3375	307
3376	316
3377	150
3378	159
3379	168
3380	177
3381	186
3382	195
3383	204
3384	213
3385	152
3386	161
3387	170
3388	179
3389	188
3390	197
3391	206
3392	215
3393	224
3394	233
3395	242
3396	251
3397	260
3398	269
3399	208
3400	217
3401	226
3402	235
3403	244
3404	253
3405	262
3406	271
3407	280
3408	289
3409	298
3410	307
3411	316
3412	150
3413	159
3414	168
3415	177
3416	186
3417	195
3418	204
3419	213
3420	152
3421	161
3422	170
3423	179
3424	188
3425	197
3426	206
3427	215
3428	224
3429	233
3430	242
3431	251
3432	260
3433	269
3434	208
3435	217
3436	226
3437	235
3438	244
3439	253
3440	262
3441	271
3442	280
3443	289
3444	298
3445	307
3446	316
3447	150
3448	159
3449	168
3450	177
3451	186
3452	195
3453	204
3454	213
3455	152
3456	161
3457	170
3458	179
3459	188
3460	197
3461	206
3462	215
3463	224
3464	233
3465	242
3466	251
3467	260
3468	269
3469	208
3470	217
3471	226
3472	235
3473	244
3474	253
3475	262
3476	271
3477	280
3478	289
3479	298
3480	307
3481	316
3482	150
3483	159
3484	168
3485	177
3486	186
3487	195
3488	204
3489	213
3490	152
3491	161
3492	170
3493	179
3494	188
3495	197
3496	206
3497	215
3498	224
3499	233
3500	242
3501	251
3502	260
3503	269
3504	208
3505	217
3506	226
3507	235
3508	244
3509	253
3510	262
3511	271
3512	280
3513	289
3514	298
3515	307
3516	316
3517	150
3518	159
3519	168
3520	177
3521	186
3522	195
3523	204
3524	213
3525	152
3526	161
3527	170
3528	179
3529	188
3530	197
3531	206
3532	215
3533	224
3534	233
3535	242
3536	251
3537	260
3538	269
3539	208
3540	217
3541	226
3542	235
3543	244
3544	253
3545	262
3546	271
3547	280
3548	289
3549	298
3550	307
3551	316
3552	150
3553	159
3554	168
3555	177
3556	186
3557	195
3558	204
3559	213
3560	152
3561	161
3562	170
3563	179
3564	188
3565	197
3566	206
3567	215
3568	224
3569	233
3570	242
3571	251
3572	260
3573	269
3574	208
3575	217
3576	226
3577	235
3578	244
3579	253
3580	262
3581	271
3582	280
3583	289
3584	298
3585	307
3586	316
3587	150
3588	159
3589	168
3590	177
3591	186
3592	195
3593	204
3594	213
3595	152
3596	161
3597	170
3598	179
3599	188
3600	197
3601	206
3602	215
3603	224
3604	233
3605	242
3606	251
3607	260
3608	269
3609	208
3610	217
3611	226
3612	235
3613	244
3614	253
3615	262
3616	271
3617	280
3618	289
3619	298
3620	307
3621	316
3622	150
3623	159
3624	168
3625	177
3626	186
3627	195
3628	204
3629	213
3630	152
3631	161
3632	170
3633	179
3634	188
3635	197
3636	206
3637	215
3638	224
3639	233
3640	242
3641	251
3642	260
3643	269
3644	208
3645	217
3646	226
3647	235
3648	244
3649	253
3650	262
3651	271
3652	280
3653	289
3654	298
3655	307
3656	316
3657	150
3658	159
3659	168
3660	177
3661	186
3662	195
3663	204
3664	213
3665	152
3666	161
3667	170
3668	179
3669	188
3670	197
3671	206
3672	215
3673	224
3674	233
3675	242
3676	251
3677	260
3678	269
3679	208
3680	217
3681	226
3682	235
3683	244
3684	253
3685	262
3686	271
3687	280
3688	289
3689	298
3690	307
3691	316
3692	150
3693	159
3694	168
3695	177
3696	186
3697	195
3698	204
3699	213
3700	152
3701	161
3702	170
3703	179
3704	188
3705	197
3706	206
3707	215
3708	224
3709	233
3710	242
3711	251
3712	260
3713	269
3714	208
3715	217
3716	226
3717	235
3718	244
3719	253
3720	262
3721	271
3722	280
3723	289
3724	298
3725	307
3726	316
3727	150
3728	159
3729	168
3730	177
3731	186
3732	195
3733	204
3734	213
3735	152
3736	161
3737	170
3738	179
3739	188
3740	197
3741	206
3742	215
3743	224
3744	233
3745	242
3746	251
3747	260
3748	269
3749	208
3750	217
3751	226
3752	235
3753	244
3754	253
3755	262
3756	271
3757	280
3758	289
3759	298
3760	307
3761	316
3762	150
3763	159
3764	168
3765	177
3766	186
3767	195
3768	204
3769	213
3770	152
3771	161
3772	170
3773	179
3774	188
3775	197
3776	206
3777	215
3778	224
3779	233
3780	242
3781	251
3782	260
3783	269
3784	208
3785	217
3786	226
3787	235
3788	244
3789	253
3790	262
3791	271
3792	280
3793	289
3794	298
3795	307
3796	316
3797	150
3798	159
3799	168
3800	177
3801	186
3802	195
3803	204
3804	213
3805	152
3806	161
3807	170
3808	179
3809	188
3810	197
3811	206
3812	215
3813	224
3814	233
3815	242
3816	251
3817	260
3818	269
3819	208
3820	217
3821	226
3822	235
3823	244
3824	253
3825	262
3826	271
3827	280
3828	289
3829	298
3830	307
3831	316
3832	150
3833	159
3834	168
3835	177
3836	186
3837	195
3838	204
3839	213
3840	152
3841	161
3842	170
3843	179
3844	188
3845	197
3846	206
3847	215
3848	224
3849	233
3850	242
3851	251
3852	260
3853	269
3854	208
3855	217
3856	226
3857	235
3858	244
3859	253
3860	262
3861	271
3862	280
3863	289
3864	298
3865	307
3866	316
3867	150
3868	159
3869	168
3870	177
3871	186
3872	195
3873	204
3874	213
3875	152
3876	161
3877	170
3878	179
3879	188
3880	197
3881	206
3882	215
3883	224
3884	233
3885	242
3886	251
3887	260
3888	269
3889	208
3890	217
3891	226
3892	235
3893	244
3894	253
3895	262
3896	271
3897	280
3898	289
3899	298
3900	307
3901	316
3902	150
3903	159
3904	168
3905	177
3906	186
3907	195
3908	204
3909	213
3910	152
3911	161
3912	170
3913	179
3914	188
3915	197
3916	206
3917	215
3918	224
3919	233
3920	242
3921	251
3922	260
3923	269
3924	208
3925	217
3926	226
3927	235
3928	244
3929	253
3930	262
3931	271
3932	280
3933	289
3934	298
3935	307
3936	316
3937	150
3938	159
3939	168
3940	177
3941	186
3942	195
3943	204
3944	213
3945	152
3946	161
3947	170
3948	179
3949	188
3950	197
3951	206
3952	215
3953	224
3954	233
3955	242
3956	251
3957	260
3958	269
3959	208
3960	217
3961	226
3962	235
3963	244
3964	253
3965	262
3966	271
3967	280
3968	289
3969	298
3970	307
3971	316
3972	150
3973	159
3974	168
3975	177
3976	186
3977	195
3978	204
3979	213
3980	152
3981	161
3982	170
3983	179
3984	188
3985	197
3986	206
3987	215
3988	224
3989	233
3990	242
3991	251
3992	260
3993	269
3994	208
3995	217
3996	226
3997	235
3998	244
3999	253
4000	262
4001	271
4002	280
4003	289
4004	298
4005	307
4006	316
4007	150
4008	159
4009	168
4010	177
4011	186
4012	195
4013	204
4014	213
4015	152
4016	161
4017	170
4018	179
4019	188
4020	197
4021	206
4022	215
4023	224
4024	233
4025	242
4026	251
4027	260
4028	269
4029	208
4030	217
4031	226
4032	235
4033	244
4034	253
4035	262
4036	271
4037	280
4038	289
4039	298
4040	307
4041	316
4042	150
4043	159
4044	168
4045	177
4046	186
4047	195
4048	204
4049	213
4050	152
4051	161
4052	170
4053	179
4054	188
4055	197
4056	206
4057	215
4058	224
4059	233
4060	242
4061	251
4062	260
4063	269
4064	208
4065	217
4066	226
4067	235
4068	244
4069	253
4070	262
4071	271
4072	280
4073	289
4074	298
4075	307
4076	316
4077	150
4078	159
4079	168
4080	177
4081	186
4082	195
4083	204
4084	213
4085	152
4086	161
4087	170
4088	179
4089	188
4090	197
4091	206
4092	215
4093	224
4094	233
4095	242
4096	251
4097	260
4098	269
4099	208
4100	217
4101	226
4102	235
4103	244
4104	253
4105	262
4106	271
4107	280
4108	289
4109	298
4110	307
4111	316
4112	150
4113	159
4114	168
4115	177
4116	186
4117	195
4118	204
4119	213
4120	152
4121	161
4122	170
4123	179
4124	188
4125	197
4126	206
4127	215
4128	224
4129	233
4130	242
4131	251
4132	260
4133	269
4134	208
4135	217
4136	226
4137	235
4138	244
4139	253
4140	262
4141	271
4142	280
4143	289
4144	298
4145	307
4146	316
4147	150
4148	159
4149	168
4150	177
4151	186
4152	195
4153	204
4154	213
4155	152
4156	161
4157	170
4158	179
4159	188
4160	197
4161	206
4162	215
4163	224
4164	233
4165	242
4166	251
4167	260
4168	269
4169	208
4170	217
4171	226
4172	235
4173	244
4174	253
4175	262
4176	271
4177	280
4178	289
4179	298
4180	307
4181	316
4182	150
4183	159
4184	168
4185	177
4186	186
4187	195
4188	204
4189	213
4190	152
4191	161
4192	170
4193	179
4194	188
4195	197
4196	206
4197	215
4198	224
4199	233
4200	242
4201	251
4202	260
4203	269
4204	208
4205	217
4206	226
4207	235
4208	244
4209	253
4210	262
4211	271
4212	280
4213	289
4214	298
4215	307
4216	316
4217	150
4218	159
4219	168
4220	177
4221	186
4222	195
4223	204
4224	213
4225	152
4226	161
4227	170
4228	179
4229	188
4230	197
4231	206
4232	215
4233	224
4234	233
4235	242
4236	251
4237	260
4238	269
4239	208
4240	217
4241	226
4242	235
4243	244
4244	253
4245	262
4246	271
4247	280
4248	289
4249	298
4250	307
4251	316
4252	150
4253	159
4254	168
4255	177
4256	186
4257	195
4258	204
4259	213
4260	152
4261	161
4262	170
4263	179
4264	188
4265	197
4266	206
4267	215
4268	224
4269	233
4270	242
4271	251
4272	260
4273	269
4274	208
4275	217
4276	226
4277	235
4278	244
4279	253
4280	262
4281	271
4282	280
4283	289
4284	298
4285	307
4286	316
4287	150
4288	159
4289	168
4290	177
4291	186
4292	195
4293	204
4294	213
4295	152
4296	161
4297	170
4298	179
4299	188
4300	197
4301	206
4302	215
4303	224
4304	233
4305	242
4306	251
4307	260
4308	269
4309	208
4310	217
4311	226
4312	235
4313	244
4314	253
4315	262
4316	271
4317	280
4318	289
4319	298
4320	307
4321	316
4322	150
4323	159
4324	168
4325	177
4326	186
4327	195
4328	204
4329	213
4330	152
4331	161
4332	170
4333	179
4334	188
4335	197
4336	206
4337	215
4338	224
4339	233
4340	242
4341	251
4342	260
4343	269
4344	208
4345	217
4346	226
4347	235
4348	244
4349	253
4350	262
4351	271
4352	280
4353	289
4354	298
4355	307
4356	316
4357	150
4358	159
4359	168
4360	177
4361	186
4362	195
4363	204
4364	213
4365	152
4366	161
4367	170
4368	179
4369	188
4370	197
4371	206
4372	215
4373	224
4374	233
4375	242
4376	251
4377	260
4378	269
4379	208
4380	217
4381	226
4382	235
4383	244
4384	253
4385	262
4386	271
4387	280
4388	289
4389	298
4390	307
4391	316
4392	150
4393	159
4394	168
4395	177
4396	186
4397	195
4398	204
4399	213
4400	152
4401	161
4402	170
4403	179
4404	188
4405	197
4406	206
4407	215
4408	224
4409	233
4410	242
4411	251
4412	260
4413	269
4414	208
4415	217
4416	226
4417	235
4418	244
4419	253
4420	262
4421	271
4422	280
4423	289
4424	298
4425	307
4426	316
4427	150
4428	159
4429	168
4430	177
4431	186
4432	195
4433	204
4434	213
4435	152
4436	161
4437	170
4438	179
4439	188
4440	197
4441	206
4442	215
4443	224
4444	233
4445	242
4446	251
4447	260
4448	269
4449	208
4450	217
4451	226
4452	235
4453	244
4454	253
4455	262
4456	271
4457	280
4458	289
4459	298
4460	307
4461	316
4462	150
4463	159
4464	168
4465	177
4466	186
4467	195
4468	204
4469	213
4470	152
4471	161
4472	170
4473	179
4474	188
4475	197
4476	206
4477	215
4478	224
4479	233
4480	242
4481	251
4482	260
4483	269
4484	208
4485	217
4486	226
4487	235
4488	244
4489	253
4490	262
4491	271
4492	280
4493	289
4494	298
4495	307
4496	316
4497	150
4498	159
4499	168
4500	177
4501	186
4502	195
4503	204
4504	213
4505	152
4506	161
4507	170
4508	179
4509	188
4510	197
4511	206
4512	215
4513	224
4514	233
4515	242
4516	251
4517	260
4518	269
4519	208
4520	217
4521	226
4522	235
4523	244
4524	253
4525	262
4526	271
4527	280
4528	289
4529	298
4530	307
4531	316
4532	150
4533	159
4534	168
4535	177
4536	186
4537	195
4538	204
4539	213
4540	152
4541	161
4542	170
4543	179
4544	188
4545	197
4546	206
4547	215
4548	224
4549	233
4550	242
4551	251
4552	260
4553	269
4554	208
4555	217
4556	226
4557	235
4558	244
4559	253
4560	262
4561	271
4562	280
4563	289
4564	298
4565	307
4566	316
4567	150
4568	159
4569	168
4570	177
4571	186
4572	195
4573	204
4574	213
4575	152
4576	161
4577	170
4578	179
4579	188
4580	197
4581	206
4582	215
4583	224
4584	233
4585	242
4586	251
4587	260
4588	269
4589	208
4590	217
4591	226
4592	235
4593	244
4594	253
4595	262
4596	271
4597	280
4598	289
4599	298
4600	307
4601	316
4602	150
4603	159
4604	168
4605	177
4606	186
4607	195
4608	204
4609	213
4610	152
4611	161
4612	170
4613	179
4614	188
4615	197
4616	206
4617	215
4618	224
4619	233
4620	242
4621	251
4622	260
4623	269
4624	208
4625	217
4626	226
4627	235
4628	244
4629	253
4630	262
4631	271
4632	280
4633	289
4634	298
4635	307
4636	316
4637	150
4638	159
4639	168
4640	177
4641	186
4642	195
4643	204
4644	213
4645	152
4646	161
4647	170
4648	179
4649	188
4650	197
4651	206
4652	215
4653	224
4654	233
4655	242
4656	251
4657	260
4658	269
4659	208
4660	217
4661	226
4662	235
4663	244
4664	253
4665	262
4666	271
4667	280
4668	289
4669	298
4670	307
4671	316
4672	150
4673	159
4674	168
4675	177
4676	186
4677	195
4678	204
4679	213
4680	152
4681	161
4682	170
4683	179
4684	188
4685	197
4686	206
4687	215
4688	224
4689	233
4690	242
4691	251
4692	260
4693	269
4694	208
4695	217
4696	226
4697	235
4698	244
4699	253
4700	262
4701	271
4702	280
4703	289
4704	298
4705	307
4706	316
4707	150
4708	159
4709	168
4710	177
4711	186
4712	195
4713	204
4714	213
4715	152
4716	161
4717	170
4718	179
4719	188
4720	197
4721	206
4722	215
4723	224
4724	233
4725	242
4726	251
4727	260
4728	269
4729	208
4730	217
4731	226
4732	235
4733	244
4734	253
4735	262
4736	271
4737	280
4738	289
4739	298
4740	307
4741	316
4742	150
4743	159
4744	168
4745	177
4746	186
4747	195
4748	204
4749	213
4750	152
4751	161
4752	170
4753	179
4754	188
4755	197
4756	206
4757	215
4758	224
4759	233
4760	242
4761	251
4762	260
4763	269
4764	208
4765	217
4766	226
4767	235
4768	244
4769	253
4770	262
4771	271
4772	280
4773	289
4774	298
4775	307
4776	316
4777	150
4778	159
4779	168
4780	177
4781	186
4782	195
4783	204
4784	213
4785	152
4786	161
4787	170
4788	179
4789	188
4790	197
4791	206
4792	215
4793	224
4794	233
4795	242
4796	251
4797	260
4798	269
4799	208
4800	217
4801	226
4802	235
4803	244
4804	253
4805	262
4806	271
4807	280
4808	289
4809	298
4810	307
4811	316
4812	150
4813	159
4814	168
4815	177
4816	186
4817	195
4818	204
4819	213
4820	152
4821	161
4822	170
4823	179
4824	188
4825	197
4826	206
4827	215
4828	224
4829	233
4830	242
4831	251
4832	260
4833	269
4834	208
4835	217
4836	226
4837	235
4838	244
4839	253
4840	262
4841	271
4842	280
4843	289
4844	298
4845	307
4846	316
4847	150
4848	159
4849	168
4850	177
4851	186
4852	195
4853	204
4854	213
4855	152
4856	161
4857	170
4858	179
4859	188
4860	197
4861	206
4862	215
4863	224
4864	233
4865	242
4866	251
4867	260
4868	269
4869	208
4870	217
4871	226
4872	235
4873	244
4874	253
4875	262
4876	271
4877	280
4878	289
4879	298
4880	307
4881	316
4882	150
4883	159
4884	168
4885	177
4886	186
4887	195
4888	204
4889	213
4890	152
4891	161
4892	170
4893	179
4894	188
4895	197
4896	206
4897	215
4898	224
4899	233
4900	242
4901	251
4902	260
4903	269
4904	208
4905	217
4906	226
4907	235
4908	244
4909	253
4910	262
4911	271
4912	280
4913	289
4914	298
4915	307
4916	316
4917	150
4918	159
4919	168
4920	177
4921	186
4922	195
4923	204
4924	213
4925	152
4926	161
4927	170
4928	179
4929	188
4930	197
4931	206
4932	215
4933	224
4934	233
4935	242
4936	251
4937	260
4938	269
4939	208
4940	217
4941	226
4942	235
4943	244
4944	253
4945	262
4946	271
4947	280
4948	289
4949	298
4950	307
4951	316
4952	150
4953	159
4954	168
4955	177
4956	186
4957	195
4958	204
4959	213
4960	152
4961	161
4962	170
4963	179
4964	188
4965	197
4966	206
4967	215
4968	224
4969	233
4970	242
4971	251
4972	260
4973	269
4974	208
4975	217
4976	226
4977	235
4978	244
4979	253
4980	262
4981	271
4982	280
4983	289
4984	298
4985	307
4986	316
4987	150
4988	159
4989	168
4990	177
4991	186
4992	195
4993	204
4994	213
4995	152
4996	161
4997	170
4998	179
4999	188
5000	197
5001	206
5002	215
5003	224
5004	233
5005	242
5006	251
5007	260
5008	269
5009	208
5010	217
5011	226
5012	235
5013	244
5014	253
5015	262
5016	271
5017	280
5018	289
5019	298
5020	307
5021	316
5022	150
5023	159
5024	168
5025	177
5026	186
5027	195
5028	204
5029	213
5030	152
5031	161
5032	170
5033	179
5034	188
5035	197
5036	206
5037	215
5038	224
5039	233
5040	242
5041	251
5042	260
5043	269
5044	208
5045	217
5046	226
5047	235
5048	244
5049	253
5050	262
5051	271
5052	280
5053	289
5054	298
5055	307
5056	316
5057	150
5058	159
5059	168
5060	177
5061	186
5062	195
5063	204
5064	213
5065	152
5066	161
5067	170
5068	179
5069	188
5070	197
5071	206
5072	215
5073	224
5074	233
5075	242
5076	251
5077	260
5078	269
5079	208
5080	217
5081	226
5082	235
5083	244
5084	253
5085	262
5086	271
5087	280
5088	289
5089	298
5090	307
5091	316
5092	150
5093	159
5094	168
5095	177
5096	186
5097	195
5098	204
5099	213
5100	152
5101	161
5102	170
5103	179
5104	188
5105	197
5106	206
5107	215
5108	224
5109	233
5110	242
5111	251
5112	260
5113	269
5114	208
5115	217
5116	226
5117	235
5118	244
5119	253
5120	262
5121	271
5122	280
5123	289
5124	298
5125	307
5126	316
5127	150
5128	159
5129	168
5130	177
5131	186
5132	195
5133	204
5134	213
5135	152
5136	161
5137	170
5138	179
5139	188
5140	197
5141	206
5142	215
5143	224
5144	233
5145	242
5146	251
5147	260
5148	269
5149	208
5150	217
5151	226
5152	235
5153	244
5154	253
5155	262
5156	271
5157	280
5158	289
5159	298
5160	307
5161	316
5162	150
5163	159
5164	168
5165	177
5166	186
5167	195
5168	204
5169	213
5170	152
5171	161
5172	170
5173	179
5174	188
5175	197
5176	206
5177	215
5178	224
5179	233
5180	242
5181	251
5182	260
5183	269
5184	208
5185	217
5186	226
5187	235
5188	244
5189	253
5190	262
5191	271
5192	280
5193	289
5194	298
5195	307
5196	316
5197	150
5198	159
5199	168
5200	177
5201	186
5202	195
5203	204
5204	213
5205	152
5206	161
5207	170
5208	179
5209	188
5210	197
5211	206
5212	215
5213	224
5214	233
5215	242
5216	251
5217	260
5218	269
5219	208
5220	217
5221	226
5222	235
5223	244
5224	253
5225	262
5226	271
5227	280
5228	289
5229	298
5230	307
5231	316
5232	150
5233	159
5234	168
5235	177
5236	186
5237	195
5238	204
5239	213
5240	152
5241	161
5242	170
5243	179
5244	188
5245	197
5246	206
5247	215
5248	224
5249	233
5250	242
5251	251
5252	260
5253	269
5254	208
5255	217
5256	226
5257	235
5258	244
5259	253
5260	262
5261	271
5262	280
5263	289
5264	298
5265	307
5266	316
5267	150
5268	159
5269	168
5270	177
5271	186
5272	195
5273	204
5274	213
5275	152
5276	161
5277	170
5278	179
5279	188
5280	197
5281	206
5282	215
5283	224
5284	233
5285	242
5286	251
5287	260
5288	269
5289	208
5290	217
5291	226
5292	235
5293	244
5294	253
5295	262
5296	271
5297	280
5298	289
5299	298
5300	307
5301	316
5302	150
5303	159
5304	168
5305	177
5306	186
5307	195
5308	204
5309	213
5310	152
5311	161
5312	170
5313	179
5314	188
5315	197
5316	206
5317	215
5318	224
5319	233
5320	242
5321	251
5322	260
5323	269
5324	208
5325	217
5326	226
5327	235
5328	244
5329	253
5330	262
5331	271
5332	280
5333	289
5334	298
5335	307
5336	316
5337	150
5338	159
5339	168
5340	177
5341	186
5342	195
5343	204
5344	213
5345	152
5346	161
5347	170
5348	179
5349	188
5350	197
5351	206
5352	215
5353	224
5354	233
5355	242
5356	251
5357	260
5358	269
5359	208
5360	217
5361	226
5362	235
5363	244
5364	253
5365	262
5366	271
5367	280
5368	289
5369	298
5370	307
5371	316
5372	150
5373	159
5374	168
5375	177
5376	186
5377	195
5378	204
5379	213
5380	152
5381	161
5382	170
5383	179
5384	188
5385	197
5386	206
5387	215
5388	224
5389	233
5390	242
5391	251
5392	260
5393	269
5394	208
5395	217
5396	226
5397	235
5398	244
5399	253
5400	262
5401	271
5402	280
5403	289
5404	298
5405	307
5406	316
5407	150
5408	159
5409	168
5410	177
5411	186
5412	195
5413	204
5414	213
5415	152
5416	161
5417	170
5418	179
5419	188
5420	197
5421	206
5422	215
5423	224
5424	233
5425	242
5426	251
5427	260
5428	269
5429	208
5430	217
5431	226
5432	235
5433	244
5434	253
5435	262
5436	271
5437	280
5438	289
5439	298
5440	307
5441	316
5442	150
5443	159
5444	168
5445	177
5446	186
5447	195
5448	204
5449	213
5450	152
5451	161
5452	170
5453	179
5454	188
5455	197
5456	206
5457	215
5458	224
5459	233
5460	242
5461	251
5462	260
5463	269
5464	208
5465	217
5466	226
5467	235
5468	244
5469	253
5470	262
5471	271
5472	280
5473	289
5474	298
5475	307
5476	316
5477	150
5478	159
5479	168
5480	177
5481	186
5482	195
5483	204
5484	213
5485	152
5486	161
5487	170
5488	179
5489	188
5490	197
5491	206
5492	215
5493	224
5494	233
5495	242
5496	251
5497	260
5498	269
5499	208
5500	217
5501	226
5502	235
5503	244
5504	253
5505	262
5506	271
5507	280
5508	289
5509	298
5510	307
5511	316
5512	150
5513	159
5514	168
5515	177
5516	186
5517	195
5518	204
5519	213
5520	152
5521	161
5522	170
5523	179
5524	188
5525	197
5526	206
5527	215
5528	224
5529	233
5530	242
5531	251
5532	260
5533	269
5534	208
5535	217
5536	226
5537	235
5538	244
5539	253
5540	262
5541	271
5542	280
5543	289
5544	298
5545	307
5546	316
5547	150
5548	159
5549	168
5550	177
5551	186
5552	195
5553	204
5554	213
5555	152
5556	161
5557	170
5558	179
5559	188
5560	197
5561	206
5562	215
5563	224
5564	233
5565	242
5566	251
5567	260
5568	269
5569	208
5570	217
5571	226
5572	235
5573	244
5574	253
5575	262
5576	271
5577	280
5578	289
5579	298
5580	307
5581	316
5582	150
5583	159
5584	168
5585	177
5586	186
5587	195
5588	204
5589	213
5590	152
5591	161
5592	170
5593	179
5594	188
5595	197
5596	206
5597	215
5598	224
5599	233
5600	242
5601	251
5602	260
5603	269
5604	208
5605	217
5606	226
5607	235
5608	244
5609	253
5610	262
5611	271
5612	280
5613	289
5614	298
5615	307
5616	316
5617	150
5618	159
5619	168
5620	177
5621	186
5622	195
5623	204
5624	213
5625	152
5626	161
5627	170
5628	179
5629	188
5630	197
5631	206
5632	215
5633	224
5634	233
5635	242
5636	251
5637	260
5638	269
5639	208
5640	217
5641	226
5642	235
5643	244
5644	253
5645	262
5646	271
5647	280
5648	289
5649	298
5650	307
5651	316
5652	150
5653	159
5654	168
5655	177
5656	186
5657	195
5658	204
5659	213
5660	152
5661	161
5662	170
5663	179
5664	188
5665	197
5666	206
5667	215
5668	224
5669	233
5670	242
5671	251
5672	260
5673	269
5674	208
5675	217
5676	226
5677	235
5678	244
5679	253
5680	262
5681	271
5682	280
5683	289
5684	298
5685	307
5686	316
5687	150
5688	159
5689	168
5690	177
5691	186
5692	195
5693	204
5694	213
5695	152
5696	161
5697	170
5698	179
5699	188
5700	197
5701	206
5702	215
5703	224
5704	233
5705	242
5706	251
5707	260
5708	269
5709	208
5710	217
5711	226
5712	235
5713	244
5714	253
5715	262
5716	271
5717	280
5718	289
5719	298
5720	307
5721	316
5722	150
5723	159
5724	168
5725	177
5726	186
5727	195
5728	204
5729	213
5730	152
5731	161
5732	170
5733	179
5734	188
5735	197
5736	206
5737	215
5738	224
5739	233
5740	242
5741	251
5742	260
5743	269
5744	208
5745	217
5746	226
5747	235
5748	244
5749	253
5750	262
5751	271
5752	280
5753	289
5754	298
5755	307
5756	316
5757	150
5758	159
5759	168
5760	177
5761	186
5762	195
5763	204
5764	213
5765	152
5766	161
5767	170
5768	179
5769	188
5770	197
5771	206
5772	215
5773	224
5774	233
5775	242
5776	251
5777	260
5778	269
5779	208
5780	217
5781	226
5782	235
5783	244
5784	253
5785	262
5786	271
5787	280
5788	289
5789	298
5790	307
5791	316
5792	150
5793	159
5794	168
5795	177
5796	186
5797	195
5798	204
5799	213
5800	152
5801	161
5802	170
5803	179
5804	188
5805	197
5806	206
5807	215
5808	224
5809	233
5810	242
5811	251
5812	260
5813	269
5814	208
5815	217
5816	226
5817	235
5818	244
5819	253
5820	262
5821	271
5822	280
5823	289
5824	298
5825	307
5826	316
5827	150
5828	159
5829	168
5830	177
5831	186
5832	195
5833	204
5834	213
5835	152
5836	161
5837	170
5838	179
5839	188
5840	197
5841	206
5842	215
5843	224
5844	233
5845	242
5846	251
5847	260
5848	269
5849	208
5850	217
5851	226
5852	235
5853	244
5854	253
5855	262
5856	271
5857	280
5858	289
5859	298
5860	307
5861	316
5862	150
5863	159
5864	168
5865	177
5866	186
5867	195
5868	204
5869	213
5870	152
5871	161
5872	170
5873	179
5874	188
5875	197
5876	206
5877	215
5878	224
5879	233
5880	242
5881	251
5882	260
5883	269
5884	208
5885	217
5886	226
5887	235
5888	244
5889	253
5890	262
5891	271
5892	280
5893	289
5894	298
5895	307
5896	316
5897	150
5898	159
5899	168
5900	177
5901	186
5902	195
5903	204
5904	213
5905	152
5906	161
5907	170
5908	179
5909	188
5910	197
5911	206
5912	215
5913	224
5914	233
5915	242
5916	251
5917	260
5918	269
5919	208
5920	217
5921	226
5922	235
5923	244
5924	253
5925	262
5926	271
5927	280
5928	289
5929	298
5930	307
5931	316
5932	150
5933	159
5934	168
5935	177
5936	186
5937	195
5938	204
5939	213
5940	152
5941	161
5942	170
5943	179
5944	188
5945	197
5946	206
5947	215
5948	224
5949	233
5950	242
5951	251
5952	260
5953	269
5954	208
5955	217
5956	226
5957	235
5958	244
5959	253
5960	262
5961	271
5962	280
5963	289
5964	298
5965	307
5966	316
5967	150
5968	159
5969	168
5970	177
5971	186
5972	195
5973	204
5974	213
5975	152
5976	161
5977	170
5978	179
5979	188
5980	197
5981	206
5982	215
5983	224
5984	233
5985	242
5986	251
5987	260
5988	269
5989	208
5990	217
5991	226
5992	235
5993	244
5994	253
5995	262
5996	271
5997	280
5998	289
5999	298
6000	307
6001	316
6002	150
6003	159
6004	168
6005	177
6006	186
6007	195
6008	204
6009	213
6010	152
6011	161
6012	170
6013	179
6014	188
6015	197
6016	206
6017	215
6018	224
6019	233
6020	242
6021	251
6022	260
6023	269
6024	208
6025	217
6026	226
6027	235
6028	244
6029	253
6030	262
6031	271
6032	280
6033	289
6034	298
6035	307
6036	316
6037	150
6038	159
6039	168
6040	177
6041	186
6042	195
6043	204
6044	213
6045	152
6046	161
6047	170
6048	179
6049	188
6050	197
6051	206
6052	215
6053	224
6054	233
6055	242
6056	251
6057	260
6058	269
6059	208
6060	217
6061	226
6062	235
6063	244
6064	253
6065	262
6066	271
6067	280
6068	289
6069	298
6070	307
6071	316
6072	150
6073	159
6074	168
6075	177
6076	186
6077	195
6078	204
6079	213
6080	152
6081	161
6082	170
6083	179
6084	188
6085	197
6086	206
6087	215
6088	224
6089	233
6090	242
6091	251
6092	260
6093	269
6094	208
6095	217
6096	226
6097	235
6098	244
6099	253
6100	262
6101	271
6102	280
6103	289
6104	298
6105	307
6106	316
6107	150
6108	159
6109	168
6110	177
6111	186
6112	195
6113	204
6114	213
6115	152
6116	161
6117	170
6118	179
6119	188
6120	197
6121	206
6122	215
6123	224
6124	233
6125	242
6126	251
6127	260
6128	269
6129	208
6130	217
6131	226
6132	235
6133	244
6134	253
6135	262
6136	271
6137	280
6138	289
6139	298
6140	307
6141	316
6142	150
6143	159
6144	168
6145	177
6146	186
6147	195
6148	204
6149	213
6150	152
6151	161
6152	170
6153	179
6154	188
6155	197
6156	206
6157	215
6158	224
6159	233
6160	242
6161	251
6162	260
6163	269
6164	208
6165	217
6166	226
6167	235
6168	244
6169	253
6170	262
6171	271
6172	280
6173	289
6174	298
6175	307
6176	316
6177	150
6178	159
6179	168
6180	177
6181	186
6182	195
6183	204
6184	213
6185	152
6186	161
6187	170
6188	179
6189	188
6190	197
6191	206
6192	215
6193	224
6194	233
6195	242
6196	251
6197	260
6198	269
6199	208
6200	217
6201	226
6202	235
6203	244
6204	253
6205	262
6206	271
6207	280
6208	289
6209	298
6210	307
6211	316
6212	150
6213	159
6214	168
6215	177
6216	186
6217	195
6218	204
6219	213
6220	152
6221	161
6222	170
6223	179
6224	188
6225	197
6226	206
6227	215
6228	224
6229	233
6230	242
6231	251
6232	260
6233	269
6234	208
6235	217
6236	226
6237	235
6238	244
6239	253
6240	262
6241	271
6242	280
6243	289
6244	298
6245	307
6246	316
6247	150
6248	159
6249	168
6250	177
6251	186
6252	195
6253	204
6254	213
6255	152
6256	161
6257	170
6258	179
6259	188
6260	197
6261	206
6262	215
6263	224
6264	233
6265	242
6266	251
6267	260
6268	269
6269	208
6270	217
6271	226
6272	235
6273	244
6274	253
6275	262
6276	271
6277	280
6278	289
6279	298
6280	307
6281	316
6282	150
6283	159
6284	168
6285	177
6286	186
6287	195
6288	204
6289	213
6290	152
6291	161
6292	170
6293	179
6294	188
6295	197
6296	206
6297	215
6298	224
6299	233
6300	242
6301	251
6302	260
6303	269
6304	208
6305	217
6306	226
6307	235
6308	244
6309	253
6310	262
6311	271
6312	280
6313	289
6314	298
6315	307
6316	316
6317	150
6318	159
6319	168
6320	177
6321	186
6322	195
6323	204
6324	213
6325	152
6326	161
6327	170
6328	179
6329	188
6330	197
6331	206
6332	215
6333	224
6334	233
6335	242
6336	251
6337	260
6338	269
6339	208
6340	217
6341	226
6342	235
6343	244
6344	253
6345	262
6346	271
6347	280
6348	289
6349	298
6350	307
6351	316
6352	150
6353	159
6354	168
6355	177
6356	186
6357	195
6358	204
6359	213
6360	152
6361	161
6362	170
6363	179
6364	188
6365	197
6366	206
6367	215
6368	224
6369	233
6370	242
6371	251
6372	260
6373	269
6374	208
6375	217
6376	226
6377	235
6378	244
6379	253
6380	262
6381	271
6382	280
6383	289
6384	298
6385	307
6386	316
6387	150
6388	159
6389	168
6390	177
6391	186
6392	195
6393	204
6394	213
6395	152
6396	161
6397	170
6398	179
6399	188
6400	197
6401	206
6402	215
6403	224
6404	233
6405	242
6406	251
6407	260
6408	269
6409	208
6410	217
6411	226
6412	235
6413	244
6414	253
6415	262
6416	271
6417	280
6418	289
6419	298
6420	307
6421	316
6422	150
6423	159
6424	168
6425	177
6426	186
6427	195
6428	204
6429	213
6430	152
6431	161
6432	170
6433	179
6434	188
6435	197
6436	206
6437	215
6438	224
6439	233
6440	242
6441	251
6442	260
6443	269
6444	208
6445	217
6446	226
6447	235
6448	244
6449	253
6450	262
6451	271
6452	280
6453	289
6454	298
6455	307
6456	316
6457	150
6458	159
6459	168
6460	177
6461	186
6462	195
6463	204
6464	213
6465	152
6466	161
6467	170
6468	179
6469	188
6470	197
6471	206
6472	215
6473	224
6474	233
6475	242
6476	251
6477	260
6478	269
6479	208
6480	217
6481	226
6482	235
6483	244
6484	253
6485	262
6486	271
6487	280
6488	289
6489	298
6490	307
6491	316
6492	150
6493	159
6494	168
6495	177
6496	186
6497	195
6498	204
6499	213
6500	152
6501	161
6502	170
6503	179
6504	188
6505	197
6506	206
6507	215
6508	224
6509	233
6510	242
6511	251
6512	260
6513	269
6514	208
6515	217
6516	226
6517	235
6518	244
6519	253
6520	262
6521	271
6522	280
6523	289
6524	298
6525	307
6526	316
6527	150
6528	159
6529	168
6530	177
6531	186
6532	195
6533	204
6534	213
6535	152
6536	161
6537	170
6538	179
6539	188
6540	197
6541	206
6542	215
6543	224
6544	233
6545	242
6546	251
6547	260
6548	269
6549	208
6550	217
6551	226
6552	235
6553	244
6554	253
6555	262
6556	271
6557	280
6558	289
6559	298
6560	307
6561	316
6562	150
6563	159
6564	168
6565	177
6566	186
6567	195
6568	204
6569	213
6570	152
6571	161
6572	170
6573	179
6574	188
6575	197
6576	206
6577	215
6578	224
6579	233
6580	242
6581	251
6582	260
6583	269
6584	208
6585	217
6586	226
6587	235
6588	244
6589	253
6590	262
6591	271
6592	280
6593	289
6594	298
6595	307
6596	316
6597	150
6598	159
6599	168
6600	177
6601	186
6602	195
6603	204
6604	213
6605	152
6606	161
6607	170
6608	179
6609	188
6610	197
6611	206
6612	215
6613	224
6614	233
6615	242
6616	251
6617	260
6618	269
6619	208
6620	217
6621	226
6622	235
6623	244
6624	253
6625	262
6626	271
6627	280
6628	289
6629	298
6630	307
6631	316
6632	150
6633	159
6634	168
6635	177
6636	186
6637	195
6638	204
6639	213
6640	152
6641	161
6642	170
6643	179
6644	188
6645	197
6646	206
6647	215
6648	224
6649	233
6650	242
6651	251
6652	260
6653	269
6654	208
6655	217
6656	226
6657	235
6658	244
6659	253
6660	262
6661	271
6662	280
6663	289
6664	298
6665	307
6666	316
6667	150
6668	159
6669	168
6670	177
6671	186
6672	195
6673	204
6674	213
6675	152
6676	161
6677	170
6678	179
6679	188
6680	197
6681	206
6682	215
6683	224
6684	233
6685	242
6686	251
6687	260
6688	269
6689	208
6690	217
6691	226
6692	235
6693	244
6694	253
6695	262
6696	271
6697	280
6698	289
6699	298
6700	307
6701	316
6702	150
6703	159
6704	168
6705	177
6706	186
6707	195
6708	204
6709	213
6710	152
6711	161
6712	170
6713	179
6714	188
6715	197
6716	206
6717	215
6718	224
6719	233
6720	242
6721	251
6722	260
6723	269
6724	208
6725	217
6726	226
6727	235
6728	244
6729	253
6730	262
6731	271
6732	280
6733	289
6734	298
6735	307
6736	316
6737	150
6738	159
6739	168
6740	177
6741	186
6742	195
6743	204
6744	213
6745	152
6746	161
6747	170
6748	179
6749	188
6750	197
6751	206
6752	215
6753	224
6754	233
6755	242
6756	251
6757	260
6758	269
6759	208
6760	217
6761	226
6762	235
6763	244
6764	253
6765	262
6766	271
6767	280
6768	289
6769	298
6770	307
6771	316
6772	150
6773	159
6774	168
6775	177
6776	186
6777	195
6778	204
6779	213
6780	152
6781	161
6782	170
6783	179
6784	188
6785	197
6786	206
6787	215
6788	224
6789	233
6790	242
6791	251
6792	260
6793	269
6794	208
6795	217
6796	226
6797	235
6798	244
6799	253
6800	262
6801	271
6802	280
6803	289
6804	298
6805	307
6806	316
6807	150
6808	159
6809	168
6810	177
6811	186
6812	195
6813	204
6814	213
6815	152
6816	161
6817	170
6818	179
6819	188
6820	197
6821	206
6822	215
6823	224
6824	233
6825	242
6826	251
6827	260
6828	269
6829	208
6830	217
6831	226
6832	235
6833	244
6834	253
6835	262
6836	271
6837	280
6838	289
6839	298
6840	307
6841	316
6842	150
6843	159
6844	168
6845	177
6846	186
6847	195
6848	204
6849	213
6850	152
6851	161
6852	170
6853	179
6854	188
6855	197
6856	206
6857	215
6858	224
6859	233
6860	242
6861	251
6862	260
6863	269
6864	208
6865	217
6866	226
6867	235
6868	244
6869	253
6870	262
6871	271
6872	280
6873	289
6874	298
6875	307
6876	316
6877	150
6878	159
6879	168
6880	177
6881	186
6882	195
6883	204
6884	213
6885	152
6886	161
6887	170
6888	179
6889	188
6890	197
6891	206
6892	215
6893	224
6894	233
6895	242
6896	251
6897	260
6898	269
6899	208
6900	217
6901	226
6902	235
6903	244
6904	253
6905	262
6906	271
6907	280
6908	289
6909	298
6910	307
6911	316
6912	150
6913	159
6914	168
6915	177
6916	186
6917	195
6918	204
6919	213
6920	152
6921	161
6922	170
6923	179
6924	188
6925	197
6926	206
6927	215
6928	224
6929	233
6930	242
6931	251
6932	260
6933	269
6934	208
6935	217
6936	226
6937	235
6938	244
6939	253
6940	262
6941	271
6942	280
6943	289
6944	298
6945	307
6946	316
6947	150
6948	159
6949	168
6950	177
6951	186
6952	195
6953	204
6954	213
6955	152
6956	161
6957	170
6958	179
6959	188
6960	197
6961	206
6962	215
6963	224
6964	233
6965	242
6966	251
6967	260
6968	269
6969	208
6970	217
6971	226
6972	235
6973	244
6974	253
6975	262
6976	271
6977	280
6978	289
6979	298
6980	307
6981	316
6982	150
6983	159
6984	168
6985	177
6986	186
6987	195
6988	204
6989	213
6990	152
6991	161
6992	170
6993	179
6994	188
6995	197
6996	206
6997	215
6998	224
6999	233
7000	242
7001	251
7002	260
7003	269
7004	208
7005	217
7006	226
7007	235
7008	244
7009	253
7010	262
7011	271
7012	280
7013	289
7014	298
7015	307
7016	316
7017	150
7018	159
7019	168
7020	177
7021	186
7022	195
7023	204
7024	213
7025	152
7026	161
7027	170
7028	179
7029	188
7030	197
7031	206
7032	215
7033	224
7034	233
7035	242
7036	251
7037	260
7038	269
7039	208
7040	217
7041	226
7042	235
7043	244
7044	253
7045	262
7046	271
7047	280
7048	289
7049	298
7050	307
7051	316
7052	150
7053	159
7054	168
7055	177
7056	186
7057	195
7058	204
7059	213
7060	152
7061	161
7062	170
7063	179
7064	188
7065	197
7066	206
7067	215
7068	224
7069	233
7070	242
7071	251
7072	260
7073	269
7074	208
7075	217
7076	226
7077	235
7078	244
7079	253
7080	262
7081	271
7082	280
7083	289
7084	298
7085	307
7086	316
7087	150
7088	159
7089	168
7090	177
7091	186
7092	195
7093	204
7094	213
7095	152
7096	161
7097	170
7098	179
7099	188
7100	197
7101	206
7102	215
7103	224
7104	233
7105	242
7106	251
7107	260
7108	269
7109	208
7110	217
7111	226
7112	235
7113	244
7114	253
7115	262
7116	271
7117	280
7118	289
7119	298
7120	307
7121	316
7122	150
7123	159
7124	168
7125	177
7126	186
7127	195
7128	204
7129	213
7130	152
7131	161
7132	170
7133	179
7134	188
7135	197
7136	206
7137	215
7138	224
7139	233
7140	242
7141	251
7142	260
7143	269
7144	208
7145	217
7146	226
7147	235
7148	244
7149	253
7150	262
7151	271
7152	280
7153	289
7154	298
7155	307
7156	316
7157	150
7158	159
7159	168
7160	177
7161	186
7162	195
7163	204
7164	213
7165	152
7166	161
7167	170
7168	179
7169	188
7170	197
7171	206
7172	215
7173	224
7174	233
7175	242
7176	251
7177	260
7178	269
7179	208
7180	217
7181	226
7182	235
7183	244
7184	253
7185	262
7186	271
7187	280
7188	289
7189	298
7190	307
7191	316
7192	150
7193	159
7194	168
7195	177
7196	186
7197	195
7198	204
7199	213
7200	152
7201	161
7202	170
7203	179
7204	188
7205	197
7206	206
7207	215
7208	224
7209	233
7210	242
7211	251
7212	260
7213	269
7214	208
7215	217
7216	226
7217	235
7218	244
7219	253
7220	262
7221	271
7222	280
7223	289
7224	298
7225	307
7226	316
7227	150
7228	159
7229	168
7230	177
7231	186
7232	195
7233	204
7234	213
7235	152
7236	161
7237	170
7238	179
7239	188
7240	197
7241	206
7242	215
7243	224
7244	233
7245	242
7246	251
7247	260
7248	269
7249	208
7250	217
7251	226
7252	235
7253	244
7254	253
7255	262
7256	271
7257	280
7258	289
7259	298
7260	307
7261	316
7262	150
7263	159
7264	168
7265	177
7266	186
7267	195
7268	204
7269	213
7270	152
7271	161
7272	170
7273	179
7274	188
7275	197
7276	206
7277	215
7278	224
7279	233
7280	242
7281	251
7282	260
7283	269
7284	208
7285	217
7286	226
7287	235
7288	244
7289	253
7290	262
7291	271
7292	280
7293	289
7294	298
7295	307
7296	316
7297	150
7298	159
7299	168
7300	177
7301	186
7302	195
7303	204
7304	213
7305	152
7306	161
7307	170
7308	179
7309	188
7310	197
7311	206
7312	215
7313	224
7314	233
7315	242
7316	251
7317	260
7318	269
7319	208
7320	217
7321	226
7322	235
7323	244
7324	253
7325	262
7326	271
7327	280
7328	289
7329	298
7330	307
7331	316
7332	150
7333	159
7334	168
7335	177
7336	186
7337	195
7338	204
7339	213
7340	152
7341	161
7342	170
7343	179
7344	188
7345	197
7346	206
7347	215
7348	224
7349	233
7350	242
7351	251
7352	260
7353	269
7354	208
7355	217
7356	226
7357	235
7358	244
7359	253
7360	262
7361	271
7362	280
7363	289
7364	298
7365	307
7366	316
7367	150
7368	159
7369	168
7370	177
7371	186
7372	195
7373	204
7374	213
7375	152
7376	161
7377	170
7378	179
7379	188
7380	197
7381	206
7382	215
7383	224
7384	233
7385	242
7386	251
7387	260
7388	269
7389	208
7390	217
7391	226
7392	235
7393	244
7394	253
7395	262
7396	271
7397	280
7398	289
7399	298
7400	307
7401	316
7402	150
7403	159
7404	168
7405	177
7406	186
7407	195
7408	204
7409	213
7410	152
7411	161
7412	170
7413	179
7414	188
7415	197
7416	206
7417	215
7418	224
7419	233
7420	242
7421	251
7422	260
7423	269
7424	208
7425	217
7426	226
7427	235
7428	244
7429	253
7430	262
7431	271
7432	280
7433	289
7434	298
7435	307
7436	316
7437	150
7438	159
7439	168
7440	177
7441	186
7442	195
7443	204
7444	213
7445	152
7446	161
7447	170
7448	179
7449	188
7450	197
7451	206
7452	215
7453	224
7454	233
7455	242
7456	251
7457	260
7458	269
7459	208
7460	217
7461	226
7462	235
7463	244
7464	253
7465	262
7466	271
7467	280
7468	289
7469	298
7470	307
7471	316
7472	150
7473	159
7474	168
7475	177
7476	186
7477	195
7478	204
7479	213
7480	152
7481	161
7482	170
7483	179
7484	188
7485	197
7486	206
7487	215
7488	224
7489	233
7490	242
7491	251
7492	260
7493	269
7494	208
7495	217
7496	226
7497	235
7498	244
7499	253
7500	262
7501	271
7502	280
7503	289
7504	298
7505	307
7506	316
7507	150
7508	159
7509	168
7510	177
7511	186
7512	195
7513	204
7514	213
7515	152
7516	161
7517	170
7518	179
7519	188
7520	197
7521	206
7522	215
7523	224
7524	233
7525	242
7526	251
7527	260
7528	269
7529	208
7530	217
7531	226
7532	235
7533	244
7534	253
7535	262
7536	271
7537	280
7538	289
7539	298
7540	307
7541	316
7542	150
7543	159
7544	168
7545	177
7546	186
7547	195
7548	204
7549	213
7550	152
7551	161
7552	170
7553	179
7554	188
7555	197
7556	206
7557	215
7558	224
7559	233
7560	242
7561	251
7562	260
7563	269
7564	208
7565	217
7566	226
7567	235
7568	244
7569	253
7570	262
7571	271
7572	280
7573	289
7574	298
7575	307
7576	316
7577	150
7578	159
7579	168
7580	177
7581	186
7582	195
7583	204
7584	213
7585	152
7586	161
7587	170
7588	179
7589	188
7590	197
7591	206
7592	215
7593	224
7594	233
7595	242
7596	251
7597	260
7598	269
7599	208
7600	217
7601	226
7602	235
7603	244
7604	253
7605	262
7606	271
7607	280
7608	289
7609	298
7610	307
7611	316
7612	150
7613	159
7614	168
7615	177
7616	186
7617	195
7618	204
7619	213
7620	152
7621	161
7622	170
7623	179
7624	188
7625	197
7626	206
7627	215
7628	224
7629	233
7630	242
7631	251
7632	260
7633	269
7634	208
7635	217
7636	226
7637	235
7638	244
7639	253
7640	262
7641	271
7642	280
7643	289
7644	298
7645	307
7646	316
7647	150
7648	159
7649	168
7650	177
7651	186
7652	195
7653	204
7654	213
7655	152
7656	161
7657	170
7658	179
7659	188
7660	197
7661	206
7662	215
7663	224
7664	233
7665	242
7666	251
7667	260
7668	269
7669	208
7670	217
7671	226
7672	235
7673	244
7674	253
7675	262
7676	271
7677	280
7678	289
7679	298
7680	307
7681	316
7682	150
7683	159
7684	168
7685	177
7686	186
7687	195
7688	204
7689	213
7690	152
7691	161
7692	170
7693	179
7694	188
7695	197
7696	206
7697	215
7698	224
7699	233
7700	242
7701	251
7702	260
7703	269
7704	208
7705	217
7706	226
7707	235
7708	244
7709	253
7710	262
7711	271
7712	280
7713	289
7714	298
7715	307
7716	316
7717	150
7718	159
7719	168
7720	177
7721	186
7722	195
7723	204
7724	213
7725	152
7726	161
7727	170
7728	179
7729	188
7730	197
7731	206
7732	215
7733	224
7734	233
7735	242
7736	251
7737	260
7738	269
7739	208
7740	217
7741	226
7742	235
7743	244
7744	253
7745	262
7746	271
7747	280
7748	289
7749	298
7750	307
7751	316
7752	150
7753	159
7754	168
7755	177
7756	186
7757	195
7758	204
7759	213
7760	152
7761	161
7762	170
7763	179
7764	188
7765	197
7766	206
7767	215
7768	224
7769	233
7770	242
7771	251
7772	260
7773	269
7774	208
7775	217
7776	226
7777	235
7778	244
7779	253
7780	262
7781	271
7782	280
7783	289
7784	298
7785	307
7786	316
7787	150
7788	159
7789	168
7790	177
7791	186
7792	195
7793	204
7794	213
7795	152
7796	161
7797	170
7798	179
7799	188
7800	197
7801	206
7802	215
7803	224
7804	233
7805	242
7806	251
7807	260
7808	269
7809	208
7810	217
7811	226
7812	235
7813	244
7814	253
7815	262
7816	271
7817	280
7818	289
7819	298
7820	307
7821	316
7822	150
7823	159
7824	168
7825	177
7826	186
7827	195
7828	204
7829	213
7830	152
7831	161
7832	170
7833	179
7834	188
7835	197
7836	206
7837	215
7838	224
7839	233
7840	242
7841	251
7842	260
7843	269
7844	208
7845	217
7846	226
7847	235
7848	244
7849	253
7850	262
7851	271
7852	280
7853	289
7854	298
7855	307
7856	316
7857	150
7858	159
7859	168
7860	177
7861	186
7862	195
7863	204
7864	213
7865	152
7866	161
7867	170
7868	179
7869	188
7870	197
7871	206
7872	215
7873	224
7874	233
7875	242
7876	251
7877	260
7878	269
7879	208
7880	217
7881	226
7882	235
7883	244
7884	253
7885	262
7886	271
7887	280
7888	289
7889	298
7890	307
7891	316
7892	150
7893	159
7894	168
7895	177
7896	186
7897	195
7898	204
7899	213
7900	152
7901	161
7902	170
7903	179
7904	188
7905	197
7906	206
7907	215
7908	224
7909	233
7910	242
7911	251
7912	260
7913	269
7914	208
7915	217
7916	226
7917	235
7918	244
7919	253
7920	262
7921	271
7922	280
7923	289
7924	298
7925	307
7926	316
7927	150
7928	159
7929	168
7930	177
7931	186
7932	195
7933	204
7934	213
7935	152
7936	161
7937	170
7938	179
7939	188
7940	197
7941	206
7942	215
7943	224
7944	233
7945	242
7946	251
7947	260
7948	269
7949	208
7950	217
7951	226
7952	235
7953	244
7954	253
7955	262
7956	271
7957	280
7958	289
7959	298
7960	307
7961	316
7962	150
7963	159
7964	168
7965	177
7966	186
7967	195
7968	204
7969	213
7970	152
7971	161
7972	170
7973	179
7974	188
7975	197
7976	206
7977	215
7978	224
7979	233
7980	242
7981	251
7982	260
7983	269
7984	208
7985	217
7986	226
7987	235
7988	244
7989	253
7990	262
7991	271
7992	280
7993	289
7994	298
7995	307
7996	316
7997	150
7998	159
7999	168
8000	177
8001	186
8002	195
8003	204
8004	213
8005	152
8006	161
8007	170
8008	179
8009	188
8010	197
8011	206
8012	215
8013	224
8014	233
8015	242
8016	251
8017	260
8018	269
8019	208
8020	217
8021	226
8022	235
8023	244
8024	253
8025	262
8026	271
8027	280
8028	289
8029	298
8030	307
8031	316
8032	150
8033	159
8034	168
8035	177
8036	186
8037	195
8038	204
8039	213
8040	152
8041	161
8042	170
8043	179
8044	188
8045	197
8046	206
8047	215
8048	224
8049	233
8050	242
8051	251
8052	260
8053	269
8054	208
8055	217
8056	226
8057	235
8058	244
8059	253
8060	262
8061	271
8062	280
8063	289
8064	298
8065	307
8066	316
8067	150
8068	159
8069	168
8070	177
8071	186
8072	195
8073	204
8074	213
8075	152
8076	161
8077	170
8078	179
8079	188
8080	197
8081	206
8082	215
8083	224
8084	233
8085	242
8086	251
8087	260
8088	269
8089	208
8090	217
8091	226
8092	235
8093	244
8094	253
8095	262
8096	271
8097	280
8098	289
8099	298
8100	307
8101	316
8102	150
8103	159
8104	168
8105	177
8106	186
8107	195
8108	204
8109	213
8110	152
8111	161
8112	170
8113	179
8114	188
8115	197
8116	206
8117	215
8118	224
8119	233
8120	242
8121	251
8122	260
8123	269
8124	208
8125	217
8126	226
8127	235
8128	244
8129	253
8130	262
8131	271
8132	280
8133	289
8134	298
8135	307
8136	316
8137	150
8138	159
8139	168
8140	177
8141	186
8142	195
8143	204
8144	213
8145	152
8146	161
8147	170
8148	179
8149	188
8150	197
8151	206
8152	215
8153	224
8154	233
8155	242
8156	251
8157	260
8158	269
8159	208
8160	217
8161	226
8162	235
8163	244
8164	253
8165	262
8166	271
8167	280
8168	289
8169	298
8170	307
8171	316
8172	150
8173	159
8174	168
8175	177
8176	186
8177	195
8178	204
8179	213
8180	152
8181	161
8182	170
8183	179
8184	188
8185	197
8186	206
8187	215
8188	224
8189	233
8190	242
8191	251
8192	260
8193	269
8194	208
8195	217
8196	226
8197	235
8198	244
8199	253
8200	262
8201	271
8202	280
8203	289
8204	298
8205	307
8206	316
8207	150
8208	159
8209	168
8210	177
8211	186
8212	195
8213	204
8214	213
8215	152
8216	161
8217	170
8218	179
8219	188
8220	197
8221	206
8222	215
8223	224
8224	233
8225	242
8226	251
8227	260
8228	269
8229	208
8230	217
8231	226
8232	235
8233	244
8234	253
8235	262
8236	271
8237	280
8238	289
8239	298
8240	307
8241	316
8242	150
8243	159
8244	168
8245	177
8246	186
8247	195
8248	204
8249	213
8250	152
8251	161
8252	170
8253	179
8254	188
8255	197
8256	206
8257	215
8258	224
8259	233
8260	242
8261	251
8262	260
8263	269
8264	208
8265	217
8266	226
8267	235
8268	244
8269	253
8270	262
8271	271
8272	280
8273	289
8274	298
8275	307
8276	316
8277	150
8278	159
8279	168
8280	177
8281	186
8282	195
8283	204
8284	213
8285	152
8286	161
8287	170
8288	179
8289	188
8290	197
8291	206
8292	215
8293	224
8294	233
8295	242
8296	251
8297	260
8298	269
8299	208
8300	217
8301	226
8302	235
8303	244
8304	253
8305	262
8306	271
8307	280
8308	289
8309	298
8310	307
8311	316
8312	150
8313	159
8314	168
8315	177
8316	186
8317	195
8318	204
8319	213
8320	152
8321	161
8322	170
8323	179
8324	188
8325	197
8326	206
8327	215
8328	224
8329	233
8330	242
8331	251
8332	260
8333	269
8334	208
8335	217
8336	226
8337	235
8338	244
8339	253
8340	262
8341	271
8342	280
8343	289
8344	298
8345	307
8346	316
8347	150
8348	159
8349	168
8350	177
8351	186
8352	195
8353	204
8354	213
8355	152
8356	161
8357	170
8358	179
8359	188
8360	197
8361	206
8362	215
8363	224
8364	233
8365	242
8366	251
8367	260
8368	269
8369	208
8370	217
8371	226
8372	235
8373	244
8374	253
8375	262
8376	271
8377	280
8378	289
8379	298
8380	307
8381	316
8382	150
8383	159
8384	168
8385	177
8386	186
8387	195
8388	204
8389	213
8390	152
8391	161
8392	170
8393	179
8394	188
8395	197
8396	206
8397	215
8398	224
8399	233
8400	242
8401	251
8402	260
8403	269
8404	208
8405	217
8406	226
8407	235
8408	244
8409	253
8410	262
8411	271
8412	280
8413	289
8414	298
8415	307
8416	316
8417	150
8418	159
8419	168
8420	177
8421	186
8422	195
8423	204
8424	213
8425	152
8426	161
8427	170
8428	179
8429	188
8430	197
8431	206
8432	215
8433	224
8434	233
8435	242
8436	251
8437	260
8438	269
8439	208
8440	217
8441	226
8442	235
8443	244
8444	253
8445	262
8446	271
8447	280
8448	289
8449	298
8450	307
8451	316
8452	150
8453	159
8454	168
8455	177
8456	186
8457	195
8458	204
8459	213
8460	152
8461	161
8462	170
8463	179
8464	188
8465	197
8466	206
8467	215
8468	224
8469	233
8470	242
8471	251
8472	260
8473	269
8474	208
8475	217
8476	226
8477	235
8478	244
8479	253
8480	262
8481	271
8482	280
8483	289
8484	298
8485	307
8486	316
8487	150
8488	159
8489	168
8490	177
8491	186
8492	195
8493	204
8494	213
8495	152
8496	161
8497	170
8498	179
8499	188
8500	197
8501	206
8502	215
8503	224
8504	233
8505	242
8506	251
8507	260
8508	269
8509	208
8510	217
8511	226
8512	235
8513	244
8514	253
8515	262
8516	271
8517	280
8518	289
8519	298
8520	307
8521	316
8522	150
8523	159
8524	168
8525	177
8526	186
8527	195
8528	204
8529	213
8530	152
8531	161
8532	170
8533	179
8534	188
8535	197
8536	206
8537	215
8538	224
8539	233
8540	242
8541	251
8542	260
8543	269
8544	208
8545	217
8546	226
8547	235
8548	244
8549	253
8550	262
8551	271
8552	280
8553	289
8554	298
8555	307
8556	316
8557	150
8558	159
8559	168
8560	177
8561	186
8562	195
8563	204
8564	213
8565	152
8566	161
8567	170
8568	179
8569	188
8570	197
8571	206
8572	215
8573	224
8574	233
8575	242
8576	251
8577	260
8578	269
8579	208
8580	217
8581	226
8582	235
8583	244
8584	253
8585	262
8586	271
8587	280
8588	289
8589	298
8590	307
8591	316
8592	150
8593	159
8594	168
8595	177
8596	186
8597	195
8598	204
8599	213
8600	152
8601	161
8602	170
8603	179
8604	188
8605	197
8606	206
8607	215
8608	224
8609	233
8610	242
8611	251
8612	260
8613	269
8614	208
8615	217
8616	226
8617	235
8618	244
8619	253
8620	262
8621	271
8622	280
8623	289
8624	298
8625	307
8626	316
8627	150
8628	159
8629	168
8630	177
8631	186
8632	195
8633	204
8634	213
8635	152
8636	161
8637	170
8638	179
8639	188
8640	197
8641	206
8642	215
8643	224
8644	233
8645	242
8646	251
8647	260
8648	269
8649	208
8650	217
8651	226
8652	235
8653	244
8654	253
8655	262
8656	271
8657	280
8658	289
8659	298
8660	307
8661	316
8662	150
8663	159
8664	168
8665	177
8666	186
8667	195
8668	204
8669	213
8670	152
8671	161
8672	170
8673	179
8674	188
8675	197
8676	206
8677	215
8678	224
8679	233
8680	242
8681	251
8682	260
8683	269
8684	208
8685	217
8686	226
8687	235
8688	244
8689	253
8690	262
8691	271
8692	280
8693	289
8694	298
8695	307
8696	316
8697	150
8698	159
8699	168
8700	177
8701	186
8702	195
8703	204
8704	213
8705	152
8706	161
8707	170
8708	179
8709	188
8710	197
8711	206
8712	215
8713	224
8714	233
8715	242
8716	251
8717	260
8718	269
8719	208
8720	217
8721	226
8722	235
8723	244
8724	253
8725	262
8726	271
8727	280
8728	289
8729	298
8730	307
8731	316
8732	150
8733	159
8734	168
8735	177
8736	186
8737	195
8738	204
8739	213
8740	152
8741	161
8742	170
8743	179
8744	188
8745	197
8746	206
8747	215
8748	224
8749	233
8750	242
8751	251
8752	260
8753	269
8754	208
8755	217
8756	226
8757	235
8758	244
8759	253
8760	262
8761	271
8762	280
8763	289
8764	298
8765	307
8766	316
8767	150
8768	159
8769	168
8770	177
8771	186
8772	195
8773	204
8774	213
8775	152
8776	161
8777	170
8778	179
8779	188
8780	197
8781	206
8782	215
8783	224
8784	233
8785	242
8786	251
8787	260
8788	269
8789	208
8790	217
8791	226
8792	235
8793	244
8794	253
8795	262
8796	271
8797	280
8798	289
8799	298
8800	307
8801	316
8802	150
8803	159
8804	168
8805	177
8806	186
8807	195
8808	204
8809	213
8810	152
8811	161
8812	170
8813	179
8814	188
8815	197
8816	206
8817	215
8818	224
8819	233
8820	242
8821	251
8822	260
8823	269
8824	208
8825	217
8826	226
8827	235
8828	244
8829	253
8830	262
8831	271
8832	280
8833	289
8834	298
8835	307
8836	316
8837	150
8838	159
8839	168
8840	177
8841	186
8842	195
8843	204
8844	213
8845	152
8846	161
8847	170
8848	179
8849	188
8850	197
8851	206
8852	215
8853	224
8854	233
8855	242
8856	251
8857	260
8858	269
8859	208
8860	217
8861	226
8862	235
8863	244
8864	253
8865	262
8866	271
8867	280
8868	289
8869	298
8870	307
8871	316
8872	150
8873	159
8874	168
8875	177
8876	186
8877	195
8878	204
8879	213
8880	152
8881	161
8882	170
8883	179
8884	188
8885	197
8886	206
8887	215
8888	224
8889	233
8890	242
8891	251
8892	260
8893	269
8894	208
8895	217
8896	226
8897	235
8898	244
8899	253
8900	262
8901	271
8902	280
8903	289
8904	298
8905	307
8906	316
8907	150
8908	159
8909	168
8910	177
8911	186
8912	195
8913	204
8914	213
8915	152
8916	161
8917	170
8918	179
8919	188
8920	197
8921	206
8922	215
8923	224
8924	233
8925	242
8926	251
8927	260
8928	269
8929	208
8930	217
8931	226
8932	235
8933	244
8934	253
8935	262
8936	271
8937	280
8938	289
8939	298
8940	307
8941	316
8942	150
8943	159
8944	168
8945	177
8946	186
8947	195
8948	204
8949	213
8950	152
8951	161
8952	170
8953	179
8954	188
8955	197
8956	206
8957	215
8958	224
8959	233
8960	242
8961	251
8962	260
8963	269
8964	208
8965	217
8966	226
8967	235
8968	244
8969	253
8970	262
8971	271
8972	280
8973	289
8974	298
8975	307
8976	316
8977	150
8978	159
8979	168
8980	177
8981	186
8982	195
8983	204
8984	213
8985	152
8986	161
8987	170
8988	179
8989	188
8990	197
8991	206
8992	215
8993	224
8994	233
8995	242
8996	251
8997	260
8998	269
8999	208
9000	217
9001	226
9002	235
9003	244
9004	253
9005	262
9006	271
9007	280
9008	289
9009	298
9010	307
9011	316
9012	150
9013	159
9014	168
9015	177
9016	186
9017	195
9018	204
9019	213
9020	152
9021	161
9022	170
9023	179
9024	188
9025	197
9026	206
9027	215
9028	224
9029	233
9030	242
9031	251
9032	260
9033	269
9034	208
9035	217
9036	226
9037	235
9038	244
9039	253
9040	262
9041	271
9042	280
9043	289
9044	298
9045	307
9046	316
9047	150
9048	159
9049	168
9050	177
9051	186
9052	195
9053	204
9054	213
9055	152
9056	161
9057	170
9058	179
9059	188
9060	197
9061	206
9062	215
9063	224
9064	233
9065	242
9066	251
9067	260
9068	269
9069	208
9070	217
9071	226
9072	235
9073	244
9074	253
9075	262
9076	271
9077	280
9078	289
9079	298
9080	307
9081	316
9082	150
9083	159
9084	168
9085	177
9086	186
9087	195
9088	204
9089	213
9090	152
9091	161
9092	170
9093	179
9094	188
9095	197
9096	206
9097	215
9098	224
9099	233
9100	242
9101	251
9102	260
9103	269
9104	208
9105	217
9106	226
9107	235
9108	244
9109	253
9110	262
9111	271
9112	280
9113	289
9114	298
9115	307
9116	316
9117	150
9118	159
9119	168
9120	177
9121	186
9122	195
9123	204
9124	213
9125	152
9126	161
9127	170
9128	179
9129	188
9130	197
9131	206
9132	215
9133	224
9134	233
9135	242
9136	251
9137	260
9138	269
9139	208
9140	217
9141	226
9142	235
9143	244
9144	253
9145	262
9146	271
9147	280
9148	289
9149	298
9150	307
9151	316
9152	150
9153	159
9154	168
9155	177
9156	186
9157	195
9158	204
9159	213
9160	152
9161	161
9162	170
9163	179
9164	188
9165	197
9166	206
9167	215
9168	224
9169	233
9170	242
9171	251
9172	260
9173	269
9174	208
9175	217
9176	226
9177	235
9178	244
9179	253
9180	262
9181	271
9182	280
9183	289
9184	298
9185	307
9186	316
9187	150
9188	159
9189	168
9190	177
9191	186
9192	195
9193	204
9194	213
9195	152
9196	161
9197	170
9198	179
9199	188
9200	197
9201	206
9202	215
9203	224
9204	233
9205	242
9206	251
9207	260
9208	269
9209	208
9210	217
9211	226
9212	235
9213	244
9214	253
9215	262
9216	271
9217	280
9218	289
9219	298
9220	307
9221	316
9222	150
9223	159
9224	168
9225	177
9226	186
9227	195
9228	204
9229	213
9230	152
9231	161
9232	170
9233	179
9234	188
9235	197
9236	206
9237	215
9238	224
9239	233
9240	242
9241	251
9242	260
9243	269
9244	208
9245	217
9246	226
9247	235
9248	244
9249	253
9250	262
9251	271
9252	280
9253	289
9254	298
9255	307
9256	316
9257	150
9258	159
9259	168
9260	177
9261	186
9262	195
9263	204
9264	213
9265	152
9266	161
9267	170
9268	179
9269	188
9270	197
9271	206
9272	215
9273	224
9274	233
9275	242
9276	251
9277	260
9278	269
9279	208
9280	217
9281	226
9282	235
9283	244
9284	253
9285	262
9286	271
9287	280
9288	289
9289	298
9290	307
9291	316
9292	150
9293	159
9294	168
9295	177
9296	186
9297	195
9298	204
9299	213
9300	152
9301	161
9302	170
9303	179
9304	188
9305	197
9306	206
9307	215
9308	224
9309	233
9310	242
9311	251
9312	260
9313	269
9314	208
9315	217
9316	226
9317	235
9318	244
9319	253
9320	262
9321	271
9322	280
9323	289
9324	298
9325	307
9326	316
9327	150
9328	159
9329	168
9330	177
9331	186
9332	195
9333	204
9334	213
9335	152
9336	161
9337	170
9338	179
9339	188
9340	197
9341	206
9342	215
9343	224
9344	233
9345	242
9346	251
9347	260
9348	269
9349	208
9350	217
9351	226
9352	235
9353	244
9354	253
9355	262
9356	271
9357	280
9358	289
9359	298
9360	307
9361	316
9362	150
9363	159
9364	168
9365	177
9366	186
9367	195
9368	204
9369	213
9370	152
9371	161
9372	170
9373	179
9374	188
9375	197
9376	206
9377	215
9378	224
9379	233
9380	242
9381	251
9382	260
9383	269
9384	208
9385	217
9386	226
9387	235
9388	244
9389	253
9390	262
9391	271
9392	280
9393	289
9394	298
9395	307
9396	316
9397	150
9398	159
9399	168
9400	177
9401	186
9402	195
9403	204
9404	213
9405	152
9406	161
9407	170
9408	179
9409	188
9410	197
9411	206
9412	215
9413	224
9414	233
9415	242
9416	251
9417	260
9418	269
9419	208
9420	217
9421	226
9422	235
9423	244
9424	253
9425	262
9426	271
9427	280
9428	289
9429	298
9430	307
9431	316
9432	150
9433	159
9434	168
9435	177
9436	186
9437	195
9438	204
9439	213
9440	152
9441	161
9442	170
9443	179
9444	188
9445	197
9446	206
9447	215
9448	224
9449	233
9450	242
9451	251
9452	260
9453	269
9454	208
9455	217
9456	226
9457	235
9458	244
9459	253
9460	262
9461	271
9462	280
9463	289
9464	298
9465	307
9466	316
9467	150
9468	159
9469	168
9470	177
9471	186
9472	195
9473	204
9474	213
9475	152
9476	161
9477	170
9478	179
9479	188
9480	197
9481	206
9482	215
9483	224
9484	233
9485	242
9486	251
9487	260
9488	269
9489	208
9490	217
9491	226
9492	235
9493	244
9494	253
9495	262
9496	271
9497	280
9498	289
9499	298
9500	307
9501	316
9502	150
9503	159
9504	168
9505	177
9506	186
9507	195
9508	204
9509	213
9510	152
9511	161
9512	170
9513	179
9514	188
9515	197
9516	206
9517	215
9518	224
9519	233
9520	242
9521	251
9522	260
9523	269
9524	208
9525	217
9526	226
9527	235
9528	244
9529	253
9530	262
9531	271
9532	280
9533	289
9534	298
9535	307
9536	316
9537	150
9538	159
9539	168
9540	177
9541	186
9542	195
9543	204
9544	213
9545	152
9546	161
9547	170
9548	179
9549	188
9550	197
9551	206
9552	215
9553	224
9554	233
9555	242
9556	251
9557	260
9558	269
9559	208
9560	217
9561	226
9562	235
9563	244
9564	253
9565	262
9566	271
9567	280
9568	289
9569	298
9570	307
9571	316
9572	150
9573	159
9574	168
9575	177
9576	186
9577	195
9578	204
9579	213
9580	152
9581	161
9582	170
9583	179
9584	188
9585	197
9586	206
9587	215
9588	224
9589	233
9590	242
9591	251
9592	260
9593	269
9594	208
9595	217
9596	226
9597	235
9598	244
9599	253
9600	262
9601	271
9602	280
9603	289
9604	298
9605	307
9606	316
9607	150
9608	159
9609	168
9610	177
9611	186
9612	195
9613	204
9614	213
9615	152
9616	161
9617	170
9618	179
9619	188
9620	197
9621	206
9622	215
9623	224
9624	233
9625	242
9626	251
9627	260
9628	269
9629	208
9630	217
9631	226
9632	235
9633	244
9634	253
9635	262
9636	271
9637	280
9638	289
9639	298
9640	307
9641	316
9642	150
9643	159
9644	168
9645	177
9646	186
9647	195
9648	204
9649	213
9650	152
9651	161
9652	170
9653	179
9654	188
9655	197
9656	206
9657	215
9658	224
9659	233
9660	242
9661	251
9662	260
9663	269
9664	208
9665	217
9666	226
9667	235
9668	244
9669	253
9670	262
9671	271
9672	280
9673	289
9674	298
9675	307
9676	316
9677	150
9678	159
9679	168
9680	177
9681	186
9682	195
9683	204
9684	213
9685	152
9686	161
9687	170
9688	179
9689	188
9690	197
9691	206
9692	215
9693	224
9694	233
9695	242
9696	251
9697	260
9698	269
9699	208
9700	217
9701	226
9702	235
9703	244
9704	253
9705	262
9706	271
9707	280
9708	289
9709	298
9710	307
9711	316
9712	150
9713	159
9714	168
9715	177
9716	186
9717	195
9718	204
9719	213
9720	152
9721	161
9722	170
9723	179
9724	188
9725	197
9726	206
9727	215
9728	224
9729	233
9730	242
9731	251
9732	260
9733	269
9734	208
9735	217
9736	226
9737	235
9738	244
9739	253
9740	262
9741	271
9742	280
9743	289
9744	298
9745	307
9746	316
9747	150
9748	159
9749	168
9750	177
9751	186
9752	195
9753	204
9754	213
9755	152
9756	161
9757	170
9758	179
9759	188
9760	197
9761	206
9762	215
9763	224
9764	233
9765	242
9766	251
9767	260
9768	269
9769	208
9770	217
9771	226
9772	235
9773	244
9774	253
9775	262
9776	271
9777	280
9778	289
9779	298
9780	307
9781	316
9782	150
9783	159
9784	168
9785	177
9786	186
9787	195
9788	204
9789	213
9790	152
9791	161
9792	170
9793	179
9794	188
9795	197
9796	206
9797	215
9798	224
9799	233
9800	242
9801	251
9802	260
9803	269
9804	208
9805	217
9806	226
9807	235
9808	244
9809	253
9810	262
9811	271
9812	280
9813	289
9814	298
9815	307
9816	316
9817	150
9818	159
9819	168
9820	177
9821	186
9822	195
9823	204
9824	213
9825	152
9826	161
9827	170
9828	179
9829	188
9830	197
9831	206
9832	215
9833	224
9834	233
9835	242
9836	251
9837	260
9838	269
9839	208
9840	217
9841	226
9842	235
9843	244
9844	253
9845	262
9846	271
9847	280
9848	289
9849	298
9850	307
9851	316
9852	150
9853	159
9854	168
9855	177
9856	186
9857	195
9858	204
9859	213
9860	152
9861	161
9862	170
9863	179
9864	188
9865	197
9866	206
9867	215
9868	224
9869	233
9870	242
9871	251
9872	260
9873	269
9874	208
9875	217
9876	226
9877	235
9878	244
9879	253
9880	262
9881	271
9882	280
9883	289
9884	298
9885	307
9886	316
9887	150
9888	159
9889	168
9890	177
9891	186
9892	195
9893	204
9894	213
9895	152
9896	161
9897	170
9898	179
9899	188
9900	197
9901	206
9902	215
9903	224
9904	233
9905	242
9906	251
9907	260
9908	269
9909	208
9910	217
9911	226
9912	235
9913	244
9914	253
9915	262
9916	271
9917	280
9918	289
9919	298
9920	307
9921	316
9922	150
9923	159
9924	168
9925	177
9926	186
9927	195
9928	204
9929	213
9930	152
9931	161
9932	170
9933	179
9934	188
9935	197
9936	206
9937	215
9938	224
9939	233
9940	242
9941	251
9942	260
9943	269
9944	208
9945	217
9946	226
9947	235
9948	244
9949	253
9950	262
9951	271
9952	280
9953	289
9954	298
9955	307
9956	316
9957	150
9958	159
9959	168
9960	177
9961	186
9962	195
9963	204
9964	213
9965	152
9966	161
9967	170
9968	179
9969	188
9970	197
9971	206
9972	215
9973	224
9974	233
9975	242
9976	251
9977	260
9978	269
9979	208
9980	217
9981	226
9982	235
9983	244
9984	253
9985	262
9986	271
9987	280
9988	289
9989	298
9990	307
9991	316
9992	150
9993	159
9994	168
9995	177
9996	186
9997	195
9998	204
9999	213
10000	152
10001	161
10002	170
10003	179
10004	188
10005	197
10006	206
10007	215
10008	224
10009	233
10010	242
10011	251
10012	260
10013	269
10014	208
10015	217
10016	226
10017	235
10018	244
10019	253
10020	262
10021	271
10022	280
10023	289
10024	298
10025	307
10026	316
10027	150
10028	159
10029	168
10030	177
10031	186
10032	195
10033	204
10034	213
10035	152
10036	161
10037	170
10038	179
10039	188
10040	197
10041	206
10042	215
10043	224
10044	233
10045	242
10046	251
10047	260
10048	269
10049	208
10050	217
10051	226
10052	235
10053	244
10054	253
10055	262
10056	271
10057	280
10058	289
10059	298
10060	307
10061	316
10062	150
10063	159
10064	168
10065	177
10066	186
10067	195
10068	204
10069	213
10070	152
10071	161
10072	170
10073	179
10074	188
10075	197
10076	206
10077	215
10078	224
10079	233
10080	242
10081	251
10082	260
10083	269
10084	208
10085	217
10086	226
10087	235
10088	244
10089	253
10090	262
10091	271
10092	280
10093	289
10094	298
10095	307
10096	316
10097	150
10098	159
10099	168
10100	177
10101	186
10102	195
10103	204
10104	213
10105	152
10106	161
10107	170
10108	179
10109	188
10110	197
10111	206
10112	215
10113	224
10114	233
10115	242
10116	251
10117	260
10118	269
10119	208
10120	217
10121	226
10122	235
10123	244
10124	253
10125	262
10126	271
10127	280
10128	289
10129	298
10130	307
10131	316
10132	150
10133	159
10134	168
10135	177
10136	186
10137	195
10138	204
10139	213
10140	152
10141	161
10142	170
10143	179
10144	188
10145	197
10146	206
10147	215
10148	224
10149	233
10150	242
10151	251
10152	260
10153	269
10154	208
10155	217
10156	226
10157	235
10158	244
10159	253
10160	262
10161	271
10162	280
10163	289
10164	298
10165	307
10166	316
10167	150
10168	159
10169	168
10170	177
10171	186
10172	195
10173	204
10174	213
10175	152
10176	161
10177	170
10178	179
10179	188
10180	197
10181	206
10182	215
10183	224
10184	233
10185	242
10186	251
10187	260
10188	269
10189	208
10190	217
10191	226
10192	235
10193	244
10194	253
10195	262
10196	271
10197	280
10198	289
10199	298
10200	307
10201	316
10202	150
10203	159
10204	168
10205	177
10206	186
10207	195
10208	204
10209	213
10210	152
10211	161
10212	170
10213	179
10214	188
10215	197
10216	206
10217	215
10218	224
10219	233
10220	242
10221	251
10222	260
10223	269
10224	208
10225	217
10226	226
10227	235
10228	244
10229	253
10230	262
10231	271
10232	280
10233	289
10234	298
10235	307
10236	316
10237	150
10238	159
10239	168
10240	177
10241	186
10242	195
10243	204
10244	213
10245	152
10246	161
10247	170
10248	179
10249	188
10250	197
10251	206
10252	215
10253	224
10254	233
10255	242
10256	251
10257	260
10258	269
10259	208
10260	217
10261	226
10262	235
10263	244
10264	253
10265	262
10266	271
10267	280
10268	289
10269	298
10270	307
10271	316
10272	150
10273	159
10274	168
10275	177
10276	186
10277	195
10278	204
10279	213
10280	152
10281	161
10282	170
10283	179
10284	188
10285	197
10286	206
10287	215
10288	224
10289	233
10290	242
10291	251
10292	260
10293	269
10294	208
10295	217
10296	226
10297	235
10298	244
10299	253
10300	262
10301	271
10302	280
10303	289
10304	298
10305	307
10306	316
10307	150
10308	159
10309	168
10310	177
10311	186
10312	195
10313	204
10314	213
10315	152
10316	161
10317	170
10318	179
10319	188
10320	197
10321	206
10322	215
10323	224
10324	233
10325	242
10326	251
10327	260
10328	269
10329	208
10330	217
10331	226
10332	235
10333	244
10334	253
10335	262
10336	271
10337	280
10338	289
10339	298
10340	307
10341	316
10342	150
10343	159
10344	168
10345	177
10346	186
10347	195
10348	204
10349	213
10350	152
10351	161
10352	170
10353	179
10354	188
10355	197
10356	206
10357	215
10358	224
10359	233
10360	242
10361	251
10362	260
10363	269
10364	208
10365	217
10366	226
10367	235
10368	244
10369	253
10370	262
10371	271
10372	280
10373	289
10374	298
10375	307
10376	316
10377	150
10378	159
10379	168
10380	177
10381	186
10382	195
10383	204
10384	213
10385	152
10386	161
10387	170
10388	179
10389	188
10390	197
10391	206
10392	215
10393	224
10394	233
10395	242
10396	251
10397	260
10398	269
10399	208
10400	217
10401	226
10402	235
10403	244
10404	253
10405	262
10406	271
10407	280
10408	289
10409	298
10410	307
10411	316
10412	150
10413	159
10414	168
10415	177
10416	186
10417	195
10418	204
10419	213
10420	152
10421	161
10422	170
10423	179
10424	188
10425	197
10426	206
10427	215
10428	224
10429	233
10430	242
10431	251
10432	260
10433	269
10434	208
10435	217
10436	226
10437	235
10438	244
10439	253
10440	262
10441	271
10442	280
10443	289
10444	298
10445	307
10446	316
10447	150
10448	159
10449	168
10450	177
10451	186
10452	195
10453	204
10454	213
10455	152
10456	161
10457	170
10458	179
10459	188
10460	197
10461	206
10462	215
10463	224
10464	233
10465	242
10466	251
10467	260
10468	269
10469	208
10470	217
10471	226
10472	235
10473	244
10474	253
10475	262
10476	271
10477	280
10478	289
10479	298
10480	307
10481	316
10482	150
10483	159
10484	168
10485	177
10486	186
10487	195
10488	204
10489	213
10490	152
10491	161
10492	170
10493	179
10494	188
10495	197
10496	206
10497	215
10498	224
10499	233
10500	242
10501	251
10502	260
10503	269
10504	208
10505	217
10506	226
10507	235
10508	244
10509	253
10510	262
10511	271
10512	280
10513	289
10514	298
10515	307
10516	316
10517	150
10518	159
10519	168
10520	177
10521	186
10522	195
10523	204
10524	213
10525	152
10526	161
10527	170
10528	179
10529	188
10530	197
10531	206
10532	215
10533	224
10534	233
10535	242
10536	251
10537	260
10538	269
10539	208
10540	217
10541	226
10542	235
10543	244
10544	253
10545	262
10546	271
10547	280
10548	289
10549	298
10550	307
10551	316
10552	150
10553	159
10554	168
10555	177
10556	186
10557	195
10558	204
10559	213
10560	152
10561	161
10562	170
10563	179
10564	188
10565	197
10566	206
10567	215
10568	224
10569	233
10570	242
10571	251
10572	260
10573	269
10574	208
10575	217
10576	226
10577	235
10578	244
10579	253
10580	262
10581	271
10582	280
10583	289
10584	298
10585	307
10586	316
10587	150
10588	159
10589	168
10590	177
10591	186
10592	195
10593	204
10594	213
10595	152
10596	161
10597	170
10598	179
10599	188
10600	197
10601	206
10602	215
10603	224
10604	233
10605	242
10606	251
10607	260
10608	269
10609	208
10610	217
10611	226
10612	235
10613	244
10614	253
10615	262
10616	271
10617	280
10618	289
10619	298
10620	307
10621	316
10622	150
10623	159
10624	168
10625	177
10626	186
10627	195
10628	204
10629	213
10630	152
10631	161
10632	170
10633	179
10634	188
10635	197
10636	206
10637	215
10638	224
10639	233
10640	242
10641	251
10642	260
10643	269
10644	208
10645	217
10646	226
10647	235
10648	244
10649	253
10650	262
10651	271
10652	280
10653	289
10654	298
10655	307
10656	316
10657	150
10658	159
10659	168
10660	177
10661	186
10662	195
10663	204
10664	213
10665	152
10666	161
10667	170
10668	179
10669	188
10670	197
10671	206
10672	215
10673	224
10674	233
10675	242
10676	251
10677	260
10678	269
10679	208
10680	217
10681	226
10682	235
10683	244
10684	253
10685	262
10686	271
10687	280
10688	289
10689	298
10690	307
10691	316
10692	150
10693	159
10694	168
10695	177
10696	186
10697	195
10698	204
10699	213
10700	152
10701	161
10702	170
10703	179
10704	188
10705	197
10706	206
10707	215
10708	224
10709	233
10710	242
10711	251
10712	260
10713	269
10714	208
10715	217
10716	226
10717	235
10718	244
10719	253
10720	262
10721	271
10722	280
10723	289
10724	298
10725	307
10726	316
10727	150
10728	159
10729	168
10730	177
10731	186
10732	195
10733	204
10734	213
10735	152
10736	161
10737	170
10738	179
10739	188
10740	197
10741	206
10742	215
10743	224
10744	233
10745	242
10746	251
10747	260
10748	269
10749	208
10750	217
10751	226
10752	235
10753	244
10754	253
10755	262
10756	271
10757	280
10758	289
10759	298
10760	307
10761	316
10762	150
10763	159
10764	168
10765	177
10766	186
10767	195
10768	204
10769	213
10770	152
10771	161
10772	170
10773	179
10774	188
10775	197
10776	206
10777	215
10778	224
10779	233
10780	242
10781	251
10782	260
10783	269
10784	208
10785	217
10786	226
10787	235
10788	244
10789	253
10790	262
10791	271
10792	280
10793	289
10794	298
10795	307
10796	316
