10	11
20	21
30	27.3636
40	37.3636
50	47.3636
60	50.5758
70	60.5758
80	61.7273
90	61.303
100	71.303
110	71.4848
120	81.4849
130	73
140	83
150	71.1818
160	81.1818
170	76.4546
180	63.7273
190	73.7273
200	83.7273
210	76.0303
220	68.3333
230	78.3333
240	70.6364
250	80.6364
260	77.3636
270	65.2424
280	75.2424
290	63.1212
300	73.1212
310	69.8485
320	57.7273
330	67.7273
340	77.7273
350	70.0303
360	80.0303
370	72.3333
380	64.6364
390	74.6364
400	71.3636
410	81.3636
420	69.2424
430	79.2424
440	67.1212
450	77.1212
460	73.8485
470	61.7273
480	71.7273
490	81.7273
500	74.0303
510	84.0303
520	76.3333
530	68.6364
540	78.6364
550	75.3636
560	63.2424
570	73.2424
580	83.2424
590	71.1212
600	67.8485
610	77.8485
620	65.7273
630	75.7273
640	68.0303
650	78.0303
660	70.3333
670	62.6364
680	72.6364
690	82.6364
700	79.3636
710	67.2424
720	77.2424
730	65.1212
740	75.1212
750	71.8485
760	59.7273
770	69.7273
780	79.7273
790	72.0303
800	82.0303
810	74.3333
820	66.6364
830	76.6364
840	73.3636
850	83.3636
860	71.2424
870	81.2424
880	69.1212
890	79.1212
900	75.8485
910	63.7273
920	73.7273
930	83.7273
940	76.0303
950	68.3333
960	78.3333
970	70.6364
980	80.6364
990	77.3636
1000	65.2424
1010	75.2424
1020	63.1212
1030	73.1212
1040	69.8485
1050	57.7273
1060	67.7273
1070	77.7273
1080	70.0303
1090	80.0303
1100	72.3333
1110	64.6364
1120	74.6364
1130	71.3636
1140	81.3636
1150	69.2424
1160	79.2424
1170	67.1212
1180	77.1212
1190	73.8485
1200	61.7273
1210	71.7273
1220	81.7273
1230	74.0303
1240	84.0303
1250	76.3333
1260	68.6364
1270	78.6364
1280	75.3636
1290	63.2424
1300	73.2424
1310	83.2424
1320	71.1212
1330	67.8485
1340	77.8485
1350	65.7273
1360	75.7273
1370	68.0303
1380	78.0303
1390	70.3333
1400	62.6364
1410	72.6364
1420	82.6364
1430	79.3636
1440	67.2424
1450	77.2424
1460	65.1212
1470	75.1212
1480	71.8485
1490	59.7273
1500	69.7273
1510	79.7273
1520	72.0303
1530	82.0303
1540	74.3333
1550	66.6364
1560	76.6364
1570	73.3636
1580	83.3636
1590	71.2424
1600	81.2424
1610	69.1212
1620	79.1212
1630	75.8485
1640	63.7273
1650	73.7273
1660	83.7273
1670	76.0303
1680	68.3333
1690	78.3333
1700	70.6364
1710	80.6364
1720	77.3636
1730	65.2424
1740	75.2424
1750	63.1212
1760	73.1212
1770	69.8485
1780	57.7273
1790	67.7273
1800	77.7273
1810	70.0303
1820	80.0303
1830	72.3333
1840	64.6364
1850	74.6364
1860	71.3636
1870	81.3636
1880	69.2424
1890	79.2424
1900	67.1212
1910	77.1212
1920	73.8485
1930	61.7273
1940	71.7273
1950	81.7273
1960	74.0303
1970	84.0303
1980	76.3333
1990	68.6364
2000	78.6364
2010	75.3636
2020	63.2424
2030	73.2424
2040	83.2424
2050	71.1212
2060	67.8485
2070	77.8485
2080	65.7273
2090	75.7273
2100	68.0303
2110	78.0303
2120	70.3333
2130	62.6364
2140	72.6364
2150	82.6364
2160	79.3636
2170	67.2424
2180	77.2424
2190	65.1212
2200	75.1212
2210	71.8485
2220	59.7273
2230	69.7273
2240	79.7273
2250	72.0303
2260	82.0303
2270	74.3333
2280	66.6364
2290	76.6364
2300	73.3636
2310	83.3636
2320	71.2424
2330	81.2424
2340	69.1212
2350	79.1212
2360	75.8485
2370	63.7273
2380	73.7273
2390	83.7273
2400	76.0303
2410	68.3333
2420	78.3333
2430	70.6364
2440	80.6364
2450	77.3636
2460	65.2424
2470	75.2424
2480	63.1212
2490	73.1212
2500	69.8485
2510	57.7273
2520	67.7273
2530	77.7273
2540	70.0303
2550	80.0303
2560	72.3333
2570	64.6364
2580	74.6364
2590	71.3636
2600	81.3636
2610	69.2424
2620	79.2424
2630	67.1212
2640	77.1212
2650	73.8485
2660	61.7273
2670	71.7273
2680	81.7273
2690	74.0303
2700	84.0303
2710	76.3333
2720	68.6364
2730	78.6364
2740	75.3636
2750	63.2424
2760	73.2424
2770	83.2424
2780	71.1212
2790	67.8485
2800	77.8485
2810	65.7273
2820	75.7273
2830	68.0303
2840	78.0303
2850	70.3333
2860	62.6364
2870	72.6364
2880	82.6364
2890	79.3636
2900	67.2424
2910	77.2424
2920	65.1212
2930	75.1212
2940	71.8485
2950	59.7273
2960	69.7273
2970	79.7273
2980	72.0303
2990	82.0303
3000	74.3333
3010	66.6364
3020	76.6364
3030	73.3636
3040	83.3636
3050	71.2424
3060	81.2424
3070	69.1212
3080	79.1212
3090	75.8485
3100	63.7273
3110	73.7273
3120	83.7273
3130	76.0303
3140	68.3333
3150	78.3333
3160	70.6364
3170	80.6364
3180	77.3636
3190	65.2424
3200	75.2424
3210	63.1212
3220	73.1212
3230	69.8485
3240	57.7273
3250	67.7273
3260	77.7273
3270	70.0303
3280	80.0303
3290	72.3333
3300	64.6364
3310	74.6364
3320	71.3636
3330	81.3636
3340	69.2424
3350	79.2424
3360	67.1212
3370	77.1212
3380	73.8485
3390	61.7273
3400	71.7273
3410	81.7273
3420	74.0303
3430	84.0303
3440	76.3333
3450	68.6364
3460	78.6364
3470	75.3636
3480	63.2424
3490	73.2424
3500	83.2424
3510	71.1212
3520	67.8485
3530	77.8485
3540	65.7273
3550	75.7273
3560	68.0303
3570	78.0303
3580	70.3333
3590	62.6364
3600	72.6364
3610	82.6364
3620	79.3636
3630	67.2424
3640	77.2424
3650	65.1212
3660	75.1212
3670	71.8485
3680	59.7273
3690	69.7273
3700	79.7273
3710	72.0303
3720	82.0303
3730	74.3333
3740	66.6364
3750	76.6364
3760	73.3636
3770	83.3636
3780	71.2424
3790	81.2424
3800	69.1212
3810	79.1212
3820	75.8485
3830	63.7273
3840	73.7273
3850	83.7273
3860	76.0303
3870	68.3333
3880	78.3333
3890	70.6364
3900	80.6364
3910	77.3636
3920	65.2424
3930	75.2424
3940	63.1212
3950	73.1212
3960	69.8485
3970	57.7273
3980	67.7273
3990	77.7273
4000	70.0303
4010	80.0303
4020	72.3333
4030	64.6364
4040	74.6364
4050	71.3636
4060	81.3636
4070	69.2424
4080	79.2424
4090	67.1212
4100	77.1212
4110	73.8485
4120	61.7273
4130	71.7273
4140	81.7273
4150	74.0303
4160	84.0303
4170	76.3333
4180	68.6364
4190	78.6364
4200	75.3636
4210	63.2424
4220	73.2424
4230	83.2424
4240	71.1212
4250	67.8485
4260	77.8485
4270	65.7273
4280	75.7273
4290	68.0303
4300	78.0303
4310	70.3333
4320	62.6364
4330	72.6364
4340	82.6364
4350	79.3636
4360	67.2424
4370	77.2424
4380	65.1212
4390	75.1212
4400	71.8485
4410	59.7273
4420	69.7273
4430	79.7273
4440	72.0303
4450	82.0303
4460	74.3333
4470	66.6364
4480	76.6364
4490	73.3636
4500	83.3636
4510	71.2424
4520	81.2424
4530	69.1212
4540	79.1212
4550	75.8485
4560	63.7273
4570	73.7273
4580	83.7273
4590	76.0303
4600	68.3333
4610	78.3333
4620	70.6364
4630	80.6364
4640	77.3636
4650	65.2424
4660	75.2424
4670	63.1212
4680	73.1212
4690	69.8485
4700	57.7273
4710	67.7273
4720	77.7273
4730	70.0303
4740	80.0303
4750	72.3333
4760	64.6364
4770	74.6364
4780	71.3636
4790	81.3636
4800	69.2424
4810	79.2424
4820	67.1212
4830	77.1212
4840	73.8485
4850	61.7273
4860	71.7273
4870	81.7273
4880	74.0303
4890	84.0303
4900	76.3333
4910	68.6364
4920	78.6364
4930	75.3636
4940	63.2424
4950	73.2424
4960	83.2424
4970	71.1212
4980	67.8485
4990	77.8485
5000	65.7273
5010	75.7273
5020	68.0303
5030	78.0303
5040	70.3333
5050	62.6364
5060	72.6364
5070	82.6364
5080	79.3636
5090	67.2424
5100	77.2424
5110	65.1212
5120	75.1212
5130	71.8485
5140	59.7273
5150	69.7273
5160	79.7273
5170	72.0303
5180	82.0303
5190	74.3333
5200	66.6364
5210	76.6364
5220	73.3636
5230	83.3636
5240	71.2424
5250	81.2424
5260	69.1212
5270	79.1212
5280	75.8485
5290	63.7273
5300	73.7273
5310	83.7273
5320	76.0303
5330	68.3333
5340	78.3333
5350	70.6364
5360	80.6364
5370	77.3636
5380	65.2424
5390	75.2424
5400	63.1212
5410	73.1212
5420	69.8485
5430	57.7273
5440	67.7273
5450	77.7273
5460	70.0303
5470	80.0303
5480	72.3333
5490	64.6364
5500	74.6364
5510	71.3636
5520	81.3636
5530	69.2424
5540	79.2424
5550	67.1212
5560	77.1212
5570	73.8485
5580	61.7273
5590	71.7273
5600	81.7273
5610	74.0303
5620	84.0303
5630	76.3333
5640	68.6364
5650	78.6364
5660	75.3636
5670	63.2424
5680	73.2424
5690	83.2424
5700	71.1212
5710	67.8485
5720	77.8485
5730	65.7273
5740	75.7273
5750	68.0303
5760	78.0303
5770	70.3333
5780	62.6364
5790	72.6364
5800	82.6364
5810	79.3636
5820	67.2424
5830	77.2424
5840	65.1212
5850	75.1212
5860	71.8485
5870	59.7273
5880	69.7273
5890	79.7273
5900	72.0303
5910	82.0303
5920	74.3333
5930	66.6364
5940	76.6364
5950	73.3636
5960	83.3636
5970	71.2424
5980	81.2424
5990	69.1212
6000	79.1212
6010	75.8485
6020	63.7273
6030	73.7273
6040	83.7273
6050	76.0303
6060	68.3333
6070	78.3333
6080	70.6364
6090	80.6364
6100	77.3636
6110	65.2424
6120	75.2424
6130	63.1212
6140	73.1212
6150	69.8485
6160	57.7273
6170	67.7273
6180	77.7273
6190	70.0303
6200	80.0303
6210	72.3333
6220	64.6364
6230	74.6364
6240	71.3636
6250	81.3636
6260	69.2424
6270	79.2424
6280	67.1212
6290	77.1212
6300	73.8485
6310	61.7273
6320	71.7273
6330	81.7273
6340	74.0303
6350	84.0303
6360	76.3333
6370	68.6364
6380	78.6364
6390	75.3636
6400	63.2424
6410	73.2424
6420	83.2424
6430	71.1212
6440	67.8485
6450	77.8485
6460	65.7273
6470	75.7273
6480	68.0303
6490	78.0303
6500	70.3333
6510	62.6364
6520	72.6364
6530	82.6364
6540	79.3636
6550	67.2424
6560	77.2424
6570	65.1212
6580	75.1212
6590	71.8485
6600	59.7273
6610	69.7273
6620	79.7273
6630	72.0303
6640	82.0303
6650	74.3333
6660	66.6364
6670	76.6364
6680	73.3636
6690	83.3636
6700	71.2424
6710	81.2424
6720	69.1212
6730	79.1212
6740	75.8485
6750	63.7273
6760	73.7273
6770	83.7273
6780	76.0303
6790	68.3333
6800	78.3333
6810	70.6364
6820	80.6364
6830	77.3636
6840	65.2424
6850	75.2424
6860	63.1212
6870	73.1212
6880	69.8485
6890	57.7273
6900	67.7273
6910	77.7273
6920	70.0303
6930	80.0303
6940	72.3333
6950	64.6364
6960	74.6364
6970	71.3636
6980	81.3636
6990	69.2424
7000	79.2424
7010	67.1212
7020	77.1212
7030	73.8485
7040	61.7273
7050	71.7273
7060	81.7273
7070	74.0303
7080	84.0303
7090	76.3333
7100	68.6364
7110	78.6364
7120	75.3636
7130	63.2424
7140	73.2424
7150	83.2424
7160	71.1212
7170	67.8485
7180	77.8485
7190	65.7273
7200	75.7273
7210	68.0303
7220	78.0303
7230	70.3333
7240	62.6364
7250	72.6364
7260	82.6364
7270	79.3636
7280	67.2424
7290	77.2424
7300	65.1212
7310	75.1212
7320	71.8485
7330	59.7273
7340	69.7273
7350	79.7273
7360	72.0303
7370	82.0303
7380	74.3333
7390	66.6364
7400	76.6364
7410	73.3636
7420	83.3636
7430	71.2424
7440	81.2424
7450	69.1212
7460	79.1212
7470	75.8485
7480	63.7273
7490	73.7273
7500	83.7273
7510	76.0303
7520	68.3333
7530	78.3333
7540	70.6364
7550	80.6364
7560	77.3636
7570	65.2424
7580	75.2424
7590	63.1212
7600	73.1212
7610	69.8485
7620	57.7273
7630	67.7273
7640	77.7273
7650	70.0303
7660	80.0303
7670	72.3333
7680	64.6364
7690	74.6364
7700	71.3636
7710	81.3636
7720	69.2424
7730	79.2424
7740	67.1212
7750	77.1212
7760	73.8485
7770	61.7273
7780	71.7273
7790	81.7273
7800	74.0303
7810	84.0303
7820	76.3333
7830	68.6364
7840	78.6364
7850	75.3636
7860	63.2424
7870	73.2424
7880	83.2424
7890	71.1212
7900	67.8485
7910	77.8485
7920	65.7273
7930	75.7273
7940	68.0303
7950	78.0303
7960	70.3333
7970	62.6364
7980	72.6364
7990	82.6364
8000	79.3636
8010	67.2424
8020	77.2424
8030	65.1212
8040	75.1212
8050	71.8485
8060	59.7273
8070	69.7273
8080	79.7273
8090	72.0303
8100	82.0303
8110	74.3333
8120	66.6364
8130	76.6364
8140	73.3636
8150	83.3636
8160	71.2424
8170	81.2424
8180	69.1212
8190	79.1212
8200	75.8485
8210	63.7273
8220	73.7273
8230	83.7273
8240	76.0303
8250	68.3333
8260	78.3333
8270	70.6364
8280	80.6364
8290	77.3636
8300	65.2424
8310	75.2424
8320	63.1212
8330	73.1212
8340	69.8485
8350	57.7273
8360	67.7273
8370	77.7273
8380	70.0303
8390	80.0303
8400	72.3333
8410	64.6364
8420	74.6364
8430	71.3636
8440	81.3636
8450	69.2424
8460	79.2424
8470	67.1212
8480	77.1212
8490	73.8485
8500	61.7273
8510	71.7273
8520	81.7273
8530	74.0303
8540	84.0303
8550	76.3333
8560	68.6364
8570	78.6364
8580	75.3636
8590	63.2424
8600	73.2424
8610	83.2424
8620	71.1212
8630	67.8485
8640	77.8485
8650	65.7273
8660	75.7273
8670	68.0303
8680	78.0303
8690	70.3333
8700	62.6364
8710	72.6364
8720	82.6364
8730	79.3636
8740	67.2424
8750	77.2424
8760	65.1212
8770	75.1212
8780	71.8485
8790	59.7273
8800	69.7273
8810	79.7273
8820	72.0303
8830	82.0303
8840	74.3333
8850	66.6364
8860	76.6364
8870	73.3636
8880	83.3636
8890	71.2424
8900	81.2424
8910	69.1212
8920	79.1212
8930	75.8485
8940	63.7273
8950	73.7273
8960	83.7273
8970	76.0303
8980	68.3333
8990	78.3333
9000	70.6364
9010	80.6364
9020	77.3636
9030	65.2424
9040	75.2424
9050	63.1212
9060	73.1212
9070	69.8485
9080	57.7273
9090	67.7273
9100	77.7273
9110	70.0303
9120	80.0303
9130	72.3333
9140	64.6364
9150	74.6364
9160	71.3636
9170	81.3636
9180	69.2424
9190	79.2424
9200	67.1212
9210	77.1212
9220	73.8485
9230	61.7273
9240	71.7273
9250	81.7273
9260	74.0303
9270	84.0303
9280	76.3333
9290	68.6364
9300	78.6364
9310	75.3636
9320	63.2424
9330	73.2424
9340	83.2424
9350	71.1212
9360	67.8485
9370	77.8485
9380	65.7273
9390	75.7273
9400	68.0303
9410	78.0303
9420	70.3333
9430	62.6364
9440	72.6364
9450	82.6364
9460	79.3636
9470	67.2424
9480	77.2424
9490	65.1212
9500	75.1212
9510	71.8485
9520	59.7273
9530	69.7273
9540	79.7273
9550	72.0303
9560	82.0303
9570	74.3333
9580	66.6364
9590	76.6364
9600	73.3636
9610	83.3636
9620	71.2424
9630	81.2424
9640	69.1212
9650	79.1212
9660	75.8485
9670	63.7273
9680	73.7273
9690	83.7273
9700	76.0303
9710	68.3333
9720	78.3333
9730	70.6364
9740	80.6364
9750	77.3636
9760	65.2424
9770	75.2424
9780	63.1212
9790	73.1212
9800	69.8485
9810	57.7273
9820	67.7273
9830	77.7273
9840	70.0303
9850	80.0303
9860	72.3333
9870	64.6364
9880	74.6364
9890	71.3636
9900	81.3636
9910	69.2424
9920	79.2424
9930	67.1212
9940	77.1212
9950	73.8485
9960	61.7273
9970	71.7273
9980	81.7273
9990	74.0303
10000	84.0303
10010	76.3333
10020	68.6364
10030	78.6364
10040	75.3636
10050	63.2424
10060	73.2424
10070	83.2424
10080	71.1212
10090	67.8485
10100	77.8485
10110	65.7273
10120	75.7273
10130	68.0303
10140	78.0303
10150	70.3333
10160	62.6364
10170	72.6364
10180	82.6364
10190	79.3636
10200	67.2424
10210	77.2424
10220	65.1212
10230	75.1212
10240	71.8485
10250	59.7273
10260	69.7273
10270	79.7273
10280	72.0303
10290	82.0303
10300	74.3333
10310	66.6364
10320	76.6364
10330	73.3636
10340	83.3636
10350	71.2424
10360	81.2424
10370	69.1212
10380	79.1212
10390	75.8485
10400	63.7273
10410	73.7273
10420	83.7273
10430	76.0303
10440	68.3333
10450	78.3333
10460	70.6364
10470	80.6364
10480	77.3636
10490	65.2424
10500	75.2424
10510	63.1212
10520	73.1212
10530	69.8485
10540	57.7273
10550	67.7273
10560	77.7273
10570	70.0303
10580	80.0303
10590	72.3333
10600	64.6364
10610	74.6364
10620	71.3636
10630	81.3636
10640	69.2424
10650	79.2424
10660	67.1212
10670	77.1212
10680	73.8485
10690	61.7273
10700	71.7273
10710	81.7273
10720	74.0303
10730	84.0303
10740	76.3333
10750	68.6364
10760	78.6364
10770	75.3636
10780	63.2424
10790	73.2424
10800	83.2424
10810	71.1212
10820	67.8485
10830	77.8485
10840	65.7273
10850	75.7273
10860	68.0303
10870	78.0303
10880	70.3333
10890	62.6364
10900	72.6364
10910	82.6364
10920	79.3636
10930	67.2424
10940	77.2424
10950	65.1212
10960	75.1212
10970	71.8485
10980	59.7273
10990	69.7273
11000	79.7273
11010	72.0303
11020	82.0303
11030	74.3333
11040	66.6364
11050	76.6364
11060	73.3636
11070	83.3636
11080	71.2424
11090	81.2424
11100	69.1212
11110	79.1212
11120	75.8485
11130	63.7273
11140	73.7273
11150	83.7273
11160	76.0303
11170	68.3333
11180	78.3333
11190	70.6364
11200	80.6364
11210	77.3636
11220	65.2424
11230	75.2424
11240	63.1212
11250	73.1212
11260	69.8485
11270	57.7273
11280	67.7273
11290	77.7273
11300	70.0303
11310	80.0303
11320	72.3333
11330	64.6364
11340	74.6364
11350	71.3636
11360	81.3636
11370	69.2424
11380	79.2424
11390	67.1212
11400	77.1212
11410	73.8485
11420	61.7273
11430	71.7273
11440	81.7273
11450	74.0303
11460	84.0303
11470	76.3333
11480	68.6364
11490	78.6364
11500	75.3636
11510	63.2424
11520	73.2424
11530	83.2424
11540	71.1212
11550	67.8485
11560	77.8485
11570	65.7273
11580	75.7273
11590	68.0303
11600	78.0303
11610	70.3333
11620	62.6364
11630	72.6364
11640	82.6364
11650	79.3636
11660	67.2424
11670	77.2424
11680	65.1212
11690	75.1212
11700	71.8485
11710	59.7273
11720	69.7273
11730	79.7273
11740	72.0303
11750	82.0303
11760	74.3333
11770	66.6364
11780	76.6364
11790	73.3636
11800	83.3636
11810	71.2424
11820	81.2424
11830	69.1212
11840	79.1212
11850	75.8485
11860	63.7273
11870	73.7273
11880	83.7273
11890	76.0303
11900	68.3333
11910	78.3333
11920	70.6364
11930	80.6364
11940	77.3636
11950	65.2424
11960	75.2424
11970	63.1212
11980	73.1212
11990	69.8485
12000	57.7273
12010	67.7273
12020	77.7273
12030	70.0303
12040	80.0303
12050	72.3333
12060	64.6364
12070	74.6364
12080	71.3636
12090	81.3636
12100	69.2424
12110	79.2424
12120	67.1212
12130	77.1212
12140	73.8485
12150	61.7273
12160	71.7273
12170	81.7273
12180	74.0303
12190	84.0303
12200	76.3333
12210	68.6364
12220	78.6364
12230	75.3636
12240	63.2424
12250	73.2424
12260	83.2424
12270	71.1212
12280	67.8485
12290	77.8485
12300	65.7273
12310	75.7273
12320	68.0303
12330	78.0303
12340	70.3333
12350	62.6364
12360	72.6364
12370	82.6364
12380	79.3636
12390	67.2424
12400	77.2424
12410	65.1212
12420	75.1212
12430	71.8485
12440	59.7273
12450	69.7273
12460	79.7273
12470	72.0303
12480	82.0303
12490	74.3333
12500	66.6364
12510	76.6364
12520	73.3636
12530	83.3636
12540	71.2424
12550	81.2424
12560	69.1212
12570	79.1212
12580	75.8485
12590	63.7273
12600	73.7273
12610	83.7273
12620	76.0303
12630	68.3333
12640	78.3333
12650	70.6364
12660	80.6364
12670	77.3636
12680	65.2424
12690	75.2424
12700	63.1212
12710	73.1212
12720	69.8485
12730	57.7273
12740	67.7273
12750	77.7273
12760	70.0303
12770	80.0303
12780	72.3333
12790	64.6364
12800	74.6364
12810	71.3636
12820	81.3636
12830	69.2424
12840	79.2424
12850	67.1212
12860	77.1212
12870	73.8485
12880	61.7273
12890	71.7273
12900	81.7273
12910	74.0303
12920	84.0303
12930	76.3333
12940	68.6364
12950	78.6364
12960	75.3636
12970	63.2424
12980	73.2424
12990	83.2424
13000	71.1212
13010	67.8485
13020	77.8485
13030	65.7273
13040	75.7273
13050	68.0303
13060	78.0303
13070	70.3333
13080	62.6364
13090	72.6364
13100	82.6364
13110	79.3636
13120	67.2424
13130	77.2424
13140	65.1212
13150	75.1212
13160	71.8485
13170	59.7273
13180	69.7273
13190	79.7273
13200	72.0303
13210	82.0303
13220	74.3333
13230	66.6364
13240	76.6364
13250	73.3636
13260	83.3636
13270	71.2424
13280	81.2424
13290	69.1212
13300	79.1212
13310	75.8485
13320	63.7273
13330	73.7273
13340	83.7273
13350	76.0303
13360	68.3333
13370	78.3333
13380	70.6364
13390	80.6364
13400	77.3636
13410	65.2424
13420	75.2424
13430	63.1212
13440	73.1212
13450	69.8485
13460	57.7273
13470	67.7273
13480	77.7273
13490	70.0303
13500	80.0303
13510	72.3333
13520	64.6364
13530	74.6364
13540	71.3636
13550	81.3636
13560	69.2424
13570	79.2424
13580	67.1212
13590	77.1212
13600	73.8485
13610	61.7273
13620	71.7273
13630	81.7273
13640	74.0303
13650	84.0303
13660	76.3333
13670	68.6364
13680	78.6364
13690	75.3636
13700	63.2424
13710	73.2424
13720	83.2424
13730	71.1212
13740	67.8485
13750	77.8485
13760	65.7273
13770	75.7273
13780	68.0303
13790	78.0303
13800	70.3333
13810	62.6364
13820	72.6364
13830	82.6364
13840	79.3636
13850	67.2424
13860	77.2424
13870	65.1212
13880	75.1212
13890	71.8485
13900	59.7273
13910	69.7273
13920	79.7273
13930	72.0303
13940	82.0303
13950	74.3333
13960	66.6364
13970	76.6364
13980	73.3636
13990	83.3636
14000	71.2424
14010	81.2424
14020	69.1212
14030	79.1212
14040	75.8485
14050	63.7273
14060	73.7273
14070	83.7273
14080	76.0303
14090	68.3333
14100	78.3333
14110	70.6364
14120	80.6364
14130	77.3636
14140	65.2424
14150	75.2424
14160	63.1212
14170	73.1212
14180	69.8485
14190	57.7273
14200	67.7273
14210	77.7273
14220	70.0303
14230	80.0303
14240	72.3333
14250	64.6364
14260	74.6364
14270	71.3636
14280	81.3636
14290	69.2424
14300	79.2424
14310	67.1212
14320	77.1212
14330	73.8485
14340	61.7273
14350	71.7273
14360	81.7273
14370	74.0303
14380	84.0303
14390	76.3333
14400	68.6364
14410	78.6364
14420	75.3636
14430	63.2424
14440	73.2424
14450	83.2424
14460	71.1212
14470	67.8485
14480	77.8485
14490	65.7273
14500	75.7273
14510	68.0303
14520	78.0303
14530	70.3333
14540	62.6364
14550	72.6364
14560	82.6364
14570	79.3636
14580	67.2424
14590	77.2424
14600	65.1212
14610	75.1212
14620	71.8485
14630	59.7273
14640	69.7273
14650	79.7273
14660	72.0303
14670	82.0303
14680	74.3333
14690	66.6364
14700	76.6364
14710	73.3636
14720	83.3636
14730	71.2424
14740	81.2424
14750	69.1212
14760	79.1212
14770	75.8485
14780	63.7273
14790	73.7273
14800	83.7273
14810	76.0303
14820	68.3333
14830	78.3333
14840	70.6364
14850	80.6364
14860	77.3636
14870	65.2424
14880	75.2424
14890	63.1212
14900	73.1212
14910	69.8485
14920	57.7273
14930	67.7273
14940	77.7273
14950	70.0303
14960	80.0303
14970	72.3333
14980	64.6364
14990	74.6364
15000	71.3636
15010	81.3636
15020	69.2424
15030	79.2424
15040	67.1212
15050	77.1212
15060	73.8485
15070	61.7273
15080	71.7273
15090	81.7273
15100	74.0303
15110	84.0303
15120	76.3333
15130	68.6364
15140	78.6364
15150	75.3636
15160	63.2424
15170	73.2424
15180	83.2424
15190	71.1212
15200	67.8485
15210	77.8485
15220	65.7273
15230	75.7273
15240	68.0303
15250	78.0303
15260	70.3333
15270	62.6364
15280	72.6364
15290	82.6364
15300	79.3636
15310	67.2424
15320	77.2424
15330	65.1212
15340	75.1212
15350	71.8485
15360	59.7273
15370	69.7273
15380	79.7273
15390	72.0303
15400	82.0303
15410	74.3333
15420	66.6364
15430	76.6364
15440	73.3636
15450	83.3636
15460	71.2424
15470	81.2424
15480	69.1212
15490	79.1212
15500	75.8485
15510	63.7273
15520	73.7273
15530	83.7273
15540	76.0303
15550	68.3333
15560	78.3333
15570	70.6364
15580	80.6364
15590	77.3636
15600	65.2424
15610	75.2424
15620	63.1212
15630	73.1212
15640	69.8485
15650	57.7273
15660	67.7273
15670	77.7273
15680	70.0303
15690	80.0303
15700	72.3333
15710	64.6364
15720	74.6364
15730	71.3636
15740	81.3636
15750	69.2424
15760	79.2424
15770	67.1212
15780	77.1212
15790	73.8485
15800	61.7273
15810	71.7273
15820	81.7273
15830	74.0303
15840	84.0303
15850	76.3333
15860	68.6364
15870	78.6364
15880	75.3636
15890	63.2424
15900	73.2424
15910	83.2424
15920	71.1212
15930	67.8485
15940	77.8485
15950	65.7273
15960	75.7273
15970	68.0303
15980	78.0303
15990	70.3333
16000	62.6364
16010	72.6364
16020	82.6364
16030	79.3636
16040	67.2424
16050	77.2424
16060	65.1212
16070	75.1212
16080	71.8485
16090	59.7273
16100	69.7273
16110	79.7273
16120	72.0303
16130	82.0303
16140	74.3333
16150	66.6364
16160	76.6364
16170	73.3636
16180	83.3636
16190	71.2424
16200	81.2424
16210	69.1212
16220	79.1212
16230	75.8485
16240	63.7273
16250	73.7273
16260	83.7273
16270	76.0303
16280	68.3333
16290	78.3333
16300	70.6364
16310	80.6364
16320	77.3636
16330	65.2424
16340	75.2424
16350	63.1212
16360	73.1212
16370	69.8485
16380	57.7273
16390	67.7273
16400	77.7273
16410	70.0303
16420	80.0303
16430	72.3333
16440	64.6364
16450	74.6364
16460	71.3636
16470	81.3636
16480	69.2424
16490	79.2424
16500	67.1212
16510	77.1212
16520	73.8485
16530	61.7273
16540	71.7273
16550	81.7273
16560	74.0303
16570	84.0303
16580	76.3333
16590	68.6364
16600	78.6364
16610	75.3636
16620	63.2424
16630	73.2424
16640	83.2424
16650	71.1212
16660	67.8485
16670	77.8485
16680	65.7273
16690	75.7273
16700	68.0303
16710	78.0303
16720	70.3333
16730	62.6364
16740	72.6364
16750	82.6364
16760	79.3636
16770	67.2424
16780	77.2424
16790	65.1212
16800	75.1212
16810	71.8485
16820	59.7273
16830	69.7273
16840	79.7273
16850	72.0303
16860	82.0303
16870	74.3333
16880	66.6364
16890	76.6364
16900	73.3636
16910	83.3636
16920	71.2424
16930	81.2424
16940	69.1212
16950	79.1212
16960	75.8485
16970	63.7273
16980	73.7273
16990	83.7273
17000	76.0303
17010	68.3333
17020	78.3333
17030	70.6364
17040	80.6364
17050	77.3636
17060	65.2424
17070	75.2424
17080	63.1212
17090	73.1212
17100	69.8485
17110	57.7273
17120	67.7273
17130	77.7273
17140	70.0303
17150	80.0303
17160	72.3333
17170	64.6364
17180	74.6364
17190	71.3636
17200	81.3636
17210	69.2424
17220	79.2424
17230	67.1212
17240	77.1212
17250	73.8485
17260	61.7273
17270	71.7273
17280	81.7273
17290	74.0303
17300	84.0303
17310	76.3333
17320	68.6364
17330	78.6364
17340	75.3636
17350	63.2424
17360	73.2424
17370	83.2424
17380	71.1212
17390	67.8485
17400	77.8485
17410	65.7273
17420	75.7273
17430	68.0303
17440	78.0303
17450	70.3333
17460	62.6364
17470	72.6364
17480	82.6364
17490	79.3636
17500	67.2424
17510	77.2424
17520	65.1212
17530	75.1212
17540	71.8485
17550	59.7273
17560	69.7273
17570	79.7273
17580	72.0303
17590	82.0303
17600	74.3333
17610	66.6364
17620	76.6364
17630	73.3636
17640	83.3636
17650	71.2424
17660	81.2424
17670	69.1212
17680	79.1212
17690	75.8485
17700	63.7273
17710	73.7273
17720	83.7273
17730	76.0303
17740	68.3333
17750	78.3333
17760	70.6364
17770	80.6364
17780	77.3636
17790	65.2424
17800	75.2424
17810	63.1212
17820	73.1212
17830	69.8485
17840	57.7273
17850	67.7273
17860	77.7273
17870	70.0303
17880	80.0303
17890	72.3333
17900	64.6364
17910	74.6364
17920	71.3636
17930	81.3636
17940	69.2424
17950	79.2424
17960	67.1212
17970	77.1212
17980	73.8485
17990	61.7273
18000	71.7273
18010	81.7273
18020	74.0303
18030	84.0303
18040	76.3333
18050	68.6364
18060	78.6364
18070	75.3636
18080	63.2424
18090	73.2424
18100	83.2424
18110	71.1212
18120	67.8485
18130	77.8485
18140	65.7273
18150	75.7273
18160	68.0303
18170	78.0303
18180	70.3333
18190	62.6364
18200	72.6364
18210	82.6364
18220	79.3636
18230	67.2424
18240	77.2424
18250	65.1212
18260	75.1212
18270	71.8485
18280	59.7273
18290	69.7273
18300	79.7273
18310	72.0303
18320	82.0303
18330	74.3333
18340	66.6364
18350	76.6364
18360	73.3636
18370	83.3636
18380	71.2424
18390	81.2424
18400	69.1212
18410	79.1212
18420	75.8485
18430	63.7273
18440	73.7273
18450	83.7273
18460	76.0303
18470	68.3333
18480	78.3333
18490	70.6364
18500	80.6364
18510	77.3636
18520	65.2424
18530	75.2424
18540	63.1212
18550	73.1212
18560	69.8485
18570	57.7273
18580	67.7273
18590	77.7273
18600	70.0303
18610	80.0303
18620	72.3333
18630	64.6364
18640	74.6364
18650	71.3636
18660	81.3636
18670	69.2424
18680	79.2424
18690	67.1212
18700	77.1212
18710	73.8485
18720	61.7273
18730	71.7273
18740	81.7273
18750	74.0303
18760	84.0303
18770	76.3333
18780	68.6364
18790	78.6364
18800	75.3636
18810	63.2424
18820	73.2424
18830	83.2424
18840	71.1212
18850	67.8485
18860	77.8485
18870	65.7273
18880	75.7273
18890	68.0303
18900	78.0303
18910	70.3333
18920	62.6364
18930	72.6364
18940	82.6364
18950	79.3636
18960	67.2424
18970	77.2424
18980	65.1212
18990	75.1212
19000	71.8485
19010	59.7273
19020	69.7273
19030	79.7273
19040	72.0303
19050	82.0303
19060	74.3333
19070	66.6364
19080	76.6364
19090	73.3636
19100	83.3636
19110	71.2424
19120	81.2424
19130	69.1212
19140	79.1212
19150	75.8485
19160	63.7273
19170	73.7273
19180	83.7273
19190	76.0303
19200	68.3333
19210	78.3333
19220	70.6364
19230	80.6364
19240	77.3636
19250	65.2424
19260	75.2424
19270	63.1212
19280	73.1212
19290	69.8485
19300	57.7273
19310	67.7273
19320	77.7273
19330	70.0303
19340	80.0303
19350	72.3333
19360	64.6364
19370	74.6364
19380	71.3636
19390	81.3636
19400	69.2424
19410	79.2424
19420	67.1212
19430	77.1212
19440	73.8485
19450	61.7273
19460	71.7273
19470	81.7273
19480	74.0303
19490	84.0303
19500	76.3333
19510	68.6364
19520	78.6364
19530	75.3636
19540	63.2424
19550	73.2424
19560	83.2424
19570	71.1212
19580	67.8485
19590	77.8485
19600	65.7273
19610	75.7273
19620	68.0303
19630	78.0303
19640	70.3333
19650	62.6364
19660	72.6364
19670	82.6364
19680	79.3636
19690	67.2424
19700	77.2424
19710	65.1212
19720	75.1212
19730	71.8485
19740	59.7273
19750	69.7273
19760	79.7273
19770	72.0303
19780	82.0303
19790	74.3333
19800	66.6364
19810	76.6364
19820	73.3636
19830	83.3636
19840	71.2424
19850	81.2424
19860	69.1212
19870	79.1212
19880	75.8485
19890	63.7273
19900	73.7273
19910	83.7273
19920	76.0303
19930	68.3333
19940	78.3333
19950	70.6364
19960	80.6364
19970	77.3636
19980	65.2424
19990	75.2424
20000	63.1212
20010	73.1212
20020	69.8485
20030	57.7273
20040	67.7273
20050	77.7273
20060	70.0303
20070	80.0303
20080	72.3333
20090	64.6364
20100	74.6364
20110	71.3636
20120	81.3636
20130	69.2424
20140	79.2424
20150	67.1212
20160	77.1212
20170	73.8485
20180	61.7273
20190	71.7273
20200	81.7273
20210	74.0303
20220	84.0303
20230	76.3333
20240	68.6364
20250	78.6364
20260	75.3636
20270	63.2424
20280	73.2424
20290	83.2424
20300	71.1212
20310	67.8485
20320	77.8485
20330	65.7273
20340	75.7273
20350	68.0303
20360	78.0303
20370	70.3333
20380	62.6364
20390	72.6364
20400	82.6364
20410	79.3636
20420	67.2424
20430	77.2424
20440	65.1212
20450	75.1212
20460	71.8485
20470	59.7273
20480	69.7273
20490	79.7273
20500	72.0303
20510	82.0303
20520	74.3333
20530	66.6364
20540	76.6364
20550	73.3636
20560	83.3636
20570	71.2424
20580	81.2424
20590	69.1212
20600	79.1212
20610	75.8485
20620	63.7273
20630	73.7273
20640	83.7273
20650	76.0303
20660	68.3333
20670	78.3333
20680	70.6364
20690	80.6364
20700	77.3636
20710	65.2424
20720	75.2424
20730	63.1212
20740	73.1212
20750	69.8485
20760	57.7273
20770	67.7273
20780	77.7273
20790	70.0303
20800	80.0303
20810	72.3333
20820	64.6364
20830	74.6364
20840	71.3636
20850	81.3636
20860	69.2424
20870	79.2424
20880	67.1212
20890	77.1212
20900	73.8485
20910	61.7273
20920	71.7273
20930	81.7273
20940	74.0303
20950	84.0303
20960	76.3333
20970	68.6364
20980	78.6364
20990	75.3636
21000	63.2424
21010	73.2424
21020	83.2424
21030	71.1212
21040	67.8485
21050	77.8485
21060	65.7273
21070	75.7273
21080	68.0303
21090	78.0303
21100	70.3333
21110	62.6364
21120	72.6364
21130	82.6364
21140	79.3636
21150	67.2424
21160	77.2424
21170	65.1212
21180	75.1212
21190	71.8485
21200	59.7273
21210	69.7273
21220	79.7273
21230	72.0303
21240	82.0303
21250	74.3333
21260	66.6364
21270	76.6364
21280	73.3636
21290	83.3636
21300	71.2424
21310	81.2424
21320	69.1212
21330	79.1212
21340	75.8485
21350	63.7273
21360	73.7273
21370	83.7273
21380	76.0303
21390	68.3333
21400	78.3333
21410	70.6364
21420	80.6364
21430	77.3636
21440	65.2424
21450	75.2424
21460	63.1212
21470	73.1212
21480	69.8485
21490	57.7273
21500	67.7273
21510	77.7273
21520	70.0303
21530	80.0303
21540	72.3333
21550	64.6364
21560	74.6364
21570	71.3636
21580	81.3636
21590	69.2424
21600	79.2424
21610	67.1212
21620	77.1212
21630	73.8485
21640	61.7273
21650	71.7273
21660	81.7273
21670	74.0303
21680	84.0303
21690	76.3333
21700	68.6364
21710	78.6364
21720	75.3636
21730	63.2424
21740	73.2424
21750	83.2424
21760	71.1212
21770	67.8485
21780	77.8485
21790	65.7273
21800	75.7273
21810	68.0303
21820	78.0303
21830	70.3333
21840	62.6364
21850	72.6364
21860	82.6364
21870	79.3636
21880	67.2424
21890	77.2424
21900	65.1212
21910	75.1212
21920	71.8485
21930	59.7273
21940	69.7273
21950	79.7273
21960	72.0303
21970	82.0303
21980	74.3333
21990	66.6364
22000	76.6364
22010	73.3636
22020	83.3636
22030	71.2424
22040	81.2424
22050	69.1212
22060	79.1212
22070	75.8485
22080	63.7273
22090	73.7273
22100	83.7273
22110	76.0303
22120	68.3333
22130	78.3333
22140	70.6364
22150	80.6364
22160	77.3636
22170	65.2424
22180	75.2424
22190	63.1212
22200	73.1212
22210	69.8485
22220	57.7273
22230	67.7273
22240	77.7273
22250	70.0303
22260	80.0303
22270	72.3333
22280	64.6364
22290	74.6364
22300	71.3636
22310	81.3636
22320	69.2424
22330	79.2424
22340	67.1212
22350	77.1212
22360	73.8485
22370	61.7273
22380	71.7273
22390	81.7273
22400	74.0303
22410	84.0303
22420	76.3333
22430	68.6364
22440	78.6364
22450	75.3636
22460	63.2424
22470	73.2424
22480	83.2424
22490	71.1212
22500	67.8485
22510	77.8485
22520	65.7273
22530	75.7273
22540	68.0303
22550	78.0303
22560	70.3333
22570	62.6364
22580	72.6364
22590	82.6364
22600	79.3636
22610	67.2424
22620	77.2424
22630	65.1212
22640	75.1212
22650	71.8485
22660	59.7273
22670	69.7273
22680	79.7273
22690	72.0303
22700	82.0303
22710	74.3333
22720	66.6364
22730	76.6364
22740	73.3636
22750	83.3636
22760	71.2424
22770	81.2424
22780	69.1212
22790	79.1212
22800	75.8485
22810	63.7273
22820	73.7273
22830	83.7273
22840	76.0303
22850	68.3333
22860	78.3333
22870	70.6364
22880	80.6364
22890	77.3636
22900	65.2424
22910	75.2424
22920	63.1212
22930	73.1212
22940	69.8485
22950	57.7273
22960	67.7273
22970	77.7273
22980	70.0303
22990	80.0303
23000	72.3333
23010	64.6364
23020	74.6364
23030	71.3636
23040	81.3636
23050	69.2424
23060	79.2424
23070	67.1212
23080	77.1212
23090	73.8485
23100	61.7273
23110	71.7273
23120	81.7273
23130	74.0303
23140	84.0303
23150	76.3333
23160	68.6364
23170	78.6364
23180	75.3636
23190	63.2424
23200	73.2424
23210	83.2424
23220	71.1212
23230	67.8485
23240	77.8485
23250	65.7273
23260	75.7273
23270	68.0303
23280	78.0303
23290	70.3333
23300	62.6364
23310	72.6364
23320	82.6364
23330	79.3636
23340	67.2424
23350	77.2424
23360	65.1212
23370	75.1212
23380	71.8485
23390	59.7273
23400	69.7273
23410	79.7273
23420	72.0303
23430	82.0303
23440	74.3333
23450	66.6364
23460	76.6364
23470	73.3636
23480	83.3636
23490	71.2424
23500	81.2424
23510	69.1212
23520	79.1212
23530	75.8485
23540	63.7273
23550	73.7273
23560	83.7273
23570	76.0303
23580	68.3333
23590	78.3333
23600	70.6364
23610	80.6364
23620	77.3636
23630	65.2424
23640	75.2424
23650	63.1212
23660	73.1212
23670	69.8485
23680	57.7273
23690	67.7273
23700	77.7273
23710	70.0303
23720	80.0303
23730	72.3333
23740	64.6364
23750	74.6364
23760	71.3636
23770	81.3636
23780	69.2424
23790	79.2424
23800	67.1212
23810	77.1212
23820	73.8485
23830	61.7273
23840	71.7273
23850	81.7273
23860	74.0303
23870	84.0303
23880	76.3333
23890	68.6364
23900	78.6364
23910	75.3636
23920	63.2424
23930	73.2424
23940	83.2424
23950	71.1212
23960	67.8485
23970	77.8485
23980	65.7273
23990	75.7273
24000	68.0303
24010	78.0303
24020	70.3333
24030	62.6364
24040	72.6364
24050	82.6364
24060	79.3636
24070	67.2424
24080	77.2424
24090	65.1212
24100	75.1212
24110	71.8485
24120	59.7273
24130	69.7273
24140	79.7273
24150	72.0303
24160	82.0303
24170	74.3333
24180	66.6364
24190	76.6364
24200	73.3636
24210	83.3636
24220	71.2424
24230	81.2424
24240	69.1212
24250	79.1212
24260	75.8485
24270	63.7273
24280	73.7273
24290	83.7273
24300	76.0303
24310	68.3333
24320	78.3333
24330	70.6364
24340	80.6364
24350	77.3636
24360	65.2424
24370	75.2424
24380	63.1212
24390	73.1212
24400	69.8485
24410	57.7273
24420	67.7273
24430	77.7273
24440	70.0303
24450	80.0303
24460	72.3333
24470	64.6364
24480	74.6364
24490	71.3636
24500	81.3636
24510	69.2424
24520	79.2424
24530	67.1212
24540	77.1212
24550	73.8485
24560	61.7273
24570	71.7273
24580	81.7273
24590	74.0303
24600	84.0303
24610	76.3333
24620	68.6364
24630	78.6364
24640	75.3636
24650	63.2424
24660	73.2424
24670	83.2424
24680	71.1212
24690	67.8485
24700	77.8485
24710	65.7273
24720	75.7273
24730	68.0303
24740	78.0303
24750	70.3333
24760	62.6364
24770	72.6364
24780	82.6364
24790	79.3636
24800	67.2424
24810	77.2424
24820	65.1212
24830	75.1212
24840	71.8485
24850	59.7273
24860	69.7273
24870	79.7273
24880	72.0303
24890	82.0303
24900	74.3333
24910	66.6364
24920	76.6364
24930	73.3636
24940	83.3636
24950	71.2424
24960	81.2424
24970	69.1212
24980	79.1212
24990	75.8485
25000	63.7273
25010	73.7273
25020	83.7273
25030	76.0303
25040	68.3333
25050	78.3333
25060	70.6364
25070	80.6364
25080	77.3636
25090	65.2424
25100	75.2424
25110	63.1212
25120	73.1212
25130	69.8485
25140	57.7273
25150	67.7273
25160	77.7273
25170	70.0303
25180	80.0303
25190	72.3333
25200	64.6364
25210	74.6364
25220	71.3636
25230	81.3636
25240	69.2424
25250	79.2424
25260	67.1212
25270	77.1212
25280	73.8485
25290	61.7273
25300	71.7273
25310	81.7273
25320	74.0303
25330	84.0303
25340	76.3333
25350	68.6364
25360	78.6364
25370	75.3636
25380	63.2424
25390	73.2424
25400	83.2424
25410	71.1212
25420	67.8485
25430	77.8485
25440	65.7273
25450	75.7273
25460	68.0303
25470	78.0303
25480	70.3333
25490	62.6364
25500	72.6364
25510	82.6364
25520	79.3636
25530	67.2424
25540	77.2424
25550	65.1212
25560	75.1212
25570	71.8485
25580	59.7273
25590	69.7273
25600	79.7273
25610	72.0303
25620	82.0303
25630	74.3333
25640	66.6364
25650	76.6364
25660	73.3636
25670	83.3636
25680	71.2424
25690	81.2424
25700	69.1212
25710	79.1212
25720	75.8485
25730	63.7273
25740	73.7273
25750	83.7273
25760	76.0303
25770	68.3333
25780	78.3333
25790	70.6364
25800	80.6364
25810	77.3636
25820	65.2424
25830	75.2424
25840	63.1212
25850	73.1212
25860	69.8485
25870	57.7273
25880	67.7273
25890	77.7273
25900	70.0303
25910	80.0303
25920	72.3333
25930	64.6364
25940	74.6364
25950	71.3636
25960	81.3636
25970	69.2424
25980	79.2424
25990	67.1212
26000	77.1212
26010	73.8485
26020	61.7273
26030	71.7273
26040	81.7273
26050	74.0303
26060	84.0303
26070	76.3333
26080	68.6364
26090	78.6364
26100	75.3636
26110	63.2424
26120	73.2424
26130	83.2424
26140	71.1212
26150	67.8485
26160	77.8485
26170	65.7273
26180	75.7273
26190	68.0303
26200	78.0303
26210	70.3333
26220	62.6364
26230	72.6364
26240	82.6364
26250	79.3636
26260	67.2424
26270	77.2424
26280	65.1212
26290	75.1212
26300	71.8485
26310	59.7273
26320	69.7273
26330	79.7273
26340	72.0303
26350	82.0303
26360	74.3333
26370	66.6364
26380	76.6364
26390	73.3636
26400	83.3636
26410	71.2424
26420	81.2424
26430	69.1212
26440	79.1212
26450	75.8485
26460	63.7273
26470	73.7273
26480	83.7273
26490	76.0303
26500	68.3333
26510	78.3333
26520	70.6364
26530	80.6364
26540	77.3636
26550	65.2424
26560	75.2424
26570	63.1212
26580	73.1212
26590	69.8485
26600	57.7273
26610	67.7273
26620	77.7273
26630	70.0303
26640	80.0303
26650	72.3333
26660	64.6364
26670	74.6364
26680	71.3636
26690	81.3636
26700	69.2424
26710	79.2424
26720	67.1212
26730	77.1212
26740	73.8485
26750	61.7273
26760	71.7273
26770	81.7273
26780	74.0303
26790	84.0303
26800	76.3333
26810	68.6364
26820	78.6364
26830	75.3636
26840	63.2424
26850	73.2424
26860	83.2424
26870	71.1212
26880	67.8485
26890	77.8485
26900	65.7273
26910	75.7273
26920	68.0303
26930	78.0303
26940	70.3333
26950	62.6364
26960	72.6364
26970	82.6364
26980	79.3636
26990	67.2424
27000	77.2424
27010	65.1212
27020	75.1212
27030	71.8485
27040	59.7273
27050	69.7273
27060	79.7273
27070	72.0303
27080	82.0303
27090	74.3333
27100	66.6364
27110	76.6364
27120	73.3636
27130	83.3636
27140	71.2424
27150	81.2424
27160	69.1212
27170	79.1212
27180	75.8485
27190	63.7273
27200	73.7273
27210	83.7273
27220	76.0303
27230	68.3333
27240	78.3333
27250	70.6364
27260	80.6364
27270	77.3636
27280	65.2424
27290	75.2424
27300	63.1212
27310	73.1212
27320	69.8485
27330	57.7273
27340	67.7273
27350	77.7273
27360	70.0303
27370	80.0303
27380	72.3333
27390	64.6364
27400	74.6364
27410	71.3636
27420	81.3636
27430	69.2424
27440	79.2424
27450	67.1212
27460	77.1212
27470	73.8485
27480	61.7273
27490	71.7273
27500	81.7273
27510	74.0303
27520	84.0303
27530	76.3333
27540	68.6364
27550	78.6364
27560	75.3636
27570	63.2424
27580	73.2424
27590	83.2424
27600	71.1212
27610	67.8485
27620	77.8485
27630	65.7273
27640	75.7273
27650	68.0303
27660	78.0303
27670	70.3333
27680	62.6364
27690	72.6364
27700	82.6364
27710	79.3636
27720	67.2424
27730	77.2424
27740	65.1212
27750	75.1212
27760	71.8485
27770	59.7273
27780	69.7273
27790	79.7273
27800	72.0303
27810	82.0303
27820	74.3333
27830	66.6364
27840	76.6364
27850	73.3636
27860	83.3636
27870	71.2424
27880	81.2424
27890	69.1212
27900	79.1212
27910	75.8485
27920	63.7273
27930	73.7273
27940	83.7273
27950	76.0303
27960	68.3333
27970	78.3333
27980	70.6364
27990	80.6364
28000	77.3636
28010	65.2424
28020	75.2424
28030	63.1212
28040	73.1212
28050	69.8485
28060	57.7273
28070	67.7273
28080	77.7273
28090	70.0303
28100	80.0303
28110	72.3333
28120	64.6364
28130	74.6364
28140	71.3636
28150	81.3636
28160	69.2424
28170	79.2424
28180	67.1212
28190	77.1212
28200	73.8485
28210	61.7273
28220	71.7273
28230	81.7273
28240	74.0303
28250	84.0303
28260	76.3333
28270	68.6364
28280	78.6364
28290	75.3636
28300	63.2424
28310	73.2424
28320	83.2424
28330	71.1212
28340	67.8485
28350	77.8485
28360	65.7273
28370	75.7273
28380	68.0303
28390	78.0303
28400	70.3333
28410	62.6364
28420	72.6364
28430	82.6364
28440	79.3636
28450	67.2424
28460	77.2424
28470	65.1212
28480	75.1212
28490	71.8485
28500	59.7273
28510	69.7273
28520	79.7273
28530	72.0303
28540	82.0303
28550	74.3333
28560	66.6364
28570	76.6364
28580	73.3636
28590	83.3636
28600	71.2424
28610	81.2424
28620	69.1212
28630	79.1212
28640	75.8485
28650	63.7273
28660	73.7273
28670	83.7273
28680	76.0303
28690	68.3333
28700	78.3333
28710	70.6364
28720	80.6364
28730	77.3636
28740	65.2424
28750	75.2424
28760	63.1212
28770	73.1212
28780	69.8485
28790	57.7273
28800	67.7273
28810	77.7273
28820	70.0303
28830	80.0303
28840	72.3333
28850	64.6364
28860	74.6364
28870	71.3636
28880	81.3636
28890	69.2424
28900	79.2424
28910	67.1212
28920	77.1212
28930	73.8485
28940	61.7273
28950	71.7273
28960	81.7273
28970	74.0303
28980	84.0303
28990	76.3333
29000	68.6364
29010	78.6364
29020	75.3636
29030	63.2424
29040	73.2424
29050	83.2424
29060	71.1212
29070	67.8485
29080	77.8485
29090	65.7273
29100	75.7273
29110	68.0303
29120	78.0303
29130	70.3333
29140	62.6364
29150	72.6364
29160	82.6364
29170	79.3636
29180	67.2424
29190	77.2424
29200	65.1212
29210	75.1212
29220	71.8485
29230	59.7273
29240	69.7273
29250	79.7273
29260	72.0303
29270	82.0303
29280	74.3333
29290	66.6364
29300	76.6364
29310	73.3636
29320	83.3636
29330	71.2424
29340	81.2424
29350	69.1212
29360	79.1212
29370	75.8485
29380	63.7273
29390	73.7273
29400	83.7273
29410	76.0303
29420	68.3333
29430	78.3333
29440	70.6364
29450	80.6364
29460	77.3636
29470	65.2424
29480	75.2424
29490	63.1212
29500	73.1212
29510	69.8485
29520	57.7273
29530	67.7273
29540	77.7273
29550	70.0303
29560	80.0303
29570	72.3333
29580	64.6364
29590	74.6364
29600	71.3636
29610	81.3636
29620	69.2424
29630	79.2424
29640	67.1212
29650	77.1212
29660	73.8485
29670	61.7273
29680	71.7273
29690	81.7273
29700	74.0303
29710	84.0303
29720	76.3333
29730	68.6364
29740	78.6364
29750	75.3636
29760	63.2424
29770	73.2424
29780	83.2424
29790	71.1212
29800	67.8485
29810	77.8485
29820	65.7273
29830	75.7273
29840	68.0303
29850	78.0303
29860	70.3333
29870	62.6364
29880	72.6364
29890	82.6364
29900	79.3636
29910	67.2424
29920	77.2424
29930	65.1212
29940	75.1212
29950	71.8485
29960	59.7273
29970	69.7273
29980	79.7273
29990	72.0303
30000	82.0303
30010	74.3333
30020	66.6364
30030	76.6364
30040	73.3636
30050	83.3636
30060	71.2424
30070	81.2424
30080	69.1212
30090	79.1212
30100	75.8485
30110	63.7273
30120	73.7273
30130	83.7273
30140	76.0303
30150	68.3333
30160	78.3333
30170	70.6364
30180	80.6364
30190	77.3636
30200	65.2424
30210	75.2424
30220	63.1212
30230	73.1212
30240	69.8485
30250	57.7273
30260	67.7273
30270	77.7273
30280	70.0303
30290	80.0303
30300	72.3333
30310	64.6364
30320	74.6364
30330	71.3636
30340	81.3636
30350	69.2424
30360	79.2424
30370	67.1212
30380	77.1212
30390	73.8485
30400	61.7273
30410	71.7273
30420	81.7273
30430	74.0303
30440	84.0303
30450	76.3333
30460	68.6364
30470	78.6364
30480	75.3636
30490	63.2424
30500	73.2424
30510	83.2424
30520	71.1212
30530	67.8485
30540	77.8485
30550	65.7273
30560	75.7273
30570	68.0303
30580	78.0303
30590	70.3333
30600	62.6364
30610	72.6364
30620	82.6364
30630	79.3636
30640	67.2424
30650	77.2424
30660	65.1212
30670	75.1212
30680	71.8485
30690	59.7273
30700	69.7273
30710	79.7273
30720	72.0303
30730	82.0303
30740	74.3333
30750	66.6364
30760	76.6364
30770	73.3636
30780	83.3636
30790	71.2424
30800	81.2424
30810	69.1212
30820	79.1212
30830	75.8485
30840	63.7273
30850	73.7273
30860	83.7273
30870	76.0303
30880	68.3333
30890	78.3333
30900	70.6364
30910	80.6364
30920	77.3636
30930	65.2424
30940	75.2424
30950	63.1212
30960	73.1212
30970	69.8485
30980	57.7273
30990	67.7273
31000	77.7273
31010	70.0303
31020	80.0303
31030	72.3333
31040	64.6364
31050	74.6364
31060	71.3636
31070	81.3636
31080	69.2424
31090	79.2424
31100	67.1212
31110	77.1212
31120	73.8485
31130	61.7273
31140	71.7273
31150	81.7273
31160	74.0303
31170	84.0303
31180	76.3333
31190	68.6364
31200	78.6364
31210	75.3636
31220	63.2424
31230	73.2424
31240	83.2424
31250	71.1212
31260	67.8485
31270	77.8485
31280	65.7273
31290	75.7273
31300	68.0303
31310	78.0303
31320	70.3333
31330	62.6364
31340	72.6364
31350	82.6364
31360	79.3636
31370	67.2424
31380	77.2424
31390	65.1212
31400	75.1212
31410	71.8485
31420	59.7273
31430	69.7273
31440	79.7273
31450	72.0303
31460	82.0303
31470	74.3333
31480	66.6364
31490	76.6364
31500	73.3636
31510	83.3636
31520	71.2424
31530	81.2424
31540	69.1212
31550	79.1212
31560	75.8485
31570	63.7273
31580	73.7273
31590	83.7273
31600	76.0303
31610	68.3333
31620	78.3333
31630	70.6364
31640	80.6364
31650	77.3636
31660	65.2424
31670	75.2424
31680	63.1212
31690	73.1212
31700	69.8485
31710	57.7273
31720	67.7273
31730	77.7273
31740	70.0303
31750	80.0303
31760	72.3333
31770	64.6364
31780	74.6364
31790	71.3636
31800	81.3636
31810	69.2424
31820	79.2424
31830	67.1212
31840	77.1212
31850	73.8485
31860	61.7273
31870	71.7273
31880	81.7273
31890	74.0303
31900	84.0303
31910	76.3333
31920	68.6364
31930	78.6364
31940	75.3636
31950	63.2424
31960	73.2424
31970	83.2424
31980	71.1212
31990	67.8485
32000	77.8485
32010	65.7273
32020	75.7273
32030	68.0303
32040	78.0303
32050	70.3333
32060	62.6364
32070	72.6364
32080	82.6364
32090	79.3636
32100	67.2424
32110	77.2424
32120	65.1212
32130	75.1212
32140	71.8485
32150	59.7273
32160	69.7273
32170	79.7273
32180	72.0303
32190	82.0303
32200	74.3333
32210	66.6364
32220	76.6364
32230	73.3636
32240	83.3636
32250	71.2424
32260	81.2424
32270	69.1212
32280	79.1212
32290	75.8485
32300	63.7273
32310	73.7273
32320	83.7273
32330	76.0303
32340	68.3333
32350	78.3333
32360	70.6364
32370	80.6364
32380	77.3636
32390	65.2424
32400	75.2424
32410	63.1212
32420	73.1212
32430	69.8485
32440	57.7273
32450	67.7273
32460	77.7273
32470	70.0303
32480	80.0303
32490	72.3333
32500	64.6364
32510	74.6364
32520	71.3636
32530	81.3636
32540	69.2424
32550	79.2424
32560	67.1212
32570	77.1212
32580	73.8485
32590	61.7273
32600	71.7273
32610	81.7273
32620	74.0303
32630	84.0303
32640	76.3333
32650	68.6364
32660	78.6364
32670	75.3636
32680	63.2424
32690	73.2424
32700	83.2424
32710	71.1212
32720	67.8485
32730	77.8485
32740	65.7273
32750	75.7273
32760	68.0303
32770	78.0303
32780	70.3333
32790	62.6364
32800	72.6364
32810	82.6364
32820	79.3636
32830	67.2424
32840	77.2424
32850	65.1212
32860	75.1212
32870	71.8485
32880	59.7273
32890	69.7273
32900	79.7273
32910	72.0303
32920	82.0303
32930	74.3333
32940	66.6364
32950	76.6364
32960	73.3636
32970	83.3636
32980	71.2424
32990	81.2424
33000	69.1212
33010	79.1212
33020	75.8485
33030	63.7273
33040	73.7273
33050	83.7273
33060	76.0303
33070	68.3333
33080	78.3333
33090	70.6364
33100	80.6364
33110	77.3636
33120	65.2424
33130	75.2424
33140	63.1212
33150	73.1212
33160	69.8485
33170	57.7273
33180	67.7273
33190	77.7273
33200	70.0303
33210	80.0303
33220	72.3333
33230	64.6364
33240	74.6364
33250	71.3636
33260	81.3636
33270	69.2424
33280	79.2424
33290	67.1212
33300	77.1212
33310	73.8485
33320	61.7273
33330	71.7273
33340	81.7273
33350	74.0303
33360	84.0303
33370	76.3333
33380	68.6364
33390	78.6364
33400	75.3636
33410	63.2424
33420	73.2424
33430	83.2424
33440	71.1212
33450	67.8485
33460	77.8485
33470	65.7273
33480	75.7273
33490	68.0303
33500	78.0303
33510	70.3333
33520	62.6364
33530	72.6364
33540	82.6364
33550	79.3636
33560	67.2424
33570	77.2424
33580	65.1212
33590	75.1212
33600	71.8485
33610	59.7273
33620	69.7273
33630	79.7273
33640	72.0303
33650	82.0303
33660	74.3333
33670	66.6364
33680	76.6364
33690	73.3636
33700	83.3636
33710	71.2424
33720	81.2424
33730	69.1212
33740	79.1212
33750	75.8485
33760	63.7273
33770	73.7273
33780	83.7273
33790	76.0303
33800	68.3333
33810	78.3333
33820	70.6364
33830	80.6364
33840	77.3636
33850	65.2424
33860	75.2424
33870	63.1212
33880	73.1212
33890	69.8485
33900	57.7273
33910	67.7273
33920	77.7273
33930	70.0303
33940	80.0303
33950	72.3333
33960	64.6364
33970	74.6364
33980	71.3636
33990	81.3636
34000	69.2424
34010	79.2424
34020	67.1212
34030	77.1212
34040	73.8485
34050	61.7273
34060	71.7273
34070	81.7273
34080	74.0303
34090	84.0303
34100	76.3333
34110	68.6364
34120	78.6364
34130	75.3636
34140	63.2424
34150	73.2424
34160	83.2424
34170	71.1212
34180	67.8485
34190	77.8485
34200	65.7273
34210	75.7273
34220	68.0303
34230	78.0303
34240	70.3333
34250	62.6364
34260	72.6364
34270	82.6364
34280	79.3636
34290	67.2424
34300	77.2424
34310	65.1212
34320	75.1212
34330	71.8485
34340	59.7273
34350	69.7273
34360	79.7273
34370	72.0303
34380	82.0303
34390	74.3333
34400	66.6364
34410	76.6364
34420	73.3636
34430	83.3636
34440	71.2424
34450	81.2424
34460	69.1212
34470	79.1212
34480	75.8485
34490	63.7273
34500	73.7273
34510	83.7273
34520	76.0303
34530	68.3333
34540	78.3333
34550	70.6364
34560	80.6364
34570	77.3636
34580	65.2424
34590	75.2424
34600	63.1212
34610	73.1212
34620	69.8485
34630	57.7273
34640	67.7273
34650	77.7273
34660	70.0303
34670	80.0303
34680	72.3333
34690	64.6364
34700	74.6364
34710	71.3636
34720	81.3636
34730	69.2424
34740	79.2424
34750	67.1212
34760	77.1212
34770	73.8485
34780	61.7273
34790	71.7273
34800	81.7273
34810	74.0303
34820	84.0303
34830	76.3333
34840	68.6364
34850	78.6364
34860	75.3636
34870	63.2424
34880	73.2424
34890	83.2424
34900	71.1212
34910	67.8485
34920	77.8485
34930	65.7273
34940	75.7273
34950	68.0303
34960	78.0303
34970	70.3333
34980	62.6364
34990	72.6364
35000	82.6364
35010	79.3636
35020	67.2424
35030	77.2424
35040	65.1212
35050	75.1212
35060	71.8485
35070	59.7273
35080	69.7273
35090	79.7273
35100	72.0303
35110	82.0303
35120	74.3333
35130	66.6364
35140	76.6364
35150	73.3636
35160	83.3636
35170	71.2424
35180	81.2424
35190	69.1212
35200	79.1212
35210	75.8485
35220	63.7273
35230	73.7273
35240	83.7273
35250	76.0303
35260	68.3333
35270	78.3333
35280	70.6364
35290	80.6364
35300	77.3636
35310	65.2424
35320	75.2424
35330	63.1212
35340	73.1212
35350	69.8485
35360	57.7273
35370	67.7273
35380	77.7273
35390	70.0303
35400	80.0303
35410	72.3333
35420	64.6364
35430	74.6364
35440	71.3636
35450	81.3636
35460	69.2424
35470	79.2424
35480	67.1212
35490	77.1212
35500	73.8485
35510	61.7273
35520	71.7273
35530	81.7273
35540	74.0303
35550	84.0303
35560	76.3333
35570	68.6364
35580	78.6364
35590	75.3636
35600	63.2424
35610	73.2424
35620	83.2424
35630	71.1212
35640	67.8485
35650	77.8485
35660	65.7273
35670	75.7273
35680	68.0303
35690	78.0303
35700	70.3333
35710	62.6364
35720	72.6364
35730	82.6364
35740	79.3636
35750	67.2424
35760	77.2424
35770	65.1212
35780	75.1212
35790	71.8485
35800	59.7273
35810	69.7273
35820	79.7273
35830	72.0303
35840	82.0303
35850	74.3333
35860	66.6364
35870	76.6364
35880	73.3636
35890	83.3636
35900	71.2424
35910	81.2424
35920	69.1212
35930	79.1212
35940	75.8485
35950	63.7273
35960	73.7273
35970	83.7273
35980	76.0303
35990	68.3333
36000	78.3333
