10	11
20	21
30	2
40	2
50	2
60	2
70	4.5
80	14.5
90	24.5
100	21
110	31
120	20
130	30
140	20
150	30
160	21.8333
170	31.8333
180	27
190	37
200	47
210	36.6667
220	46.6667
230	56.6667
240	66.6667
250	46.6667
260	56.6667
270	37.8333
280	47.8333
290	57.8333
300	41.5
310	51.5
320	61.5
330	51
340	39.95
350	49.95
360	38.4
370	48.4
380	58.4
390	68.4
400	56.35
410	66.35
420	76.35
430	65.8
440	55.8
450	44
460	54
470	64
480	50
490	60
500	70
510	58
520	68
530	78
540	66.8
550	55.9333
560	65.9333
570	50.7333
580	60.7333
590	45.2
600	55.2
610	65.2
620	75.2
630	65
640	75
650	85
660	66.1905
670	76.1905
680	57.5
690	45.5619
700	39.2905
710	49.2905
720	59.2905
730	48.6905
740	58.6905
750	68.6905
760	55.8857
770	65.8857
780	75.8857
790	53
800	63
810	49.3
820	59.3
830	69.3
840	60.9455
850	70.9455
860	80.9454
870	70.2364
880	80.2364
890	90.2364
900	69.9909
910	79.9909
920	89.9909
930	67.9769
940	77.9769
950	62.021
960	72.021
970	59.979
980	69.979
990	79.979
1000	62.496
1010	72.496
1020	82.496
1030	62.8571
1040	72.8571
1050	50.663
1060	60.663
1070	70.663
1080	62.1788
1090	72.1787
1100	82.1788
1110	69.5788
1120	79.5788
1130	89.5788
1140	69.1474
1150	79.1474
1160	63.7322
1170	73.7322
1180	55.0784
1190	47.4627
1200	57.4627
1210	43.4627
1220	53.4627
1230	63.4627
1240	51.1646
1250	61.1646
1260	71.1646
1270	62.0593
1280	72.0593
1290	64.3488
1300	74.3488
1310	65.1471
1320	75.1471
1330	66.8158
1340	76.8158
1350	61.5526
1360	71.5526
1370	81.5526
1380	69.4474
1390	79.4474
1400	89.4474
1410	76.0368
1420	86.0368
1430	71.3737
1440	81.3737
1450	66.5684
1460	76.5684
1470	61.9211
1480	71.9211
1490	65.5947
1500	75.5947
1510	61.5947
1520	71.5947
1530	81.5947
1540	67.5
1550	77.5
1560	87.5
1570	73.5
1580	83.5
1590	69.7
1600	79.7
1610	65.9429
1620	75.9429
1630	62.3286
1640	57.6333
1650	67.6333
1660	77.6333
1670	64.7762
1680	74.7762
1690	84.7762
1700	71.6619
1710	81.6619
1720	91.6619
1730	78.8918
1740	88.8918
1750	74.7359
1760	84.7359
1770	72.2684
1780	82.2684
1790	69.9307
1800	65.0822
1810	75.0822
1820	85.0822
1830	69.6277
1840	79.6277
1850	89.6277
1860	77.7446
1870	87.7446
1880	77.29
1890	87.29
1900	97.29
1910	81.8355
1920	91.8355
1930	80.0173
1940	69.5628
1950	79.5628
1960	89.5628
1970	81.3636
1980	69.0909
1990	79.0909
2000	89.0909
2010	78.6364
2020	88.6364
2030	98.6364
2040	108.636
2050	96.0277
2060	106.028
2070	85.7265
2080	95.7265
2090	77.8704
2100	87.8704
2110	97.8704
2120	80.6324
2130	66.1581
2140	76.1581
2150	57.3581
2160	67.3581
2170	77.3581
2180	87.3581
2190	75.2292
2200	85.2292
2210	95.2292
2220	80.0293
2230	90.0293
2240	80.8292
2250	90.8292
2260	80.4846
2270	90.4846
2280	100.485
2290	85.8662
2300	95.8662
2310	82.2532
2320	92.2532
2330	80.1704
2340	90.1704
2350	100.17
2360	90.5651
2370	100.565
2380	110.565
2390	87.1677
2400	97.1677
2410	81.6199
2420	91.6199
2430	101.62
2440	86.4249
2450	96.4249
2460	83.7164
2470	93.7164
2480	74.4201
2490	84.42
2500	73.9025
2510	83.9025
2520	75.0471
2530	85.0471
2540	95.0471
2550	85.9957
2560	95.9957
2570	105.996
2580	84.9351
2590	94.9351
2600	83.1941
2610	93.1941
2620	103.194
2630	89.5842
2640	99.5842
2650	82.9933
2660	92.9933
2670	75.8008
2680	85.8008
2690	95.8008
2700	81.8373
2710	91.8373
2720	83.9184
2730	93.9184
2740	83.1701
2750	93.1701
2760	80.8433
2770	90.8433
2780	100.843
2790	89.6553
2800	99.6553
2810	109.655
2820	95.1951
2830	105.195
2840	84.6396
2850	94.6396
2860	85.1836
2870	95.1836
2880	82.008
2890	92.008
2900	81.2026
2910	91.2026
2920	101.203
2930	84.3633
2940	94.3633
2950	83.9804
2960	93.9804
2970	86.778
2980	96.778
2990	89.4253
3000	99.4253
3010	86.4191
3020	96.4191
3030	106.419
3040	94.2735
3050	104.274
3060	114.274
3070	124.274
3080	113.758
3090	99.1828
3100	109.183
3110	91.3079
3120	101.308
3130	82.7978
3140	92.7978
3150	83.1817
3160	93.1817
3170	80.6301
3180	90.6301
3190	79.1667
3200	89.1667
3210	99.1667
3220	83.8752
3230	93.8752
3240	103.875
3250	92.1688
3260	102.169
3270	88.6256
3280	98.6256
3290	108.626
3300	90.2266
3310	100.227
3320	89.3789
3330	99.3789
3340	109.379
3350	95.5717
3360	82.9019
3370	92.9019
3380	83.5918
3390	93.5918
3400	103.592
3410	90.2036
3420	100.204
3430	110.204
3440	93.1426
3450	103.143
3460	93.0723
3470	82.8683
3480	92.8682
3490	102.868
3500	68.9674
3510	78.9674
3520	69.3629
3530	79.3629
3540	89.3629
3550	75.9248
3560	85.9248
3570	95.9248
3580	82.0904
3590	92.0904
3600	73.7343
3610	83.7343
3620	74.8965
3630	84.8965
3640	94.8965
3650	104.896
3660	95.6476
3670	105.648
3680	115.648
3690	106.079
3700	116.079
3710	103.978
3720	113.978
3730	96.564
3740	106.564
3750	87.2432
3760	97.2432
3770	107.243
3780	92.9863
3790	102.986
3800	112.986
3810	97.6203
3820	107.62
3830	97.503
3840	85.1425
3850	95.1425
3860	105.143
3870	95.0006
3880	105.001
3890	91.8854
3900	101.885
3910	89.9007
3920	99.9007
3930	88.001
3940	98.001
3950	108.001
3960	118.001
3970	101.935
3980	111.935
3990	121.935
4000	100.3
4010	110.3
4020	95.209
4030	105.209
4040	115.209
4050	99.6644
4060	109.664
4070	94.8371
4080	104.837
4090	89.394
4100	99.394
4110	85.0482
4120	95.0482
4130	105.048
4140	88.4888
4150	98.4888
4160	108.489
4170	86.1442
4180	96.1442
4190	84.4201
4200	94.4201
4210	104.42
4220	92.0063
4230	82.7197
4240	92.7197
4250	85.5722
4260	95.5722
4270	105.572
4280	93.3749
4290	103.375
4300	113.375
4310	96.1706
4320	106.171
4330	116.171
4340	104.201
4350	114.201
4360	101.885
4370	111.885
4380	121.885
4390	111.27
4400	121.27
4410	109.661
4420	119.661
4430	105.118
4440	115.118
4450	97.2848
4460	107.285
4470	117.285
4480	96.704
4490	106.704
4500	116.704
4510	102.885
4520	112.885
4530	122.885
4540	105.91
4550	115.91
4560	96.1572
4570	106.157
4580	89.694
4590	99.694
4600	85.3496
4610	95.3496
4620	80.8934
4630	90.8934
4640	100.893
4650	84.7652
4660	94.7652
4670	104.765
4680	93.6384
4690	103.638
4700	113.638
4710	102.031
4720	112.031
4730	98.0634
4740	108.063
4750	97.3714
4760	107.371
4770	117.371
4780	101.862
4790	88.7729
4800	98.7729
4810	108.773
4820	92.6726
4830	102.673
4840	112.673
4850	97.0226
4860	107.023
4870	117.023
4880	104.287
4890	114.287
4900	100.868
4910	110.868
4920	94.1559
4930	104.156
4940	114.156
4950	99.7476
4960	109.748
4970	91.1175
4980	101.117
4990	111.117
5000	93.9942
5010	103.994
5020	113.994
5030	101.485
5040	111.485
5050	121.485
5060	106.999
5070	116.999
5080	101.116
5090	111.116
5100	94.0947
5110	104.095
5120	92.5753
5130	102.575
5140	86.6496
5150	96.6496
5160	80.8943
5170	90.8943
5180	100.894
5190	83.2128
5200	93.2128
5210	83.4824
5220	93.4824
5230	103.482
5240	94.5981
5250	84.9484
5260	94.9484
5270	104.948
5280	90.4199
5290	76.9223
5300	86.9223
5310	77.8766
5320	87.8766
5330	97.8766
5340	107.877
5350	95.0026
5360	105.003
5370	94.2233
5380	104.223
5390	114.223
5400	99.2883
5410	109.288
5420	97.2104
5430	85.0026
5440	95.0026
5450	80.0675
5460	90.0675
5470	100.068
5480	86.6234
5490	76.6234
5500	86.6234
5510	96.6234
5520	81.6883
5530	91.6883
5540	79.627
5550	89.627
5560	99.627
5570	90.2131
5580	100.213
5590	88.5148
5600	98.5148
5610	86.6086
5620	96.6086
5630	84.1819
5640	94.1819
5650	104.182
5660	89.5779
5670	99.5779
5680	109.578
5690	119.578
5700	109.562
5710	119.562
5720	106.876
5730	116.876
5740	126.876
5750	112.386
5760	122.386
5770	104.386
5780	85.8557
5790	95.8557
5800	105.856
5810	90.9472
5820	100.947
5830	110.947
5840	93.435
5850	80.186
5860	90.186
5870	79.5274
5880	89.5274
5890	99.5274
5900	87.3933
5910	97.3933
5920	84.5325
5930	94.5325
5940	81.2364
5950	91.2364
5960	101.236
5970	90.1063
5980	100.106
5990	110.106
6000	93.619
6010	103.619
6020	88.3403
6030	98.3403
6040	108.34
6050	98.7514
6060	108.751
6070	99.1086
6080	109.109
6090	97.68
6100	107.68
6110	117.68
6120	102.68
6130	112.68
6140	122.68
6150	102.363
6160	112.363
6170	122.363
6180	109.196
6190	119.196
6200	129.196
6210	117.74
6220	127.74
6230	112.893
6240	122.893
6250	132.893
6260	115.154
6270	125.154
6280	106.712
6290	116.712
6300	97.1217
6310	107.122
6320	83.1143
6330	93.1143
6340	103.114
6350	75.779
6360	85.779
6370	95.779
6380	88.3665
6390	98.3665
6400	108.366
6410	96.6001
6420	106.6
6430	95.0637
6440	81.3775
6450	91.3775
6460	101.377
6470	90.8822
6480	100.882
6490	110.882
6500	96.452
6510	106.452
6520	96.5025
6530	88.4242
6540	98.4242
6550	87.2203
6560	97.2203
6570	84.7297
6580	94.7297
6590	82.4708
6600	92.4708
6610	102.471
6620	91.1466
6630	101.147
6640	111.147
6650	95.7641
6660	105.764
6670	115.764
6680	125.764
6690	110.123
6700	120.123
6710	98.9881
6720	108.988
6730	88.5112
6740	98.5112
6750	86.7379
6760	96.7379
6770	83.0702
6780	93.0702
6790	103.07
6800	113.07
6810	96.8344
6820	106.834
6830	116.834
6840	100.856
6850	110.856
6860	99.7727
6870	109.773
6880	97.2381
6890	107.238
6900	94.0348
6910	104.035
6920	88.9195
6930	98.9195
6940	88.1293
6950	98.1293
6960	108.129
6970	92.3218
6980	102.322
6990	112.322
7000	92.8749
7010	102.875
7020	112.875
7030	99.9461
7040	109.946
7050	119.946
7060	104.411
7070	114.411
7080	100.44
7090	110.44
7100	94.0295
7110	104.029
7120	90.1157
7130	75.8477
7140	85.8477
7150	95.8477
7160	82.4869
7170	92.4869
7180	83.2814
7190	93.2814
7200	82.6561
7210	92.6561
7220	81.0792
7230	91.0792
7240	101.079
7250	85.372
7260	95.372
7270	86.6226
7280	79.5737
7290	89.5737
7300	99.5737
7310	88.585
7320	98.585
7330	108.585
7340	90.2169
7350	100.217
7360	110.217
7370	99.1991
7380	109.199
7390	119.199
7400	106.068
7410	116.068
7420	101.462
7430	111.462
7440	97.0339
7450	107.034
7460	92.2656
7470	102.266
7480	112.266
7490	97.9759
7500	107.976
7510	117.976
7520	101.685
7530	111.685
7540	121.685
7550	104.193
7560	114.193
7570	101.38
7580	111.38
7590	96.924
7600	106.924
7610	90.5845
7620	100.585
7630	82.2749
7640	92.2749
7650	102.275
7660	112.275
7670	97.7117
7680	107.712
7690	117.712
7700	101.189
7710	111.189
7720	100.228
7730	89.5721
7740	99.5721
7750	86.6424
7760	96.6424
7770	85.0717
7780	95.0717
7790	105.072
7800	90.9711
7810	100.971
7820	86.3944
7830	96.3944
7840	84.0614
7850	69.9516
7860	79.9516
7870	89.9516
7880	81.584
7890	91.584
7900	101.584
7910	89.5728
7920	99.5728
7930	86.3185
7940	96.3185
7950	82.6266
7960	92.6266
7970	81.4721
7980	91.4721
7990	101.472
8000	92.1732
8010	102.173
8020	112.173
8030	101.987
8040	88.5278
8050	98.5278
8060	84.3025
8070	94.3025
8080	84.5821
8090	94.5821
8100	104.582
8110	93.0882
8120	103.088
8130	93.0974
8140	103.097
8150	89.6882
8160	99.6882
8170	87.0787
8180	97.0787
8190	107.079
8200	117.079
8210	100.983
8220	110.983
8230	120.983
8240	102.203
8250	112.203
8260	92.1372
8270	77.1974
8280	87.1975
8290	97.1975
8300	85.3007
8310	76.8229
8320	86.8229
8330	96.8229
8340	89.9496
8350	82.6259
8360	92.6259
8370	102.626
8380	90.3158
8390	100.316
8400	110.316
8410	96.1497
8420	106.15
8430	116.15
8440	103.908
8450	113.908
8460	123.908
8470	107.666
8480	117.666
8490	101.77
8500	111.77
8510	95.898
8520	105.898
8530	86.2018
8540	96.2018
8550	106.202
8560	92.117
8570	102.117
8580	88.2781
8590	98.2781
8600	108.278
8610	94.0023
8620	104.002
8630	114.002
8640	102.992
8650	112.992
8660	97.9744
8670	107.974
8680	89.941
8690	99.941
8700	109.941
8710	91.147
8720	101.147
8730	93.7145
8740	103.715
8750	113.715
8760	103.876
8770	113.876
8780	100.484
8790	110.484
8800	97.2448
8810	107.245
8820	117.245
8830	127.245
8840	110.001
8850	120.001
8860	99.5915
8870	109.591
8880	86.9216
8890	96.9216
8900	106.922
8910	92.7465
8920	75.6329
8930	85.6329
8940	77.5704
8950	87.5704
8960	97.5704
8970	89.9774
8980	99.9774
8990	91.6773
9000	101.677
9010	111.677
9020	99.3098
9030	109.31
9040	119.31
9050	105.16
9060	115.16
9070	125.16
9080	104.612
9090	114.612
9100	101.246
9110	111.246
9120	121.246
9130	104.73
9140	114.73
9150	101.745
9160	111.745
9170	98.4928
9180	108.493
9190	91.7878
9200	101.788
9210	85.3429
9220	95.3429
9230	76.3798
9240	86.3798
9250	96.3798
9260	82.7785
9270	92.7785
9280	102.778
9290	92.8244
9300	102.824
9310	91.6344
9320	101.634
9330	89.6982
9340	99.6982
9350	86.828
9360	96.828
9370	106.828
9380	95.0241
9390	105.024
9400	94.021
9410	83.4548
9420	93.4548
9430	103.455
9440	92.3832
9450	102.383
9460	89.9357
9470	99.9357
9480	109.936
9490	93.552
9500	103.552
9510	85.0905
9520	95.0905
9530	79.6713
9540	89.6713
9550	99.6713
9560	91.1562
9570	101.156
9580	91.1223
9590	101.122
9600	111.122
9610	97.6226
9620	107.623
9630	91.3016
9640	101.302
9650	89.1135
9660	99.1135
9670	109.114
9680	94.134
9690	104.134
9700	114.134
9710	124.134
9720	111.903
9730	121.903
9740	108.28
9750	118.28
9760	103.431
9770	113.431
9780	100.153
9790	110.153
9800	94.5027
9810	104.503
9820	86.991
9830	96.991
9840	76.4798
9850	86.4798
9860	96.4798
9870	85.4278
9880	95.4278
9890	105.428
9900	88.5673
9910	79.7805
9920	89.7805
9930	99.7805
9940	91.0596
9950	83.2689
9960	93.2689
9970	103.269
9980	90.4782
9990	80.7114
10000	90.7114
10010	100.711
10020	87.7225
10030	97.7225
10040	85.1097
10050	95.1097
10060	105.11
10070	115.11
10080	101.897
10090	111.897
10100	100.495
10110	110.495
10120	97.206
10130	107.206
10140	91.7062
10150	101.706
10160	111.706
10170	93.7477
10180	103.748
10190	88.1987
10200	98.1987
10210	108.199
10220	92.1993
10230	102.199
10240	93.4099
10250	103.41
10260	93.1016
10270	103.102
10280	113.102
10290	123.102
10300	108.213
10310	118.213
10320	100.799
10330	87.4777
10340	97.4777
10350	107.478
10360	92.6065
10370	102.606
10380	90.8277
10390	100.828
10400	89.1027
10410	99.1027
10420	109.103
10430	96.1131
10440	84.2451
10450	94.2451
10460	79.157
10470	89.157
10480	99.157
10490	82.0529
10500	92.0529
10510	102.053
10520	91.4605
10530	101.46
10540	111.46
10550	101.322
10560	111.322
10570	98.3747
10580	108.375
10590	94.9209
10600	104.921
10610	88.2702
10620	98.2702
10630	86.2215
10640	75.0864
10650	85.0864
10660	95.0864
10670	105.086
10680	92.4779
10690	102.478
10700	112.478
10710	102.155
10720	112.155
10730	100.007
10740	110.007
10750	95.3103
10760	105.31
10770	87.2517
10780	97.2517
10790	107.252
10800	87.9977
10810	97.9977
10820	86.3133
10830	96.3133
10840	106.313
10850	116.313
10860	104.448
10870	114.448
10880	103.898
10890	113.898
10900	100.276
10910	110.276
10920	120.276
10930	102.313
10940	88.1004
10950	98.1003
10960	84.4801
10970	94.4801
10980	104.48
10990	92.2918
11000	102.292
11010	112.292
11020	99.2844
11030	109.284
11040	119.284
11050	106.517
11060	116.517
11070	126.517
11080	108.103
11090	118.103
11100	128.103
11110	107.096
11120	117.096
11130	91.9713
11140	80.9136
11150	90.9136
11160	100.914
11170	88.763
11180	98.763
11190	89.5609
11200	99.5609
11210	88.8942
11220	98.8942
11230	108.894
11240	96.4785
11250	106.478
11260	116.478
11270	104.162
11280	114.162
11290	124.162
11300	104.568
11310	114.568
11320	96.6268
11330	106.627
11340	95.1574
11350	105.157
11360	115.157
11370	100.339
11380	110.339
11390	91.9058
11400	101.906
11410	86.4089
11420	96.4089
11430	106.409
11440	93.0292
11450	103.029
11460	113.029
11470	93.7309
11480	103.731
11490	91.3523
11500	101.352
11510	111.352
11520	101.012
11530	111.012
11540	98.928
11550	108.928
11560	95.6033
11570	105.603
11580	115.603
11590	102.965
11600	90.3837
11610	100.384
11620	84.8471
11630	94.8471
11640	104.847
11650	90.6717
11660	100.672
11670	86.7301
11680	96.7301
11690	106.73
11700	88.4549
11710	98.4549
11720	84.5978
11730	94.5978
11740	104.598
11750	92.6581
11760	81.8561
11770	91.856
11780	80.2965
11790	90.2965
11800	100.297
11810	91.7117
11820	101.712
11830	91.359
11840	101.359
11850	111.359
11860	96.2137
11870	106.214
11880	94.0678
11890	104.068
11900	114.068
11910	99.0945
11920	109.095
11930	119.095
11940	103.806
11950	93.2363
11960	103.236
11970	91.8849
11980	101.885
11990	88.4286
12000	98.4286
12010	84.0468
12020	94.0468
12030	78.7811
12040	88.7812
12050	98.7812
12060	83.2008
12070	93.2008
12080	81.0034
12090	91.0034
12100	82.7961
12110	92.7961
12120	85.1553
12130	95.1553
12140	86.0151
12150	96.0151
12160	83.6205
12170	93.6205
12180	82.6588
12190	92.6588
12200	82.9982
12210	92.9982
12220	102.998
12230	93.3891
12240	83.2093
12250	93.2093
12260	103.209
12270	88.9302
12280	98.9302
12290	85.9409
12300	95.9409
12310	80.2058
12320	90.2058
12330	75.8578
12340	85.8578
12350	95.8578
12360	87.5285
12370	97.5285
12380	88.1199
12390	98.1199
12400	87.1149
12410	97.1149
12420	107.115
12430	117.115
12440	104.954
12450	114.954
12460	124.954
12470	107.665
12480	117.665
12490	103.685
12500	90.692
12510	100.692
12520	86.1889
12530	96.1889
12540	106.189
12550	92.0338
12560	102.034
12570	87.2457
12580	97.2457
12590	107.246
12600	93.0008
12610	79.2992
12620	89.2992
12630	99.2992
12640	87.3345
12650	97.3345
12660	107.335
12670	95.4711
12680	105.471
12690	115.471
12700	101.869
12710	111.869
12720	94.8131
12730	104.813
12740	114.813
12750	101.086
12760	111.086
12770	94.1768
12780	104.177
12790	91.7273
12800	101.727
12810	111.727
12820	99.7273
12830	109.727
12840	119.727
12850	106.818
12860	116.818
12870	126.818
12880	110.971
12890	120.971
12900	102.395
12910	112.395
12920	93.4681
12930	103.468
12940	85.0015
12950	95.0015
12960	105.001
12970	86.1345
12980	96.1345
12990	89.2534
13000	99.2534
13010	91.6745
13020	101.675
13030	91.179
13040	101.179
13050	111.179
13060	98.4777
13070	108.478
13080	118.478
13090	128.478
13100	110.499
13110	120.499
13120	100.58
13130	110.58
13140	91.9396
13150	101.94
13160	86.9703
13170	96.9703
13180	83.5452
13190	93.5452
13200	82.91
13210	92.91
13220	102.91
13230	94.7713
13240	104.771
13250	114.771
13260	124.771
13270	110.192
13280	120.192
13290	104.9
13300	91.6828
13310	101.683
13320	88.6052
13330	98.6052
13340	83.9542
13350	93.9542
13360	103.954
13370	84.5943
13380	94.5943
13390	85.0312
13400	75.6158
13410	85.6158
13420	95.6158
13430	84.4493
13440	94.4493
13450	104.449
13460	91.2335
13470	101.233
13480	111.233
13490	99.5154
13500	109.515
13510	96.2996
13520	106.3
13530	91.6401
13540	101.64
13550	85.4323
13560	95.4323
13570	105.432
13580	93.2523
13590	103.252
13600	93.9106
13610	103.911
13620	92.1429
13630	102.143
13640	112.143
13650	98.9827
13660	108.983
13670	118.983
13680	104.88
13690	114.88
13700	98.8553
13710	108.855
13720	89.8448
13730	99.8448
13740	78.391
13750	88.391
13760	98.391
13770	88.2126
13780	98.2126
13790	90.0744
13800	100.074
13810	90.8992
13820	100.899
13830	110.899
13840	100.281
13850	110.281
13860	98.5016
13870	108.502
13880	93.6847
13890	103.685
13900	86.6101
13910	96.6101
13920	76.8621
13930	86.8621
13940	74.3078
13950	84.3078
13960	94.3078
13970	87.0514
13980	97.0514
13990	88.0221
14000	98.0221
14010	90.5068
14020	100.507
14030	110.507
14040	98.9957
14050	108.996
14060	118.996
14070	103.475
14080	113.475
14090	95.0746
14100	105.075
14110	115.075
14120	97.8498
14130	107.85
14140	117.85
14150	99.379
14160	109.379
14170	119.379
14180	105.597
14190	115.597
14200	103.481
14210	113.481
14220	99.3904
14230	109.39
14240	119.39
14250	102.257
14260	112.257
14270	92.4565
14280	102.457
14290	87.8326
14300	97.8326
14310	86.0947
14320	96.0947
14330	84.4692
14340	94.4692
14350	104.469
14360	92.1282
14370	102.128
14380	90.5674
14390	100.567
14400	87.9411
14410	97.9411
14420	83.0009
14430	93.0009
14440	79.5028
14450	89.5028
14460	79.4075
14470	73.3217
14480	83.3217
14490	93.3217
14500	86.0819
14510	96.0819
14520	106.082
14530	94.7199
14540	83.3287
14550	93.3287
14560	103.329
14570	87.8769
14580	97.8769
14590	79.0071
14600	89.0071
14610	79.0113
14620	89.0113
14630	80.5978
14640	90.5978
14650	100.598
14660	93.2413
14670	103.241
14680	113.241
14690	102.972
14700	91.7684
14710	101.768
14720	111.768
14730	98.6332
14740	108.633
14750	118.633
14760	99.8296
14770	109.83
14780	88.6624
14790	98.6624
14800	83.6191
14810	93.6191
14820	85.4437
14830	95.4437
14840	85.2109
14850	95.2109
14860	84.6401
14870	94.6401
14880	104.64
14890	93.0436
14900	103.044
14910	87.6781
14920	97.6781
14930	85.3033
14940	95.3033
14950	105.303
14960	115.303
14970	101.708
14980	111.708
14990	121.708
15000	105.865
15010	115.865
15020	101.947
15030	111.947
15040	98.7586
15050	108.759
15060	93.6188
15070	103.619
15080	88.5282
15090	98.5282
15100	82.8955
15110	92.8955
15120	80.5051
15130	73.8408
15140	83.8408
15150	93.8408
15160	85.052
15170	75.2574
15180	85.2574
15190	73.5823
15200	83.5823
15210	93.5823
15220	80.5603
15230	90.5603
15240	79.2956
15250	89.2956
15260	81.897
15270	91.897
15280	82.4877
15290	92.4877
15300	84.28
15310	94.28
15320	104.28
15330	93.3245
15340	103.324
15350	113.324
15360	100.186
15370	110.186
15380	120.186
15390	107.154
15400	117.154
15410	127.154
15420	109.497
15430	119.497
15440	129.497
15450	110.377
15460	120.377
15470	102.127
15480	112.127
15490	94.7999
15500	104.8
15510	90.8854
15520	100.885
15530	110.885
15540	93.12
15550	103.12
15560	91.8612
15570	101.861
15580	90.9404
15590	100.94
15600	110.94
15610	98.4546
15620	108.455
15630	118.455
15640	99.6756
15650	109.676
15660	119.676
15670	101.892
15680	111.892
15690	96.2772
15700	106.277
15710	93.2333
15720	103.233
15730	87.8554
15740	97.8554
15750	85.3041
15760	95.3041
15770	83.4122
15780	93.4122
15790	83.7513
15800	93.7513
15810	103.751
15820	113.751
15830	101.211
15840	111.211
15850	98.1891
15860	108.189
15870	118.189
15880	102.208
15890	86.8513
15900	96.8513
15910	106.851
15920	91.3818
15930	101.382
15940	82.9306
15950	92.9306
15960	83.2846
15970	93.2846
15980	85.6403
15990	95.6403
16000	105.64
16010	94.8625
16020	104.862
16030	92.0582
16040	102.058
16050	112.058
16060	98.1766
16070	108.177
16080	118.177
16090	102.997
16100	112.997
16110	122.997
16120	103.076
16130	113.076
16140	93.8404
16150	103.84
16160	113.84
16170	102.308
16180	112.308
16190	98.8927
16200	108.893
16210	95.0316
16220	105.032
16230	115.032
16240	100.729
16250	110.729
16260	97.867
16270	107.867
16280	93.7176
16290	103.718
16300	113.718
16310	97.6743
16320	107.674
16330	92.2591
16340	102.259
16350	84.9117
16360	94.9117
16370	104.912
16380	90.1809
16390	100.181
16400	87.4313
16410	78.6397
16420	88.6397
16430	79.0868
16440	70.3255
16450	80.3255
16460	90.3255
16470	81.6845
16480	91.6845
16490	80.5462
16500	90.5462
16510	100.546
16520	110.546
16530	97.6053
16540	107.605
16550	117.605
16560	101.187
16570	111.187
16580	95.2388
16590	105.239
16600	92.7236
16610	102.724
16620	112.724
16630	101.612
16640	111.612
16650	97.6861
16660	107.686
16670	117.686
16680	102.663
16690	112.663
16700	98.5985
16710	108.599
16720	91.9618
16730	101.962
16740	111.962
16750	121.962
16760	107.899
16770	117.899
16780	101.68
16790	111.68
16800	94.8393
16810	104.839
16820	89.67
16830	99.67
16840	82.0277
16850	92.0277
16860	102.028
16870	87.2707
16880	78.9926
16890	88.9926
16900	98.9926
16910	89.7326
16920	99.7325
16930	89.8346
16940	99.8346
16950	109.835
16960	98.1365
16970	85.8829
16980	95.8829
16990	105.883
17000	90.7734
17010	100.773
17020	110.773
17030	120.773
17040	102.976
17050	112.976
17060	93.8172
17070	103.817
17080	94.1203
17090	104.12
17100	94.3487
17110	104.349
17120	92.1418
17130	102.142
17140	66.0948
17150	76.0948
17160	86.0948
17170	74.3627
17180	84.3627
17190	94.3627
17200	83.1457
17210	93.1457
17220	81.7908
17230	72.1159
17240	82.1159
17250	73.0137
17260	83.0137
17270	75.6012
17280	85.6012
17290	75.5574
17300	67.8047
17310	77.8047
17320	87.8047
17330	80.7843
17340	90.7844
17350	100.784
17360	92.2313
17370	83.6926
17380	93.6926
17390	103.693
17400	91.8533
17410	101.853
17420	111.853
17430	97.487
17440	107.487
17450	117.487
17460	99.4122
17470	109.412
17480	90.7153
17490	100.715
17500	110.715
17510	100.625
17520	110.625
17530	99.7521
17540	109.752
17550	96.2432
17560	106.243
17570	116.243
17580	100.338
17590	110.338
17600	95.8899
17610	105.89
17620	89.6691
17630	99.6692
17640	109.669
17650	95.4181
17660	105.418
17670	115.418
17680	97.9563
17690	107.956
17700	117.956
17710	101.266
17720	111.266
17730	97.8767
17740	107.877
17750	93.5557
17760	103.556
17770	89.1512
17780	99.1512
17790	85.3615
17800	95.3615
17810	86.5319
17820	77.0617
17830	87.0617
17840	97.0617
17850	84.5695
17860	94.5695
17870	83.3775
17880	74.0066
17890	84.0066
17900	72.649
17910	82.649
17920	92.649
17930	76.6887
17940	86.6887
17950	78.6093
17960	88.6093
17970	81.9242
17980	91.9242
17990	85.8409
18000	95.8409
18010	105.841
18020	96.0005
18030	85.762
18040	95.762
18050	105.762
18060	92.2364
18070	102.236
18080	86.6874
18090	96.6874
18100	78.999
18110	88.999
18120	98.999
18130	84.0001
18140	94.0001
18150	86.7504
18160	96.7504
18170	88.3578
18180	98.3578
18190	108.358
18200	99.7571
18210	109.757
18220	119.757
18230	107.49
18240	117.49
18250	127.49
18260	111.318
18270	121.318
18280	101.919
18290	111.919
18300	90.9184
18310	100.918
18320	84.0977
18330	94.0977
18340	78.7028
18350	88.7028
18360	98.7028
18370	90.4628
18380	100.463
18390	110.463
18400	101.669
18410	111.669
18420	121.669
18430	107.318
18440	117.318
18450	102.653
18460	112.653
18470	98.3063
18480	108.306
18490	92.8901
18500	77.2608
18510	87.2608
18520	97.2608
18530	82.1116
18540	92.1116
18550	82.3416
18560	92.3416
18570	102.342
18580	91.9938
18590	101.994
18600	111.994
18610	100.271
18620	110.271
18630	97.3156
18640	107.316
18650	117.316
18660	100.126
18670	86.3979
18680	96.3979
18690	82.9446
18700	92.9446
18710	102.945
18720	88.3134
18730	98.3134
18740	108.313
18750	95.4861
18760	105.486
18770	115.486
18780	102.3
18790	112.3
18800	122.3
18810	109.66
18820	119.659
18830	105.627
18840	115.627
18850	98.5076
18860	108.508
18870	90.5192
18880	100.519
18890	84.9999
18900	94.9999
18910	105
18920	89.2804
18930	81.8833
18940	91.8833
18950	101.883
18960	93.4584
18970	103.458
18980	113.458
18990	99.8011
19000	109.801
19010	94.4616
19020	104.462
19030	114.462
19040	95.6915
19050	105.691
19060	88.9853
19070	98.9853
19080	88.0477
19090	98.0477
19100	88.0443
19110	98.0443
19120	108.044
19130	96.3278
19140	81.0942
19150	91.0942
19160	80.0705
19170	90.0705
19180	80.8848
19190	90.8848
19200	100.885
19210	89.7242
19220	99.7242
19230	85.6501
19240	95.6501
19250	105.65
19260	92.178
19270	102.178
19280	88.5653
19290	98.5653
19300	108.565
19310	93.7851
19320	103.785
19330	113.785
19340	98.7786
19350	108.779
19360	97.9658
19370	107.966
19380	117.966
19390	104.877
19400	114.877
19410	100.314
19420	110.314
19430	94.8415
19440	104.842
19450	114.842
19460	99.1349
19470	109.135
19480	93.3636
19490	103.364
19500	113.364
19510	123.364
19520	107.73
19530	117.73
19540	127.73
19550	108.978
19560	118.978
19570	103.275
19580	113.275
19590	96.0588
19600	106.059
19610	91.7998
19620	101.8
19630	87.2251
19640	97.2251
19650	107.225
19660	91.244
19670	82.678
19680	92.678
19690	102.678
19700	91.9518
19710	101.952
19720	89.6428
19730	99.6428
19740	85.5968
19750	72.7959
19760	82.7959
19770	92.7959
19780	82.1644
19790	92.1644
19800	83.713
19810	76.5183
19820	86.5183
19830	96.5183
19840	87.6358
19850	75.4991
19860	85.4991
19870	95.4991
19880	80.7521
19890	69.7036
19900	79.7036
19910	73.8022
19920	83.8022
19930	76.3575
19940	70.4664
19950	80.4664
19960	90.4664
19970	100.466
19980	88.4142
19990	98.4142
20000	87.5617
20010	97.5617
20020	88.4246
20030	78.8778
20040	88.8778
20050	79.6543
20060	89.6543
20070	99.6543
20080	88.5508
20090	77.181
20100	87.181
20110	97.181
20120	83.5015
20130	93.5015
20140	103.501
20150	87.9525
20160	97.9525
20170	107.953
20180	96.1128
20190	106.113
20200	75.2878
20210	85.2878
20220	95.2878
20230	86.5935
20240	96.5935
20250	84.6188
20260	94.6188
20270	104.619
20280	89.1791
20290	99.1791
20300	86.2299
20310	96.23
20320	106.23
20330	94.4264
20340	104.426
20350	114.426
20360	100
20370	110
20380	95.0524
20390	105.052
20400	89.8528
20410	99.8528
20420	85.8894
20430	95.8894
20440	84.3304
20450	94.3304
20460	104.33
20470	91.9827
20480	101.983
20490	111.983
20500	101.413
20510	111.413
20520	121.413
20530	131.413
20540	117.367
20550	127.367
20560	110.066
20570	120.066
20580	101.766
20590	111.766
20600	94.3826
20610	104.383
20620	89.5431
20630	99.5431
20640	82.723
20650	74.5718
20660	84.5718
20670	94.5718
20680	83.9681
20690	93.9681
20700	103.968
20710	91.3287
20720	80.4635
20730	90.4635
20740	77.9762
20750	87.9762
20760	80.7314
20770	73.2408
20780	83.2408
20790	93.2408
20800	82.4117
20810	73.1679
20820	83.1679
20830	93.1679
20840	80.3452
20850	90.3452
20860	100.345
20870	88.8777
20880	98.8777
20890	87.8152
20900	97.8152
20910	89.0814
20920	99.0814
20930	109.081
20940	94.8118
20950	104.812
20960	90.0472
20970	100.047
20980	110.047
20990	97.7773
21000	107.777
21010	117.777
21020	105.89
21030	115.89
21040	125.89
21050	135.89
21060	120.636
21070	105.09
21080	115.09
21090	99.7275
21100	109.728
21110	90.4992
21120	100.499
21130	80.7721
21140	90.7721
21150	77.0782
21160	87.0782
21170	79.0168
21180	89.0168
21190	99.0168
21200	90.1992
21210	100.199
21220	89.2306
21230	99.2305
21240	86.8948
21250	96.8948
21260	106.895
21270	94.1609
21280	104.161
21290	92.0016
21300	102.002
21310	92.0626
21320	102.063
21330	90.7649
21340	100.765
21350	110.765
21360	97.4989
21370	107.499
21380	117.499
21390	101.38
21400	111.38
21410	121.38
21420	100.213
21430	110.213
21440	91.7519
21450	101.752
21460	111.752
21470	97.0495
21480	85.6339
21490	95.6339
21500	105.634
21510	93.8622
21520	82.953
21530	92.953
21540	82.0372
21550	72.7573
21560	82.7573
21570	92.7573
21580	80.351
21590	90.351
21600	100.351
21610	110.351
21620	97.2816
21630	107.282
21640	94.1295
21650	104.13
21660	91.5932
21670	101.593
21680	87.0991
21690	97.0991
21700	107.099
21710	87.1298
21720	97.1298
21730	89.4495
21740	99.4495
21750	109.45
21760	119.45
21770	106.798
21780	116.798
21790	126.798
21800	114.496
21810	124.496
21820	109.079
21830	119.079
21840	102.065
21850	112.065
21860	122.065
21870	104.035
21880	114.035
21890	94.0207
21900	104.021
21910	82.2649
21920	92.2649
21930	102.265
21940	92.1583
21950	102.158
21960	112.158
21970	102.028
21980	112.028
21990	100.575
22000	110.575
22010	96.2091
22020	106.209
22030	116.209
22040	99.4339
22050	109.434
22060	95.7201
22070	105.72
22080	88.8219
22090	98.8219
22100	84.0114
22110	94.0114
22120	104.011
22130	91.7317
22140	101.732
22150	111.732
22160	95.7847
22170	105.785
22180	91.5107
22190	101.511
22200	111.511
22210	98.9025
22220	108.903
22230	96.7616
22240	106.762
22250	92.7343
22260	102.734
22270	90.6172
22280	100.617
22290	89.2441
22300	75.1188
22310	85.1188
22320	95.1188
22330	81.4836
22340	91.4836
22350	101.484
22360	111.484
22370	97.3323
22380	107.332
22390	93.5185
22400	103.519
22410	113.519
22420	99.2328
22430	109.233
22440	95.1587
22450	105.159
22460	90.5291
22470	100.529
22480	110.529
22490	98.5274
22500	108.527
22510	118.527
22520	105.94
22530	115.94
22540	125.94
22550	111.909
22560	121.909
22570	106.592
22580	116.592
22590	126.592
22600	108.604
22610	118.604
22620	97.8761
22630	107.876
22640	86.5156
22650	96.5155
22660	106.516
22670	88.3816
22680	98.3816
22690	88.1552
22700	98.1552
22710	108.155
22720	118.155
22730	108.127
22740	118.127
22750	105.691
22760	115.691
22770	100.421
22780	110.421
22790	95.2956
22800	105.296
22810	115.296
22820	99.1816
22830	109.182
22840	92.8269
22850	102.827
22860	86.7505
22870	96.7505
22880	106.751
22890	92.9357
22900	102.936
22910	112.936
22920	97.7171
22930	107.717
22940	94.1265
22950	104.126
22960	91.7148
22970	101.715
22980	111.715
22990	96.7075
23000	84.3722
23010	94.3722
23020	82.4855
23030	92.4855
23040	102.485
23050	90.695
23060	80.5358
23070	90.5358
23080	100.536
23090	86.8067
23100	96.8067
23110	106.807
23120	94.5361
23130	104.536
23140	114.536
23150	99.5679
23160	109.568
23170	93.139
23180	103.139
23190	113.139
23200	98.5878
23210	108.588
23220	90.1788
23230	100.179
23240	90.4323
23250	100.432
23260	110.432
23270	120.432
23280	108.011
23290	118.011
23300	128.011
23310	114.462
23320	124.462
23330	108.264
23340	118.264
23350	128.264
23360	110.41
23370	120.41
23380	99.8155
23390	109.815
23400	89.9413
23410	99.9413
23420	109.941
23430	88.5491
23440	98.5491
23450	88.6251
23460	98.6251
23470	108.625
23480	118.625
23490	107.925
23500	96.7347
23510	106.735
23520	116.735
23530	104.291
23540	114.291
23550	99.7139
23560	109.714
23570	119.714
23580	100.084
23590	83.3462
23600	93.3462
23610	78.7731
23620	88.7731
23630	98.7731
23640	86.7169
23650	96.7169
23660	106.717
23670	94.9953
23680	104.995
23690	93.8685
23700	103.868
23710	113.868
23720	99.5625
23730	109.562
23740	93.5118
23750	103.512
23760	113.512
23770	99.7336
23780	109.734
23790	95.4314
23800	105.431
23810	93.9981
23820	103.998
23830	113.998
23840	100.336
23850	110.336
23860	120.336
23870	130.336
23880	113.623
23890	123.623
23900	105.885
23910	115.885
23920	125.885
23930	104.967
23940	114.967
23950	92.3523
23960	102.352
23970	87.9269
23980	97.9269
23990	107.927
24000	98.5146
24010	108.515
24020	118.515
24030	105.933
24040	115.933
24050	125.933
24060	111.778
24070	121.778
24080	106.561
24090	116.561
24100	126.561
24110	107.232
24120	117.232
24130	96.162
24140	106.162
24150	116.162
24160	96.5919
24170	106.592
24180	88.1225
24190	98.1225
24200	88.0288
24210	98.0288
24220	108.029
24230	118.029
24240	107.941
24250	117.941
24260	103.623
24270	113.623
24280	123.623
24290	107.313
24300	117.313
24310	102.776
24320	112.776
24330	95.7885
24340	105.788
24350	115.788
24360	96.9956
24370	106.996
24380	90.0443
24390	100.044
24400	86.5347
24410	96.5347
24420	106.535
24430	116.535
24440	97.4657
24450	107.466
24460	95.9098
24470	105.91
24480	95.943
24490	105.943
24500	93.0824
24510	103.082
24520	113.082
24530	98.5591
24540	108.559
24550	95.0856
24560	105.086
24570	89.5426
24580	99.5426
24590	85.3616
24600	95.3616
24610	105.362
24620	115.362
24630	98.2367
24640	108.237
24650	118.237
24660	102.879
24670	112.879
24680	98.7675
24690	108.767
24700	118.767
24710	102.896
24720	112.896
24730	100.466
24740	110.466
24750	96.4421
24760	106.442
24770	116.442
24780	101.557
24790	111.557
24800	96.3312
24810	106.331
24820	116.331
24830	102.64
24840	112.64
24850	122.64
24860	132.64
24870	115.834
24880	125.834
24890	107.99
24900	117.99
24910	127.99
24920	107.553
24930	117.553
24940	94.2388
24950	104.239
24960	86.5143
24970	96.5143
24980	88.2745
24990	98.2745
25000	108.274
25010	96.991
25020	106.991
25030	116.991
25040	126.991
25050	114.394
25060	124.394
25070	108.658
25080	118.658
25090	102.472
25100	112.472
25110	122.472
25120	103.014
25130	113.014
25140	91.6639
25150	101.664
25160	85.1001
25170	95.1001
25180	84.6919
25190	94.6919
25200	104.692
25210	90.9699
25220	100.97
25230	110.97
25240	98.881
25250	108.881
25260	118.881
25270	105.433
25280	115.433
25290	100.32
25300	110.32
25310	120.32
25320	102.204
25330	112.204
25340	98.1653
25350	108.165
25360	118.165
25370	100.318
25380	110.318
25390	98.9878
25400	108.988
25410	118.988
25420	104.219
25430	114.219
25440	124.219
25450	106.773
25460	116.773
25470	100.092
25480	110.092
25490	91.6221
25500	101.622
25510	111.622
25520	90.091
25530	100.091
25540	87.3733
25550	97.3733
25560	107.373
25570	98.4994
25580	108.499
25590	98.3602
25600	108.36
25610	118.36
25620	104.967
25630	114.967
25640	124.967
25650	108.794
25660	118.795
25670	99.3682
25680	109.368
25690	91.7505
25700	101.751
25710	83.4898
25720	93.4898
25730	78.1811
25740	88.1811
25750	82.1675
25760	92.1675
25770	102.168
25780	93.5679
25790	103.568
25800	113.568
25810	123.568
25820	111.467
25830	98.086
25840	108.086
25850	92.1444
25860	102.144
25870	112.144
25880	96.963
25890	106.963
25900	116.963
25910	101.072
25920	85.3922
25930	95.3922
25940	105.392
25950	95.1195
25960	105.119
25970	115.119
25980	102.091
25990	112.091
26000	122.091
26010	105.863
26020	115.863
26030	96.9378
26040	106.938
26050	86.8445
26060	96.8445
26070	106.844
26080	94.7085
26090	81.6871
26100	91.6871
26110	101.687
26120	92.019
26130	102.019
26140	112.019
26150	101.902
26160	111.902
26170	98.5061
26180	108.506
26190	92.9291
26200	102.929
26210	112.929
26220	95.5221
26230	105.522
26240	115.522
26250	99.5134
26260	109.513
26270	119.513
26280	103.291
26290	85.9476
26300	95.9476
26310	105.948
26320	93.952
26330	103.952
26340	89.9251
26350	79.9245
26360	89.9245
26370	99.9245
26380	88.6511
26390	98.6511
26400	108.651
26410	97.1152
26420	107.115
26430	117.115
26440	127.115
26450	111.301
26460	121.301
26470	106.362
26480	116.362
26490	99.2082
26500	109.208
26510	90.8371
26520	100.837
26530	80.3167
26540	90.3167
26550	80.4072
26560	90.4072
26570	100.407
26580	91.1765
26590	101.176
26600	111.176
26610	100.543
26620	110.543
26630	120.543
26640	108.235
26650	118.235
26660	105.43
26670	115.43
26680	125.43
26690	108.296
26700	118.296
26710	98.4691
26720	108.469
26730	118.469
26740	94.6581
26750	84.8002
26760	94.8002
26770	104.8
26780	92.0169
26790	102.017
26800	112.017
26810	96.3614
26820	106.361
26830	116.361
26840	99.9338
26850	109.934
26860	97.0796
26870	107.08
26880	91.7656
26890	101.766
26900	85.7708
26910	95.7708
26920	105.771
26930	93.71
26940	103.71
26950	94.0885
26960	104.089
26970	114.089
26980	101.104
26990	111.104
27000	121.104
27010	105.568
27020	115.568
27030	125.568
27040	109.403
27050	119.403
27060	102.29
27070	112.29
27080	122.29
27090	101.744
27100	111.744
27110	87.4349
27120	80.9278
27130	90.9278
27140	100.928
27150	91.4421
27160	101.442
27170	111.442
27180	121.442
27190	108.459
27200	96.1538
27210	106.154
27220	91.5568
27230	101.557
27240	85.6044
27250	95.6044
27260	81.2088
27270	91.2088
27280	76.1596
27290	86.1596
27300	96.1596
27310	87.7154
27320	97.7154
27330	107.715
27340	96.0423
27350	106.042
27360	116.042
27370	103.168
27380	88.6487
27390	98.6487
27400	85.8165
27410	95.8165
27420	105.816
27430	90.9528
27440	100.953
27450	88.6754
27460	98.6754
27470	86.233
27480	96.233
27490	106.233
27500	97.442
27510	107.442
27520	96.0762
27530	106.076
27540	116.076
27550	102.272
27560	112.272
27570	122.272
27580	102.872
27590	112.872
27600	93.8159
27610	103.816
27620	113.816
27630	97.7048
27640	107.705
27650	91.6017
27660	101.602
27670	88.7756
27680	98.7756
27690	89.3762
27700	99.3762
27710	88.1806
27720	98.1806
27730	86.6957
27740	96.6957
27750	106.696
27760	116.696
27770	101.833
27780	111.833
27790	121.833
27800	106.632
27810	116.632
27820	101.703
27830	111.703
27840	121.703
27850	104.362
27860	114.362
27870	95.7
27880	105.7
27890	86.4575
27900	96.4575
27910	84.0629
27920	94.0629
27930	104.063
27940	94.9705
27950	104.97
27960	114.97
27970	103.364
27980	113.364
27990	123.364
28000	109.726
28010	119.726
28020	103.571
28030	88.9813
28040	98.9813
28050	82.9058
28060	92.9058
28070	102.906
28080	85.4313
28090	95.4313
28100	86.3099
28110	96.3099
28120	106.31
28130	94.9716
28140	104.972
28150	114.972
28160	101.035
28170	111.035
28180	96.0197
28190	106.02
28200	89.9602
28210	99.9602
28220	82.1236
28230	92.1236
28240	102.124
28250	90.096
28260	100.096
28270	90.7126
28280	100.713
28290	110.713
28300	100.769
28310	110.769
28320	98.8321
28330	108.832
28340	118.832
28350	104.125
28360	114.125
28370	124.125
28380	106.211
28390	116.211
28400	126.211
28410	105.298
28420	115.298
28430	95.0972
28440	105.097
28450	89.0089
28460	99.0089
28470	85.4139
28480	95.4139
28490	86.6153
28500	96.6153
28510	106.615
28520	96.6141
28530	106.614
28540	116.614
28550	103.96
28560	113.96
28570	123.96
28580	106.407
28590	116.407
28600	98.4307
28610	108.431
28620	118.431
28630	102.037
28640	112.037
28650	93.783
28660	103.783
28670	113.783
28680	93.9499
28690	103.95
28700	93.3189
28710	82.0059
28720	92.0059
28730	102.006
28740	112.006
28750	99.4734
28760	109.473
28770	119.473
28780	106.157
28790	94.3081
28800	104.308
28810	114.308
28820	99.3957
28830	109.396
28840	119.396
28850	103.253
28860	113.253
28870	96.9747
28880	106.975
28890	89.9008
28900	99.9008
28910	109.901
28920	98.327
28930	108.327
28940	94.9576
28950	104.958
28960	114.958
28970	100.236
28980	110.236
28990	120.236
29000	101.468
29010	111.468
29020	121.468
29030	104.032
29040	114.032
29050	94.5752
29060	104.575
29070	91.4706
29080	101.471
29090	111.471
29100	76.3211
29110	86.3211
29120	96.3211
29130	85.4741
29140	95.4741
29150	105.474
29160	93.8845
29170	103.885
29180	113.885
29190	99.1708
29200	109.171
29210	93.0874
29220	103.087
29230	113.087
29240	95.7865
29250	105.787
29260	90.3892
29270	100.389
29280	110.389
29290	92.2769
29300	102.277
29310	94.3602
29320	104.36
29330	114.36
29340	104.002
29350	114.002
29360	124.002
29370	108.048
29380	118.048
29390	102.18
29400	112.18
29410	98.4467
29420	82.5613
29430	92.5613
29440	76.6464
29450	86.6464
29460	74.9434
29470	84.9434
29480	77.2369
29490	87.2369
29500	78.2339
29510	88.2339
29520	98.2339
29530	86.9246
29540	96.9246
29550	106.925
29560	94.1141
29570	81.0183
29580	91.0183
29590	101.018
29600	90.1629
29610	100.163
29620	87.6414
29630	97.6414
29640	107.641
29650	93.2735
29660	103.274
29670	93.1378
29680	83.4883
29690	93.4883
29700	83.484
29710	93.484
29720	103.484
29730	91.1636
29740	101.164
29750	111.164
29760	96.7065
29770	106.707
29780	116.707
29790	99.5433
29800	109.543
29810	92.3913
29820	102.391
29830	87.683
29840	97.683
29850	107.683
29860	91.0345
29870	101.034
29880	92.7155
29890	102.716
29900	112.716
29910	102.826
29920	112.826
29930	122.826
29940	108.761
29950	118.761
29960	103.075
29970	113.075
29980	98.6158
29990	82.3618
30000	92.3618
30010	76.5112
30020	86.5112
30030	74.9614
30040	84.9614
30050	77.668
30060	87.668
30070	76.8817
30080	86.8817
30090	96.8817
30100	86.0848
30110	96.0848
30120	106.085
30130	93.3017
30140	103.302
30150	88.7746
30160	98.7746
30170	88.1853
30180	98.1854
30190	87.6276
30200	97.6276
30210	85.2566
30220	95.2566
30230	105.257
30240	94.2684
30250	104.268
30260	92.9155
30270	102.916
30280	88.4515
30290	98.4515
30300	108.452
30310	95.7414
30320	105.741
30330	115.741
30340	125.741
30350	109.694
30360	119.694
30370	104.203
30380	114.203
30390	124.203
30400	104.047
30410	114.047
30420	94.2999
30430	104.3
30440	87.9985
30450	97.9985
30460	87.6434
30470	97.6434
30480	107.643
30490	97.5809
30500	107.581
30510	117.581
30520	104.997
30530	114.997
30540	124.997
30550	108.813
30560	118.813
30570	128.813
30580	110.184
30590	120.184
30600	100.701
30610	110.701
30620	120.701
30630	99.568
30640	109.568
30650	89.9499
30660	99.9499
30670	88.6561
30680	98.6561
30690	108.656
30700	99.3618
30710	109.362
30720	119.362
30730	105.77
30740	115.77
30750	125.77
30760	107.023
30770	117.023
30780	102.493
30790	112.493
30800	96.7917
30810	106.792
30820	116.792
30830	99.6486
30840	109.649
30850	119.649
30860	102.712
30870	112.712
30880	101.373
30890	111.373
30900	98.95
30910	108.95
30920	93.3158
30930	103.316
30940	113.316
30950	96.6505
30960	106.651
30970	116.651
30980	126.651
30990	102.5
31000	112.5
31010	95.2998
31020	105.3
31030	93.5977
31040	103.598
31050	92.7273
31060	102.727
31070	90.3675
31080	100.368
31090	88.8395
31100	98.8395
31110	108.839
31120	95.8487
31130	83.1265
31140	93.1265
31150	103.126
31160	90.8204
31170	100.82
31180	88.7032
31190	76.1484
31200	86.1484
31210	96.1484
31220	81.9912
31230	91.9912
31240	79.4947
31250	89.4947
31260	78.5334
31270	88.5334
31280	79.192
31290	72.9698
31300	82.9698
31310	92.9698
31320	84.7369
31330	76.4349
31340	86.4349
31350	96.4349
31360	87.5828
31370	97.5828
31380	107.583
31390	95.9399
31400	105.94
31410	91.86
31420	101.86
31430	86.825
31440	96.825
31450	80.8865
31460	72.6894
31470	82.6894
31480	92.6895
31490	80.6509
31500	72.1794
31510	82.1794
31520	92.1794
31530	82.7509
31540	92.7509
31550	102.751
31560	91.0312
31570	101.031
31580	90.0195
31590	100.019
31600	87.7236
31610	97.7236
31620	87.3033
31630	97.3033
31640	107.303
31650	96.4686
31660	106.469
31670	93.9456
31680	103.946
31690	90.8313
31700	100.831
31710	110.831
31720	97.0866
31730	107.087
31740	117.087
31750	99.6925
31760	109.692
31770	119.693
31780	101.066
31790	111.066
31800	95.0126
31810	105.013
31820	90.9665
31830	100.966
31840	86.0991
31850	96.0991
31860	106.099
31870	96.3004
31880	106.3
31890	93.6502
31900	103.65
31910	91.6404
31920	101.64
31930	111.64
31940	98.0545
31950	108.055
31960	94.7307
31970	104.731
31980	114.731
31990	97.5608
32000	81.2251
32010	91.2251
32020	101.225
32030	86.3319
32040	96.3319
32050	80.4329
32060	75.312
32070	85.312
32080	95.312
32090	88.0605
32100	98.0605
32110	108.06
32120	97.4105
32130	107.41
32140	93.4383
32150	103.438
32160	113.438
32170	99.0618
32180	109.062
32190	119.062
32200	102.334
32210	112.334
32220	122.334
32230	103.306
32240	113.306
32250	94.7536
32260	104.754
32270	93.359
32280	103.359
32290	89.4863
32300	99.4863
32310	109.486
32320	93.5796
32330	103.58
32340	93.7474
32350	103.747
32360	92.4463
32370	102.446
32380	88.0626
32390	98.0626
32400	108.063
32410	118.063
32420	101.723
32430	88.4506
32440	98.4506
32450	83.0444
32460	93.0444
32470	82.7334
32480	92.7334
32490	102.733
32500	89.1815
32510	99.1815
32520	86.4619
32530	96.4619
32540	82.5644
32550	92.5644
32560	85.1227
32570	76.0824
32580	86.0824
32590	75.4626
32600	66.5742
32610	76.5742
32620	86.5742
32630	78.812
32640	88.812
32650	98.812
32660	87.5707
32670	97.5707
32680	86.3774
32690	96.3774
32700	85.0163
32710	95.0163
32720	80.9388
32730	90.9388
32740	81.755
32750	91.755
32760	80.8683
32770	90.8683
32780	100.868
32790	110.868
32800	99.8199
32810	109.82
32820	98.443
32830	108.443
32840	118.443
32850	105.544
32860	93.1123
32870	80.5128
32880	90.5128
32890	79.4785
32900	89.4785
32910	75.473
32920	85.473
32930	71.2294
32940	81.2294
32950	73.7505
32960	83.7505
32970	75.8389
32980	85.8389
32990	95.8389
33000	83.4801
33010	93.4801
33020	83.6068
33030	93.6068
33040	82.8366
33050	92.8366
33060	85.7143
33070	95.7143
33080	86.4452
33090	96.4452
33100	106.445
33110	95.7253
33120	105.725
33130	91.6493
33140	101.649
33150	111.649
33160	96.2358
33170	106.236
33180	116.236
33190	103.12
33200	113.12
33210	123.12
33220	104.265
33230	114.265
33240	94.7809
33250	104.781
33260	114.781
33270	100.415
33280	110.415
33290	97.2754
33300	107.275
33310	93.2069
33320	103.207
33330	113.207
33340	94.8673
33350	104.867
33360	92.6189
33370	102.619
33380	90.794
33390	100.794
33400	110.794
33410	120.794
33420	106.579
33430	116.579
33440	126.579
33450	108.421
33460	118.421
33470	128.421
33480	111.235
33490	97.0654
33500	107.065
33510	117.065
33520	98.9408
33530	108.941
33540	90.519
33550	74.3731
33560	84.3731
33570	78.2222
33580	88.2222
33590	98.2222
33600	108.222
33610	98.1943
33620	108.194
33630	118.194
33640	107.028
33650	117.028
33660	127.028
33670	112.535
33680	122.535
33690	105.58
33700	115.58
33710	95.8428
33720	105.843
33730	85.9622
33740	95.9623
33750	105.962
33760	90.5559
33770	100.556
33780	87.1077
33790	97.1077
33800	107.108
33810	95.9116
33820	86.6998
33830	96.6998
33840	86.447
33850	96.447
33860	83.0489
33870	93.0489
33880	79.1591
33890	89.1591
33900	99.1591
33910	87.373
33920	97.373
33930	84.7521
33940	94.7521
33950	87.4958
33960	97.4958
33970	88.3426
33980	98.3426
33990	88.1544
34000	98.1545
34010	84.6257
34020	94.6257
34030	80.6144
34040	90.6144
34050	100.614
34060	83.9933
34070	93.9933
34080	103.993
34090	113.993
34100	101.304
34110	111.304
34120	102.255
34130	112.255
34140	122.255
34150	110.076
34160	120.076
34170	106.034
34180	116.034
34190	100.472
34200	110.472
34210	94.0215
34220	104.021
34230	88.4707
34240	98.4707
34250	108.471
34260	118.471
34270	106.312
34280	116.312
34290	126.312
34300	109.704
34310	94.2887
34320	104.289
34330	114.289
34340	96.0671
34350	106.067
34360	88.788
34370	98.788
34380	108.788
34390	89.5664
34400	99.5664
34410	89.2234
34420	99.2234
34430	90.2208
34440	81.5886
34450	91.5886
34460	101.589
34470	111.589
34480	99.5405
34490	109.541
34500	119.541
34510	107.365
34520	117.365
34530	127.365
34540	108.593
34550	118.593
34560	99.8637
34570	109.864
34580	94.7251
34590	104.725
34600	87.8406
34610	97.8405
34620	83.6831
34630	93.6831
34640	80.3945
34650	90.3945
34660	100.395
34670	90.525
34680	100.525
34690	110.525
34700	94.8575
34710	104.857
34720	94.0379
34730	104.038
34740	114.038
34750	100.215
34760	110.215
34770	95.229
34780	105.229
34790	115.229
34800	100.964
34810	87.37
34820	97.37
34830	107.37
34840	94.9512
34850	83.5833
34860	93.5833
34870	103.583
34880	91.757
34890	101.757
34900	88.1526
34910	98.1526
34920	81.2602
34930	91.2602
34940	79.0078
34950	89.0078
34960	99.0078
34970	86.2056
34980	96.2056
34990	82.299
35000	76.8638
35010	86.8638
35020	96.8638
35030	89.3091
35040	80.4511
35050	90.4511
35060	79.1793
35070	69.5842
35080	79.5842
35090	89.5842
35100	78.5418
35110	88.5418
35120	77.9323
35130	87.9323
35140	75.2782
35150	85.2782
35160	76.4587
35170	86.4587
35180	77.9427
35190	87.9427
35200	79.2944
35210	89.2944
35220	99.2944
35230	93.1113
35240	103.111
35250	92.5052
35260	102.505
35270	112.505
35280	98.8584
35290	108.858
35300	95.0406
35310	105.041
35320	115.041
35330	98.4504
35340	108.45
35350	90.552
35360	100.552
35370	87.9977
35380	97.9977
35390	107.998
35400	93.9478
35410	80.39
35420	90.39
35430	80.5723
35440	90.5723
35450	100.572
35460	90.3506
35470	81.0501
35480	91.0501
35490	101.05
35500	90.2801
35510	100.28
35520	110.28
35530	96.5442
35540	106.544
35550	116.544
35560	101.286
35570	111.286
35580	92.5054
35590	102.505
35600	112.505
35610	98.5539
35620	108.554
35630	92.2757
35640	102.276
35650	87.5477
35660	97.5477
35670	89.1941
35680	99.1941
35690	109.194
35700	97.8498
35710	107.85
35720	117.85
35730	104.003
35740	114.003
35750	124.003
35760	107.506
35770	117.506
35780	127.506
35790	112.041
35800	95.6617
35810	105.662
35820	87.8712
35830	97.8712
35840	85.6728
35850	95.6728
35860	83.8209
35870	93.8209
35880	79.9878
35890	89.9878
35900	99.9878
35910	87.4463
35920	97.4463
35930	85.0036
35940	95.0036
35950	81.7561
35960	91.7561
35970	81.9873
35980	91.9873
35990	82.3645
36000	92.3645
