10	10
20	2
30	2
40	2
50	2
60	2
70	3.66667
80	13.6667
90	18
100	28
110	38
120	20
130	30
140	23.3333
150	33.3333
160	17.3333
170	21.3333
180	31.3333
190	30
200	40
210	50
220	31.7
230	41.7
240	34.9333
250	29.9333
260	39.9333
270	49.9333
280	44.5
290	54.5
300	39.5
310	49.5
320	59.5
330	48.7857
340	58.7857
350	46.5714
360	56.5714
370	46.3095
380	56.3095
390	50.2064
400	60.2064
410	70.2064
420	54.1111
430	64.1111
440	53.5556
450	63.5556
460	54.8413
470	64.8413
480	74.8413
490	61.5079
500	56.7778
510	66.7778
520	76.7778
530	66.7778
540	58.8889
550	68.8889
560	78.8889
570	62.8222
580	72.8222
590	57.2222
600	67.2222
610	61.2
620	71.2
630	60.7111
640	70.7111
650	56.7111
660	66.7111
670	59.1333
680	69.1333
690	59.1333
700	69.1333
710	62
720	72
730	82
740	65
750	75
760	59
770	69
780	79
790	69
800	60.0667
810	70.0667
820	57.2667
830	67.2667
840	57.3333
850	67.3333
860	77.3333
870	66.8952
880	59.569
890	69.5691
900	79.569
910	69.1762
920	79.1762
930	67.6667
940	77.6667
950	71.0238
960	81.0238
970	91.0238
980	81.381
990	91.381
1000	81.2262
1010	91.2262
1020	79.1548
1030	89.1548
1040	99.1548
1050	86.3214
1060	72.8214
1070	63.5
1080	73.5
1090	62.6667
1100	72.6667
1110	82.6667
1120	74.75
1130	64
1140	74
1150	84
1160	69
1170	79
1180	66.4028
1190	76.4028
1200	68.0833
1210	78.0833
1220	69.4083
1230	79.4083
1240	89.4083
1250	73.0125
1260	83.0125
1270	69.6292
1280	79.6292
1290	89.6292
1300	80.0232
1310	90.0232
1320	78.5756
1330	88.5756
1340	76.7661
1350	86.7661
1360	96.7661
1370	87.3347
1380	97.3347
1390	83.7026
1400	72.7435
1410	82.7435
1420	70.928
1430	80.928
1440	90.928
1450	77.6244
1460	87.6244
1470	97.6244
1480	86.9828
1490	75.705
1500	85.705
1510	76.2328
1520	86.2328
1530	77.1389
1540	87.1389
1550	76.0516
1560	86.0516
1570	69.9246
1580	79.9246
1590	89.9246
1600	74.3825
1610	57.9667
1620	67.9667
1630	77.9667
1640	58.9952
1650	68.9952
1660	60.4339
1670	70.4339
1680	80.434
1690	72.0985
1700	82.0985
1710	76.15
1720	68.3825
1730	78.3825
1740	70.472
1750	80.472
1760	90.472
1770	76.772
1780	86.772
1790	72.8836
1800	82.8836
1810	92.8836
1820	84.2773
1830	94.2773
1840	79.4541
1850	89.4541
1860	82.2946
1870	92.2946
1880	102.295
1890	88.1381
1900	98.1381
1910	108.138
1920	88.7502
1930	77.05
1940	87.05
1950	76.443
1960	86.443
1970	71.6202
1980	81.6202
1990	72.9403
2000	82.9403
2010	73.9881
2020	83.9881
2030	70.8616
2040	80.8616
2050	75.5191
2060	85.5191
2070	77.4239
2080	87.424
2090	97.424
2100	88.8372
2110	98.8372
2120	85.4519
2130	95.4519
2140	105.452
2150	90.9237
2160	100.924
2170	93.9685
2180	84.4203
2190	94.4203
2200	104.42
2210	94.2526
2220	104.253
2230	90.5758
2240	100.576
2250	110.576
2260	96.3049
2270	106.305
2280	91.444
2290	101.444
2300	111.444
2310	99.297
2320	109.297
2330	119.297
2340	98.3388
2350	108.339
2360	118.339
2370	103.467
2380	113.467
2390	123.467
2400	107.886
2410	117.885
2420	101.753
2430	111.753
2440	92.6197
2450	102.62
2460	89.6569
2470	99.6569
2480	81.1095
2490	91.1094
2500	78.3597
2510	88.3597
2520	76.9368
2530	86.9368
2540	96.9368
2550	87.9447
2560	76.8379
2570	69.0514
2580	79.0514
2590	67.5296
2600	77.5296
2610	87.5296
2620	80.3162
2630	71.1858
2640	81.1858
2650	76.087
2660	86.087
2670	96.087
2680	85.3913
2690	74.3025
2700	84.3025
2710	94.3025
2720	78.0562
2730	88.0562
2740	77.5969
2750	87.5969
2760	81.0105
2770	91.0105
2780	101.011
2790	92.6105
2800	81.7093
2810	91.7093
2820	81.2029
2830	91.2029
2840	76.0945
2850	86.0946
2860	72.3319
2870	82.332
2880	92.3319
2890	72.7947
2900	82.7947
2910	73.4628
2920	83.4628
2930	93.4628
2940	82.2361
2950	92.2361
2960	87.9164
2970	97.9164
2980	107.916
2990	96.9599
3000	106.96
3010	97.0496
3020	107.05
3030	117.05
3040	106.211
3050	116.211
3060	101.347
3070	111.347
3080	93.3247
3090	103.325
3100	113.325
3110	96.1492
3120	106.149
3130	93.4888
3140	103.489
3150	113.489
3160	101.659
3170	111.659
3180	121.659
3190	109.571
3200	119.571
3210	104.742
3220	114.742
3230	124.742
3240	106.693
3250	116.693
3260	93.175
3270	103.175
3280	113.175
3290	91.6981
3300	101.698
3310	111.698
3320	97.5814
3330	107.581
3340	93.3876
3350	103.388
3360	90.5924
3370	100.592
3380	110.592
3390	92.2508
3400	102.251
3410	85.2388
3420	95.2388
3430	84.9855
3440	94.9855
3450	85.0563
3460	95.0563
3470	87.1576
3480	97.1576
3490	107.158
3500	93.7149
3510	103.715
3520	92.7073
3530	102.707
3540	91.3958
3550	101.396
3560	88.5472
3570	98.5472
3580	108.547
3590	93.3013
3600	103.301
3610	113.301
3620	100.328
3630	82.6433
3640	92.6432
3650	102.643
3660	94.0578
3670	82.9701
3680	72.2071
3690	82.2071
3700	73.4955
3710	83.4955
3720	70.5852
3730	80.5852
3740	67.8868
3750	77.8868
3760	68.63
3770	78.63
3780	71.1697
3790	81.1697
3800	75.9316
3810	85.9316
3820	78.4713
3830	88.4713
3840	77.8363
3850	87.8363
3860	97.8363
3870	87.8363
3880	97.8363
3890	107.836
3900	117.836
3910	109.524
3920	119.524
3930	129.524
3940	114.189
3950	124.189
3960	108.869
3970	118.869
3980	128.869
3990	109.439
4000	119.439
4010	103.034
4020	113.034
4030	97.0555
4040	107.055
4050	89.7652
4060	99.7652
4070	86.1337
4080	96.1337
4090	83.0987
4100	69.8375
4110	79.8375
4120	89.8375
4130	76.4432
4140	86.4432
4150	79.5027
4160	89.5027
4170	78.5661
4180	88.5661
4190	81.543
4200	91.543
4210	101.543
4220	92.3723
4230	102.372
4240	93.8169
4250	84.2843
4260	94.2843
4270	104.284
4280	91.5538
4290	101.554
4300	111.554
4310	93.5079
4320	77.5623
4330	87.5623
4340	97.5623
4350	84.7417
4360	75.0108
4370	85.0108
4380	95.0108
4390	81.4966
4400	91.4966
4410	82.0521
4420	92.0521
4430	102.052
4440	92.0235
4450	102.024
4460	91.187
4470	101.187
4480	111.187
4490	101.546
4500	111.546
4510	121.546
4520	109.417
4530	119.417
4540	129.417
4550	111.323
4560	121.323
4570	101.549
4580	111.549
4590	95.0752
4600	105.075
4610	115.075
4620	96.1562
4630	106.156
4640	116.156
4650	100.326
4660	110.326
4670	95.7955
4680	105.795
4690	115.795
4700	101.516
4710	111.516
4720	94.8025
4730	79.3279
4740	89.3279
4750	99.3279
4760	91.2739
4770	101.274
4780	88.4443
4790	98.4443
4800	85.2609
4810	95.2609
4820	84.0922
4830	94.0922
4840	82.7036
4850	92.7036
4860	102.704
4870	90.0818
4880	100.082
4890	85.9047
4900	95.9047
4910	105.905
4920	85.3563
4930	95.3563
4940	86.7685
4950	77.4387
4960	87.4387
4970	97.4387
4980	87.1221
4990	75.8452
5000	85.8452
5010	95.8452
5020	82.6658
5030	92.6658
5040	102.666
5050	92.8217
5060	102.822
5070	112.822
5080	102.565
5090	112.565
5100	122.565
5110	105.136
5120	115.136
5130	99.7818
5140	109.782
5150	95.718
5160	105.718
5170	115.718
5180	101.695
5190	87.5112
5200	97.5112
5210	107.511
5220	93.7812
5230	103.781
5240	89.0466
5250	99.0466
5260	83.3338
5270	93.3338
5280	103.334
5290	84.9008
5300	94.9008
5310	104.901
5320	97.7399
5330	107.74
5340	95.1521
5350	105.152
5360	92.4473
5370	80.5347
5380	90.5347
5390	100.535
5400	86.6739
5410	96.6739
5420	83.7347
5430	93.7346
5440	81.7171
5450	91.7171
5460	81.1487
5470	91.1487
5480	101.149
5490	90.0442
5500	81.8437
5510	91.8437
5520	82.6132
5530	92.6132
5540	102.613
5550	88.7002
5560	98.7002
5570	84.707
5580	94.707
5590	104.707
5600	114.707
5610	102.511
5620	112.51
5630	122.511
5640	106.641
5650	116.641
5660	102.741
5670	112.741
5680	122.741
5690	102.399
5700	112.399
5710	97.2277
5720	107.228
5730	92.2218
5740	102.222
5750	90.8287
5760	100.829
5770	85.755
5780	95.755
5790	83.0435
5800	93.0435
5810	77.237
5820	87.237
5830	77.1295
5840	87.1295
5850	97.1295
5860	107.13
5870	97.5681
5880	107.568
5890	117.568
5900	102.635
5910	112.635
5920	100.382
5930	110.382
5940	92.6628
5950	102.663
5960	112.663
5970	95.7928
5980	105.793
5990	115.793
6000	101.291
6010	111.291
6020	96.5324
6030	106.532
6040	116.532
6050	98.67
6060	108.67
6070	90.5257
6080	100.526
6090	88.6129
6100	98.6129
6110	87.0665
6120	97.0665
6130	87.2727
6140	97.2727
6150	107.273
6160	117.273
6170	105.609
6180	115.609
6190	125.609
6200	107.995
6210	117.995
6220	95.8943
6230	105.894
6240	115.894
6250	95.4211
6260	105.421
6270	92.1347
6280	102.135
6290	112.135
6300	100.074
6310	110.074
6320	96.8648
6330	106.865
6340	90.9977
6350	100.998
6360	81.5422
6370	91.5422
6380	81.2084
6390	91.2084
6400	101.208
6410	90.7139
6420	100.714
6430	110.714
6440	99.6928
6450	109.693
6460	119.693
6470	105.519
6480	115.519
6490	97.5695
6500	107.57
6510	117.57
6520	99.5891
6530	109.589
6540	119.589
6550	103.923
6560	113.923
6570	97.1253
6580	107.125
6590	94.479
6600	104.479
6610	88.9304
6620	98.9304
6630	79.4688
6640	89.4688
6650	99.4688
6660	89.6215
6670	99.6215
6680	88.7063
6690	98.7063
6700	108.706
6710	98.0957
6720	108.096
6730	118.096
6740	128.096
6750	113.204
6760	123.204
6770	104.487
6780	114.487
6790	98.9224
6800	108.922
6810	91.1611
6820	101.161
6830	84.521
6840	73.8593
6850	83.8593
6860	93.8593
6870	82.8137
6880	92.8137
6890	78.6596
6900	88.6596
6910	98.6596
6920	89.516
6930	99.516
6940	109.516
6950	100.154
6960	110.154
6970	120.154
6980	108.466
6990	118.466
7000	105.493
7010	115.493
7020	125.493
7030	106.402
7040	116.402
7050	94.429
7060	104.429
7070	114.429
7080	93.9188
7090	103.919
7100	86.3698
7110	79.9103
7120	89.9103
7130	81.8841
7140	91.8841
7150	101.884
7160	90.0823
7170	81.6734
7180	91.6734
7190	101.673
7200	91.4398
7210	101.44
7220	111.44
7230	98.7207
7240	108.721
7250	118.721
7260	104.609
7270	114.609
7280	99.5124
7290	109.512
7300	119.512
7310	100.037
7320	110.037
7330	120.037
7340	101.224
7350	84.3797
7360	94.3797
7370	82.9749
7380	92.9749
7390	102.975
7400	86.8161
7410	96.8161
7420	84.6989
7430	94.6989
7440	104.699
7450	93.6117
7460	103.612
7470	94.4442
7480	104.444
7490	114.444
7500	102.923
7510	112.923
7520	122.923
7530	107.969
7540	117.969
7550	127.969
7560	109.565
7570	119.565
7580	100.224
7590	110.224
7600	94.0961
7610	104.096
7620	88.0581
7630	98.0581
7640	108.058
7650	93.9859
7660	103.986
7670	87.7838
7680	97.7838
7690	107.784
7700	89.2519
7710	99.2519
7720	89.3263
7730	99.3263
7740	109.326
7750	98.1872
7760	108.187
7770	118.187
7780	104.517
7790	114.517
7800	124.517
7810	108.575
7820	118.575
7830	102.393
7840	112.393
7850	97.1489
7860	107.149
7870	117.149
7880	99.5272
7890	109.527
7900	119.527
7910	99.0868
7920	109.087
7930	97.3159
7940	107.316
7950	93.631
7960	103.631
7970	113.631
7980	100.746
7990	110.746
8000	95.3853
8010	105.385
8020	115.385
8030	99.8178
8040	109.818
8050	119.818
8060	107.825
8070	117.825
8080	100.993
8090	110.993
8100	120.993
8110	99.8331
8120	109.833
8130	93.4109
8140	103.411
8150	86.1663
8160	96.1663
8170	86.9536
8180	79.1928
8190	89.1928
8200	77.201
8210	87.201
8220	76.1372
8230	66.8779
8240	76.8779
8250	86.8779
8260	74.5876
8270	84.5876
8280	94.5876
8290	88.0425
8300	98.0425
8310	87.1081
8320	97.1081
8330	107.108
8340	94.314
8350	104.314
8360	91.0127
8370	101.013
8380	87.698
8390	78.716
8400	88.716
8410	79.873
8420	89.873
8430	99.873
8440	90.0464
8450	100.046
8460	110.046
8470	96.5743
8480	106.574
8490	88.4554
8500	98.4554
8510	86.1605
8520	96.1605
8530	106.16
8540	91.6733
8550	101.673
8560	90.0675
8570	77.9584
8580	87.9584
8590	79.5545
8600	89.5545
8610	76.8709
8620	86.8709
8630	96.8709
8640	87.6214
8650	97.6214
8660	84.7687
8670	94.7687
8680	104.769
8690	92.1339
8700	102.134
8710	112.134
8720	99.5319
8730	87.3165
8740	97.3165
8750	107.317
8760	94.7768
8770	82.6417
8780	92.6417
8790	77.7355
8800	87.7355
8810	78.2669
8820	88.2669
8830	77.3279
8840	87.3279
8850	75.4845
8860	85.4845
8870	78.4337
8880	88.4337
8890	79.6663
8900	89.6663
8910	99.6663
8920	89.5971
8930	99.5971
8940	109.597
8950	119.597
8960	82.8138
8970	92.8138
8980	102.814
8990	87.6338
9000	97.6338
9010	107.634
9020	93.6188
9030	103.619
9040	91.1828
9050	101.183
9060	89.8166
9070	99.8166
9080	86.0188
9090	96.0188
9100	86.0113
9110	96.0113
9120	84.1398
9130	94.1398
9140	104.14
9150	90.7621
9160	100.762
9170	87.7665
9180	97.7665
9190	107.766
9200	117.766
9210	102.792
9220	91.6316
9230	101.632
9240	91.1244
9250	101.124
9260	111.124
9270	99.2622
9280	109.262
9290	94.6676
9300	104.668
9310	87.7719
9320	97.7719
9330	84.1216
9340	94.1216
9350	104.122
9360	89.527
9370	99.527
9380	85.4054
9390	95.4054
9400	105.405
9410	94.3641
9420	104.364
9430	114.364
9440	103.903
9450	113.903
9460	123.903
9470	110.724
9480	120.724
9490	104.799
9500	114.799
9510	97.1007
9520	107.101
9530	87.2086
9540	97.2086
9550	83.1723
9560	93.1723
9570	103.172
9580	90.6811
9590	100.681
9600	87.3795
9610	97.3795
9620	88.5222
9630	98.5222
9640	108.522
9650	97.2963
9660	87.0807
9670	97.0807
9680	107.081
9690	93.3089
9700	103.309
9710	89.7515
9720	99.7515
9730	109.752
9740	92.7131
9750	102.713
9760	91.8617
9770	101.862
9780	88.0626
9790	98.0626
9800	81.6009
9810	91.6009
9820	79.8915
9830	70.5992
9840	80.5992
9850	90.5992
9860	82.6154
9870	92.6154
9880	102.615
9890	112.615
9900	103.431
9910	113.431
9920	101.708
9930	111.708
9940	96.8365
9950	106.837
9960	90.0595
9970	100.06
9980	110.06
9990	91.7945
10000	101.794
10010	82.872
10020	92.872
10030	86.5248
10040	96.5248
10050	106.525
10060	95.6194
10070	86.6092
10080	96.6092
10090	86.4929
10100	96.493
10110	106.493
10120	92.6735
10130	102.674
10140	87.4092
10150	97.4092
10160	81.6009
10170	91.6009
10180	81.2835
10190	91.2835
10200	101.284
10210	85.6572
10220	95.6572
10230	89.0082
10240	99.0082
10250	89.5577
10260	99.5578
10270	87.6095
10280	97.6095
10290	107.609
10300	92.5557
10310	102.556
10320	89.8193
10330	99.8193
10340	87.8996
10350	97.8997
10360	86.2331
10370	96.2331
10380	84.7686
10390	94.7686
10400	82.2395
10410	92.2395
10420	77.0272
10430	70.2092
10440	80.2092
10450	71.7661
10460	81.7661
10470	71.3964
10480	81.3964
10490	91.3964
10500	84.4943
10510	94.4943
10520	104.494
10530	95.3419
10540	105.342
10550	115.342
10560	125.342
10570	110.043
10580	120.043
10590	101.957
10600	111.957
10610	95.6264
10620	105.626
10630	115.626
10640	99.5317
10650	109.532
10660	97.2761
10670	107.276
10680	95.4706
10690	105.471
10700	115.471
10710	99.7507
10720	86.9401
10730	96.9401
10740	82.0625
10750	92.0625
10760	77.7773
10770	64.7785
10780	74.7785
10790	84.7785
10800	78.6836
10810	88.6836
10820	81.0868
10830	91.0868
10840	82.1546
10850	92.1546
10860	82.1602
10870	92.1602
10880	81.8153
10890	91.8153
10900	101.815
10910	87.5918
10920	97.5918
10930	107.592
10940	95.4325
10950	105.432
10960	115.432
10970	106.284
10980	116.284
10990	126.284
11000	111.256
11010	121.256
11020	104.015
11030	114.015
11040	96.9964
11050	106.996
11060	116.996
11070	102.011
11080	112.011
11090	93.16
11100	103.16
11110	113.16
11120	94.0479
11130	83.677
11140	93.677
11150	80.9537
11160	72.6667
11170	82.6667
11180	92.6667
11190	82.2106
11200	92.2106
11210	102.211
11220	91.6602
11230	101.66
11240	88.0798
11250	98.0798
11260	87.7015
11270	97.7015
11280	85.215
11290	95.215
11300	105.215
11310	90.7405
11320	76.9623
11330	86.9623
11340	96.9623
11350	90.5564
11360	100.556
11370	90.2063
11380	100.206
11390	110.206
11400	98.4569
11410	108.457
11420	94.5308
11430	104.531
11440	89.3572
11450	99.3572
11460	109.357
11470	93.8788
11480	103.879
11490	113.879
11500	102.965
11510	112.965
11520	99.6702
11530	109.67
11540	92.7941
11550	102.794
11560	112.794
11570	96.8888
11580	106.889
11590	87.5821
11600	76.3166
11610	86.3166
11620	96.3166
11630	84.5161
11640	94.5161
11650	87.4604
11660	97.4604
11670	87.3436
11680	97.3436
11690	86.2485
11700	96.2485
11710	84.6797
11720	94.6797
11730	80.2514
11740	90.2514
11750	73.4359
11760	83.4359
11770	93.4359
11780	86.5128
11790	96.5128
11800	86.523
11810	96.523
11820	87.3582
11830	97.3582
11840	107.358
11850	97.9024
11860	107.902
11870	117.902
11880	101.831
11890	111.831
11900	97.6274
11910	107.627
11920	68.1571
11930	78.1571
11940	88.1571
11950	75.1979
11960	85.1979
11970	73.8673
11980	83.8673
11990	74.7857
12000	84.7857
12010	78.3061
12020	88.3061
12030	98.3061
12040	89.7941
12050	99.7941
12060	109.794
12070	97.6794
12080	86.3135
12090	96.3135
12100	106.313
12110	91.9675
12120	101.967
12130	87.8798
12140	97.8798
12150	107.88
12160	91.7861
12170	101.786
12180	111.786
12190	97.3146
12200	107.315
12210	96.806
12220	106.806
12230	116.806
12240	106.698
12250	116.698
12260	104.171
12270	114.171
12280	98.0414
12290	108.041
12300	91.6541
12310	101.654
12320	84.6534
12330	94.6534
12340	85.0199
12350	95.0199
12360	82.2999
12370	92.2999
12380	80.8134
12390	71.6881
12400	81.6881
12410	91.6881
12420	77.2625
12430	87.2625
12440	97.2625
12450	86.6774
12460	96.6774
12470	106.677
12480	95.5696
12490	105.57
12500	76.5987
12510	86.5987
12520	96.5987
12530	85.9493
12540	95.9493
12550	105.949
12560	91.4227
12570	101.423
12580	88.0821
12590	98.0821
12600	83.5772
12610	93.5772
12620	85.3902
12630	95.3902
12640	86.5458
12650	96.5458
12660	106.546
12670	94.8707
12680	104.871
12690	91.1719
12700	101.172
12710	85.4812
12720	95.4812
12730	81.365
12740	91.365
12750	101.365
12760	90.1512
12770	100.151
12780	85.8858
12790	95.8858
12800	86.9334
12810	96.9334
12820	88.1684
12830	98.1684
12840	86.1644
12850	96.1644
12860	80.302
12870	90.302
12880	100.302
12890	110.302
12900	97.4622
12910	107.462
12920	117.462
12930	105.733
12940	91.5739
12950	101.574
12960	87.8889
12970	97.8889
12980	107.889
12990	95.5109
13000	105.511
13010	89.389
13020	99.389
13030	81.6678
13040	91.6678
13050	101.668
13060	91.3454
13070	101.345
13080	90.3392
13090	100.339
13100	110.339
13110	99.6477
13120	109.648
13130	119.648
13140	107.059
13150	117.059
13160	127.059
13170	109.296
13180	119.296
13190	101.136
13200	111.136
13210	94.5202
13220	104.52
13230	86.1807
13240	96.1806
13250	80.5168
13260	90.5168
13270	83.0878
13280	73.9135
13290	83.9135
13300	93.9135
13310	103.913
13320	93.6873
13330	103.687
13340	113.687
13350	101.565
13360	111.565
13370	121.565
13380	106.691
13390	116.691
13400	100.772
13410	110.772
13420	94.5383
13430	104.538
13440	86.8388
13450	96.8388
13460	79.5639
13470	89.5639
13480	99.5639
13490	90.7785
13500	100.778
13510	110.778
13520	101.7
13530	89.9359
13540	99.9359
13550	109.936
13560	98.0441
13570	84.7733
13580	94.7733
13590	79.0324
13600	89.0324
13610	73.2642
13620	83.2642
13630	73.3477
13640	83.3477
13650	93.3477
13660	84.6626
13670	94.6626
13680	87.5728
13690	97.5728
13700	87.1643
13710	97.1643
13720	85.0118
13730	95.0118
13740	105.012
13750	93.3263
13760	103.326
13770	113.326
13780	123.326
13790	109.596
13800	119.596
13810	129.596
13820	113.229
13830	98.8188
13840	108.819
13850	118.819
13860	102.02
13870	85.3696
13880	95.3696
13890	105.37
13900	84.7891
13910	74.2256
13920	84.2256
13930	94.2256
13940	86.2038
13950	96.2038
13960	86.8279
13970	78.2274
13980	88.2274
13990	98.2274
14000	86.828
14010	75.2538
14020	85.2538
14030	73.5504
14040	83.5504
14050	71.0723
14060	81.0723
14070	74.1864
14080	84.1864
14090	94.1864
14100	87.5043
14110	97.5042
14120	89.0832
14130	99.0832
14140	89.1271
14150	99.127
14160	109.127
14170	119.127
14180	105.965
14190	115.965
14200	125.965
14210	105.965
14220	115.965
14230	101.404
14240	111.404
14250	121.404
14260	105.184
14270	115.184
14280	97.9681
14290	84.9753
14300	94.9753
14310	104.975
14320	90.4568
14330	100.457
14340	89.4425
14350	75.7088
14360	85.7088
14370	95.7088
14380	82.789
14390	72.6012
14400	82.6012
14410	92.6012
14420	82.7714
14430	75.1211
14440	85.1211
14450	76.077
14460	86.077
14470	96.077
14480	84.0254
14490	94.0254
14500	81.437
14510	91.4371
14520	80.1544
14530	90.1544
14540	81.9285
14550	91.9285
14560	82.8202
14570	92.8202
14580	102.82
14590	93.7476
14600	103.748
14610	113.748
14620	123.748
14630	108.493
14640	118.493
14650	102.821
14660	112.821
14670	100.23
14680	110.23
14690	95.7149
14700	105.715
14710	115.715
14720	98.7216
14730	79.1557
14740	89.1557
14750	79.2023
14760	72.0939
14770	82.0939
14780	92.0939
14790	82.5254
14800	92.5254
14810	81.699
14820	91.699
14830	80.7899
14840	90.7899
14850	80.4071
14860	90.4071
14870	100.407
14880	86.8628
14890	96.8628
14900	82.0599
14910	92.0599
14920	81.704
14930	91.704
14940	101.704
14950	90.9676
14960	100.968
14970	93.1924
14980	103.192
14990	113.192
15000	102.616
15010	112.616
15020	122.616
15030	132.616
15040	117.806
15050	100.708
15060	110.708
15070	120.708
15080	101.627
15090	111.627
15100	88.8263
15110	98.8263
15120	83.8623
15130	93.8623
15140	103.862
15150	90.7211
15160	83.2945
15170	93.2945
15180	103.295
15190	93.8355
15200	103.836
15210	113.836
15220	101.963
15230	111.963
15240	99.4708
15250	109.471
15260	93.6871
15270	103.687
15280	88.2794
15290	98.2794
15300	82.3192
15310	92.3192
15320	77.3157
15330	69.5475
15340	79.5475
15350	89.5475
15360	99.5475
15370	90.2415
15380	100.242
15390	110.242
15400	98.1392
15410	108.139
15420	92.6507
15430	102.651
15440	92.3758
15450	102.376
15460	89.2245
15470	99.2245
15480	109.224
15490	92.9583
15500	102.958
15510	89.9108
15520	99.9108
15530	90.4331
15540	100.433
15550	110.433
15560	98.3621
15570	108.362
15580	118.362
15590	104.336
15600	114.336
15610	124.336
15620	107.688
15630	117.688
15640	101.581
15650	111.581
15660	93.213
15670	103.213
15680	113.213
15690	91.8714
15700	101.871
15710	88.3974
15720	98.3974
15730	88.239
15740	98.239
15750	108.239
15760	97.1653
15770	107.165
15780	117.165
15790	105.53
15800	92.4628
15810	102.463
15820	88.3683
15830	98.3683
15840	85.0216
15850	95.0216
15860	79.4794
15870	89.4794
15880	99.4794
15890	81.5145
15900	91.5145
15910	82.8878
15920	92.8878
15930	102.888
15940	92.3433
15950	85.2067
15960	95.2067
15970	105.207
15980	93.5761
15990	103.576
16000	91.4751
16010	101.475
16020	89.7188
16030	77.7111
16040	87.7111
16050	97.7111
16060	82.4258
16070	73.4737
16080	83.4737
16090	93.4737
16100	84.0097
16110	74.0815
16120	84.0815
16130	94.0815
16140	83.907
16150	93.907
16160	103.907
16170	91.8901
16180	101.89
16190	111.89
16200	96.8003
16210	106.8
16220	95.1123
16230	105.112
16240	92.6196
16250	102.62
16260	89.8422
16270	99.8422
16280	87.5246
16290	97.5246
16300	86.8886
16310	96.8886
16320	84.6793
16330	94.6793
16340	104.679
16350	114.679
16360	101.208
16370	111.208
16380	121.208
16390	106.441
16400	116.441
16410	98.8522
16420	108.852
16430	118.852
16440	101.977
16450	111.977
16460	94.7991
16470	104.799
16480	114.799
16490	94.7508
16500	86.2866
16510	96.2866
16520	85.7806
16530	95.7806
16540	86.4491
16550	96.4491
16560	106.449
16570	92.8127
16580	79.4318
16590	89.4318
16600	99.4318
16610	84.3182
16620	94.3182
16630	82.0455
16640	92.0455
16650	102.045
16660	87.0454
16670	97.0455
16680	89.0151
16690	99.0152
16700	109.015
16710	98.2804
16720	108.28
16730	96.8338
16740	106.834
16750	116.834
16760	104.948
16770	114.948
16780	99.9413
16790	109.941
16800	92.9234
16810	102.923
16820	112.923
16830	96.5447
16840	106.545
16850	116.545
16860	101.748
16870	111.748
16880	96.2282
16890	106.228
16900	116.228
16910	96.1815
16920	106.181
16930	94.3148
16940	104.315
16950	90.2412
16960	100.241
16970	110.241
16980	95.0435
16990	105.043
17000	94.254
17010	104.254
17020	114.254
17030	103.473
17040	113.473
17050	123.473
17060	108.883
17070	118.883
17080	103.05
17090	113.05
17100	123.05
17110	102.554
17120	112.554
17130	92.9946
17140	102.995
17150	81.4513
17160	91.4513
17170	101.451
17180	91.7993
17190	101.799
17200	94.3755
17210	104.375
17220	94.7283
17230	104.728
17240	114.728
17250	102.401
17260	112.401
17270	122.401
17280	105.904
17290	115.904
17300	125.904
17310	105.763
17320	115.763
17330	95.6516
17340	105.652
17350	83.7113
17360	93.7113
17370	103.711
17380	94.395
17390	104.395
17400	92.5429
17410	102.543
17420	112.543
17430	102.597
17440	112.597
17450	100.208
17460	110.208
17470	96.3245
17480	82.5947
17490	92.5947
17500	102.595
17510	112.595
17520	94.291
17530	104.291
17540	83.5545
17550	93.5545
17560	83.804
17570	93.804
17580	103.804
17590	93.7456
17600	103.746
17610	92.8269
17620	102.827
17630	89.0813
17640	99.0813
17650	89.6466
17660	99.6466
17670	109.647
17680	95.9094
17690	105.909
17700	89.923
17710	99.9229
17720	109.923
17730	94.3284
17740	104.328
17750	90.5496
17760	100.55
17770	110.55
17780	98.3262
17790	108.326
17800	93.1183
17810	103.118
17820	113.118
17830	100.442
17840	87.0673
17850	97.0673
17860	80.8608
17870	71.2603
17880	81.2603
17890	91.2603
17900	82.106
17910	92.106
17920	83.077
17930	93.077
17940	103.077
17950	90.8177
17960	100.818
17970	110.818
17980	94.1508
17990	104.151
18000	90.9904
18010	100.99
18020	110.99
18030	92.7063
18040	102.706
18050	92.4286
18060	102.429
18070	112.429
18080	99.4531
18090	109.453
18100	98.6933
18110	108.693
18120	96.0603
18130	106.06
18140	116.06
18150	100.901
18160	86.953
18170	96.953
18180	106.953
18190	89.6027
18200	99.6027
18210	79.7124
18220	89.7124
18230	80.7012
18240	90.7012
18250	100.701
18260	91.7842
18270	101.784
18280	90.4863
18290	100.486
18300	88.0509
18310	98.0509
18320	108.051
18330	97.4127
18340	107.413
18350	94.3786
18360	104.379
18370	87.7626
18380	97.7626
18390	107.763
18400	93.0173
18410	103.017
18420	113.017
18430	97.6187
18440	107.619
18450	95.3094
18460	105.309
18470	115.309
18480	98.7797
18490	108.78
18500	97.1256
18510	107.126
18520	117.126
18530	100.453
18540	110.453
18550	91.6811
18560	101.681
18570	90.4931
18580	100.493
18590	90.1134
18600	100.113
18610	110.113
18620	97.1273
18630	107.127
18640	117.127
18650	101.031
18660	111.031
18670	121.031
18680	101.702
18690	111.702
18700	93.4831
18710	103.483
18720	88.6362
18730	77.6707
18740	87.6707
18750	97.6707
18760	86.0592
18770	96.0592
18780	87.6613
18790	97.6613
18800	88.016
18810	98.016
18820	108.016
18830	95.5473
18840	105.547
18850	90.841
18860	100.841
18870	82.885
18880	92.885
18890	78.2646
18900	88.2646
18910	78.9944
18920	88.9944
18930	98.9944
18940	89.8549
18950	99.8549
18960	88.8592
18970	98.8592
18980	90.1878
18990	100.188
19000	110.188
19010	97.4214
19020	107.421
19030	117.421
19040	104.051
19050	114.051
19060	124.051
19070	108.574
19080	118.574
19090	99.9534
19100	109.953
19110	94.3585
19120	104.359
19130	114.359
19140	100.874
19150	110.874
19160	95.2838
19170	105.284
19180	115.284
19190	95.6267
19200	105.627
19210	90.8957
19220	100.896
19230	110.896
19240	120.896
19250	107.192
19260	117.192
19270	127.192
19280	110.433
19290	120.433
19300	106.076
19310	116.076
19320	126.076
19330	111.15
19340	121.15
19350	104.461
19360	114.461
19370	124.461
19380	102.563
19390	84.0249
19400	94.0249
19410	85.9532
19420	95.9532
19430	84.9387
19440	94.9387
19450	82.5266
19460	92.5266
19470	102.527
19480	89.568
19490	99.568
19500	87.3661
19510	97.3661
19520	107.366
19530	92.1895
19540	102.189
19550	83.2013
19560	93.2013
19570	83.6361
19580	93.6361
19590	85.6211
19600	95.6211
19610	105.621
19620	96.7081
19630	106.708
19640	116.708
19650	104.348
19660	114.348
19670	124.348
19680	108.836
19690	118.836
19700	102.764
19710	112.764
19720	93.7569
19730	103.757
19740	113.757
19750	93.0492
19760	103.049
19770	85.1452
19780	95.1452
19790	87.1682
19800	97.1682
19810	107.168
19820	98.2163
19830	108.216
19840	118.216
19850	106.075
19860	116.075
19870	100.46
19880	110.46
19890	95.7838
19900	105.784
19910	89.7995
19920	99.7995
19930	109.799
19940	93.3164
19950	103.316
19960	113.316
19970	95.6367
19980	105.637
19990	95.1714
20000	105.171
20010	115.171
20020	103.202
20030	113.202
20040	98.343
20050	108.343
20060	118.343
20070	102.638
20080	112.638
20090	96.2854
20100	106.285
20110	92.6275
20120	102.627
20130	112.627
20140	97.2085
20150	107.208
20160	90.8248
20170	78.0266
20180	88.0266
20190	78.5999
20200	88.5999
20210	98.5999
20220	86.7921
20230	96.7921
20240	106.792
20250	95.6559
20260	105.656
20270	93.5884
20280	103.588
20290	113.588
20300	96.286
20310	83.4014
20320	93.4014
20330	80.0202
20340	90.0202
20350	100.02
20360	88.1926
20370	98.1926
20380	89.654
20390	99.654
20400	109.654
20410	119.654
20420	107.623
20430	117.623
20440	127.623
20450	111.066
20460	121.066
20470	102.367
20480	112.367
20490	122.367
20500	100.984
20510	110.984
20520	94.4659
20530	104.466
20540	114.466
20550	99.5103
20560	109.51
20570	94.9654
20580	86.5719
20590	96.5719
20600	86.7644
20610	96.7644
20620	106.764
20630	116.764
20640	102.867
20650	112.867
20660	122.867
20670	107.302
20680	117.302
20690	127.302
20700	109.751
20710	119.751
20720	101.517
20730	111.517
20740	121.517
20750	103.176
20760	113.176
20770	94.2257
20780	104.226
20790	88.9488
20800	98.9488
20810	86.4451
20820	96.4451
20830	106.445
20840	94.9159
20850	104.916
20860	92.7434
20870	102.743
20880	89.749
20890	99.749
20900	84.9038
20910	94.9038
20920	104.904
20930	92.3122
20940	102.312
20950	112.312
20960	97.6599
20970	107.66
20980	92.2378
20990	102.238
21000	92.9427
21010	102.943
21020	112.943
21030	101.254
21040	111.254
21050	96.0922
21060	106.092
21070	91.4597
21080	101.46
21090	111.46
21100	93.8297
21110	103.83
21120	93.3038
21130	103.304
21140	91.8997
21150	101.9
21160	111.9
21170	98.7268
21180	108.727
21190	95.1099
21200	105.11
21210	115.11
21220	96.7602
21230	106.76
21240	90.3614
21250	100.361
21260	110.361
21270	100.997
21280	110.997
21290	99.5429
21300	109.543
21310	96.3622
21320	106.362
21330	116.362
21340	99.8346
21350	109.835
21360	119.835
21370	103.051
21380	113.051
21390	93.1337
21400	103.134
21410	113.134
21420	90.3133
21430	100.313
21440	91.5633
21450	101.563
21460	92.5663
21470	102.566
21480	112.566
21490	101.735
21500	90.267
21510	100.267
21520	110.267
21530	120.267
21540	104.753
21550	90.8108
21560	100.811
21570	83.892
21580	93.892
21590	76.1378
21600	86.1378
21610	96.1378
21620	83.7401
21630	93.7401
21640	84.408
21650	94.408
21660	84.5179
21670	94.5179
21680	104.518
21690	95.9839
21700	105.984
21710	94.8168
21720	104.817
21730	92.0713
21740	102.071
21750	112.071
21760	97.7851
21770	107.785
21780	117.785
21790	127.785
21800	112.175
21810	122.175
21820	132.175
21830	116.231
21840	126.231
21850	107.429
21860	94.4241
21870	104.424
21880	114.424
21890	97.932
21900	107.932
21910	88.9205
21920	98.9205
21930	82.3394
21940	92.3394
21950	102.339
21960	90.004
21970	100.004
21980	91.352
21990	101.352
22000	111.352
22010	98.6194
22020	85.106
22030	95.106
22040	84.1153
22050	94.1153
22060	104.115
22070	90.1416
22080	100.142
22090	110.142
22100	95.0557
22110	105.056
22120	96.6962
22130	106.696
22140	116.696
22150	105.513
22160	115.513
22170	125.513
22180	110.08
22190	120.08
22200	130.08
22210	111.517
22220	121.517
22230	101.089
22240	111.089
22250	89.1603
22260	99.1603
22270	109.16
22280	91.1478
22290	101.148
22300	93.8754
22310	103.875
22320	92.9965
22330	102.997
22340	112.996
22350	100.635
22360	110.635
22370	120.635
22380	130.635
22390	115.941
22400	125.941
22410	106.937
22420	116.937
22430	99.0986
22440	109.099
22450	119.099
22460	100.143
22470	110.143
22480	93.6606
22490	103.661
22500	113.661
22510	95.1189
22520	105.119
22530	93.2173
22540	103.217
22550	113.217
22560	99.92
22570	109.92
22580	119.92
22590	100.955
22600	110.955
22610	97.8052
22620	107.805
22630	117.805
22640	103.164
22650	113.164
22660	99.492
22670	109.492
22680	119.492
22690	101.977
22700	85.8594
22710	95.8594
22720	85.0722
22730	75.837
22740	85.837
22750	95.837
22760	83.8108
22770	93.8108
22780	103.811
22790	90.7093
22800	100.709
22810	87.5654
22820	97.5655
22830	107.565
22840	94.0052
22850	104.005
22860	87.7487
22870	97.7487
22880	107.749
22890	90.6021
22900	100.602
22910	93.0105
22920	103.01
22930	93.6387
22940	103.639
22950	113.639
22960	101.649
22970	111.649
22980	121.649
22990	105.995
23000	115.995
23010	98.7736
23020	108.774
23030	92.5295
23040	102.53
23050	85.06
23060	95.06
23070	105.06
23080	84.7535
23090	79.2791
23100	89.2791
23110	99.2791
23120	91.714
23130	101.714
23140	111.714
23150	100.874
23160	110.874
23170	120.874
23180	106.109
23190	116.109
23200	99.9515
23210	82.8275
23220	92.8275
23230	102.827
23240	87.0927
23250	97.0927
23260	79.7282
23270	89.7282
23280	81.4206
23290	91.4206
23300	101.421
23310	93.9388
23320	103.939
23330	113.939
23340	123.939
23350	110.933
23360	120.933
23370	106.246
23380	116.246
23390	101.572
23400	111.572
23410	121.572
23420	102.469
23430	112.469
23440	95.8797
23450	105.88
23460	115.88
23470	98.6842
23480	108.684
23490	96.9877
23500	106.988
23510	94.9608
23520	104.961
23530	114.961
23540	99.9742
23550	109.974
23560	119.974
23570	104.134
23580	114.134
23590	96.7442
23600	106.744
23610	116.744
23620	94.1861
23630	104.186
23640	90.9302
23650	100.93
23660	86.3824
23670	96.3824
23680	106.382
23690	95.7106
23700	105.711
23710	96.5891
23720	106.589
23730	116.589
23740	104.884
23750	114.884
23760	124.884
23770	109.044
23780	119.044
23790	101.369
23800	111.37
23810	91.2403
23820	101.24
23830	81.7829
23840	91.7829
23850	77.2388
23860	87.2388
23870	97.2388
23880	90.89
23890	100.89
23900	93.5387
23910	103.539
23920	113.539
23930	100.786
23940	110.786
23950	97.5673
23960	107.567
23970	92.6206
23980	102.621
23990	112.621
24000	122.621
24010	104.822
24020	86.1721
24030	96.1721
24040	106.172
24050	90.2484
24060	100.248
24070	87.5156
24080	77.8573
24090	87.8573
24100	97.8573
24110	87.4194
24120	97.4194
24130	88.5911
24140	98.5911
24150	87.2122
24160	97.2122
24170	85.0693
24180	95.0693
24190	105.069
24200	115.069
24210	99.4697
24220	109.47
24230	93.1034
24240	103.103
24250	87.2181
24260	97.2181
24270	86.8099
24280	96.8099
24290	86.0606
24300	96.0606
24310	81.7682
24320	91.7682
24330	101.768
24340	92.859
24350	102.859
24360	112.859
24370	122.859
24380	108.262
24390	118.262
24400	102.389
24410	112.389
24420	98.9394
24430	108.939
24440	94.2107
24450	104.211
24460	89.7858
24470	99.7858
24480	109.786
24490	92.5772
24500	102.577
24510	90.9572
24520	78.0353
24530	88.0353
24540	98.0353
24550	84.7607
24560	94.7607
24570	104.761
24580	90.2771
24590	100.277
24600	110.277
24610	98.0101
24620	108.01
24630	96.1752
24640	106.175
24650	92.006
24660	102.006
24670	87.4682
24680	97.4681
24690	107.468
24700	94.7095
24710	104.709
24720	94.1049
24730	104.105
24740	92.3864
24750	102.386
24760	112.386
24770	98.0567
24780	108.057
24790	94.5558
24800	104.556
24810	90.4684
24820	100.468
24830	84.3176
24840	94.3176
24850	104.318
24860	84.5826
24870	94.5826
24880	85.6713
24890	95.6714
24900	88.1154
24910	98.1153
24920	108.115
24930	99.1393
24940	109.139
24950	98.1811
24960	108.181
24970	118.181
24980	102.766
24990	112.766
25000	94.5027
25010	104.503
25020	114.503
25030	95.9027
25040	105.903
25050	115.903
25060	99.8616
25070	109.862
25080	93.0828
25090	103.083
25100	93.764
25110	103.764
25120	91.4979
25130	101.498
25140	111.498
25150	96.346
25160	106.346
25170	88.2952
25180	98.2952
25190	108.295
25200	95.9205
25210	105.921
25220	115.921
25230	103.804
25240	113.804
25250	123.804
25260	107.298
25270	117.298
25280	100.049
25290	110.049
25300	120.049
25310	105.377
25320	115.377
25330	98.935
25340	108.935
25350	89.1535
25360	99.1535
25370	83.3609
25380	93.361
25390	103.361
25400	94.6538
25410	104.654
25420	93.5291
25430	103.529
25440	113.529
25450	100.253
25460	88.6328
25470	98.6328
25480	108.633
25490	95.3297
25500	105.33
25510	115.33
25520	96.9601
25530	106.96
25540	86.2192
25550	96.2192
25560	88.1587
25570	98.1587
25580	87.1318
25590	97.1318
25600	107.132
25610	93.9367
25620	103.937
25630	113.937
25640	97.6673
25650	107.667
25660	94.1115
25670	104.112
25680	89.6454
25690	99.6454
25700	109.645
25710	94.7111
25720	83.3133
25730	93.3133
25740	82.4814
25750	92.4814
25760	102.481
25770	92.7342
25780	82.2656
25790	92.2657
25800	80.3382
25810	90.3382
25820	100.338
25830	85.9643
25840	95.9643
25850	83.8542
25860	93.8542
25870	80.475
25880	90.475
25890	81.0953
25900	91.0953
25910	101.095
25920	87.0125
25930	97.0125
25940	87.96
25950	97.9599
25960	88.4453
25970	98.4453
25980	88.8873
25990	98.8873
26000	89.0921
26010	99.0921
26020	109.092
26030	95.8266
26040	105.827
26050	115.827
26060	100.057
26070	110.057
26080	120.057
26090	100.917
26100	110.917
26110	120.917
26120	101.358
26130	111.358
26140	94.1026
26150	104.103
26160	92.8474
26170	102.847
26180	112.847
26190	99.5822
26200	109.582
26210	98.3233
26220	86.2197
26230	96.2197
26240	106.22
26250	92.4369
26260	102.437
26270	112.437
26280	97.6445
26290	107.645
26300	117.645
26310	103.443
26320	113.443
26330	97.4528
26340	107.453
26350	117.453
26360	101.038
26370	111.038
26380	93.2547
26390	103.255
26400	113.255
26410	90.9906
26420	81.6745
26430	91.6745
26440	101.675
26450	92.4292
26460	102.429
26470	92.0519
26480	102.052
26490	112.052
26500	98.8023
26510	108.802
26520	96.5216
26530	106.522
26540	92.6336
26550	102.634
26560	112.634
26570	94.8802
26580	104.88
26590	84.3565
26600	94.3565
26610	104.357
26620	95.1575
26630	105.158
26640	115.158
26650	102.312
26660	112.312
26670	99.1974
26680	109.197
26690	93.3353
26700	103.335
26710	113.335
26720	99.0102
26730	109.01
26740	93.7415
26750	103.741
26760	86.1674
26770	75.6656
26780	85.6656
26790	95.6656
26800	85.4841
26810	95.4841
26820	105.484
26830	92.8064
26840	102.806
26850	91.1774
26860	101.177
26870	111.177
26880	97.7272
26890	107.727
26900	93.1354
26910	103.135
26920	88.9275
26930	98.9275
26940	82.939
26950	92.939
26960	102.939
26970	112.939
26980	102.915
26990	112.915
27000	101.294
27010	111.294
27020	98.0043
27030	108.004
27040	118.004
27050	100.983
27060	87.2515
27070	97.2515
27080	107.251
27090	91.2269
27100	101.227
27110	111.227
27120	95.1258
27130	105.126
27140	93.8496
27150	82.3335
27160	92.3335
27170	80.843
27180	90.843
27190	100.843
27200	86.5729
27210	96.5729
27220	106.573
27230	92.1979
27240	102.198
27250	112.198
27260	98.4424
27270	108.442
27280	95.3702
27290	105.37
27300	90.4861
27310	100.486
27320	110.486
27330	98.1001
27340	108.1
27350	118.1
27360	104.273
27370	114.273
27380	101.277
27390	111.277
27400	98.4379
27410	108.438
27420	118.438
27430	103.331
27440	113.331
27450	96.1801
27460	106.18
27470	87.8614
27480	97.8614
27490	77.8761
27500	87.8761
27510	79.222
27520	89.222
27530	99.222
27540	90.0484
27550	81.6507
27560	91.6507
27570	101.651
27580	92.7149
27590	82.4935
27600	92.4935
27610	102.493
27620	88.3056
27630	76.4358
27640	86.4358
27650	96.4358
27660	82.3805
27670	92.3805
27680	81.4582
27690	91.4582
27700	101.458
27710	88.3328
27720	98.3328
27730	84.4392
27740	94.4392
27750	85.6947
27760	95.6947
27770	105.695
27780	96.7565
27790	106.756
27800	116.756
27810	105.29
27820	115.29
27830	101.163
27840	111.163
27850	121.163
27860	106.164
27870	116.164
27880	126.164
27890	108.855
27900	118.855
27910	100.307
27920	110.307
27930	120.307
27940	99.0681
27950	109.068
27960	88.8428
27970	98.8428
27980	108.843
27990	96.0487
28000	106.049
28010	95.639
28020	105.639
28030	95.1775
28040	105.178
28050	115.178
28060	101.931
28070	111.931
28080	121.931
28090	107.047
28100	117.047
28110	102.343
28120	112.343
28130	122.343
28140	105.024
28150	115.024
28160	96.4024
28170	106.402
28180	116.402
28190	95.7412
28200	105.741
28210	84.2374
28220	78.8116
28230	88.8116
28240	81.8113
28250	91.8113
28260	101.811
28270	91.9463
28280	101.946
28290	111.946
28300	98.6925
28310	108.692
28320	94.39
28330	104.39
28340	88.9487
28350	98.9487
28360	108.949
28370	88.1486
28380	98.1486
28390	82.3192
28400	92.3192
28410	86.1257
28420	96.1257
28430	106.126
28440	96.9527
28450	106.953
28460	116.953
28470	106.038
28480	116.038
28490	103.312
28500	113.312
28510	100.006
28520	110.006
28530	92.8109
28540	102.811
28550	112.811
28560	92.0351
28570	102.035
28580	84.3998
28590	94.3998
28600	104.4
28610	95.0596
28620	105.06
28630	115.06
28640	103.326
28650	113.326
28660	123.326
28670	108.863
28680	118.863
28690	101.738
28700	111.738
28710	92.4741
28720	102.474
28730	112.474
28740	97.3036
28750	107.304
28760	91.0756
28770	79.8984
28780	89.8984
28790	99.8984
28800	88.2832
28810	98.2832
28820	108.283
28830	118.283
28840	102.99
28850	112.99
28860	99.8692
28870	109.869
28880	96.9303
28890	106.93
28900	91.637
28910	101.637
28920	111.637
28930	94.9247
28940	104.925
28950	87.4196
28960	97.4196
28970	85.5807
28980	95.5806
28990	105.581
29000	92.6141
29010	102.614
29020	112.614
29030	122.614
29040	110.795
29050	120.795
29060	130.795
29070	115.361
29080	125.361
29090	109.937
29100	119.937
29110	129.937
29120	112.92
29130	122.92
29140	104.406
29150	114.406
29160	94.0878
29170	104.088
29180	85.414
29190	95.414
29200	105.414
29210	91.3376
29220	101.338
29230	111.338
29240	100.764
29250	110.764
29260	98.0292
29270	108.029
29280	94.5589
29290	104.559
29300	114.559
29310	97.5605
29320	107.56
29330	92.9868
29340	78.6182
29350	88.6182
29360	81.4706
29370	91.4706
29380	101.471
29390	90.9152
29400	100.915
29410	110.915
29420	120.915
29430	105.906
29440	115.906
29450	100.293
29460	110.293
29470	92.3629
29480	102.363
29490	112.363
29500	95.517
29510	105.517
29520	87.8022
29530	97.8022
29540	89.3876
29550	99.3876
29560	109.388
29570	119.388
29580	107.789
29590	117.789
29600	127.789
29610	114.106
29620	124.106
29630	110.296
29640	120.296
29650	130.296
29660	114.692
29670	124.692
29680	106.891
29690	116.891
29700	126.891
29710	107.332
29720	117.332
29730	95.4044
29740	105.404
29750	81.5917
29760	91.5917
29770	101.592
29780	88.9181
29790	98.9181
29800	108.918
29810	99.798
29820	109.798
29830	119.798
29840	107.909
29850	117.909
29860	104.149
29870	114.149
29880	99.034
29890	109.034
29900	119.034
29910	100.96
29920	110.96
29930	94.4472
29940	79.1363
29950	89.1363
29960	99.1363
29970	87.7169
29980	97.7169
29990	107.717
30000	98.3737
30010	108.374
30020	95.0493
30030	105.049
30040	91.4338
30050	101.434
30060	86.9525
30070	96.9525
30080	106.952
30090	91.1615
30100	101.162
30110	84.6107
30120	94.6107
30130	104.611
30140	95.5631
30150	105.563
30160	115.563
30170	125.563
30180	109.04
30190	119.04
30200	104.736
30210	114.736
30220	101.23
30230	111.23
30240	96.9724
30250	106.972
30260	116.972
30270	100.928
30280	110.928
30290	94.5306
30300	104.531
30310	90.2535
30320	100.254
30330	85.2701
30340	95.2701
30350	105.27
30360	90.7774
30370	100.777
30380	88.6557
30390	98.6557
30400	108.656
30410	93.6502
30420	103.65
30430	90.6363
30440	100.636
30450	110.636
30460	95.5676
30470	105.568
30480	90.6315
30490	100.632
30500	110.632
30510	99.0081
30520	109.008
30530	97.7984
30540	107.798
30550	117.798
30560	105.664
30570	115.664
30580	101.084
30590	111.084
30600	121.084
30610	104.547
30620	114.547
30630	95.9133
30640	105.913
30650	115.913
30660	96.1364
30670	106.136
30680	83.0417
30690	77.6871
30700	87.6871
30710	97.6871
30720	89.7512
30730	99.7512
30740	109.751
30750	98.9617
30760	108.962
30770	97.6252
30780	107.625
30790	117.625
30800	103.295
30810	113.295
30820	123.295
30830	107.885
30840	91.21
30850	101.21
30860	81.3833
30870	73.9577
30880	83.9577
30890	93.9577
30900	83.9153
30910	93.9153
30920	103.915
30930	92.0784
30940	102.078
30950	87.9935
30960	97.9935
30970	83.5044
30980	93.5044
30990	103.504
31000	89.9541
31010	99.9541
31020	83.2101
31030	93.2101
31040	103.21
31050	95.9184
31060	105.918
31070	96.5945
31080	106.595
31090	116.594
31100	104.473
31110	114.473
31120	124.473
31130	110.316
31140	120.316
31150	103.398
31160	113.398
31170	94.206
31180	104.206
31190	114.206
31200	94.246
31210	104.246
31220	82.038
31230	92.038
31240	85.697
31250	95.697
31260	105.697
31270	96.9993
31280	106.999
31290	116.999
31300	106.151
31310	116.151
31320	103.106
31330	113.106
31340	123.106
31350	106.922
31360	116.922
31370	98.8368
31380	108.837
31390	92.1496
31400	102.15
31410	84.06
31420	76.8636
31430	86.8636
31440	96.8636
31450	87.2153
31460	97.2153
31470	107.215
31480	95.0583
31490	105.058
31500	90.8152
31510	100.815
31520	86.0778
31530	96.0778
31540	106.078
31550	87.2118
31560	97.2118
31570	83.529
31580	93.529
31590	87.0974
31600	97.0974
31610	107.097
31620	98.9432
31630	108.943
31640	118.943
31650	107.271
31660	117.271
31670	127.271
31680	110.814
31690	120.814
31700	130.814
31710	112.283
31720	122.283
31730	101.063
31740	111.063
31750	121.063
31760	100.886
31770	110.886
31780	89.8819
31790	99.8819
31800	89.626
31810	99.626
31820	86.479
31830	96.479
31840	106.479
31850	94.8335
31860	104.834
31870	114.834
31880	104.372
31890	114.372
31900	124.372
31910	109.597
31920	119.597
31930	102.473
31940	112.473
31950	122.473
31960	103.503
31970	113.503
31980	93.8772
31990	103.877
32000	113.877
32010	92.5375
32020	81.3908
32030	91.3908
32040	101.391
32050	89.8373
32060	99.8373
32070	90.1097
32080	100.11
32090	110.11
32100	97.1663
32110	107.166
32120	93.7745
32130	103.775
32140	113.775
32150	98.5375
32160	108.537
32170	91.987
32180	101.987
32190	111.987
32200	96.9607
32210	106.961
32220	97.8363
32230	107.836
32240	96.944
32250	106.944
32260	116.944
32270	103.344
32280	113.344
32290	123.344
32300	106.122
32310	116.122
32320	96.905
32330	106.905
32340	116.905
32350	97.328
32360	107.328
32370	84.1514
32380	94.1514
32390	85.3816
32400	95.3816
32410	105.382
32420	96.3624
32430	106.362
32440	97.7297
32450	107.73
32460	96.0469
32470	106.047
32480	92.8253
32490	79.1314
32500	89.1315
32510	99.1315
32520	109.131
32530	92.6063
32540	102.606
32550	82.6829
32560	92.6829
32570	80.0713
32580	90.0713
32590	100.071
32600	91.144
32610	101.144
32620	90.8829
32630	100.883
32640	90.0108
32650	100.011
32660	90.7355
32670	100.736
32680	110.736
32690	97.5852
32700	107.585
32710	117.585
32720	102.806
32730	112.806
32740	122.806
32750	108.942
32760	118.942
32770	128.942
32780	112.425
32790	122.425
32800	105.232
32810	115.232
32820	125.232
32830	104.544
32840	114.544
32850	96.5515
32860	106.551
32870	116.551
32880	95.297
32890	81.3781
32900	91.3781
32910	101.378
32920	89.966
32930	99.966
32940	89.7847
32950	99.7847
32960	109.785
32970	96.7289
32980	106.729
32990	93.2081
33000	103.208
33010	113.208
33020	98.2319
33030	108.232
33040	91.7245
33050	101.724
33060	111.724
33070	97.0712
33080	107.071
33090	98.0103
33100	108.01
33110	96.6355
33120	106.635
33130	116.635
33140	103.162
33150	113.162
33160	123.162
33170	106.12
33180	116.12
33190	96.7994
33200	106.799
33210	116.799
33220	96.9941
33230	106.994
33240	84.7537
33250	94.7537
33260	85.9238
33270	95.9238
33280	105.924
33290	96.6285
33300	106.628
33310	97.91
33320	107.91
33330	96.3035
33340	106.303
33350	92.9157
33360	79.448
33370	89.448
33380	99.448
33390	109.448
33400	89.6244
33410	99.6244
33420	83.3862
33430	93.3862
33440	80.6869
33450	90.6869
33460	100.687
33470	91.6371
33480	101.637
33490	91.3082
33500	101.308
33510	90.1296
33520	100.13
33530	88.5788
33540	98.5788
33550	108.579
33560	97.1035
33570	107.104
33580	117.104
33590	102.299
33600	89.8958
33610	99.8958
33620	109.896
33630	95.9503
33640	105.95
33650	91.2472
33660	101.247
33670	85.2013
33680	95.2013
33690	105.201
33700	87.1012
33710	77.9418
33720	87.9418
33730	77.4416
33740	87.4416
33750	97.4416
33760	107.442
33770	94.9741
33780	104.974
33790	94.5808
33800	104.581
33810	92.6868
33820	102.687
33830	112.687
33840	97.9833
33850	107.983
33860	91.6214
33870	101.621
33880	111.621
33890	99.3427
33900	84.535
33910	94.535
33920	84.4943
33930	94.4943
33940	85.4265
33950	95.4265
33960	84.8785
33970	94.8785
33980	104.878
33990	114.879
34000	98.9599
34010	108.96
34020	92.7294
34030	102.729
34040	112.729
34050	91.5062
34060	101.506
34070	86.7578
34080	96.7578
34090	87.7339
34100	97.7339
34110	89.4064
34120	99.4064
34130	109.406
34140	100.287
34150	110.287
34160	120.287
34170	107.329
34180	117.329
34190	127.329
34200	110.138
34210	120.138
34220	130.138
34230	109.645
34240	119.645
34250	96.8911
34260	106.891
34270	116.891
34280	96.4148
34290	106.415
34300	89.8539
34310	99.8539
34320	89.4849
34330	99.4849
34340	90.5069
34350	100.507
34360	110.507
34370	98.6045
34380	108.604
34390	95.4673
34400	105.467
34410	89.2302
34420	99.2302
34430	109.23
34440	95.8867
34450	81.0906
34460	91.0906
34470	79.6453
34480	89.6453
34490	79.4932
34500	89.4932
34510	80.9539
34520	90.9539
34530	100.954
34540	89.4791
34550	99.4791
34560	84.7199
34570	94.7199
34580	104.72
34590	90.8921
34600	100.892
34610	110.892
34620	95.975
34630	105.975
34640	115.975
34650	103.243
34660	113.243
34670	98.942
34680	108.942
34690	118.942
34700	106.155
34710	116.155
34720	99.6743
34730	109.674
34740	96.0433
34750	106.043
34760	116.043
34770	100.924
34780	110.924
34790	96.2257
34800	106.226
34810	116.226
34820	100.627
34830	110.627
34840	120.627
34850	105.62
34860	115.62
34870	98.3217
34880	108.322
34890	90.3748
34900	100.375
34910	110.375
34920	89.3818
34930	99.3818
34940	87.5581
34950	97.5581
34960	89.176
34970	99.176
34980	109.176
34990	99.3493
35000	109.349
35010	119.349
35020	107.044
35030	117.044
35040	127.044
35050	110.887
35060	120.887
35070	130.887
35080	112.01
35090	122.01
35100	100.347
35110	110.347
35120	92.3469
35130	102.347
35140	112.347
35150	91.8122
35160	101.812
35170	91.4906
35180	80.3265
35190	90.3265
35200	100.326
35210	110.326
35220	97.8646
35230	107.865
35240	117.865
35250	107.195
35260	117.195
35270	127.195
35280	112.208
35290	122.208
35300	104.741
35310	114.741
35320	124.741
35330	105.206
35340	115.206
35350	95.9366
35360	105.937
35370	85.1679
35380	95.1679
35390	84.0321
35400	94.0321
35410	104.032
35420	91.2488
35430	101.249
35440	91.3516
35450	101.352
35460	111.352
35470	98.0801
35480	108.08
35490	95.7146
35500	105.715
35510	115.715
35520	100.625
35530	110.625
35540	93.3288
35550	103.329
35560	88.5042
35570	98.5042
35580	108.504
35590	99.2899
35600	109.29
35610	119.29
35620	106.445
35630	116.445
35640	101.513
35650	111.513
35660	121.513
35670	103.939
35680	113.939
35690	96.2396
35700	106.24
35710	116.24
35720	96.8031
35730	106.803
35740	84.5719
35750	79.1684
35760	89.1684
35770	99.1684
35780	91.4603
35790	101.46
35800	111.46
35810	99.8838
35820	109.884
35830	119.884
35840	105.111
35850	115.111
35860	98.8377
35870	108.838
35880	118.838
35890	101.082
35900	111.082
35910	93.1727
35920	103.173
35930	82.3045
35940	92.3045
35950	83.1648
35960	93.1648
35970	103.165
35980	93.8196
35990	103.82
36000	93.8967
