10	11
20	21
30	10
40	4
50	4
60	4
70	6.5
80	16.5
90	26.5
100	22
110	32
120	20
130	30
140	40
150	28.1667
160	38.1667
170	29.6667
180	39.6667
190	30
200	40
210	29.2667
220	39.2667
230	49.2667
240	41.4
250	51.4
260	41.4
270	51.4
280	42.5
290	52.5
300	43.2667
310	34.0667
320	44.0667
330	31.1667
340	41.1667
350	51.1667
360	42.6667
370	39.9167
380	49.9167
390	59.9167
400	52.8611
410	62.8611
420	51.8611
430	45.5833
440	55.5833
450	49.75
460	59.75
470	69.75
480	59.75
490	69.75
500	79.75
510	65.3055
520	75.3056
530	67.3333
540	77.3333
550	64
560	74
570	63.5
580	73.5
590	66.1111
600	76.1111
610	65.1111
620	75.1111
630	85.1111
640	67.9444
650	77.9444
660	64.1667
670	74.1667
680	60
690	70
700	62.5077
710	72.5077
720	82.5077
730	65.1923
740	75.1923
750	65.5297
760	75.5297
770	67.5802
780	77.5802
790	70.2022
800	60.1055
810	70.1055
820	62.7751
830	72.7751
840	64.1037
850	74.1037
860	68.237
870	78.237
880	88.237
890	83.3173
900	93.3173
910	84.609
920	94.609
930	104.609
940	97.5341
950	107.534
960	117.534
970	127.534
980	108.402
990	118.402
1000	99.346
1010	109.346
1020	89.5782
1030	99.5782
1040	87.8984
1050	97.8984
1060	107.898
1070	91.2071
1080	75.4827
1090	85.4827
1100	75.8654
1110	85.8654
1120	77.4548
1130	87.4548
1140	74.8022
1150	84.8022
1160	94.8022
1170	82.5165
1180	76.2165
1190	86.2165
1200	79.6837
1210	89.6837
1220	81.9443
1230	91.9443
1240	78.592
1250	88.5919
1260	98.592
1270	84.7824
1280	71.6015
1290	81.6015
1300	91.6015
1310	101.601
1320	90.8381
1330	100.838
1340	110.838
1350	97.8738
1360	107.874
1370	89.719
1380	99.719
1390	109.719
1400	87.2905
1410	75.6571
1420	85.6571
1430	95.6571
1440	86.7738
1450	96.7738
1460	88.4821
1470	98.4821
1480	108.482
1490	97.1521
1500	88.089
1510	98.089
1520	87.9737
1530	97.9737
1540	107.974
1550	94.1837
1560	104.184
1570	114.184
1580	98.2637
1590	108.264
1600	91.9822
1610	101.982
1620	111.982
1630	91.8044
1640	81.8341
1650	91.834
1660	81.0637
1670	91.0637
1680	83.7778
1690	75.9556
1700	85.9556
1710	95.9556
1720	82.243
1730	92.2431
1740	81.1495
1750	91.1495
1760	76.0473
1770	86.0473
1780	78.6664
1790	88.6664
1800	78.5591
1810	88.5591
1820	98.5591
1830	86.1857
1840	96.1857
1850	106.186
1860	89.8731
1870	99.8731
1880	87.5815
1890	97.5814
1900	107.581
1910	92.0618
1920	102.062
1930	90.4001
1940	100.4
1950	83.7334
1960	93.7334
1970	84.7596
1980	94.7596
1990	104.76
2000	91.4262
2010	101.426
2020	91.7865
2030	101.787
2040	90.246
2050	100.246
2060	110.246
2070	93.9277
2080	103.928
2090	90.8286
2100	100.829
2110	88.4742
2120	98.4742
2130	108.474
2140	118.474
2150	104.096
2160	114.096
2170	124.096
2180	112.018
2190	96.1369
2200	106.137
2210	116.137
2220	97.3613
2230	79.4838
2240	71.1135
2250	81.1135
2260	71.4851
2270	81.4851
2280	91.4851
2290	80.0473
2300	90.0473
2310	100.047
2320	84.2663
2330	94.2663
2340	83.8969
2350	93.8969
2360	103.897
2370	90.3166
2380	100.317
2390	88.7277
2400	80.0255
2410	90.0255
2420	100.026
2430	110.026
2440	97.3051
2450	107.305
2460	117.305
2470	100.206
2480	110.206
2490	93.7643
2500	103.764
2510	113.764
2520	100.783
2530	90.0174
2540	100.017
2550	110.017
2560	97.9158
2570	107.916
2580	95.0403
2590	105.04
2600	115.04
2610	96.9876
2620	106.988
2630	116.988
2640	98.4444
2650	108.444
2660	97.7826
2670	107.783
2680	117.783
2690	101.377
2700	111.377
2710	121.377
2720	104.008
2730	114.008
2740	93.9266
2750	103.927
2760	113.927
2770	98.2254
2780	108.225
2790	118.225
2800	128.225
2810	110.494
2820	120.494
2830	100.306
2840	110.306
2850	92.0164
2860	102.016
2870	112.016
2880	102.876
2890	112.876
2900	101.236
2910	111.236
2920	98.0774
2930	108.077
2940	118.077
2950	100.622
2960	86.4905
2970	96.4905
2980	81.075
2990	91.075
3000	101.075
3010	84.5414
3020	69.0747
3030	62.6175
3040	72.6175
3050	82.6175
3060	75.3701
3070	85.3701
3080	95.3701
3090	85.1607
3100	95.1607
3110	105.161
3120	94.141
3130	104.141
3140	94.2451
3150	104.245
3160	95.2887
3170	105.289
3180	96.4536
3190	86.2129
3200	96.2129
3210	106.213
3220	92.1015
3230	102.101
3240	87.5966
3250	97.5966
3260	83.9232
3270	93.9232
3280	103.923
3290	92.0261
3300	102.026
3310	90.0556
3320	100.056
3330	110.056
3340	96.0636
3350	106.064
3360	116.064
3370	97.3939
3380	107.394
3390	87.9166
3400	97.9166
3410	89.0062
3420	99.0062
3430	89.0476
3440	99.0476
3450	109.048
3460	94.841
3470	104.841
3480	114.841
3490	124.841
3500	109.727
3510	119.727
3520	129.727
3530	109.458
3540	119.458
3550	99.4879
3560	109.488
3570	95.3421
3580	105.342
3590	93.3843
3600	103.384
3610	90.9291
3620	100.929
3630	87.9587
3640	97.9587
3650	107.959
3660	93.0514
3670	103.051
3680	113.051
3690	94.987
3700	104.987
3710	94.1029
3720	104.103
3730	91.5949
3740	101.595
3750	88.3412
3760	98.3412
3770	84.9396
3780	94.9396
3790	104.94
3800	87.3918
3810	97.3918
3820	82.86
3830	92.86
3840	102.86
3850	112.86
3860	98.6643
3870	108.664
3880	118.664
3890	106.023
3900	116.023
3910	104.64
3920	90.3595
3930	100.36
3940	110.36
3950	97.6253
3960	107.625
3970	92.9092
3980	102.909
3990	90.6608
4000	100.661
4010	110.661
4020	95.6501
4030	105.65
4040	115.65
4050	99.3845
4060	109.385
4070	119.385
4080	96.395
4090	106.395
4100	87.5488
4110	97.5488
4120	84.772
4130	94.772
4140	86.3173
4150	96.3173
4160	89.2831
4170	99.2831
4180	89.2534
4190	99.2534
4200	87.4716
4210	97.4716
4220	107.472
4230	117.472
4240	100.111
4250	110.111
4260	95.7098
4270	105.71
4280	91.8274
4290	78.292
4300	88.292
4310	72.6114
4320	82.6114
4330	92.6114
4340	81.5315
4350	91.5315
4360	82.7655
4370	92.7655
4380	102.766
4390	112.766
4400	100.212
4410	110.212
4420	120.212
4430	106.713
4440	116.713
4450	102.847
4460	112.847
4470	96.7135
4480	106.713
4490	93.6233
4500	103.623
4510	91.8715
4520	101.872
4530	89.7747
4540	99.7747
4550	86.6256
4560	96.6256
4570	106.626
4580	92.9512
4590	102.951
4600	112.951
4610	95.6108
4620	105.611
4630	115.611
4640	98.8527
4650	108.853
4660	90.5387
4670	100.539
4680	84.8411
4690	94.8411
4700	85.0736
4710	95.0736
4720	86.2965
4730	96.2965
4740	106.297
4750	96.7442
4760	87.5581
4770	97.5581
4780	107.558
4790	95.5814
4800	105.581
4810	115.581
4820	97.907
4830	107.907
4840	90.0349
4850	100.035
4860	79.5566
4870	89.5566
4880	78.1816
4890	88.1816
4900	98.1816
4910	89.231
4920	99.231
4930	109.231
4940	96.0087
4950	87.5187
4960	97.5187
4970	88.8047
4980	98.8047
4990	88.2785
5000	98.2785
5010	85.3138
5020	95.3138
5030	83.0907
5040	93.0907
5050	82.2572
5060	92.2572
5070	77.9749
5080	87.9749
5090	97.9749
5100	82.2212
5110	92.2212
5120	102.221
5130	112.221
5140	97.9948
5150	88.4575
5160	98.4575
5170	86.5594
5180	76.4519
5190	86.4519
5200	77.4567
5210	87.4567
5220	77.3364
5230	87.3364
5240	97.3364
5250	86.3686
5260	96.3686
5270	106.369
5280	93.788
5290	103.788
5300	91.8525
5310	101.852
5320	89.9207
5330	99.9207
5340	109.921
5350	94.9958
5360	82.1178
5370	92.1178
5380	82.8352
5390	92.8352
5400	102.835
5410	91.1229
5420	101.123
5430	111.123
5440	96.3512
5450	106.351
5460	88.4981
5470	98.4981
5480	85.106
5490	95.106
5500	85.307
5510	78.5745
5520	88.5746
5530	80.3457
5540	90.3457
5550	100.346
5560	89.2037
5570	78.8889
5580	88.8889
5590	76.1616
5600	86.1616
5610	96.1616
5620	78.5829
5630	88.5829
5640	80.2926
5650	74.8383
5660	84.8383
5670	77.7086
5680	87.7086
5690	78.5995
5700	88.5995
5710	98.5995
5720	85.849
5730	95.849
5740	105.849
5750	90.9226
5760	100.923
5770	84.6566
5780	94.6566
5790	85.7718
5800	95.7718
5810	105.772
5820	94.3143
5830	104.314
5840	114.314
5850	101.962
5860	111.962
5870	121.962
5880	108.851
5890	118.851
5900	128.851
5910	113.682
5920	123.682
5930	106.419
5940	116.419
5950	95.8446
5960	105.845
5970	90.1859
5980	100.186
5990	85.7965
6000	95.7965
6010	86.1864
6020	75.4209
6030	85.4209
6040	95.4209
6050	105.421
6060	92.1704
6070	102.17
6080	88.7061
6090	98.7061
6100	84.262
6110	94.262
6120	81.0639
6130	91.0639
6140	101.064
6150	91.3171
6160	101.317
6170	111.317
6180	97.1563
6190	107.156
6200	96.8709
6210	106.871
6220	94.6017
6230	104.602
6240	92.9475
6250	79.1783
6260	89.1784
6270	99.1784
6280	85.1233
6290	95.1233
6300	83.8213
6310	93.8214
6320	103.821
6330	91.8818
6340	101.882
6350	111.882
6360	95.3953
6370	105.395
6380	115.395
6390	99.0654
6400	109.065
6410	94.3543
6420	104.354
6430	114.354
6440	99.5767
6450	109.577
6460	98.0194
6470	108.019
6480	118.019
6490	104.944
6500	114.944
6510	102.474
6520	112.474
6530	122.474
6540	106.483
6550	116.483
6560	126.483
6570	136.483
6580	116.783
6590	96.3156
6600	106.316
6610	84.9839
6620	94.9839
6630	104.984
6640	93.7842
6650	103.784
6660	113.784
6670	100.574
6680	86.6735
6690	96.6735
6700	106.674
6710	92.4926
6720	102.493
6730	112.493
6740	99.9522
6750	109.952
6760	96.1994
6770	106.199
6780	92.327
6790	102.327
6800	86.6674
6810	76.8947
6820	86.8947
6830	77.4026
6840	87.4026
6850	97.4026
6860	86.3424
6870	76.4928
6880	86.4928
6890	74.2676
6900	84.2676
6910	94.2676
6920	79.289
6930	89.289
6940	83.1161
6950	93.1161
6960	85.0398
6970	95.0398
6980	105.04
6990	94.4438
7000	104.444
7010	93.7476
7020	103.748
7030	113.748
7040	98.7947
7050	108.795
7060	118.795
7070	128.795
7080	111.01
7090	121.01
7100	103.314
7110	113.314
7120	98.3547
7130	108.355
7140	93.7047
7150	103.705
7160	87.1347
7170	75.9783
7180	85.9783
7190	95.9783
7200	105.978
7210	93.0188
7220	103.019
7230	113.019
7240	100.332
7250	110.332
7260	96.1638
7270	83.1245
7280	93.1245
7290	103.124
7300	91.0262
7310	79.2873
7320	89.2873
7330	99.2873
7340	87.9202
7350	77.1385
7360	87.1385
7370	97.1385
7380	85.0053
7390	95.0053
7400	105.005
7410	91.6335
7420	101.634
7430	111.634
7440	94.1964
7450	104.196
7460	92.2824
7470	102.282
7480	93.1144
7490	103.114
7500	91.4788
7510	101.479
7520	111.479
7530	98.456
7540	85.2383
7550	95.2383
7560	105.238
7570	90.8546
7580	100.855
7590	110.855
7600	95.0799
7610	105.08
7620	115.08
7630	96.4754
7640	106.475
7650	90.766
7660	100.766
7670	91.6217
7680	101.622
7690	92.7107
7700	102.711
7710	91.123
7720	78.1956
7730	88.1956
7740	98.1956
7750	84.4461
7760	94.4461
7770	104.446
7780	114.446
7790	98.9638
7800	108.964
7810	92.2417
7820	102.242
7830	88.2568
7840	98.2568
7850	87.6906
7860	97.6906
7870	88.0896
7880	78.1097
7890	88.1097
7900	98.1097
7910	87.6467
7920	97.6467
7930	107.647
7940	92.6953
7950	102.695
7960	112.695
7970	99.1501
7980	109.15
7990	93.0307
8000	103.031
8010	89.5795
8020	99.5795
8030	87.7497
8040	97.7497
8050	107.75
8060	71.8442
8070	81.8442
8080	91.8442
8090	101.844
8100	90.2692
8110	100.269
8120	110.269
8130	99.0086
8140	109.009
8150	95.0794
8160	105.079
8170	89.7635
8180	99.7635
8190	109.764
8200	95.8163
8210	83.4362
8220	93.4362
8230	103.436
8240	91.6724
8250	78.7529
8260	88.7529
8270	98.7529
8280	84.0816
8290	94.0816
8300	104.082
8310	93.087
8320	103.087
8330	113.087
8340	99.6272
8350	88.3448
8360	98.3448
8370	87.2414
8380	97.2414
8390	84.8966
8400	94.8965
8410	104.897
8420	92.5517
8430	80.212
8440	90.212
8450	100.212
8460	85.4463
8470	95.4463
8480	105.446
8490	91.9724
8500	101.972
8510	88.6799
8520	98.6799
8530	88.9918
8540	98.9918
8550	88.4709
8560	98.4709
8570	108.471
8580	95.4734
8590	105.473
8600	93.5128
8610	81.1376
8620	91.1376
8630	101.138
8640	86.8231
8650	96.8231
8660	106.823
8670	93.7764
8680	103.776
8690	89.5613
8700	99.5613
8710	109.561
8720	96.6166
8730	82.1728
8740	92.1728
8750	102.173
8760	92.9075
8770	82.5788
8780	92.5788
8790	81.5229
8800	91.5229
8810	101.523
8820	87.5286
8830	97.5286
8840	107.529
8850	94.8005
8860	104.8
8870	114.8
8880	99.6052
8890	109.605
8900	94.6884
8910	104.688
8920	90.83
8930	100.83
8940	89.5201
8950	99.5201
8960	85.5139
8970	95.5139
8980	84.6325
8990	94.6325
9000	104.633
9010	93.0881
9020	103.088
9030	113.088
9040	99.6551
9050	109.655
9060	95.3812
9070	105.381
9080	88.6452
9090	98.6452
9100	86.5947
9110	96.5947
9120	106.595
9130	94.5879
9140	81.1339
9150	91.1339
9160	101.134
9170	86.2732
9180	96.2732
9190	106.273
9200	96.8795
9210	106.88
9220	94.9747
9230	104.975
9240	91.6402
9250	101.64
9260	111.64
9270	96.8364
9280	106.836
9290	93.3396
9300	103.34
9310	90.9218
9320	79.4429
9330	89.4429
9340	99.4429
9350	109.443
9360	94.2921
9370	104.292
9380	114.292
9390	100.218
9400	110.218
9410	95.4128
9420	105.413
9430	88.3391
9440	98.3391
9450	87.5398
9460	97.5398
9470	107.54
9480	95.5209
9490	105.521
9500	94.2259
9510	104.226
9520	92.0643
9530	102.064
9540	112.064
9550	122.064
9560	105.044
9570	115.044
9580	125.044
9590	106.848
9600	116.848
9610	101.525
9620	111.525
9630	121.525
9640	104.799
9650	114.799
9660	96.6129
9670	106.613
9680	89.6258
9690	81.0263
9700	91.0263
9710	101.026
9720	111.026
9730	98.3582
9740	108.358
9750	118.358
9760	104.713
9770	89.1055
9780	99.1055
9790	109.105
9800	92.7727
9810	102.773
9820	91.7201
9830	101.72
9840	87.9658
9850	97.9658
9860	107.966
9870	91.3361
9880	80.8911
9890	90.8911
9900	100.891
9910	87.2987
9920	97.2987
9930	107.299
9940	93.0716
9950	103.072
9960	113.072
9970	99.9269
9980	109.927
9990	99.475
10000	109.475
10010	96.5043
10020	106.504
10030	91.8432
10040	101.843
10050	111.843
10060	93.806
10070	103.806
10080	113.806
10090	100.341
10100	110.341
10110	120.341
10120	130.341
10130	114.02
10140	124.02
10150	104.673
10160	114.673
10170	97.2526
10180	107.253
10190	117.253
10200	104.014
10210	114.014
10220	99.3084
10230	109.308
10240	119.308
10250	100.954
10260	110.954
10270	96.8042
10280	106.804
10290	116.804
10300	99.2977
10310	109.298
10320	119.298
10330	104.811
10340	114.811
10350	100.356
10360	110.356
10370	120.356
10380	103.592
10390	113.592
10400	98.7288
10410	108.729
10420	92.6322
10430	102.632
10440	112.632
10450	92.2737
10460	102.274
10470	112.274
10480	99.0929
10490	109.093
10500	119.093
10510	104.335
10520	114.335
10530	99.4862
10540	109.486
10550	119.486
10560	104.666
10570	114.666
10580	102.828
10590	112.828
10600	99.0582
10610	109.058
10620	119.058
10630	75.0374
10640	85.0374
10650	95.0374
10660	105.037
10670	91.181
10680	101.181
10690	111.181
10700	94.9939
10710	104.994
10720	88.173
10730	98.173
10740	108.173
10750	97.065
10760	107.065
10770	95.0425
10780	105.042
10790	115.042
10800	98.9652
10810	108.965
10820	96.5367
10830	106.537
10840	95.3143
10850	105.314
10860	115.314
10870	125.314
10880	109.479
10890	119.479
10900	129.479
10910	110.271
10920	120.271
10930	100.358
10940	110.358
10950	120.358
10960	104.794
10970	88.7722
10980	98.7722
10990	108.772
11000	89.0454
11010	99.0454
11020	90.1187
11030	100.119
11040	110.119
11050	120.119
11060	107.524
11070	117.524
11080	127.524
11090	112.095
11100	122.095
11110	106.681
11120	116.681
11130	126.681
11140	109.736
11150	119.736
11160	100.99
11170	85.7947
11180	95.7947
11190	105.795
11200	89.0732
11210	99.0732
11220	88.2661
11230	98.2661
11240	108.266
11250	118.266
11260	103.246
11270	113.246
11280	123.246
11290	105.032
11300	115.032
11310	97.1689
11320	107.169
11330	117.169
11340	100.349
11350	89.1024
11360	99.1024
11370	109.102
11380	95.189
11390	105.189
11400	92.3738
11410	102.374
11420	112.374
11430	100.173
11440	110.173
11450	120.173
11460	105.811
11470	115.811
11480	125.811
11490	106.59
11500	116.59
11510	99.3809
11520	109.381
11530	119.381
11540	99.3117
11550	86.1721
11560	96.1721
11570	106.172
11580	90.0623
11590	100.062
11600	87.8852
11610	97.8852
11620	107.885
11630	97.1183
11640	107.118
11650	93.876
11660	103.876
11670	92.2597
11680	102.26
11690	112.26
11700	98.2373
11710	82.7716
11720	72.4098
11730	82.4098
11740	92.4098
11750	80.3706
11760	90.3706
11770	78.3443
11780	88.3443
11790	98.3443
11800	85.9818
11810	95.9818
11820	105.982
11830	94.4893
11840	104.489
11850	93.5937
11860	103.594
11870	92.0896
11880	102.09
11890	91.791
11900	101.791
11910	90.8995
11920	100.899
11930	110.899
11940	96.3467
11950	106.347
11960	91.8067
11970	101.807
11980	111.807
11990	93.105
12000	103.105
12010	113.105
12020	97.7239
12030	107.724
12040	89.5222
12050	99.5222
12060	89.4573
12070	99.4572
12080	90.3431
12090	100.343
12100	89.392
12110	99.392
12120	109.392
12130	97.9004
12140	107.9
12150	93.2733
12160	103.273
12170	113.273
12180	95.5456
12190	105.546
12200	115.546
12210	125.546
12220	108.35
12230	118.35
12240	99.5968
12250	109.597
12260	119.597
12270	104.646
12280	114.646
12290	100.244
12300	110.244
12310	95.7201
12320	105.72
12330	91.6254
12340	101.625
12350	90.0742
12360	100.074
12370	110.074
12380	120.074
12390	104.383
12400	114.383
12410	124.383
12420	104.362
12430	114.362
12440	97.5795
12450	107.58
12460	117.58
12470	102.898
12480	112.898
12490	97.1685
12500	107.169
12510	89.3996
12520	99.3996
12530	89.788
12540	99.788
12550	109.788
12560	99.2088
12570	86.8225
12580	96.8225
12590	106.823
12600	91.4018
12610	101.402
12620	87.1508
12630	72.6672
12640	82.6673
12650	92.6673
12660	82.2828
12670	92.2828
12680	80.6123
12690	90.6123
12700	80.9605
12710	90.9605
12720	100.96
12730	91.699
12740	101.699
12750	92.8989
12760	102.899
12770	91.5501
12780	101.55
12790	111.55
12800	121.55
12810	105.88
12820	89.5265
12830	99.5265
12840	88.331
12850	98.331
12860	84.4752
12870	94.4752
12880	78.3194
12890	88.3194
12900	78.4113
12910	88.4113
12920	80.4333
12930	90.4333
12940	81.6259
12950	91.6259
12960	101.626
12970	91.4607
12980	80.8878
12990	90.8878
13000	100.888
13010	88.3456
13020	98.3456
13030	85.4781
13040	95.4781
13050	82.7553
13060	92.7553
13070	78.0696
13080	88.0696
13090	98.0696
13100	91.2698
13110	101.27
13120	91.3116
13130	82.6951
13140	92.6951
13150	102.695
13160	90.1093
13170	77.6571
13180	87.6571
13190	97.6571
13200	85.1263
13210	95.1263
13220	82.2656
13230	92.2656
13240	79.7772
13250	89.7772
13260	81.2944
13270	74.0547
13280	84.0547
13290	94.0547
13300	83.1604
13310	93.1604
13320	103.16
13330	91.2281
13340	80.3541
13350	90.3541
13360	81.9222
13370	91.9222
13380	82.2972
13390	92.2972
13400	102.297
13410	89.9821
13420	78.9943
13430	88.9942
13440	77.9902
13450	87.9902
13460	97.9902
13470	82.7776
13480	92.7776
13490	80.5778
13500	74.298
13510	84.298
13520	94.298
13530	86.0582
13540	78.071
13550	88.071
13560	98.071
13570	87.2534
13580	97.2534
13590	85.1483
13600	75.0518
13610	85.0518
13620	95.0519
13630	80.8716
13640	90.8716
13650	77.3712
13660	87.3713
13670	97.3712
13680	88.831
13690	98.831
13700	89.8563
13710	99.8563
13720	90.5046
13730	100.505
13740	110.505
13750	99.2698
13760	109.27
13770	96.1073
13780	106.107
13790	116.107
13800	100.651
13810	110.651
13820	120.651
13830	101.791
13840	111.791
13850	121.791
13860	101.25
13870	111.25
13880	96.5554
13890	106.555
13900	116.555
13910	102.355
13920	112.355
13930	99.9213
13940	109.921
13950	97.06
13960	107.06
13970	117.06
13980	99.8397
13990	85.4549
14000	95.4549
14010	105.455
14020	91.4178
14030	101.418
14040	111.418
14050	93.4255
14060	103.425
14070	90.2272
14080	100.227
14090	110.227
14100	96.3263
14110	106.326
14120	94.2416
14130	104.242
14140	90.1691
14150	100.169
14160	88.0733
14170	98.0733
14180	108.073
14190	96.9098
14200	106.91
14210	116.91
14220	102.291
14230	112.291
14240	122.291
14250	105.371
14260	115.371
14270	100.215
14280	110.215
14290	96.5037
14300	106.504
14310	90.6247
14320	100.625
14330	110.625
14340	91.7434
14350	82.1242
14360	92.1242
14370	102.124
14380	89.2614
14390	99.2614
14400	86.7635
14410	96.7635
14420	87.2612
14430	78.651
14440	88.651
14450	98.651
14460	86.8057
14470	96.8057
14480	83.6087
14490	93.6087
14500	103.609
14510	91.8247
14520	81.4216
14530	91.4216
14540	101.422
14550	86.9743
14560	96.9743
14570	106.974
14580	93.6284
14590	81.2394
14600	91.2394
14610	81.4961
14620	91.4961
14630	79.806
14640	89.806
14650	81.9574
14660	91.9574
14670	101.957
14680	92.039
14690	102.039
14700	112.039
14710	122.039
14720	107.932
14730	117.932
14740	127.932
14750	109.325
14760	119.325
14770	99.7473
14780	84.6621
14790	94.6621
14800	104.662
14810	91.8896
14820	101.89
14830	89.1571
14840	99.1571
14850	86.4116
14860	96.4116
14870	87.7379
14880	97.7379
14890	107.738
14900	117.738
14910	104.678
14920	114.678
14930	124.678
14940	107.878
14950	117.878
14960	98.2474
14970	108.247
14980	90.4321
14990	100.432
15000	86.1789
15010	96.1789
15020	82.4215
15030	92.4215
15040	84.7775
15050	94.7775
15060	86.4282
15070	96.4282
15080	106.428
15090	116.428
15100	103.469
15110	113.469
15120	123.469
15130	106.454
15140	116.454
15150	96.5992
15160	106.599
15170	90.3832
15180	100.383
15190	86.1803
15200	96.1803
15210	82.1877
15220	92.1877
15230	84.748
15240	94.748
15250	104.748
15260	95.6348
15270	105.635
15280	115.635
15290	102.33
15300	112.33
15310	122.33
15320	105.521
15330	115.521
15340	95.8373
15350	105.837
15360	89.7941
15370	99.7941
15380	85.0355
15390	95.0355
15400	81.204
15410	91.204
15420	83.7909
15430	93.7909
15440	103.791
15450	93.7978
15460	103.798
15470	113.798
15480	123.798
15490	110.017
15500	120.017
15510	103.693
15520	89.0977
15530	76.0042
15540	86.0042
15550	96.0042
15560	82.2564
15570	92.2564
15580	79.8811
15590	72.4916
15600	82.4916
15610	92.4916
15620	83.668
15630	73.6858
15640	83.6858
15650	72.1201
15660	82.1201
15670	73.1946
15680	83.1946
15690	76.1262
15700	86.1262
15710	96.1262
15720	87.3766
15730	97.3766
15740	107.377
15750	95.9171
15760	84.6205
15770	94.6205
15780	104.621
15790	91.9085
15800	101.908
15810	87.4148
15820	97.4148
15830	85.9183
15840	95.9182
15850	84.4403
15860	94.4403
15870	80.9387
15880	90.9387
15890	83.1926
15900	75.295
15910	85.295
15920	95.295
15930	105.295
15940	94.8217
15950	104.822
15960	90.8231
15970	100.823
15980	84.9693
15990	94.9693
16000	82.3079
16010	92.3079
16020	82.5154
16030	92.5153
16040	83.4524
16050	74.1081
16060	84.1081
16070	94.1081
16080	82.258
16090	92.258
16100	82.7077
16110	92.7077
16120	81.6525
16130	74.0763
16140	65.6177
16150	75.6177
16160	85.6177
16170	75.5998
16180	85.5998
16190	76.4544
16200	67.3276
16210	77.3276
16220	87.3276
16230	79.4025
16240	89.4025
16250	80.0427
16260	90.0427
16270	81.0578
16280	91.0578
16290	81.3202
16300	91.3202
16310	101.32
16320	91.3092
16330	101.309
16340	91.6076
16350	101.608
16360	111.608
16370	98.9421
16380	86.2902
16390	96.2902
16400	106.29
16410	91.6888
16420	101.689
16430	111.689
16440	93.0951
16450	81.3307
16460	91.3307
16470	81.2826
16480	91.2826
16490	78.7838
16500	88.7838
16510	81.2735
16520	73.765
16530	83.765
16540	93.765
16550	103.765
16560	93.2219
16570	103.222
16580	89.629
16590	99.629
16600	109.629
16610	94.2689
16620	80.9922
16630	90.9922
16640	100.992
16650	90.0461
16660	100.046
16670	89.708
16680	99.708
16690	87.2748
16700	75.0732
16710	85.0732
16720	95.0732
16730	84.5262
16740	94.5262
16750	104.526
16760	91.8005
16770	81.3303
16780	91.3303
16790	79.5527
16800	89.5527
16810	99.5527
16820	87.591
16830	80.0213
16840	90.0213
16850	100.021
16860	90.2439
16870	100.244
16880	110.244
16890	97.0732
16900	107.073
16910	117.073
16920	101.254
16930	111.254
16940	93.6585
16950	79.1986
16960	89.1986
16970	99.1986
16980	88.5714
16990	98.5714
17000	87.2474
17010	97.2474
17020	85.6143
17030	95.6143
17040	105.614
17050	95.7697
17060	105.77
17070	115.77
17080	102.649
17090	112.649
17100	122.649
17110	106.748
17120	116.748
17130	97.7612
17140	107.761
17150	90.4201
17160	100.42
17170	86.098
17180	96.098
17190	81.8234
17200	91.8234
17210	101.823
17220	93.1782
17230	103.178
17240	93.5172
17250	103.517
17260	113.517
17270	100.603
17280	110.603
17290	120.603
17300	104.272
17310	114.272
17320	95.5262
17330	105.526
17340	89.1238
17350	99.1238
17360	84.8542
17370	94.8542
17380	80.7859
17390	90.7859
17400	100.786
17410	92.9238
17420	102.924
17430	93.4835
17440	103.483
17450	113.483
17460	100.706
17470	110.706
17480	120.706
17490	104.232
17500	114.233
17510	124.233
17520	104.352
17530	87.9086
17540	97.9086
17550	83.4216
17560	93.4216
17570	79.6128
17580	89.6128
17590	99.6127
17600	91.6336
17610	101.634
17620	92.125
17630	102.125
17640	112.125
17650	99.0737
17660	109.074
17670	119.074
17680	129.074
17690	110.909
17700	120.909
17710	102.278
17720	86.1529
17730	96.1529
17740	106.153
17750	90.7279
17760	77.0876
17770	87.0876
17780	97.0876
17790	89.3428
17800	99.3428
17810	109.343
17820	98.6977
17830	108.698
17840	118.698
17850	104.771
17860	114.771
17870	124.771
17880	107.14
17890	117.14
17900	98.2119
17910	82.4172
17920	92.4172
17930	102.417
17940	88.5099
17950	98.5099
17960	83.3444
17970	93.3444
17980	85.7328
17990	95.7328
18000	105.733
18010	96.2443
18020	106.244
18030	116.244
18040	103.38
18050	113.38
18060	123.38
18070	105.748
18080	115.748
18090	96.8701
18100	106.87
18110	89.7823
18120	99.7823
18130	85.9431
18140	95.9431
18150	82.1163
18160	92.1163
18170	102.116
18180	93.6467
18190	103.647
18200	94.2279
18210	104.228
18220	114.228
18230	101.071
18240	111.071
18250	121.071
18260	103.561
18270	113.561
18280	94.1407
18290	104.141
18300	88.4731
18310	98.4731
18320	84.8038
18330	94.8038
18340	81.1631
18350	91.1631
18360	101.163
18370	93.7706
18380	103.771
18390	113.771
18400	102.829
18410	112.829
18420	122.829
18430	108.454
18440	118.454
18450	128.454
18460	110.327
18470	120.327
18480	101.91
18490	111.91
18500	94.5982
18510	104.598
18520	89.9176
18530	99.9176
18540	84.967
18550	76.4002
18560	86.4002
18570	96.4002
18580	85.0442
18590	95.0442
18600	105.044
18610	69.4663
18620	79.4663
18630	71.5655
18640	81.5655
18650	74.1572
18660	84.1572
18670	75.9771
18680	85.9771
18690	77.3423
18700	68.7195
18710	78.7195
18720	88.7195
18730	98.7195
18740	85.4335
18750	95.4335
18760	82.1026
18770	72.5581
18780	82.5581
18790	77.0152
18800	87.0152
18810	97.0152
18820	88.9712
18830	98.9712
18840	89.7383
18850	99.7383
18860	88.6173
18870	77.4796
18880	87.4796
18890	97.4796
18900	107.48
18910	92.3797
18920	102.38
18930	85.8367
18940	72.1769
18950	82.1769
18960	92.1769
18970	84.3654
18980	94.3654
18990	86.8192
19000	96.8192
19010	106.819
19020	96.8894
19030	86.9758
19040	96.9758
19050	106.976
19060	94.6127
19070	104.613
19080	89.8138
19090	99.8138
19100	83.4536
19110	69.3242
19120	79.3242
19130	89.3242
19140	79.3422
19150	89.3422
19160	82.0436
19170	74.5649
19180	84.5649
19190	94.5649
19200	85.7607
19210	95.7607
19220	105.761
19230	94.05
19240	104.05
19250	90.982
19260	100.982
19270	88.3605
19280	98.3605
19290	84.4532
19300	94.4532
19310	84.3391
19320	94.3391
19330	83.5013
19340	72.1542
19350	82.1542
19360	92.1542
19370	82.0536
19380	92.0536
19390	80.3382
19400	90.3382
19410	80.6762
19420	70.744
19430	80.744
19440	90.744
19450	84.174
19460	94.174
19470	85.1874
19480	95.1874
19490	85.7434
19500	75.7018
19510	85.7018
19520	95.7018
19530	82.7159
19540	92.7159
19550	77.9355
19560	87.9355
19570	74.9116
19580	84.9116
19590	79.547
19600	89.547
19610	83.2043
19620	93.2043
19630	84.4878
19640	94.4878
19650	85.1038
19660	74.9416
19670	84.9416
19680	94.9416
19690	82.0157
19700	92.0157
19710	102.016
19720	85.442
19730	72.1324
19740	82.1324
19750	77.8614
19760	87.8614
19770	81.7033
19780	91.7033
19790	83.1896
19800	93.1896
19810	83.7425
19820	73.3504
19830	83.3504
19840	93.3504
19850	103.35
19860	89.1798
19870	99.1798
19880	84.0733
19890	70.4768
19900	80.4768
19910	76.2795
19920	86.2795
19930	80.1976
19940	90.1976
19950	100.198
19960	90.5709
19970	81.1346
19980	91.1346
19990	79.2772
20000	89.2772
20010	99.2772
20020	86.6741
20030	96.6741
20040	81.7441
20050	68.237
20060	78.237
20070	74.1431
20080	84.1431
20090	94.1431
20100	87.1848
20110	97.1847
20120	88.4164
20130	98.4164
20140	87.4472
20150	76.8104
20160	86.8104
20170	96.8104
20180	84.3098
20190	94.3098
20200	79.4844
20210	89.4844
20220	74.6235
20230	70.5944
20240	80.5944
20250	90.5944
20260	84.2711
20270	94.271
20280	86.3267
20290	96.3267
20300	106.327
20310	94.7136
20320	82.5883
20330	92.5883
20340	102.588
20350	88.9029
20360	98.9029
20370	82.7722
20380	92.7722
20390	78.1373
20400	88.1373
20410	80.7631
20420	90.7631
20430	100.763
20440	92.5191
20450	102.519
20460	112.519
20470	102.154
20480	90.9862
20490	100.986
20500	110.986
20510	97.7276
20520	84.0649
20530	94.0649
20540	78.11
20550	88.11
20560	73.4056
20570	83.4056
20580	73.5559
20590	83.5559
20600	77.1608
20610	70.0261
20620	80.0261
20630	90.0261
20640	100.026
20650	91.9484
20660	101.948
20670	90.8987
20680	100.899
20690	88.1478
20700	98.1478
20710	86.1212
20720	96.1212
20730	84.0781
20740	94.0781
20750	84.1121
20760	94.1121
20770	82.8148
20780	70.5681
20790	80.5681
20800	90.5681
20810	81.1316
20820	91.1316
20830	101.132
20840	88.6368
20850	77.6926
20860	87.6926
20870	78.3277
20880	88.3277
20890	98.3277
20900	90.5495
20910	100.549
20920	91.2532
20930	101.253
20940	90.1687
20950	78.1331
20960	88.1331
20970	98.1331
20980	84.6837
20990	94.6837
21000	104.684
21010	89.3454
21020	73.6966
21030	83.6966
21040	77.1331
21050	87.1331
21060	97.1331
21070	89.0348
21080	99.0349
21090	109.035
21100	99.3538
21110	88.7926
21120	98.7926
21130	108.793
21140	96.3197
21150	106.32
21160	91.7412
21170	101.741
21180	86.403
21190	70.8776
21200	80.8776
21210	90.8776
21220	79.3758
21230	73.5058
21240	83.5058
21250	75.6508
21260	85.6508
21270	95.6508
21280	86.4375
21290	96.4375
21300	106.438
21310	95.8037
21320	105.804
21330	93.4098
21340	81.0242
21350	91.0242
21360	78.0663
21370	88.0663
21380	98.0663
21390	87.8729
21400	77.2099
21410	87.2099
21420	75.6077
21430	85.6077
21440	95.6077
21450	86.2707
21460	96.2707
21470	85.3867
21480	74.5028
21490	84.5028
21500	74.449
21510	84.449
21520	94.449
21530	86.6141
21540	96.6141
21550	87.6269
21560	97.6269
21570	86.9974
21580	76.7113
21590	86.7113
21600	96.7113
21610	84.5527
21620	94.5527
21630	80.8043
21640	90.8043
21650	75.1687
21660	70.293
21670	80.293
21680	90.293
21690	83.6442
21700	93.6442
21710	84.8305
21720	94.8305
21730	85.5977
21740	75.4983
21750	85.4983
21760	95.4983
21770	83.1613
21780	93.1613
21790	79.3065
21800	89.3065
21810	75.3534
21820	85.3535
21830	79.175
21840	89.175
21850	82.666
21860	92.666
21870	84.0037
21880	94.0037
21890	84.9269
21900	74.7303
21910	84.7303
21920	94.7303
21930	82.2186
21940	92.2186
21950	102.219
21960	86.5135
21970	72.7297
21980	82.7297
21990	77.5946
22000	87.5946
22010	81.1621
22020	91.1622
22030	82.5676
22040	92.5676
22050	83.5405
22060	73.2162
22070	83.2162
22080	93.2162
22090	103.216
22100	89.3243
22110	99.3243
22120	85.1142
22130	71.3405
22140	81.3405
22150	76.2168
22160	86.2168
22170	79.8051
22180	89.8051
22190	99.8051
22200	90.0906
22210	80.6961
22220	90.6961
22230	79.1681
22240	89.1681
22250	99.1681
22260	86.778
22270	96.778
22280	82.6758
22290	69.0079
22300	79.0079
22310	73.9516
22320	83.9516
22330	93.9516
22340	86.586
22350	96.586
22360	88.0914
22370	98.0914
22380	87.0699
22390	76.8548
22400	86.8548
22410	96.8548
22420	84.4975
22430	94.4975
22440	80.4284
22450	90.4284
22460	75.3186
22470	70.283
22480	80.283
22490	90.283
22500	83.9668
22510	93.9668
22520	85.1829
22530	95.1829
22540	85.4517
22550	75.3015
22560	85.3015
22570	95.3015
22580	82.8997
22590	92.8997
22600	78.7513
22610	88.7513
22620	75.1638
22630	85.1638
22640	79.2792
22650	89.2792
22660	83.0682
22670	93.0682
22680	84.3163
22690	94.3163
22700	84.7093
22710	74.7075
22720	84.7075
22730	94.7075
22740	82.186
22750	92.186
22760	102.186
22770	86.4908
22780	72.4479
22790	82.4479
22800	77.6304
22810	87.6304
22820	81.3877
22830	91.3877
22840	82.8117
22850	92.8117
22860	82.9966
22870	73.1953
22880	83.1953
22890	93.1953
22900	103.195
22910	89.3271
22920	99.3271
22930	85.411
22940	71.0873
22950	81.0873
22960	76.4236
22970	86.4236
22980	80.1001
22990	90.1001
23000	100.1
23010	90.5188
23020	80.5071
23030	90.5071
23040	79.1121
23050	89.1121
23060	99.1121
23070	86.609
23080	96.609
23090	82.8812
23100	68.7527
23110	78.7527
23120	74.1016
23130	84.1016
23140	94.1016
23150	86.921
23160	96.921
23170	88.2927
23180	98.2927
23190	87.1988
23200	76.3561
23210	86.3561
23220	96.3561
23230	84.0858
23240	94.0858
23250	80.6028
23260	90.6028
23270	75.2322
23280	70.4209
23290	80.4209
23300	90.4209
23310	84.067
23320	94.067
23330	86.0461
23340	96.0461
23350	106.046
23360	94.7219
23370	104.722
23380	91.3511
23390	101.351
23400	87.7876
23410	97.7876
23420	83.006
23430	93.006
23440	77.4353
23450	87.4353
23460	79.823
23470	89.823
23480	99.823
23490	90.5444
23500	100.544
23510	110.544
23520	99.2863
23530	109.286
23540	119.286
23550	107.197
23560	117.197
23570	103.284
23580	113.284
23590	97.7666
23600	107.767
23610	117.767
23620	98.6036
23630	79.9298
23640	89.9298
23650	77.9174
23660	87.9174
23670	97.9174
23680	86.5547
23690	96.5547
23700	106.555
23710	96.5359
23720	106.536
23730	116.536
23740	102.659
23750	92.2134
23760	102.213
23770	112.213
23780	99.3658
23790	109.366
23800	93.2388
23810	103.239
23820	84.7259
23830	94.7259
23840	82.7486
23850	92.7486
23860	102.749
23870	87.1269
23880	97.1269
23890	107.127
23900	94.7667
23910	104.767
23920	95.3758
23930	86.5814
23940	96.5815
23950	86.1346
23960	96.1346
23970	83.4116
23980	93.4116
23990	103.412
24000	86.5288
24010	96.5288
24020	85.4822
24030	95.4822
24040	105.482
24050	90.9633
24060	100.963
24070	110.963
24080	95.9281
24090	105.928
24100	91.4298
24110	83.9864
24120	93.9864
24130	103.986
24140	93.7689
24150	103.769
24160	89.9711
24170	99.9711
24180	86.0792
24190	96.0792
24200	85.1666
24210	95.1666
24220	105.167
24230	90.3745
24240	100.375
24250	110.375
24260	95.519
24270	105.519
24280	89.3484
24290	99.3484
24300	88.2513
24310	98.2513
24320	86.9833
24330	96.9833
24340	106.983
24350	95.0892
24360	105.089
24370	95.4882
24380	105.488
24390	115.488
24400	102.273
24410	112.273
24420	96.2295
24430	106.23
24440	116.23
24450	100.246
24460	110.246
24470	92.7009
24480	102.701
24490	83.6272
24500	93.6272
24510	81.1419
24520	91.1419
24530	101.142
24540	93.6115
24550	103.612
24560	113.612
24570	103.066
24580	113.066
24590	123.066
24600	108.649
24610	118.649
24620	103.071
24630	113.071
24640	97.3244
24650	107.324
24660	117.324
24670	98.3135
24680	79.0848
24690	89.0848
24700	99.0848
24710	85.4335
24720	95.4335
24730	87.7867
24740	97.7867
24750	107.787
24760	117.787
24770	104.867
24780	114.867
24790	124.867
24800	111.052
24810	98.1557
24820	108.156
24830	118.156
24840	102.761
24850	112.761
24860	94.8084
24870	104.808
24880	84.0763
24890	94.0763
24900	81.676
24910	72.9008
24920	82.9008
24930	92.9008
24940	102.901
24950	92.3698
24960	102.37
24970	90.7601
24980	100.76
24990	90.9901
25000	100.99
25010	88.8815
25020	77.6016
25030	87.6016
25040	97.6016
25050	83.3061
25060	93.3061
25070	82.0631
25080	92.0631
25090	79.5416
25100	89.5416
25110	80.6359
25120	90.6359
25130	82.7664
25140	74.6508
25150	84.6508
25160	74.8857
25170	84.8857
25180	94.8857
25190	84.1477
25200	94.1477
25210	85.7198
25220	95.7198
25230	84.3823
25240	94.3823
25250	85.4157
25260	95.4157
25270	83.5804
25280	93.5803
25290	79.4731
25300	89.4731
25310	74.0524
25320	69.1086
25330	79.1086
25340	89.1086
25350	82.6849
25360	92.6849
25370	102.685
25380	92.7549
25390	102.755
25400	91.049
25410	101.049
25420	111.049
25430	99.0497
25440	109.05
25450	94.8203
25460	104.82
25470	88.6856
25480	98.6856
25490	108.686
25500	90.3853
25510	100.385
25520	91.7738
25530	101.774
25540	111.774
25550	98.9464
25560	108.946
25570	118.946
25580	105.155
25590	115.155
25600	101.899
25610	111.899
25620	96.0729
25630	106.073
25640	88.7987
25650	98.7987
25660	108.799
25670	93.6111
25680	103.611
25690	87.6342
25700	77.5105
25710	87.5105
25720	97.5105
25730	107.51
25740	97.1664
25750	107.166
25760	95.3677
25770	105.368
25780	90.705
25790	100.705
25800	110.705
25810	96.8294
25820	106.829
25830	93.1309
25840	103.131
25850	89.4431
25860	99.4431
25870	109.443
25880	95.0404
25890	81.3297
25900	91.3297
25910	81.0318
25920	91.0318
25930	77.9972
25940	69.6459
25950	79.6459
25960	70.2966
25970	80.2966
25980	72.5646
25990	82.5646
26000	75.7535
26010	85.7535
26020	95.7535
26030	85.5394
26040	77.7303
26050	87.7303
26060	77.2712
26070	87.2712
26080	97.2712
26090	82.7573
26100	71.7834
26110	81.7834
26120	75.3857
26130	85.3857
26140	78.6384
26150	88.6384
26160	80.8065
26170	90.8065
26180	100.807
26190	89.3495
26200	99.3495
26210	109.35
26220	97.5456
26230	107.546
26240	93.9258
26250	103.926
26260	113.926
26270	96.1552
26280	79.2082
26290	89.2082
26300	99.2082
26310	91.4866
26320	101.487
26330	92.4484
26340	102.448
26350	112.448
26360	99.8342
26370	109.834
26380	94.1207
26390	104.121
26400	114.121
26410	98.3258
26420	108.326
26430	93.6979
26440	103.698
26450	88.3322
26460	98.3322
26470	81.2988
26480	91.2988
26490	101.299
26500	91.5653
26510	101.565
26520	111.565
26530	101.283
26540	111.283
26550	99.8495
26560	109.849
26570	119.849
26580	106.971
26590	92.1802
26600	102.18
26610	85.2281
26620	95.2281
26630	78.5818
26640	88.5818
26650	98.5818
26660	86.0459
26670	76.9445
26680	86.9445
26690	96.9445
26700	86.3536
26710	96.3536
26720	86.3051
26730	96.3051
26740	84.646
26750	94.6461
26760	104.646
26770	93.2007
26780	103.201
26790	89.6266
26800	99.6266
26810	88.5737
26820	98.5737
26830	108.574
26840	94.944
26850	104.944
26860	91.3283
26870	101.328
26880	86.7665
26890	96.7665
26900	86.2984
26910	96.2984
26920	85.5779
26930	95.5779
26940	82.934
26950	92.934
26960	102.934
26970	86.5727
26980	96.5727
26990	106.573
27000	94.2189
27010	104.219
27020	114.219
27030	101.27
27040	89.9335
27050	99.9335
27060	109.933
27070	95.2705
27080	105.271
27090	95.3484
27100	105.348
27110	93.3314
27120	103.331
27130	113.331
27140	98.9118
27150	108.912
27160	91.2162
27170	101.216
27180	111.216
27190	94.8163
27200	104.816
27210	114.816
27220	95.2519
27230	105.252
27240	115.252
27250	104.19
27260	114.19
27270	100.343
27280	110.343
27290	97.293
27300	107.293
27310	117.293
27320	102.533
27330	112.533
27340	122.533
27350	105.117
27360	115.117
27370	125.117
27380	108.974
27390	118.974
27400	128.974
27410	109.52
27420	119.52
27430	99.8472
27440	87.2052
27450	97.2052
27460	107.205
27470	91.2741
27480	101.274
27490	91.2433
27500	101.243
27510	88.2085
27520	98.2085
27530	86.2177
27540	96.2177
27550	106.218
27560	91.4939
27570	101.494
27580	111.494
27590	121.494
27600	102.112
27610	112.112
27620	98.2174
27630	87.3491
27640	97.3491
27650	86.0568
27660	96.0568
27670	106.057
27680	91.4802
27690	101.48
27700	86.8816
27710	96.8816
27720	106.882
27730	93.5045
27740	103.505
27750	113.505
27760	98.9977
27770	87.203
27780	97.203
27790	84.5077
27800	94.5078
27810	104.508
27820	94.0709
27830	104.071
27840	91.0344
27850	101.034
27860	86.9259
27870	96.9259
27880	106.926
27890	94.9141
27900	104.914
27910	90.2199
27920	100.22
27930	110.22
27940	92.5679
27950	102.568
27960	89.7169
27970	99.7169
27980	109.717
27990	98.236
28000	108.236
28010	95.1285
28020	105.129
28030	115.129
28040	100.917
28050	110.917
28060	100.031
28070	110.031
28080	120.031
28090	105.481
28100	115.481
28110	125.481
28120	135.481
28130	116.444
28140	126.444
28150	106.671
28160	116.671
28170	97.5821
28180	107.582
28190	88.8625
28200	98.8625
28210	108.863
28220	93.6091
28230	84.4477
28240	94.4477
28250	104.448
28260	93.3924
28270	103.392
28280	90.3591
28290	78.2519
28300	88.2519
28310	98.2519
28320	87.4506
28330	97.4506
28340	85.8935
28350	95.8935
28360	81.3337
28370	91.3337
28380	101.334
28390	89.3059
28400	99.3059
28410	86.6327
28420	96.6327
28430	83.5844
28440	93.5844
28450	83.7326
28460	93.7326
28470	83.0691
28480	93.0691
28490	84.1192
28500	94.1192
28510	84.846
28520	94.846
28530	83.1024
28540	93.1024
28550	103.102
28560	89.7554
28570	99.7554
28580	109.755
28590	95.1298
28600	105.13
28610	115.13
28620	100.236
28630	110.236
28640	96.5679
28650	106.568
28660	91.8459
28670	101.846
28680	87.7861
28690	97.7861
28700	88.373
28710	98.373
28720	108.373
28730	95.0944
28740	105.094
28750	115.094
28760	98.8725
28770	86.2144
28780	96.2144
28790	85.3582
28800	95.3582
28810	105.358
28820	91.75
28830	101.75
28840	85.6638
28850	95.6638
28860	86.6364
28870	96.6364
28880	106.636
28890	95.0902
28900	105.09
28910	90.4669
28920	100.467
28930	110.467
28940	92.7338
28950	102.734
28960	112.734
28970	97.6105
28980	107.61
28990	95.7677
29000	105.768
29010	93.2613
29020	103.261
29030	113.261
29040	99.7185
29050	109.718
29060	98.5231
29070	108.523
29080	118.523
29090	103.811
29100	113.811
29110	123.811
29120	133.811
29130	114.888
29140	124.888
29150	105.83
29160	115.83
29170	97.866
29180	107.866
29190	117.866
29200	96.8448
29210	106.845
29220	91.8555
29230	82.6104
29240	92.6104
29250	102.61
29260	91.3336
29270	101.334
29280	88.6045
29290	76.8682
29300	86.8682
29310	96.8682
29320	85.9667
29330	95.9667
29340	84.7713
29350	94.7713
29360	81.1953
29370	91.1953
29380	101.195
29390	111.195
29400	97.8714
29410	85.253
29420	95.253
29430	82.57
29440	92.57
29450	82.2665
29460	92.2665
29470	81.3164
29480	91.3164
29490	82.2074
29500	92.2074
29510	83.1558
29520	93.1559
29530	81.7408
29540	91.7408
29550	101.741
29560	89.8473
29570	99.8473
29580	109.847
29590	95.7782
29600	105.778
29610	115.778
29620	100.947
29630	110.947
29640	96.6459
29650	106.646
29660	91.5313
29670	101.531
29680	87.184
29690	97.184
29700	107.184
29710	96.3984
29720	106.398
29730	116.398
29740	103.012
29750	113.012
29760	97.7156
29770	85.1415
29780	95.1415
29790	105.141
29800	92.314
29810	102.314
29820	88.3553
29830	98.3553
29840	82.5097
29850	73.1244
29860	83.1244
29870	93.1244
29880	82.1593
29890	92.1593
29900	102.159
29910	89.9564
29920	99.9564
29930	88.9557
29940	98.9558
29950	87.6668
29960	97.6668
29970	85.2116
29980	95.2116
29990	105.212
30000	115.212
30010	102.782
30020	112.782
30030	122.782
30040	109.351
30050	119.351
30060	129.351
30070	111.815
30080	121.815
30090	105.085
30100	115.085
30110	125.085
30120	110.131
30130	94.744
30140	104.744
30150	87.966
30160	97.966
30170	107.966
30180	90.5539
30190	100.554
30200	83.8147
30210	93.8147
30220	103.815
30230	93.0514
30240	103.051
30250	113.051
30260	100.203
30270	110.203
30280	120.203
30290	108.26
30300	118.26
30310	103.043
30320	113.043
30330	96.2138
30340	106.214
30350	92.0951
30360	102.095
30370	112.095
30380	96.7207
30390	106.721
30400	116.721
30410	126.721
30420	108.67
30430	118.67
30440	100.42
30450	110.42
30460	96.0303
30470	106.03
30480	92.3411
30490	102.341
30500	87.0185
30510	97.0185
30520	86.9937
30530	96.9937
30540	106.994
30550	116.994
30560	101.605
30570	111.605
30580	121.605
30590	106.515
30600	116.515
30610	97.9655
30620	107.965
30630	97.4364
30640	107.436
30650	93.8296
30660	103.83
30670	113.83
30680	97.0995
30690	107.1
30700	87.4116
30710	97.4116
30720	107.412
30730	117.412
30740	102.106
30750	112.106
30760	122.106
30770	107.933
30780	95.4033
30790	105.403
30800	93.1829
30810	81.0362
30820	91.0362
30830	101.036
30840	88.4284
30850	98.4284
30860	84.7688
30870	94.7688
30880	104.769
30890	89.0512
30900	76.6475
30910	86.6475
30920	96.6475
30930	82.3065
30940	92.3065
30950	82.9833
30960	92.9833
30970	85.0836
30980	95.0836
30990	85.9611
31000	77.0203
31010	87.0203
31020	97.0203
31030	86.7048
31040	96.7048
31050	106.705
31060	94.2928
31070	82.0045
31080	92.0045
31090	77.6553
31100	87.6553
31110	97.6553
31120	83.7989
31130	93.7989
31140	81.8784
31150	91.8784
31160	82.0444
31170	92.0444
31180	102.044
31190	93.8191
31200	103.819
31210	94.3995
31220	104.4
31230	114.4
31240	101.294
31250	111.294
31260	97.9174
31270	107.917
31280	117.917
31290	103.201
31300	113.201
31310	123.201
31320	105.223
31330	115.223
31340	95.9945
31350	105.994
31360	115.994
31370	100.853
31380	110.853
31390	120.853
31400	105.944
31410	115.944
31420	98.1141
31430	108.114
31440	93.2411
31450	103.241
31460	88.7854
31470	98.7854
31480	108.785
31490	95.0152
31500	105.015
31510	89.8363
31520	99.8362
31530	109.836
31540	96.2636
31550	106.264
31560	116.264
31570	126.264
31580	111.663
31590	95.2532
31600	84.6691
31610	94.6691
31620	104.669
31630	94.0642
31640	82.1962
31650	92.1961
31660	102.196
31670	86.9319
31680	96.9319
31690	80.3084
31700	90.3084
31710	100.308
31720	85.4623
31730	95.4623
31740	105.462
31750	90.3904
31760	100.39
31770	110.39
31780	102.008
31790	112.008
31800	103.217
31810	113.217
31820	123.217
31830	110.334
31840	120.334
31850	105.011
31860	115.011
31870	98.3768
31880	108.377
31890	118.377
31900	99.1415
31910	109.142
31920	91.2229
31930	101.223
31940	111.223
31950	89.749
31960	99.749
31970	109.749
31980	99.4001
31990	89.8392
32000	99.8392
32010	88.324
32020	98.324
32030	108.324
32040	93.3461
32050	103.346
32060	91.3489
32070	101.349
32080	111.349
32090	97.3022
32100	107.302
32110	117.302
32120	100.425
32130	110.425
32140	120.425
32150	103.404
32160	113.404
32170	98.3823
32180	87.896
32190	97.896
32200	107.896
32210	93.0656
32220	103.066
32230	86.9449
32240	75.6101
32250	85.6101
32260	95.6101
32270	81.8309
32280	72.8103
32290	82.8103
32300	92.8103
32310	83.4211
32320	93.4211
32330	84.1033
32340	94.1033
32350	83.5627
32360	93.5627
32370	103.563
32380	93.2204
32390	103.22
32400	113.22
32410	99.1719
32420	109.172
32430	119.172
32440	102.366
32450	112.366
32460	95.2538
32470	105.254
32480	115.254
32490	100.145
32500	110.145
32510	96.6668
32520	106.667
32530	94.4928
32540	104.493
32550	90.9783
32560	100.978
32570	110.978
32580	96.9565
32590	106.957
32600	116.957
32610	100.163
32620	110.163
32630	94.8007
32640	104.801
32650	92.4276
32660	102.428
32670	112.428
32680	95.9239
32690	105.924
32700	88.0435
32710	98.0435
32720	108.043
32730	96.8478
32740	106.848
32750	116.848
32760	103.207
32770	113.207
32780	123.207
32790	107.554
32800	117.554
32810	127.554
32820	111.812
32830	121.812
32840	109.438
32850	119.438
32860	129.438
32870	112.939
32880	122.939
32890	105.068
32900	115.068
32910	96.6731
32920	106.673
32930	116.673
32940	97.0214
32950	107.021
32960	117.021
32970	93.7454
32980	103.745
32990	113.745
33000	101.328
33010	91.3435
33020	101.343
33030	111.343
33040	97.6806
33050	107.681
33060	92.7991
33070	102.799
33080	89.7589
33090	99.7589
33100	109.759
33110	95.6898
33120	105.69
33130	115.69
33140	125.69
33150	106.937
33160	116.937
33170	100.7
33180	110.7
33190	99.6712
33200	109.671
33210	96.169
33220	106.169
33230	116.169
33240	99.705
33250	109.705
33260	92.1486
33270	102.149
33280	87.845
33290	97.845
33300	107.845
33310	117.845
33320	78.6738
33330	88.6738
33340	98.6738
33350	89.3667
33360	99.3667
33370	88.3387
33380	98.3387
33390	108.339
33400	95.1506
33410	105.151
33420	88.7483
33430	98.7483
33440	108.748
33450	94.4391
33460	104.439
33470	114.439
33480	99.0189
33490	109.019
33500	119.019
33510	102.59
33520	112.59
33530	97.894
33540	107.894
33550	96.5809
33560	106.581
33570	116.581
33580	103.969
33590	113.969
33600	97.7416
33610	107.742
33620	117.742
33630	102.184
33640	112.184
33650	122.184
33660	103.474
33670	113.474
33680	94.7745
33690	104.775
33700	91.5721
33710	101.572
33720	89.2407
33730	99.2407
33740	86.6706
33750	96.6706
33760	83.4462
33770	93.4462
33780	103.446
33790	113.446
33800	99.3998
33810	109.4
33820	119.4
33830	102.373
33840	89.19
33850	99.19
33860	87.4472
33870	77.6581
33880	87.6581
33890	97.6581
33900	87.4264
33910	97.4264
33920	85.8602
33930	95.8602
33940	82.6039
33950	92.6039
33960	79.9229
33970	89.9229
33980	99.9229
33990	109.923
34000	92.6873
34010	102.687
34020	90.9807
34030	100.981
34040	90.8496
34050	100.85
34060	91.1571
34070	101.157
34080	89.4344
34090	99.4344
34100	87.9976
34110	97.9976
34120	85.3221
34130	95.3221
34140	105.322
34150	91.096
34160	101.096
34170	86.965
34180	96.9651
34190	106.965
34200	92.2051
34210	102.205
34220	86.3695
34230	96.3695
34240	89.7991
34250	99.7991
34260	109.799
34270	98.6239
34280	108.624
34290	96.1881
34300	106.188
34310	67.5588
34320	77.5588
34330	87.5588
34340	78.3334
34350	88.3334
34360	78.0371
34370	88.0371
34380	76.2537
34390	86.2537
34400	96.2537
34410	86.237
34420	96.237
34430	106.237
34440	95.5501
34450	105.55
34460	91.2765
34470	101.276
34480	111.277
34490	97.6717
34500	107.672
34510	94.2878
34520	104.288
34530	89.5162
34540	99.5162
34550	88.9116
34560	98.9116
34570	108.912
34580	94.6945
34590	104.694
34600	114.694
34610	101.006
34620	111.006
34630	93.603
34640	103.603
34650	91.9964
34660	101.996
34670	90.0652
34680	100.065
34690	86.0808
34700	96.0808
34710	106.081
34720	88.0828
34730	98.0828
34740	108.083
34750	93.9444
34760	103.944
34770	113.944
34780	99.844
34790	88.8522
34800	98.8522
34810	108.852
34820	97.3186
34830	107.319
34840	94.0723
34850	83.543
34860	93.543
34870	81.2856
34880	91.2856
34890	101.286
34900	86.1924
34910	73.5748
34920	83.5748
34930	93.5748
34940	77.9866
34950	87.9866
34960	97.9866
34970	90.1026
34980	100.103
34990	92.3634
35000	102.363
35010	91.695
35020	101.695
35030	90.3029
35040	100.303
35050	89.6009
35060	99.6009
35070	109.601
35080	95.6792
35090	105.679
35100	115.679
35110	125.679
35120	106.918
35130	116.918
35140	98.0413
35150	108.041
35160	118.041
35170	100.608
35180	110.608
35190	94.1048
35200	104.105
35210	94.3749
35220	104.375
35230	114.375
35240	101.935
35250	111.935
35260	121.935
35270	107.6
35280	117.6
35290	100.153
35300	110.153
35310	93.3736
35320	103.374
35330	90.633
35340	100.633
35350	110.633
35360	94.4057
35370	104.406
35380	86.364
35390	96.364
35400	106.364
35410	92.6335
35420	102.633
35430	112.633
35440	98.4293
35450	87.0318
35460	97.0318
35470	107.032
35480	95.5462
35490	105.546
35500	95.2629
35510	105.263
35520	93.1662
35530	80.6188
35540	90.6188
35550	100.619
35560	84.0296
35570	94.0296
35580	104.03
35590	88.8719
35600	98.8719
35610	108.872
35620	89.888
35630	83.9152
35640	93.9151
35650	85.6912
35660	95.6912
35670	105.691
35680	94.2097
35690	82.7643
35700	92.7643
35710	102.764
35720	89.3078
35730	99.3078
35740	87.9613
35750	97.9613
35760	107.961
35770	92.6289
35780	102.629
35790	112.629
35800	93.603
35810	103.603
35820	89.8765
35830	99.8765
35840	109.877
35850	99.5263
35860	109.526
35870	97.6262
35880	107.626
35890	94.7513
35900	104.751
35910	114.751
35920	101.111
35930	111.111
35940	97.0155
35950	107.016
35960	117.016
35970	99.5252
35980	109.525
35990	119.525
36000	103.28
