10	11
20	21
30	2
40	2
50	2
60	2
70	4.5
80	14.5
90	24.5
100	34.5
110	26
120	36
130	46
140	25
150	35
160	45
170	28.8333
180	38.8333
190	48.8333
200	37.6667
210	47.6667
220	33.3333
230	43.3333
240	53.3333
250	36.6667
260	46.6667
270	56.6667
280	40
290	50
300	60
310	40
320	50
330	60
340	35.8333
350	45.8333
360	55.8333
370	40.4167
380	50.4167
390	60.4167
400	42.7167
410	52.7167
420	62.7167
430	44.95
440	54.95
450	34.7333
460	44.7333
470	54.7333
480	28.6333
490	38.6333
500	48.6333
510	38.6333
520	48.6333
530	58.6333
540	68.6333
550	43.6333
560	53.6333
570	63.6333
580	48.9048
590	58.9048
600	41
610	51
620	61
630	25.7143
640	35.7143
650	45.7143
660	38.5714
670	48.5714
680	58.5714
690	34.2857
700	44.2857
710	54.2857
720	44.2857
730	54.2857
740	64.2857
750	40
760	50
770	60
780	70
790	42.8571
800	52.8571
810	62.8572
820	35.7792
830	45.7792
840	55.7792
850	45.0649
860	55.0649
870	65.0649
880	47.7922
890	57.7922
900	67.7922
910	55.4545
920	65.4545
930	75.4545
940	58.1818
950	68.1818
960	78.1818
970	66.3636
980	76.3636
990	86.3636
1000	70.4196
1010	80.4196
1020	90.4196
1030	79.7413
1040	89.7413
1050	76.2168
1060	86.2168
1070	72.4615
1080	82.4615
1090	57.8462
1100	67.8462
1110	77.8462
1120	54.5385
1130	64.5385
1140	74.5385
1150	60.6154
1160	70.6154
1170	80.6154
1180	70.7212
1190	80.7212
1200	70.1731
1210	80.1731
1220	90.1731
1230	65.3606
1240	75.3606
1250	85.3606
1260	68.8937
1270	78.8937
1280	69.8753
1290	79.8753
1300	89.8753
1310	66.6768
1320	76.6768
1330	86.6768
1340	77.412
1350	87.412
1360	97.412
1370	86.474
1380	96.474
1390	106.474
1400	81.409
1410	91.409
1420	101.409
1430	78.8207
1440	88.8207
1450	75.8266
1460	63.7214
1470	73.7214
1480	83.7214
1490	93.7214
1500	79.6471
1510	67.5418
1520	77.5418
1530	87.5418
1540	68.0681
1550	78.0681
1560	88.0681
1570	68.5944
1580	78.5944
1590	62.1053
1600	72.1053
1610	82.1053
1620	62.6316
1630	72.6316
1640	82.6316
1650	70.5263
1660	80.5263
1670	69.5895
1680	79.5895
1690	89.5895
1700	70.871
1710	80.8711
1720	90.871
1730	76.1771
1740	86.1771
1750	96.1771
1760	85.3152
1770	71.8606
1780	81.8606
1790	91.8606
1800	77.0035
1810	87.0035
1820	72.5623
1830	82.5623
1840	68.1342
1850	78.1342
1860	88.1342
1870	66.316
1880	76.316
1890	86.316
1900	96.316
1910	75.4394
1920	85.4394
1930	72.5152
1940	82.5151
1950	92.5151
1960	76.2005
1970	86.2004
1980	96.2004
1990	84.5045
2000	94.5045
2010	82.9558
2020	92.9558
2030	102.956
2040	89.9417
2050	99.9417
2060	109.942
2070	89.1417
2080	99.1417
2090	109.142
2100	85.5109
2110	95.5109
2120	70.3806
2130	63.8249
2140	73.8249
2150	83.8249
2160	93.8249
2170	75.706
2180	85.706
2190	95.706
2200	87.5564
2210	77.4137
2220	87.4137
2230	77.6689
2240	87.6689
2250	97.6689
2260	82.8842
2270	92.8842
2280	102.884
2290	112.884
2300	99.003
2310	109.003
2320	96.4067
2330	106.407
2340	94.5561
2350	104.556
2360	114.556
2370	95.6107
2380	105.611
2390	115.611
2400	125.611
2410	106.39
2420	116.39
2430	101.633
2440	111.633
2450	98.2153
2460	108.215
2470	118.215
2480	100.124
2490	110.124
2500	120.124
2510	96.1849
2520	106.185
2530	116.185
2540	90.0334
2550	100.033
2560	87.3062
2570	97.3062
2580	89.1243
2590	99.1243
2600	109.124
2610	95.0245
2620	105.025
2630	115.025
2640	101.005
2650	111.005
2660	121.005
2670	109.729
2680	119.729
2690	102.991
2700	112.991
2710	97.2694
2720	107.269
2730	117.269
2740	96.6812
2750	106.681
2760	116.681
2770	126.681
2780	113.116
2790	123.116
2800	109.587
2810	119.587
2820	107.572
2830	117.572
2840	101.102
2850	111.102
2860	121.102
2870	100.514
2880	110.514
2890	120.514
2900	130.514
2910	105.22
2920	92.3611
2930	102.361
2940	91.9771
2950	82.2059
2960	92.2059
2970	78.3129
2980	88.3129
2990	98.3129
3000	79.058
3010	65.5652
3020	75.5652
3030	65.8679
3040	75.8679
3050	70.4302
3060	80.4302
3070	71.9576
3080	81.9576
3090	91.9576
3100	81.2812
3110	91.2812
3120	101.281
3130	92.4985
3140	102.499
3150	92.5947
3160	102.595
3170	112.595
3180	102.267
3190	112.267
3200	99.8675
3210	109.867
3220	93.9464
3230	103.946
3240	113.946
3250	94.6593
3260	104.659
3270	88.8885
3280	98.8885
3290	85.5193
3300	95.5193
3310	87.2784
3320	97.2784
3330	86.4127
3340	96.4127
3350	85.6133
3360	95.6133
3370	105.613
3380	88.4333
3390	98.4333
3400	108.433
3410	118.433
3420	104.757
3430	114.757
3440	102.009
3450	112.009
3460	101.814
3470	111.814
3480	121.814
3490	108.075
3500	118.075
3510	128.075
3520	108.888
3530	118.888
3540	128.888
3550	105.257
3560	88.9183
3570	98.9183
3580	108.918
3590	91.7623
3600	101.762
3610	87.3129
3620	97.3129
3630	107.313
3640	92.8231
3650	102.823
3660	112.823
3670	97.094
3680	107.094
3690	117.094
3700	99.6582
3710	109.658
3720	98.4894
3730	108.489
3740	98.9364
3750	108.936
3760	118.936
3770	128.936
3780	109.562
3790	119.562
3800	129.562
3810	112.124
3820	122.124
3830	104.199
3840	114.199
3850	124.199
3860	107.094
3870	117.094
3880	95.9548
3890	105.955
3900	88.269
3910	72.7398
3920	82.7398
3930	92.7398
3940	83.5031
3950	93.5031
3960	84.5305
3970	94.5305
3980	68.1866
3990	78.1866
4000	88.1866
4010	76.0329
4020	86.0329
4030	96.0329
4040	81.7602
4050	91.7602
4060	101.76
4070	87.0646
4080	97.0646
4090	89.4375
4100	99.4375
4110	89.6808
4120	99.6808
4130	90.2816
4140	100.282
4150	86.9628
4160	96.9628
4170	106.963
4180	90.2925
4190	100.293
4200	110.293
4210	97.8622
4220	107.862
4230	117.862
4240	104.602
4250	93.9566
4260	103.957
4270	90.8506
4280	100.851
4290	85.3582
4300	71.4291
4310	81.4291
4320	91.4291
4330	72.0832
4340	82.0832
4350	74.6205
4360	84.6205
4370	79.3224
4380	89.3224
4390	67.4798
4400	77.4798
4410	87.4798
4420	80.1422
4430	90.1422
4440	79.0354
4450	89.0354
4460	99.0354
4470	81.955
4480	91.955
4490	101.955
4500	86.7608
4510	96.7608
4520	106.761
4530	93.5964
4540	83.7815
4550	93.7815
4560	86.2325
4570	96.2325
4580	106.232
4590	93.5503
4600	103.55
4610	113.55
4620	123.55
4630	109.719
4640	119.719
4650	129.719
4660	117.144
4670	103.213
4680	113.213
4690	123.213
4700	107.151
4710	117.151
4720	102.019
4730	112.019
4740	122.019
4750	101.126
4760	111.126
4770	121.126
4780	99.6213
4790	109.621
4800	85.8967
4810	95.8967
4820	86.7729
4830	96.7729
4840	86.3825
4850	96.3825
4860	106.382
4870	116.382
4880	101.598
4890	111.598
4900	99.5178
4910	109.518
4920	119.518
4930	106.739
4940	116.739
4950	103.954
4960	88.7966
4970	98.7966
4980	84.2714
4990	94.2714
5000	104.271
5010	90.6228
5020	75.0018
5030	85.0018
5040	95.0018
5050	83.5552
5060	93.5552
5070	83.5715
5080	93.5715
5090	85.4347
5100	95.4347
5110	85.7541
5120	95.7541
5130	84.4835
5140	94.4835
5150	104.483
5160	89.4345
5170	99.4345
5180	109.435
5190	92.8073
5200	102.807
5210	112.807
5220	96.5378
5230	88.4825
5240	98.4825
5250	88.5611
5260	79.9673
5270	89.9673
5280	99.9673
5290	87.3525
5300	97.3525
5310	107.352
5320	92.6768
5330	102.677
5340	89.5897
5350	99.5897
5360	86.2766
5370	96.2766
5380	88.0523
5390	98.0523
5400	88.3144
5410	98.3144
5420	108.314
5430	93.8267
5440	103.827
5450	113.827
5460	96.8379
5470	82.4057
5480	71.7931
5490	81.7931
5500	91.7931
5510	79.8188
5520	89.8188
5530	81.8878
5540	91.8878
5550	101.888
5560	89.474
5570	99.474
5580	109.474
5590	97.7498
5600	107.75
5610	95.336
5620	105.336
5630	93.8418
5640	103.842
5650	92.4138
5660	102.414
5670	112.414
5680	100.69
5690	110.69
5700	120.69
5710	130.69
5720	113.103
5730	123.103
5740	133.103
5750	112.759
5760	122.759
5770	102.874
5780	112.874
5790	91.8856
5800	101.886
5810	89.2013
5820	99.2013
5830	109.201
5840	92.8258
5850	102.826
5860	112.826
5870	97.3202
5880	107.32
5890	117.32
5900	104.845
5910	114.845
5920	124.845
5930	108.781
5940	118.781
5950	101.815
5960	111.815
5970	97.8858
5980	107.886
5990	93.1461
6000	103.146
6010	113.146
6020	97.8652
6030	107.865
6040	117.865
6050	101.975
6060	111.975
6070	95.781
6080	84.0442
6090	94.0442
6100	104.044
6110	87.3891
6120	74.3178
6130	84.3178
6140	94.3178
6150	104.318
6160	91.267
6170	101.267
6180	88.6685
6190	98.6685
6200	108.668
6210	99.4932
6220	109.493
6230	97.9908
6240	107.991
6250	94.1648
6260	104.165
6270	91.194
6280	101.194
6290	111.194
6300	99.0369
6310	109.037
6320	119.037
6330	102.256
6340	112.256
6350	122.256
6360	105.234
6370	115.234
6380	125.234
6390	109.201
6400	119.201
6410	129.201
6420	108.787
6430	118.787
6440	98.5387
6450	108.539
6460	90.2271
6470	100.227
6480	110.227
6490	95.7911
6500	105.791
6510	96.2116
6520	106.212
6530	95.186
6540	105.186
6550	91.685
6560	101.685
6570	88.4104
6580	98.4104
6590	82.8808
6600	92.8807
6610	79.1425
6620	89.1425
6630	99.1425
6640	85.4671
6650	95.4671
6660	105.467
6670	115.467
6680	99.694
6690	84.8589
6700	94.8589
6710	104.859
6720	97.3586
6730	107.359
6740	98.747
6750	108.747
6760	97.0375
6770	107.037
6780	117.037
6790	102.313
6800	112.313
6810	96.3725
6820	106.373
6830	116.373
6840	95
6850	105
6860	115
6870	125
6880	101.515
6890	86.5009
6900	96.5009
6910	106.501
6920	96.1904
6930	106.19
6940	95.7363
6950	105.736
6960	94.6801
6970	104.68
6980	93.666
6990	103.666
7000	113.666
7010	123.666
7020	105.899
7030	115.899
7040	125.899
7050	104.575
7060	114.575
7070	97.0374
7080	83.4291
7090	93.4291
7100	80.7754
7110	90.7754
7120	76.9097
7130	86.9097
7140	96.9097
7150	86.5592
7160	96.5592
7170	106.559
7180	92.3972
7190	102.397
7200	112.397
7210	100.375
7220	110.375
7230	98.7458
7240	108.746
7250	98.426
7260	108.426
7270	118.426
7280	104.8
7290	114.8
7300	100.866
7310	110.866
7320	120.866
7330	130.866
7340	111.569
7350	121.569
7360	131.569
7370	107.091
7380	117.091
7390	92.862
7400	102.862
7410	94.2609
7420	104.261
7430	114.261
7440	102.905
7450	91.4739
7460	101.474
7470	111.474
7480	98.0746
7490	108.075
7500	118.075
7510	102.681
7520	112.681
7530	122.681
7540	101.356
7550	111.356
7560	92.62
7570	102.62
7580	89.5874
7590	99.5874
7600	88.2361
7610	98.2361
7620	108.236
7630	93.8336
7640	103.834
7650	92.5083
7660	102.508
7670	112.508
7680	122.508
7690	104.774
7700	114.774
7710	99.0221
7720	109.022
7730	95.8004
7740	105.8
7750	115.8
7760	104.032
7770	114.032
7780	100.64
7790	110.64
7800	120.64
7810	105.36
7820	115.36
7830	125.36
7840	135.36
7850	116.038
7860	95.0647
7870	105.065
7880	83.9789
7890	93.9789
7900	85.1498
7910	95.1498
7920	105.15
7930	95.6948
7940	105.695
7950	115.695
7960	102.348
7970	112.348
7980	122.348
7990	107.384
8000	117.384
8010	100.466
8020	110.466
8030	91.8754
8040	101.875
8050	87.4929
8060	97.4929
8070	107.493
8080	92.5931
8090	102.593
8100	91.2552
8110	101.255
8120	89.0583
8130	99.0584
8140	86.0988
8150	96.0988
8160	84.0131
8170	94.013
8180	104.013
8190	91.7913
8200	101.791
8210	91.8839
8220	101.884
8230	89.2887
8240	99.2887
8250	109.289
8260	95.4438
8270	105.444
8280	115.444
8290	99.0742
8300	109.074
8310	88.5208
8320	98.5208
8330	108.521
8340	95.8735
8350	105.873
8360	95.7302
8370	105.73
8380	115.73
8390	104.028
8400	114.028
8410	101.509
8420	111.509
8430	96.8316
8440	106.832
8450	116.832
8460	97.6618
8470	107.662
8480	117.662
8490	95.9604
8500	105.96
8510	115.96
8520	96.7809
8530	106.781
8540	95.5343
8550	105.534
8560	94.8092
8570	104.809
8580	114.809
8590	103.736
8600	113.736
8610	101.226
8620	111.226
8630	96.6552
8640	106.655
8650	88.061
8660	98.061
8670	108.061
8680	85.9377
8690	95.9377
8700	83.2634
8710	93.2634
8720	84.643
8730	94.643
8740	85.4387
8750	95.4387
8760	105.439
8770	93.907
8780	84.3527
8790	94.3527
8800	83.1814
8810	71.1917
8820	81.1917
8830	91.1917
8840	77.8674
8850	87.8674
8860	97.8674
8870	86.876
8880	96.876
8890	85.2247
8900	95.2247
8910	105.225
8920	93.4753
8930	103.475
8940	91.8427
8950	101.843
8960	92.3363
8970	82.4235
8980	92.4235
8990	102.423
9000	112.423
9010	98.2295
9020	108.23
9030	118.23
9040	101.072
9050	111.072
9060	94.4162
9070	104.416
9080	87.8375
9090	97.8375
9100	87.5791
9110	97.5791
9120	88.6464
9130	98.6464
9140	108.646
9150	96.0608
9160	83.8505
9170	93.8505
9180	103.851
9190	88.766
9200	98.766
9210	108.766
9220	118.766
9230	101.581
9240	111.581
9250	99.1836
9260	109.184
9270	119.184
9280	106.312
9290	116.312
9300	99.5602
9310	109.56
9320	95.2485
9330	105.248
9340	115.248
9350	100.895
9360	110.895
9370	94.9478
9380	104.948
9390	114.948
9400	96.2648
9410	106.265
9420	116.265
9430	102.431
9440	112.431
9450	94.1886
9460	104.189
9470	89.2586
9480	99.2586
9490	87.7645
9500	97.7645
9510	87.508
9520	97.5079
9530	107.508
9540	95.9669
9550	105.967
9560	92.9228
9570	102.923
9580	112.923
9590	97.954
9600	107.954
9610	117.954
9620	96.8398
9630	106.84
9640	116.84
9650	98.0788
9660	108.079
9670	118.079
9680	106.171
9690	116.171
9700	103.452
9710	113.452
9720	100.049
9730	110.049
9740	120.049
9750	105.1
9760	115.1
9770	97.92
9780	107.92
9790	117.92
9800	100.764
9810	110.764
9820	120.764
9830	101.105
9840	111.105
9850	121.105
9860	103.256
9870	113.256
9880	101.835
9890	90.2968
9900	100.297
9910	85.3303
9920	95.3303
9930	79.1954
9940	89.1954
9950	78.8269
9960	68.5108
9970	78.5108
9980	88.5108
9990	81.2951
10000	91.2951
10010	101.295
10020	89.804
10030	99.804
10040	86.9166
10050	96.9166
10060	65.508
10070	75.508
10080	85.508
10090	76.5035
10100	86.5035
10110	96.5035
10120	85.6912
10130	77.7821
10140	87.7821
10150	77.8639
10160	87.8639
10170	97.8639
10180	86.1669
10190	96.1669
10200	84.1404
10210	94.1404
10220	82.2191
10230	92.2191
10240	84.7834
10250	94.7834
10260	104.783
10270	92.8165
10280	81.7652
10290	91.7652
10300	101.765
10310	111.765
10320	96.1558
10330	106.156
10340	94.7452
10350	104.745
10360	92.3361
10370	102.336
10380	112.336
10390	97.8954
10400	84.2579
10410	94.2579
10420	81.4144
10430	91.4144
10440	78.3901
10450	88.3901
10460	80.9729
10470	90.9729
10480	100.973
10490	110.973
10500	98.1655
10510	108.166
10520	94.304
10530	104.304
10540	114.304
10550	97.3014
10560	82.8197
10570	92.8197
10580	102.82
10590	90.0338
10600	100.034
10610	89.1289
10620	78.4264
10630	88.4264
10640	98.4264
10650	89.7124
10660	99.7124
10670	109.712
10680	119.712
10690	104.839
10700	114.839
10710	100.07
10720	110.07
10730	120.07
10740	103.477
10750	86.5322
10760	96.5322
10770	88.4771
10780	98.4771
10790	88.3241
10800	98.3241
10810	85.9548
10820	95.9548
10830	80.1053
10840	90.1053
10850	100.105
10860	84.2049
10870	94.2049
10880	104.205
10890	91.0107
10900	101.011
10910	88.5479
10920	81.6959
10930	91.6959
10940	81.1111
10950	91.1111
10960	82.2309
10970	92.2309
10980	80.9389
10990	90.9389
11000	78.7581
11010	88.7581
11020	98.7581
11030	87.967
11040	97.967
11050	87.5022
11060	97.5022
11070	107.502
11080	91.5427
11090	76.4753
11100	69.7745
11110	79.7745
11120	89.7745
11130	82.2757
11140	92.2757
11150	82.6397
11160	92.6397
11170	83.0264
11180	93.0264
11190	82.7646
11200	92.7646
11210	102.765
11220	89.7778
11230	99.7778
11240	84.9638
11250	94.9638
11260	104.964
11270	90.1329
11280	83.5895
11290	75.0308
11300	85.0308
11310	95.0308
11320	85.4147
11330	95.4146
11340	83.6321
11350	93.632
11360	81.8671
11370	91.8671
11380	101.867
11390	91.4689
11400	101.469
11410	89.158
11420	99.158
11430	109.158
11440	90.9846
11450	75.8458
11460	69.4638
11470	79.4638
11480	89.4638
11490	81.7132
11500	91.7132
11510	82.4514
11520	92.4514
11530	83.0381
11540	93.0381
11550	82.6006
11560	92.6006
11570	102.601
11580	89.8703
11590	99.8703
11600	85.2943
11610	95.2943
11620	105.294
11630	90.0506
11640	83.4585
11650	93.4585
11660	103.458
11670	94.3319
11680	104.332
11690	114.332
11700	102.58
11710	112.58
11720	99.1429
11730	85.7268
11740	95.7267
11750	105.727
11760	93.6776
11770	103.678
11780	113.678
11790	123.678
11800	104.436
11810	114.436
11820	96.1651
11830	106.165
11840	87.188
11850	97.188
11860	107.188
11870	95.799
11880	105.799
11890	96.5968
11900	106.597
11910	96.0038
11920	106.004
11930	93.8488
11940	103.849
11950	87.1968
11960	97.1968
11970	107.197
11980	89.8167
11990	99.8167
12000	109.817
12010	94.9199
12020	104.92
12030	88.9968
12040	98.9968
12050	108.997
12060	98.3671
12070	108.367
12080	95.8815
12090	105.882
12100	92.6479
12110	102.648
12120	89.4729
12130	99.4729
12140	88.6911
12150	98.6911
12160	108.691
12170	118.691
12180	102.534
12190	112.534
12200	97.6985
12210	107.699
12220	91.8843
12230	101.884
12240	84.3213
12250	94.3213
12260	82.3947
12270	92.3947
12280	102.395
12290	91.6029
12300	81.1477
12310	91.1477
12320	101.148
12330	91.7035
12340	101.704
12350	111.704
12360	121.704
12370	109.065
12380	119.065
12390	103.18
12400	113.18
12410	96.1268
12420	106.127
12430	87.2617
12440	97.2617
12450	107.262
12460	94.4175
12470	104.417
12480	93.91
12490	103.91
12500	91.5482
12510	101.548
12520	111.548
12530	95.4699
12540	105.47
12550	115.47
12560	96.3908
12570	106.391
12580	95.0547
12590	105.055
12600	115.055
12610	76.1657
12620	86.1657
12630	96.1657
12640	84.7644
12650	94.7644
12660	104.764
12670	93.9429
12680	103.943
12690	92.008
12700	102.008
12710	112.008
12720	97.4729
12730	107.473
12740	117.473
12750	100.156
12760	110.156
12770	95.8818
12780	105.882
12790	115.882
12800	99.5889
12810	109.589
12820	97.8205
12830	107.82
12840	117.82
12850	101.025
12860	86.9565
12870	96.9565
12880	106.956
12890	93.1265
12900	103.127
12910	113.127
12920	97.576
12930	107.576
12940	117.576
12950	103.906
12960	113.906
12970	100.151
12980	110.151
12990	94.0773
13000	79.096
13010	89.096
13020	99.096
13030	83.1339
13040	93.1339
13050	103.134
13060	93.5762
13070	103.576
13080	93.162
13090	103.162
13100	113.162
13110	99.0964
13120	109.096
13130	119.096
13140	104.182
13150	114.182
13160	97.8527
13170	107.853
13180	92.112
13190	102.112
13200	87.0976
13210	97.0976
13220	82.3912
13230	92.3912
13240	102.391
13250	93.3286
13260	103.329
13270	93.2212
13280	103.221
13290	113.221
13300	99.4914
13310	109.491
13320	119.491
13330	129.491
13340	110.157
13350	120.157
13360	101.703
13370	111.703
13380	94.4647
13390	104.465
13400	114.465
13410	100.007
13420	110.007
13430	94.0938
13440	104.094
13450	114.094
13460	103.147
13470	113.147
13480	100.61
13490	110.61
13500	94.4037
13510	104.404
13520	114.404
13530	124.404
13540	104.888
13550	114.888
13560	99.3959
13570	109.396
13580	92.0283
13590	102.028
13600	112.028
13610	96.5566
13620	106.557
13630	93.9151
13640	103.915
13650	89.1633
13660	99.1633
13670	88.2565
13680	98.2565
13690	108.256
13700	94.4474
13710	104.447
13720	114.447
13730	100.835
13740	110.835
13750	96.7656
13760	106.766
13770	116.766
13780	99.5835
13790	109.583
13800	95.5734
13810	105.573
13820	115.573
13830	96.1342
13840	106.134
13850	91.4486
13860	101.449
13870	90.8878
13880	100.888
13890	110.888
13900	99.3524
13910	109.352
13920	119.352
13930	104.036
13940	114.036
13950	99.0085
13960	109.009
13970	119.009
13980	101.787
13990	85.5674
14000	95.5674
14010	105.567
14020	88.2783
14030	98.2783
14040	86.7444
14050	96.7444
14060	87.4754
14070	97.4754
14080	107.475
14090	95.7334
14100	105.733
14110	115.733
14120	101.71
14130	111.71
14140	121.71
14150	105.804
14160	115.804
14170	125.804
14180	107.833
14190	117.833
14200	97.6129
14210	107.613
14220	93.2701
14230	103.27
14240	113.27
14250	99.8154
14260	109.815
14270	98.2827
14280	108.283
14290	118.283
14300	103.502
14310	113.502
14320	96.408
14330	106.408
14340	116.408
14350	97.8674
14360	107.867
14370	117.867
14380	103.182
14390	113.182
14400	95.849
14410	105.849
14420	90.3524
14430	100.352
14440	110.352
14450	98.3337
14460	108.334
14470	94.5702
14480	104.57
14490	92.0065
14500	102.007
14510	112.007
14520	96.7328
14530	106.733
14540	116.733
14550	102.165
14560	112.165
14570	122.165
14580	106.556
14590	116.556
14600	99.4389
14610	109.439
14620	93.8497
14630	103.85
14640	113.85
14650	95.6365
14660	105.637
14670	91.6866
14680	79.3824
14690	89.3824
14700	99.3824
14710	109.382
14720	98.74
14730	108.74
14740	118.74
14750	105.784
14760	115.784
14770	125.784
14780	109.053
14790	119.053
14800	102.215
14810	112.215
14820	95.6017
14830	105.602
14840	87.06
14850	97.06
14860	107.06
14870	94.8219
14880	82.1515
14890	92.1515
14900	102.151
14910	89.216
14920	99.216
14930	89.2141
14940	99.2141
14950	109.214
14960	96.9612
14970	84.315
14980	71.5574
14990	81.5574
15000	91.5574
15010	79.686
15020	89.686
15030	80.4662
15040	90.4662
15050	82.1889
15060	92.1889
15070	102.189
15080	91.6836
15090	101.684
15100	88.7773
15110	98.7773
15120	108.777
15130	92.2422
15140	80.0499
15150	90.0499
15160	100.05
15170	89.8262
15180	99.8262
15190	88.8581
15200	98.8581
15210	108.858
15220	95.892
15230	85.8184
15240	95.8184
15250	105.818
15260	93.4335
15270	103.434
15280	113.434
15290	98.2419
15300	108.242
15310	90.2563
15320	100.256
15330	85.9135
15340	95.9135
15350	82.8782
15360	92.8781
15370	102.878
15380	93.317
15390	103.317
15400	92.5423
15410	102.542
15420	112.542
15430	100.32
15440	110.32
15450	120.32
15460	105.672
15470	115.672
15480	125.672
15490	107.626
15500	117.626
15510	98.7228
15520	108.723
15530	118.723
15540	101.511
15550	111.511
15560	94.2318
15570	104.232
15580	89.8034
15590	99.8034
15600	109.803
15610	99.1781
15620	109.178
15630	97.3159
15640	107.316
15650	92.7048
15660	102.705
15670	112.705
15680	122.705
15690	104.918
15700	114.918
15710	98.4511
15720	108.451
15730	118.451
15740	101.385
15750	111.385
15760	95.595
15770	105.595
15780	91.053
15790	101.053
15800	111.053
15810	96.2627
15820	85.3882
15830	95.3882
15840	105.388
15850	91.7886
15860	101.789
15870	111.789
15880	99.1667
15890	109.167
15900	94.2857
15910	104.286
15920	114.286
15930	98.6599
15940	108.66
15950	93.798
15960	103.798
15970	113.798
15980	97.5295
15990	107.53
16000	90.4762
16010	100.476
16020	90.7151
16030	100.715
16040	110.715
16050	99.1773
16060	109.177
16070	96.5068
16080	106.507
16090	116.507
16100	100.561
16110	110.561
16120	120.561
16130	103.909
16140	88.9238
16150	98.9237
16160	108.924
16170	90.4468
16180	100.447
16190	86.7153
16200	96.7153
16210	106.715
16220	97.2099
16230	107.21
16240	94.6915
16250	104.692
16260	114.692
16270	100.716
16280	110.716
16290	97.4396
16300	107.44
16310	117.44
16320	101.82
16330	111.82
16340	121.82
16350	102.83
16360	112.83
16370	122.83
16380	105.225
16390	115.225
16400	98.4587
16410	108.459
16420	94.8952
16430	104.895
16440	114.895
16450	100.159
16460	86.1826
16470	96.1826
16480	106.183
16490	92.5535
16500	102.553
16510	112.553
16520	99.606
16530	109.606
16540	119.606
16550	102.945
16560	112.945
16570	122.945
16580	106.593
16590	116.593
16600	100.755
16610	110.755
16620	94.3445
16630	104.345
16640	114.345
16650	94.419
16660	104.419
16670	93.8031
16680	103.803
16690	113.803
16700	101.015
16710	111.015
16720	121.015
16730	106.443
16740	116.443
16750	126.443
16760	108.903
16770	118.903
16780	102.696
16790	112.696
16800	122.696
16810	103.664
16820	113.664
16830	94.2452
16840	104.245
16850	87.4768
16860	97.4768
16870	107.477
16880	97.2062
16890	107.206
16900	95.7027
16910	105.703
16920	115.703
16930	102.014
16940	112.014
16950	122.014
16960	132.014
16970	114.869
16980	124.869
16990	106.977
17000	116.977
17010	126.977
17020	104.964
17030	114.964
17040	97.1139
17050	107.114
17060	89.2739
17070	99.2739
17080	109.274
17090	99.1976
17100	109.198
17110	96.6941
17120	106.694
17130	116.694
17140	101.828
17150	111.828
17160	121.828
17170	106.253
17180	116.253
17190	126.253
17200	108.69
17210	118.69
17220	97.7782
17230	107.778
17240	117.778
17250	99.4477
17260	109.448
17270	92.0516
17280	102.052
17290	92.5232
17300	102.523
17310	112.523
17320	100.898
17330	110.898
17340	120.898
17350	105.882
17360	115.882
17370	125.882
17380	109.377
17390	119.377
17400	101.49
17410	111.49
17420	92.954
17430	102.954
17440	112.954
17450	95.5995
17460	105.6
17470	89.7034
17480	99.7034
17490	87.4597
17500	97.4597
17510	107.46
17520	97.3173
17530	107.317
17540	117.317
17550	103.758
17560	113.758
17570	99.8997
17580	85.6328
17590	95.6328
17600	82.4014
17610	92.4014
17620	102.401
17630	87.9008
17640	97.9008
17650	84.58
17660	94.58
17670	84.6242
17680	94.6242
17690	82.6307
17700	92.6307
17710	102.631
17720	112.631
17730	97.8896
17740	107.89
17750	117.89
17760	104.206
17770	114.206
17780	101.017
17790	111.017
17800	121.017
17810	106.493
17820	116.493
17830	102.646
17840	112.646
17850	122.646
17860	105.158
17870	115.158
17880	95.2166
17890	105.217
17900	89.8535
17910	99.8535
17920	109.854
17930	96.6547
17940	106.655
17950	116.655
17960	126.655
17970	110.87
17980	120.87
17990	103.646
18000	113.646
18010	123.646
18020	105
18030	115
18040	99.3185
18050	109.318
18060	93.3923
18070	103.392
18080	113.392
18090	98.9187
18100	108.919
18110	95.54
18120	105.54
18130	115.54
18140	100.5
18150	110.5
18160	120.5
18170	106.175
18180	116.175
18190	126.175
18200	109.279
18210	119.279
18220	100.672
18230	110.672
18240	120.672
18250	99.553
18260	109.553
18270	92.0278
18280	102.028
18290	92.1932
18300	102.193
18310	112.193
18320	100.815
18330	110.815
18340	120.815
18350	105.251
18360	115.251
18370	125.251
18380	109.331
18390	119.331
18400	100.744
18410	110.744
18420	92.7968
18430	102.797
18440	112.797
18450	95.4904
18460	105.49
18470	89.5784
18480	99.5784
18490	87.7801
18500	97.7801
18510	107.78
18520	96.9906
18530	106.991
18540	116.991
18550	103.101
18560	113.101
18570	99.7153
18580	85.3145
18590	95.3145
18600	81.8314
18610	91.8314
18620	101.831
18630	87.491
18640	97.491
18650	84.385
18660	94.385
18670	84.9419
18680	94.9419
18690	82.7602
18700	92.7602
18710	102.76
18720	112.76
18730	97.3052
18740	107.305
18750	117.305
18760	105.536
18770	115.536
18780	101.421
18790	111.421
18800	121.421
18810	106.843
18820	116.843
18830	102.334
18840	112.334
18850	122.334
18860	105.14
18870	115.14
18880	95.4544
18890	105.454
18900	90.9808
18910	100.981
18920	110.981
18930	96.679
18940	106.679
18950	93.7276
18960	103.728
18970	88.7682
18980	98.7682
18990	83.6418
19000	93.6418
19010	103.642
19020	92.0531
19030	102.053
19040	89.0158
19050	99.0158
19060	109.016
19070	95.8869
19080	105.887
19090	95.4187
19100	105.419
19110	115.419
19120	102.229
19130	112.229
19140	96.8153
19150	106.815
19160	93.0044
19170	103.004
19180	88.3803
19190	72.1043
19200	82.1043
19210	92.1044
19220	79.3058
19230	89.3058
19240	82.7652
19250	92.7652
19260	102.765
19270	93.5269
19280	103.527
19290	113.527
19300	101.419
19310	111.419
19320	96.9684
19330	83.4012
19340	93.4012
19350	103.401
19360	87.1494
19370	74.7676
19380	84.7676
19390	94.7676
19400	81.6853
19410	91.6853
19420	84.3774
19430	94.3774
19440	104.377
19450	95.3693
19460	105.369
19470	115.369
19480	103.508
19490	90.1581
19500	100.158
19510	85.4471
19520	95.4471
19530	79.413
19540	89.413
19550	77.5963
19560	87.5963
19570	75.5544
19580	85.5544
19590	95.5544
19600	88.3562
19610	98.3562
19620	90.5126
19630	100.513
19640	110.513
19650	98.6598
19660	86.9354
19670	96.9354
19680	106.935
19690	92.3784
19700	102.378
19710	84.5884
19720	94.5884
19730	82.3694
19740	92.3694
19750	79.0247
19760	89.0247
19770	99.0247
19780	91.9713
19790	101.971
19800	111.971
19810	100.288
19820	110.288
19830	98.4501
19840	108.45
19850	118.45
19860	104.241
19870	114.241
19880	124.241
19890	106.347
19900	116.347
19910	96.2044
19920	106.204
19930	116.204
19940	99.9113
19950	109.911
19960	92.9932
19970	102.993
19980	90.18
19990	100.18
20000	110.18
20010	98.6387
20020	88.3866
20030	98.3866
20040	108.387
20050	118.387
20060	103.594
20070	113.594
20080	123.594
20090	106.866
20100	90.8588
20110	100.859
20120	88.4695
20130	98.4695
20140	108.47
20150	94.2551
20160	80.2033
20170	90.2033
20180	100.203
20190	83.7696
20200	93.7696
20210	84.551
20220	94.551
20230	104.551
20240	92.0354
20250	102.035
20260	112.035
20270	98.8953
20280	108.895
20290	97.7618
20300	107.762
20310	117.762
20320	104.305
20330	114.305
20340	100.278
20350	110.278
20360	93.769
20370	103.769
20380	83.924
20390	93.924
20400	103.924
20410	92.4736
20420	102.474
20430	112.474
20440	99.4657
20450	109.466
20460	119.466
20470	104.668
20480	90.5438
20490	100.544
20500	90.3978
20510	100.398
20520	88.3674
20530	98.3674
20540	108.367
20550	93.2675
20560	103.268
20570	87.9686
20580	97.9686
20590	107.969
20600	94.1404
20610	104.14
20620	114.14
20630	98.613
20640	108.613
20650	118.613
20660	105.58
20670	91.8511
20680	101.851
20690	88.1566
20700	98.1566
20710	108.157
20720	94.5852
20730	104.585
20740	114.585
20750	97.4434
20760	87.5257
20770	97.5257
20780	107.526
20790	95.0476
20800	105.048
20810	90.7639
20820	100.764
20830	85.6002
20840	72.692
20850	82.692
20860	92.692
20870	80.5225
20880	72.5972
20890	82.5972
20900	75.1321
20910	85.1321
20920	95.1321
20930	85.5019
20940	95.5019
20950	105.502
20960	95.017
20970	105.017
20980	91.5921
20990	101.592
21000	90.5052
21010	100.505
21020	87.7203
21030	97.7203
21040	107.72
21050	94.2146
21060	80.7353
21070	90.7353
21080	100.735
21090	87.2647
21100	97.2647
21110	107.265
21120	95.1471
21130	105.147
21140	90.2059
21150	100.206
21160	88.5613
21170	79.5978
21180	89.5978
21190	80.4948
21200	90.4948
21210	78.4107
21220	88.4107
21230	77.4623
21240	87.4623
21250	77.7709
21260	87.7709
21270	97.7709
21280	107.771
21290	94.1435
21300	104.143
21310	87.3785
21320	78.5769
21330	88.5769
21340	98.5769
21350	89.4664
21360	99.4664
21370	109.466
21380	99.003
21390	109.003
21400	97.7002
21410	107.7
21420	94.3518
21430	104.352
21440	114.352
21450	99.7771
21460	109.777
21470	119.777
21480	102.256
21490	112.256
21500	93.3562
21510	103.356
21520	88.3535
21530	98.3535
21540	108.354
21550	91.0643
21560	101.064
21570	92.7091
21580	102.709
21590	92.9959
21600	102.996
21610	112.996
21620	101.09
21630	111.09
21640	95.1796
21650	105.18
21660	115.18
21670	98.3141
21680	108.314
21690	118.314
21700	101.103
21710	111.103
21720	95.6169
21730	105.617
21740	115.617
21750	97.9242
21760	107.924
21770	93.6359
21780	103.636
21790	89.5598
21800	99.5598
21810	88.5689
21820	98.5689
21830	87.8721
21840	97.8721
21850	107.872
21860	94.5389
21870	104.539
21880	114.539
21890	98.9231
21900	108.923
21910	94.9295
21920	104.929
21930	114.93
21940	98.3045
21950	108.304
21960	91.1809
21970	101.181
21980	111.181
21990	94.4874
22000	104.487
22010	114.487
22020	104.133
22030	114.133
22040	124.133
22050	110.344
22060	120.344
22070	130.344
22080	114.974
22090	124.974
22100	108.653
22110	118.653
22120	102.416
22130	85.4507
22140	95.4507
22150	105.451
22160	84.9731
22170	72.2633
22180	82.2633
22190	92.2633
22200	83.3482
22210	93.3482
22220	103.348
22230	93.0686
22240	103.069
22250	113.069
22260	99.293
22270	109.293
22280	95.3761
22290	105.376
22300	92.7395
22310	102.74
22320	90.7592
22330	100.759
22340	87.6672
22350	97.6672
22360	107.667
22370	92.406
22380	102.406
22390	88.4154
22400	98.4154
22410	108.415
22420	96.1466
22430	106.147
22440	116.147
22450	101.135
22460	111.135
22470	97.7175
22480	84.9622
22490	94.9622
22500	80.3173
22510	90.3174
22520	81.4214
22530	91.4214
22540	82.2796
22550	92.2796
22560	80.1191
22570	90.1191
22580	100.119
22590	110.119
22600	93.5353
22610	103.535
22620	113.535
22630	100.03
22640	110.03
22650	98.3304
22660	108.33
22670	95.1934
22680	105.193
22690	93.2444
22700	103.244
22710	113.244
22720	98.8472
22730	108.847
22740	90.3582
22750	100.358
22760	89.5451
22770	99.5451
22780	109.545
22790	95.4646
22800	105.465
22810	115.465
22820	100.914
22830	110.914
22840	96.8961
22850	106.896
22860	116.896
22870	99.2198
22880	84.725
22890	94.725
22900	104.725
22910	87.4942
22920	97.4941
22930	87.2548
22940	97.2548
22950	107.255
22960	95.95
22970	105.95
22980	115.95
22990	104.488
23000	114.488
23010	99.7664
23020	109.766
23030	95.9972
23040	105.997
23050	90.4566
23060	100.457
23070	110.457
23080	93.1047
23090	103.105
23100	84.6408
23110	94.6408
23120	104.641
23130	93.5944
23140	103.594
23150	113.594
23160	101.423
23170	111.423
23180	121.423
23190	108.351
23200	118.351
23210	105.411
23220	115.411
23230	125.411
23240	109.087
23250	91.2553
23260	101.255
23270	85.5836
23280	95.5836
23290	81.3613
23300	91.3613
23310	101.361
23320	87.6598
23330	97.6598
23340	107.66
23350	97.3126
23360	107.313
23370	94.4684
23380	104.468
23390	114.468
23400	100.021
23410	110.021
23420	95.0865
23430	81.0235
23440	91.0235
23450	80.7721
23460	90.7721
23470	81.8866
23480	91.8866
23490	101.887
23500	89.5935
23510	99.5935
23520	109.594
23530	96.8557
23540	106.856
23550	116.856
23560	99.44
23570	109.44
23580	90.2295
23590	100.23
23600	88.6378
23610	98.6378
23620	87.2233
23630	97.2233
23640	107.223
23650	95.3607
23660	105.361
23670	115.361
23680	102.947
23690	112.947
23700	122.947
23710	109.909
23720	119.909
23730	104.895
23740	114.895
23750	97.38
23760	107.38
23770	86.6356
23780	96.6356
23790	82.4744
23800	92.4744
23810	78.8303
23820	88.8303
23830	98.8303
23840	88.5437
23850	98.5437
23860	108.544
23870	97.9066
23880	107.907
23890	117.907
23900	106.136
23910	116.136
23920	126.136
23930	110.24
23940	120.24
23950	102.964
23960	88.9232
23970	98.9232
23980	84.4489
23990	94.4489
24000	104.449
24010	89.7218
24020	99.7218
24030	85.7791
24040	95.7791
24050	83.8892
24060	93.8892
24070	81.0942
24080	91.0942
24090	80.289
24100	90.289
24110	80.3909
24120	90.3909
24130	81.0949
24140	91.0949
24150	101.095
24160	92.0245
24170	102.025
24180	91.209
24190	101.209
24200	89.3699
24210	76.7523
24220	86.7522
24230	96.7522
24240	79.2397
24250	89.2397
24260	80.5976
24270	90.5976
24280	81.2293
24290	72.3325
24300	82.3325
24310	92.3325
24320	84.7643
24330	94.7643
24340	85.3102
24350	95.3102
24360	85.9553
24370	95.9553
24380	83.3747
24390	93.3747
24400	103.375
24410	88.0708
24420	98.0708
24430	108.071
24440	95.7536
24450	105.754
24460	115.754
24470	101.034
24480	111.034
24490	96.2087
24500	106.209
24510	116.209
24520	104.583
24530	114.583
24540	98.9051
24550	108.905
24560	92.2708
24570	102.271
24580	112.271
24590	99.2958
24600	109.296
24610	119.296
24620	104.269
24630	90.8636
24640	100.864
24650	86.9309
24660	96.9309
24670	106.931
24680	89.3397
24690	99.3397
24700	83.7534
24710	93.7534
24720	103.753
24730	93.2673
24740	103.267
24750	91.769
24760	101.769
24770	111.769
24780	121.769
24790	105.8
24800	115.8
24810	125.8
24820	112.465
24830	122.465
24840	107.27
24850	117.27
24860	127.27
24870	109.76
24880	119.76
24890	99.4683
24900	109.468
24910	91.7189
24920	101.719
24930	87.6864
24940	97.6864
24950	107.686
24960	95.6604
24970	105.66
24980	115.66
24990	102.888
25000	112.888
25010	122.888
25020	108.488
25030	118.488
25040	101.403
25050	111.403
25060	121.403
25070	102.657
25080	112.657
25090	91.0027
25100	101.003
25110	89.1078
25120	99.1078
25130	109.108
25140	95.9087
25150	105.909
25160	115.909
25170	101.248
25180	91.6132
25190	101.613
25200	111.613
25210	77.106
25220	87.106
25230	97.106
25240	82.7807
25250	92.7807
25260	102.781
25270	84.4345
25280	94.4345
25290	82.6485
25300	92.6484
25310	102.648
25320	89.5831
25330	99.5831
25340	109.583
25350	98.327
25360	108.327
25370	96.3321
25380	106.332
25390	94.7316
25400	104.732
25410	114.732
25420	101.216
25430	111.216
25440	94.4166
25450	104.417
25460	91.4022
25470	101.402
25480	88.5465
25490	98.5465
25500	108.547
25510	94.3287
25520	104.329
25530	114.329
25540	100.584
25550	110.584
25560	94.5643
25570	104.564
25580	114.564
25590	95.5683
25600	105.568
25610	88.6326
25620	98.6326
25630	88.9705
25640	98.9705
25650	88.5761
25660	98.5761
25670	108.576
25680	96.9672
25690	106.967
25700	116.967
25710	103.573
25720	113.573
25730	123.573
25740	108.638
25750	118.638
25760	101.312
25770	111.312
25780	121.312
25790	102.1
25800	112.1
25810	90.5231
25820	100.523
25830	88.7672
25840	98.7672
25850	108.767
25860	95.7987
25870	105.799
25880	115.799
25890	101.314
25900	91.5252
25910	101.525
25920	111.525
25930	77.2209
25940	87.2209
25950	97.2209
25960	82.5977
25970	92.5977
25980	102.598
25990	84.2692
26000	94.2692
26010	82.4935
26020	92.4935
26030	102.494
26040	89.3603
26050	99.3603
26060	109.36
26070	98.4452
26080	108.445
26090	96.8921
26100	106.892
26110	95.2874
26120	105.287
26130	115.287
26140	101.649
26150	111.649
26160	94.3212
26170	104.321
26180	91.1933
26190	101.193
26200	88.3656
26210	98.3656
26220	108.366
26230	93.66
26240	103.66
26250	113.66
26260	100.419
26270	110.419
26280	94.9563
26290	104.956
26300	114.956
26310	96.2882
26320	106.288
26330	88.7434
26340	98.7434
26350	89.0152
26360	99.0152
26370	88.6656
26380	98.6656
26390	108.666
26400	96.3302
26410	106.33
26420	116.33
26430	102.87
26440	112.87
26450	122.87
26460	108.485
26470	118.485
26480	101.762
26490	111.762
26500	93.9578
26510	103.958
26520	83.9507
26530	93.9507
26540	83.6685
26550	93.6685
26560	82.7337
26570	92.7337
26580	102.734
26590	90.1705
26600	100.171
26610	91.5326
26620	101.533
26630	90.4251
26640	79.1755
26650	68.4415
26660	78.4415
26670	88.4415
26680	75.7182
26690	85.7182
26700	76.7979
26710	86.7979
26720	76.1684
26730	86.1684
26740	96.1684
26750	106.168
26760	95.2979
26770	105.298
26780	93.8537
26790	103.854
26800	92.5933
26810	102.593
26820	90.4753
26830	100.475
26840	87.551
26850	97.551
26860	107.551
26870	96.9364
26880	106.936
26890	116.936
26900	103.209
26910	113.209
26920	97.6864
26930	107.686
26940	117.686
26950	127.686
26960	105.35
26970	115.35
26980	99.9049
26990	109.905
27000	93.2122
27010	103.212
27020	87.5297
27030	97.5298
27040	107.53
27050	95.656
27060	105.656
27070	95.6891
27080	105.689
27090	94.1808
27100	104.181
27110	114.181
27120	124.181
27130	106.387
27140	90.8739
27150	100.874
27160	110.874
27170	96.4926
27180	106.493
27190	91.2678
27200	101.268
27210	111.268
27220	92.9299
27230	84.2309
27240	94.2309
27250	104.231
27260	92.4556
27270	102.456
27280	112.456
27290	96.2084
27300	106.208
27310	91.6629
27320	101.663
27330	91.1731
27340	101.173
27350	89.9136
27360	79.1656
27370	89.1656
27380	76.4209
27390	86.4209
27400	76.5965
27410	86.5965
27420	96.5965
27430	83.7095
27440	93.7095
27450	103.71
27460	88.1706
27470	98.1706
27480	108.171
27490	97.7679
27500	107.768
27510	96.2947
27520	106.295
27530	116.295
27540	103.4
27550	113.4
27560	99.9173
27570	109.917
27580	95.253
27590	105.253
27600	92.029
27610	102.029
27620	112.029
27630	96.7227
27640	106.723
27650	116.723
27660	126.723
27670	109.75
27680	119.75
27690	129.75
27700	112.992
27710	122.992
27720	104.966
27730	114.966
27740	96.3638
27750	106.364
27760	116.364
27770	94.9094
27780	104.909
27790	93.1265
27800	103.126
27810	113.126
27820	99.0262
27830	109.026
27840	119.026
27850	105.449
27860	115.449
27870	125.449
27880	112.337
27890	122.337
27900	132.337
27910	115.553
27920	125.553
27930	107.389
27940	117.389
27950	97.3846
27960	107.385
27970	117.385
27980	92.7692
27990	102.769
28000	88.7757
28010	98.7757
28020	108.776
28030	94.9702
28040	104.97
28050	114.97
28060	102.855
28070	92.4509
28080	102.451
28090	91.0922
28100	101.092
28110	111.092
28120	96.9527
28130	106.953
28140	90.3749
28150	100.375
28160	84.4017
28170	94.4017
28180	104.402
28190	92.9021
28200	102.902
28210	89.0393
28220	99.0393
28230	109.039
28240	97.2694
28250	107.269
28260	117.269
28270	103.094
28280	89.6057
28290	99.6057
28300	109.606
28310	92.8429
28320	102.843
28330	88.2489
28340	98.2489
28350	108.249
28360	98.4465
28370	108.447
28380	97.0636
28390	107.064
28400	117.064
28410	103.642
28420	113.642
28430	98.3505
28440	108.351
28450	91.5633
28460	101.563
28470	84.7646
28480	94.7646
28490	104.765
28500	88.0943
28510	78.3461
28520	88.3461
28530	98.3461
28540	89.1464
28550	99.1464
28560	87.3117
28570	97.3117
28580	84.9079
28590	94.9078
28600	104.908
28610	94.6099
28620	104.61
28630	93.5446
28640	80.6377
28650	90.6377
28660	100.638
28670	86.9305
28680	74.6122
28690	84.6122
28700	94.6122
28710	79.4083
28720	89.4083
28730	81.913
28740	91.913
28750	83.0018
28760	93.0018
28770	103.002
28780	91.5789
28790	101.579
28800	90.0047
28810	100.005
28820	89.1123
28830	99.1123
28840	109.112
28850	95.6027
28860	105.603
28870	115.603
28880	99.2454
28890	109.245
28900	119.245
28910	101.883
28920	111.883
28930	121.883
28940	110.963
28950	120.963
28960	108.485
28970	118.485
28980	128.485
28990	112.465
29000	97.2354
29010	107.235
29020	117.235
29030	98.0006
29040	108.001
29050	88.9179
29060	98.9179
29070	108.918
29080	92.643
29090	102.643
29100	112.643
29110	102.879
29120	112.879
29130	101.045
29140	111.045
29150	96.9261
29160	106.926
29170	116.926
29180	100.733
29190	110.733
29200	92.1165
29210	102.117
29220	112.117
29230	94.4659
29240	83.3669
29250	93.3669
29260	103.367
29270	89.6551
29280	99.6551
29290	88.0596
29300	98.0596
29310	87.647
29320	97.647
29330	85.8474
29340	76.8613
29350	86.8613
29360	77.3345
29370	87.3345
29380	76.5457
29390	86.5457
29400	96.5457
29410	82.9481
29420	92.9481
29430	102.948
29440	86.6742
29450	96.6742
29460	106.674
29470	96.0652
29480	106.065
29490	95.816
29500	105.816
29510	96.1621
29520	106.162
29530	95.3014
29540	105.301
29550	115.301
29560	100.098
29570	110.098
29580	95.1913
29590	105.191
29600	89.2994
29610	99.2994
29620	109.299
29630	94.0948
29640	104.095
29650	114.095
29660	99.6858
29670	109.686
29680	93.8227
29690	103.823
29700	113.823
29710	98.8611
29720	108.861
29730	90.3816
29740	100.382
29750	89.0356
29760	99.0356
29770	109.036
29780	99.2081
29790	109.208
29800	119.208
29810	105.164
29820	115.164
29830	125.164
29840	109.429
29850	119.429
29860	103.607
29870	113.607
29880	96.1171
29890	106.117
29900	87.8115
29910	97.8115
29920	78.9103
29930	72.9146
29940	82.9146
29950	92.9146
29960	84.3904
29970	94.3904
29980	104.39
29990	93.3241
30000	103.324
30010	94.0103
30020	104.01
30030	114.01
30040	100.479
30050	87.1037
30060	97.1037
30070	82.3428
30080	92.3428
30090	79.1875
30100	66.7422
30110	76.7422
30120	86.7422
30130	81.3989
30140	91.3989
30150	101.399
30160	91.1352
30170	101.135
30180	89.1807
30190	99.1807
30200	88.1499
30210	76.195
30220	86.195
30230	96.195
30240	85.9405
30250	76.2933
30260	86.2933
30270	74.9315
30280	84.9315
30290	94.9315
30300	81.2664
30310	91.2664
30320	83.2462
30330	74.8951
30340	84.8951
30350	75.5851
30360	85.5851
30370	95.5851
30380	86.7592
30390	96.7592
30400	106.759
30410	95.6862
30420	105.686
30430	115.686
30440	100.941
30450	110.941
30460	120.941
30470	102.37
30480	112.37
30490	122.37
30500	107.976
30510	117.976
30520	102.134
30530	112.134
30540	95.9631
30550	105.963
30560	115.963
30570	100.463
30580	110.463
30590	95.6853
30600	105.685
30610	92.3001
30620	102.3
30630	112.3
30640	96.1791
30650	106.179
30660	116.179
30670	126.179
30680	109.073
30690	119.073
30700	105.853
30710	115.853
30720	125.853
30730	109.85
30740	119.85
30750	103.562
30760	113.562
30770	96.4471
30780	106.447
30790	86.4988
30800	96.4988
30810	106.499
30820	92.9836
30830	102.984
30840	112.984
30850	98.2738
30860	108.274
30870	96.1617
30880	106.162
30890	94.3492
30900	82.1698
30910	92.1698
30920	80.6071
30930	90.6072
30940	77.4458
30950	87.4458
30960	75.2802
30970	85.2802
30980	74.4405
30990	84.4405
31000	94.4405
31010	104.44
31020	94.9338
31030	104.934
31040	94.5564
31050	83.0725
31060	93.0725
31070	82.2838
31080	92.2838
31090	102.284
31100	90.5935
31110	100.594
31120	88.2909
31130	98.2908
31140	108.291
31150	118.291
31160	104.661
31170	114.661
31180	100.985
31190	110.985
31200	120.985
31210	104.578
31220	114.578
31230	97.3167
31240	107.317
31250	88.9561
31260	98.9561
31270	108.956
31280	94.6781
31290	104.678
31300	93.0942
31310	103.094
31320	113.094
31330	100.872
31340	110.872
31350	120.872
31360	130.872
31370	115.196
31380	97.0255
31390	107.025
31400	117.025
31410	102.359
31420	112.359
31430	96.2378
31440	106.238
31450	89.3372
31460	99.3372
31470	109.337
31480	92.4366
31490	81.54
31500	91.54
31510	101.54
31520	88.3431
31530	98.3431
31540	85.8902
31550	95.8902
31560	105.89
31570	95.2431
31580	105.243
31590	94.3799
31600	104.38
31610	92.7581
31620	102.758
31630	112.758
31640	97.2761
31650	107.276
31660	93.161
31670	103.161
31680	113.161
31690	95.1588
31700	105.159
31710	115.159
31720	94.7832
31730	104.783
31740	114.783
31750	104.059
31760	114.059
31770	102.466
31780	112.466
31790	99.9238
31800	88.6069
31810	98.6069
31820	85.4845
31830	95.4845
31840	105.485
31850	89.1669
31860	99.1669
31870	81.2091
31880	69.914
31890	79.914
31900	89.914
31910	79.2586
31920	89.2586
31930	99.2586
31940	90.6737
31950	100.674
31960	92.7568
31970	102.757
31980	91.279
31990	101.279
32000	89.6465
32010	99.6465
32020	87.7434
32030	97.7434
32040	84.9258
32050	72.4228
32060	82.4228
32070	92.4228
32080	80.5868
32090	90.5868
32100	100.587
32110	88.1143
32120	74.8353
32130	84.8353
32140	77.9512
32150	87.9512
32160	97.9512
32170	90.3986
32180	100.399
32190	90.3387
32200	100.339
32210	89.3392
32220	99.3391
32230	109.339
32240	94.3037
32250	104.304
32260	114.304
32270	100.001
32280	110.001
32290	91.4516
32300	76.4313
32310	86.4313
32320	96.4313
32330	87.729
32340	97.729
32350	88.0916
32360	98.0916
32370	108.092
32380	96.4232
32390	106.423
32400	95.4087
32410	105.409
32420	115.409
32430	100.424
32440	110.424
32450	120.424
32460	101.937
32470	111.937
32480	95.1476
32490	105.148
32500	88.8958
32510	98.8958
32520	108.896
32530	92.1802
32540	102.18
32550	93.1993
32560	103.199
32570	113.199
32580	102.346
32590	90.7055
32600	100.705
32610	110.705
32620	120.705
32630	104.127
32640	114.127
32650	96.6907
32660	106.691
32670	92.535
32680	102.535
32690	112.535
32700	96.5016
32710	106.502
32720	91.0735
32730	101.073
32740	111.073
32750	94.559
32760	104.559
32770	93.4263
32780	103.426
32790	91.5734
32800	101.573
32810	111.573
32820	121.573
32830	104.87
32840	114.87
32850	124.87
32860	110.589
32870	120.589
32880	105.518
32890	115.518
32900	99.37
32910	109.37
32920	91.2941
32930	101.294
32940	81.9712
32950	91.9712
32960	101.971
32970	92.8359
32980	102.836
32990	91.8298
33000	101.83
33010	111.83
33020	121.83
33030	105.207
33040	115.207
33050	125.207
33060	109.524
33070	119.524
33080	103.16
33090	88.2534
33100	98.2534
33110	108.253
33120	92.188
33130	102.188
33140	85.6185
33150	95.6185
33160	87.2679
33170	97.2679
33180	87.321
33190	97.321
33200	107.321
33210	117.321
33220	102.104
33230	112.104
33240	122.104
33250	104.24
33260	114.24
33270	97.1117
33280	107.112
33290	91.0678
33300	101.068
33310	111.068
33320	97.3429
33330	107.343
33340	93.272
33350	103.272
33360	93.9995
33370	104
33380	114
33390	101.015
33400	111.015
33410	121.015
33420	103.397
33430	113.397
33440	96.0078
33450	106.008
33460	91.2593
33470	101.259
33480	111.259
33490	95.498
33500	105.498
33510	90.7125
33520	100.712
33530	89.3631
33540	99.3631
33550	87.6555
33560	97.6555
33570	107.655
33580	117.655
33590	100.257
33600	110.257
33610	96.0964
33620	85.3053
33630	95.3053
33640	105.305
33650	93.4111
33660	81.4836
33670	91.4836
33680	79.4347
33690	70.5278
33700	80.5278
33710	90.5278
33720	78.8465
33730	88.8465
33740	74.5779
33750	84.5779
33760	76.4756
33770	86.4756
33780	80.0879
33790	90.0879
33800	81.8302
33810	91.8302
33820	83.7881
33830	74.9908
33840	84.9908
33850	94.9908
33860	104.991
33870	92.0111
33880	102.011
33890	87.807
33900	97.807
33910	86.0666
33920	96.0665
33930	83.9188
33940	93.9188
33950	103.919
33960	93.0965
33970	103.096
33980	92.5773
33990	81.1999
34000	91.1999
34010	101.2
34020	88.2273
34030	98.2273
34040	83.9082
34050	93.9082
34060	83.8021
34070	93.8021
34080	103.802
34090	93.0636
34100	103.064
34110	89.74
34120	99.74
34130	87.7184
34140	97.7184
34150	107.718
34160	94.7302
34170	80.4496
34180	90.4496
34190	100.45
34200	84.5504
34210	94.5504
34220	85.4868
34230	95.4868
34240	105.487
34250	95.332
34260	105.332
34270	115.332
34280	103.475
34290	113.475
34300	98.7117
34310	108.712
34320	94.1404
34330	104.14
34340	114.14
34350	99.9286
34360	109.929
34370	92.4924
34380	102.492
34390	112.492
34400	91.5571
34410	101.557
34420	111.557
34430	101.617
34440	111.617
34450	121.617
34460	109.43
34470	119.43
34480	105.33
34490	115.33
34500	100.138
34510	110.138
34520	120.138
34530	103.106
34540	85.764
34550	95.764
34560	105.764
34570	87.8575
34580	73.7518
34590	83.7517
34600	93.7518
34610	86.4857
34620	77.6023
34630	87.6023
34640	97.6023
34650	87.5245
34660	97.5245
34670	86.7575
34680	96.7575
34690	84.9599
34700	94.9599
34710	104.96
34720	90.6792
34730	100.679
34740	88.8664
34750	76.3444
34760	86.3444
34770	96.3444
34780	84.9191
34790	94.9191
34800	104.919
34810	92.5961
34820	102.596
34830	91.4608
34840	101.461
34850	90.118
34860	100.118
34870	110.118
34880	98.1526
34890	108.153
34900	94.8738
34910	104.874
34920	114.874
34930	100.59
34940	85.6464
34950	95.6464
34960	105.646
34970	90.3768
34980	100.377
34990	81.5389
35000	91.5389
35010	84.2246
35020	94.2246
35030	104.225
35040	93.97
35050	103.97
35060	93.223
35070	103.223
35080	113.223
35090	98.5392
35100	108.539
35110	95.6402
35120	82.0422
35130	92.0422
35140	102.042
35150	112.042
35160	94.6166
35170	104.617
35180	86.8106
35190	79.4529
35200	89.4529
35210	99.4529
35220	90.0359
35230	100.036
35240	89.3052
35250	99.3052
35260	109.305
35270	96.0116
35280	106.012
35290	93.3566
35300	79.7026
35310	89.7026
35320	99.7026
35330	109.703
35340	90.8855
35350	100.885
35360	87.0397
35370	79.586
35380	89.586
35390	99.586
35400	90.1042
35410	100.104
35420	89.4012
35430	99.4012
35440	109.401
35450	96.1086
35460	106.109
35470	116.109
35480	102.052
35490	112.052
35500	95.7824
35510	105.782
35520	87.1188
35530	97.1188
35540	83.3084
35550	75.7501
35560	85.7501
35570	95.7501
35580	86.3491
35590	96.3491
35600	85.7201
35610	95.7201
35620	105.72
35630	92.3054
35640	102.305
35650	112.305
35660	98.3247
35670	108.325
35680	118.325
35690	101.18
35700	111.18
35710	121.18
35720	103.783
35730	113.783
35740	97.1931
35750	87.7687
35760	97.7687
35770	107.769
35780	96.3216
35790	106.322
35800	116.322
35810	102.399
35820	112.399
35830	96.2418
35840	81.8727
35850	91.8727
35860	101.873
35870	111.873
35880	92.6349
35890	81.6386
35900	91.6386
35910	79.0221
35920	89.0221
35930	81.6936
35940	91.6936
35950	83.4417
35960	93.4417
35970	82.2128
35980	92.2128
35990	81.6389
36000	91.6389
