10	5
20	5
30	5
40	5
50	5
60	5
70	5
80	5
90	5
100	5
110	5
120	5
130	5
140	5
150	5
160	5
170	5
180	5
190	5
200	5
210	5
220	5
230	5
240	5
250	5
260	5
270	5
280	5
290	5
300	5
310	10
320	20
330	23.3333
340	33.3333
350	43.3333
360	36.6667
370	46.6667
380	56.6667
390	40
400	50
410	60
420	38.4
430	48.4
440	37.6
450	47.6
460	57.6
470	51.4667
480	61.4667
490	71.4667
500	52.8
510	62.8
520	38.6667
530	48.6667
540	41.6667
550	51.6667
560	42.1429
570	52.1429
580	62.1429
590	53.0952
600	63.0952
610	73.0952
620	83.0952
630	60.2381
640	47.5238
650	57.5238
660	50.5714
670	60.5714
680	70.5714
690	61.5357
700	71.5357
710	61.3214
720	51.3214
730	61.3214
740	71.3214
750	59.075
760	69.075
770	79.075
780	67.4
790	77.4
800	68.4773
810	78.4773
820	65.9636
830	75.9636
840	66.6159
850	76.6159
860	86.6159
870	74.3038
880	84.3038
890	94.3038
900	104.304
910	92.7894
920	77.1425
930	87.1425
940	69.4586
950	79.4586
960	59.2628
970	69.2628
980	79.2628
990	70.1987
1000	80.1987
1010	90.1987
1020	77.4679
1030	87.4679
1040	79.8108
1050	89.8108
1060	82.7841
1070	73.9357
1080	83.9357
1090	93.9357
1100	81.894
1110	91.894
1120	101.894
1130	83.7015
1140	93.7015
1150	103.702
1160	88.5611
1170	98.5611
1180	82.384
1190	92.384
1200	81.849
1210	91.849
1220	101.849
1230	86.6929
1240	96.6929
1250	106.693
1260	116.693
1270	73.5388
1280	83.5388
1290	76.1711
1300	86.1711
1310	79.8185
1320	89.8185
1330	99.8185
1340	88.4376
1350	98.4376
1360	108.438
1370	97.5119
1380	107.512
1390	94.6072
1400	104.607
1410	91.8279
1420	101.828
1430	88.6232
1440	98.6232
1450	108.623
1460	97.7121
1470	107.712
1480	117.712
1490	100.109
1500	110.109
1510	120.109
1520	98.8164
1530	108.816
1540	92.2361
1550	77.7874
1560	87.7874
1570	97.7874
1580	81.6712
1590	91.6712
1600	84.19
1610	94.19
1620	104.19
1630	114.19
1640	99.6891
1650	109.689
1660	95.2296
1670	81.4069
1680	91.4069
1690	77.9046
1700	87.9046
1710	70.7431
1720	80.7431
1730	73.472
1740	83.472
1750	93.472
1760	85.5994
1770	95.5994
1780	105.599
1790	97.3797
1800	88.2897
1810	98.2897
1820	88.3842
1830	98.3842
1840	86.9163
1850	74.5917
1860	84.5917
1870	94.5917
1880	81.2864
1890	72.3275
1900	82.3275
1910	92.3275
1920	81.0484
1930	91.0484
1940	101.048
1950	89.7447
1960	99.7447
1970	85.9796
1980	78.2981
1990	88.2981
2000	98.2981
2010	88.0142
2020	98.0142
2030	85.5094
2040	95.5094
2050	105.509
2060	94.5095
2070	104.509
2080	94.525
2090	104.525
2100	114.525
2110	100.261
2120	110.261
2130	91.9899
2140	101.99
2150	111.99
2160	96.6237
2170	106.624
2180	93.1001
2190	84.567
2200	94.567
2210	104.567
2220	114.567
2230	99.5993
2240	109.599
2250	119.599
2260	104.668
2270	114.668
2280	100.042
2290	110.042
2300	120.042
2310	102.711
2320	86.5649
2330	96.5649
2340	106.565
2350	94.4152
2360	104.415
2370	114.415
2380	101.067
2390	111.067
2400	95.7983
2410	105.798
2420	91.7914
2430	101.791
2440	87.4479
2450	97.4479
2460	85.0595
2470	95.0595
2480	105.059
2490	90.5814
2500	100.581
2510	110.581
2520	94.8682
2530	104.868
2540	91.6623
2550	81.3999
2560	91.3999
2570	83.4003
2580	93.4003
2590	103.4
2600	92.3431
2610	102.343
2620	89.5293
2630	99.5293
2640	82.9918
2650	92.9918
2660	102.992
2670	112.992
2680	99.5296
2690	86.6551
2700	96.6551
2710	106.655
2720	94.7826
2730	104.783
2740	89.8137
2750	99.8137
2760	88.8354
2770	98.8354
2780	108.835
2790	93.5059
2800	78.0913
2810	88.0913
2820	77.4183
2830	87.4183
2840	76.6518
2850	86.6518
2860	96.6518
2870	88.4704
2880	98.4704
2890	90.401
2900	100.401
2910	91.4187
2920	101.419
2930	111.419
2940	97.7575
2950	107.757
2960	117.757
2970	101.546
2980	111.546
2990	96.6643
3000	106.664
3010	116.664
3020	99.5528
3030	109.553
3040	119.553
3050	105.156
3060	115.156
3070	100.864
3080	110.864
3090	96.742
3100	106.742
3110	116.742
3120	97.7056
3130	107.706
3140	117.706
3150	127.706
3160	104.091
3170	114.091
3180	98.5781
3190	108.578
3200	95.233
3210	105.233
3220	93.3792
3230	103.379
3240	113.379
3250	100.483
3260	110.483
3270	93.6255
3280	103.625
3290	113.625
3300	123.625
3310	107.154
3320	93.1376
3330	103.138
3340	113.138
3350	97.5719
3360	107.572
3370	94.101
3380	83.2389
3390	93.2389
3400	103.239
3410	113.239
3420	99.0205
3430	109.021
3440	96.3963
3450	106.396
3460	91.0345
3470	101.034
3480	81.7241
3490	91.7241
3500	101.724
3510	111.724
3520	95.4243
3530	83.6063
3540	93.6063
3550	82.2722
3560	92.2722
3570	83.4009
3580	74.3882
3590	84.3882
3600	74.8088
3610	84.8088
3620	75.5307
3630	85.5307
3640	95.5307
3650	82.5976
3660	92.5976
3670	102.598
3680	93.0104
3690	103.01
3700	91.385
3710	101.385
3720	111.385
3730	98.9808
3740	108.981
3750	94.6874
3760	80.129
3770	90.129
3780	100.129
3790	84.7139
3800	94.7139
3810	104.714
3820	88.6786
3830	98.6786
3840	108.679
3850	98.2663
3860	89.1458
3870	99.1458
3880	109.146
3890	96.5663
3900	85.9601
3910	95.9601
3920	105.96
3930	92.877
3940	102.877
3950	88.2695
3960	98.2695
3970	108.27
3980	96.5019
3990	106.502
4000	92.5381
4010	102.538
4020	86.8201
4030	96.8201
4040	106.82
4050	89.1586
4060	77.344
4070	87.344
4080	97.344
4090	88.4375
4100	98.4375
4110	87.7532
4120	97.7532
4130	84.6203
4140	94.6203
4150	80.9584
4160	90.9584
4170	100.958
4180	87.6234
4190	97.6234
4200	86.2296
4210	96.2296
4220	84.2882
4230	94.2882
4240	104.288
4250	93.9862
4260	87.0395
4270	97.0395
4280	86.82
4290	96.82
4300	85.6297
4310	95.6297
4320	105.63
4330	89.7125
4340	99.7125
4350	109.713
4360	93.6831
4370	103.683
4380	113.683
4390	99.645
4400	109.645
4410	93.9825
4420	103.982
4430	90.3561
4440	100.356
4450	110.356
4460	97.0544
4470	107.054
4480	117.054
4490	100.1
4500	110.1
4510	120.1
4520	103.617
4530	113.617
4540	102.633
4550	112.633
4560	98.3757
4570	108.376
4580	118.376
4590	103.91
4600	113.91
4610	98.9195
4620	108.92
4630	93.1446
4640	103.145
4650	113.145
4660	95.7309
4670	105.731
4680	115.731
4690	94.7186
4700	104.719
4710	90.953
4720	100.953
4730	110.953
4740	96.3887
4750	106.389
4760	91.2751
4770	101.275
4780	91.9697
4790	101.97
4800	111.97
4810	98.1775
4820	108.178
4830	118.178
4840	104.445
4850	114.445
4860	101.317
4870	87.0641
4880	97.0641
4890	107.064
4900	92.9027
4910	102.903
4920	88.9462
4930	98.9462
4940	108.946
4950	91.7376
4960	101.738
4970	111.738
4980	95.8029
4990	105.803
5000	115.803
5010	100.682
5020	110.682
5030	120.682
5040	108.684
5050	118.684
5060	104.928
5070	114.928
5080	124.928
5090	108.786
5100	118.786
5110	104.746
5120	114.746
5130	97.8783
5140	107.878
5150	89.9194
5160	99.9194
5170	109.919
5180	119.919
5190	97.119
5200	107.119
5210	117.119
5220	102.92
5230	112.92
5240	98.7625
5250	87.056
5260	97.056
5270	85.1266
5280	95.1266
5290	105.127
5300	93.3238
5310	103.324
5320	89.6614
5330	99.6614
5340	86.3657
5350	96.3657
5360	106.366
5370	90.8823
5380	79.4012
5390	89.4012
5400	79.3323
5410	71.8373
5420	81.8373
5430	73.236
5440	83.236
5450	74.8764
5460	84.8764
5470	94.8764
5480	82.6558
5490	72.0621
5500	82.0621
5510	74.2597
5520	84.2597
5530	77.1573
5540	87.1573
5550	77.2603
5560	69.3411
5570	79.3411
5580	70.9266
5590	80.9266
5600	90.9266
5610	100.927
5620	89.047
5630	99.047
5640	90.4789
5650	100.479
5660	89.9642
5670	99.9642
5680	86.8684
5690	96.8684
5700	86.5705
5710	96.5705
5720	83.7029
5730	93.7029
5740	81.3669
5750	91.3669
5760	101.367
5770	88.29
5780	98.29
5790	108.29
5800	118.29
5810	103.942
5820	113.942
5830	102.692
5840	112.692
5850	122.692
5860	108.321
5870	118.321
5880	104.138
5890	89.6834
5900	99.6834
5910	109.683
5920	92.8452
5930	102.845
5940	86.5457
5950	96.5456
5960	106.546
5970	92.4119
5980	102.412
5990	112.412
6000	101.461
6010	111.461
6020	98.7601
6030	108.76
6040	118.76
6050	103.748
6060	89.7119
6070	99.7119
6080	83.272
6090	93.272
6100	103.272
6110	86.1822
6120	96.1822
6130	106.182
6140	95.5824
6150	105.582
6160	94.8689
6170	104.869
6180	93.1244
6190	103.124
6200	113.124
6210	98.601
6220	108.601
6230	95.1288
6240	82.2202
6250	92.2202
6260	102.22
6270	87.1814
6280	97.1814
6290	107.181
6300	117.181
6310	100.994
6320	110.994
6330	96.3426
6340	106.343
6350	116.343
6360	104.903
6370	92.6166
6380	102.617
6390	112.617
6400	99.614
6410	85.0505
6420	95.0506
6430	105.051
6440	115.051
6450	96.2386
6460	106.239
6470	116.239
6480	98.1355
6490	85.5855
6500	95.5855
6510	105.586
6520	95.258
6530	105.258
6540	95.9658
6550	105.966
6560	115.966
6570	102.225
6580	87.2038
6590	97.2038
6600	107.204
6610	93.3512
6620	103.351
6630	85.5636
6640	95.5636
6650	105.564
6660	91.0419
6670	101.042
6680	88.9082
6690	98.9082
6700	89.5824
6710	99.5824
6720	88.4146
6730	98.4146
6740	108.415
6750	94.1438
6760	81.8913
6770	91.8913
6780	101.891
6790	87.9016
6800	97.9016
6810	107.902
6820	94.6598
6830	104.66
6840	114.66
6850	102.373
6860	112.373
6870	96.1513
6880	106.151
6890	93.7388
6900	103.739
6910	90.6101
6920	100.61
6930	110.61
6940	94.4056
6950	104.406
6960	114.406
6970	97.3168
6980	107.317
6990	117.317
7000	100.51
7010	110.51
7020	120.51
7030	106.605
7040	90.3452
7050	100.345
7060	110.345
7070	99.3259
7080	109.326
7090	97.9711
7100	107.971
7110	95.3465
7120	105.347
7130	89.6975
7140	99.6975
7150	109.698
7160	91.467
7170	101.467
7180	111.467
7190	91.849
7200	101.849
7210	111.849
7220	92.4755
7230	85.3732
7240	95.3732
7250	105.373
7260	95.6003
7270	105.6
7280	115.6
7290	103.295
7300	113.295
7310	100.979
7320	110.979
7330	120.979
7340	104.545
7350	114.545
7360	124.545
7370	106.025
7380	88.9274
7390	98.9274
7400	79.8666
7410	89.8666
7420	99.8666
7430	90.3509
7440	100.351
7450	88.3705
7460	79.0009
7470	89.0009
7480	99.0009
7490	87.3494
7500	97.3494
7510	107.349
7520	117.349
7530	100.81
7540	110.81
7550	97.356
7560	107.356
7570	90.3105
7580	100.311
7590	89.5733
7600	99.5733
7610	87.8121
7620	97.8121
7630	107.812
7640	94.0468
7650	81.1647
7660	91.1647
7670	101.165
7680	86.4833
7690	96.4833
7700	106.483
7710	94.9573
7720	104.957
7730	89.5344
7740	99.5344
7750	90.3088
7760	100.309
7770	89.2049
7780	99.2049
7790	88.6722
7800	98.6722
7810	108.672
7820	94.2538
7830	104.254
7840	114.254
7850	124.254
7860	104.22
7870	114.22
7880	96.4706
7890	106.471
7900	89.593
7910	99.593
7920	89.6565
7930	80.7037
7940	90.7037
7950	81.2729
7960	91.2729
7970	101.273
7980	88.5347
7990	98.5347
8000	108.535
8010	93.0028
8020	80.0709
8030	90.0709
8040	100.071
8050	86.5223
8060	96.5223
8070	84.7284
8080	94.7284
8090	104.728
8100	90.7467
8110	100.747
8120	110.747
8130	99.3902
8140	109.39
8150	119.39
8160	103.861
8170	113.861
8180	101.526
8190	111.526
8200	121.526
8210	106.295
8220	92.2146
8230	102.215
8240	112.215
8250	98.8116
8260	108.812
8270	94.8842
8280	104.884
8290	114.884
8300	99.2472
8310	109.247
8320	119.247
8330	100.146
8340	110.146
8350	120.146
8360	96.7811
8370	106.781
8380	89.2209
8390	99.2209
8400	88.132
8410	98.132
8420	108.132
8430	99.1074
8440	109.107
8450	97.7364
8460	107.736
8470	96.478
8480	106.478
8490	116.478
8500	126.478
8510	110.305
8520	120.305
8530	130.305
8540	110.82
8550	120.82
8560	101.307
8570	111.307
8580	92.9041
8590	102.904
8600	93.3493
8610	103.349
8620	113.349
8630	101.607
8640	111.607
8650	98.256
8660	108.256
8670	93.6645
8680	103.665
8690	113.665
8700	123.665
8710	104
8720	114
8730	124
8740	101.325
8750	111.325
8760	87.9315
8770	97.9315
8780	90.6264
8790	100.626
8800	110.626
8810	101.056
8820	111.056
8830	100.364
8840	110.364
8850	120.364
8860	107.939
8870	93.6999
8880	103.7
8890	113.7
8900	95.8599
8910	105.86
8920	115.86
8930	94.3949
8940	104.395
8950	82.9299
8960	92.9299
8970	84.7771
8980	94.7771
8990	104.777
9000	94.2038
9010	104.204
9020	92.4204
9030	102.42
9040	91.8471
9050	101.847
9060	111.847
9070	121.847
9080	105.478
9090	115.478
9100	125.478
9110	105.695
9120	115.695
9130	95.9333
9140	105.933
9150	91.9669
9160	101.967
9170	92.2126
9180	102.213
9190	112.213
9200	100.719
9210	110.719
9220	98.014
9230	108.014
9240	94.108
9250	104.108
9260	114.108
9270	124.108
9280	105.315
9290	115.315
9300	125.315
9310	102.863
9320	112.863
9330	88.5164
9340	98.5164
9350	89.5092
9360	99.5092
9370	109.509
9380	100.547
9390	110.547
9400	99.4874
9410	109.487
9420	119.487
9430	105.864
9440	115.864
9450	101.148
9460	111.148
9470	121.148
9480	102.838
9490	112.838
9500	122.838
9510	100.854
9520	110.854
9530	120.854
9540	94.9239
9550	104.924
9560	92.7559
9570	102.756
9580	94.1953
9590	104.195
9600	114.195
9610	103.555
9620	113.555
9630	102.299
9640	112.299
9650	98.2792
9660	108.279
9670	91.5482
9680	101.548
9690	111.548
9700	90.8931
9710	100.893
9720	110.893
9730	88.3787
9740	98.3787
9750	88.1362
9760	98.1362
9770	89.0543
9780	99.0543
9790	109.054
9800	97.7674
9810	88
9820	98
9830	108
9840	95.4685
9850	105.469
9860	89.2209
9870	99.2209
9880	83.3545
9890	93.3545
9900	79.6153
9910	89.6154
9920	99.6153
9930	90.7575
9940	100.757
9950	91.3174
9960	101.317
9970	111.317
9980	100.226
9990	110.226
10000	96.9096
10010	106.91
10020	92.7982
10030	102.798
10040	112.798
10050	93.4983
10060	77.0059
10070	87.0059
10080	97.0059
10090	87.3907
10100	97.3907
10110	107.391
10120	117.391
10130	107.041
10140	117.041
10150	101.704
10160	111.704
10170	121.704
10180	106.329
10190	116.329
10200	100.428
10210	110.428
10220	96.2587
10230	106.259
10240	92.5804
10250	102.58
10260	88.2327
10270	98.2327
10280	108.233
10290	91.0892
10300	101.089
10310	83.3256
10320	93.3256
10330	81.3145
10340	91.3145
10350	82.0107
10360	92.0107
10370	102.011
10380	92.3499
10390	102.35
10400	91.9836
10410	101.984
10420	111.984
10430	101.398
10440	111.398
10450	97.0506
10460	107.051
10470	92.0161
10480	102.016
10490	112.016
10500	93.3748
10510	77.0652
10520	87.0652
10530	97.0652
10540	86.5376
10550	96.5376
10560	106.538
10570	95.715
10580	105.715
10590	115.715
10600	104.021
10610	114.021
10620	124.021
10630	109.648
10640	119.648
10650	103.536
10660	113.536
10670	100.236
10680	110.236
10690	96.2882
10700	106.288
10710	91.7498
10720	101.75
10730	111.75
10740	92.2216
10750	102.222
10760	82.8332
10770	71.8809
10780	81.8809
10790	75.7484
10800	85.7484
10810	95.7484
10820	86.6667
10830	96.6667
10840	88.1043
10850	98.1043
10860	108.104
10870	95.4445
10880	105.444
10890	115.444
10900	102.153
10910	112.153
10920	95.5631
10930	105.563
10940	89.9118
10950	99.9118
10960	109.912
10970	95.599
10980	105.599
10990	115.599
11000	102.961
11010	112.961
11020	122.961
11030	105.368
11040	115.368
11050	102.508
11060	112.508
11070	122.508
11080	103.471
11090	87.5622
11100	97.5622
11110	107.562
11120	93.5589
11130	103.559
11140	94.2244
11150	104.224
11160	91.5734
11170	101.573
11180	111.573
11190	95.081
11200	105.081
11210	115.081
11220	96.6673
11230	106.667
11240	87.8016
11250	97.8016
11260	87.274
11270	97.274
11280	85.9454
11290	95.9454
11300	105.945
11310	95.4834
11320	105.483
11330	115.483
11340	103.688
11350	113.688
11360	123.688
11370	108.857
11380	118.857
11390	128.857
11400	109.386
11410	119.386
11420	102.2
11430	112.2
11440	93.6172
11450	103.617
11460	86.5581
11470	96.5581
11480	85.0391
11490	95.0391
11500	84.888
11510	94.888
11520	104.888
11530	90.8041
11540	100.804
11550	110.804
11560	95.0769
11570	105.077
11580	115.077
11590	98.1253
11600	108.125
11610	95.0459
11620	105.046
11630	115.046
11640	104.214
11650	114.214
11660	100.334
11670	86.3014
11680	96.3014
11690	106.301
11700	93.4825
11710	103.483
11720	90.5673
11730	100.567
11740	83.9252
11750	93.9252
11760	103.925
11770	85.9816
11780	95.9817
11790	105.982
11800	90.2935
11810	100.293
11820	91.312
11830	83.3549
11840	93.355
11850	83.8638
11860	72.9174
11870	82.9174
11880	92.9174
11890	82.6156
11900	92.6156
11910	82.3918
11920	92.3918
11930	78.5286
11940	88.5286
11950	98.5286
11960	83.1251
11970	93.1251
11980	103.125
11990	90.5942
12000	100.594
12010	110.594
12020	80.1926
12030	90.1926
12040	80.0511
12050	90.0511
12060	80.8781
12070	90.8781
12080	80.8378
12090	90.8378
12100	80.8311
12110	90.8311
12120	100.831
12130	86.3218
12140	96.3218
12150	106.322
12160	89.6274
12170	99.6274
12180	109.627
12190	91.3149
12200	80.8078
12210	74.1336
12220	84.1336
12230	94.1336
12240	84.8784
12250	94.8784
12260	85.8529
12270	95.8529
12280	86.0759
12290	96.0759
12300	106.076
12310	94.0665
12320	104.066
12330	87.6965
12340	97.6965
12350	107.696
12360	91.3128
12370	101.313
12380	111.313
12390	95.2319
12400	105.232
12410	115.232
12420	81.2023
12430	91.2023
12440	80.5572
12450	90.5572
12460	100.557
12470	87.9132
12480	79.6036
12490	89.6036
12500	99.6036
12510	89.1511
12520	76.3049
12530	86.3049
12540	96.3049
12550	80.9272
12560	90.9273
12570	100.927
12580	84.8258
12590	94.8258
12600	84.7592
12610	78.4437
12620	88.4437
12630	78.7962
12640	88.7962
12650	79.6282
12660	89.6282
12670	79.4101
12680	89.41
12690	99.41
12700	86.7372
12710	96.7372
12720	106.737
12730	92.6683
12740	102.668
12750	112.668
12760	100.658
12770	85.5478
12780	95.5478
12790	105.548
12800	93.4896
12810	82.8372
12820	92.8372
12830	83.2524
12840	93.2524
12850	103.252
12860	90.9149
12870	79.9076
12880	89.9077
12890	78.8261
12900	88.8261
12910	98.8261
12920	82.3428
12930	92.3428
12940	77.9111
12950	87.9111
12960	79.8405
12970	89.8405
12980	79.368
12990	74.9908
13000	84.9908
13010	94.9908
13020	87.7961
13030	97.7961
13040	86.9325
13050	96.9325
13060	83.9565
13070	93.9565
13080	103.956
13090	88.0792
13100	98.0792
13110	83.4429
13120	93.4429
13130	85.4971
13140	95.497
13150	86.4672
13160	96.4672
13170	85.51
13180	95.51
13190	84.7108
13200	94.7108
13210	104.711
13220	93.4607
13230	103.461
13240	90.9756
13250	100.976
13260	110.976
13270	120.976
13280	106.655
13290	116.655
13300	126.655
13310	109.158
13320	119.158
13330	98.8497
13340	108.85
13350	92.6707
13360	102.671
13370	86.3171
13380	96.3171
13390	87.8348
13400	97.8348
13410	107.835
13420	96.3872
13430	106.387
13440	94.1539
13450	104.154
13460	89.4288
13470	99.4288
13480	109.429
13490	92.7527
13500	102.753
13510	112.753
13520	122.753
13530	106.099
13540	93.7405
13550	103.741
13560	92.9714
13570	102.971
13580	90.1304
13590	100.13
13600	110.13
13610	95.562
13620	83.907
13630	93.907
13640	103.907
13650	90.2446
13660	100.245
13670	110.245
13680	96.4687
13690	106.469
13700	116.469
13710	99.96
13720	109.96
13730	91.5117
13740	78.2359
13750	68.3178
13760	78.3178
13770	88.3178
13780	80.7436
13790	90.7436
13800	81.3688
13810	91.3688
13820	81.9799
13830	91.9799
13840	101.98
13850	90.3136
13860	100.314
13870	110.314
13880	91.8769
13890	101.877
13900	89.3875
13910	99.3875
13920	109.388
13930	97.529
13940	107.529
13950	94.9116
13960	104.912
13970	94.9613
13980	104.961
13990	114.961
14000	102.597
14010	112.597
14020	122.597
14030	104.129
14040	114.129
14050	96.8353
14060	106.835
14070	88.1803
14080	98.1803
14090	108.18
14100	118.18
14110	100.129
14120	110.129
14130	97.0306
14140	107.031
14150	95.1074
14160	105.107
14170	88.4057
14180	98.4057
14190	88.2904
14200	98.2905
14210	108.29
14220	95.7432
14230	85.0405
14240	95.0405
14250	105.04
14260	89.1101
14270	99.1101
14280	84.4671
14290	94.4671
14300	104.467
14310	87.8445
14320	74.9432
14330	84.9432
14340	78.6385
14350	88.6385
14360	98.6385
14370	90.4675
14380	100.467
14390	110.467
14400	96.674
14410	106.674
14420	116.674
14430	104.635
14440	114.635
14450	98.1286
14460	108.129
14470	93.1848
14480	103.185
14490	113.185
14500	99.3274
14510	109.327
14520	94.1341
14530	104.134
14540	90.6056
14550	100.606
14560	110.606
14570	95.0289
14580	105.029
14590	115.029
14600	125.029
14610	105.106
14620	115.106
14630	99.8662
14640	109.866
14650	97.1489
14660	107.149
14670	95.0768
14680	105.077
14690	115.077
14700	102.008
14710	112.008
14720	98.5563
14730	108.556
14740	118.556
14750	103.157
14760	85.4986
14770	95.4986
14780	105.499
14790	115.499
14800	95.8431
14810	105.843
14820	115.843
14830	98.8628
14840	108.863
14850	98.4758
14860	108.476
14870	96.8403
14880	106.84
14890	116.84
14900	100.99
14910	83.3867
14920	93.3867
14930	81.2204
14940	91.2204
14950	101.22
14960	89.0089
14970	99.0089
14980	109.009
14990	94.6473
15000	104.647
15010	114.647
15020	100.515
15030	110.515
15040	96.5354
15050	106.535
15060	116.535
15070	103.86
15080	113.86
15090	98.4382
15100	108.438
15110	92.7387
15120	102.739
15130	89.6212
15140	99.6212
15150	86.9824
15160	96.9824
15170	83.9263
15180	93.9263
15190	103.926
15200	113.926
15210	93.0843
15220	103.084
15230	92.6813
15240	102.681
15250	90.9972
15260	80.164
15270	90.164
15280	100.164
15290	86.7482
15300	80.1896
15310	90.1896
15320	100.19
15330	88.2595
15340	98.2595
15350	88.0015
15360	98.0015
15370	108.002
15380	92.2808
15390	78.9267
15400	88.9267
15410	77.4691
15420	87.4691
15430	79.2467
15440	89.2467
15450	99.2467
15460	89.0262
15470	99.0262
15480	88.557
15490	98.557
15500	88.0508
15510	98.0508
15520	84.2287
15530	94.2287
15540	104.229
15550	92.0102
15560	102.01
15570	89.0354
15580	99.0354
15590	84.6138
15600	94.6138
15610	104.614
15620	94.2858
15630	104.286
15640	114.286
15650	100.578
15660	110.578
15670	120.578
15680	103.618
15690	113.618
15700	95.5961
15710	105.596
15720	90.0789
15730	100.079
15740	110.079
15750	99.011
15760	85.9707
15770	95.9707
15780	83.663
15790	93.663
15800	103.663
15810	91.7687
15820	101.769
15830	87.5082
15840	97.5082
15850	107.508
15860	91.3848
15870	101.385
15880	111.385
15890	97.3323
15900	107.332
15910	97.0644
15920	107.064
15930	117.064
15940	102.784
15950	112.784
15960	97.5451
15970	107.545
15980	89.7381
15990	99.7381
16000	109.738
16010	95.4771
16020	105.477
16030	92.0415
16040	102.041
16050	112.042
16060	122.041
16070	106.151
16080	116.151
16090	126.151
16100	112.14
16110	122.14
16120	106.322
16130	116.322
16140	99.557
16150	109.557
16160	92.4239
16170	102.424
16180	86.1955
16190	96.1955
16200	106.196
16210	95.2737
16220	105.274
16230	92.8199
16240	102.82
16250	88.9891
16260	98.9891
16270	108.989
16280	93.3089
16290	103.309
16300	113.309
16310	123.309
16320	108.78
16330	93.5533
16340	103.553
16350	92.4771
16360	102.477
16370	112.477
16380	96.6952
16390	106.695
16400	89.315
16410	99.315
16420	87.5168
16430	97.5168
16440	84.2513
16450	94.2513
16460	104.251
16470	91.1537
16480	101.154
16490	111.154
16500	121.154
16510	106.756
16520	116.756
16530	101.007
16540	111.007
16550	93.7307
16560	103.731
16570	89.4167
16580	99.4167
16590	109.417
16600	95.1658
16610	105.166
16620	115.166
16630	103.517
16640	113.517
16650	101.804
16660	111.804
16670	121.804
16680	131.804
16690	113.693
16700	123.693
16710	104.814
16720	86.6109
16730	96.6109
16740	80.0583
16750	90.0583
16760	100.058
16770	87.9686
16780	97.9686
16790	90.94
16800	100.94
16810	110.94
16820	98.2035
16830	108.203
16840	94.5671
16850	104.567
16860	114.567
16870	98.3566
16880	108.357
16890	118.357
16900	100.921
16910	110.921
16920	94.3818
16930	104.382
16940	93.2789
16950	103.279
16960	113.279
16970	99.7762
16980	109.776
16990	95.2662
17000	105.266
17010	91.3281
17020	101.328
17030	111.328
17040	98.3725
17050	108.373
17060	118.373
17070	104.835
17080	114.835
17090	124.835
17100	106.34
17110	116.34
17120	126.34
17130	107.698
17140	88.6961
17150	98.6961
17160	108.696
17170	91.4313
17180	80.5595
17190	90.5595
17200	100.56
17210	91.0289
17220	82.3176
17230	92.3176
17240	102.318
17250	90.9535
17260	100.954
17270	110.954
17280	94.2252
17290	104.225
17300	90.2585
17310	77.7018
17320	87.7018
17330	76.1884
17340	86.1884
17350	96.1884
17360	86.6252
17370	76.2456
17380	86.2456
17390	96.2456
17400	84.7076
17410	94.7075
17420	104.708
17430	93.3777
17440	103.378
17450	113.378
17460	100.105
17470	88.1137
17480	98.1137
17490	108.114
17500	92.3774
17510	82.5768
17520	92.5768
17530	81.6689
17540	91.6689
17550	101.669
17560	90.2286
17570	79.8247
17580	89.8247
17590	99.8247
17600	85.2236
17610	95.2236
17620	105.224
17630	91.6994
17640	101.699
17650	111.699
17660	94.4447
17670	104.445
17680	89.0776
17690	99.0776
17700	89.3634
17710	80.2674
17720	90.2674
17730	100.267
17740	90.7746
17750	100.775
17760	89.8056
17770	99.8056
17780	109.806
17790	95.9635
17800	105.963
17810	91.6164
17820	101.616
17830	111.616
17840	96.9207
17850	106.921
17860	116.921
17870	99.276
17880	109.276
17890	89.6996
17900	99.6996
17910	87.4575
17920	97.4575
17930	87.9813
17940	97.9813
17950	88.1656
17960	98.1656
17970	108.166
17980	95.2813
17990	105.281
18000	92.9334
18010	102.933
18020	112.933
18030	100.813
18040	110.813
18050	94.8805
18060	104.881
18070	114.881
18080	96.5353
18090	106.535
18100	116.535
18110	94.9507
18120	104.951
18130	114.951
18140	101.079
18150	111.079
18160	101.465
18170	111.465
18180	97.2628
18190	107.263
18200	94.6673
18210	104.667
18220	90.0079
18230	100.008
18240	89.057
18250	99.057
18260	109.057
18270	96.2028
18280	106.203
18290	116.203
18300	98.8016
18310	108.802
18320	87.5657
18330	97.5657
18340	78.0954
18350	88.0954
18360	79.6949
18370	89.6949
18380	99.6949
18390	92.4895
18400	102.49
18410	95.2176
18420	105.218
18430	96.0166
18440	106.017
18450	116.017
18460	101.756
18470	111.756
18480	95.6605
18490	77.797
18500	87.797
18510	97.797
18520	77.8525
18530	87.8525
18540	97.8525
18550	107.852
18560	99.6029
18570	109.603
18580	98.8481
18590	108.848
18600	118.848
18610	106.038
18620	116.038
18630	100.039
18640	110.039
18650	95.477
18660	105.477
18670	91.3588
18680	101.359
18690	88.5025
18700	98.5025
18710	108.503
18720	94.3606
18730	104.361
18740	114.361
18750	124.361
18760	103.41
18770	113.41
18780	95.3383
18790	105.338
18800	93.5924
18810	80.647
18820	90.647
18830	78.0237
18840	88.0237
18850	79.7498
18860	89.7498
18870	81.1848
18880	91.1848
18890	101.185
18900	87.2327
18910	97.2327
18920	81.0975
18930	91.0975
18940	101.098
18950	90.183
18960	100.183
18970	71.1752
18980	81.1752
18990	91.1752
19000	83.9594
19010	93.9594
19020	103.959
19030	91.7119
19040	101.712
19050	87.5112
19060	97.5112
19070	107.511
19080	91.0175
19090	101.018
19100	111.018
19110	94.8127
19120	104.813
19130	91.3516
19140	101.352
19150	90.9846
19160	100.985
19170	88.83
19180	98.83
19190	108.83
19200	98.0085
19210	108.009
19220	118.009
19230	105.696
19240	115.696
19250	102.068
19260	112.068
19270	122.068
19280	106.29
19290	116.29
19300	126.29
19310	109.825
19320	119.825
19330	99.6393
19340	109.639
19350	119.639
19360	94.6491
19370	104.649
19380	87.9876
19390	97.9876
19400	86.6627
19410	79.3673
19420	89.3673
19430	99.3673
19440	109.367
19450	100.457
19460	110.457
19470	96.9617
19480	106.962
19490	90.9377
19500	100.938
19510	83.5524
19520	93.5524
19530	80.9175
19540	90.9175
19550	100.918
19560	91.0646
19570	101.065
19580	91.0882
19590	101.088
19600	111.088
19610	97.626
19620	107.626
19630	93.2845
19640	103.285
19650	113.285
19660	95.9781
19670	80.0821
19680	70.2413
19690	80.2413
19700	90.2413
19710	80.2561
19720	90.2561
19730	100.256
19740	88.583
19750	98.5831
19760	89.612
19770	99.612
19780	87.8877
19790	97.8877
19800	86.0174
19810	96.0174
19820	106.017
19830	93.1592
19840	103.159
19850	89.9639
19860	79.761
19870	89.761
19880	99.761
19890	109.761
19900	93.3098
19910	103.31
19920	88.1951
19930	98.1951
19940	85.5564
19950	78.5932
19960	71.8121
19970	81.8121
19980	91.8121
19990	82.3184
20000	92.3183
20010	82.0067
20020	92.0067
20030	102.007
20040	89.051
20050	99.051
20060	84.1022
20070	94.1022
20080	104.102
20090	88.5614
20100	98.5614
20110	85.7334
20120	80.2319
20130	90.2319
20140	100.232
20150	110.232
20160	100.045
20170	110.045
20180	120.045
20190	105.577
20200	115.577
20210	98.9795
20220	108.98
20230	94.2601
20240	104.26
20250	114.26
20260	98.2185
20270	108.219
20280	93.7269
20290	103.727
20300	91.5473
20310	81.4473
20320	91.4473
20330	101.447
20340	111.447
20350	95.4606
20360	105.461
20370	87.2135
20380	97.2135
20390	84.0354
20400	94.0354
20410	85.6058
20420	95.6058
20430	105.606
20440	92.1946
20450	102.195
20460	112.195
20470	100.875
20480	110.875
20490	120.875
20500	106.695
20510	116.695
20520	100.024
20530	110.024
20540	120.024
20550	103.847
20560	113.847
20570	96.6347
20580	106.635
20590	94.6471
20600	104.647
20610	94.3453
20620	104.345
20630	114.345
20640	102.495
20650	112.495
20660	122.495
20670	105.23
20680	115.23
20690	94.628
20700	104.628
20710	114.628
20720	91.5711
20730	101.571
20740	111.571
20750	98.2206
20760	108.221
20770	118.221
20780	104.345
20790	114.345
20800	103.609
20810	91.0873
20820	101.087
20830	111.087
20840	94.3125
20850	104.313
20860	89.1269
20870	99.1269
20880	109.127
20890	96.4685
20900	106.468
20910	116.468
20920	102.274
20930	86.2929
20940	96.2929
20950	83.7838
20960	93.7838
20970	80.7338
20980	90.7338
20990	100.734
21000	87.574
21010	97.574
21020	87.4515
21030	97.4515
21040	107.452
21050	96.1294
21060	106.129
21070	116.129
21080	103.595
21090	113.595
21100	99.1413
21110	109.141
21120	91.7873
21130	101.787
21140	81.7294
21150	91.7294
21160	81.1685
21170	91.1685
21180	101.169
21190	91.2454
21200	80.9848
21210	90.9848
21220	100.985
21230	91.8828
21240	101.883
21250	90.4153
21260	100.415
21270	85.8718
21280	95.8717
21290	105.872
21300	87.7113
21310	97.7113
21320	83.281
21330	93.281
21340	103.281
21350	93.1034
21360	85.3707
21370	95.3707
21380	105.371
21390	95.8015
21400	105.802
21410	92.5781
21420	102.578
21430	86.9418
21440	96.9419
21450	80.3556
21460	90.3556
21470	78.6668
21480	88.6668
21490	98.6668
21500	88.5848
21510	98.5848
21520	88.3607
21530	98.3607
21540	108.361
21550	95.0273
21560	105.027
21570	93.2319
21580	103.232
21590	113.232
21600	96.5155
21610	80.8367
21620	71.3853
21630	81.3853
21640	91.3853
21650	81.3825
21660	91.3825
21670	101.383
21680	89.8551
21690	99.8551
21700	89.2074
21710	99.2074
21720	87.7343
21730	97.7343
21740	85.3024
21750	95.3024
21760	105.302
21770	92.3307
21780	102.331
21790	89.5817
21800	99.5817
21810	109.582
21820	96.3333
21830	106.333
21840	116.333
21850	99.8784
21860	109.878
21870	119.878
21880	101.259
21890	111.259
21900	97.8563
21910	87.5283
21920	97.5283
21930	87.1255
21940	97.1255
21950	85.7238
21960	95.7238
21970	80.8636
21980	90.8636
21990	100.864
22000	88.9623
22010	98.9623
22020	83.9303
22030	93.9303
22040	103.93
22050	87.7704
22060	97.7704
22070	107.77
22080	92.4042
22090	102.404
22100	112.404
22110	99.2646
22120	109.265
22130	100.255
22140	110.255
22150	96.906
22160	106.906
22170	94.6331
22180	104.633
22190	114.633
22200	100.898
22210	110.898
22220	98.0528
22230	84.5821
22240	94.5821
22250	104.582
22260	87.7213
22270	97.7213
22280	79.7573
22290	89.7573
22300	99.7573
22310	80.7221
22320	75.1173
22330	85.1173
22340	95.1173
22350	87.0318
22360	97.0318
22370	107.032
22380	97.5491
22390	107.549
22400	117.549
22410	105.05
22420	115.05
22430	100.599
22440	110.599
22450	95.237
22460	105.237
22470	115.237
22480	98.5761
22490	108.576
22500	91.8237
22510	101.824
22520	111.824
22530	101.922
22540	111.922
22550	121.922
22560	109.483
22570	119.483
22580	105.065
22590	115.065
22600	125.065
22610	106.328
22620	116.328
22630	98.5618
22640	108.562
22650	118.562
22660	99.6828
22670	109.683
22680	119.683
22690	108.394
22700	95.8747
22710	105.875
22720	115.875
22730	100.264
22740	110.264
22750	92.4462
22760	102.446
22770	83.7709
22780	93.7708
22790	78.1558
22800	88.1558
22810	98.1558
22820	89.4026
22830	99.4026
22840	90.8354
22850	100.835
22860	110.835
22870	99.6823
22880	109.682
22890	119.682
22900	105.238
22910	115.238
22920	98.2596
22930	108.26
22940	93.039
22950	103.039
22960	113.039
22970	96.582
22980	106.582
22990	116.582
23000	126.582
23010	113.842
23020	123.842
23030	133.842
23040	117.625
23050	127.625
23060	111.787
23070	121.787
23080	102.949
23090	112.949
23100	122.949
23110	104.694
23120	114.694
23130	95.0331
23140	105.033
23150	94.1169
23160	83.8938
23170	93.8938
23180	103.894
23190	90.6114
23200	100.611
23210	110.611
23220	94.9625
23230	104.963
23240	86.0567
23250	96.0567
23260	81.0511
23270	91.0511
23280	84.5561
23290	94.5561
23300	104.556
23310	94.3962
23320	104.396
23330	114.396
23340	101.24
23350	111.24
23360	98.9642
23370	108.964
23380	93.3535
23390	103.354
23400	113.354
23410	97.7176
23420	107.718
23430	91.2703
23440	101.27
23450	111.27
23460	101.282
23470	111.282
23480	121.282
23490	108.295
23500	118.295
23510	128.295
23520	112.988
23530	122.988
23540	103.672
23550	113.672
23560	96.236
23570	106.236
23580	116.236
23590	98.0438
23600	108.044
23610	118.044
23620	107.131
23630	94.5459
23640	104.546
23650	114.546
23660	98.5559
23670	108.556
23680	92.946
23690	102.946
23700	84.5364
23710	69.2725
23720	79.2725
23730	72.6704
23740	82.6703
23750	92.6704
23760	85.4317
23770	95.4318
23780	105.432
23790	95.305
23800	105.305
23810	91.5882
23820	101.588
23830	90.5899
23840	100.59
23850	110.59
23860	95.4361
23870	105.436
23880	90.8022
23890	100.802
23900	110.802
23910	120.802
23920	109.681
23930	119.681
23940	129.681
23950	114.625
23960	97.38
23970	107.38
23980	92.7202
23990	102.72
24000	112.72
24010	95.5343
24020	105.534
24030	88.9382
24040	98.9382
24050	87.0963
24060	97.0963
24070	107.096
24080	95.1498
24090	105.15
24100	115.15
24110	100.25
24120	110.25
24130	120.25
24140	100.402
24150	87.2167
24160	97.2167
24170	85.5242
24180	95.5242
24190	105.524
24200	93.7029
24210	103.703
24220	91.837
24230	101.837
24240	89.2227
24250	99.2227
24260	88.5749
24270	77.7405
24280	87.7405
24290	97.7405
24300	82.5935
24310	92.5935
24320	79.3984
24330	89.3984
24340	99.3984
24350	82.1799
24360	73.4081
24370	83.4081
24380	93.4081
24390	87.9984
24400	97.9984
24410	107.998
24420	98.5478
24430	108.548
24440	118.548
24450	105.072
24460	115.072
24470	102.147
24480	112.147
24490	122.147
24500	104.467
24510	114.467
24520	93.7952
24530	103.795
24540	86.2667
24550	96.2667
24560	106.267
24570	97.3598
24580	107.36
24590	117.36
24600	127.36
24610	112.68
24620	122.68
24630	132.68
24640	112.8
24650	122.8
24660	108.305
24670	118.305
24680	99.6918
24690	109.692
24700	89.239
24710	99.239
24720	109.239
24730	92.8427
24740	83.0471
24750	93.0471
24760	83.4595
24770	93.4595
24780	103.46
24790	89.7476
24800	78.4026
24810	88.4026
24820	76.1288
24830	86.1288
24840	96.1288
24850	83.1851
24860	74.7843
24870	84.7843
24880	94.7843
24890	87.6783
24900	97.6783
24910	107.678
24920	96.3066
24930	106.307
24940	92.6518
24950	102.652
24960	89.5484
24970	99.5484
24980	86.0259
24990	96.0259
25000	83.1233
25010	93.1233
25020	103.123
25030	94.5843
25040	104.584
25050	91.3234
25060	101.323
25070	111.323
25080	96.1691
25090	106.169
25100	116.169
25110	99.4708
25120	109.471
25130	94.398
25140	83.1095
25150	93.1095
25160	103.109
25170	92.0299
25180	102.03
25190	86.7871
25200	96.7871
25210	106.787
25220	93.4243
25230	83.5068
25240	93.5068
25250	103.507
25260	90.0437
25270	78.981
25280	88.981
25290	76.1994
25300	86.1994
25310	96.1994
25320	82.8295
25330	92.8295
25340	83.4525
25350	93.4525
25360	83.9232
25370	93.9232
25380	84.0869
25390	94.0869
25400	104.087
25410	114.087
25420	99.1739
25430	109.174
25440	96.1786
25450	106.179
25460	91.0842
25470	101.084
25480	85.9198
25490	95.9198
25500	105.92
25510	94.9764
25520	104.976
25530	114.976
25540	124.976
25550	112.532
25560	122.532
25570	132.532
25580	117.511
25590	127.511
25600	112.61
25610	122.61
25620	132.61
25630	112.156
25640	122.156
25650	100.101
25660	80.5969
25670	90.5969
25680	100.597
25690	90.3079
25700	80.693
25710	90.693
25720	100.693
25730	87.3237
25740	77.1165
25750	87.1165
25760	73.9139
25770	83.9139
25780	74.938
25790	84.938
25800	72.3842
25810	82.3842
25820	92.3842
25830	85.2669
25840	95.2669
25850	105.267
25860	115.267
25870	103.702
25880	92.232
25890	102.232
25900	89.4639
25910	99.4639
25920	109.464
25930	96.1954
25940	106.195
25950	93.6083
25960	103.608
25970	93.5964
25980	103.596
25990	113.596
26000	100.474
26010	110.474
26020	120.474
26030	103.677
26040	113.677
26050	123.677
26060	101.715
26070	81.2085
26080	91.2085
26090	101.208
26100	88.6985
26110	78.4132
26120	88.4132
26130	78.841
26140	74.1193
26150	84.1193
26160	94.1193
26170	104.119
26180	92.6623
26190	102.662
26200	91.8043
26210	101.804
26220	89.0615
26230	76.6601
26240	86.6601
26250	96.6601
26260	82.7373
26270	92.7373
26280	102.737
26290	92.7628
26300	102.763
26310	112.763
26320	97.8376
26330	107.838
26340	95.1793
26350	105.179
26360	92.3645
26370	102.364
26380	112.365
26390	96.7378
26400	106.738
26410	94.1406
26420	104.141
26430	90.3165
26440	100.316
26450	110.316
26460	95.4781
26470	105.478
26480	115.478
26490	98.9793
26500	108.979
26510	118.979
26520	128.979
26530	112.848
26540	100.304
26550	110.304
26560	97.7669
26570	85.0584
26580	95.0584
26590	82.3543
26600	92.3543
26610	102.354
26620	84.0206
26630	94.0206
26640	81.8995
26650	91.8995
26660	101.899
26670	87.9728
26680	97.9728
26690	107.973
26700	94.0189
26710	104.019
26720	89.9383
26730	99.9383
26740	88.6373
26750	98.6373
26760	88.6195
26770	98.6195
26780	88.0259
26790	98.0259
26800	108.026
26810	96.1188
26820	86.1188
26830	96.1188
26840	85.2222
26850	95.2222
26860	105.222
26870	89.9217
26880	74.9957
26890	84.9957
26900	94.9957
26910	76.322
26920	86.322
26930	81.6178
26940	91.6178
26950	101.618
26960	111.618
26970	101.686
26980	111.686
26990	121.686
27000	110.238
27010	120.238
27020	105.15
27030	91.4356
27040	101.436
27050	111.436
27060	96.4668
27070	81.9902
27080	91.9902
27090	101.99
27100	83.4552
27110	93.4552
27120	103.455
27130	92.2771
27140	102.277
27150	112.277
27160	97.303
27170	107.303
27180	73.1548
27190	83.1548
27200	93.1548
27210	82.8102
27220	74.8725
27230	84.8725
27240	76.5597
27250	86.5597
27260	76.3401
27270	86.3401
27280	96.3401
27290	83.1844
27300	93.1844
27310	103.184
27320	87.7798
27330	97.7798
27340	107.78
27350	92.5007
27360	102.501
27370	90.1452
27380	100.145
27390	110.145
27400	101.806
27410	111.806
27420	98.4326
27430	108.433
27440	96.3879
27450	106.388
27460	92.9437
27470	102.944
27480	90.9626
27490	78.1192
27500	88.1192
27510	98.1192
27520	82.9554
27530	92.9554
27540	77.1865
27550	87.1865
27560	97.1865
27570	80.3539
27580	74.6604
27590	84.6604
27600	94.6604
27610	88.572
27620	98.572
27630	108.572
27640	98.4302
27650	108.43
27660	97.3854
27670	107.385
27680	117.385
27690	101.959
27700	111.959
27710	96.0359
27720	106.036
27730	87.6211
27740	97.6211
27750	107.621
27760	90.0245
27770	82.5239
27780	92.5239
27790	102.524
27800	93.2443
27810	103.244
27820	113.244
27830	102.535
27840	112.535
27850	98.6626
27860	108.663
27870	94.1319
27880	104.132
27890	85.718
27900	95.718
27910	105.718
27920	88.2126
27930	98.2126
27940	85.4733
27950	95.4733
27960	85.94
27970	95.94
27980	86.3976
27990	96.3976
28000	86.567
28010	96.567
28020	83.4314
28030	93.4315
28040	82.5707
28050	92.5707
28060	80.6431
28070	90.6431
28080	100.643
28090	90.6385
28100	100.639
28110	110.639
28120	99.4758
28130	109.476
28140	95.4544
28150	105.454
28160	90.3366
28170	100.337
28180	82.9517
28190	92.9517
28200	79.6166
28210	89.6166
28220	82.3345
28230	92.3345
28240	102.335
28250	94.1584
28260	104.158
28270	93.8608
28280	103.861
28290	113.861
28300	98.7553
28310	83.2911
28320	93.2911
28330	80.5063
28340	90.5063
28350	100.506
28360	85.2018
28370	95.2018
28380	83.8881
28390	93.8881
28400	84.5142
28410	94.5142
28420	82.9197
28430	75.0279
28440	85.0279
28450	76.9032
28460	86.9032
28470	77.3037
28480	87.3037
28490	76.6247
28500	86.6247
28510	96.6247
28520	106.625
28530	96.4989
28540	106.499
28550	116.499
28560	101.267
28570	111.267
28580	98.2152
28590	108.215
28600	118.215
28610	101.451
28620	111.451
28630	94.3219
28640	104.322
28650	90.0132
28660	100.013
28670	110.013
28680	99.3771
28690	109.377
28700	94.0287
28710	104.029
28720	114.029
28730	97.3185
28740	107.319
28750	117.319
28760	104.102
28770	114.102
28780	98.676
28790	84.6991
28800	94.6991
28810	104.699
28820	89.7079
28830	99.7079
28840	84.3879
28850	94.3879
28860	104.388
28870	92.8881
28880	82.8295
28890	92.8295
28900	102.829
28910	90.3873
28920	100.387
28930	88.0159
28940	98.0159
28950	84.1565
28960	94.1565
28970	80.5624
28980	90.5624
28990	80.5883
29000	90.5883
29010	100.588
29020	89.6704
29030	99.6704
29040	87.9537
29050	97.9537
29060	107.954
29070	117.954
29080	105.796
29090	93.8317
29100	103.832
29110	89.9004
29120	99.9004
29130	109.9
29140	93.8337
29150	103.834
29160	89.7729
29170	99.7729
29180	109.773
29190	99.3162
29200	109.316
29210	119.316
29220	105.527
29230	115.527
29240	125.527
29250	111.242
29260	121.242
29270	103.455
29280	88.1628
29290	98.1628
29300	80.0251
29310	90.0251
29320	81.8065
29330	91.8065
29340	101.807
29350	111.807
29360	98.7449
29370	86.3742
29380	96.3742
29390	84.0946
29400	94.0946
29410	83.7027
29420	93.7027
29430	83.5594
29440	93.5594
29450	81.4268
29460	91.4268
29470	78.3012
29480	88.3012
29490	98.3012
29500	88.7474
29510	98.7474
29520	108.747
29530	95.6816
29540	105.682
29550	115.682
29560	125.682
29570	110.029
29580	95.0581
29590	105.058
29600	115.058
29610	101.854
29620	111.854
29630	95.4293
29640	81.2792
29650	91.2792
29660	101.279
29670	90.2293
29680	100.229
29690	88.4021
29700	98.4021
29710	108.402
29720	91.056
29730	101.056
29740	87.6699
29750	75.2953
29760	85.2953
29770	74.859
29780	84.859
29790	94.859
29800	86.3354
29810	96.3354
29820	89.0768
29830	99.0768
29840	87.0837
29850	97.0837
29860	107.084
29870	92.4934
29880	102.493
29890	112.493
29900	98.1845
29910	108.185
29920	92.0259
29930	102.026
29940	87.2801
29950	97.2801
29960	85.1532
29970	95.1532
29980	84.5343
29990	94.5343
30000	104.534
30010	94.1298
30020	83.6519
30030	93.6519
30040	103.652
30050	91.4573
30060	101.457
30070	89.8697
30080	99.8697
30090	86.074
30100	96.074
30110	81.1292
30120	91.1292
30130	76.7568
30140	86.7568
30150	96.7568
30160	87.7874
30170	97.7874
30180	107.787
30190	98.8114
30200	108.811
30210	96.9339
30220	106.934
30230	94.0358
30240	104.036
30250	90.7588
30260	100.759
30270	110.759
30280	95.5206
30290	82.0015
30300	92.0015
30310	102.001
30320	90.3968
30330	100.397
30340	110.397
30350	94.9173
30360	104.917
30370	114.917
30380	98.4932
30390	108.493
30400	94.1823
30410	84.3824
30420	94.3824
30430	82.0863
30440	92.0863
30450	102.086
30460	91.5527
30470	101.553
30480	87.927
30490	97.927
30500	107.927
30510	92.3043
30520	102.304
30530	112.304
30540	97.8721
30550	107.872
30560	94.7471
30570	104.747
30580	114.747
30590	100.997
30600	110.997
30610	96.7383
30620	106.738
30630	89.4922
30640	99.4922
30650	87.9297
30660	97.9297
30670	107.93
30680	117.93
30690	103.672
30700	90.2344
30710	100.234
30720	87.1094
30730	97.1094
30740	107.109
30750	93.3594
30760	103.359
30770	87.9297
30780	97.9297
30790	83.5156
30800	93.5156
30810	82.4243
30820	92.4243
30830	102.424
30840	92.2205
30850	102.221
30860	112.221
30870	100.561
30880	89.9119
30890	78.1522
30900	88.1522
30910	98.1522
30920	82.9656
30930	92.9656
30940	79.2962
30950	89.2962
30960	82.7544
30970	92.7544
30980	102.754
30990	92.5164
31000	102.516
31010	112.516
31020	99.0617
31030	109.062
31040	94.11
31050	104.11
31060	87.8867
31070	97.8867
31080	107.887
31090	92.8451
31100	102.845
31110	92.3256
31120	102.326
31130	92.5
31140	102.5
31150	112.5
31160	99.438
31170	109.438
31180	95.7171
31190	105.717
31200	92.4612
31210	102.461
31220	85.9496
31230	95.9496
31240	83.8603
31250	93.8603
31260	80.3777
31270	90.3777
31280	100.378
31290	86.3284
31300	96.3284
31310	85.9465
31320	95.9465
31330	105.947
31340	115.947
31350	104.599
31360	94.0676
31370	83.9462
31380	93.9462
31390	81.9633
31400	91.9633
31410	79.3186
31420	89.3186
31430	99.3186
31440	86.1657
31450	96.1657
31460	106.166
31470	94.2775
31480	104.277
31490	114.277
31500	100.482
31510	110.482
31520	96.5511
31530	106.551
31540	116.551
31550	98.7052
31560	108.705
31570	92.2967
31580	102.297
31590	91.0462
31600	101.046
31610	111.046
31620	100.451
31630	110.451
31640	120.451
31650	103.114
31660	113.114
31670	123.114
31680	104.514
31690	114.514
31700	124.514
31710	108.62
31720	118.62
31730	101.932
31740	111.932
31750	94.9009
31760	104.901
31770	114.901
31780	98.0579
31790	108.058
31800	90.8912
31810	100.891
31820	90.5107
31830	100.511
31840	110.511
31850	98.1493
31860	83.8048
31870	93.8048
31880	103.805
31890	90.0512
31900	100.051
31910	85.9988
31920	95.9988
31930	82.5104
31940	92.5104
31950	79.6739
31960	89.6739
31970	99.6739
31980	89.1324
31990	99.1324
32000	90.235
32010	100.235
32020	110.235
32030	99.4546
32040	109.455
32050	97.8216
32060	107.822
32070	93.7299
32080	103.73
32090	113.73
32100	98.2367
32110	108.237
32120	91.9119
32130	101.912
32140	93.1133
32150	103.113
32160	113.113
32170	102.286
32180	112.286
32190	97.1549
32200	81.7814
32210	91.7814
32220	101.781
32230	86.2646
32240	96.2646
32250	78.9449
32260	88.9449
32270	98.9449
32280	90.2078
32290	100.208
32300	110.208
32310	98.7389
32320	108.739
32330	97.9223
32340	107.922
32350	117.922
32360	104.051
32370	114.051
32380	97.2819
32390	107.282
32400	94.4289
32410	104.429
32420	90.9146
32430	100.915
32440	87.73
32450	97.73
32460	107.73
32470	92.2096
32480	102.21
32490	112.21
32500	94.8316
32510	104.832
32520	94.0578
32530	104.058
32540	92.8256
32550	102.826
32560	112.826
32570	100.883
32580	110.883
32590	94.2731
32600	104.273
32610	88.9069
32620	78.7623
32630	88.7623
32640	98.7623
32650	87.298
32660	97.298
32670	84.9483
32680	94.9483
32690	104.948
32700	90.5271
32710	100.527
32720	88.4037
32730	98.4037
32740	81.7599
32750	91.76
32760	101.76
32770	91.7063
32780	101.706
32790	111.706
32800	121.706
32810	109.886
32820	97.4509
32830	107.451
32840	94.0245
32850	104.025
32860	114.025
32870	97.897
32880	107.897
32890	91.2942
32900	101.294
32910	87.3059
32920	97.3059
32930	86.0264
32940	96.0264
32950	106.026
32960	90.6228
32970	100.623
32980	110.623
32990	94.9497
33000	104.95
33010	93.4662
33020	103.466
33030	88.4248
33040	98.4248
33050	86.9279
33060	96.9279
33070	106.928
33080	92.8302
33090	85.4193
33100	95.4193
33110	105.419
33120	96.0404
33130	106.04
33140	93.3875
33150	103.388
33160	90.6256
33170	100.626
33180	83.6357
33190	93.6357
33200	74.6261
33210	84.6261
33220	94.6261
33230	85.6625
33240	95.6625
33250	105.662
33260	115.662
33270	106.082
33280	94.9907
33290	104.991
33300	93.0181
33310	103.018
33320	113.018
33330	96.0729
33340	106.073
33350	92.6989
33360	102.699
33370	86.7984
33380	96.7984
33390	106.798
33400	116.798
33410	102.151
33420	112.151
33430	122.151
33440	106.772
33450	116.772
33460	99.7232
33470	84.4951
33480	94.4951
33490	84.9835
33500	94.9835
33510	104.984
33520	93.1065
33530	103.107
33540	87.1571
33550	97.1571
33560	85.9282
33570	95.9282
33580	105.928
33590	91.2713
33600	101.271
33610	111.271
33620	94.0564
33630	104.056
33640	87.1673
33650	97.1673
33660	87.0263
33670	77.1629
33680	87.1629
33690	97.1629
33700	88.6698
33710	98.6698
33720	88.8454
33730	98.8454
33740	108.845
33750	95.1671
33760	105.167
33770	115.167
33780	99.2919
33790	109.292
33800	119.292
33810	104.208
33820	114.208
33830	96.0106
33840	106.011
33850	88.5766
33860	98.5766
33870	86.5337
33880	96.5337
33890	106.534
33900	94.1854
33910	104.185
33920	94.2162
33930	83.9105
33940	93.9105
33950	103.91
33960	113.91
33970	100.27
33980	88.1506
33990	76.2229
34000	86.2229
34010	71.6666
34020	81.6666
34030	69.7993
34040	79.7993
34050	89.7993
34060	82.3368
34070	92.3368
34080	102.337
34090	94.2404
34100	104.24
34110	92.4244
34120	81.9143
34130	91.9143
34140	101.914
34150	88.9742
34160	98.9742
34170	84.418
34180	94.418
34190	104.418
34200	93.7331
34210	103.733
34220	113.733
34230	100.963
34240	110.963
34250	120.963
34260	130.963
34270	111.895
34280	121.895
34290	106.014
34300	116.014
34310	98.2569
34320	108.257
34330	118.257
34340	102.244
34350	87.5322
34360	97.5322
34370	85.4756
34380	95.4756
34390	105.476
34400	91.7146
34410	101.715
34420	111.715
34430	94.998
34440	104.998
34450	114.998
34460	101.687
34470	111.687
34480	96.8834
34490	83.9612
34500	93.9612
34510	103.961
34520	90.8646
34530	100.865
34540	85.3432
34550	95.3432
34560	85.3115
34570	95.3115
34580	105.312
34590	93.2348
34600	80.6335
34610	90.6335
34620	100.633
34630	88.6319
34640	98.6319
34650	84.3289
34660	94.3289
34670	80.7338
34680	90.7338
34690	80.2456
34700	90.2456
34710	100.246
34720	90.0033
34730	100.003
34740	91.3755
34750	101.375
34760	111.375
34770	101.236
34780	111.236
34790	97.8216
34800	107.822
34810	92.4818
34820	102.482
34830	85.2134
34840	95.2134
34850	105.213
34860	87.7779
34870	80.2141
34880	90.2141
34890	100.214
34900	91.4839
34910	101.484
34920	111.484
34930	100.365
34940	110.365
34950	95.1692
34960	105.169
34970	88.9954
34980	98.9954
34990	84.6356
35000	72.7336
35010	82.7336
35020	92.7336
35030	81.1558
35040	91.1558
35050	81.779
35060	91.779
35070	80.2335
35080	90.2335
35090	83.1725
35100	74.1673
35110	84.1673
35120	74.4533
35130	84.4533
35140	73.4426
35150	83.4426
35160	93.4426
35170	84.4527
35180	94.4527
35190	104.453
35200	91.1895
35210	101.19
35220	89.9817
35230	99.9817
35240	89.5035
35250	99.5035
35260	109.503
35270	97.1909
35280	107.191
35290	91.3088
35300	101.309
35310	111.309
35320	100.742
35330	87.411
35340	97.411
35350	107.411
35360	117.411
35370	100.343
35380	110.343
35390	95.4948
35400	105.495
35410	90.4971
35420	100.497
35430	110.497
35440	97.5841
35450	85.5671
35460	95.5671
35470	80.4036
35480	90.4036
35490	100.404
35500	87.2397
35510	78.3912
35520	88.3912
35530	98.3912
35540	88.512
35550	98.512
35560	86.552
35570	76.6434
35580	86.6434
35590	96.6434
35600	83.2046
35610	93.2046
35620	80.2627
35630	90.2627
35640	82.1681
35650	92.1681
35660	102.168
35670	90.6863
35680	100.686
35690	91.6362
35700	101.636
35710	89.7235
35720	99.7235
35730	85.2661
35740	95.2661
35750	78.0235
35760	88.0235
35770	77.3175
35780	87.3175
35790	97.3175
35800	89.2869
35810	99.2869
35820	89.1681
35830	99.1681
35840	109.168
35850	99.2049
35860	109.205
35870	95.8527
35880	105.853
35890	90.4376
35900	100.438
35910	82.8214
35920	92.8214
35930	78.7973
35940	88.7973
35950	81.3878
35960	91.3878
35970	101.388
35980	92.5139
35990	102.514
36000	112.514
