10	11
20	21
30	2
40	2
50	2
60	2
70	4.5
80	14.5
90	24.5
100	34.5
110	26
120	36
130	46
140	25
150	35
160	45
170	30.75
180	40.75
190	50.75
200	30.75
210	24.9167
220	34.9167
230	44.9167
240	35
250	45
260	55
270	65
280	47.7381
290	57.7381
300	67.7381
310	57.0714
320	67.0714
330	77.0714
340	68.5952
350	78.5952
360	64.6494
370	74.6494
380	62.7712
390	72.7712
400	82.7712
410	64.031
420	74.031
430	84.031
440	64.6364
450	74.6364
460	66.2467
470	76.2467
480	65.3896
490	75.3896
500	85.3896
510	72.6753
520	61.9171
530	71.9171
540	81.9171
550	71.9171
560	81.9171
570	91.9171
580	101.917
590	90.6372
600	100.637
610	90.5381
620	100.538
630	110.538
640	120.538
650	99.0479
660	82.0182
670	92.0182
680	76.3275
690	86.3275
700	73.3463
710	83.3463
720	72.1698
730	82.1698
740	92.1698
750	74.0326
760	84.0326
770	94.0326
780	83.0261
790	93.0261
800	83.1139
810	93.1139
820	83.1194
830	93.1194
840	103.119
850	83.0609
860	93.0609
870	103.061
880	113.061
890	95.9957
900	105.996
910	89.3024
920	99.3024
930	85.2749
940	95.2748
950	105.275
960	115.275
970	91.2304
980	101.23
990	111.23
1000	85.9217
1010	95.9217
1020	83.4152
1030	93.4152
1040	103.415
1050	91.788
1060	101.788
1070	87.0087
1080	97.0087
1090	107.009
1100	83.145
1110	93.145
1120	103.145
1130	86.8571
1140	96.8571
1150	85.039
1160	95.039
1170	105.039
1180	91.6476
1190	101.648
1200	88.5133
1210	98.5133
1220	108.513
1230	86.8495
1240	96.8495
1250	106.849
1260	116.849
1270	94.8299
1280	104.83
1290	88.0092
1300	74.8461
1310	84.8461
1320	94.8461
1330	82.8622
1340	92.8622
1350	102.862
1360	81.5705
1370	91.5705
1380	101.57
1390	86.2403
1400	96.2403
1410	78.1193
1420	88.1193
1430	79.6455
1440	89.6455
1450	99.6455
1460	83.839
1470	93.839
1480	103.839
1490	89.0025
1500	99.0025
1510	86.1557
1520	96.1557
1530	106.156
1540	90.9944
1550	75.188
1560	85.188
1570	95.188
1580	105.188
1590	81.6396
1600	91.6396
1610	101.64
1620	86.5839
1630	96.5839
1640	86.7292
1650	96.7292
1660	84.3076
1670	94.3076
1680	80.5554
1690	90.5553
1700	100.555
1710	81.7984
1720	91.7984
1730	101.798
1740	82.9619
1750	92.9619
1760	79.04
1770	89.04
1780	99.04
1790	86.2854
1800	96.2854
1810	106.285
1820	90.8534
1830	81.5828
1840	91.5828
1850	81.4293
1860	91.4293
1870	101.429
1880	88.2372
1890	98.2372
1900	84.9137
1910	94.9137
1920	80.9762
1930	90.9762
1940	100.976
1950	82.7816
1960	92.7816
1970	102.782
1980	93.6478
1990	103.648
2000	113.648
2010	100.725
2020	110.725
2030	96.3879
2040	106.388
2050	91.9607
2060	101.961
2070	85.4993
2080	95.4993
2090	105.499
2100	115.499
2110	94.3023
2120	104.302
2130	114.302
2140	102.938
2150	112.938
2160	99.3721
2170	109.372
2180	98.1628
2190	108.163
2200	97.1168
2210	107.117
2220	117.117
2230	107.374
2240	92.7388
2250	102.739
2260	112.739
2270	100.2
2280	110.2
2290	95.4918
2300	83.9748
2310	93.9748
2320	83.1734
2330	93.1734
2340	81.8375
2350	91.8375
2360	101.838
2370	111.838
2380	95.8937
2390	105.894
2400	115.894
2410	100.065
2420	110.065
2430	94.4129
2440	104.413
2450	93.1835
2460	103.183
2470	92.0574
2480	102.057
2490	112.057
2500	96.4728
2510	106.473
2520	116.473
2530	99.7429
2540	109.743
2550	119.743
2560	100.406
2570	110.406
2580	93.935
2590	103.935
2600	113.935
2610	97.3373
2620	107.337
2630	95.3766
2640	105.377
2650	91.8471
2660	101.847
2670	111.847
2680	95.4478
2690	105.448
2700	115.448
2710	96.2284
2720	106.228
2730	88.5422
2740	72.5114
2750	82.5114
2760	92.5114
2770	83.828
2780	93.828
2790	81.4739
2800	91.4739
2810	101.474
2820	87.3476
2830	97.3476
2840	107.348
2850	91.8256
2860	101.826
2870	82.3862
2880	92.3863
2890	102.386
2900	90.9383
2910	100.938
2920	90.2641
2930	100.264
2940	110.264
2950	95.7484
2960	105.748
2970	115.748
2980	100.451
2990	110.451
3000	120.451
3010	102.679
3020	112.679
3030	92.8391
3040	102.839
3050	91.8446
3060	101.845
3070	111.845
3080	96.8386
3090	106.839
3100	116.839
3110	126.839
3120	113.403
3130	100.53
3140	110.53
3150	98.4229
3160	108.423
3170	96.2801
3180	106.28
3190	92.9743
3200	102.974
3210	86.6654
3220	96.6654
3230	106.665
3240	86.6168
3250	96.6168
3260	106.617
3270	90.5536
3280	100.554
3290	110.554
3300	100.436
3310	110.436
3320	95.4022
3330	105.402
3340	93.4578
3350	103.458
3360	113.458
3370	99.6838
3380	109.684
3390	119.684
3400	106.284
3410	116.284
3420	98.749
3430	108.749
3440	118.749
3450	101.554
3460	111.554
3470	95.7959
3480	105.796
3490	115.796
3500	100.522
3510	87.1775
3520	97.1775
3530	107.177
3540	117.177
3550	96.9462
3560	106.946
3570	116.946
3580	98.4891
3590	108.489
3600	93.0054
3610	103.005
3620	86.7731
3630	96.7731
3640	84.4703
3650	94.4703
3660	84.7079
3670	94.7079
3680	104.708
3690	91.4347
3700	101.435
3710	111.435
3720	97.4167
3730	107.417
3740	94.1691
3750	104.169
3760	114.169
3770	98.5112
3780	84.8077
3790	94.8077
3800	79.581
3810	89.581
3820	99.581
3830	85.3047
3840	95.3047
3850	105.305
3860	115.305
3870	80.774
3880	90.774
3890	100.774
3900	88.762
3910	80.5933
3920	90.5933
3930	80.6243
3940	90.6242
3950	100.624
3960	110.624
3970	95.8137
3980	105.814
3990	94.5844
4000	104.584
4010	114.584
4020	100.088
4030	110.088
4040	95.5368
4050	105.537
4060	91.1394
4070	101.139
4080	111.139
4090	95.2257
4100	105.226
4110	87.81
4120	97.81
4130	107.81
4140	88.2609
4150	98.2609
4160	108.261
4170	92.6142
4180	102.614
4190	86.6731
4200	96.6731
4210	87.4139
4220	97.4139
4230	89.7971
4240	99.7971
4250	109.797
4260	99.4267
4270	109.427
4280	119.427
4290	103.501
4300	113.501
4310	123.501
4320	107.323
4330	117.323
4340	101.492
4350	111.492
4360	97.5863
4370	107.586
4380	117.586
4390	102.982
4400	87.3782
4410	97.3782
4420	85.5102
4430	95.5102
4440	105.51
4450	90.3718
4460	100.372
4470	82.1873
4480	92.1873
4490	77.337
4500	87.337
4510	72.9792
4520	82.9792
4530	92.9792
4540	83.2902
4550	93.2902
4560	103.29
4570	94.1083
4580	104.108
4590	114.108
4600	104.935
4610	95.5106
4620	105.511
4630	95.5133
4640	105.513
4650	115.513
4660	101.208
4670	111.208
4680	99.973
4690	109.973
4700	119.973
4710	102.859
4720	112.859
4730	122.859
4740	99.0194
4750	109.019
4760	119.019
4770	103.875
4780	113.875
4790	99.8245
4800	109.825
4810	94.021
4820	104.021
4830	85.8524
4840	95.8524
4850	83.2198
4860	93.2198
4870	103.22
4880	87.1856
4890	97.1856
4900	83.3519
4910	72.0475
4920	82.0475
4930	92.0475
4940	84.1127
4950	73.4606
4960	83.4606
4970	74.3301
4980	84.3301
4990	94.3301
5000	86.0693
5010	96.0693
5020	106.069
5030	97.8231
5040	107.823
5050	96.581
5060	106.581
5070	91.9489
5080	101.949
5090	87.6806
5100	97.6806
5110	87.3827
5120	97.3826
5130	87.5705
5140	97.5705
5150	84.8008
5160	94.8008
5170	104.801
5180	90.1391
5190	100.139
5200	83.9506
5210	93.9506
5220	78.8864
5230	88.8864
5240	75.3393
5250	85.3393
5260	77.6504
5270	87.6504
5280	97.6504
5290	85.9501
5300	95.9501
5310	105.95
5320	90.6408
5330	100.641
5340	92.5887
5350	102.589
5360	92.5674
5370	102.567
5380	91.7284
5390	101.728
5400	111.728
5410	95.8698
5420	84.743
5430	94.7431
5440	104.743
5450	90.6052
5460	100.605
5470	110.605
5480	120.605
5490	107.364
5500	117.364
5510	105.73
5520	115.73
5530	125.73
5540	109.528
5550	119.528
5560	100.574
5570	110.574
5580	94.4496
5590	104.45
5600	86.45
5610	96.45
5620	106.45
5630	90.0295
5640	100.029
5650	86.1608
5660	96.1608
5670	83.7336
5680	93.7336
5690	81.8789
5700	91.8789
5710	101.879
5720	93.4977
5730	103.498
5740	93.1304
5750	103.13
5760	92.7656
5770	102.766
5780	91.4629
5790	101.463
5800	85.105
5810	95.105
5820	105.105
5830	86.1258
5840	96.1258
5850	106.126
5860	116.126
5870	100.115
5880	110.115
5890	97.6965
5900	107.697
5910	93.1924
5920	103.192
5930	86.7068
5940	96.7068
5950	86.8408
5960	96.8407
5970	106.841
5980	95.818
5990	105.818
6000	115.818
6010	100.195
6020	110.195
6030	120.195
6040	106.207
6050	116.207
6060	99.6178
6070	85.1747
6080	70.3689
6090	80.3689
6100	90.3689
6110	78.5866
6120	72.5957
6130	82.5957
6140	92.5957
6150	85.475
6160	95.475
6170	82.9112
6180	92.9112
6190	81.9966
6200	91.9966
6210	78.4464
6220	88.4464
6230	76.8966
6240	86.8966
6250	96.8966
6260	87.1908
6270	97.1908
6280	107.191
6290	92.3071
6300	102.307
6310	112.307
6320	100.375
6330	110.375
6340	98.9945
6350	108.995
6360	118.995
6370	106.516
6380	116.516
6390	102.562
6400	112.562
6410	97.9646
6420	107.965
6430	92.8869
6440	102.887
6450	112.887
6460	95.5575
6470	105.558
6480	115.558
6490	97.2813
6500	88.631
6510	98.631
6520	86.2286
6530	96.2286
6540	106.229
6550	92.9631
6560	102.963
6570	85.8178
6580	95.8178
6590	86.9682
6600	96.9682
6610	106.968
6620	95.8038
6630	105.804
6640	115.804
6650	125.804
6660	106.2
6670	116.2
6680	100.594
6690	110.594
6700	91.7532
6710	101.753
6720	111.753
6730	98.609
6740	108.609
6750	95.4238
6760	105.424
6770	90.9516
6780	100.952
6790	87.8833
6800	73.6719
6810	83.6719
6820	93.6719
6830	103.672
6840	93.8321
6850	103.832
6860	94.5401
6870	81.8268
6880	70.6477
6890	80.6477
6900	90.6477
6910	77.1378
6920	87.1378
6930	79.826
6940	89.826
6950	99.826
6960	90.6317
6970	100.632
6980	85.6788
6990	95.6788
7000	105.679
7010	91.5054
7020	101.505
7030	89.3572
7040	99.3572
7050	85.0946
7060	95.0946
7070	84.7938
7080	94.7938
7090	104.794
7100	91.7432
7110	101.743
7120	111.743
7130	99.0137
7140	109.014
7150	99.2499
7160	109.25
7170	119.25
7180	105.145
7190	115.145
7200	95.584
7210	105.584
7220	91.6461
7230	101.646
7240	86.6471
7250	96.6471
7260	106.647
7270	93.0004
7280	79.9705
7290	89.9705
7300	77.3821
7310	87.3821
7320	97.3821
7330	85.3267
7340	95.3267
7350	81.7438
7360	91.7438
7370	81.0681
7380	91.068
7390	80.9363
7400	90.9363
7410	100.936
7420	90.3603
7430	100.36
7440	110.36
7450	100.775
7460	110.775
7470	120.775
7480	109.868
7490	119.868
7500	105.393
7510	115.393
7520	100.99
7530	110.99
7540	120.99
7550	105.648
7560	89.2932
7570	99.2932
7580	109.293
7590	89.4571
7600	99.4571
7610	109.457
7620	92.4414
7630	102.441
7640	112.441
7650	88.7602
7660	98.7602
7670	87.6202
7680	97.6202
7690	88.3467
7700	98.3467
7710	91.7375
7720	101.737
7730	111.737
7740	101.071
7750	111.071
7760	96.7276
7770	106.728
7780	91.6571
7790	101.657
7800	86.4564
7810	71.5469
7820	81.5469
7830	91.5469
7840	101.547
7850	85.9517
7860	95.9516
7870	82.2165
7880	92.2165
7890	83.8056
7900	93.8056
7910	84.1351
7920	94.1351
7930	84.2823
7940	94.2823
7950	104.282
7960	114.282
7970	104.037
7980	114.037
7990	124.037
8000	105.653
8010	115.652
8020	102.223
8030	112.223
8040	122.223
8050	104.358
8060	114.358
8070	100.265
8080	110.265
8090	120.265
8100	107.616
8110	117.616
8120	101.391
8130	111.391
8140	93.5883
8150	103.588
8160	88.5879
8170	98.5879
8180	108.588
8190	90.9995
8200	101
8210	111
8220	97.417
8230	107.417
8240	90.9437
8250	100.944
8260	110.944
8270	93.9056
8280	103.906
8290	91.7282
8300	101.728
8310	88.6056
8320	81.2807
8330	91.2807
8340	101.281
8350	111.281
8360	99.8026
8370	109.803
8380	119.803
8390	105.963
8400	94.435
8410	104.435
8420	114.435
8430	101.218
8440	85.2703
8450	95.2703
8460	84.4205
8470	94.4205
8480	80.6601
8490	90.6601
8500	100.66
8510	85.5451
8520	95.5451
8530	83.8424
8540	93.8424
8550	103.842
8560	88.3118
8570	98.3118
8580	108.312
8590	90.4409
8600	82.2631
8610	92.2631
8620	82.4205
8630	92.4205
8640	102.42
8650	91.2559
8660	101.256
8670	88.3589
8680	98.3589
8690	108.359
8700	95.8424
8710	105.842
8720	115.842
8730	100.752
8740	110.752
8750	98.3344
8760	108.334
8770	118.334
8780	106.775
8790	91.9942
8800	76.8242
8810	86.8242
8820	76.7616
8830	86.7616
8840	75.999
8850	85.999
8860	73.7893
8870	83.7893
8880	93.7893
8890	83.9631
8900	93.9631
8910	79.3352
8920	89.3352
8930	76.3742
8940	86.3742
8950	96.3742
8960	84.1804
8970	94.1804
8980	104.18
8990	96.1882
9000	106.188
9010	116.188
9020	103.724
9030	113.724
9040	101.676
9050	111.676
9060	121.676
9070	106.855
9080	116.855
9090	102.228
9100	112.228
9110	101.832
9120	111.832
9130	121.832
9140	107.216
9150	90.3338
9160	100.334
9170	110.334
9180	94.4386
9190	104.439
9200	114.439
9210	124.439
9220	108.186
9230	118.186
9240	98.4858
9250	108.486
9260	96.0109
9270	106.011
9280	116.011
9290	102.813
9300	112.813
9310	100.04
9320	110.04
9330	120.04
9340	104.559
9350	114.559
9360	97.1362
9370	107.136
9380	117.136
9390	98.3449
9400	108.345
9410	118.345
9420	95.975
9430	105.975
9440	85.8747
9450	95.8747
9460	105.875
9470	94.6608
9480	104.661
9490	93.5891
9500	103.589
9510	94.9824
9520	104.982
9530	93.0524
9540	103.052
9550	113.052
9560	123.052
9570	108.46
9580	118.46
9590	128.46
9600	113.319
9610	96.7918
9620	106.792
9630	93.3574
9640	103.357
9650	90.1066
9660	100.107
9670	82.7382
9680	92.7382
9690	81.0938
9700	91.0938
9710	78.7833
9720	88.7833
9730	98.7834
9740	85.2067
9750	95.2067
9760	105.207
9770	90.3899
9780	100.39
9790	86.5537
9800	96.5537
9810	84.4534
9820	94.4534
9830	81.5614
9840	91.5614
9850	101.561
9860	92.7769
9870	84.8286
9880	94.8286
9890	84.9693
9900	94.9693
9910	104.969
9920	88.9319
9930	98.9319
9940	82.3746
9950	92.3746
9960	84.2055
9970	94.2055
9980	85.3778
9990	95.3778
10000	85.671
10010	95.671
10020	105.671
10030	93.9667
10040	103.967
10050	113.967
10060	95.2293
10070	105.229
10080	115.229
10090	100.28
10100	110.28
10110	93.641
10120	103.641
10130	113.641
10140	95.4397
10150	105.44
10160	93.1021
10170	103.102
10180	88.5538
10190	98.5538
10200	108.554
10210	94.3389
10220	104.339
10230	114.339
10240	99.8311
10250	88.124
10260	98.124
10270	108.124
10280	96.8568
10290	106.857
10300	92.6661
10310	102.666
10320	91.7975
10330	101.797
10340	89.4978
10350	99.4978
10360	109.498
10370	96.775
10380	106.775
10390	116.775
10400	101.713
10410	111.713
10420	121.713
10430	104.211
10440	114.211
10450	94.2109
10460	104.211
10470	114.211
10480	99.1696
10490	109.17
10500	94.8717
10510	104.872
10520	88.5945
10530	98.5945
10540	108.595
10550	95.4435
10560	105.444
10570	90.8462
10580	100.846
10590	110.846
10600	94.6953
10610	104.695
10620	114.695
10630	94.4546
10640	104.455
10650	96.7915
10660	106.791
10670	95.6905
10680	84.9812
10690	94.9812
10700	104.981
10710	92.1479
10720	102.148
10730	112.148
10740	100.98
10750	110.98
10760	97.3287
10770	107.329
10780	117.329
10790	102.928
10800	112.928
10810	122.928
10820	101.229
10830	111.229
10840	90.0484
10850	100.048
10860	110.048
10870	94.9076
10880	104.908
10890	90.3897
10900	100.39
10910	89
10920	99
10930	85.5482
10940	95.5482
10950	105.548
10960	92.2624
10970	102.262
10980	88.1738
10990	98.1738
11000	108.174
11010	93.21
11020	103.21
11030	113.21
11040	100.868
11050	85.4596
11060	77.623
11070	87.623
11080	78.4665
11090	88.4665
11100	98.4665
11110	86.5169
11120	78.0579
11130	88.0579
11140	98.0579
11150	86.0629
11160	96.0629
11170	106.063
11180	88.4185
11190	98.4185
11200	80.3636
11210	90.3636
11220	100.364
11230	85.9045
11240	95.9045
11250	89.1277
11260	99.1277
11270	90.1
11280	100.1
11290	90.0333
11300	100.033
11310	88.3575
11320	76.661
11330	86.661
11340	96.661
11350	84.4089
11360	94.4089
11370	83.4717
11380	93.4717
11390	82.431
11400	92.431
11410	82.0999
11420	92.0999
11430	84.5878
11440	94.5878
11450	85.9714
11460	95.9714
11470	105.971
11480	92.8338
11490	102.834
11500	112.834
11510	98.9661
11520	108.966
11530	118.966
11540	100.552
11550	110.552
11560	92.1053
11570	102.105
11580	112.105
11590	96.1097
11600	80.7261
11610	90.7261
11620	100.726
11630	89.974
11640	99.974
11650	88.8436
11660	98.8436
11670	108.844
11680	97.642
11690	107.642
11700	117.642
11710	101.854
11720	111.854
11730	94.4851
11740	104.485
11750	114.485
11760	101.497
11770	111.497
11780	96.9461
11790	106.946
11800	94.5014
11810	104.501
11820	114.501
11830	101.575
11840	111.575
11850	96.1677
11860	106.168
11870	91.8047
11880	101.805
11890	111.805
11900	121.805
11910	103.032
11920	113.032
11930	123.032
11940	105.471
11950	115.471
11960	101.988
11970	111.988
11980	94.4705
11990	104.47
12000	86.0721
12010	96.0721
12020	83.5415
12030	93.5415
12040	79.537
12050	89.537
12060	99.537
12070	89.3362
12080	99.3362
12090	109.336
12100	93.8672
12110	86.28
12120	96.28
12130	106.28
12140	95.3408
12150	105.341
12160	94.8655
12170	82.6128
12180	92.6128
12190	102.613
12200	86.6538
12210	73.2955
12220	83.2955
12230	71.3424
12240	81.3424
12250	91.3424
12260	77.1606
12270	87.1606
12280	81.068
12290	91.068
12300	81.9617
12310	91.9617
12320	78.7507
12330	72.0505
12340	82.0505
12350	74.6003
12360	84.6003
12370	94.6003
12380	87.6606
12390	97.6606
12400	88.1787
12410	98.1787
12420	108.179
12430	94.8547
12440	104.855
12450	114.855
12460	99.165
12470	109.165
12480	119.165
12490	101.447
12500	111.447
12510	121.447
12520	104.133
12530	114.133
12540	97.4645
12550	107.465
12560	89.6795
12570	99.6795
12580	88.0366
12590	98.0366
12600	85.5674
12610	95.5674
12620	84.2915
12630	94.2915
12640	104.292
12650	91.4978
12660	101.498
12670	111.498
12680	75.4519
12690	85.4519
12700	95.4519
12710	84.0621
12720	94.0621
12730	104.062
12740	88.8136
12750	98.8136
12760	108.814
12770	98.9746
12780	108.975
12790	118.975
12800	103.071
12810	113.071
12820	123.071
12830	107.644
12840	117.644
12850	99.4983
12860	83.5928
12870	93.5928
12880	103.593
12890	92.948
12900	102.948
12910	89.0561
12920	99.0561
12930	84.957
12940	94.957
12950	104.957
12960	90.157
12970	100.157
12980	110.157
12990	100.267
13000	110.267
13010	120.267
13020	106.722
13030	116.722
13040	98.7999
13050	108.8
13060	92.1726
13070	102.173
13080	90.1764
13090	100.176
13100	88.1452
13110	98.1452
13120	108.145
13130	92.5382
13140	102.538
13150	112.538
13160	96.3267
13170	106.327
13180	116.327
13190	94.5389
13200	104.539
13210	87.2716
13220	97.2716
13230	87.8311
13240	97.8311
13250	88.4099
13260	98.4099
13270	108.41
13280	99.9833
13290	88.9197
13300	77.062
13310	87.062
13320	97.062
13330	107.062
13340	93.5493
13350	103.549
13360	113.549
13370	98.5158
13380	83.5916
13390	93.5916
13400	80.3494
13410	90.3494
13420	100.349
13430	87.7671
13440	76.3426
13450	86.3426
13460	96.3426
13470	84.1867
13480	94.1867
13490	104.187
13500	92.649
13510	102.649
13520	112.649
13530	94.864
13540	104.864
13550	90.3462
13560	100.346
13570	110.346
13580	101.71
13590	111.71
13600	100.882
13610	110.882
13620	120.882
13630	108.752
13640	118.752
13650	103.296
13660	113.296
13670	96.9209
13680	106.921
13690	116.921
13700	96.6247
13710	106.625
13720	116.625
13730	95.7306
13740	105.731
13750	115.731
13760	95.9082
13770	105.908
13780	88.3138
13790	98.3137
13800	108.314
13810	98.6799
13820	108.68
13830	98.2292
13840	108.229
13850	97.1773
13860	107.177
13870	117.177
13880	103.005
13890	89.5621
13900	99.5621
13910	109.562
13920	119.562
13930	103.053
13940	113.053
13950	123.053
13960	104.702
13970	114.702
13980	98.9684
13990	87.8521
14000	97.8521
14010	86.2753
14020	96.2753
14030	84.896
14040	94.896
14050	104.896
14060	90.5419
14070	100.542
14080	88.6341
14090	98.6341
14100	108.634
14110	95.0986
14120	105.099
14130	115.099
14140	93.4629
14150	103.463
14160	84.6876
14170	94.6876
14180	86.6541
14190	96.6541
14200	86.6811
14210	96.6811
14220	106.681
14230	93.288
14240	82.3653
14250	92.3653
14260	102.365
14270	91.9007
14280	101.901
14290	111.901
14300	121.901
14310	110.049
14320	120.049
14330	105.183
14340	115.183
14350	100.593
14360	110.593
14370	93.6026
14380	103.603
14390	91.0892
14400	101.089
14410	111.089
14420	94.8107
14430	104.811
14440	87.8248
14450	97.8248
14460	107.825
14470	92.0859
14480	102.086
14490	112.086
14500	95.179
14510	105.179
14520	87.5742
14530	97.5742
14540	107.574
14550	98.6737
14560	108.674
14570	98.5486
14580	108.549
14590	95.3036
14600	105.304
14610	71.6656
14620	81.6656
14630	91.6656
14640	101.666
14650	88.5068
14660	98.5068
14670	84.9913
14680	94.9913
14690	104.991
14700	88.5561
14710	98.5561
14720	85.127
14730	95.127
14740	82.9419
14750	92.9419
14760	102.942
14770	88.5676
14780	98.5676
14790	88.7089
14800	98.7089
14810	108.709
14820	97.0198
14830	107.02
14840	117.02
14850	99.2606
14860	109.261
14870	94.4186
14880	104.419
14890	114.419
14900	100.509
14910	110.509
14920	99.9296
14930	109.93
14940	119.93
14950	105.624
14960	115.624
14970	125.624
14980	107.452
14990	87.5114
15000	97.5114
15010	107.511
15020	91.664
15030	101.664
15040	111.664
15050	95.1405
15060	105.141
15070	90.1866
15080	100.187
15090	88.7593
15100	98.7593
15110	87.0581
15120	97.0581
15130	85.8844
15140	95.8844
15150	105.884
15160	91.702
15170	101.702
15180	111.702
15190	99.7198
15200	109.72
15210	119.72
15220	101.749
15230	111.749
15240	93.9851
15250	103.985
15260	113.985
15270	100.883
15280	110.883
15290	101.632
15300	111.633
15310	100.678
15320	110.678
15330	120.678
15340	105.805
15350	87.914
15360	97.914
15370	107.914
15380	90.4
15390	100.4
15400	82.9148
15410	92.9148
15420	102.915
15430	85.3006
15440	95.3005
15450	105.301
15460	91.7689
15470	101.769
15480	92.0409
15490	102.041
15500	112.041
15510	97.9743
15520	107.974
15530	96.9726
15540	106.973
15550	116.973
15560	106.19
15570	116.19
15580	126.19
15590	108.594
15600	118.594
15610	102.524
15620	112.524
15630	97.2997
15640	107.3
15650	117.3
15660	101.949
15670	111.949
15680	97.5238
15690	107.524
15700	92.2741
15710	102.274
15720	112.274
15730	92.5472
15740	102.547
15750	112.547
15760	96.7543
15770	106.754
15780	116.754
15790	100.454
15800	110.454
15810	95.463
15820	105.463
15830	93.624
15840	80.2129
15850	90.2129
15860	100.213
15870	86.2645
15880	75.8456
15890	85.8456
15900	77.5212
15910	87.5212
15920	97.5212
15930	87.2465
15940	97.2464
15950	83.618
15960	74.4244
15970	84.4244
15980	72.7904
15990	82.7904
16000	76.0299
16010	86.0299
16020	80.3343
16030	90.3343
16040	80.8653
16050	90.8653
16060	100.865
16070	110.865
16080	97.5877
16090	107.588
16100	117.588
16110	101.839
16120	111.839
16130	95.4787
16140	105.479
16150	91.1904
16160	101.19
16170	83.0905
16180	93.0905
16190	84.1459
16200	94.1459
16210	104.146
16220	94.2332
16230	104.233
16240	114.233
16250	102.355
16260	112.355
16270	122.355
16280	108.127
16290	118.127
16300	99.6987
16310	86.5608
16320	96.5608
16330	80.9495
16340	90.9495
16350	78.8064
16360	88.8064
16370	78.8379
16380	88.8379
16390	79.2185
16400	89.2185
16410	99.2185
16420	109.219
16430	95.6653
16440	105.665
16450	115.665
16460	100.125
16470	87.6137
16480	97.6137
16490	84.9265
16500	94.9265
16510	78.8004
16520	88.8004
16530	80.5396
16540	90.5396
16550	80.6408
16560	73.59
16570	83.59
16580	93.59
16590	103.59
16600	94.5547
16610	82.8305
16620	92.8305
16630	78.7931
16640	88.7931
16650	76.1724
16660	86.1724
16670	78.2414
16680	88.2414
16690	98.2414
16700	89.8966
16710	99.8965
16720	109.897
16730	93.8276
16740	103.828
16750	91.069
16760	101.069
16770	86.7954
16780	96.7954
16790	106.795
16800	92.7784
16810	102.778
16820	88.7711
16830	76.8694
16840	86.8694
16850	96.8694
16860	106.869
16870	94.6413
16880	104.641
16890	114.641
16900	104.063
16910	114.063
16920	103.132
16930	91.139
16940	101.139
16950	90.0093
16960	100.009
16970	87.3342
16980	97.3342
16990	83.1602
17000	93.1602
17010	103.16
17020	85.0292
17030	72.8211
17040	82.8211
17050	92.8211
17060	78.09
17070	88.09
17080	98.09
17090	88.4756
17100	98.4756
17110	89.7978
17120	99.7978
17130	87.5791
17140	97.5791
17150	89.15
17160	99.15
17170	109.15
17180	96.791
17190	106.791
17200	93.8829
17210	103.883
17220	113.883
17230	102.999
17240	88.3062
17250	98.3062
17260	108.306
17270	91.1518
17280	101.152
17290	111.152
17300	91.6752
17310	101.675
17320	92.1897
17330	102.19
17340	89.8168
17350	99.8168
17360	87.7422
17370	97.7422
17380	84.3257
17390	94.3257
17400	82.6281
17410	74.6125
17420	84.6125
17430	94.6125
17440	82.294
17450	92.294
17460	79.5586
17470	89.5586
17480	99.5586
17490	85.9962
17500	77.6377
17510	87.6377
17520	79.8344
17530	74.3695
17540	84.3695
17550	94.3695
17560	85.1572
17570	95.1572
17580	105.157
17590	93.9289
17600	103.929
17610	91.3085
17620	101.309
17630	87.3328
17640	97.3328
17650	78.4271
17660	88.4271
17670	73.2827
17680	83.2827
17690	93.2827
17700	85.533
17710	95.533
17720	105.533
17730	97.5083
17740	107.508
17750	94.9561
17760	86.7275
17770	96.7275
17780	85.6656
17790	95.6656
17800	105.666
17810	93.0286
17820	80.7131
17830	90.7131
17840	100.713
17850	85.6026
17860	70.8538
17870	80.8538
17880	90.8538
17890	100.854
17900	85.6993
17910	95.6993
17920	105.699
17930	94.398
17940	85.6617
17950	95.6617
17960	83.266
17970	93.266
17980	84.622
17990	94.622
18000	85.2229
18010	95.2229
18020	84.1655
18030	94.1655
18040	104.166
18050	94.1223
18060	81.8983
18070	91.8983
18080	101.898
18090	87.8129
18100	97.8129
18110	107.813
18120	90.7827
18130	100.783
18140	87.3034
18150	97.3034
18160	85.2187
18170	95.2187
18180	84.1228
18190	94.1228
18200	84.0036
18210	94.0036
18220	82.8698
18230	75.2356
18240	85.2356
18250	95.2356
18260	83.0148
18270	93.0148
18280	80.3287
18290	90.3287
18300	76.6401
18310	86.6401
18320	78.3448
18330	72.8795
18340	82.8795
18350	77.5184
18360	87.5184
18370	97.5185
18380	88.4537
18390	98.4537
18400	108.454
18410	98.5756
18420	108.576
18430	96.4389
18440	106.439
18450	116.439
18460	97.9587
18470	107.959
18480	89.3472
18490	99.3472
18500	79.0437
18510	89.0437
18520	99.0437
18530	90.1053
18540	100.105
18550	110.105
18560	98.8879
18570	108.888
18580	92.6972
18590	84.2683
18600	94.2683
18610	104.268
18620	94.6084
18630	104.608
18640	91.555
18650	101.555
18660	87.0761
18670	97.0761
18680	107.076
18690	93.409
18700	103.409
18710	85.1398
18720	95.1398
18730	105.14
18740	88.4765
18750	98.4765
18760	88.3425
18770	98.3425
18780	108.342
18790	96.5381
18800	106.538
18810	93.6498
18820	79.7014
18830	89.7014
18840	99.7013
18850	86.0985
18860	96.0985
18870	106.099
18880	95.4974
18890	105.497
18900	115.497
18910	104.089
18920	114.089
18930	124.089
18940	107.954
18950	117.954
18960	127.954
18970	112.001
18980	122.001
18990	104.362
19000	114.362
19010	97.7126
19020	107.713
19030	90.404
19040	100.404
19050	86.5531
19060	96.5531
19070	106.553
19080	92.5232
19090	79.9924
19100	89.9924
19110	99.9924
19120	88.5453
19130	98.5453
19140	85.3059
19150	95.3059
19160	81.6481
19170	71.3321
19180	81.3321
19190	75.3452
19200	85.3452
19210	95.3452
19220	87.1841
19230	97.1841
19240	107.184
19250	96.6545
19260	106.654
19270	116.654
19280	100.992
19290	110.992
19300	95.4954
19310	105.495
19320	87.8383
19330	97.8383
19340	107.838
19350	89.3487
19360	99.3487
19370	91.4798
19380	101.48
19390	87.8563
19400	97.8563
19410	107.856
19420	95.8601
19430	105.86
19440	115.86
19450	104.415
19460	114.415
19470	101.568
19480	111.568
19490	121.568
19500	107.26
19510	117.26
19520	74.3619
19530	84.3619
19540	94.3619
19550	83.5326
19560	93.5326
19570	83.9169
19580	93.9169
19590	103.917
19600	90.443
19610	100.443
19620	110.443
19630	94.8855
19640	104.886
19650	87.1913
19660	66.8171
19670	76.8171
19680	71.4172
19690	81.4172
19700	91.4172
19710	84.9379
19720	79.4282
19730	89.4282
19740	82.8141
19750	92.8141
19760	102.814
19770	88.9797
19780	98.9797
19790	86.4855
19800	96.4855
19810	81.3366
19820	91.3366
19830	79.9318
19840	89.9318
19850	99.9318
19860	109.932
19870	100.393
19880	110.393
19890	120.393
19900	102.493
19910	112.493
19920	101.138
19930	111.138
19940	121.138
19950	108.008
19960	93.9869
19970	103.987
19980	86.982
19990	96.9821
20000	106.982
20010	90.3757
20020	100.376
20030	82.5723
20040	92.5723
20050	102.572
20060	87.8613
20070	97.8613
20080	107.861
20090	117.861
20100	109.133
20110	119.133
20120	106.474
20130	116.474
20140	101.045
20150	111.045
20160	93.259
20170	103.259
20180	86.8315
20190	96.8315
20200	106.831
20210	94.3079
20220	104.308
20230	114.308
20240	100.938
20250	110.938
20260	96.4123
20270	106.412
20280	116.412
20290	98.7159
20300	108.716
20310	91.8828
20320	101.883
20330	81.853
20340	91.853
20350	84.6089
20360	94.6089
20370	104.609
20380	93.9229
20390	103.923
20400	90.4758
20410	100.476
20420	110.476
20430	95.5826
20440	105.583
20450	115.583
20460	103.725
20470	113.725
20480	99.24
20490	109.24
20500	92.7411
20510	102.741
20520	87.6292
20530	97.6292
20540	107.629
20550	85.8063
20560	95.8063
20570	85.9203
20580	76.4133
20590	86.4133
20600	96.4133
20610	87.3173
20620	97.3173
20630	107.317
20640	95.5658
20650	84.3794
20660	73.3361
20670	83.3361
20680	74.0723
20690	84.0723
20700	94.0723
20710	85.837
20720	95.837
20730	86.3761
20740	96.3761
20750	106.376
20760	94.4017
20770	104.402
20780	86.9689
20790	96.9689
20800	106.969
20810	91.2701
20820	101.27
20830	81.8743
20840	91.8743
20850	101.874
20860	111.874
20870	103.784
20880	113.784
20890	123.784
20900	108.504
20910	118.504
20920	105.143
20930	93.312
20940	103.312
20950	113.312
20960	99.4626
20970	109.463
20980	96.3514
20990	106.351
21000	93.4547
21010	80.4017
21020	90.4017
21030	76.3792
21040	64.1451
21050	74.1451
21060	84.1451
21070	72.378
21080	82.378
21090	92.378
21100	83.9913
21110	73.126
21120	83.126
21130	75.2997
21140	85.2997
21150	76.9682
21160	86.9682
21170	96.9682
21180	88.6446
21190	98.6446
21200	89.8147
21210	79.3717
21220	89.3717
21230	99.3717
21240	82.5527
21250	69.5559
21260	79.5559
21270	71.6571
21280	81.6571
21290	77.6175
21300	87.6175
21310	97.6175
21320	89.2398
21330	99.2398
21340	109.24
21350	119.24
21360	104.693
21370	114.693
21380	100.102
21390	110.102
21400	96.1879
21410	106.188
21420	89.8054
21430	99.8054
21440	109.805
21450	90.6539
21460	100.654
21470	88.1744
21480	98.1744
21490	108.174
21500	118.174
21510	103.324
21520	113.324
21530	123.324
21540	111.537
21550	97.0134
21560	107.013
21570	93.7661
21580	103.766
21590	89.3413
21600	77.7978
21610	87.7978
21620	76.886
21630	86.886
21640	74.1793
21650	65.6392
21660	75.6392
21670	85.6392
21680	77.0323
21690	87.0323
21700	97.0323
21710	82.7506
21720	69.679
21730	79.679
21740	72.089
21750	82.089
21760	77.5533
21770	87.5533
21780	80.4189
21790	90.4189
21800	83.4701
21810	93.4701
21820	103.47
21830	89.3401
21840	99.3401
21850	84.8547
21860	94.8547
21870	81.9776
21880	91.9776
21890	83.3001
21900	93.3001
21910	103.3
21920	93.9198
21930	103.92
21940	91.9719
21950	101.972
21960	111.972
21970	97.1784
21980	107.178
21990	117.178
22000	103.129
22010	113.129
22020	98.7767
22030	108.777
22040	93.0979
22050	103.098
22060	88.2872
22070	98.2872
22080	108.287
22090	88.2747
22100	98.2747
22110	84.3552
22120	74.9701
22130	84.9701
22140	94.9701
22150	86.3463
22160	96.3463
22170	106.346
22180	95.1431
22190	85.2029
22200	75.5759
22210	85.5759
22220	75.3329
22230	85.3329
22240	95.3329
22250	87.3876
22260	78.5305
22270	88.5305
22280	77.6935
22290	87.6935
22300	97.6935
22310	84.4257
22320	94.4257
22330	76.7106
22340	62.5402
22350	72.5402
22360	69.5903
22370	79.5903
22380	89.5903
22390	83.3112
22400	77.4985
22410	87.4985
22420	97.4985
22430	87.9027
22440	97.9027
22450	87.3144
22460	97.3144
22470	107.314
22480	95.5533
22490	105.553
22500	91.65
22510	101.65
22520	91.78
22530	82.2261
22540	92.2261
22550	82.0482
22560	70.8007
22570	80.8007
22580	90.8007
22590	79.4988
22600	89.4988
22610	76.0769
22620	86.0769
22630	76.5916
22640	65.1675
22650	75.1675
22660	85.1675
22670	76.8947
22680	86.8947
22690	79.3351
22700	70.7086
22710	80.7086
22720	90.7086
22730	83.2277
22740	93.2277
22750	81.7356
22760	91.7356
22770	80.6456
22780	90.6457
22790	82.2669
22800	92.2669
22810	84.3584
22820	94.3584
22830	104.358
22840	95.6626
22850	85.8342
22860	95.8343
22870	105.834
22880	90.4464
22890	100.446
22900	110.446
22910	94.2027
22920	104.203
22930	88.6922
22940	98.6922
22950	81.8085
22960	91.8085
22970	84.1774
22980	94.1774
22990	85.4189
23000	75.7831
23010	85.7831
23020	95.7831
23030	84.0135
23040	94.0135
23050	83.6596
23060	93.6596
23070	84.144
23080	94.144
23090	82.9044
23100	74.6807
23110	84.6807
23120	94.6807
23130	84.6788
23140	94.6788
23150	84.675
23160	73.875
23170	83.875
23180	93.875
23190	80.475
23200	90.475
23210	77.275
23220	87.275
23230	97.275
23240	84.4
23250	94.4
23260	83.6682
23270	93.6682
23280	86.1348
23290	96.1348
23300	87.4016
23310	97.4016
23320	86.6278
23330	96.6279
23340	85.658
23350	95.658
23360	83.9697
23370	93.9697
23380	103.97
23390	91.1936
23400	77.9182
23410	68.3521
23420	78.3521
23430	88.3521
23440	80.9629
23450	90.9629
23460	82.5679
23470	92.5679
23480	102.568
23490	90.6228
23500	100.623
23510	110.623
23520	97.5955
23530	107.596
23540	90.5035
23550	100.504
23560	84.7828
23570	94.7828
23580	80.4008
23590	90.4008
23600	80.574
23610	74.8769
23620	84.8769
23630	94.8769
23640	85.5933
23650	95.5933
23660	105.593
23670	94.095
23680	83.9629
23690	93.9629
23700	82.8997
23710	92.8997
23720	82.8087
23730	75.5576
23740	85.5576
23750	95.5576
23760	85.644
23770	95.644
23780	83.5199
23790	71.8148
23800	81.8148
23810	71.9076
23820	81.9076
23830	72.4841
23840	82.4841
23850	69.5733
23860	79.5733
23870	72.3551
23880	82.3551
23890	92.3551
23900	83.5817
23910	93.5817
23920	86.4451
23930	96.4451
23940	88.0312
23950	98.0313
23960	86.9765
23970	76.1406
23980	86.1406
23990	96.1406
24000	84.1089
24010	94.1089
24020	84.3296
24030	94.3296
24040	104.33
24050	114.33
24060	102.865
24070	112.865
24080	122.865
24090	107.93
24100	117.93
24110	103.992
24120	113.992
24130	123.992
24140	106.498
24150	116.498
24160	98.395
24170	108.395
24180	90.5417
24190	100.542
24200	89.7173
24210	99.7173
24220	109.717
24230	92.9939
24240	102.994
24250	112.994
24260	95.6598
24270	105.66
24280	115.66
24290	100.47
24300	110.47
24310	98.4246
24320	108.425
24330	118.425
24340	103.373
24350	113.373
24360	98.4679
24370	85.6682
24380	95.6682
24390	105.668
24400	95.0035
24410	105.003
24420	93.1184
24430	103.118
24440	113.118
24450	96.8509
24460	106.851
24470	116.851
24480	100.465
24490	110.465
24500	92.5717
24510	102.572
24520	81.6471
24530	91.6471
24540	76.804
24550	86.804
24560	80.2326
24570	90.2326
24580	100.233
24590	90.8223
24600	100.822
24610	110.822
24620	102.58
24630	112.58
24640	99.5225
24650	109.523
24660	94.7428
24670	104.743
24680	88.279
24690	98.279
24700	87.0943
24710	97.0942
24720	107.094
24730	93.7159
24740	82.7991
24750	92.7991
24760	102.799
24770	87.956
24780	97.956
24790	107.956
24800	93.0173
24810	103.017
24820	91.1472
24830	101.147
24840	87.4318
24850	97.4318
24860	84.5252
24870	94.5252
24880	83.5605
24890	93.5605
24900	103.561
24910	89.9605
24920	99.9605
24930	85.4896
24940	95.4896
24950	87.7568
24960	97.7568
24970	88.5022
24980	98.5022
24990	87.5518
25000	97.5518
25010	85.8383
25020	95.8383
25030	105.838
25040	93.9867
25050	103.987
25060	113.987
25070	101.858
25080	111.858
25090	121.858
25100	108.783
25110	118.783
25120	103.86
25130	113.86
25140	123.86
25150	106.876
25160	116.876
25170	97.0825
25180	107.083
25190	117.083
25200	93.2184
25210	103.218
25220	91.4782
25230	101.478
25240	87.9299
25250	97.9299
25260	107.93
25270	117.93
25280	97.2437
25290	107.244
25300	98.3024
25310	108.302
25320	97.5402
25330	107.54
25340	94.8433
25350	104.843
25360	114.843
25370	99.7475
25380	87.1358
25390	97.1358
25400	83.8704
25410	93.8704
25420	79.1159
25430	89.1158
25440	99.1159
25450	84.8953
25460	94.8953
25470	86.7455
25480	96.7455
25490	86.6953
25500	96.6953
25510	85.3261
25520	95.3261
25530	81.6696
25540	91.6696
25550	77.9579
25560	87.9579
25570	97.9579
25580	85.9085
25590	95.9085
25600	105.909
25610	96.455
25620	106.455
25630	116.455
25640	106.07
25650	116.07
25660	103.056
25670	113.056
25680	98.9304
25690	108.93
25700	118.93
25710	102.542
25720	112.542
25730	99.5748
25740	84.4197
25750	94.4198
25760	104.42
25770	88.0525
25780	98.0525
25790	108.053
25800	94.3624
25810	83.822
25820	93.822
25830	81.2218
25840	91.2218
25850	101.222
25860	88.1219
25870	74.8298
25880	84.8297
25890	94.8298
25900	81.4951
25910	91.4951
25920	80.7293
25930	90.7293
25940	100.729
25950	91.6898
25960	101.69
25970	111.69
25980	98.5002
25990	108.5
26000	98.4373
26010	108.437
26020	118.437
26030	105.302
26040	115.302
26050	101.363
26060	111.363
26070	98.6911
26080	108.691
26090	118.691
26100	128.691
26110	112.543
26120	122.543
26130	132.543
26140	111.681
26150	121.681
26160	103.484
26170	113.484
26180	92.3829
26190	102.383
26200	112.383
26210	96.1532
26220	106.153
26230	89.1702
26240	99.1702
26250	109.17
26260	96.1107
26270	106.111
26280	116.111
26290	101.456
26300	111.456
26310	121.456
26320	105.799
26330	95.6007
26340	105.601
26350	115.601
26360	103.547
26370	113.547
26380	98.7839
26390	83.7725
26400	71.1797
26410	81.1797
26420	91.1797
26430	77.7969
26440	67.2897
26450	77.2897
26460	87.2897
26470	78.4688
26480	88.4688
26490	98.4688
26500	87.1544
26510	78.2644
26520	88.2644
26530	78.3749
26540	88.3749
26550	77.4669
26560	87.4669
26570	97.4669
26580	88.3888
26590	98.3888
26600	88.3312
26610	98.3312
26620	85.1559
26630	95.1559
26640	82.39
26650	92.39
26660	80.4086
26670	90.4086
26680	81.3433
26690	91.3433
26700	84.843
26710	94.843
26720	104.843
26730	94.4592
26740	104.459
26750	114.459
26760	97.5567
26770	107.557
26780	94.0525
26790	104.053
26800	114.053
26810	99.3063
26820	109.306
26830	93.7986
26840	103.799
26850	85.6907
26860	95.6907
26870	84.6472
26880	94.6472
26890	104.647
26900	91.3646
26910	101.365
26920	86.9665
26930	96.9665
26940	106.967
26950	98.7609
26960	108.761
26970	118.761
26980	108.776
26990	118.776
27000	103.956
27010	113.956
27020	123.956
27030	106.91
27040	116.91
27050	97.4308
27060	107.431
27070	90.3887
27080	100.389
27090	110.389
27100	92.8258
27110	102.826
27120	90.6863
27130	100.686
27140	110.686
27150	92.2199
27160	102.22
27170	89.6921
27180	99.6921
27190	109.692
27200	96.6352
27210	106.635
27220	91.7505
27230	101.75
27240	92.1686
27250	102.169
27260	112.169
27270	98.5646
27280	108.565
27290	118.565
27300	100.367
27310	110.367
27320	97.3556
27330	107.356
27340	117.356
27350	101.828
27360	89.2429
27370	99.2429
27380	109.243
27390	93.1773
27400	103.177
27410	85.1293
27420	95.1294
27430	80.8869
27440	90.8869
27450	100.887
27460	84.7099
27470	94.7099
27480	104.71
27490	97.3035
27500	107.304
27510	117.304
27520	108.308
27530	118.308
27540	107.409
27550	117.409
27560	103.244
27570	113.244
27580	97.146
27590	107.146
27600	117.146
27610	97.2161
27620	107.216
27630	89.0504
27640	99.0504
27650	109.05
27660	91.6501
27670	101.65
27680	111.65
27690	97.59
27700	107.59
27710	94.5105
27720	104.51
27730	93.4898
27740	103.49
27750	113.49
27760	98.9201
27770	108.92
27780	93.5291
27790	103.529
27800	91.918
27810	79.6963
27820	89.6963
27830	99.6963
27840	85.2279
27850	95.2279
27860	105.228
27870	93.6436
27880	103.644
27890	91.5566
27900	101.557
27910	91.254
27920	101.254
27930	111.254
27940	97.9435
27950	107.944
27960	90.1929
27970	71.7523
27980	81.7523
27990	91.7523
28000	101.752
28010	88.6438
28020	82.554
28030	92.554
28040	85.07
28050	95.07
28060	105.07
28070	96.0349
28080	83.9774
28090	93.9774
28100	83.2753
28110	93.2753
28120	80.9921
28130	90.9921
28140	78.4179
28150	88.418
28160	98.4179
28170	86.6793
28180	76.8677
28190	86.8677
28200	74.7434
28210	84.7434
28220	94.7434
28230	79.3786
28240	89.3786
28250	80.2112
28260	90.2112
28270	84.8926
28280	94.8926
28290	87.5558
28300	97.5558
28310	87.144
28320	97.144
28330	107.144
28340	117.144
28350	102.875
28360	90.4514
28370	100.451
28380	110.451
28390	98.1895
28400	108.189
28410	94.2204
28420	104.22
28430	87.8037
28440	97.8037
28450	81.8596
28460	91.8596
28470	80.9653
28480	90.9653
28490	81.2518
28500	91.2518
28510	101.252
28520	88.4327
28530	98.4327
28540	85.8139
28550	95.8138
28560	85.6919
28570	95.6919
28580	81.6472
28590	91.6472
28600	76.7691
28610	86.7691
28620	79.3911
28630	89.3911
28640	99.3911
28650	91.4254
28660	101.425
28670	111.425
28680	99.876
28690	109.876
28700	119.876
28710	129.876
28720	114.025
28730	124.025
28740	108.862
28750	118.862
28760	101.953
28770	111.953
28780	121.953
28790	104.155
28800	114.155
28810	95.6013
28820	105.601
28830	91.3725
28840	101.373
28850	87.4746
28860	97.4746
28870	107.475
28880	117.475
28890	99.0475
28900	89.0293
28910	99.0293
28920	87.4211
28930	97.4211
28940	85.0387
28950	95.0387
28960	83.7724
28970	71.6887
28980	81.6887
28990	73.1769
29000	83.1769
29010	93.1769
29020	84.6193
29030	94.6193
29040	104.619
29050	93.1574
29060	83.3072
29070	93.3072
29080	81.6687
29090	91.6687
29100	77.6923
29110	87.6923
29120	70.1519
29130	80.1519
29140	72.759
29150	82.759
29160	92.759
29170	86.772
29180	96.772
29190	106.772
29200	100.13
29210	110.13
29220	120.13
29230	109.113
29240	119.113
29250	105.589
29260	115.589
29270	125.589
29280	106.457
29290	88.0186
29300	98.0186
29310	82.7101
29320	92.7101
29330	80.5455
29340	90.5455
29350	100.545
29360	85.3991
29370	95.3991
29380	86.7453
29390	96.7453
29400	84.9737
29410	94.9737
29420	81.5023
29430	91.5023
29440	79.0383
29450	89.0383
29460	80.7793
29470	90.7793
29480	100.779
29490	92.2019
29500	102.202
29510	92.4118
29520	102.412
29530	112.412
29540	97.1132
29550	107.113
29560	94.8502
29570	104.85
29580	114.85
29590	98.8786
29600	108.879
29610	92.7698
29620	102.77
29630	84.4726
29640	94.4726
29650	84.4914
29660	94.4914
29670	104.491
29680	91.8919
29690	101.892
29700	87.5892
29710	97.5892
29720	107.589
29730	98.5907
29740	108.591
29750	118.591
29760	107.732
29770	117.732
29780	104.241
29790	114.241
29800	124.241
29810	105.023
29820	86.9449
29830	96.9449
29840	81.8699
29850	91.8699
29860	101.87
29870	86.7841
29880	96.7841
29890	106.784
29900	93.1348
29910	84.6502
29920	94.6502
29930	104.65
29940	90.9729
29950	100.973
29960	86.1021
29970	96.1021
29980	82.5544
29990	92.5544
30000	83.7163
30010	93.7163
30020	103.716
30030	113.716
30040	101.347
30050	111.347
30060	121.347
30070	107.711
30080	117.711
30090	105.458
30100	115.458
30110	100.686
30120	110.686
30130	93.4647
30140	103.465
30150	87.0237
30160	97.0237
30170	107.024
30180	87.4554
30190	75.6765
30200	85.6765
30210	95.6765
30220	82.0375
30230	92.0375
30240	102.038
30250	112.038
30260	103.958
30270	113.958
30280	103.938
30290	113.938
30300	102.934
30310	112.934
30320	122.934
30330	107.92
30340	117.92
30350	98.8984
30360	82.0629
30370	92.0629
30380	76.3228
30390	86.3229
30400	96.3228
30410	81.4149
30420	91.4149
30430	101.415
30440	92.4885
30450	102.489
30460	92.7786
30470	102.779
30480	89.2814
30490	99.2814
30500	85.7471
30510	95.7471
30520	105.747
30530	90.2776
30540	80.8894
30550	90.8894
30560	100.889
30570	110.889
30580	98.2938
30590	108.294
30600	118.294
30610	104.88
30620	114.88
30630	124.88
30640	111.111
30650	121.111
30660	106.406
30670	116.406
30680	99.4253
30690	109.425
30700	91.8226
30710	101.823
30720	111.823
30730	91.949
30740	78.559
30750	88.559
30760	98.559
30770	83.1179
30780	93.1179
30790	103.118
30800	94.1679
30810	104.168
30820	114.168
30830	104.172
30840	114.172
30850	103.213
30860	113.213
30870	123.213
30880	107.919
30890	117.919
30900	99.2576
30910	82.5665
30920	92.5665
30930	102.567
30940	88.0502
30950	98.0502
30960	108.05
30970	91.4785
30980	101.479
30990	88.8975
31000	98.8975
31010	89.1944
31020	99.1944
31030	85.8043
31040	95.8043
31050	105.804
31060	90.5993
31070	100.599
31080	85.537
31090	95.537
31100	86.5382
31110	96.5382
31120	106.538
31130	95.2773
31140	105.277
31150	115.277
31160	101.884
31170	111.884
31180	121.884
31190	107.932
31200	94.457
31210	104.457
31220	114.457
31230	99.3794
31240	84.3279
31250	94.3279
31260	77.7027
31270	87.7027
31280	76.2017
31290	86.2017
31300	96.2017
31310	82.369
31320	92.369
31330	102.369
31340	112.369
31350	104.405
31360	114.405
31370	102.787
31380	112.787
31390	99.506
31400	109.506
31410	95.863
31420	105.863
31430	115.863
31440	96.9499
31450	78.8475
31460	88.8475
31470	98.8475
31480	86.363
31490	96.363
31500	106.363
31510	92.5759
31520	102.576
31530	112.576
31540	101.828
31550	111.828
31560	100.056
31570	110.056
31580	96.3665
31590	106.367
31600	116.367
31610	99.7413
31620	109.741
31630	93.0628
31640	103.063
31650	113.063
31660	99.3575
31670	109.358
31680	119.358
31690	129.358
31700	114.242
31710	97.0261
31720	107.026
31730	93.3908
31740	103.391
31750	89.8624
31760	99.8624
31770	87.9413
31780	97.9413
31790	84.3485
31800	94.3485
31810	80.3616
31820	69.4558
31830	79.4558
31840	89.4558
31850	99.4558
31860	82.2896
31870	92.2896
31880	83.5585
31890	93.5585
31900	82.9421
31910	92.9421
31920	102.942
31930	92.008
31940	84.6398
31950	94.6398
31960	104.64
31970	114.64
31980	103.867
31990	113.867
32000	123.867
32010	106.705
32020	116.705
32030	126.705
32040	109.344
32050	119.344
32060	104.334
32070	114.334
32080	99.4894
32090	109.489
32100	92.134
32110	102.134
32120	112.134
32130	91.9337
32140	78.3361
32150	88.3361
32160	98.3361
32170	83.7583
32180	93.7583
32190	103.758
32200	113.758
32210	104.146
32220	114.146
32230	124.146
32240	110.496
32250	99.3834
32260	109.383
32270	119.383
32280	104.634
32290	114.634
32300	95.7876
32310	78.5656
32320	88.5657
32330	75.3915
32340	85.3915
32350	95.3915
32360	80.9982
32370	90.9982
32380	84.5289
32390	77.0636
32400	87.0636
32410	97.0636
32420	85.3922
32430	95.3922
32440	83.4505
32450	93.4505
32460	80.755
32470	90.755
32480	80.5663
32490	90.5663
32500	100.566
32510	110.566
32520	100.045
32530	110.045
32540	120.045
32550	106.589
32560	116.589
32570	103.968
32580	113.968
32590	99.211
32600	109.211
32610	95.1745
32620	105.175
32630	88.9769
32640	98.9768
32650	80.5429
32660	70.659
32670	80.659
32680	90.659
32690	100.659
32700	87.5904
32710	97.5904
32720	107.59
32730	99.1523
32740	109.152
32750	119.152
32760	106.522
32770	116.522
32780	102.924
32790	112.924
32800	97.714
32810	107.714
32820	91.1759
32830	101.176
32840	82.6075
32850	92.6075
32860	102.607
32870	90.326
32880	100.326
32890	110.326
32900	94.8167
32910	104.817
32920	114.817
32930	101.462
32940	111.462
32950	98.8485
32960	108.849
32970	95.3364
32980	105.336
32990	91.6606
33000	101.661
33010	111.661
33020	94.222
33030	82.2598
33040	92.2598
33050	80.8169
33060	90.8169
33070	79.2882
33080	89.2882
33090	99.2882
33100	89.3906
33110	99.3906
33120	109.391
33130	97.8716
33140	86.9667
33150	96.9667
33160	106.967
33170	92.0445
33180	102.044
33190	85.8884
33200	69.1786
33210	79.1786
33220	89.1786
33230	99.1786
33240	87.5691
33250	97.5691
33260	107.569
33270	99.7498
33280	109.75
33290	119.75
33300	109.361
33310	119.361
33320	107.348
33330	117.348
33340	102.55
33350	112.55
33360	95.9889
33370	105.989
33380	115.989
33390	95.3678
33400	105.368
33410	88.6916
33420	98.6916
33430	108.692
33440	93.2923
33450	103.292
33460	113.292
33470	100.354
33480	110.354
33490	97.5597
33500	107.56
33510	94.1344
33520	104.134
33530	90.2614
33540	100.261
33550	110.261
33560	94.0627
33570	81.9526
33580	91.9526
33590	80.7954
33600	90.7954
33610	79.2638
33620	89.2638
33630	99.2638
33640	89.4564
33650	99.4564
33660	109.456
33670	97.9024
33680	107.902
33690	95.4664
33700	105.466
33710	90.8392
33720	100.839
33730	110.839
33740	93.1453
33750	74.9744
33760	84.9744
33770	94.9744
33780	104.974
33790	92.2051
33800	102.205
33810	112.205
33820	103.829
33830	113.829
33840	123.829
33850	111.402
33860	121.402
33870	107.47
33880	117.47
33890	102.821
33900	112.821
33910	96.6667
33920	106.667
33930	89.5897
33940	99.5898
33950	109.59
33960	91.6923
33970	101.692
33980	111.692
33990	96.3932
34000	106.393
34010	116.393
34020	102.57
34030	112.57
34040	96.1733
34050	106.173
34060	93.4564
34070	103.456
34080	113.456
34090	95.811
34100	105.811
34110	93.5113
34120	103.511
34130	113.511
34140	99.8747
34150	109.875
34160	119.875
34170	106.988
34180	116.988
34190	126.988
34200	136.988
34210	117.184
34220	127.184
34230	107.829
34240	93.5102
34250	103.51
34260	87.5939
34270	97.5939
34280	107.594
34290	90.3359
34300	100.336
34310	85.2934
34320	95.2934
34330	84.1199
34340	94.1199
34350	104.12
34360	90.1304
34370	100.13
34380	110.13
34390	97.5658
34400	107.566
34410	117.566
34420	103.409
34430	91.9345
34440	101.934
34450	90.8369
34460	100.837
34470	89.5072
34480	99.5072
34490	87.3186
34500	97.3186
34510	82.2027
34520	92.2027
34530	102.203
34540	89.6264
34550	99.6264
34560	109.626
34570	94.362
34580	104.362
34590	88.8113
34600	72.3881
34610	82.3881
34620	92.3881
34630	83.4346
34640	93.4346
34650	85.7173
34660	95.7173
34670	88.0988
34680	98.0988
34690	108.099
34700	118.099
34710	106.745
34720	116.745
34730	126.745
34740	112.042
34750	122.042
34760	105.476
34770	115.476
34780	125.476
34790	105.543
34800	115.543
34810	96.7855
34820	106.785
34830	93.072
34840	103.072
34850	87.843
34860	97.843
34870	84.8218
34880	94.8218
34890	104.822
34900	90.8613
34910	100.861
34920	110.861
34930	97.2301
34940	107.23
34950	117.23
34960	101.904
34970	89.6781
34980	99.6781
34990	88.4919
35000	98.4918
35010	86.9905
35020	96.9905
35030	84.4258
35040	94.4258
35050	82.8662
35060	92.8662
35070	102.866
35080	90.0095
35090	100.01
35100	110.01
35110	95.1435
35120	105.144
35130	89.7291
35140	99.7291
35150	81.6348
35160	91.6347
35170	82.4023
35180	92.4023
35190	82.3729
35200	92.3729
35210	102.373
35220	93.9433
35230	103.943
35240	113.943
35250	102.295
35260	112.295
35270	122.295
35280	108.755
35290	118.755
35300	102.428
35310	112.428
35320	94.2843
35330	104.284
35340	87.8322
35350	97.8322
35360	84.9777
35370	94.9777
35380	81.2125
35390	91.2125
35400	101.213
35410	90.9745
35420	100.974
35430	110.975
35440	96.4881
35450	106.488
35460	91.4317
35470	101.432
35480	87.6846
35490	97.6847
35500	86.868
35510	96.868
35520	106.868
35530	96.5096
35540	106.51
35550	95.331
35560	105.331
35570	92.6219
35580	102.622
35590	89.5668
35600	99.5668
35610	109.567
35620	93.0788
35630	103.079
35640	113.079
35650	96.6641
35660	106.664
35670	88.4113
35680	98.4113
35690	87.4743
35700	97.4743
35710	85.9544
35720	95.9544
35730	83.5662
35740	93.5662
35750	103.566
35760	93.8891
35770	103.889
35780	113.889
35790	102.495
35800	112.495
35810	122.495
35820	108.763
35830	118.763
35840	128.763
35850	110.918
35860	92.5243
35870	102.524
35880	85.8665
35890	95.8665
35900	105.867
35910	92.0393
35920	78.4523
35930	88.4523
35940	98.4523
35950	88.3908
35960	98.3907
35970	108.391
35980	95.8985
35990	105.898
36000	89.7405
