10	11
20	10
30	4
40	4
50	4
60	4
70	6.5
80	16.5
90	26.5
100	22
110	32
120	20
130	30
140	40
150	28.1667
160	38.1667
170	29.6667
180	39.6667
190	30
200	23.4167
210	33.4167
220	43.4167
230	36
240	32.75
250	42.75
260	52.75
270	45
280	55
290	65
300	50
310	60
320	47.5
330	57.5
340	43
350	53
360	63
370	51
380	61
390	71
400	49.5
410	59.5
420	41
430	51
440	47
450	38.25
460	48.25
470	58.25
480	54.25
490	64.25
500	74.25
510	61.75
520	71.75
530	51.75
540	61.75
550	71.75
560	81.75
570	67.5
580	77.5
590	87.5
600	72.25
610	82.25
620	92.25
630	74.1722
640	84.1722
650	66.5944
660	76.5944
670	59.8056
680	69.8056
690	52.4389
700	62.4389
710	72.4389
720	66.9
730	76.9
740	86.9
750	73.2636
760	83.2636
770	69.9909
780	79.9909
790	89.9909
800	68.9
810	78.9
820	88.9
830	69.1061
840	79.1061
850	89.1061
860	79.8485
870	89.8485
880	73.8485
890	83.8485
900	93.8485
910	79.8939
920	89.894
930	99.8939
940	85.8893
950	73.2482
960	83.2483
970	93.2482
980	78.979
990	66.1282
1000	76.1282
1010	86.1282
1020	70.7051
1030	80.7051
1040	63.0128
1050	73.0128
1060	83.0128
1070	68.4396
1080	78.4396
1090	71.9451
1100	81.9451
1110	91.9451
1120	101.945
1130	86.4842
1140	96.4843
1150	88.0103
1160	98.0103
1170	108.01
1180	99.3909
1190	90.5534
1200	100.553
1210	110.553
1220	93.8492
1230	103.849
1240	113.849
1250	100.267
1260	110.267
1270	120.267
1280	106.705
1290	94.8205
1300	104.821
1310	114.821
1320	102.931
1330	112.931
1340	96.1221
1350	106.122
1360	87.5844
1370	97.5844
1380	79.8897
1390	89.8897
1400	99.8897
1410	88.2416
1420	98.2416
1430	85.5886
1440	95.5886
1450	84.9526
1460	94.9526
1470	104.953
1480	88.5708
1490	98.5708
1500	108.571
1510	82.8162
1520	92.8162
1530	72.5753
1540	82.5753
1550	92.5753
1560	85.3253
1570	95.3253
1580	88.6247
1590	78.4429
1600	88.4429
1610	98.4429
1620	108.443
1630	92.8671
1640	102.867
1650	87.9838
1660	97.9838
1670	89.2487
1680	99.2487
1690	109.249
1700	92.3887
1710	102.389
1720	112.389
1730	122.389
1740	110.409
1750	120.409
1760	108.409
1770	118.409
1780	104.43
1790	114.43
1800	124.43
1810	110.808
1820	120.808
1830	130.808
1840	107.854
1850	117.854
1860	127.854
1870	114.371
1880	124.371
1890	134.371
1900	118.454
1910	128.454
1920	108.404
1930	118.404
1940	97.5358
1950	107.536
1960	91.1627
1970	101.163
1980	111.163
1990	89.4492
2000	99.4492
2010	109.449
2020	90.4923
2030	79.9727
2040	89.9727
2050	78.4186
2060	88.4186
2070	98.4186
2080	85.474
2090	95.474
2100	105.474
2110	92.2031
2120	102.203
2130	89.5183
2140	99.5183
2150	84.1686
2160	94.1686
2170	85.2048
2180	95.2048
2190	83.3574
2200	93.3574
2210	103.357
2220	90.7311
2230	100.731
2240	87.6934
2250	97.6934
2260	107.693
2270	88.9719
2280	98.9719
2290	108.972
2300	96.7838
2310	106.784
2320	97.6662
2330	107.666
2340	117.666
2350	104.725
2360	114.725
2370	101.163
2380	111.163
2390	98.0913
2400	108.091
2410	93.3854
2420	103.385
2430	113.385
2440	99.94
2450	109.94
2460	96.5997
2470	106.6
2480	93.3434
2490	103.343
2500	87.349
2510	97.349
2520	107.349
2530	94.6739
2540	104.674
2550	114.674
2560	99.3759
2570	109.376
2580	119.376
2590	107.434
2600	117.434
2610	127.434
2620	115.44
2630	125.44
2640	110.146
2650	95.0434
2660	105.043
2670	115.043
2680	98.6118
2690	83.561
2700	93.561
2710	103.561
2720	84.3705
2730	94.3705
2740	104.37
2750	82.1247
2760	92.1247
2770	102.125
2780	90.0898
2790	100.09
2800	86.5053
2810	96.5053
2820	80.4039
2830	90.4039
2840	100.404
2850	89.8328
2860	99.8328
2870	88.836
2880	98.836
2890	108.836
2900	94.807
2910	104.807
2920	114.807
2930	99.1041
2940	109.104
2950	119.104
2960	104.353
2970	114.353
2980	97.3083
2990	107.308
3000	89.4609
3010	99.4609
3020	109.461
3030	96.2926
3040	106.293
3050	93.3329
3060	103.333
3070	113.333
3080	95.5519
3090	105.552
3100	115.552
3110	95.897
3120	105.897
3130	92.8913
3140	102.891
3150	89.1284
3160	99.1284
3170	91.588
3180	101.588
3190	111.588
3200	101.696
3210	111.696
3220	99.3957
3230	109.396
3240	119.396
3250	103.18
3260	113.18
3270	98.6539
3280	108.654
3290	90.9615
3300	100.962
3310	79.8077
3320	89.8077
3330	75.5769
3340	85.5769
3350	78.2692
3360	88.2692
3370	78.0769
3380	88.0769
3390	98.0769
3400	85
3410	95
3420	105
3430	93.4615
3440	103.462
3450	89.2504
3460	99.2504
3470	90.4703
3480	100.47
3490	92.0588
3500	102.059
3510	112.059
3520	100.713
3530	110.713
3540	98.4929
3550	108.493
3560	118.493
3570	103.114
3580	89.71
3590	99.71
3600	84.6606
3610	94.6606
3620	76.6193
3630	86.6193
3640	75.0767
3650	66.5124
3660	76.5124
3670	86.5124
3680	76.8648
3690	86.8648
3700	78.5708
3710	88.5708
3720	98.5708
3730	89.5283
3740	99.5283
3750	88.7403
3760	98.7403
3770	89.2784
3780	99.2784
3790	88.3736
3800	98.3736
3810	88.0084
3820	98.0084
3830	85.2124
3840	95.2124
3850	84.8734
3860	94.8734
3870	104.873
3880	114.873
3890	97.7548
3900	107.755
3910	95.0847
3920	105.085
3930	115.085
3940	99.3672
3950	109.367
3960	92.8701
3970	102.87
3980	90.1413
3990	100.141
4000	87.7571
4010	97.7571
4020	107.757
4030	93.5989
4040	103.599
4050	113.599
4060	95.23
4070	85.0911
4080	95.0911
4090	105.091
4100	91.9162
4110	101.916
4120	86.8689
4130	96.8689
4140	82.7406
4150	92.7407
4160	102.741
4170	93.4398
4180	103.44
4190	113.44
4200	101.689
4210	111.689
4220	121.689
4230	104.837
4240	114.837
4250	100.651
4260	110.651
4270	120.651
4280	102.663
4290	112.663
4300	95.3661
4310	105.366
4320	87.1744
4330	97.1744
4340	107.174
4350	96.7686
4360	106.769
4370	94.8602
4380	104.86
4390	90.6184
4400	100.618
4410	110.618
4420	120.618
4430	102.757
4440	112.757
4450	122.757
4460	105.759
4470	115.759
4480	98.8498
4490	108.85
4500	89.3474
4510	99.3474
4520	88.3511
4530	98.3511
4540	108.351
4550	94.7316
4560	104.732
4570	91.129
4580	101.129
4590	111.129
4600	101.25
4610	111.25
4620	121.25
4630	106.594
4640	116.594
4650	100.847
4660	110.847
4670	120.847
4680	102.004
4690	87.1812
4700	97.1812
4710	84.2822
4720	94.2822
4730	84.0637
4740	94.0637
4750	82.8944
4760	92.8944
4770	82.4372
4780	92.4372
4790	79.5746
4800	89.5746
4810	99.5746
4820	109.575
4830	92.9734
4840	102.973
4850	112.973
4860	98.3775
4870	85.2636
4880	95.2636
4890	105.264
4900	92.0233
4910	102.023
4920	91.6967
4930	81.3467
4940	91.3467
4950	101.347
4960	89.881
4970	99.881
4980	90.4026
4990	100.403
5000	110.403
5010	120.403
5020	107.597
5030	117.597
5040	101.918
5050	111.918
5060	121.918
5070	103.171
5080	84.4561
5090	94.4561
5100	104.456
5110	88.824
5120	75.536
5130	85.536
5140	76.7208
5150	86.7208
5160	96.7208
5170	85.5615
5180	75.8871
5190	85.8871
5200	77.9746
5210	87.9746
5220	80.4871
5230	90.4871
5240	81.0951
5250	91.0951
5260	101.095
5270	89.2758
5280	99.2758
5290	89.7769
5300	99.7769
5310	88.6799
5320	98.6799
5330	108.68
5340	93.7131
5350	103.713
5360	113.713
5370	98.4829
5380	108.483
5390	91.3847
5400	101.385
5410	87.0021
5420	97.0021
5430	85.7423
5440	95.7423
5450	105.742
5460	90.1499
5470	100.15
5480	89.2263
5490	99.2263
5500	109.226
5510	94.796
5520	104.796
5530	114.796
5540	100.289
5550	110.289
5560	94.7695
5570	83.3571
5580	93.3571
5590	103.357
5600	91.2449
5610	101.245
5620	89.0786
5630	99.0786
5640	88.5044
5650	98.5044
5660	108.504
5670	118.504
5680	103.102
5690	113.102
5700	101.264
5710	111.264
5720	97.3563
5730	107.356
5740	91.6092
5750	101.609
5760	85.4023
5770	95.4023
5780	80.5123
5790	90.5123
5800	75.7684
5810	85.7684
5820	95.7684
5830	83.546
5840	93.546
5850	103.546
5860	91.7445
5870	101.744
5880	111.744
5890	94.7437
5900	104.744
5910	94.4422
5920	104.442
5930	96.3297
5940	106.33
5950	116.33
5960	105.033
5970	93.9258
5980	103.926
5990	113.926
6000	99.6682
6010	109.668
6020	119.668
6030	101.908
6040	111.908
6050	121.908
6060	101.546
6070	111.546
6080	121.546
6090	106.583
6100	90.0419
6110	100.042
6120	110.042
6130	98.3061
6140	88.4246
6150	98.4246
6160	108.425
6170	94.6502
6180	104.65
6190	114.65
6200	97.7387
6210	107.739
6220	117.739
6230	97.3866
6240	80.4351
6250	90.4351
6260	100.435
6270	87.2941
6280	97.2941
6290	87.5199
6300	97.5199
6310	107.52
6320	96.0989
6330	106.099
6340	116.099
6350	101.561
6360	111.561
6370	95.797
6380	105.797
6390	115.797
6400	96.8652
6410	106.865
6420	96.0201
6430	106.02
6440	95.9572
6450	105.957
6460	115.957
6470	103.345
6480	113.345
6490	98.7464
6500	108.746
6510	118.746
6520	100.15
6530	110.15
6540	120.15
6550	101.432
6560	111.432
6570	121.432
6580	102.234
6590	112.234
6600	93.4431
6610	103.443
6620	85.755
6630	95.755
6640	85.4156
6650	95.4156
6660	105.416
6670	94.4336
6680	104.434
6690	114.434
6700	124.434
6710	109.265
6720	119.265
6730	105.04
6740	115.04
6750	97.305
6760	107.305
6770	94.7197
6780	104.72
6790	93.8967
6800	103.897
6810	90.7471
6820	100.747
6830	89.0711
6840	99.0711
6850	109.071
6860	119.071
6870	101.942
6880	111.942
6890	121.942
6900	102.801
6910	112.801
6920	93.7019
6930	103.702
6940	113.702
6950	96.0058
6960	106.006
6970	94.4057
6980	104.406
6990	114.406
7000	98.8109
7010	85.1014
7020	95.1014
7030	105.101
7040	92.2576
7050	102.258
7060	112.258
7070	96.4357
7080	106.436
7090	116.436
7100	95.9552
7110	105.955
7120	88.791
7130	98.791
7140	89.1826
7150	99.1826
7160	109.183
7170	101.079
7180	111.079
7190	121.079
7200	110.54
7210	98.4464
7220	108.446
7230	118.446
7240	102.469
7250	112.469
7260	95.2238
7270	105.224
7280	115.224
7290	96.1987
7300	106.199
7310	87.1315
7320	97.1315
7330	78.2203
7340	88.2203
7350	98.2203
7360	89.1992
7370	99.1992
7380	109.199
7390	96.0167
7400	106.017
7410	116.017
7420	99.1558
7430	87.8801
7440	97.8801
7450	107.88
7460	95.382
7470	105.382
7480	91.7972
7490	81.8072
7500	91.8072
7510	101.807
7520	90.0404
7530	100.04
7540	110.04
7550	96.5276
7560	106.528
7570	91.8724
7580	101.872
7590	111.872
7600	100.366
7610	110.366
7620	96.7496
7630	106.75
7640	91.8316
7650	101.832
7660	87.7486
7670	97.7486
7680	107.749
7690	94.3077
7700	83.0695
7710	93.0695
7720	103.069
7730	89.5545
7740	99.5545
7750	109.554
7760	93.9087
7770	103.909
7780	113.909
7790	99.1068
7800	109.107
7810	91.6758
7820	101.676
7830	82.8494
7840	92.8494
7850	102.849
7860	87.0946
7870	79.758
7880	89.758
7890	83.5399
7900	93.5399
7910	103.54
7920	95.2303
7930	105.23
7940	93.5954
7950	103.595
7960	89.599
7970	99.599
7980	84.443
7990	94.443
8000	104.443
8010	90.5468
8020	100.547
8030	89.8105
8040	99.8105
8050	109.811
8060	119.811
8070	106.974
8080	96.9869
8090	106.987
8100	94.1166
8110	104.117
8120	114.117
8130	96.3476
8140	106.348
8150	88.4101
8160	98.4101
8170	83.1032
8180	93.1032
8190	75.0326
8200	85.0326
8210	95.0326
8220	86.4143
8230	96.4143
8240	106.414
8250	94.3213
8260	104.321
8270	91.5456
8280	101.546
8290	88.795
8300	98.795
8310	108.795
8320	96.5137
8330	106.514
8340	93.3557
8350	103.356
8360	94.2875
8370	104.287
8380	114.288
8390	102.313
8400	112.313
8410	122.313
8420	107.458
8430	117.458
8440	100.01
8450	110.01
8460	92.5863
8470	79.1432
8480	89.1432
8490	99.1432
8500	84.4701
8510	94.4701
8520	86.1375
8530	78.0418
8540	88.0418
8550	98.0418
8560	86.6275
8570	96.6275
8580	83.6447
8590	93.6447
8600	78.302
8610	88.302
8620	72.9619
8630	82.9619
8640	92.9619
8650	79.3689
8660	89.3689
8670	81.5859
8680	91.5859
8690	86.3532
8700	96.3532
8710	87.9912
8720	97.9913
8730	86.8211
8740	96.8211
8750	85.475
8760	95.475
8770	81.2112
8780	91.2112
8790	79.6889
8800	89.6889
8810	99.6889
8820	91.5607
8830	101.561
8840	111.561
8850	98.7858
8860	108.786
8870	118.786
8880	104.313
8890	114.313
8900	124.313
8910	104.53
8920	114.53
8930	99.2764
8940	109.276
8950	95.1987
8960	105.199
8970	89.1911
8980	99.1911
8990	109.191
9000	92.4721
9010	81.6833
9020	91.6833
9030	101.683
9040	89.0804
9050	99.0804
9060	84.1377
9070	94.1377
9080	104.138
9090	88.6198
9100	98.6198
9110	85.2155
9120	95.2155
9130	86.3326
9140	96.3326
9150	106.333
9160	96.6118
9170	106.612
9180	116.612
9190	105.084
9200	115.084
9210	125.084
9220	108.605
9230	118.605
9240	104.852
9250	92.1992
9260	102.199
9270	89.3804
9280	99.3804
9290	83.3978
9300	93.3978
9310	82.3803
9320	92.3802
9330	102.38
9340	88.8164
9350	98.8164
9360	108.816
9370	118.816
9380	101.531
9390	111.531
9400	91.9428
9410	101.943
9420	83.7276
9430	93.7276
9440	82.3198
9450	92.3198
9460	102.32
9470	93.9239
9480	103.924
9490	113.924
9500	102.428
9510	91.348
9520	101.348
9530	89.864
9540	99.864
9550	85.0057
9560	95.0057
9570	105.006
9580	89.9345
9590	99.9345
9600	86.9703
9610	96.9703
9620	106.97
9630	95.5461
9640	105.546
9650	95.1187
9660	105.119
9670	115.119
9680	101.093
9690	111.093
9700	121.093
9710	104.74
9720	114.74
9730	96.4337
9740	106.434
9750	90.3079
9760	100.308
9770	86.898
9780	96.898
9790	80.183
9800	90.183
9810	81.8205
9820	91.8204
9830	101.82
9840	90.4737
9850	100.474
9860	110.474
9870	120.474
9880	102.483
9890	112.483
9900	98.218
9910	83.9671
9920	75.2143
9930	85.2143
9940	95.2143
9950	83.0548
9960	93.0548
9970	84.9415
9980	94.9415
9990	85.5406
10000	74.4259
10010	84.4259
10020	94.4259
10030	104.426
10040	88.3247
10050	98.3247
10060	84.761
10070	70.7192
10080	80.7192
10090	90.7192
10100	80.1161
10110	90.1161
10120	83.2872
10130	93.2872
10140	103.287
10150	93.6853
10160	103.685
10170	113.685
10180	100.256
10190	110.256
10200	99.4249
10210	109.425
10220	76.1646
10230	86.1646
10240	96.1646
10250	83.5754
10260	93.5754
10270	80.4401
10280	90.4401
10290	80.7101
10300	90.7101
10310	79.0435
10320	89.0435
10330	99.0435
10340	84.4074
10350	94.4074
10360	104.407
10370	89.2222
10380	75.5185
10390	85.5185
10400	95.5185
10410	86.5195
10420	96.5195
10430	86.5563
10440	96.5563
10450	87.4876
10460	97.4876
10470	88.5312
10480	80.339
10490	90.3389
10500	100.339
10510	110.339
10520	100.088
10530	86.6502
10540	96.6502
10550	81.8199
10560	91.8199
10570	78.9488
10580	88.9488
10590	74.9868
10600	84.9868
10610	94.9868
10620	84.3016
10630	94.3016
10640	104.302
10650	91.8894
10660	101.889
10670	111.889
10680	100.418
10690	90.3924
10700	100.392
10710	87.8904
10720	97.8904
10730	107.89
10740	94.018
10750	104.018
10760	91.801
10770	101.801
10780	91.7155
10790	101.715
10800	111.715
10810	98.0454
10820	108.045
10830	118.045
10840	103.172
10850	113.172
10860	123.172
10870	105.269
10880	115.269
10890	96.2312
10900	106.231
10910	85.1582
10920	95.1582
10930	105.158
10940	91.9592
10950	101.959
10960	92.6289
10970	102.629
10980	91.8369
10990	101.837
11000	111.837
11010	99.1225
11020	109.123
11030	119.123
11040	103.551
11050	113.551
11060	96.0012
11070	106.001
11080	92.2637
11090	78.6247
11100	88.6247
11110	98.6247
11120	84.8357
11130	94.8357
11140	85.5461
11150	95.5461
11160	105.546
11170	94.4873
11180	104.487
11190	114.487
11200	100.79
11210	110.79
11220	120.79
11230	103.77
11240	113.77
11250	97.8776
11260	107.878
11270	90.9912
11280	100.991
11290	110.991
11300	97.6365
11310	107.636
11320	95.5729
11330	105.573
11340	115.573
11350	102.094
11360	112.094
11370	122.094
11380	105.893
11390	115.893
11400	99.3012
11410	109.301
11420	119.301
11430	102.588
11440	88.5376
11450	98.5376
11460	88.179
11470	98.179
11480	86.1471
11490	96.1471
11500	84.3663
11510	94.3663
11520	104.366
11530	89.8071
11540	99.8071
11550	109.807
11560	93.8497
11570	103.85
11580	113.85
11590	94.0375
11600	104.038
11610	90.1702
11620	100.17
11630	88.2687
11640	98.2687
11650	90.5679
11660	100.568
11670	110.568
11680	100.083
11690	88.7035
11700	98.7035
11710	108.703
11720	96.8953
11730	106.895
11740	90.9887
11750	100.989
11760	83.883
11770	93.883
11780	103.883
11790	89.0011
11800	99.0011
11810	86.0467
11820	96.0467
11830	85.0175
11840	95.0175
11850	105.018
11860	92.4716
11870	102.472
11880	91.2547
11890	101.255
11900	88.3717
11910	98.3717
11920	82.9631
11930	92.9631
11940	82.3282
11950	74.3532
11960	84.3532
11970	94.3532
11980	82.7839
11990	92.7839
12000	83.0243
12010	93.0243
12020	103.024
12030	90.5144
12040	100.514
12050	110.514
12060	97.8117
12070	107.812
12080	92.6426
12090	102.643
12100	112.643
12110	98.0018
12120	108.002
12130	92.2041
12140	102.204
12150	112.204
12160	99.7216
12170	109.722
12180	99.1487
12190	109.149
12200	119.149
12210	104.871
12220	114.871
12230	124.871
12240	108.81
12250	118.81
12260	100.838
12270	110.838
12280	120.838
12290	102.563
12300	89.6952
12310	99.6952
12320	86.8952
12330	96.8952
12340	84.6067
12350	94.6067
12360	84.2105
12370	94.2105
12380	104.21
12390	90.1102
12400	100.11
12410	110.11
12420	93.5286
12430	103.529
12440	113.529
12450	93.4451
12460	103.445
12470	90.2697
12480	100.27
12490	92.2476
12500	102.248
12510	91.6879
12520	101.688
12530	111.688
12540	101.471
12550	111.471
12560	98.392
12570	108.392
12580	118.392
12590	101.295
12600	111.295
12610	121.295
12620	102.255
12630	112.255
12640	122.255
12650	100.296
12660	110.296
12670	92.7127
12680	102.713
12690	90.6071
12700	100.607
12710	86.9796
12720	96.9796
12730	87.6881
12740	97.6881
12750	107.688
12760	95.1262
12770	105.126
12780	115.126
12790	100.744
12800	110.744
12810	120.744
12820	104.199
12830	114.199
12840	100.645
12850	84.7401
12860	94.7401
12870	81.7318
12880	91.7319
12890	82.3965
12900	92.3965
12910	82.4313
12920	92.4313
12930	102.431
12940	89.0657
12950	99.0657
12960	109.066
12970	119.066
12980	100.888
12990	110.888
13000	93.3157
13010	103.316
13020	88.937
13030	98.937
13040	87.0206
13050	97.0206
13060	88.3823
13070	98.3823
13080	108.382
13090	98.6902
13100	108.69
13110	118.69
13120	105.133
13130	115.133
13140	125.133
13150	109.286
13160	119.286
13170	103.103
13180	113.103
13190	96.6167
13200	106.617
13210	90.0117
13220	100.012
13230	86.1539
13240	76.8405
13250	86.8405
13260	96.8405
13270	86.4155
13280	96.4155
13290	106.416
13300	92.4306
13310	102.431
13320	112.431
13330	94.4507
13340	104.451
13350	87.321
13360	97.321
13370	85.4726
13380	95.4727
13390	105.473
13400	94.0587
13410	104.059
13420	94.4439
13430	104.444
13440	95.2316
13450	105.232
13460	115.232
13470	101.993
13480	111.993
13490	121.993
13500	105.781
13510	115.781
13520	125.781
13530	105.112
13540	115.112
13550	95.3773
13560	105.377
13570	87.8457
13580	97.8457
13590	107.846
13600	92.0532
13610	102.053
13620	90.4035
13630	100.404
13640	90.7
13650	100.7
13660	110.7
13670	98.3378
13680	108.338
13690	118.338
13700	102.801
13710	112.801
13720	97.1841
13730	107.184
13740	93.3762
13750	80.0377
13760	90.0377
13770	100.038
13780	86.9382
13790	96.9382
13800	87.325
13810	97.325
13820	86.6812
13830	96.6812
13840	106.681
13850	92.4644
13860	102.464
13870	112.464
13880	95.9616
13890	105.962
13900	88.3869
13910	98.3868
13920	108.387
13930	92.1626
13940	102.163
13950	89.976
13960	99.976
13970	91.5856
13980	101.586
13990	91.9201
14000	101.92
14010	111.92
14020	99.4087
14030	109.409
14040	119.409
14050	104.793
14060	114.793
14070	124.793
14080	106.421
14090	116.421
14100	100.972
14110	86.0862
14120	96.0862
14130	82.4618
14140	92.4618
14150	82.6756
14160	92.6756
14170	82.1574
14180	92.1574
14190	102.157
14200	88.648
14210	98.648
14220	108.648
14230	118.648
14240	101.257
14250	111.257
14260	91.9398
14270	101.94
14280	88.4647
14290	98.4647
14300	86.4448
14310	96.4448
14320	87.6925
14330	97.6925
14340	88.5704
14350	98.5704
14360	108.57
14370	96.1449
14380	106.145
14390	116.145
14400	126.145
14410	111.484
14420	121.484
14430	104.024
14440	114.024
14450	99.2498
14460	109.25
14470	92.8195
14480	102.82
14490	88.452
14500	78.3536
14510	88.3536
14520	98.3536
14530	87.1488
14540	97.1488
14550	107.149
14560	92.0248
14570	102.025
14580	112.025
14590	95.9917
14600	105.992
14610	86.9914
14620	96.9914
14630	84.5306
14640	94.5306
14650	104.531
14660	92.5313
14670	83.5974
14680	93.5974
14690	103.597
14700	94.6773
14710	104.677
14720	114.677
14730	102.27
14740	112.27
14750	122.27
14760	107.779
14770	117.779
14780	100.495
14790	110.495
14800	120.495
14810	105.268
14820	88.6831
14830	98.6831
14840	84.9794
14850	94.9794
14860	83.8683
14870	93.8683
14880	83.8683
14890	93.8683
14900	103.868
14910	90.1646
14920	100.165
14930	110.165
14940	94.2387
14950	104.239
14960	85.3498
14970	95.3498
14980	105.35
14990	91.5638
15000	101.564
15010	89.177
15020	99.177
15030	90.2881
15040	100.288
15050	91.3992
15060	101.399
15070	111.399
15080	99.0123
15090	109.012
15100	119.012
15110	104.527
15120	114.527
15130	97.2428
15140	107.243
15150	117.243
15160	102.701
15170	87.4394
15180	97.4394
15190	83.7852
15200	93.7852
15210	83.845
15220	93.845
15230	83.923
15240	93.923
15250	103.923
15260	90.344
15270	100.344
15280	110.344
15290	94.6002
15300	104.6
15310	114.6
15320	94.368
15330	104.368
15340	90.1299
15350	100.13
15360	87.9904
15370	97.9904
15380	89.3316
15390	99.3316
15400	90.5866
15410	100.587
15420	110.587
15430	97.9119
15440	107.912
15450	117.912
15460	127.912
15470	112.441
15480	122.441
15490	105.67
15500	115.67
15510	99.3834
15520	83.9749
15530	93.9749
15540	80.7651
15550	90.7651
15560	81.1959
15570	91.1959
15580	101.196
15590	89.7865
15600	99.7864
15610	109.786
15620	94.5699
15630	104.57
15640	114.57
15650	99.1818
15660	109.182
15670	90.3474
15680	100.347
15690	86.5308
15700	96.5308
15710	106.531
15720	93.5163
15730	85.195
15740	95.195
15750	105.195
15760	95.6939
15770	105.694
15780	115.694
15790	103.422
15800	113.422
15810	123.422
15820	107.235
15830	117.235
15840	127.235
15850	108.048
15860	118.048
15870	96.6824
15880	79.8407
15890	89.8407
15900	99.8407
15910	85.8244
15920	95.8244
15930	84.5116
15940	94.5116
15950	86.8593
15960	96.8593
15970	106.859
15980	95.3512
15990	105.351
16000	115.351
16010	99.5795
16020	109.579
16030	96.9651
16040	106.965
16050	69.6696
16060	79.6696
16070	89.6696
16080	78.3708
16090	88.3709
16100	80.4231
16110	72.3955
16120	82.3955
16130	92.3955
16140	81.6381
16150	91.6381
16160	77.2557
16170	87.2557
16180	75.9513
16190	66.4152
16200	76.4152
16210	86.4152
16220	78.8122
16230	88.8122
16240	80.7281
16250	90.7281
16260	84.0415
16270	94.0415
16280	84.6158
16290	94.6158
16300	85.7571
16310	95.757
16320	85.8087
16330	95.8087
16340	84.234
16350	94.234
16360	80.6922
16370	90.6922
16380	100.692
16390	88.5116
16400	98.5116
16410	85.0156
16420	95.0156
16430	105.016
16440	88.8161
16450	98.8161
16460	108.816
16470	97.0712
16480	107.071
16490	92.9867
16500	102.987
16510	92.3276
16520	102.328
16530	91.9877
16540	101.988
16550	91.227
16560	101.227
16570	88.8275
16580	98.8275
16590	108.827
16600	118.827
16610	100.68
16620	110.68
16630	95.5018
16640	105.502
16650	92.5476
16660	82.0971
16670	92.0971
16680	102.097
16690	89.5805
16700	99.5805
16710	88.7502
16720	98.7502
16730	86.3904
16740	96.3904
16750	106.39
16760	92.0691
16770	102.069
16780	83.8806
16790	93.8806
16800	81.95
16810	71.6496
16820	81.6496
16830	91.6496
16840	84.5783
16850	94.5783
16860	87.288
16870	97.288
16880	107.288
16890	117.288
16900	103.736
16910	113.736
16920	100.479
16930	85.8302
16940	95.8302
16950	105.83
16960	91.9659
16970	101.966
16980	88.5904
16990	98.5904
17000	83.1275
17010	93.1275
17020	79.1724
17030	89.1724
17040	99.1724
17050	88.2236
17060	98.2236
17070	108.224
17080	93.814
17090	103.814
17100	93.1236
17110	103.124
17120	113.124
17130	102.093
17140	112.093
17150	100.631
17160	110.631
17170	98.0736
17180	86.0561
17190	96.0561
17200	82.2008
17210	92.2008
17220	102.201
17230	86.8495
17240	96.8494
17250	106.849
17260	87.7643
17270	97.7643
17280	81.3448
17290	91.3448
17300	101.345
17310	92.8663
17320	102.866
17330	91.765
17340	101.765
17350	111.765
17360	100.666
17370	110.666
17380	98.7157
17390	108.716
17400	118.716
17410	102.956
17420	112.956
17430	122.956
17440	104.16
17450	114.16
17460	97.6957
17470	107.696
17480	93.2533
17490	82.4485
17500	92.4485
17510	81.6833
17520	91.6833
17530	79.0647
17540	89.0647
17550	99.0648
17560	87.4923
17570	97.4923
17580	107.492
17590	94.8498
17600	79.5601
17610	89.5601
17620	76.0053
17630	86.0053
17640	76.6272
17650	86.6272
17660	79.3823
17670	89.3823
17680	81.7082
17690	73.0906
17700	83.0907
17710	93.0906
17720	103.091
17730	93.6099
17740	103.61
17750	90.0521
17760	100.052
17770	88.1318
17780	98.1318
17790	86.3127
17800	96.3127
17810	84.5399
17820	94.5399
17830	104.54
17840	89.9024
17850	99.9024
17860	85.7722
17870	95.7722
17880	85.1963
17890	95.1963
17900	81.8262
17910	91.8262
17920	80.07
17930	90.07
17940	83.7247
17950	75.714
17960	85.714
17970	76.0084
17980	86.0084
17990	74.8955
18000	84.8955
18010	94.8955
18020	82.3745
18030	92.3745
18040	102.374
18050	89.1834
18060	99.1834
18070	87.5837
18080	97.5837
18090	86.1537
18100	96.1537
18110	106.154
18120	93.9895
18130	103.989
18140	93.0275
18150	103.027
18160	92.4597
18170	102.46
18180	112.46
18190	98.6691
18200	108.669
18210	118.669
18220	128.669
18230	110.426
18240	120.426
18250	105.687
18260	115.687
18270	97.3604
18280	86.1572
18290	96.1572
18300	106.157
18310	92.6239
18320	102.624
18330	87.8503
18340	76.5247
18350	86.5246
18360	96.5247
18370	84.0561
18380	70.5079
18390	80.5079
18400	72.3563
18410	82.3563
18420	73.7681
18430	83.7681
18440	75.6355
18450	85.6355
18460	95.6355
18470	87.0815
18480	97.0815
18490	107.081
18500	97.5257
18510	107.526
18520	117.526
18530	104.139
18540	114.139
18550	101.757
18560	111.757
18570	121.757
18580	106.776
18590	116.776
18600	101.851
18610	111.851
18620	94.9032
18630	104.903
18640	86.5598
18650	96.5598
18660	106.56
18670	88.2015
18680	98.2015
18690	108.201
18700	91.5778
18710	101.578
18720	92.2288
18730	102.229
18740	112.229
18750	102
18760	112
18770	101.058
18780	111.058
18790	98.1583
18800	108.158
18810	94.1179
18820	104.118
18830	89.3266
18840	99.3266
18850	109.327
18860	92.4579
18870	102.458
18880	112.458
18890	92.4028
18900	102.403
18910	86.1937
18920	96.1938
18930	87.3715
18940	97.3715
18950	86.9295
18960	96.9295
18970	84.3757
18980	94.3757
18990	86.0889
19000	96.0889
19010	106.089
19020	95.3897
19030	105.39
19040	91.835
19050	101.835
19060	89.4981
19070	99.4982
19080	86.2717
19090	96.2717
19100	83.6428
19110	93.6428
19120	82.2483
19130	92.2483
19140	81.3475
19150	91.3475
19160	79.3042
19170	89.3042
19180	77.5161
19190	68.4106
19200	78.4106
19210	88.4106
19220	79.404
19230	72.1919
19240	82.1919
19250	73.6351
19260	83.6351
19270	93.6351
19280	84.2401
19290	94.2401
19300	104.24
19310	95.2692
19320	105.269
19330	115.269
19340	100.194
19350	110.194
19360	98.4929
19370	108.493
19380	118.493
19390	105.678
19400	115.678
19410	101.163
19420	111.163
19430	95.0077
19440	105.008
19450	86.2555
19460	96.2555
19470	106.256
19480	88.8372
19490	98.8372
19500	108.837
19510	92.2277
19520	102.228
19530	93.3866
19540	103.387
19550	113.387
19560	100.68
19570	110.68
19580	99.8371
19590	88.9915
19600	98.9915
19610	86.0706
19620	96.0706
19630	81.7212
19640	91.7212
19650	101.721
19660	87.1366
19670	97.1366
19680	107.137
19690	88.9117
19700	98.9117
19710	108.912
19720	97.521
19730	107.521
19740	93.6072
19750	103.607
19760	91.6072
19770	101.607
19780	87.4349
19790	97.4349
19800	107.435
19810	97.1196
19820	107.12
19830	117.12
19840	104.089
19850	88.8431
19860	98.8431
19870	85.45
19880	95.45
19890	85.6755
19900	95.6755
19910	105.675
19920	93.067
19930	103.067
19940	89.9619
19950	99.962
19960	109.962
19970	92.8432
19980	102.843
19990	88.6584
20000	98.6584
20010	108.658
20020	92.0969
20030	102.097
20040	90.4282
20050	100.428
20060	87.9564
20070	97.9564
20080	89.4646
20090	99.4646
20100	109.465
20110	97.9889
20120	107.989
20130	94.6145
20140	104.614
20150	114.614
20160	100.147
20170	110.147
20180	120.147
20190	103.801
20200	113.801
20210	123.801
20220	102.664
20230	112.664
20240	122.664
20250	107.631
20260	117.631
20270	103.234
20280	113.234
20290	99.0531
20300	109.053
20310	92.7809
20320	102.781
20330	84.7858
20340	94.7858
20350	104.786
20360	92.2674
20370	102.267
20380	112.267
20390	122.267
20400	104.397
20410	114.397
20420	101.827
20430	111.827
20440	96.5407
20450	106.541
20460	94.7409
20470	104.741
20480	92.5142
20490	102.514
20500	112.514
20510	97.3694
20520	107.369
20530	92.0605
20540	102.06
20550	112.06
20560	95.1015
20570	105.101
20580	115.101
20590	125.101
20600	104.358
20610	114.358
20620	100.612
20630	110.612
20640	94.6832
20650	104.683
20660	114.683
20670	103.229
20680	113.229
20690	100.3
20700	110.3
20710	120.3
20720	106.579
20730	116.579
20740	100.325
20750	110.325
20760	120.325
20770	101.043
20780	111.043
20790	121.043
20800	100.622
20810	110.622
20820	120.622
20830	103.163
20840	113.163
20850	92.5598
20860	102.56
20870	92.8754
20880	102.875
20890	93.7756
20900	103.776
20910	113.776
20920	101.125
20930	111.125
20940	121.125
20950	106.026
20960	116.026
20970	126.026
20980	136.026
20990	118.868
21000	128.868
21010	106.808
21020	116.808
21030	100.534
21040	110.534
21050	120.534
21060	100.701
21070	110.701
21080	97.5703
21090	107.57
21100	94.1553
21110	104.155
21120	114.155
21130	97.6531
21140	107.653
21150	117.653
21160	98.6737
21170	108.674
21180	118.674
21190	101.177
21200	111.177
21210	94.7588
21220	104.759
21230	114.759
21240	101.353
21250	111.353
21260	98.7683
21270	108.768
21280	96.6959
21290	106.696
21300	93.8135
21310	103.814
21320	113.814
21330	98.9048
21340	108.905
21350	118.905
21360	101.203
21370	111.203
21380	121.203
21390	101.067
21400	111.067
21410	91.5241
21420	101.524
21430	111.524
21440	95.5862
21450	105.586
21460	95.4235
21470	105.424
21480	94.8025
21490	104.802
21500	114.802
21510	102.656
21520	112.656
21530	122.656
21540	107.945
21550	117.945
21560	127.945
21570	110.486
21580	120.486
21590	103.446
21600	113.446
21610	123.446
21620	101.818
21630	111.818
21640	121.818
21650	104.441
21660	114.441
21670	100.618
21680	110.618
21690	96.9413
21700	106.941
21710	92.6998
21720	102.7
21730	112.7
21740	122.7
21750	104.288
21760	114.288
21770	124.288
21780	102.018
21790	112.018
21800	94.375
21810	104.375
21820	92.4986
21830	102.499
21840	91.8325
21850	101.833
21860	111.833
21870	98.9889
21880	108.989
21890	96.6315
21900	106.632
21910	92.6907
21920	102.691
21930	112.691
21940	122.691
21950	105.955
21960	115.955
21970	125.955
21980	105.29
21990	115.29
22000	94.6598
22010	104.66
22020	88.4173
22030	98.4173
22040	108.417
22050	98.0763
22060	108.076
22070	97.6597
22080	107.66
22090	117.66
22100	105.678
22110	91.7991
22120	101.799
22130	111.799
22140	96.4199
22150	106.42
22160	116.42
22170	97.4869
22180	107.487
22190	88.7494
22200	98.7494
22210	83.82
22220	93.82
22230	103.82
22240	92.6686
22250	102.669
22260	90.9338
22270	100.934
22280	90.0704
22290	100.07
22300	110.07
22310	120.07
22320	106.224
22330	116.224
22340	126.224
22350	108.501
22360	118.501
22370	101.292
22380	111.292
22390	121.292
22400	106.467
22410	90.161
22420	100.161
22430	110.161
22440	98.2374
22450	108.237
22460	94.7731
22470	104.773
22480	90.1074
22490	100.107
22500	110.107
22510	120.107
22520	103.866
22530	113.866
22540	123.866
22550	103.275
22560	113.275
22570	92.8002
22580	102.8
22590	89.245
22600	99.245
22610	90.7264
22620	100.726
22630	110.726
22640	99.6727
22650	109.673
22660	97.1664
22670	84.8727
22680	94.8727
22690	104.873
22700	114.873
22710	99.7604
22720	109.76
22730	119.76
22740	100.855
22750	110.855
22760	92.0495
22770	102.049
22780	87.3873
22790	97.3873
22800	86.8587
22810	96.8587
22820	106.859
22830	94.7951
22840	104.795
22850	90.9155
22860	100.915
22870	110.915
22880	98.5839
22890	108.584
22900	118.584
22910	128.584
22920	110.747
22930	120.747
22940	103.499
22950	113.499
22960	123.499
22970	108.061
22980	92.4887
22990	102.489
23000	90.7879
23010	100.788
23020	110.788
23030	97.4145
23040	107.414
23050	92.1974
23060	102.197
23070	112.197
23080	96.1784
23090	106.178
23100	116.178
23110	126.178
23120	105.491
23130	115.491
23140	95.3571
23150	105.357
23160	92.5328
23170	102.533
23180	92.5674
23190	102.567
23200	112.567
23210	101.66
23220	111.66
23230	98.8596
23240	86.0422
23250	96.0422
23260	106.042
23270	90.9763
23280	100.976
23290	110.976
23300	120.976
23310	101.9
23320	111.9
23330	93.303
23340	103.303
23350	89.2745
23360	99.2745
23370	88.2715
23380	98.2715
23390	108.272
23400	96.2148
23410	106.215
23420	91.8688
23430	101.869
23440	111.869
23450	98.292
23460	108.292
23470	118.292
23480	102.196
23490	112.196
23500	122.196
23510	105.076
23520	115.076
23530	100.87
23540	110.87
23550	95.6698
23560	105.67
23570	93.9127
23580	103.913
23590	91.5269
23600	101.527
23610	111.527
23620	95.9221
23630	82.21
23640	92.21
23650	102.21
23660	84.6458
23670	94.6458
23680	104.646
23690	87.7161
23700	97.7161
23710	87.5169
23720	80.455
23730	90.455
23740	100.455
23750	90.8217
23760	100.822
23770	91.0749
23780	101.075
23790	111.075
23800	98.5568
23810	108.557
23820	118.557
23830	128.557
23840	110.997
23850	120.997
23860	103.404
23870	113.404
23880	95.0896
23890	105.09
23900	90.6434
23910	100.643
23920	84.2077
23930	94.2077
23940	83.4555
23950	93.4555
23960	103.456
23970	91.019
23980	101.019
23990	111.019
24000	96.6535
24010	106.653
24020	96.3452
24030	106.345
24040	116.345
24050	100.888
24060	110.888
24070	96.9035
24080	106.904
24090	92.3096
24100	102.31
24110	87.2335
24120	97.2335
24130	107.233
24140	94.797
24150	104.797
24160	114.797
24170	99.701
24180	82.3014
24190	92.3014
24200	102.301
24210	88.3647
24220	98.3647
24230	90.1137
24240	100.114
24250	89.4358
24260	99.4358
24270	67.687
24280	77.687
24290	87.687
24300	97.687
24310	84.9326
24320	94.9326
24330	104.933
24340	90.6901
24350	100.69
24360	88.1083
24370	98.1084
24380	85.0134
24390	95.0134
24400	105.013
24410	94.5085
24420	104.508
24430	91.3972
24440	101.397
24450	87.8461
24460	97.8461
24470	107.846
24480	95.1871
24490	105.187
24500	115.187
24510	99.5468
24520	109.547
24530	93.9179
24540	103.918
24550	113.918
24560	100.992
24570	110.992
24580	98.8784
24590	108.878
24600	118.878
24610	105.812
24620	115.812
24630	100.257
24640	110.257
24650	93.6969
24660	103.697
24670	113.697
24680	97.19
24690	107.19
24700	117.19
24710	97.2239
24720	107.224
24730	87.2839
24740	97.2839
24750	107.284
24760	97.1042
24770	107.104
24780	97.629
24790	107.629
24800	96.0431
24810	106.043
24820	92.8684
24830	81.3462
24840	91.3462
24850	101.346
24860	87.6119
24870	97.6119
24880	107.612
24890	90.7463
24900	100.746
24910	110.746
24920	92.3881
24930	102.388
24940	92.243
24950	102.243
24960	91.6559
24970	101.656
24980	111.656
24990	97.417
25000	82.7514
25010	92.7515
25020	102.751
25030	90.3924
25040	100.392
25050	110.392
25060	95.1024
25070	105.102
25080	115.102
25090	99.8346
25100	109.835
25110	97.5811
25120	107.581
25130	117.581
25140	105.32
25150	115.32
25160	102.581
25170	112.581
25180	122.581
25190	106.315
25200	89.3605
25210	99.3605
25220	109.361
25230	93.2288
25240	103.229
25250	113.229
25260	93.275
25270	103.275
25280	113.275
25290	93.7637
25300	103.764
25310	94.8788
25320	104.879
25330	95.2853
25340	105.285
25350	115.285
25360	101.93
25370	90.2499
25380	100.25
25390	87.5681
25400	97.5681
25410	107.568
25420	92.9113
25430	102.911
25440	112.911
25450	122.911
25460	102.802
25470	112.802
25480	94.7825
25490	104.782
25500	93.3942
25510	103.394
25520	91.3103
25530	101.31
25540	111.31
25550	96.1575
25560	106.158
25570	90.6456
25580	100.646
25590	110.646
25600	97.5241
25610	107.524
25620	117.524
25630	102.018
25640	112.018
25650	122.018
25660	105.466
25670	115.466
25680	102.287
25690	112.287
25700	97.2155
25710	83.3707
25720	93.3707
25730	82.7035
25740	92.7035
25750	102.703
25760	88.8861
25770	77.162
25780	87.162
25790	97.162
25800	81.7705
25810	91.7705
25820	101.77
25830	86.8104
25840	96.8104
25850	85.8865
25860	95.8865
25870	87.8092
25880	97.8092
25890	87.0552
25900	97.0551
25910	88.479
25920	98.4791
25930	108.479
25940	96.8778
25950	106.878
25960	116.878
25970	126.878
25980	109.917
25990	119.917
26000	102.444
26010	112.444
26020	94.7265
26030	104.727
26040	88.3178
26050	98.3178
26060	86.4071
26070	96.4071
26080	82.5523
26090	92.5523
26100	102.552
26110	91.0926
26120	101.093
26130	111.093
26140	96.9025
26150	106.903
26160	96.6577
26170	106.658
26180	116.658
26190	102.015
26200	112.015
26210	98.0559
26220	108.056
26230	91.4252
26240	101.425
26250	87.0568
26260	97.0567
26270	85.4013
26280	95.4013
26290	105.401
26300	91.4991
26310	101.499
26320	111.499
26330	92.4407
26340	102.441
26350	89.2945
26360	99.2945
26370	109.295
26380	98.3243
26390	108.324
26400	96.7139
26410	106.714
26420	116.714
26430	103.548
26440	113.548
26450	100.191
26460	110.191
26470	97.4866
26480	84.4479
26490	94.4479
26500	104.448
26510	87.9335
26520	97.9335
26530	107.934
26540	90.6143
26550	100.614
26560	85.6131
26570	95.6131
26580	105.613
26590	93.8139
26600	103.814
26610	90.5631
26620	100.563
26630	110.563
26640	95.8074
26650	85.5475
26660	95.5475
26670	105.548
26680	94.0433
26690	104.043
26700	91.1968
26710	101.197
26720	111.197
26730	97.7355
26740	84.6346
26750	94.6346
26760	84.7684
26770	94.7684
26780	104.768
26790	91.6456
26800	101.646
26810	85.4583
26820	95.4583
26830	84.9004
26840	94.9004
26850	104.9
26860	92.2404
26870	102.24
26880	86.2695
26890	96.2695
26900	82.9136
26910	92.9136
26920	102.914
26930	93.1366
26940	103.137
26950	91.3935
26960	101.393
26970	111.394
26980	96.9008
26990	87.1391
27000	97.1391
27010	107.139
27020	95.536
27030	105.536
27040	92.5549
27050	102.555
27060	87.5447
27070	97.5447
27080	107.545
27090	117.545
27100	100.119
27110	110.119
27120	93.2892
27130	103.289
27140	88.8229
27150	98.8229
27160	108.823
27170	94.3653
27180	104.365
27190	92.9743
27200	102.974
27210	91.6484
27220	101.648
27230	111.648
27240	99.236
27250	109.236
27260	119.236
27270	129.236
27280	114.319
27290	124.319
27300	105.803
27310	115.803
27320	99.5837
27330	109.584
27340	119.584
27350	105.217
27360	115.217
27370	99.4408
27380	109.441
27390	91.4081
27400	101.408
27410	89.1434
27420	99.1434
27430	109.143
27440	94.161
27450	104.161
27460	114.161
27470	97.1487
27480	107.149
27490	117.149
27500	96.6871
27510	106.687
27520	95.2604
27530	105.26
27540	93.2892
27550	103.289
27560	91.21
27570	101.21
27580	90.5792
27590	100.579
27600	110.579
27610	98.3924
27620	84.5363
27630	94.5363
27640	104.536
27650	88.4179
27660	98.4179
27670	108.418
27680	93.6278
27690	103.628
27700	113.628
27710	96.6209
27720	85.6807
27730	95.6807
27740	105.681
27750	90.8408
27760	100.841
27770	86.8543
27780	96.8543
27790	86.9882
27800	96.9882
27810	106.988
27820	95.9435
27830	105.944
27840	115.944
27850	102.622
27860	90.5668
27870	100.567
27880	86.5065
27890	96.5065
27900	85.2566
27910	95.2566
27920	81.3822
27930	91.3822
27940	101.382
27950	84.8188
27960	94.8188
27970	85.0683
27980	95.0683
27990	105.068
28000	92.9104
28010	102.91
28020	112.91
28030	98.3445
28040	108.345
28050	94.3917
28060	104.392
28070	114.392
28080	99.0068
28090	109.007
28100	95.1895
28110	105.19
28120	115.19
28130	101.044
28140	89.1609
28150	99.1609
28160	109.161
28170	97.0323
28180	107.032
28190	117.032
28200	102.562
28210	112.562
28220	122.562
28230	105.467
28240	115.467
28250	97.5122
28260	107.512
28270	117.512
28280	95.7682
28290	105.768
28300	91.4001
28310	101.4
28320	111.4
28330	94.4223
28340	104.422
28350	94.5122
28360	104.512
28370	114.512
28380	102.671
28390	112.671
28400	122.671
28410	108.475
28420	118.475
28430	103.503
28440	113.503
28450	123.503
28460	104.996
28470	114.996
28480	98.4517
28490	108.452
28500	118.452
28510	102.537
28520	112.537
28530	95.7764
28540	105.776
28550	93.3865
28560	103.387
28570	113.387
28580	99.3627
28590	109.363
28600	119.363
28610	129.363
28620	110.622
28630	120.622
28640	101.837
28650	111.837
28660	90.5599
28670	100.56
28680	110.56
28690	98.3231
28700	108.323
28710	94.1524
28720	104.152
28730	93.8187
28740	103.819
28750	113.819
28760	101.449
28770	111.449
28780	121.449
28790	106.475
28800	116.475
28810	126.475
28820	108.822
28830	118.822
28840	128.822
28850	109.312
28860	119.312
28870	97.8498
28880	107.85
28890	93.2035
28900	103.203
28910	86.5012
28920	96.5012
28930	83.7656
28940	93.7656
28950	103.766
28960	93.5187
28970	103.519
28980	113.519
28990	123.519
29000	108.363
29010	118.363
29020	102.168
29030	112.168
29040	99.6178
29050	109.618
29060	119.618
29070	102.444
29080	112.444
29090	97.8438
29100	107.844
29110	91.0228
29120	101.023
29130	88.5831
29140	98.5831
29150	108.583
29160	94.9064
29170	104.906
29180	114.906
29190	124.906
29200	106.342
29210	116.342
29220	95.5814
29230	105.581
29240	92.3109
29250	102.311
29260	91.5918
29270	101.592
29280	88.752
29290	98.752
29300	87.719
29310	97.719
29320	107.719
29330	95.4953
29340	105.495
29350	115.495
29360	102.036
29370	112.036
29380	122.036
29390	104.962
29400	114.962
29410	95.6442
29420	105.644
29430	89.4629
29440	99.4629
29450	86.4729
29460	96.4729
29470	106.473
29480	89.5516
29490	99.5516
29500	90.7956
29510	100.796
29520	110.796
29530	100.657
29540	110.657
29550	120.657
29560	106.291
29570	116.291
29580	100.089
29590	110.089
29600	120.089
29610	104.92
29620	114.92
29630	97.374
29640	107.374
29650	93.3576
29660	103.358
29670	113.358
29680	96.4761
29690	106.476
29700	94.5756
29710	104.576
29720	114.576
29730	100.651
29740	110.651
29750	120.651
29760	102.196
29770	112.196
29780	91.2788
29790	101.279
29800	87.8152
29810	97.8152
29820	87.5134
29830	97.5134
29840	107.513
29850	94.744
29860	84.1632
29870	94.1632
29880	104.163
29890	93.4705
29900	103.471
29910	113.471
29920	100.17
29930	110.17
29940	120.17
29950	103.306
29960	113.306
29970	94.1337
29980	104.134
29990	114.134
30000	96.7343
30010	84.216
30020	94.216
30030	104.216
30040	88.6289
30050	98.6289
30060	89.9459
30070	99.9459
30080	109.946
30090	98.7135
30100	108.713
30110	118.713
30120	104.354
30130	114.354
30140	98.4592
30150	108.459
30160	118.459
30170	103.224
30180	113.224
30190	123.224
30200	106.031
30210	92.4961
30220	102.496
30230	112.496
30240	95.7308
30250	105.731
30260	93.7249
30270	103.725
30280	113.725
30290	98.5998
30300	108.6
30310	118.6
30320	99.8449
30330	109.845
30340	89.4668
30350	99.4668
30360	109.467
30370	96.4471
30380	86.3024
30390	96.3024
30400	106.302
30410	93.6582
30420	103.658
30430	92.6511
30440	102.651
30450	91.4322
30460	101.432
30470	111.432
30480	97.698
30490	107.698
30500	117.698
30510	100.547
30520	110.547
30530	120.547
30540	99.9822
30550	109.982
30560	94.2659
30570	104.266
30580	90.5686
30590	100.569
30600	85.1214
30610	95.1214
30620	86.0364
30630	96.0364
30640	106.036
30650	94.929
30660	104.929
30670	114.929
30680	100.773
30690	110.773
30700	120.773
30710	104.938
30720	114.938
30730	100.914
30740	110.914
30750	120.914
30760	103.634
30770	113.634
30780	99.0528
30790	109.053
30800	119.053
30810	102.003
30820	112.003
30830	98.5151
30840	108.515
30850	118.515
30860	102.631
30870	112.631
30880	122.631
30890	102.649
30900	112.649
30910	92.2789
30920	102.279
30930	112.279
30940	97.6907
30950	107.691
30960	93.1241
30970	103.124
30980	93.3299
30990	103.33
31000	113.33
31010	100.025
31020	110.025
31030	97.091
31040	107.091
31050	117.091
31060	102.374
31070	112.374
31080	122.374
31090	104.009
31100	114.009
31110	93.6841
31120	103.684
31130	113.684
31140	96.2971
31150	106.297
31160	89.2068
31170	99.2068
31180	109.207
31190	98.2234
31200	108.223
31210	97.4301
31220	107.43
31230	117.43
31240	105.251
31250	115.251
31260	125.251
31270	109.929
31280	119.929
31290	102.515
31300	112.515
31310	122.515
31320	105.829
31330	115.829
31340	125.829
31350	106.764
31360	116.764
31370	98.3598
31380	108.36
31390	94.7851
31400	104.785
31410	114.785
31420	100.683
31430	110.683
31440	120.683
31450	104.975
31460	114.975
31470	124.975
31480	105.64
31490	115.64
31500	93.8871
31510	103.887
31520	90.3806
31530	100.381
31540	110.381
31550	95.947
31560	105.947
31570	94.4226
31580	104.423
31590	114.423
31600	101.957
31610	111.957
31620	121.957
31630	108.074
31640	118.074
31650	128.074
31660	112.606
31670	122.606
31680	132.606
31690	113.527
31700	123.527
31710	102.021
31720	112.021
31730	92.5745
31740	102.575
31750	112.575
31760	93.9507
31770	103.951
31780	88.9675
31790	98.9675
31800	89.3634
31810	99.3634
31820	109.363
31830	98.833
31840	108.833
31850	118.833
31860	128.833
31870	114.075
31880	124.075
31890	106.939
31900	116.939
31910	101.983
31920	111.983
31930	121.983
31940	102.779
31950	112.779
31960	95.7606
31970	105.761
31980	115.761
31990	100.676
32000	110.676
32010	95.9729
32020	105.973
32030	115.973
32040	100.469
32050	110.469
32060	120.469
32070	103.161
32080	113.161
32090	123.161
32100	101.519
32110	111.518
32120	96.6166
32130	106.617
32140	92.4077
32150	102.408
32160	91.9852
32170	101.985
32180	111.985
32190	98.0362
32200	108.036
32210	94.5958
32220	104.596
32230	114.596
32240	100.42
32250	110.42
32260	120.42
32270	103.259
32280	113.259
32290	123.259
32300	103.041
32310	113.041
32320	95.4565
32330	105.456
32340	88.4004
32350	98.4004
32360	108.4
32370	96.7998
32380	106.8
32390	95.6334
32400	105.633
32410	115.633
32420	104.183
32430	114.183
32440	124.183
32450	109.039
32460	119.039
32470	129.039
32480	110.768
32490	120.768
32500	100.476
32510	110.476
32520	120.476
32530	101.378
32540	111.378
32550	92.7529
32560	102.753
32570	112.753
32580	97.6707
32590	107.671
32600	92.9891
32610	102.989
32620	112.989
32630	101.522
32640	111.522
32650	121.522
32660	107.395
32670	117.395
32680	99.8024
32690	109.802
32700	119.802
32710	104.637
32720	114.637
32730	99.1199
32740	109.12
32750	92.0241
32760	102.024
32770	112.024
32780	98.3019
32790	108.302
32800	94.981
32810	104.981
32820	114.981
32830	101.257
32840	111.257
32850	121.257
32860	103.334
32870	113.334
32880	94.1442
32890	104.144
32900	114.144
32910	96.1925
32920	106.193
32930	92.0557
32940	102.056
32950	112.056
32960	100.595
32970	110.595
32980	99.4702
32990	109.47
33000	119.47
33010	105.205
33020	90.2669
33030	100.267
33040	110.267
33050	93.9938
33060	103.994
33070	113.994
33080	97.6148
33090	107.615
33100	117.615
33110	99.7977
33120	109.798
33130	92.7361
33140	102.736
33150	112.736
33160	99.0033
33170	109.003
33180	94.224
33190	104.224
33200	92.2294
33210	102.229
33220	91.8906
33230	101.891
33240	111.891
33250	97.9107
33260	107.911
33270	117.911
33280	127.911
33290	110.242
33300	120.242
33310	102.444
33320	112.444
33330	95.2159
33340	105.216
33350	115.216
33360	97.3174
33370	107.317
33380	91.5188
33390	101.519
33400	88.2147
33410	98.2147
33420	108.215
33430	96.8473
33440	106.847
33450	116.847
33460	126.847
33470	113.197
33480	123.197
33490	107.994
33500	117.994
33510	127.994
33520	112.657
33530	95.1454
33540	105.145
33550	115.145
33560	94.322
33570	104.322
33580	91.0216
33590	101.022
33600	87.4884
33610	97.4883
33620	107.488
33630	93.9131
33640	103.913
33650	113.913
33660	123.913
33670	107.339
33680	117.339
33690	99.1864
33700	109.186
33710	94.5216
33720	104.522
33730	114.522
33740	97.0068
33750	107.007
33760	95.9049
33770	105.905
33780	115.905
33790	103.344
33800	113.344
33810	98.7323
33820	108.732
33830	118.732
33840	104.171
33850	114.171
33860	124.171
33870	107.401
33880	117.401
33890	127.401
33900	107.235
33910	117.235
33920	98.6573
33930	108.657
33940	88.2937
33950	98.2937
33960	108.294
33970	93.85
33980	103.85
33990	92.6046
34000	102.605
34010	112.605
34020	101.689
34030	111.689
34040	121.689
34050	107.413
34060	117.413
34070	127.413
34080	111.47
34090	121.47
34100	105.534
34110	115.534
34120	125.534
34130	106.848
34140	116.848
34150	95.6903
34160	105.69
34170	115.69
34180	101.384
34190	111.384
34200	96.6559
34210	106.656
34220	116.656
34230	102.04
34240	112.04
34250	122.04
34260	103.759
34270	113.759
34280	95.0869
34290	105.087
34300	115.087
34310	97.7643
34320	107.764
34330	93.1471
34340	103.147
34350	92.228
34360	102.228
34370	112.228
34380	99.28
34390	109.28
34400	95.6571
34410	105.657
34420	115.657
34430	102.416
34440	112.416
34450	122.416
34460	105.744
34470	115.744
34480	96.6321
34490	106.632
34500	116.632
34510	96.1458
34520	106.146
34530	88.5331
34540	98.5331
34550	89.1808
34560	99.1808
34570	109.181
34580	98.0837
34590	108.084
34600	97.3871
34610	107.387
34620	117.387
34630	127.387
34640	113.154
34650	123.154
34660	133.154
34670	115.318
34680	125.318
34690	104.234
34700	114.234
34710	124.234
34720	102.07
34730	112.07
34740	93.1635
34750	103.163
34760	89.3194
34770	99.3194
34780	109.319
34790	94.7624
34800	104.762
34810	114.762
34820	103.956
34830	113.956
34840	123.956
34850	109.897
34860	119.897
34870	103.321
34880	113.321
34890	97.3557
34900	107.356
34910	117.356
34920	100.97
34930	110.97
34940	93.5186
34950	103.519
34960	90.8748
34970	100.875
34980	110.875
34990	97.5472
35000	107.547
35010	117.547
35020	104.22
35030	114.22
35040	124.22
35050	107.461
35060	117.461
35070	97.9588
35080	107.959
35090	87.4271
35100	97.4271
35110	107.427
35120	92.7273
35130	102.727
35140	92.3553
35150	102.355
35160	112.355
35170	101.785
35180	111.785
35190	98.3774
35200	108.377
35210	118.377
35220	105.104
35230	115.104
35240	125.104
35250	135.104
35260	116.974
35270	126.974
35280	105.702
35290	115.702
35300	93.8141
35310	103.814
35320	86.5467
35330	96.5467
35340	106.547
35350	92.9425
35360	102.942
35370	91.8136
35380	101.814
35390	111.814
35400	100.719
35410	110.719
35420	120.719
35430	107.787
35440	117.787
35450	127.787
35460	110.91
35470	120.91
35480	103.633
35490	113.633
35500	123.633
35510	105.931
35520	88.8383
35530	98.8383
35540	108.838
35550	96.1828
35560	106.183
35570	92.5959
35580	102.596
35590	112.596
35600	99.2994
35610	109.299
35620	119.299
35630	102.286
35640	112.286
35650	122.286
35660	102.554
35670	112.554
35680	92.235
35690	102.235
35700	87.9723
35710	97.9723
35720	107.972
35730	97.2289
35740	107.229
35750	96.1024
35760	106.102
35770	116.102
35780	104.243
35790	114.243
35800	124.243
35810	110.003
35820	120.003
35830	130.003
35840	111.49
35850	121.49
35860	131.49
35870	110.296
35880	120.296
35890	98.3576
35900	108.358
35910	90.0035
35920	100.003
35930	110.003
35940	95.8074
35950	105.807
35960	91.3451
35970	101.345
35980	111.345
35990	100.706
36000	110.706
