10	11
20	21
30	2
40	2
50	2
60	2
70	4.5
80	14.5
90	24.5
100	21
110	31
120	20
130	30
140	40
150	28.1667
160	38.1667
170	29.6667
180	23.3333
190	33.3333
200	43.3333
210	33.3333
220	43.3333
230	33.3333
240	43.3333
250	30
260	40
270	30
280	40
290	50
300	36.6667
310	26.6667
320	36.6667
330	27.5
340	37.5
350	47.5
360	40.8333
370	35
380	45
390	55
400	46.8214
410	56.8214
420	43
430	53
440	40.9643
450	50.9643
460	35.7143
470	45.7143
480	38.5714
490	48.5714
500	41.4286
510	51.4286
520	61.4286
530	51.0357
540	61.0357
550	46.6429
560	56.6429
570	66.6429
580	50.4643
590	60.4643
600	45
610	55
620	65
630	50
640	60
650	45
660	55
670	65
680	50
690	60
700	45.4167
710	55.4167
720	43.8889
730	53.8889
740	63.8889
750	44.4419
760	54.4419
770	45.7576
780	55.7576
790	65.7576
800	56.202
810	66.202
820	57.0325
830	67.0325
840	77.0325
850	62.2727
860	72.2727
870	66.1085
880	76.1085
890	86.1085
900	77.2704
910	65.9305
920	75.9305
930	65.1196
940	75.1196
950	85.1196
960	75.4431
970	85.4431
980	76.0313
990	86.0313
1000	77
1010	87
1020	78.3824
1030	71.7941
1040	81.7941
1050	91.7941
1060	80.7059
1070	90.7059
1080	77.4118
1090	87.4118
1100	97.4118
1110	88.0471
1120	98.0471
1130	90.9471
1140	83.6804
1150	93.6804
1160	103.68
1170	94.3235
1180	104.324
1190	93.2235
1200	103.224
1210	91.0902
1220	101.09
1230	111.09
1240	99.5235
1250	109.524
1260	119.524
1270	109.167
1280	119.167
1290	129.167
1300	111
1310	92.9
1320	102.9
1330	85.675
1340	95.675
1350	76.3941
1360	86.3941
1370	96.3941
1380	79.4121
1390	89.4121
1400	81.1593
1410	91.1593
1420	80.6655
1430	73.1931
1440	83.1931
1450	93.1931
1460	80.3788
1470	90.3788
1480	82.6551
1490	92.6551
1500	82.1425
1510	92.1425
1520	102.143
1530	92.2396
1540	102.24
1550	112.24
1560	99.1418
1570	85.787
1580	95.787
1590	105.787
1600	86.5197
1610	96.5197
1620	106.52
1630	87.3764
1640	97.3764
1650	88.0158
1660	98.0158
1670	88.238
1680	98.238
1690	108.238
1700	96.2447
1710	106.245
1720	92.2448
1730	79.2128
1740	89.2128
1750	99.2128
1760	109.213
1770	95.1389
1780	83.7262
1790	93.7262
1800	103.726
1810	94.6413
1820	104.641
1830	92.718
1840	102.718
1850	87.4566
1860	97.4566
1870	81.2984
1880	91.2984
1890	101.298
1900	88.3668
1910	98.3668
1920	108.367
1930	96.6535
1940	106.654
1950	116.654
1960	102.773
1970	112.773
1980	122.773
1990	107.238
2000	117.238
2010	99.1167
2020	109.117
2030	91.7022
2040	101.702
2050	83.7427
2060	93.7427
2070	103.743
2080	95.2276
2090	86.7784
2100	96.7784
2110	85.4508
2120	95.4508
2130	105.451
2140	92.7689
2150	102.769
2160	112.769
2170	122.769
2180	107.809
2190	117.809
2200	127.809
2210	106.582
2220	116.582
2230	100.791
2240	110.791
2250	120.791
2260	101.079
2270	111.079
2280	91.611
2290	101.611
2300	111.611
2310	100.352
2320	90.0482
2330	100.048
2340	87.5652
2350	97.5652
2360	84.3747
2370	94.3747
2380	82.749
2390	92.749
2400	79.9164
2410	89.9164
2420	75.8434
2430	85.8434
2440	72.0608
2450	82.0608
2460	77.1558
2470	87.1558
2480	79.709
2490	72.427
2500	82.427
2510	92.427
2520	82.0101
2530	73.7956
2540	83.7956
2550	93.7956
2560	84.2776
2570	94.2776
2580	85.3252
2590	95.3252
2600	105.325
2610	94.8849
2620	104.885
2630	114.885
2640	101.145
2650	111.145
2660	121.145
2670	106.674
2680	91.8118
2690	101.812
2700	111.812
2710	94.3859
2720	104.386
2730	87.8283
2740	97.8283
2750	86.0976
2760	96.0976
2770	87.1886
2780	97.1885
2790	87.3123
2800	97.3123
2810	84.5025
2820	94.5025
2830	80.1149
2840	69.2976
2850	79.2976
2860	89.2976
2870	82.0882
2880	92.0881
2890	83.0434
2900	93.0434
2910	83.1614
2920	93.1614
2930	81.3861
2940	91.3861
2950	77.3674
2960	87.3674
2970	75.4275
2980	85.4275
2990	77.9431
3000	87.9431
3010	79.2898
3020	89.2898
3030	99.2898
3040	91.6455
3050	101.645
3060	111.645
3070	101.724
3080	111.724
3090	97.6242
3100	107.624
3110	117.624
3120	102.367
3130	112.367
3140	96.1537
3150	106.154
3160	116.154
3170	97.3784
3180	81.27
3190	91.27
3200	82.867
3210	92.867
3220	80.915
3230	90.915
3240	79.6707
3250	89.6707
3260	99.6707
3270	90.1184
3280	100.118
3290	88.6496
3300	98.6495
3310	108.65
3320	97.8125
3330	107.813
3340	117.813
3350	127.813
3360	109.242
3370	119.242
3380	101.35
3390	111.35
3400	121.35
3410	104.066
3420	114.066
3430	98.1367
3440	108.137
3450	118.137
3460	100.765
3470	110.765
3480	96.7992
3490	106.799
3500	92.8313
3510	102.831
3520	89.0221
3530	99.0221
3540	85.4155
3550	95.4155
3560	105.416
3570	93.0179
3580	103.018
3590	113.018
3600	123.018
3610	109.922
3620	119.922
3630	129.922
3640	112.826
3650	122.826
3660	105.9
3670	115.9
3680	99.5936
3690	109.594
3700	119.594
3710	98.7294
3720	108.729
3730	89.128
3740	99.128
3750	109.128
3760	99.7912
3770	109.791
3780	98.1845
3790	108.184
3800	94.5095
3810	78.9163
3820	88.9163
3830	77.9223
3840	87.9223
3850	76.168
3860	86.168
3870	96.168
3880	86.3666
3890	96.3666
3900	84.9296
3910	94.9296
3920	83.2394
3930	93.2394
3940	103.239
3950	89.6197
3960	79.3873
3970	89.3873
3980	99.3873
3990	86.7907
4000	96.7907
4010	106.791
4020	89.4198
4030	82.5884
4040	92.5884
4050	102.588
4060	92.5321
4070	82.5321
4080	92.5321
4090	102.532
4100	91.072
4110	81.5325
4120	91.5325
4130	80.3253
4140	90.3253
4150	100.325
4160	86.3641
4170	96.3642
4180	83.6446
4190	93.6446
4200	81.9264
4210	91.9264
4220	101.926
4230	111.926
4240	97.9796
4250	107.98
4260	117.98
4270	101.008
4280	111.008
4290	98.4853
4300	108.485
4310	118.485
4320	105.129
4330	115.129
4340	125.129
4350	109.526
4360	119.526
4370	100.508
4380	110.508
4390	93.5696
4400	103.57
4410	93.7465
4420	103.747
4430	90.0453
4440	100.045
4450	85.1741
4460	95.1741
4470	105.174
4480	115.174
4490	102.708
4500	112.708
4510	122.708
4520	107.382
4530	117.383
4540	127.383
4550	107.167
4560	117.167
4570	94.5292
4580	104.529
4590	114.529
4600	94.7792
4610	104.779
4620	89.2792
4630	99.2792
4640	87.3942
4650	97.3942
4660	107.394
4670	98.7631
4680	108.763
4690	118.763
4700	106.516
4710	116.516
4720	102.546
4730	112.546
4740	122.546
4750	106.983
4760	116.983
4770	102.378
4780	112.378
4790	122.378
4800	105.892
4810	115.892
4820	125.892
4830	103.432
4840	113.432
4850	101.212
4860	111.212
4870	121.212
4880	106.508
4890	90.1872
4900	100.187
4910	83.7509
4920	93.7509
4930	103.751
4940	82.9902
4950	92.9902
4960	83.4574
4970	93.4574
4980	84.2064
4990	94.2064
5000	104.206
5010	94.2992
5020	104.299
5030	91.8924
5040	101.892
5050	111.892
5060	100.031
5070	110.031
5080	120.031
5090	130.031
5100	115.503
5110	125.503
5120	107.775
5130	117.775
5140	127.775
5150	108.707
5160	118.707
5170	101.867
5180	111.867
5190	121.867
5200	103.322
5210	113.322
5220	90.1987
5230	100.199
5240	89.3011
5250	99.3011
5260	87.3035
5270	97.3035
5280	107.304
5290	96.8519
5300	106.852
5310	93.3679
5320	103.368
5330	113.368
5340	99.8131
5350	85.6128
5360	95.6128
5370	78.7419
5380	88.7419
5390	98.7419
5400	87.4142
5410	97.4142
5420	85.391
5430	95.391
5440	85.6459
5450	95.6459
5460	85.3167
5470	95.3167
5480	105.317
5490	93.3044
5500	80.1253
5510	90.1253
5520	77.8162
5530	87.8162
5540	77.2888
5550	87.2888
5560	77.943
5570	87.943
5580	97.943
5590	107.943
5600	97.5751
5610	107.575
5620	117.575
5630	105.451
5640	115.451
5650	98.6293
5660	108.629
5670	98.5963
5680	108.596
5690	96.0224
5700	106.022
5710	116.022
5720	100.915
5730	110.915
5740	91.993
5750	101.993
5760	80.813
5770	90.813
5780	100.813
5790	85.2584
5800	95.2584
5810	86.6567
5820	96.6567
5830	88.2896
5840	80.2477
5850	90.2476
5860	100.248
5870	110.248
5880	98.1154
5890	108.115
5900	96.6667
5910	106.667
5920	92.5386
5930	102.539
5940	86.702
5950	96.702
5960	106.702
5970	87.8306
5980	97.8306
5990	107.831
6000	95.6981
6010	105.698
6020	94.61
6030	104.61
6040	89.9793
6050	99.9793
6060	83.4868
6070	93.4868
6080	82.9164
6090	92.9164
6100	102.916
6110	93.4123
6120	103.412
6130	113.412
6140	101.905
6150	111.905
6160	99.9262
6170	109.926
6180	119.926
6190	104.673
6200	114.673
6210	95.9007
6220	105.901
6230	86.2184
6240	96.2184
6250	80.8355
6260	90.8356
6270	100.836
6280	85.614
6290	95.614
6300	88.2456
6310	81.1404
6320	91.1404
6330	82.7353
6340	92.7353
6350	102.735
6360	92.2694
6370	102.269
6380	91.2656
6390	101.266
6400	88.2757
6410	98.2757
6420	108.276
6430	93.3793
6440	103.379
6450	113.379
6460	98.9057
6470	108.906
6480	118.906
6490	108.789
6500	118.789
6510	105.228
6520	115.228
6530	125.228
6540	107.109
6550	117.109
6560	98.9019
6570	82.2364
6580	92.2364
6590	72.62
6600	82.62
6610	72.7032
6620	82.7032
6630	76.1633
6640	86.1633
6650	96.1633
6660	87.5956
6670	78.7112
6680	88.7112
6690	98.7112
6700	88.8683
6710	98.8684
6720	88.0248
6730	98.0248
6740	108.025
6750	96.9193
6760	106.919
6770	116.919
6780	104.797
6790	114.797
6800	100.755
6810	110.755
6820	93.1042
6830	76.5369
6840	86.5369
6850	76.3938
6860	86.3938
6870	96.3938
6880	81.3562
6890	91.3562
6900	83.2363
6910	93.2363
6920	85.2503
6930	95.2503
6940	84.0072
6950	94.0072
6960	80.8197
6970	90.8197
6980	75.7979
6990	85.7979
7000	95.7979
7010	86.0394
7020	96.0394
7030	106.039
7040	91.7785
7050	101.779
7060	90.7876
7070	100.788
7080	92.4669
7090	102.467
7100	92.1907
7110	102.191
7120	112.191
7130	97.8061
7140	107.806
7150	117.806
7160	103.219
7170	113.219
7180	98.9489
7190	108.949
7200	118.949
7210	102.572
7220	112.572
7230	93.4399
7240	79.5967
7250	89.5967
7260	99.5967
7270	109.597
7280	94.4101
7290	80.938
7300	90.938
7310	83.1853
7320	93.1853
7330	84.487
7340	94.487
7350	104.487
7360	91.7296
7370	79.8107
7380	89.8107
7390	76.9947
7400	86.9947
7410	96.9947
7420	85.3791
7430	95.3791
7440	84.08
7450	94.08
7460	83.3731
7470	93.3731
7480	82.4065
7490	92.4065
7500	80.3862
7510	90.3862
7520	100.386
7530	87.6562
7540	97.6562
7550	107.656
7560	99.1993
7570	109.199
7580	99.7979
7590	109.798
7600	97.3801
7610	107.38
7620	92.9586
7630	80.1801
7640	90.1801
7650	75.1339
7660	85.1339
7670	70.5127
7680	80.5127
7690	90.5128
7700	84.4928
7710	94.4927
7720	85.2174
7730	74.4928
7740	84.4928
7750	94.4928
7760	80.1449
7770	70.1209
7780	80.1209
7790	73.4668
7800	83.4668
7810	93.4668
7820	85.6048
7830	95.6048
7840	88.4225
7850	98.4225
7860	87.8442
7870	97.8442
7880	85.9808
7890	95.9808
7900	105.981
7910	90.1776
7920	74.3943
7930	84.3943
7940	94.3943
7950	81.0629
7960	91.0629
7970	101.063
7980	92.2593
7990	102.259
8000	112.259
8010	103.353
8020	113.353
8030	103.091
8040	113.091
8050	123.091
8060	107.532
8070	91.9878
8080	101.988
8090	111.988
8100	94.9616
8110	82.2168
8120	92.2168
8130	78.9564
8140	88.9564
8150	98.9564
8160	88.8251
8170	98.8251
8180	108.825
8190	96.2243
8200	106.224
8210	92.3177
8220	102.318
8230	112.318
8240	93.9261
8250	103.926
8260	89.4712
8270	99.4712
8280	86.5872
8290	96.5872
8300	106.587
8310	94.6552
8320	104.655
8330	90.2861
8340	100.286
8350	110.286
8360	99.6254
8370	109.625
8380	119.625
8390	105.025
8400	115.025
8410	125.025
8420	107.739
8430	117.739
8440	103.778
8450	113.778
8460	96.9
8470	106.9
8480	116.9
8490	98.7629
8500	85.0909
8510	95.0909
8520	82.062
8530	92.062
8540	77.8213
8550	87.8213
8560	97.8213
8570	86.6227
8580	96.6227
8590	84.9502
8600	73.8684
8610	83.8684
8620	93.8684
8630	79.5552
8640	73.5552
8650	83.5552
8660	77.3645
8670	87.3645
8680	79.2438
8690	89.2438
8700	79.2548
8710	89.2548
8720	99.2548
8730	88.9075
8740	98.9075
8750	88.2607
8760	98.2607
8770	108.261
8780	94.3561
8790	104.356
8800	89.0028
8810	99.0028
8820	109.003
8830	119.003
8840	102.21
8850	112.21
8860	122.21
8870	110.97
8880	120.97
8890	105.797
8900	115.797
8910	98.1553
8920	86.5311
8930	96.5311
8940	106.531
8950	94.0663
8960	104.066
8970	87.5064
8980	97.5064
8990	81.326
9000	91.326
9010	82.7326
9020	92.7326
9030	81.86
9040	91.86
9050	101.86
9060	111.86
9070	98.147
9080	108.147
9090	118.147
9100	102.038
9110	112.038
9120	98.9612
9130	108.961
9140	97.7624
9150	107.762
9160	94.6414
9170	104.641
9180	114.641
9190	96.8191
9200	106.819
9210	88.7758
9220	98.7758
9230	108.776
9240	96.0337
9250	106.034
9260	94.8817
9270	104.882
9280	114.882
9290	102.666
9300	112.666
9310	122.666
9320	107.021
9330	117.021
9340	98.9395
9350	108.94
9360	118.94
9370	96.9474
9380	84.4968
9390	94.4967
9400	80.4899
9410	90.4899
9420	100.49
9430	85.2819
9440	95.2819
9450	88.4134
9460	98.4134
9470	88.4696
9480	98.4696
9490	108.47
9500	94.27
9510	104.27
9520	90.9671
9530	100.967
9540	110.967
9550	95.4354
9560	105.435
9570	93.6373
9580	103.637
9590	90.2155
9600	80.061
9610	90.061
9620	100.061
9630	85.6707
9640	95.6707
9650	77.3171
9660	87.3171
9670	97.3171
9680	89.0854
9690	79.3902
9700	89.3902
9710	81.4634
9720	91.4634
9730	101.463
9740	89.5122
9750	99.5122
9760	109.512
9770	98.0488
9780	108.049
9790	118.049
9800	99.6951
9810	109.695
9820	119.695
9830	99.2404
9840	109.24
9850	96.1875
9860	106.187
9870	116.187
9880	104.282
9890	114.282
9900	100.116
9910	110.116
9920	120.116
9930	101.485
9940	85.4297
9950	95.4297
9960	83.4437
9970	93.4437
9980	103.444
9990	89.4763
10000	99.4763
10010	86.497
10020	96.497
10030	106.497
10040	97.7581
10050	107.758
10060	95.8637
10070	105.864
10080	92.3671
10090	102.367
10100	86.9669
10110	96.9669
10120	106.967
10130	90.6051
10140	100.605
10150	110.605
10160	94.9487
10170	104.949
10180	92.765
10190	102.765
10200	93.414
10210	103.414
10220	113.414
10230	99.7176
10240	109.718
10250	119.718
10260	106.625
10270	116.625
10280	126.625
10290	111.815
10300	121.815
10310	105.291
10320	115.291
10330	125.291
10340	106.042
10350	116.042
10360	96.2597
10370	106.26
10380	116.26
10390	100.972
10400	110.972
10410	92.331
10420	102.331
10430	84.868
10440	94.868
10450	84.9748
10460	94.9748
10470	85.0624
10480	95.0624
10490	84.2075
10500	94.2075
10510	81.3262
10520	91.3262
10530	101.326
10540	90.7781
10550	100.778
10560	90.7178
10570	100.718
10580	87.2749
10590	76.9603
10600	86.9603
10610	75.6788
10620	85.6788
10630	75.8977
10640	85.8977
10650	74.7107
10660	84.7107
10670	94.7107
10680	82.6012
10690	72.9751
10700	82.9751
10710	92.9751
10720	82.3897
10730	92.3897
10740	102.39
10750	112.39
10760	104.413
10770	114.413
10780	104.558
10790	114.558
10800	124.558
10810	110.558
10820	97.3261
10830	107.326
10840	117.326
10850	98.8817
10860	79.8817
10870	89.8817
10880	99.8817
10890	84.1667
10900	94.1667
10910	104.167
10920	96.3889
10930	106.389
10940	116.389
10950	106.333
10960	116.333
10970	126.333
10980	110.866
10990	120.866
11000	104.278
11010	114.278
11020	96.3604
11030	106.36
11040	116.36
11050	95.9426
11060	105.943
11070	85.6028
11080	95.6028
11090	89.8061
11100	99.8061
11110	90.42
11120	100.42
11130	110.42
11140	97.0275
11150	107.027
11160	117.027
11170	103.028
11180	113.028
11190	123.028
11200	106.706
11210	116.706
11220	126.706
11230	108.33
11240	118.33
11250	101.486
11260	111.486
11270	121.486
11280	101.764
11290	111.764
11300	93.9589
11310	103.959
11320	88.2178
11330	98.2178
11340	88.2179
11350	98.2179
11360	108.218
11370	96.1089
11380	82.1354
11390	92.1354
11400	81.4695
11410	91.4695
11420	101.469
11430	89.7802
11440	99.7802
11450	109.78
11460	95.6948
11470	105.695
11480	92.538
11490	102.538
11500	88.7764
11510	98.7764
11520	108.776
11530	94.9735
11540	81.0421
11550	71.1576
11560	81.1576
11570	70.0559
11580	80.0559
11590	90.0559
11600	83.131
11610	93.131
11620	84.6384
11630	94.6384
11640	104.638
11650	94.643
11660	104.643
11670	114.643
11680	100.628
11690	110.628
11700	92.936
11710	102.936
11720	87.5874
11730	97.5874
11740	107.587
11750	95.6057
11760	105.606
11770	115.606
11780	100.485
11790	110.485
11800	98.6841
11810	86.1736
11820	96.1736
11830	106.174
11840	90.701
11850	74.5816
11860	84.5816
11870	94.5816
11880	83.9801
11890	93.9801
11900	83.3966
11910	75.324
11920	85.324
11930	95.324
11940	84.6052
11950	77.0565
11960	68.1112
11970	78.1112
11980	67.5359
11990	77.5359
12000	68.2511
12010	78.2511
12020	73.1531
12030	83.1531
12040	77.3742
12050	87.3742
12060	77.9883
12070	87.9883
12080	79.203
12090	89.203
12100	99.203
12110	88.9275
12120	98.9275
12130	108.928
12140	118.928
12150	106.344
12160	116.344
12170	103.143
12180	113.143
12190	99.9168
12200	109.917
12210	119.917
12220	101.834
12230	111.834
12240	97.3987
12250	107.399
12260	89.3444
12270	99.3444
12280	82.4654
12290	92.4654
12300	85.3668
12310	95.3668
12320	105.367
12330	96.1473
12340	85.2364
12350	95.2364
12360	82.212
12370	92.212
12380	76.4568
12390	86.4568
12400	96.4568
12410	82.6104
12420	92.6104
12430	83.3495
12440	93.3495
12450	84.4621
12460	94.4621
12470	104.462
12480	90.2729
12490	100.273
12500	110.273
12510	100.456
12520	110.456
12530	120.456
12540	108.335
12550	118.335
12560	128.335
12570	112.959
12580	122.959
12590	132.959
12600	112.353
12610	122.353
12620	101.361
12630	111.361
12640	93.4679
12650	103.468
12660	89.562
12670	99.562
12680	109.562
12690	93.664
12700	103.664
12710	113.664
12720	103.796
12730	113.796
12740	101.308
12750	111.308
12760	121.308
12770	103.952
12780	88.2963
12790	98.2963
12800	80.4159
12810	68.0473
12820	78.0473
12830	88.0473
12840	77.7409
12850	87.7409
12860	80.9819
12870	90.9819
12880	82.2273
12890	92.2273
12900	102.227
12910	89.3414
12920	78.6379
12930	88.6379
12940	98.6379
12950	87.1586
12960	97.1585
12970	107.159
12980	117.159
12990	104.376
13000	114.376
13010	100.116
13020	110.116
13030	120.116
13040	107.901
13050	117.901
13060	103.807
13070	113.807
13080	96.4007
13090	106.401
13100	85.7656
13110	95.7656
13120	80.6062
13130	90.6062
13140	100.606
13150	91.9935
13160	101.993
13170	111.993
13180	100.535
13190	110.535
13200	120.535
13210	105.878
13220	115.878
13230	102.01
13240	112.01
13250	96.9481
13260	106.948
13270	116.948
13280	96.4345
13290	106.434
13300	87.1196
13310	97.1196
13320	88.1026
13330	98.1026
13340	108.103
13350	99.1241
13360	109.124
13370	119.124
13380	129.124
13390	113.932
13400	99.1487
13410	109.149
13420	119.149
13430	101.836
13440	111.836
13450	92.7416
13460	102.742
13470	112.742
13480	92.0689
13490	80.9084
13500	90.9084
13510	100.908
13520	90.2145
13530	100.214
13540	89.6868
13550	99.6868
13560	109.687
13570	98.4527
13580	108.453
13590	118.453
13600	102.677
13610	89.1666
13620	99.1666
13630	84.4987
13640	94.4987
13650	104.499
13660	90.7073
13670	100.707
13680	84.8171
13690	94.8171
13700	104.817
13710	90.7204
13720	100.72
13730	88.6114
13740	98.6114
13750	89.3542
13760	99.3542
13770	109.354
13780	99.2126
13790	109.213
13800	119.213
13810	129.213
13820	114.704
13830	124.704
13840	109.172
13850	119.172
13860	100.306
13870	110.306
13880	120.306
13890	98.6124
13900	108.612
13910	88.1576
13920	98.1576
13930	108.158
13940	93.3548
13950	103.355
13960	94.3828
13970	104.383
13980	114.383
13990	104.561
14000	114.561
14010	124.561
14020	108.683
14030	118.683
14040	103.306
14050	113.306
14060	123.306
14070	105.273
14080	115.273
14090	94.5902
14100	104.59
14110	83.3702
14120	93.3702
14130	83.3192
14140	93.3192
14150	82.5891
14160	92.5891
14170	102.589
14180	93.1429
14190	103.143
14200	113.143
14210	102.148
14220	112.148
14230	122.148
14240	106.416
14250	92.6792
14260	102.679
14270	87.5867
14280	97.5867
14290	81.8263
14300	91.8263
14310	101.826
14320	84.786
14330	94.786
14340	82.876
14350	92.876
14360	102.876
14370	90.6484
14380	100.648
14390	92.2942
14400	102.294
14410	112.294
14420	102.228
14430	112.228
14440	100.488
14450	110.488
14460	120.488
14470	105.636
14480	115.636
14490	98.7489
14500	108.749
14510	88.1747
14520	72.0556
14530	82.0556
14540	92.0556
14550	80.1547
14560	90.1547
14570	81.5404
14580	91.5404
14590	84.3257
14600	94.3257
14610	104.326
14620	95.5337
14630	105.534
14640	115.534
14650	103.592
14660	113.592
14670	97.4692
14680	107.469
14690	88.4217
14700	98.4217
14710	83.4851
14720	93.4851
14730	80.3838
14740	90.3838
14750	79.0508
14760	89.0507
14770	99.0507
14780	90.0548
14790	100.055
14800	91.511
14810	82.2411
14820	92.2411
14830	79.78
14840	89.78
14850	99.78
14860	87.6308
14870	97.6308
14880	107.631
14890	94.1673
14900	104.167
14910	114.167
14920	100.648
14930	84.5546
14940	94.5546
14950	82.9859
14960	92.9859
14970	80.6379
14980	90.6379
14990	100.638
15000	87.9521
15010	79.5664
15020	89.5664
15030	79.0117
15040	89.0117
15050	99.0117
15060	85.9636
15070	95.9636
15080	105.964
15090	94.9828
15100	104.983
15110	114.983
15120	100.702
15130	110.702
15140	96.3694
15150	106.369
15160	116.369
15170	102.993
15180	90.7216
15190	100.722
15200	110.722
15210	94.3622
15220	104.362
15230	86.4483
15240	76.6555
15250	86.6555
15260	96.6555
15270	82.257
15280	92.257
15290	102.257
15300	93.4884
15310	103.488
15320	92.3256
15330	102.326
15340	112.326
15350	74.4873
15360	84.4873
15370	94.4873
15380	82.5299
15390	92.5299
15400	102.53
15410	90.181
15420	100.181
15430	83.842
15440	93.842
15450	84.2933
15460	94.2933
15470	104.293
15480	91.7652
15490	101.765
15500	89.6853
15510	99.6853
15520	109.685
15530	99.2967
15540	109.297
15550	119.297
15560	107.313
15570	117.313
15580	102.489
15590	112.489
15600	98.3082
15610	108.308
15620	118.308
15630	101.428
15640	111.428
15650	92.0641
15660	102.064
15670	82.105
15680	92.105
15690	102.105
15700	91.758
15710	101.758
15720	93.3649
15730	103.365
15740	113.365
15750	103.524
15760	113.524
15770	123.524
15780	133.524
15790	119.207
15800	103.249
15810	113.249
15820	95.088
15830	105.088
15840	84.2934
15850	94.2934
15860	76.6663
15870	86.6663
15880	96.6663
15890	84.373
15900	94.373
15910	85.4462
15920	95.4462
15930	88.1423
15940	98.1423
15950	108.142
15960	98.5489
15970	108.549
15980	118.549
15990	106.339
16000	116.339
16010	126.339
16020	109.023
16030	119.023
16040	99.8166
16050	109.817
16060	119.817
16070	100.622
16080	81.7487
16090	91.7487
16100	80.625
16110	90.625
16120	83.397
16130	93.397
16140	103.397
16150	91.3585
16160	101.358
16170	111.358
16180	100.387
16190	110.387
16200	97.0285
16210	107.029
16220	117.029
16230	102.844
16240	112.844
16250	74.764
16260	84.764
16270	74.0836
16280	84.0836
16290	71.2274
16300	81.2274
16310	91.2274
16320	78.7505
16330	88.7505
16340	78.5142
16350	88.5142
16360	80.241
16370	90.241
16380	100.241
16390	90.5496
16400	100.55
16410	110.55
16420	94.7485
16430	104.748
16440	114.748
16450	102.856
16460	112.856
16470	100.219
16480	89.8216
16490	99.8216
16500	87.0797
16510	97.0797
16520	107.08
16530	93.5046
16540	103.505
16550	89.8066
16560	99.8066
16570	84.3433
16580	94.3433
16590	104.343
16600	93.669
16610	103.669
16620	89.4287
16630	99.4287
16640	109.429
16650	95.5124
16660	105.512
16670	91.4896
16680	101.49
16690	111.49
16700	97.1233
16710	107.123
16720	91.718
16730	82.4653
16740	92.4653
16750	102.465
16760	90.9824
16770	100.982
16780	86.246
16790	96.246
16800	85.312
16810	95.312
16820	84.2354
16830	94.2354
16840	83.809
16850	93.809
16860	80.9827
16870	90.9827
16880	100.983
16890	88.9319
16900	98.9319
16910	108.932
16920	118.932
16930	104.865
16940	114.865
16950	101.81
16960	111.81
16970	99.4854
16980	109.485
16990	119.485
17000	102.395
17010	85.9682
17020	95.9682
17030	105.968
17040	85.4785
17050	95.4786
17060	85.7223
17070	95.7223
17080	105.722
17090	97.1388
17100	107.139
17110	117.139
17120	103.795
17130	113.795
17140	100.292
17150	110.292
17160	93.5795
17170	78.8642
17180	88.8642
17190	75.4795
17200	85.4794
17210	71.6096
17220	81.6096
17230	91.6096
17240	85.1712
17250	95.1712
17260	85.0428
17270	75.3837
17280	85.3837
17290	95.3837
17300	85.9832
17310	95.9832
17320	105.983
17330	95.6667
17340	105.667
17350	115.667
17360	104.682
17370	114.682
17380	103.191
17390	113.191
17400	99.4788
17410	109.479
17420	92.3275
17430	102.327
17440	85.1816
17450	95.1816
17460	76.7477
17470	71.227
17480	81.227
17490	91.227
17500	81.9049
17510	91.9049
17520	81.3265
17530	91.3265
17540	79.5583
17550	72.163
17560	82.163
17570	73.7157
17580	64.9513
17590	74.9513
17600	84.9513
17610	79.1455
17620	89.1455
17630	80.451
17640	90.451
17650	100.451
17660	88.1614
17670	98.1614
17680	82.9775
17690	92.9775
17700	102.978
17710	91.3869
17720	101.387
17730	111.387
17740	100.15
17750	110.15
17760	120.15
17770	107.513
17780	117.513
17790	100.478
17800	88.6364
17810	98.6364
17820	108.636
17830	95.3229
17840	105.323
17850	88.9344
17860	98.9344
17870	84.8738
17880	76.3936
17890	86.3936
17900	77.9136
17910	87.9136
17920	75.908
17930	85.908
17940	95.908
17950	84.5346
17960	94.5346
17970	104.535
17980	114.535
17990	102.085
18000	112.085
18010	100.002
18020	110.002
18030	120.002
18040	106.297
18050	92.4041
18060	102.404
18070	112.404
18080	96.1273
18090	106.127
18100	87.2403
18110	77.5439
18120	87.5439
18130	97.5439
18140	89.6423
18150	99.6423
18160	89.1832
18170	99.1832
18180	85.3144
18190	95.3144
18200	105.314
18210	92.2951
18220	102.295
18230	112.295
18240	96.8177
18250	106.818
18260	116.818
18270	104.553
18280	114.553
18290	102.558
18300	112.558
18310	122.558
18320	105.375
18330	87.9549
18340	97.9549
18350	107.955
18360	87.7078
18370	97.7078
18380	85.2817
18390	95.2817
18400	105.282
18410	97.4786
18420	107.479
18430	117.479
18440	105.472
18450	115.472
18460	101.547
18470	111.546
18480	69.0686
18490	79.0686
18500	89.0686
18510	76.2736
18520	86.2736
18530	72.7094
18540	82.7094
18550	77.3537
18560	87.3537
18570	97.3537
18580	89.3322
18590	99.3322
18600	87.7383
18610	97.7383
18620	87.6588
18630	97.6588
18640	107.659
18650	96.0521
18660	106.052
18670	116.052
18680	103.587
18690	113.587
18700	100.151
18710	110.151
18720	120.151
18730	105.021
18740	89.7906
18750	99.7906
18760	83.3774
18770	93.3774
18780	103.377
18790	86.536
18800	96.536
18810	84.1749
18820	94.1749
18830	86.7576
18840	96.7576
18850	86.2388
18860	96.2388
18870	106.239
18880	90.872
18890	100.872
18900	110.872
18910	96.9966
18920	106.997
18930	116.997
18940	105.641
18950	115.641
18960	99.927
18970	109.927
18980	95.7968
18990	105.797
19000	115.797
19010	98.9206
19020	108.921
19030	91.7778
19040	101.778
19050	111.778
19060	93.1185
19070	103.118
19080	92.4932
19090	102.493
19100	88.3437
19110	98.3437
19120	108.344
19130	98.0578
19140	108.058
19150	118.058
19160	105.268
19170	115.268
19180	125.268
19190	80.6162
19200	90.6162
19210	100.616
19220	88.0474
19230	98.0474
19240	83.6171
19250	93.6171
19260	75.792
19270	85.792
19280	79.3874
19290	89.3874
19300	99.3874
19310	87.9404
19320	97.9404
19330	86.4346
19340	96.4346
19350	106.435
19360	94.3997
19370	104.4
19380	114.4
19390	101.735
19400	111.735
19410	98.9652
19420	108.965
19430	118.965
19440	104.502
19450	89.7043
19460	99.7043
19470	83.2257
19480	93.2257
19490	103.226
19500	91.0708
19510	101.071
19520	88.4621
19530	98.4621
19540	86.6486
19550	96.6486
19560	86.6299
19570	96.6299
19580	106.63
19590	91.7132
19600	101.713
19610	111.713
19620	96.7367
19630	106.737
19640	116.737
19650	104.038
19660	114.038
19670	101.288
19680	111.288
19690	96.6869
19700	106.687
19710	116.687
19720	100.309
19730	110.309
19740	93.6458
19750	103.646
19760	113.646
19770	95.036
19780	105.036
19790	90.6858
19800	100.686
19810	88.3547
19820	98.3547
19830	108.355
19840	97.544
19850	107.544
19860	117.544
19870	104.049
19880	114.049
19890	124.049
19900	82.5135
19910	92.5135
19920	80.0807
19930	90.0807
19940	100.081
19950	85.4842
19960	69.6168
19970	79.6168
19980	89.6168
19990	84.4321
20000	94.4321
20010	85.1954
20020	95.1954
20030	84.5017
20040	94.5017
20050	82.2655
20060	92.2655
20070	102.265
20080	89.651
20090	99.651
20100	109.651
20110	119.651
20120	107.747
20130	117.747
20140	127.747
20150	112.181
20160	122.181
20170	104.001
20180	114.001
20190	97.5902
20200	107.59
20210	117.59
20220	98.6856
20230	108.686
20240	91.5722
20250	101.572
20260	89.0251
20270	99.025
20280	109.025
20290	99.0189
20300	109.019
20310	119.019
20320	102.759
20330	112.759
20340	97.3896
20350	107.39
20360	117.39
20370	102.173
20380	112.173
20390	93.0153
20400	103.015
20410	88.9488
20420	98.9488
20430	108.949
20440	92.4447
20450	102.445
20460	88.1545
20470	98.1545
20480	108.155
20490	98.7583
20500	108.758
20510	96.2649
20520	106.265
20530	116.265
20540	100.337
20550	110.337
20560	95.6637
20570	105.664
20580	94.7574
20590	104.757
20600	90.3419
20610	77.9933
20620	87.9933
20630	97.9933
20640	82.4832
20650	92.4832
20660	81.8418
20670	91.8418
20680	101.842
20690	87.7159
20700	97.7159
20710	86.5658
20720	96.5658
20730	106.566
20740	92.145
20750	102.145
20760	112.145
20770	100.944
20780	110.944
20790	98.7003
20800	108.7
20810	95.9808
20820	105.981
20830	94.0147
20840	104.015
20850	90.3514
20860	100.351
20870	86.3634
20880	96.3634
20890	80.302
20900	90.302
20910	79.8154
20920	89.8154
20930	99.8154
20940	87.5514
20950	97.5514
20960	107.551
20970	90.9497
20980	100.95
20990	110.95
21000	102.299
21010	91.3786
21020	101.379
21030	90.1756
21040	100.176
21050	86.4299
21060	96.4299
21070	106.43
21080	90.4533
21090	100.453
21100	88.7081
21110	98.7081
21120	88.9568
21130	98.9568
21140	85.9449
21150	95.9449
21160	105.945
21170	92.938
21180	102.938
21190	112.938
21200	97.5524
21210	107.552
21220	117.552
21230	101.1
21240	111.1
21250	96.8713
21260	85.7514
21270	95.7514
21280	105.751
21290	91.655
21300	101.655
21310	86.8596
21320	96.8596
21330	84.7959
21340	94.7959
21350	84.9461
21360	94.9461
21370	104.946
21380	93.9913
21390	103.991
21400	113.991
21410	97.765
21420	107.765
21430	117.765
21440	99.415
21450	109.415
21460	97.4601
21470	107.46
21480	95.4357
21490	105.436
21500	115.436
21510	99.5843
21520	109.584
21530	91.9358
21540	101.936
21550	87.3495
21560	97.3495
21570	107.35
21580	117.35
21590	105.785
21600	115.785
21610	125.785
21620	108.84
21630	118.84
21640	102.048
21650	112.048
21660	97.174
21670	107.174
21680	117.174
21690	102.637
21700	112.637
21710	96.8052
21720	106.805
21730	93.1476
21740	103.148
21750	113.148
21760	96.7059
21770	106.706
21780	116.706
21790	97.9734
21800	107.973
21810	117.973
21820	104.387
21830	114.387
21840	97.8179
21850	107.818
21860	117.818
21870	96.4669
21880	106.467
21890	92.6764
21900	83.4285
21910	93.4285
21920	81.5262
21930	91.5262
21940	101.526
21950	89.4941
21960	99.4941
21970	109.494
21980	96.0279
21990	85.1813
22000	95.1813
22010	82.6757
22020	92.6757
22030	81.2448
22040	91.2448
22050	101.245
22060	111.245
22070	96.0507
22080	106.051
22090	89.1235
22100	99.1235
22110	88.1155
22120	98.1155
22130	87.3272
22140	97.3272
22150	107.327
22160	96.5926
22170	106.593
22180	94.1977
22190	104.198
22200	92.4743
22210	102.474
22220	90.0855
22230	78.7463
22240	88.7463
22250	98.7463
22260	85.4347
22270	95.4347
22280	105.435
22290	88.2471
22300	98.2471
22310	108.247
22320	96.4476
22330	106.448
22340	93.1456
22350	103.146
22360	113.146
22370	98.2629
22380	108.263
22390	89.9052
22400	99.9052
22410	90.1273
22420	100.127
22430	90.6672
22440	100.667
22450	110.667
22460	97.0662
22470	107.066
22480	93.838
22490	103.838
22500	113.838
22510	98.6722
22520	108.672
22530	118.672
22540	128.672
22550	110.459
22560	120.459
22570	101.947
22580	111.947
22590	92.4624
22600	102.462
22610	91.0108
22620	101.011
22630	87.5514
22640	97.5514
22650	107.551
22660	96.3483
22670	85.2917
22680	95.2917
22690	83.3286
22700	93.3286
22710	103.329
22720	91.7816
22730	101.782
22740	111.782
22750	98.8174
22760	108.817
22770	94.276
22780	104.276
22790	89.429
22800	99.429
22810	109.429
22820	93.2766
22830	103.277
22840	83.6761
22850	75.8607
22860	67.9151
22870	77.9151
22880	87.9151
22890	97.9151
22900	89.1411
22910	99.1411
22920	88.7033
22930	98.7033
22940	89.3157
22950	99.3157
22960	88.4999
22970	98.4999
22980	108.5
22990	94.5972
23000	104.597
23010	89.9321
23020	99.9321
23030	109.932
23040	90.646
23050	81.9733
23060	91.9733
23070	101.973
23080	90.2133
23090	100.213
23100	85.9467
23110	95.9467
23120	105.947
23130	115.947
23140	100.994
23150	110.994
23160	120.994
23170	105.575
23180	115.575
23190	101.213
23200	111.213
23210	98.5091
23220	108.509
23230	118.509
23240	105.348
23250	115.348
23260	97.7318
23270	107.732
23280	90.6525
23290	100.652
23300	110.652
23310	96.4981
23320	106.498
23330	93.8447
23340	103.845
23350	113.845
23360	96.4346
23370	106.435
23380	116.435
23390	100.647
23400	110.647
23410	120.647
23420	103.231
23430	113.231
23440	123.231
23450	105.383
23460	91.2156
23470	101.216
23480	111.216
23490	98.5224
23500	108.522
23510	94.33
23520	104.33
23530	91.4893
23540	101.489
23550	88.9576
23560	98.9576
23570	83.2723
23580	93.2723
23590	82.4907
23600	92.4907
23610	102.491
23620	91.2655
23630	101.265
23640	89.0879
23650	99.0879
23660	84.9437
23670	94.9437
23680	78.3076
23690	88.3076
23700	98.3076
23710	68.1763
23720	78.1763
23730	88.1763
23740	81.8524
23750	91.8524
23760	83.3854
23770	93.3853
23780	83.7219
23790	93.7219
23800	103.722
23810	113.722
23820	98.0843
23830	108.084
23840	94.8191
23850	104.819
23860	114.819
23870	96.7054
23880	106.705
23890	87.4031
23900	97.4031
23910	87.6357
23920	97.6357
23930	107.636
23940	96.124
23950	106.124
23960	93.6951
23970	103.695
23980	113.695
23990	101.941
24000	111.941
24010	121.941
24020	105.633
24030	115.633
24040	102.407
24050	112.407
24060	96.6397
24070	106.64
24080	116.64
24090	98.8217
24100	108.822
24110	92.5627
24120	102.563
24130	112.563
24140	93.8688
24150	81.1484
24160	70.2174
24170	80.2174
24180	90.2174
24190	79.0469
24200	89.0469
24210	81.3327
24220	91.3327
24230	81.7509
24240	91.7509
24250	83.4822
24260	93.4822
24270	103.482
24280	90.9076
24290	77.1536
24300	87.1536
24310	76.417
24320	86.417
24330	96.417
24340	89.4212
24350	99.4212
24360	109.421
24370	100.145
24380	110.145
24390	120.145
24400	106.095
24410	116.095
24420	126.095
24430	109.795
24440	119.795
24450	100.29
24460	110.29
24470	120.29
24480	100.434
24490	110.434
24500	87.1841
24510	97.1841
24520	90.3761
24530	100.376
24540	90.2998
24550	100.3
24560	110.3
24570	99.1502
24580	109.15
24590	119.15
24600	129.15
24610	111.412
24620	121.412
24630	107.205
24640	117.205
24650	100.705
24660	110.705
24670	93.8391
24680	103.839
24690	113.839
24700	95.1561
24710	105.156
24720	89.2029
24730	99.2029
24740	86.6619
24750	75.0254
24760	85.0254
24770	95.0254
24780	105.025
24790	91.9448
24800	101.945
24810	111.945
24820	98.4173
24830	108.417
24840	95.7095
24850	105.71
24860	115.71
24870	102.886
24880	112.886
24890	98.0072
24900	108.007
24910	90.8878
24920	100.888
24930	110.888
24940	97.7704
24950	107.77
24960	95.9402
24970	85.2232
24980	95.2232
24990	83.7064
25000	93.7064
25010	80.8529
25020	90.8529
25030	78.333
25040	88.333
25050	74.882
25060	84.882
25070	74.4071
25080	84.4071
25090	94.4071
25100	82.6184
25110	71.1581
25120	66.8557
25130	76.8557
25140	72.1451
25150	82.1451
25160	75.6509
25170	85.6509
25180	95.6509
25190	87.1142
25200	97.1142
25210	86.0579
25220	96.0579
25230	84.7768
25240	94.7768
25250	81.6623
25260	91.6623
25270	75.2288
25280	85.2288
25290	95.2288
25300	84.1666
25310	94.1666
25320	85.235
25330	77.5363
25340	87.5363
25350	97.5363
25360	89.8128
25370	99.8128
25380	90.034
25390	100.034
25400	89.6026
25410	99.6026
25420	87.7835
25430	97.7835
25440	85.975
25450	95.975
25460	81.9976
25470	91.9976
25480	75.3943
25490	69.1111
25500	79.1111
25510	71.7839
25520	81.7839
25530	91.7839
25540	83.1638
25550	93.1638
25560	82.4118
25570	73.359
25580	83.359
25590	73.9063
25600	83.9063
25610	70.6921
25620	80.6921
25630	71.7854
25640	81.7854
25650	76.1197
25660	86.1197
25670	79.6264
25680	89.6264
25690	99.6264
25700	93.2215
25710	103.221
25720	113.221
25730	102
25740	112
25750	97.0216
25760	107.022
25770	117.022
25780	100.382
25790	110.382
25800	92.9911
25810	102.991
25820	83.234
25830	93.234
25840	84.4589
25850	94.4589
25860	84.718
25870	94.718
25880	104.718
25890	89.615
25900	99.615
25910	109.615
25920	97.2525
25930	107.253
25940	96.8601
25950	106.86
25960	116.86
25970	103.514
25980	113.514
25990	100.823
26000	110.823
26010	97.0601
26020	107.06
26030	91.0388
26040	101.039
26050	111.039
26060	68.0411
26070	78.0411
26080	88.0411
26090	79.0064
26100	89.0064
26110	99.0064
26120	85.7571
26130	95.7571
26140	105.757
26150	92.5329
26160	102.533
26170	112.533
26180	99.7042
26190	109.704
26200	94.4989
26210	104.499
26220	114.499
26230	99.8038
26240	90.6421
26250	100.642
26260	110.642
26270	97.2768
26280	107.277
26290	94.6067
26300	104.607
26310	91.4778
26320	101.478
26330	88.0722
26340	98.0721
26350	82.4713
26360	92.4713
26370	102.471
26380	89.357
26390	99.357
26400	109.357
26410	97.7613
26420	107.761
26430	93.0276
26440	103.028
26450	113.028
26460	97.5581
26470	107.558
26480	90.3662
26490	100.366
26500	87.7677
26510	97.7677
26520	107.768
26530	92.9267
26540	102.927
26550	94.5144
26560	104.514
26570	94.3665
26580	104.367
26590	114.367
26600	101.645
26610	111.645
26620	121.645
26630	104.283
26640	114.283
26650	100.126
26660	86.045
26670	96.045
26680	106.045
26690	90.8493
26700	100.849
26710	86.4302
26720	96.4302
26730	85.4898
26740	95.4898
26750	105.49
26760	91.6857
26770	101.686
26780	84.3508
26790	94.3508
26800	104.351
26810	92.3462
26820	102.346
26830	112.346
26840	95.2847
26850	105.285
26860	115.285
26870	100.877
26880	110.877
26890	98.945
26900	108.945
26910	118.945
26920	103.487
26930	113.487
26940	100.985
26950	110.985
26960	120.985
26970	105.896
26980	115.896
26990	101.937
27000	111.937
27010	96.5058
27020	106.506
27030	92.0543
27040	102.054
27050	112.054
27060	95.4359
27070	105.436
27080	115.436
27090	94.5466
27100	104.547
27110	114.547
27120	99.0909
27130	85.5181
27140	95.5181
27150	105.518
27160	93.1046
27170	103.105
27180	90.1588
27190	100.159
27200	86.3319
27210	74.4872
27220	84.4872
27230	94.4872
27240	85.0036
27250	95.0036
27260	105.004
27270	95.4923
27280	105.492
27290	95.5772
27300	105.577
27310	93.0623
27320	103.062
27330	113.062
27340	98.9031
27350	108.903
27360	91.5021
27370	101.502
27380	61.5597
27390	71.5597
27400	81.5597
27410	91.5597
27420	81.8401
27430	91.8401
27440	101.84
27450	90.8822
27460	100.882
27470	88.3595
27480	98.3596
27490	108.36
27500	97.1058
27510	83.6038
27520	93.6038
27530	103.604
27540	91.7372
27550	101.737
27560	91.1318
27570	101.132
27580	91.2477
27590	101.248
27600	111.248
27610	97.1721
27620	107.172
27630	117.172
27640	103.196
27650	113.196
27660	123.196
27670	104.456
27680	114.456
27690	95.8045
27700	105.804
27710	85.9809
27720	95.9809
27730	85.3573
27740	95.3573
27750	84.0099
27760	94.0099
27770	104.01
27780	93.6655
27790	82.2014
27800	92.2014
27810	83.4133
27820	93.4133
27830	103.413
27840	91.8085
27850	101.808
27860	111.808
27870	94.8845
27880	104.884
27890	92.4076
27900	102.408
27910	112.408
27920	96.4277
27930	106.428
27940	89.4981
27950	99.4981
27960	84.3071
27970	94.3071
27980	104.307
27990	93.17
28000	103.17
28010	92.3658
28020	102.366
28030	112.366
28040	100.948
28050	110.948
28060	120.948
28070	107.389
28080	117.389
28090	127.389
28100	109.876
28110	119.876
28120	101.242
28130	111.242
28140	96.0044
28150	106.004
28160	93.7336
28170	103.734
28180	113.734
28190	98.6245
28200	108.624
28210	93.2533
28220	80.1524
28230	90.1524
28240	100.152
28250	87.6986
28260	97.6986
28270	107.699
28280	117.699
28290	98.7052
28300	108.705
28310	95.1071
28320	105.107
28330	89.7003
28340	99.7003
28350	84.4197
28360	94.4197
28370	84.8529
28380	94.8529
28390	104.853
28400	94.5484
28410	104.548
28420	94.5854
28430	104.585
28440	91.8353
28450	101.835
28460	111.835
28470	121.835
28480	107.26
28490	117.26
28500	127.26
28510	108.232
28520	89.9018
28530	99.9018
28540	109.902
28550	90.3557
28560	79.7815
28570	89.7815
28580	99.7815
28590	86.9076
28600	96.9076
28610	88.1113
28620	98.1113
28630	86.3767
28640	77.2853
28650	87.2853
28660	76.2616
28670	86.2617
28680	96.2616
28690	106.262
28700	92.7274
28710	102.727
28720	92.0598
28730	102.06
28740	89.1673
28750	99.1673
28760	109.167
28770	93.8942
28780	103.894
28790	88.5878
28800	98.5878
28810	108.588
28820	94.4689
28830	82.5478
28840	92.5478
28850	102.548
28860	95.2654
28870	85.3928
28880	95.3928
28890	83.7367
28900	93.7367
28910	103.737
28920	89.5329
28930	99.5329
28940	84.0552
28950	94.0552
28960	104.055
28970	91.4552
28980	101.455
28990	111.455
29000	98.2929
29010	108.293
29020	94.8841
29030	104.884
29040	114.884
29050	97.4315
29060	107.431
29070	93.5322
29080	103.532
29090	113.532
29100	101.825
29110	111.825
29120	99.3087
29130	109.309
29140	96.9779
29150	106.978
29160	91.8193
29170	101.819
29180	111.819
29190	121.819
29200	103.811
29210	113.811
29220	123.811
29230	106.43
29240	116.43
29250	98.806
29260	108.806
29270	118.806
29280	104.836
29290	91.4271
29300	101.427
29310	111.427
29320	94.9736
29330	104.974
29340	88.2012
29350	98.2012
29360	108.201
29370	96.9836
29380	106.984
29390	116.984
29400	105.512
29410	115.512
29420	125.512
29430	112.303
29440	122.303
29450	103.356
29460	86.2719
29470	96.2719
29480	106.272
29490	89.5532
29500	99.5532
29510	86.6124
29520	96.6124
29530	82.4866
29540	92.4866
29550	102.487
29560	90.8295
29570	79.0249
29580	89.0249
29590	99.0249
29600	87.6971
29610	97.6971
29620	107.697
29630	92.155
29640	102.155
29650	94.7069
29660	85.1989
29670	95.1989
29680	105.199
29690	92.9615
29700	79.5631
29710	89.5631
29720	99.5631
29730	80.5559
29740	73.0153
29750	64.9766
29760	74.9766
29770	84.9766
29780	94.9766
29790	84.5619
29800	94.5619
29810	104.562
29820	90.4794
29830	100.479
29840	90.5207
29850	100.521
29860	90.7297
29870	100.73
29880	89.5821
29890	99.5821
29900	109.582
29910	95.5244
29920	105.524
29930	93.6004
29940	103.6
29950	93.0741
29960	81.368
29970	91.368
29980	77.1708
29990	87.1708
30000	97.1708
30010	83.6449
30020	93.6449
30030	103.645
30040	91.4695
30050	101.469
30060	89.0082
30070	99.0082
30080	109.008
30090	95.7596
30100	105.76
30110	88.7485
30120	98.7485
30130	85.8391
30140	95.8391
30150	105.839
30160	94.7729
30170	104.773
30180	95.1346
30190	105.135
30200	94.3329
30210	104.333
30220	114.333
30230	124.333
30240	109.974
30250	119.974
30260	102.883
30270	112.883
30280	92.4999
30290	102.5
30300	112.5
30310	95.1057
30320	105.106
30330	88.8025
30340	98.8026
30350	108.803
30360	95.1641
30370	83.9019
30380	93.9019
30390	84.3673
30400	76.5628
30410	86.5628
30420	76.599
30430	86.599
30440	96.599
30450	84.0897
30460	94.0897
30470	104.09
30480	88.1391
30490	98.1391
30500	87.6378
30510	97.6378
30520	84.7119
30530	94.7119
30540	81.9518
30550	91.9518
30560	101.952
30570	91.8751
30580	101.875
30590	111.875
30600	99.1738
30610	109.174
30620	97.8925
30630	107.893
30640	96.62
30650	106.62
30660	93.285
30670	103.285
30680	113.285
30690	97.3856
30700	107.386
30710	117.386
30720	101.176
30730	111.176
30740	99.3732
30750	109.373
30760	119.373
30770	106.606
30780	116.606
30790	100.14
30800	110.14
30810	93.8876
30820	103.888
30830	113.888
30840	96.2798
30850	106.28
30860	87.063
30870	97.063
30880	107.063
30890	95.7115
30900	105.711
30910	115.711
30920	102.885
30930	112.885
30940	96.4962
30950	106.496
30960	116.496
30970	101.076
30980	111.076
30990	98.6126
31000	108.613
31010	95.1758
31020	105.176
31030	90.4588
31040	100.459
31050	89.0036
31060	99.0036
31070	86.1257
31080	96.1257
31090	79.5123
31100	89.5123
31110	99.5123
31120	109.512
31130	93.3995
31140	103.399
31150	93.4223
31160	103.422
31170	91.5555
31180	101.556
31190	88.4878
31200	98.4878
31210	108.488
31220	95.7233
31230	105.723
31240	89.1854
31250	78.9487
31260	88.9487
31270	77.873
31280	87.8729
31290	97.873
31300	89.0555
31310	99.0555
31320	87.9367
31330	97.9367
31340	107.937
31350	94.9662
31360	104.966
31370	92.0981
31380	102.098
31390	85.6313
31400	95.6312
31410	105.631
31420	87.9954
31430	97.9954
31440	107.995
31450	97.8441
31460	107.844
31470	117.844
31480	107.982
31490	117.982
31500	127.982
31510	114.456
31520	124.456
31530	108.557
31540	91.9216
31550	101.922
31560	111.922
31570	91.4013
31580	76.0999
31590	86.0998
31600	76.3035
31610	86.3035
31620	96.3035
31630	88.2552
31640	80.5285
31650	90.5285
31660	100.529
31670	89.6602
31680	99.6602
31690	109.66
31700	94.9966
31710	104.997
31720	114.997
31730	97.8874
31740	107.887
31750	90.5205
31760	100.521
31770	87.5205
31780	97.5205
31790	107.521
31800	95.5888
31810	105.589
31820	95.7329
31830	105.733
31840	94.7346
31850	104.735
31860	91.3668
31870	101.367
31880	111.367
31890	97.1655
31900	107.165
31910	117.165
31920	127.165
31930	108.754
31940	118.754
31950	98.4656
31960	108.466
31970	89.0241
31980	99.0241
31990	88.3002
32000	98.3002
32010	86.2596
32020	96.2596
32030	87.2069
32040	77.6958
32050	87.6958
32060	77.982
32070	87.982
32080	97.982
32090	85.8616
32100	95.8617
32110	105.862
32120	90.0553
32130	100.055
32140	110.055
32150	98.1279
32160	108.128
32170	94.6936
32180	79.6968
32190	89.6968
32200	99.6968
32210	85.8478
32220	95.8478
32230	105.848
32240	94.6952
32250	104.695
32260	93.4295
32270	103.43
32280	113.43
32290	101.198
32300	111.198
32310	121.198
32320	131.198
32330	114.471
32340	99.6553
32350	109.655
32360	94.1575
32370	104.158
32380	114.158
32390	97.2474
32400	86.0639
32410	96.0639
32420	83.0893
32430	93.0893
32440	103.089
32450	92.0538
32460	79.0005
32470	89.0005
32480	99.0005
32490	86.464
32500	96.464
32510	106.464
32520	90.3376
32530	100.338
32540	110.338
32550	96.8081
32560	106.808
32570	91.1358
32580	101.136
32590	88.1412
32600	98.1412
32610	108.141
32620	96.3202
32630	106.32
32640	96.0997
32650	106.1
32660	116.1
32670	104.073
32680	90.7709
32690	100.771
32700	110.771
32710	120.771
32720	104.771
32730	114.771
32740	124.771
32750	106.671
32760	116.671
32770	96.3952
32780	106.395
32790	86.6707
32800	96.6707
32810	86.0705
32820	96.0705
32830	106.071
32840	92.5533
32850	84.3381
32860	94.3381
32870	83.3997
32880	74.201
32890	84.201
32900	94.201
32910	82.5361
32920	92.5361
32930	102.536
32940	87.0235
32950	97.0235
32960	107.023
32970	94.6954
32980	104.695
32990	92.7761
33000	102.776
33010	88.4437
33020	98.4437
33030	84.4334
33040	94.4334
33050	104.433
33060	93.0102
33070	103.01
33080	92.0848
33090	102.085
33100	112.085
33110	98.8426
33120	108.843
33130	118.843
33140	128.843
33150	114.535
33160	99.4362
33170	109.436
33180	119.436
33190	102.322
33200	112.322
33210	96.1919
33220	85.4016
33230	95.4016
33240	105.402
33250	91.4889
33260	101.489
33270	89.9424
33280	99.9424
33290	85.6449
33300	95.6449
33310	82.3359
33320	92.3359
33330	102.336
33340	112.336
33350	94.1024
33360	104.102
33370	91.9321
33380	101.932
33390	86.8853
33400	96.8853
33410	86.1853
33420	96.1853
33430	106.185
33440	95.4782
33450	105.478
33460	95.5439
33470	105.544
33480	115.544
33490	102.813
33500	90.5184
33510	100.518
33520	110.518
33530	120.518
33540	103.848
33550	113.848
33560	123.848
33570	106.36
33580	116.36
33590	97.062
33600	107.062
33610	87.3418
33620	97.3418
33630	86.6661
33640	96.6661
33650	106.666
33660	93.0056
33670	84.1771
33680	94.1771
33690	83.6396
33700	74.1646
33710	84.1646
33720	94.1646
33730	82.1928
33740	92.1928
33750	102.193
33760	87.446
33770	97.446
33780	107.446
33790	94.9591
33800	104.959
33810	92.918
33820	102.918
33830	89.1194
33840	99.1194
33850	84.677
33860	94.677
33870	104.677
33880	92.8855
33890	102.886
33900	112.886
33910	101.688
33920	111.688
33930	121.688
33940	131.688
33950	114.021
33960	124.021
33970	110.633
33980	95.2393
33990	105.239
34000	115.239
34010	97.79
34020	107.79
34030	91.2914
34040	101.291
34050	88.8355
34060	98.8355
34070	108.836
34080	98.1945
34090	108.195
34100	118.195
34110	104.719
34120	114.719
34130	124.719
34140	134.719
34150	115.225
34160	125.225
34170	103.179
34180	82.5662
34190	92.5662
34200	102.566
34210	87.591
34220	78.3176
34230	88.3176
34240	98.3176
34250	90.5584
34260	100.558
34270	91.0588
34280	101.059
34290	111.059
34300	121.059
34310	107.722
34320	117.722
34330	127.722
34340	109.189
34350	119.189
34360	98.3773
34370	108.377
34380	89.0652
34390	99.0652
34400	109.065
34410	94.0042
34420	81.4181
34430	91.4181
34440	101.418
34450	93.0096
34460	82.9345
34470	92.9345
34480	102.934
34490	91.7534
34500	101.753
34510	111.753
34520	98.0914
34530	108.091
34540	94.5804
34550	104.58
34560	88.2511
34570	98.2511
34580	87.0319
34590	97.0319
34600	107.032
34610	92.0168
34620	102.017
34630	88.2499
34640	98.2499
34650	108.25
34660	96.8899
34670	106.89
34680	93.1529
34690	103.153
34700	113.153
34710	123.153
34720	105.854
34730	115.854
34740	125.854
34750	107.972
34760	93.0936
34770	103.094
34780	113.094
34790	97.0568
34800	107.057
34810	95.3599
34820	105.36
34830	92.6516
34840	102.652
34850	112.652
34860	95.6469
34870	105.647
34880	93.3891
34890	81.8566
34900	69.888
34910	79.8881
34920	89.8881
34930	99.8881
34940	83.8051
34950	93.8051
34960	82.7776
34970	92.7776
34980	84.8167
34990	94.8167
35000	104.817
35010	94.0104
35020	104.01
35030	90.9096
35040	100.91
35050	88.9419
35060	98.9419
35070	87.9459
35080	97.9459
35090	86.8167
35100	96.8167
35110	106.817
35120	116.817
35130	104.455
35140	114.455
35150	124.455
35160	107.699
35170	117.699
35180	100.695
35190	110.695
35200	120.695
35210	101.158
35220	111.158
35230	94.9883
35240	104.988
35250	114.988
35260	94.0342
35270	86.0719
35280	96.0719
35290	106.072
35300	95.2248
35310	105.225
35320	115.225
35330	101.877
35340	111.877
35350	121.877
35360	108.455
35370	118.455
35380	100.261
35390	110.261
35400	93.4952
35410	103.495
35420	113.495
35430	98.4376
35440	108.438
35450	92.0731
35460	102.073
35470	112.073
35480	95.2748
35490	105.275
35500	92.4292
35510	80.877
35520	90.877
35530	100.877
35540	86.471
35550	96.471
35560	106.471
35570	95.8699
35580	105.87
35590	91.9518
35600	101.952
35610	91.895
35620	101.895
35630	89.6251
35640	99.6251
35650	85.7798
35660	95.7798
35670	105.78
35680	69.1663
35690	79.1663
35700	89.1663
35710	99.1663
35720	88.3613
35730	98.3613
35740	108.361
35750	94.1661
35760	104.166
35770	90.0533
35780	100.053
35790	110.053
35800	94.6726
35810	104.673
35820	91.6422
35830	101.642
35840	89.0841
35850	99.0841
35860	109.084
35870	98.3563
35880	108.356
35890	97.0004
35900	107
35910	94.4769
35920	104.477
35930	114.477
35940	99.1357
35950	109.136
35960	119.136
35970	103.826
35980	113.826
35990	95.7939
36000	105.794
