10	11
20	21
30	2
40	2
50	2
60	2
70	5.33333
80	15.3333
90	19.6667
100	29.6667
110	39.6667
120	34
130	44
140	33.3333
150	43.3333
160	30.8333
170	40.8333
180	33.3333
190	43.3333
200	53.3333
210	42.45
220	52.45
230	44.3
240	54.3
250	64.3
260	52.65
270	62.65
280	45.65
290	55.65
300	42.1667
310	52.1667
320	46.2381
330	56.2381
340	47.6667
350	57.6667
360	45.881
370	55.881
380	47.381
390	57.381
400	50.2381
410	60.2381
420	52.8571
430	62.8571
440	72.8571
450	58.5143
460	68.5143
470	55.0286
480	65.0286
490	75.0286
500	62.1143
510	72.1143
520	63.1325
530	73.1325
540	65.1091
550	75.1091
560	85.1091
570	72.4788
580	82.4788
590	70.5152
600	80.5152
610	90.5152
620	74.0515
630	84.0515
640	73.8935
650	83.8935
660	93.8935
670	83.1807
680	93.1807
690	82.9965
700	92.9965
710	102.997
720	87.4346
730	97.4346
740	82.4489
750	92.4489
760	73.4704
770	83.4703
780	74.4608
790	84.4608
800	72.4608
810	82.4608
820	72.0913
830	82.0913
840	68.7501
850	78.7501
860	67.056
870	77.056
880	65.5148
890	75.5148
900	67.8403
910	77.8403
920	71.2211
930	81.2211
940	91.2211
950	83.9706
960	93.9706
970	80.0332
980	90.0332
990	75.4797
1000	85.4797
1010	95.4797
1020	83.4262
1030	93.4262
1040	81.706
1050	91.706
1060	81.2589
1070	91.2589
1080	79.4404
1090	89.4404
1100	81.3632
1110	91.3632
1120	82.3561
1130	75.5977
1140	85.5977
1150	95.5977
1160	85.3763
1170	75.3001
1180	85.3001
1190	95.3001
1200	81.4948
1210	91.4948
1220	75.6232
1230	85.6232
1240	76.3685
1250	86.3685
1260	96.3685
1270	87.1801
1280	97.1801
1290	90.2126
1300	100.213
1310	91.0251
1320	101.025
1330	87.4047
1340	97.4047
1350	107.405
1360	94.9494
1370	104.949
1380	114.949
1390	101.726
1400	87.0636
1410	97.0636
1420	107.064
1430	89.9013
1440	99.9013
1450	88.9251
1460	98.9251
1470	87.5584
1480	97.5584
1490	85.2958
1500	95.2958
1510	84.4024
1520	94.4024
1530	81.4177
1540	91.4177
1550	81.5382
1560	91.5382
1570	101.538
1580	89.9167
1590	99.9167
1600	109.917
1610	93.3126
1620	103.313
1630	113.313
1640	98.9364
1650	108.936
1660	97.4107
1670	107.411
1680	117.411
1690	104.517
1700	114.517
1710	101.868
1720	111.868
1730	99.1986
1740	109.199
1750	119.199
1760	102.273
1770	112.273
1780	94.3849
1790	104.385
1800	87.7941
1810	97.7941
1820	84.9777
1830	94.9777
1840	83.6765
1850	93.6765
1860	103.676
1870	93.2353
1880	103.235
1890	113.235
1900	97.8039
1910	107.804
1920	117.804
1930	98.3137
1940	108.314
1950	96.0784
1960	106.078
1970	116.078
1980	100.382
1990	110.382
2000	95.3922
2010	105.392
2020	95.1438
2030	105.144
2040	115.144
2050	100.144
2060	88.1198
2070	98.1198
2080	83.5031
2090	93.5031
2100	78.1448
2110	88.1448
2120	98.1448
2130	85.2222
2140	95.2222
2150	80.5778
2160	90.5778
2170	79.6361
2180	89.6361
2190	99.6361
2200	91.225
2210	101.225
2220	90.225
2230	100.225
2240	85.5439
2250	95.5439
2260	85.6219
2270	95.6219
2280	105.622
2290	94.8378
2300	104.838
2310	114.838
2320	98.9677
2330	88.8988
2340	98.8988
2350	108.899
2360	96.2134
2370	106.213
2380	116.213
2390	97.172
2400	107.172
2410	88.5867
2420	98.5867
2430	84.8844
2440	94.8844
2450	81.4421
2460	91.4421
2470	101.442
2480	85.264
2490	95.264
2500	85.1898
2510	95.1898
2520	86.9016
2530	77.9258
2540	87.9258
2550	97.9258
2560	88.188
2570	98.188
2580	87.1154
2590	79.3096
2600	89.3096
2610	99.3095
2620	87.8289
2630	97.8289
2640	82.6547
2650	71.0464
2660	81.0464
2670	69.9498
2680	79.9498
2690	89.9498
2700	79.5776
2710	73.6294
2720	83.6294
2730	93.6294
2740	84.7916
2750	94.7917
2760	84.2447
2770	94.2447
2780	104.245
2790	93.224
2800	103.224
2810	91.6826
2820	79.8076
2830	89.8076
2840	99.8076
2850	84.5809
2860	94.5809
2870	80.4835
2880	90.4835
2890	100.483
2900	90.971
2910	100.971
2920	110.971
2930	120.971
2940	105.417
2950	115.417
2960	103.345
2970	113.345
2980	123.345
2990	108.468
3000	118.468
3010	101.86
3020	111.86
3030	121.86
3040	105.855
3050	115.855
3060	101.13
3070	111.13
3080	100.036
3090	110.036
3100	120.036
3110	105.884
3120	115.884
3130	100.298
3140	110.298
3150	120.298
3160	101.811
3170	111.811
3180	90.368
3190	100.368
3200	110.368
3210	87.8123
3220	97.8122
3230	107.812
3240	94.2133
3250	104.213
3260	92.6689
3270	102.669
3280	112.669
3290	99.9892
3300	109.989
3310	94.7605
3320	104.76
3330	114.76
3340	95.3287
3350	105.329
3360	92.7647
3370	102.765
3380	95.9193
3390	86.724
3400	96.724
3410	106.724
3420	95.1132
3430	105.113
3440	115.113
3450	125.113
3460	105.874
3470	115.874
3480	98.2201
3490	108.22
3500	88.8128
3510	98.8128
3520	79.0343
3530	89.0343
3540	99.0343
3550	86.0781
3560	77.0539
3570	87.0539
3580	97.0539
3590	107.054
3600	96.5041
3610	85.8682
3620	95.8682
3630	84.4872
3640	94.4872
3650	85.9197
3660	95.9197
3670	105.92
3680	93.7659
3690	103.766
3700	91.4714
3710	101.471
3720	87.9065
3730	97.9065
3740	107.907
3750	92.0604
3760	102.06
3770	112.06
3780	99.8462
3790	109.846
3800	119.846
3810	104
3820	114
3830	124
3840	104.202
3850	114.202
3860	124.202
3870	110.652
3880	96.978
3890	106.978
3900	116.978
3910	101.098
3920	111.098
3930	121.098
3940	102.135
3950	86.4738
3960	96.4738
3970	81.6929
3980	91.6929
3990	101.693
4000	89.0717
4010	99.0717
4020	84.7159
4030	94.7159
4040	84.8399
4050	94.8399
4060	85.6862
4070	95.6862
4080	105.686
4090	92.6043
4100	102.604
4110	86.8863
4120	96.8863
4130	85.4657
4140	95.4657
4150	105.466
4160	92.2195
4170	80.939
4180	90.939
4190	100.939
4200	87.7799
4210	97.7799
4220	87.1004
4230	78.1962
4240	70.0856
4250	80.0856
4260	90.0856
4270	79.0232
4280	89.0233
4290	77.9459
4300	87.946
4310	78.064
4320	88.064
4330	98.064
4340	86.174
4350	96.174
4360	106.174
4370	89.5053
4380	99.5053
4390	91.1949
4400	101.195
4410	111.195
4420	99.231
4430	109.231
4440	119.231
4450	105.53
4460	91.1168
4470	101.117
4480	90.2226
4490	100.223
4500	87.3987
4510	97.3987
4520	83.3409
4530	93.3409
4540	103.341
4550	87.6633
4560	97.6632
4570	82.2163
4580	92.2163
4590	82.8049
4600	92.8049
4610	83.0487
4620	93.0487
4630	83.0658
4640	73.7007
4650	83.7007
4660	76.5545
4670	86.5545
4680	77.1272
4690	87.1272
4700	97.1272
4710	84.1944
4720	72.6343
4730	82.6343
4740	92.6343
4750	77.6173
4760	87.6173
4770	80.903
4780	90.903
4790	100.903
4800	91.2676
4810	83.6176
4820	93.6176
4830	84.6502
4840	94.6502
4850	82.18
4860	92.18
4870	102.18
4880	88.4015
4890	98.4015
4900	108.402
4910	93.4653
4920	103.465
4930	88.7194
4940	98.7194
4950	108.719
4960	100.56
4970	110.56
4980	120.56
4990	108.457
5000	118.457
5010	104.366
5020	114.366
5030	98.6814
5040	108.681
5050	93.4466
5060	103.447
5070	87.2303
5080	97.2303
5090	107.23
5100	92.0111
5110	102.011
5120	90.0847
5130	100.085
5140	85.9655
5150	95.9655
5160	84.0641
5170	94.0641
5180	82.113
5190	92.113
5200	102.113
5210	88.6184
5220	98.6185
5230	89.5572
5240	99.5572
5250	109.557
5260	97.5553
5270	107.555
5280	117.555
5290	102.977
5300	112.977
5310	122.977
5320	107.961
5330	117.961
5340	101.523
5350	111.523
5360	100.233
5370	110.233
5380	120.233
5390	103.537
5400	113.537
5410	123.537
5420	104.153
5430	114.153
5440	95.3473
5450	105.347
5460	90.0665
5470	100.067
5480	110.067
5490	93.7466
5500	103.747
5510	113.747
5520	103.589
5530	113.589
5540	98.5281
5550	108.528
5560	118.528
5570	101.757
5580	111.757
5590	96.4844
5600	106.484
5610	92.1782
5620	102.178
5630	87.7228
5640	97.7228
5650	107.723
5660	95.8416
5670	83.9604
5680	93.9604
5690	81.1881
5700	91.1881
5710	76.2376
5720	86.2376
5730	59.6535
5740	69.6535
5750	79.6535
5760	72.9208
5770	82.9208
5780	74.4059
5790	67.6708
5800	77.6707
5810	87.6708
5820	78.9823
5830	88.9823
5840	98.9823
5850	83.5646
5860	93.5646
5870	85.8185
5880	95.8185
5890	87.4653
5900	97.4653
5910	107.465
5920	97.5012
5930	107.501
5940	94.625
5950	104.625
5960	92.1346
5970	102.135
5980	112.135
5990	95.9781
6000	105.978
6010	115.978
6020	125.978
6030	102.925
6040	112.925
6050	95.2777
6060	105.278
6070	93.5125
6080	103.512
6090	113.512
6100	101.208
6110	111.208
6120	98.7513
6130	108.751
6140	95.5385
6150	105.538
6160	91.8849
6170	101.885
6180	111.885
6190	95.1875
6200	105.187
6210	87.9008
6220	97.9008
6230	82.0143
6240	92.0143
6250	85.8218
6260	95.8218
6270	105.822
6280	93.7087
6290	103.709
6300	93.2906
6310	103.291
6320	92.3803
6330	102.38
6340	112.38
6350	99.4417
6360	109.442
6370	93.4499
6380	103.45
6390	88.169
6400	98.169
6410	108.169
6420	92.5595
6430	102.56
6440	87.3632
6450	97.3632
6460	81.3253
6470	91.3253
6480	101.325
6490	91.5763
6500	82.2509
6510	92.2509
6520	102.251
6530	93.4074
6540	103.407
6550	89.6683
6560	99.6683
6570	109.668
6580	96.5378
6590	106.538
6600	116.538
6610	103.739
6620	113.739
6630	98.9766
6640	108.977
6650	92.6237
6660	102.624
6670	86.7417
6680	96.7417
6690	81.4099
6700	91.4099
6710	81.5096
6720	91.5096
6730	101.51
6740	89.9053
6750	99.9053
6760	109.905
6770	119.905
6780	104.768
6790	91.4873
6800	101.487
6810	88.7532
6820	98.7532
6830	84.2054
6840	94.2054
6850	79.4261
6860	89.4261
6870	79.7697
6880	89.7697
6890	83.3055
6900	93.3055
6910	83.4543
6920	75.101
6930	85.101
6940	95.101
6950	105.101
6960	93.2231
6970	78.9256
6980	88.9256
6990	98.9256
7000	85.3882
7010	95.3882
7020	81.2502
7030	91.2502
7040	79.8385
7050	89.8385
7060	81.4159
7070	91.4159
7080	101.416
7090	90.7921
7100	100.792
7110	90.9371
7120	100.937
7130	91.7529
7140	101.753
7150	111.753
7160	101.331
7170	88.8373
7180	98.8373
7190	84.5517
7200	94.5517
7210	79.0001
7220	89.0001
7230	99.0001
7240	83.6302
7250	93.6302
7260	103.63
7270	86.2238
7280	96.2238
7290	106.224
7300	95.8861
7310	105.886
7320	115.886
7330	103.577
7340	93.3404
7350	103.34
7360	113.34
7370	101.596
7380	111.596
7390	96.6678
7400	106.668
7410	92.323
7420	81.5604
7430	91.5604
7440	101.56
7450	87.045
7460	97.045
7470	107.045
7480	117.045
7490	97.2246
7500	107.225
7510	89.0654
7520	99.0654
7530	109.065
7540	94.5662
7550	86.3527
7560	96.3527
7570	106.353
7580	94.3757
7590	104.376
7600	92.1351
7610	102.135
7620	112.135
7630	97.1206
7640	107.121
7650	117.121
7660	100.809
7670	110.809
7680	93.5243
7690	103.524
7700	113.524
7710	95.7282
7720	105.728
7730	94.3227
7740	83.6921
7750	93.6921
7760	103.692
7770	92.0054
7780	102.005
7790	112.005
7800	99.0246
7810	109.025
7820	119.025
7830	129.025
7840	109.645
7850	119.645
7860	101.403
7870	111.403
7880	121.403
7890	101.851
7900	111.851
7910	94.6269
7920	104.627
7930	90.5224
7940	100.522
7950	110.522
7960	99.0468
7970	109.047
7980	119.047
7990	129.047
8000	89.9972
8010	99.9972
8020	109.997
8030	93.5109
8040	103.511
8050	113.511
8060	95.8712
8070	105.871
8080	92.5101
8090	81.4463
8100	91.4463
8110	101.446
8120	89.556
8130	99.556
8140	109.556
8150	119.556
8160	102.675
8170	112.675
8180	98.9805
8190	108.98
8200	93.1431
8210	103.143
8220	87.7275
8230	97.7275
8240	84.4723
8250	94.4723
8260	104.472
8270	91.1578
8280	101.158
8290	111.158
8300	96.607
8310	106.607
8320	116.607
8330	97.4333
8340	107.433
8350	94.9917
8360	104.992
8370	114.992
8380	99.4972
8390	109.497
8400	98.9321
8410	108.932
8420	97.1713
8430	107.171
8440	95.5705
8450	105.57
8460	115.57
8470	125.57
8480	109.596
8490	119.596
8500	129.596
8510	109.296
8520	91.7894
8530	101.789
8540	84.0403
8550	94.0403
8560	104.04
8570	83.7483
8580	93.7483
8590	84.0853
8600	94.0853
8610	104.085
8620	93.7946
8630	103.795
8640	113.795
8650	99.9436
8660	109.944
8670	119.944
8680	105.857
8690	115.857
8700	103.189
8710	113.189
8720	100.056
8730	110.056
8740	98.2975
8750	108.297
8760	118.297
8770	104.837
8780	114.837
8790	98.0229
8800	108.023
8810	118.023
8820	98.0271
8830	108.027
8840	118.027
8850	94.4934
8860	104.493
8870	114.493
8880	98.8927
8890	108.893
8900	91.9799
8910	101.98
8920	111.98
8930	97.5325
8940	107.532
8950	95.7143
8960	105.714
8970	115.714
8980	101.837
8990	111.837
9000	121.837
9010	104.556
9020	91.8799
9030	101.88
9040	111.88
9050	97.726
9060	107.726
9070	92.2318
9080	102.232
9090	112.232
9100	98.9836
9110	87.4695
9120	97.4695
9130	107.47
9140	94.0007
9150	104.001
9160	114.001
9170	96.571
9180	106.571
9190	116.571
9200	100.009
9210	87.7531
9220	97.7531
9230	107.753
9240	91.4367
9250	101.437
9260	88.6789
9270	98.6788
9280	86.2139
9290	96.2139
9300	106.214
9310	91.6908
9320	101.691
9330	111.691
9340	121.691
9350	100.706
9360	110.706
9370	98.8618
9380	108.862
9390	118.862
9400	104.183
9410	114.183
9420	101.821
9430	111.821
9440	99.6241
9450	109.624
9460	95.6447
9470	105.645
9480	115.645
9490	100.4
9500	110.4
9510	120.4
9520	100.32
9530	85.5898
9540	95.5898
9550	81.6102
9560	91.6102
9570	101.61
9580	84.4711
9590	94.4711
9600	85.1934
9610	95.1934
9620	84.4626
9630	94.4626
9640	104.463
9650	91.1035
9660	101.104
9670	111.103
9680	95.1701
9690	105.17
9700	95.6467
9710	105.647
9720	95.7432
9730	105.743
9740	92.2723
9750	102.272
9760	89.8011
9770	99.8011
9780	87.2512
9790	97.2512
9800	80.2021
9810	90.2021
9820	79.1083
9830	89.1083
9840	77.5727
9850	87.5727
9860	75.7205
9870	85.7205
9880	75.4818
9890	85.4818
9900	76.2685
9910	86.2685
9920	75.0818
9930	85.0818
9940	79.9191
9950	89.9191
9960	99.9191
9970	92.6361
9980	102.636
9990	112.636
10000	100.934
10010	110.934
10020	120.934
10030	107.541
10040	93.2138
10050	103.214
10060	113.214
10070	95.4805
10080	77.7371
10090	87.7371
10100	97.7371
10110	79.5428
10120	89.5428
10130	99.5428
10140	90.8832
10150	100.883
10160	110.883
10170	101.945
10180	111.945
10190	121.945
10200	110.716
10210	120.716
10220	130.716
10230	114.839
10240	124.839
10250	109.356
10260	119.356
10270	100.745
10280	110.745
10290	95.5825
10300	105.583
10310	88.5891
10320	98.5891
10330	108.589
10340	92.3795
10350	102.38
10360	112.38
10370	97.5001
10380	107.5
10390	117.5
10400	101.472
10410	111.472
10420	97.0517
10430	107.052
10440	92.3626
10450	102.363
10460	112.363
10470	97.4334
10480	107.433
10490	93.2388
10500	103.239
10510	87.7041
10520	97.7041
10530	107.704
10540	91.9651
10550	101.965
10560	90.8446
10570	100.845
10580	90.5739
10590	100.574
10600	87.5464
10610	79.0167
10620	69.8248
10630	79.8248
10640	89.8248
10650	78.5825
10660	88.5825
10670	76.2707
10680	86.2707
10690	96.2707
10700	85.933
10710	76.0881
10720	86.0881
10730	73.8903
10740	83.8903
10750	72.4955
10760	82.4955
10770	76.6767
10780	86.6767
10790	80.5452
10800	90.5452
10810	100.545
10820	92.8366
10830	102.837
10840	92.8769
10850	102.877
10860	89.0594
10870	99.0594
10880	109.059
10890	119.059
10900	103.968
10910	87.862
10920	97.862
10930	82.2794
10940	92.2793
10950	102.279
10960	87.5397
10970	97.5397
10980	85.8982
10990	95.8982
11000	85.4487
11010	95.4487
11020	105.449
11030	93.1312
11040	103.131
11050	113.131
11060	103.442
11070	113.442
11080	101.684
11090	111.684
11100	97.2521
11110	107.252
11120	92.0823
11130	102.082
11140	87.3563
11150	73.7367
11160	83.7367
11170	72.3073
11180	82.3073
11190	92.3073
11200	85.5069
11210	95.5069
11220	105.507
11230	96.8679
11240	106.868
11250	92.944
11260	79.857
11270	89.857
11280	74.7835
11290	84.7835
11300	94.7835
11310	81.0675
11320	91.0675
11330	81.2443
11340	91.2443
11350	83.4317
11360	93.4317
11370	103.432
11380	113.432
11390	97.9016
11400	87.9056
11410	97.9056
11420	89.2306
11430	99.2306
11440	88.8165
11450	98.8165
11460	108.816
11470	96.4224
11480	106.422
11490	116.422
11500	98.8451
11510	108.845
11520	94.9773
11530	104.977
11540	88.0593
11550	98.0593
11560	108.059
11570	118.059
11580	101.27
11590	111.27
11600	121.27
11610	100.868
11620	110.868
11630	96.5723
11640	106.572
11650	116.572
11660	103.532
11670	113.532
11680	98.4381
11690	108.438
11700	95.1678
11710	105.168
11720	115.168
11730	100.973
11740	110.973
11750	98.8246
11760	108.825
11770	118.825
11780	104.348
11790	114.348
11800	124.348
11810	108.177
11820	118.177
11830	128.177
11840	108.952
11850	118.952
11860	98.9565
11870	108.956
11880	118.956
11890	96.4555
11900	106.455
11910	89.8122
11920	99.8122
11930	109.812
11940	96.5258
11950	85.8685
11960	95.8685
11970	82.0777
11980	92.0777
11990	81.8243
12000	91.8243
12010	81.9448
12020	91.9448
12030	82.3208
12040	73.3128
12050	83.3128
12060	93.3128
12070	82.6898
12080	92.6898
12090	81.0972
12100	67.6244
12110	62.3826
12120	72.3826
12130	82.3826
12140	75.0028
12150	66.9419
12160	76.9419
12170	86.9419
12180	76.2424
12190	86.2424
12200	96.2424
12210	86.5635
12220	96.5634
12230	86.007
12240	96.0071
12250	83.2548
12260	93.2548
12270	103.255
12280	94.6412
12290	104.641
12300	114.641
12310	105.396
12320	115.396
12330	125.396
12340	113.66
12350	123.66
12360	133.66
12370	115.167
12380	125.167
12390	135.167
12400	114.406
12410	99.1627
12420	109.163
12430	93.23
12440	103.23
12450	85.1664
12460	95.1664
12470	79.9814
12480	89.9814
12490	99.9814
12500	86.9841
12510	96.9841
12520	106.984
12530	95.3476
12540	105.348
12550	115.348
12560	101.556
12570	111.556
12580	121.556
12590	104.941
12600	114.941
12610	98.8003
12620	108.8
12630	118.8
12640	104.873
12650	114.873
12660	96.7449
12670	106.745
12680	88.5135
12690	98.5135
12700	88.4487
12710	98.4487
12720	108.449
12730	96.7958
12740	85.679
12750	95.679
12760	83.5654
12770	93.5654
12780	83.1285
12790	70.3101
12800	80.3101
12810	69.4245
12820	79.4245
12830	69.5743
12840	63.0747
12850	73.0747
12860	83.0747
12870	74.4024
12880	84.4024
12890	94.4024
12900	83.7181
12910	72.8922
12920	82.8922
12930	77.987
12940	87.987
12950	81.8702
12960	91.8702
12970	101.87
12980	93.656
12990	103.656
13000	94.8979
13010	104.898
13020	93.4693
13030	103.469
13040	113.469
13050	98.9177
13060	108.918
13070	118.918
13080	99.4962
13090	109.496
13100	90.085
13110	100.085
13120	86.0022
13130	96.0022
13140	80.5513
13150	90.5513
13160	80.6134
13170	90.6134
13180	100.613
13190	91.5739
13200	80.8842
13210	90.8842
13220	100.884
13230	89.9314
13240	99.9314
13250	109.931
13260	96.4976
13270	106.498
13280	95.8318
13290	105.832
13300	94.4886
13310	104.489
13320	92.4266
13330	102.427
13340	86.886
13350	96.886
13360	79.3909
13370	89.3909
13380	99.3909
13390	90.1899
13400	100.19
13410	110.19
13420	96.8535
13430	106.854
13440	94.3177
13450	104.318
13460	114.318
13470	99.6212
13480	109.621
13490	94.4349
13500	104.435
13510	88.8471
13520	98.8471
13530	81.7823
13540	91.7823
13550	101.782
13560	111.782
13570	99.8822
13580	109.882
13590	119.882
13600	103.958
13610	113.958
13620	103.547
13630	113.547
13640	101.281
13650	111.281
13660	95.3741
13670	105.374
13680	115.374
13690	99.196
13700	109.196
13710	93.3337
13720	103.334
13730	113.334
13740	96.7267
13750	106.727
13760	116.727
13770	102.291
13780	112.291
13790	122.291
13800	132.291
13810	112.247
13820	94.6895
13830	104.69
13840	88.6647
13850	98.6647
13860	86.2867
13870	96.2867
13880	106.287
13890	89.673
13900	80.9148
13910	90.9148
13920	100.915
13930	91.6386
13940	101.639
13950	111.639
13960	97.897
13970	107.897
13980	93.9938
13990	103.994
14000	90.5707
14010	100.571
14020	87.2088
14030	97.2088
14040	82.7625
14050	92.7625
14060	77.5467
14070	87.5467
14080	97.5467
14090	85.6125
14100	95.6125
14110	105.613
14120	92.9327
14130	102.933
14140	112.933
14150	99.1593
14160	109.159
14170	99.4289
14180	109.429
14190	98.8423
14200	108.842
14210	118.842
14220	105.069
14230	115.069
14240	99.8764
14250	109.876
14260	96.2178
14270	106.218
14280	90.9598
14290	100.96
14300	110.96
14310	120.96
14320	107.251
14330	117.251
14340	127.251
14350	109.477
14360	119.477
14370	103.347
14380	113.347
14390	95.5918
14400	105.592
14410	115.592
14420	95.3878
14430	105.388
14440	81.871
14450	91.871
14460	101.871
14470	94.137
14480	104.137
14490	114.137
14500	103.304
14510	113.304
14520	101.816
14530	111.816
14540	121.816
14550	108.466
14560	118.466
14570	103.712
14580	113.712
14590	97.6532
14600	107.653
14610	89.2915
14620	99.2915
14630	85.3203
14640	95.3203
14650	105.32
14660	93.2424
14670	103.242
14680	113.242
14690	96.5768
14700	87.3105
14710	97.3106
14720	107.311
14730	94.328
14740	104.328
14750	90.0331
14760	100.033
14770	85.9736
14780	95.9736
14790	81.062
14800	91.062
14810	82.0549
14820	73.2437
14830	83.2437
14840	93.2437
14850	81.5613
14860	91.5613
14870	83.4437
14880	93.4436
14890	84.777
14900	94.777
14910	104.777
14920	92.4345
14930	102.435
14940	89.8803
14950	99.8803
14960	89.1176
14970	99.1176
14980	85.9461
14990	95.9461
15000	86.2174
15010	96.2174
15020	106.217
15030	95.8037
15040	105.804
15050	115.804
15060	101.295
15070	111.295
15080	96.0547
15090	106.055
15100	87.9393
15110	97.9393
15120	78.2714
15130	88.2714
15140	98.2714
15150	83.7371
15160	78.7641
15170	88.7641
15180	98.7641
15190	108.764
15200	99.1129
15210	109.113
15220	98.5611
15230	108.561
15240	118.561
15250	102.325
15260	112.325
15270	97.2307
15280	107.231
15290	117.231
15300	100.362
15310	110.362
15320	95.777
15330	105.777
15340	92.1631
15350	102.163
15360	112.163
15370	102.078
15380	112.078
15390	122.078
15400	106.168
15410	116.168
15420	126.168
15430	109.162
15440	119.162
15450	102.114
15460	112.114
15470	122.114
15480	104.823
15490	114.823
15500	95.0699
15510	105.07
15520	115.07
15530	94.1905
15540	80.3135
15550	90.3135
15560	100.314
15570	86.8101
15580	96.8101
15590	106.81
15600	94.9884
15610	104.988
15620	97.3131
15630	87.9277
15640	97.9277
15650	107.928
15660	94.8811
15670	104.881
15680	91.1899
15690	101.19
15700	85.618
15710	95.618
15720	80.2014
15730	90.2014
15740	100.201
15750	89.2488
15760	99.2489
15770	109.249
15780	96.283
15790	106.283
15800	90.7793
15810	100.779
15820	86.707
15830	96.707
15840	106.707
15850	92.5159
15860	102.516
15870	87.0455
15880	97.0455
15890	89.8722
15900	99.8722
15910	109.872
15920	100.237
15930	110.237
15940	120.237
15950	130.237
15960	117.329
15970	101.306
15980	111.306
15990	93.0908
16000	103.091
16010	84.0427
16020	94.0427
16030	79.7464
16040	89.7464
16050	99.7464
16060	83.3111
16070	93.3111
16080	84.209
16090	94.209
16100	104.209
16110	114.209
16120	101.321
16130	111.321
16140	121.321
16150	107.558
16160	117.558
16170	106.488
16180	116.488
16190	103.481
16200	113.481
16210	123.481
16220	108.634
16230	92.8473
16240	102.847
16250	89.177
16260	99.177
16270	83.0949
16280	93.0949
16290	103.095
16300	90.7217
16310	100.722
16320	110.722
16330	96.6669
16340	106.667
16350	116.667
16360	98.3896
16370	84.5693
16380	94.5693
16390	104.569
16400	87.9307
16410	97.9307
16420	107.931
16430	98.1728
16440	108.173
16450	96.0491
16460	106.049
16470	116.049
16480	99.3438
16490	109.344
16500	97.331
16510	85.1787
16520	95.1787
16530	105.179
16540	115.179
16550	98.9841
16560	108.984
16570	118.984
16580	105.21
16590	115.21
16600	99.5635
16610	109.563
16620	98.8916
16630	108.892
16640	94.8968
16650	104.897
16660	88.0694
16670	98.0694
16680	83.2182
16690	93.2182
16700	78.131
16710	88.131
16720	98.131
16730	86.3468
16740	96.3468
16750	106.347
16760	95.3048
16770	105.305
16780	94.1614
16790	104.161
16800	90.822
16810	100.822
16820	110.822
16830	95.4408
16840	105.441
16850	90.7959
16860	100.796
16870	90.2515
16880	100.251
16890	110.252
16900	99.8885
16910	109.888
16920	119.888
16930	107.19
16940	117.19
16950	101.531
16960	111.531
16970	92.9824
16980	77.3866
16990	87.3866
17000	75.6814
17010	85.6814
17020	72.461
17030	66.9988
17040	76.9988
17050	86.9988
17060	79.432
17070	89.432
17080	80.06
17090	90.06
17100	78.4469
17110	88.4469
17120	98.4469
17130	89.7046
17140	99.7046
17150	87.9198
17160	97.9198
17170	89.7771
17180	81.6385
17190	91.6385
17200	101.639
17210	111.639
17220	100.071
17230	110.071
17240	120.071
17250	104.494
17260	114.494
17270	95.8106
17280	105.811
17290	84.6552
17300	94.6552
17310	81.4872
17320	91.4872
17330	101.487
17340	90.9862
17350	80.4893
17360	90.4892
17370	100.489
17380	92.4055
17390	102.405
17400	90.4974
17410	100.497
17420	110.497
17430	96.3675
17440	106.368
17450	92.2475
17460	102.248
17470	89.2129
17480	99.2129
17490	85.1154
17500	95.1154
17510	105.115
17520	93.2001
17530	103.2
17540	89.3691
17550	99.3691
17560	109.369
17570	93.0757
17580	103.076
17590	113.076
17600	100.502
17610	110.502
17620	95.0506
17630	105.051
17640	90.7755
17650	100.776
17660	89.9605
17670	99.9605
17680	109.961
17690	94.4976
17700	104.498
17710	91.2747
17720	101.275
17730	111.275
17740	99.2054
17750	109.205
17760	119.205
17770	105.461
17780	115.461
17790	125.461
17800	108.614
17810	118.614
17820	128.614
17830	108.203
17840	118.203
17850	98.2738
17860	108.274
17870	87.803
17880	97.803
17890	85.8804
17900	95.8804
17910	86.4296
17920	96.4296
17930	87.1476
17940	97.1476
17950	107.148
17960	94.7268
17970	104.727
17980	114.727
17990	102.816
18000	112.816
18010	122.816
18020	107.321
18030	117.321
18040	127.321
18050	107.158
18060	86.3568
18070	96.3568
18080	106.357
18090	91.8679
18100	101.868
18110	85.2857
18120	95.2857
18130	105.286
18140	93.9191
18150	103.919
18160	113.919
18170	103.975
18180	113.975
18190	100.752
18200	110.752
18210	120.752
18220	103.977
18230	113.977
18240	97.7469
18250	107.747
18260	94.4525
18270	104.452
18280	89.1655
18290	99.1655
18300	109.165
18310	91.7241
18320	80.3184
18330	90.3184
18340	100.318
18350	83.9343
18360	93.9342
18370	83.6613
18380	93.6613
18390	103.661
18400	90.4747
18410	100.475
18420	89.7509
18430	79.9039
18440	89.9039
18450	99.9039
18460	91.207
18470	101.207
18480	89.9305
18490	99.9305
18500	109.931
18510	96.9331
18520	106.933
18530	116.933
18540	126.933
18550	112.26
18560	122.26
18570	132.26
18580	113.947
18590	123.947
18600	104.453
18610	114.453
18620	94.6102
18630	104.61
18640	88.6423
18650	98.6423
18660	108.642
18670	92.8389
18680	82.5368
18690	92.5368
18700	102.537
18710	90.8078
18720	100.808
18730	90.5244
18740	100.524
18750	110.524
18760	96.8573
18770	106.857
18780	92.6951
18790	102.695
18800	86.4871
18810	74.736
18820	84.736
18830	94.736
18840	83.703
18850	73.5335
18860	83.5335
18870	74.7118
18880	84.7118
18890	94.7118
18900	84.1319
18910	94.1319
18920	83.1237
18930	93.1237
18940	80.3485
18950	90.3485
18960	80.6959
18970	90.6959
18980	100.696
18990	91.6405
19000	83.962
19010	93.962
19020	83.8983
19030	93.8983
19040	103.898
19050	91.9317
19060	101.932
19070	89.3796
19080	99.3796
19090	85.0459
19100	71.0378
19110	81.0378
19120	91.0378
19130	83.2427
19140	76.7859
19150	86.7859
19160	78.1137
19170	88.1137
19180	98.1137
19190	87.6766
19200	97.6766
19210	86.2467
19220	96.2467
19230	83.5823
19240	93.5823
19250	80.5746
19260	90.5746
19270	100.575
19280	91.5935
19290	84.0323
19300	94.0323
19310	84.1374
19320	94.1374
19330	104.137
19340	92.3817
19350	102.382
19360	89.2267
19370	99.2267
19380	84.6695
19390	70.8601
19400	80.8601
19410	90.8601
19420	83.2591
19430	76.5441
19440	86.5442
19450	78.078
19460	88.078
19470	98.078
19480	87.5878
19490	97.5878
19500	86.0681
19510	96.0681
19520	83.2412
19530	93.2412
19540	80.4702
19550	90.4702
19560	100.47
19570	91.6614
19580	83.7946
19590	93.7946
19600	84.0553
19610	94.0553
19620	104.055
19630	91.9798
19640	101.98
19650	88.9808
19660	98.9808
19670	84.3005
19680	70.7015
19690	80.7015
19700	90.7015
19710	83.2276
19720	76.6333
19730	86.6333
19740	77.9796
19750	87.9796
19760	97.9796
19770	87.4852
19780	97.4852
19790	86.1315
19800	96.1315
19810	83.045
19820	93.045
19830	80.4491
19840	90.4491
19850	100.449
19860	91.8277
19870	84.0001
19880	94.0001
19890	83.5714
19900	93.5714
19910	103.571
19920	91.8027
19930	101.803
19940	89.145
19950	99.145
19960	84.2758
19970	70.9804
19980	80.9804
19990	90.9803
20000	83.7101
20010	77.0453
20020	87.0453
20030	77.6199
20040	87.6199
20050	97.6199
20060	87.3167
20070	97.3167
20080	86.1598
20090	96.1598
20100	83.2319
20110	93.2319
20120	80.4462
20130	90.4462
20140	100.446
20150	91.9386
20160	83.9687
20170	93.9687
20180	103.969
20190	92.6404
20200	102.64
20210	112.64
20220	99.617
20230	109.617
20240	95.6585
20250	105.659
20260	115.659
20270	72.4634
20280	82.4634
20290	92.4634
20300	83.2385
20310	93.2385
20320	82.4389
20330	75.4556
20340	85.4556
20350	95.4556
20360	86.4608
20370	96.4608
20380	83.6239
20390	93.6239
20400	79.8541
20410	89.8541
20420	99.8541
20430	83.3742
20440	93.3742
20450	82.9103
20460	92.9103
20470	84.6815
20480	76.4575
20490	86.4575
20500	96.4575
20510	86.9555
20520	96.9555
20530	85.3163
20540	95.3164
20550	83.1531
20560	93.1531
20570	103.153
20580	88.3514
20590	98.3514
20600	87.9866
20610	97.9866
20620	87.2408
20630	97.2408
20640	107.241
20650	94.9727
20660	83.2095
20670	93.2094
20680	103.209
20690	90.1461
20700	100.146
20710	86.4771
20720	96.4771
20730	81.4817
20740	91.4817
20750	101.482
20760	89.929
20770	99.929
20780	87.5717
20790	97.5717
20800	107.572
20810	97.9565
20820	88.2765
20830	98.2765
20840	108.276
20850	118.276
20860	104.016
20870	114.016
20880	98.7912
20890	108.791
20900	90.6233
20910	100.623
20920	87.0193
20930	97.0193
20940	82.989
20950	92.989
20960	84.7195
20970	76.0464
20980	86.0464
20990	96.0464
21000	106.046
21010	95.9371
21020	105.937
21030	91.8433
21040	101.843
21050	86.8274
21060	96.8274
21070	78.8969
21080	88.8969
21090	79.0384
21100	89.0384
21110	80.4939
21120	71.9565
21130	81.9565
21140	91.9565
21150	84.1014
21160	94.1015
21170	104.101
21180	92.6097
21190	102.61
21200	90.3616
21210	100.362
21220	85.9165
21230	76.3967
21240	86.3967
21250	75.3996
21260	85.3996
21270	75.3979
21280	65.8175
21290	75.8175
21300	85.8175
21310	95.8175
21320	85.6575
21330	95.6575
21340	84.6809
21350	94.6809
21360	82.1184
21370	92.1184
21380	84.0271
21390	94.0271
21400	84.5414
21410	94.5414
21420	85.4915
21430	77.291
21440	87.291
21450	97.291
21460	107.291
21470	96.0283
21480	106.028
21490	91.4677
21500	101.468
21510	86.1076
21520	96.1075
21530	78.6344
21540	88.6344
21550	79.3036
21560	89.3036
21570	80.4039
21580	72.3366
21590	82.3366
21600	92.3366
21610	84.3298
21620	94.3298
21630	104.33
21640	92.6313
21650	102.631
21660	90.126
21670	100.126
21680	85.9805
21690	76.403
21700	86.403
21710	75.6034
21720	85.6034
21730	75.23
21740	65.6097
21750	75.6097
21760	85.6097
21770	95.6097
21780	85.4948
21790	95.4948
21800	84.6226
21810	94.6226
21820	82.2274
21830	92.2274
21840	84.4481
21850	94.4481
21860	85.0336
21870	95.0336
21880	86.0462
21890	77.0665
21900	87.0665
21910	97.0665
21920	107.067
21930	95.9264
21940	105.926
21950	91.2163
21960	101.216
21970	86.0192
21980	96.0192
21990	78.9817
22000	88.9817
22010	79.6756
22020	89.6756
22030	80.5499
22040	71.6842
22050	81.6842
22060	91.6842
22070	83.752
22080	93.752
22090	103.752
22100	91.7161
22110	101.716
22120	89.7102
22130	99.7102
22140	86.1033
22150	76.8454
22160	86.8454
22170	76.4662
22180	86.4662
22190	75.7072
22200	65.7934
22210	75.7934
22220	85.7934
22230	95.7934
22240	85.3794
22250	95.3794
22260	84.8594
22270	94.8594
22280	82.9691
22290	92.9691
22300	84.1191
22310	94.1191
22320	85.1374
22330	95.1374
22340	85.7659
22350	77.2081
22360	87.2081
22370	97.2081
22380	107.208
22390	95.8871
22400	105.887
22410	91.219
22420	101.219
22430	86.0243
22440	96.0243
22450	79.5623
22460	89.5623
22470	80.6593
22480	90.6593
22490	81.368
22500	72.887
22510	82.887
22520	92.887
22530	83.7862
22540	93.7862
22550	103.786
22560	92.1638
22570	102.164
22580	89.7565
22590	99.7565
22600	86.3475
22610	76.4225
22620	86.4225
22630	76.1136
22640	86.1136
22650	75.7143
22660	65.9848
22670	75.9848
22680	85.9848
22690	95.9848
22700	85.9642
22710	95.9642
22720	84.8661
22730	94.8661
22740	83.0143
22750	93.0143
22760	84.1292
22770	94.1292
22780	85.0916
22790	95.0916
22800	86.0607
22810	77.4319
22820	87.4319
22830	97.4319
22840	107.432
22850	95.8775
22860	105.878
22870	91.6592
22880	101.659
22890	85.7424
22900	95.7424
22910	79.3144
22920	89.3145
22930	80.3568
22940	90.3568
22950	81.394
22960	72.4153
22970	82.4153
22980	92.4153
22990	83.6608
23000	93.6608
23010	103.661
23020	92.4016
23030	102.402
23040	89.5835
23050	99.5835
23060	86.3884
23070	76.7632
23080	86.7632
23090	76.6492
23100	86.6492
23110	76.1257
23120	65.6021
23130	75.6021
23140	85.6021
23150	95.6021
23160	85.8115
23170	95.8115
23180	84.555
23190	94.555
23200	82.9464
23210	92.9464
23220	84.2186
23230	94.2186
23240	85.4242
23250	95.4242
23260	86.2649
23270	77.1189
23280	87.1189
23290	97.1189
23300	107.119
23310	95.8603
23320	105.86
23330	91.6619
23340	101.662
23350	85.3859
23360	95.3859
23370	79.4301
23380	89.4301
23390	80.8234
23400	90.8234
23410	81.6051
23420	72.3661
23430	82.3661
23440	92.3661
23450	83.3647
23460	93.3647
23470	103.365
23480	92.1439
23490	102.144
23500	88.8219
23510	98.8219
23520	86.1161
23530	76.6263
23540	86.6263
23550	76.9545
23560	86.9545
23570	76.4893
23580	65.7963
23590	75.7963
23600	85.7963
23610	95.7963
23620	85.8149
23630	95.8149
23640	84.0474
23650	94.0474
23660	83.0013
23670	93.0013
23680	84.229
23690	94.229
23700	85.8947
23710	95.8946
23720	86.4869
23730	77.0278
23740	87.0278
23750	97.0278
23760	107.028
23770	95.6649
23780	105.665
23790	91.4965
23800	101.497
23810	85.186
23820	95.186
23830	79.4571
23840	89.4571
23850	80.8775
23860	90.8775
23870	81.5202
23880	72.1661
23890	82.1661
23900	92.1661
23910	83.3672
23920	93.3672
23930	103.367
23940	92.0708
23950	102.071
23960	88.8641
23970	98.8641
23980	86.2358
23990	76.6041
24000	86.6041
24010	76.8197
24020	86.8197
24030	76.3655
24040	65.9241
24050	75.9241
24060	85.9241
24070	95.9241
24080	85.9645
24090	95.9645
24100	84.2618
24110	94.2618
24120	83.2618
24130	93.2618
24140	84.2771
24150	94.277
24160	85.5364
24170	95.5364
24180	86.3026
24190	77.1964
24200	87.1964
24210	97.1964
24220	107.196
24230	95.6275
24240	105.628
24250	91.466
24260	101.466
24270	85.2005
24280	95.2005
24290	79.551
24300	89.551
24310	80.8846
24320	90.8846
24330	81.4819
24340	72.4621
24350	82.4621
24360	92.4621
24370	83.5898
24380	93.5898
24390	103.59
24400	92.192
24410	102.192
24420	89.1447
24430	99.1447
24440	86.2047
24450	76.5736
24460	86.5736
24470	76.7893
24480	86.7893
24490	76.2289
24500	66.0713
24510	76.0713
24520	86.0713
24530	96.0713
24540	86.0353
24550	96.0354
24560	84.6251
24570	94.6251
24580	83.2224
24590	93.2224
24600	83.9658
24610	93.9658
24620	85.4886
24630	95.4886
24640	86.2912
24650	77.1039
24660	87.1039
24670	97.1039
24680	107.104
24690	95.846
24700	105.846
24710	91.6338
24720	101.634
24730	85.4045
24740	95.4045
24750	79.2314
24760	89.2314
24770	80.8801
24780	90.8801
24790	81.8073
24800	72.7388
24810	82.7388
24820	92.7388
24830	83.63
24840	93.63
24850	103.63
24860	92.1639
24870	102.164
24880	88.6628
24890	98.6628
24900	85.5253
24910	76.2933
24920	86.2933
24930	76.7988
24940	86.7988
24950	76.3729
24960	65.9955
24970	75.9955
24980	85.9955
24990	95.9955
25000	85.8567
25010	95.8567
25020	84.0545
25030	94.0545
25040	82.4522
25050	92.4522
25060	83.6949
25070	93.6949
25080	85.4114
25090	95.4114
25100	86.4252
25110	77.09
25120	87.09
25130	97.09
25140	107.09
25150	96.0336
25160	106.034
25170	91.7203
25180	101.72
25190	85.3955
25200	95.3956
25210	79.0856
25220	89.0856
25230	80.5447
25240	90.5447
25250	81.6616
25260	72.4313
25270	82.4313
25280	92.4313
25290	83.8579
25300	93.858
25310	103.858
25320	92.5477
25330	102.548
25340	89.1924
25350	99.1924
25360	86.1095
25370	76.3383
25380	86.3383
25390	76.3037
25400	86.3037
25410	76.2768
25420	65.878
25430	75.878
25440	85.878
25450	95.878
25460	86.0763
25470	96.0763
25480	84.3091
25490	94.3091
25500	82.326
25510	92.326
25520	83.8955
25530	93.8955
25540	85.1943
25550	95.1943
25560	86.5031
25570	77.321
25580	87.321
25590	97.321
25600	107.321
25610	95.8841
25620	105.884
25630	91.8052
25640	101.805
25650	85.4899
25660	95.4899
25670	78.7981
25680	88.7981
25690	80.0603
25700	90.0603
25710	81.462
25720	72.1712
25730	82.1712
25740	92.1712
25750	83.8776
25760	93.8776
25770	103.878
25780	92.5276
25790	102.528
25800	89.1369
25810	99.1369
25820	85.7182
25830	76.22
25840	86.22
25850	76.1073
25860	86.1073
25870	76.3826
25880	65.9195
25890	75.9195
25900	85.9195
25910	95.9195
25920	86.089
25930	96.089
25940	83.7326
25950	93.7326
25960	81.9704
25970	91.9703
25980	83.7412
25990	93.7412
26000	84.9498
26010	94.9498
26020	86.5494
26030	77.4663
26040	87.4663
26050	97.4663
26060	107.466
26070	96.3791
26080	106.379
26090	92.4655
26100	102.466
26110	85.1791
26120	95.1791
26130	78.6612
26140	88.6611
26150	79.7165
26160	89.7165
26170	81.2553
26180	72.3188
26190	82.3188
26200	92.3188
26210	83.8364
26220	93.8364
26230	103.836
26240	92.8688
26250	102.869
26260	88.8203
26270	98.8203
26280	85.3934
26290	76.001
26300	86.001
26310	75.8769
26320	85.8769
26330	76.1355
26340	66.0378
26350	76.0378
26360	86.0378
26370	96.0378
26380	86.5649
26390	96.5649
26400	83.9933
26410	93.9933
26420	81.9827
26430	91.9827
26440	83.6024
26450	93.6024
26460	84.8182
26470	94.8182
26480	86.3831
26490	77.6123
26500	87.6123
26510	97.6123
26520	107.612
26530	96.3213
26540	106.321
26550	91.9769
26560	101.977
26570	111.977
26580	94.2254
26590	77.6774
26600	87.6774
26610	78.8852
26620	88.8852
26630	80.6191
26640	71.7967
26650	81.7967
26660	91.7967
26670	83.079
26680	93.079
26690	80.4404
26700	90.4404
26710	81.8531
26720	91.8531
26730	80.978
26740	72.1305
26750	82.1305
26760	92.1305
26770	82.0284
26780	92.0284
26790	82.6497
26800	72.5561
26810	82.556
26820	92.556
26830	79.9552
26840	89.9552
26850	78.296
26860	88.296
26870	78.8341
26880	88.8341
26890	80.583
26900	90.583
26910	83.0045
26920	93.0045
26930	103.004
26940	95.0673
26950	105.067
26960	115.067
26970	103.274
26980	113.274
26990	97.454
27000	107.454
27010	117.454
27020	99.7572
27030	109.757
27040	119.757
27050	98.8666
27060	108.867
27070	91.1222
27080	101.122
27090	88.5852
27100	98.5852
27110	108.585
27120	97.6924
27130	87.8391
27140	97.8391
27150	85.757
27160	95.757
27170	105.757
27180	94.3303
27190	104.33
27200	114.33
27210	124.33
27220	108.93
27230	118.93
27240	128.93
27250	108.202
27260	91.9819
27270	101.982
27280	86.055
27290	96.055
27300	106.055
27310	88.27
27320	98.27
27330	86.27
27340	96.27
27350	88.1778
27360	98.1778
27370	108.178
27380	97.9111
27390	107.911
27400	117.911
27410	103.393
27420	113.393
27430	99.0895
27440	109.09
27450	92.952
27460	102.952
27470	87.0306
27480	97.0306
27490	107.031
27500	93.0429
27510	103.043
27520	89.6213
27530	80.7254
27540	90.7254
27550	100.725
27560	87.8669
27570	97.867
27580	83.3891
27590	93.3891
27600	82.9444
27610	92.9444
27620	79.6921
27630	89.6921
27640	82.0953
27650	92.0953
27660	84.6167
27670	94.6167
27680	104.617
27690	94.7327
27700	104.733
27710	114.733
27720	100.88
27730	110.88
27740	120.88
27750	130.88
27760	110.519
27770	120.519
27780	97.9764
27790	107.976
27800	93.454
27810	103.454
27820	90.9201
27830	100.92
27840	88.0242
27850	98.0242
27860	86.8947
27870	96.8946
27880	106.895
27890	95.3184
27900	105.318
27910	115.318
27920	125.318
27930	109.647
27940	119.647
27950	102.109
27960	112.109
27970	96.7253
27980	106.725
27990	90.7033
28000	100.703
28010	110.703
28020	95.841
28030	81.8255
28040	91.8255
28050	81.6263
28060	91.6263
28070	101.626
28080	88.8093
28090	98.8093
28100	84.3528
28110	74.2154
28120	84.2154
28130	75.0477
28140	85.0477
28150	78.6211
28160	88.6211
28170	98.6211
28180	88.8189
28190	98.8189
28200	87.4193
28210	77.2861
28220	87.2861
28230	97.2861
28240	82.8453
28250	92.8453
28260	76.8606
28270	86.8606
28280	96.8606
28290	84.9006
28300	94.9006
28310	88.4572
28320	98.4572
28330	89.9803
28340	99.9803
28350	91.162
28360	101.162
28370	91.1956
28380	101.196
28390	88.2106
28400	98.2106
28410	83.1774
28420	93.1774
28430	103.177
28440	113.177
28450	92.4577
28460	102.458
28470	87.6422
28480	97.6422
28490	87.9438
28500	97.9438
28510	87.6452
28520	97.6452
28530	86.2914
28540	96.2914
28550	106.291
28560	95.8596
28570	105.86
28580	115.86
28590	103.444
28600	113.444
28610	123.444
28620	106.037
28630	116.037
28640	101.166
28650	111.166
28660	95.093
28670	105.093
28680	91.4753
28690	101.475
28700	111.475
28710	93.9866
28720	103.987
28730	86.1215
28740	96.1215
28750	106.122
28760	93.3989
28770	103.399
28780	113.399
28790	98.6207
28800	108.621
28810	118.621
28820	107.51
28830	117.51
28840	102.941
28850	91.4558
28860	101.456
28870	111.456
28880	96.7329
28890	106.733
28900	92.7413
28910	102.741
28920	112.741
28930	95.2288
28940	105.229
28950	87.1203
28960	97.1203
28970	84.9059
28980	94.9059
28990	104.906
29000	91.947
29010	78.8212
29020	88.8212
29030	98.8212
29040	89.0591
29050	99.0591
29060	88.0217
29070	77.8627
29080	87.8627
29090	97.8627
29100	88.8981
29110	98.8981
29120	108.898
29130	95.8408
29140	105.841
29150	93.1057
29160	103.106
29170	113.106
29180	97.2162
29190	107.216
29200	117.216
29210	100.017
29220	110.017
29230	120.017
29240	100.709
29250	110.709
29260	93.4645
29270	103.465
29280	93.7924
29290	103.792
29300	113.792
29310	100.806
29320	110.806
29330	120.806
29340	107.999
29350	117.999
29360	104.923
29370	114.923
29380	124.923
29390	109.028
29400	119.028
29410	129.028
29420	109.729
29430	119.729
29440	98.372
29450	108.372
29460	90.9685
29470	100.968
29480	83.8986
29490	93.8986
29500	79.7223
29510	89.7223
29520	99.7223
29530	91.5155
29540	101.516
29550	90.4222
29560	100.422
29570	110.422
29580	97.1225
29590	107.122
29600	117.122
29610	127.122
29620	112.309
29630	96.5854
29640	106.585
29650	93.7062
29660	103.706
29670	90.4999
29680	100.5
29690	85.7664
29700	95.7665
29710	105.766
29720	88.389
29730	98.389
29740	88.0267
29750	98.0267
29760	108.027
29770	118.027
29780	103.69
29790	113.69
29800	123.69
29810	106.406
29820	88.811
29830	98.811
29840	108.811
29850	96.8543
29860	106.854
29870	92.7822
29880	102.782
29890	86.5216
29900	96.5216
29910	106.522
29920	95.4669
29930	105.467
29940	96.2284
29950	84.7851
29960	94.7851
29970	104.785
29980	90.6814
29990	100.681
30000	110.681
30010	94.35
30020	104.35
30030	114.35
30040	96.7666
30050	106.767
30060	91.0978
30070	101.098
30080	86.3459
30090	96.3459
30100	83.4855
30110	77.2489
30120	87.2489
30130	97.2489
30140	88.0929
30150	98.0929
30160	108.093
30170	118.093
30180	104.346
30190	114.346
30200	98.0954
30210	85.7249
30220	95.7249
30230	85.0317
30240	95.0317
30250	105.032
30260	90.7561
30270	100.756
30280	84.47
30290	94.47
30300	85.3829
30310	95.3829
30320	105.383
30330	94.4752
30340	104.475
30350	114.475
30360	98.2907
30370	108.291
30380	90.404
30390	100.404
30400	89.4642
30410	99.4642
30420	109.464
30430	93.7459
30440	103.746
30450	91.4764
30460	82.3176
30470	92.3175
30480	102.318
30490	90.8786
30500	100.879
30510	86.4815
30520	96.4815
30530	85.4399
30540	95.4399
30550	84.1182
30560	94.1181
30570	83.348
30580	93.348
30590	103.348
30600	87.8381
30610	97.8381
30620	85.5054
30630	74.9653
30640	84.9653
30650	94.9653
30660	104.965
30670	89.0821
30680	99.0821
30690	86.7238
30700	96.7238
30710	90.0306
30720	100.031
30730	90.5629
30740	100.563
30750	87.9808
30760	77.4572
30770	87.4572
30780	97.4572
30790	85.0922
30800	95.0922
30810	82.5042
30820	92.5042
30830	102.504
30840	112.504
30850	95.7723
30860	105.772
30870	115.772
30880	99.3004
30890	88.1323
30900	98.1323
30910	108.132
30920	95.0736
30930	105.074
30940	94.1437
30950	104.144
30960	91.8438
30970	101.844
30980	111.844
30990	99.4124
31000	109.412
31010	119.412
31020	105.564
31030	115.564
31040	125.564
31050	111.358
31060	121.358
31070	131.357
31080	112.693
31090	93.2407
31100	103.241
31110	85.987
31120	95.987
31130	105.987
31140	89.457
31150	99.457
31160	83.3988
31170	93.3988
31180	84.6746
31190	94.6746
31200	104.675
31210	114.675
31220	103.989
31230	113.989
31240	123.989
31250	108.132
31260	118.132
31270	102.263
31280	112.263
31290	94.0966
31300	104.097
31310	114.097
31320	101.164
31330	111.164
31340	97.3575
31350	107.357
31360	91.2484
31370	101.248
31380	91.7709
31390	101.771
31400	88.7268
31410	98.7268
31420	84.4217
31430	94.4217
31440	104.422
31450	85.4196
31460	95.4196
31470	105.42
31480	88.5239
31490	98.5239
31500	89.6281
31510	99.6281
31520	88.6476
31530	98.6476
31540	87.2861
31550	97.2862
31560	89.1776
31570	99.1776
31580	88.3684
31590	98.3684
31600	108.368
31610	94.6623
31620	104.662
31630	114.662
31640	99.255
31650	109.255
31660	93.8136
31670	103.814
31680	113.814
31690	101.548
31700	111.548
31710	95.6766
31720	105.677
31730	115.677
31740	96.9783
31750	106.978
31760	88.1646
31770	98.1646
31780	108.165
31790	95.4281
31800	105.428
31810	115.428
31820	102.79
31830	112.79
31840	101.88
31850	111.88
31860	98.9438
31870	86.5166
31880	96.5166
31890	106.517
31900	91.9947
31910	101.995
31920	86.17
31930	96.17
31940	106.17
31950	88.9141
31960	77.5124
31970	87.5124
31980	97.5124
31990	83.5327
32000	93.5327
32010	80.6744
32020	90.6744
32030	82.8171
32040	92.8171
32050	85.3406
32060	95.3406
32070	105.341
32080	94.1014
32090	104.101
32100	94.7964
32110	104.796
32120	92.7943
32130	102.794
32140	90.213
32150	100.213
32160	110.213
32170	94.9185
32180	79.1033
32190	89.1033
32200	99.1033
32210	79.7448
32220	89.7448
32230	82.1204
32240	92.1204
32250	102.12
32260	90.9928
32270	100.993
32280	90.1187
32290	81.3126
32300	91.3126
32310	101.313
32320	90.3547
32330	77.6433
32340	87.6433
32350	97.6433
32360	83.3137
32370	73.0533
32380	83.0533
32390	77.3749
32400	87.3749
32410	97.3749
32420	88.6969
32430	98.6969
32440	87.922
32450	77.7564
32460	87.7564
32470	97.7564
32480	84.9218
32490	94.9218
32500	79.8901
32510	89.8901
32520	73.8837
32530	83.8837
32540	93.8837
32550	88.2437
32560	98.2437
32570	90.753
32580	100.753
32590	91.3925
32600	82.6025
32610	92.6025
32620	102.603
32630	89.937
32640	99.937
32650	109.937
32660	97.4703
32670	82.9429
32680	92.9429
32690	76.7482
32700	86.7482
32710	96.7482
32720	89.0162
32730	99.0162
32740	90.0997
32750	100.1
32760	110.1
32770	96.9437
32780	84.4486
32790	94.4486
32800	104.449
32810	87.5589
32820	97.5589
32830	107.559
32840	89.9174
32850	99.9174
32860	86.3252
32870	96.3252
32880	87.2318
32890	97.2318
32900	88.6996
32910	98.6996
32920	108.7
32930	98.1731
32940	88.0702
32950	98.0702
32960	108.07
32970	95.1606
32980	105.161
32990	88.4774
33000	72.4075
33010	82.4075
33020	92.4075
33030	78.8109
33040	88.8109
33050	78.6513
33060	88.6513
33070	80.6451
33080	72.94
33090	82.94
33100	92.94
33110	85.1209
33120	95.1209
33130	83.8939
33140	93.8939
33150	84.7832
33160	94.7832
33170	84.8244
33180	94.8244
33190	82.5206
33200	92.5206
33210	83.6883
33220	93.6883
33230	83.1605
33240	72.9328
33250	82.9328
33260	92.9328
33270	102.933
33280	87.7619
33290	97.7619
33300	80.2214
33310	90.2214
33320	82.0121
33330	92.0121
33340	85.2171
33350	95.2171
33360	105.217
33370	96.2821
33380	87.1999
33390	97.1999
33400	86.7682
33410	96.7682
33420	106.768
33430	94.773
33440	104.773
33450	89.4482
33460	99.4481
33470	82.0986
33480	92.0986
33490	78.27
33500	88.2699
33510	81.6276
33520	91.6276
33530	101.628
33540	91.3887
33550	79.9376
33560	89.9376
33570	78.1906
33580	88.1906
33590	98.1906
33600	85.8202
33610	95.8202
33620	81.5915
33630	91.5915
33640	80.5681
33650	90.5681
33660	82.6143
33670	92.6143
33680	102.614
33690	95.0729
33700	105.073
33710	94.7639
33720	104.764
33730	91.8509
33740	80.1984
33750	90.1984
33760	100.198
33770	110.198
33780	93.2232
33790	103.223
33800	84.3115
33810	94.3115
33820	79.094
33830	89.094
33840	83.3573
33850	93.3573
33860	103.357
33870	95.9403
33880	105.94
33890	115.94
33900	104.458
33910	92.8125
33920	102.813
33930	112.813
33940	98.6328
33950	108.633
33960	93.0101
33970	103.01
33980	88.0931
33990	98.0931
34000	82.9831
34010	92.9831
34020	81.1771
34030	91.1771
34040	83.5377
34050	75.5503
34060	85.5503
34070	95.5502
34080	105.55
34090	92.8851
34100	102.885
34110	88.9229
34120	98.9229
34130	84.0625
34140	94.0625
34150	83.2292
34160	93.2292
34170	85.0021
34180	95.0021
34190	85.9983
34200	76.7364
34210	86.7364
34220	96.7364
34230	106.736
34240	94.1078
34250	104.108
34260	90.1103
34270	77.4765
34280	87.4765
34290	77.8584
34300	87.8584
34310	80.7162
34320	90.7162
34330	100.716
34340	90.1308
34350	100.131
34360	88.6618
34370	76.7433
34380	86.7433
34390	96.7433
34400	82.7445
34410	92.7445
34420	76.9975
34430	86.9975
34440	76.1085
34450	86.1085
34460	96.1085
34470	90.4289
34480	100.429
34490	92.4358
34500	102.436
34510	93.5683
34520	103.568
34530	113.568
34540	100.768
34550	87.3556
34560	97.3556
34570	107.356
34580	117.356
34590	98.7751
34600	108.775
34610	88.2358
34620	98.2358
34630	81.6239
34640	91.6239
34650	82.4786
34660	92.4786
34670	86.0342
34680	79.1453
34690	89.1453
34700	99.1453
34710	90.2735
34720	100.274
34730	110.274
34740	75.6154
34750	85.6154
34760	95.6154
34770	79.9106
34780	89.9106
34790	77.4921
34800	87.4921
34810	78.2612
34820	88.2612
34830	78.0385
34840	67.2715
34850	77.2715
34860	87.2715
34870	97.2715
34880	86.2443
34890	96.2443
34900	85.391
34910	95.391
34920	87.1999
34930	97.1999
34940	88.9029
34950	98.9029
34960	89.2885
34970	99.2885
34980	88.7323
34990	98.7323
35000	87.2086
35010	75.0756
35020	85.0756
35030	95.0756
35040	105.076
35050	89.697
35060	99.697
35070	82.3837
35080	92.3837
35090	78.5215
35100	88.5215
35110	82.7106
35120	92.7106
35130	102.711
35140	93.529
35150	84.5461
35160	94.5461
35170	83.4995
35180	93.4995
35190	103.5
35200	91.1384
35210	101.138
35220	87.1741
35230	75.6582
35240	85.6582
35250	73.1327
35260	83.1327
35270	93.1327
35280	86.2929
35290	96.2929
35300	87.4381
35310	97.4381
35320	88.0675
35330	98.0675
35340	108.068
35350	118.068
35360	102.931
35370	112.931
35380	122.931
35390	104.612
35400	114.612
35410	94.388
35420	104.388
35430	114.388
35440	97.6507
35450	107.651
35460	95.9753
35470	105.975
35480	93.4094
35490	103.409
35500	91.7192
35510	101.719
35520	111.719
35530	99.047
35540	109.047
35550	119.047
35560	103.609
35570	113.609
35580	96.7203
35590	106.72
35600	116.72
35610	100.13
35620	110.13
35630	93.1269
35640	103.127
35650	90.3924
35660	100.392
35670	86.7268
35680	76.8184
35690	86.8184
35700	96.8184
35710	84.446
35720	94.446
35730	104.446
35740	89.122
35750	78.5582
35760	88.5582
35770	78.6538
35780	88.6538
35790	81.7739
35800	91.7739
35810	101.774
35820	92.6882
35830	102.688
35840	112.688
35850	122.688
35860	108.934
35870	94.1889
35880	104.189
35890	87.4799
35900	97.4799
35910	107.48
35920	88.7049
35930	98.7049
35940	84.6169
35950	94.6169
35960	83.892
35970	93.892
35980	84.946
35990	94.946
36000	104.946
