10	11
20	10
30	3
40	3
50	3
60	3
70	5.5
80	15.5
90	25.5
100	21.5
110	31.5
120	20
130	30
140	40
150	25
160	35
170	20
180	30
190	40
200	25
210	35
220	20
230	30
240	40
250	25
260	35
270	23.25
280	33.25
290	43.25
300	39
310	49
320	43.25
330	53.25
340	43
350	53
360	42
370	52
380	44.5
390	54.5
400	64.5
410	56
420	48
430	58
440	48
450	58
460	48
470	58
480	48
490	58
500	68
510	58.5333
520	49.4
530	59.4
540	69.4
550	59.2667
560	51.1889
570	61.1889
580	71.1889
590	64.3333
600	74.3333
610	66.2778
620	76.2778
630	68.0202
640	78.0202
650	88.0202
660	71.7323
670	81.7323
680	65.9596
690	75.9596
700	58.3283
710	68.3283
720	78.3283
730	66.8081
740	76.8081
750	63.649
760	73.649
770	60.5833
780	70.5833
790	80.5833
800	70.447
810	80.447
820	69.7803
830	60.6374
840	70.6375
850	80.6375
860	67.8095
870	77.8095
880	64.5714
890	74.5714
900	84.5714
910	73.7143
920	83.7143
930	70.3571
940	80.3571
950	65.1429
960	75.1429
970	61.2381
980	71.2381
990	63.4809
1000	73.4809
1010	64.1667
1020	74.1667
1030	61.5667
1040	71.5667
1050	59.1667
1060	69.1667
1070	79.1667
1080	64.4417
1090	74.4417
1100	68.125
1110	78.125
1120	65.7721
1130	75.7721
1140	85.7721
1150	69.9632
1160	56.1769
1170	66.1769
1180	76.1769
1190	67.0286
1200	57.0348
1210	67.0348
1220	77.0348
1230	62.6536
1240	55.917
1250	65.917
1260	58.7711
1270	68.7711
1280	78.7711
1290	66.2905
1300	76.2905
1310	63.6292
1320	73.6292
1330	83.6292
1340	71.419
1350	81.4191
1360	70.0333
1370	80.0333
1380	68.4918
1390	78.4918
1400	60.5351
1410	70.5351
1420	80.5351
1430	66.9026
1440	59.263
1450	69.263
1460	79.263
1470	69.9155
1480	79.9155
1490	66.4656
1500	76.4656
1510	59.8922
1520	69.8922
1530	56.8782
1540	66.8782
1550	76.8782
1560	66.2329
1570	76.2329
1580	69.646
1590	79.646
1600	89.646
1610	77.203
1620	87.203
1630	70.4423
1640	80.4423
1650	66.7143
1660	76.7143
1670	86.7143
1680	74.7143
1690	84.7143
1700	69.1984
1710	79.1984
1720	67.104
1730	77.104
1740	64.2352
1750	74.2352
1760	57.8714
1770	67.8714
1780	77.8714
1790	70.8274
1800	61.2009
1810	71.2009
1820	81.2009
1830	65.9708
1840	75.9708
1850	60.8473
1860	54.6538
1870	64.6538
1880	74.6538
1890	65.2942
1900	75.2942
1910	64.4379
1920	74.4379
1930	84.4379
1940	68.4858
1950	78.4858
1960	67.2307
1970	77.2307
1980	65.6794
1990	75.6794
2000	62.7273
2010	72.7273
2020	62.7273
2030	72.7273
2040	82.7273
2050	66.0606
2060	55.4545
2070	65.4545
2080	75.4546
2090	65.4545
2100	75.4545
2110	67.2727
2120	77.2727
2130	67.5758
2140	77.5758
2150	63.3333
2160	73.3333
2170	83.3333
2180	64.2424
2190	74.2424
2200	64.3012
2210	74.3013
2220	84.3012
2230	73.8414
2240	60.9246
2250	70.9246
2260	60.9348
2270	70.9348
2280	80.9348
2290	69.6616
2300	58.6726
2310	68.6726
2320	58.039
2330	68.039
2340	78.039
2350	60.139
2360	70.139
2370	61.7483
2380	71.7483
2390	63.9372
2400	73.9372
2410	83.9372
2420	69.5907
2430	79.5907
2440	68.1345
2450	78.1345
2460	61.9898
2470	71.9898
2480	81.9898
2490	70.6496
2500	80.6495
2510	68.9602
2520	78.9602
2530	88.9602
2540	74.7137
2550	84.7137
2560	70.5094
2570	80.5094
2580	63.726
2590	73.726
2600	83.726
2610	68.6221
2620	78.6221
2630	69.1386
2640	79.1386
2650	89.1386
2660	74.9037
2670	84.9037
2680	71.3652
2690	81.3652
2700	69.6211
2710	79.6211
2720	89.6211
2730	73.1033
2740	83.1033
2750	65.2097
2760	75.2097
2770	59.1686
2780	69.1686
2790	59.5532
2800	69.5532
2810	63.0754
2820	73.0754
2830	65.012
2840	75.012
2850	85.012
2860	72.1872
2870	82.1872
2880	68.3378
2890	78.3378
2900	88.3378
2910	66.4364
2920	76.4364
2930	64.9733
2940	74.9733
2950	84.9733
2960	75.0046
2970	85.0046
2980	73.8995
2990	62.9237
3000	72.9237
3010	82.9237
3020	67.7786
3030	77.7786
3040	63.41
3050	73.41
3060	56.6672
3070	66.6672
3080	58.3451
3090	68.3451
3100	59.6599
3110	69.6599
3120	60.4953
3130	70.4953
3140	64.3014
3150	74.3014
3160	65.2159
3170	75.2159
3180	61.958
3190	71.958
3200	57.3966
3210	67.3966
3220	77.3966
3230	61.1537
3240	71.1537
3250	64.7157
3260	74.7157
3270	66.8274
3280	76.8274
3290	86.8274
3300	72.6372
3310	82.6372
3320	68.2519
3330	78.2519
3340	88.2519
3350	75.5331
3360	63.854
3370	73.854
3380	83.854
3390	70.7639
3400	80.7639
3410	64.5907
3420	74.5907
3430	60.0343
3440	70.0343
3450	59.8438
3460	69.8438
3470	60.9375
3480	70.9375
3490	80.9375
3500	70.3125
3510	80.3125
3520	64.5817
3530	74.5817
3540	63.3346
3550	73.3346
3560	83.3346
3570	73.914
3580	83.914
3590	72.0403
3600	82.0403
3610	92.0403
3620	76.2514
3630	86.2514
3640	68.4632
3650	78.4632
3660	58.5057
3670	68.5057
3680	78.5057
3690	71.07
3700	81.07
3710	72.1057
3720	82.1057
3730	70.6428
3740	80.6428
3750	65.5934
3760	75.5933
3770	58.7458
3780	68.7458
3790	78.7458
3800	63.3239
3810	57.207
3820	67.207
3830	77.207
3840	66.2481
3850	76.2481
3860	67.4513
3870	77.4513
3880	66.9142
3890	76.9142
3900	63.9885
3910	73.9885
3920	83.9885
3930	71.1014
3940	81.1014
3950	65.2705
3960	75.2705
3970	85.2705
3980	66.725
3990	76.725
4000	70.3489
4010	80.3489
4020	70.0581
4030	80.0581
4040	69.2208
4050	55.856
4060	65.856
4070	75.856
4080	58.7306
4090	50.3386
4100	60.3386
4110	70.3386
4120	63.7982
4130	73.7982
4140	63.3973
4150	73.3973
4160	63.6999
4170	73.6999
4180	83.6999
4190	71.9527
4200	81.9527
4210	69.1517
4220	79.1517
4230	66.375
4240	76.375
4250	61.625
4260	71.625
4270	57.25
4280	67.25
4290	60.936
4300	70.936
4310	62.7055
4320	72.7055
4330	82.7055
4340	70.1988
4350	80.1988
4360	65.8713
4370	75.8713
4380	85.8713
4390	70.2954
4400	80.2954
4410	68.1016
4420	60.4535
4430	70.4535
4440	80.4535
4450	68.4623
4460	56.8455
4470	66.8455
4480	76.8455
4490	61.6179
4500	53.3333
4510	63.3333
4520	73.3333
4530	64.7619
4540	57.619
4550	67.619
4560	56.1905
4570	66.1905
4580	56.0842
4590	66.0842
4600	57.8038
4610	67.8038
4620	57.8959
4630	67.8959
4640	60.2059
4650	70.2059
4660	59.0188
4670	69.0188
4680	79.0188
4690	67.8509
4700	77.8509
4710	67.2878
4720	77.2878
4730	87.2878
4740	74.5585
4750	62.9302
4760	72.9302
4770	82.9302
4780	68.2547
4790	78.2547
4800	62.6397
4810	72.6397
4820	64.0046
4830	74.0046
4840	63.6639
4850	73.6639
4860	83.6639
4870	71.5825
4880	59.7504
4890	69.7504
4900	79.7504
4910	63.7084
4920	73.7084
4930	63.5226
4940	73.5226
4950	61.969
4960	71.969
4970	81.969
4980	71.4828
4990	81.4828
5000	70.3297
5010	80.3297
5020	67.2527
5030	77.2527
5040	87.2527
5050	69.5604
5060	79.5604
5070	67.9955
5080	77.9955
5090	87.9955
5100	73.1952
5110	83.1952
5120	66.9994
5130	76.9994
5140	67.0709
5150	77.0709
5160	65.3011
5170	75.3011
5180	62.3958
5190	72.3958
5200	62.0833
5210	72.0833
5220	62.0833
5230	72.0833
5240	82.0833
5250	67.7083
5260	57.7083
5270	67.7083
5280	77.7083
5290	61.9792
5300	71.9792
5310	64.8142
5320	57.3451
5330	67.3451
5340	77.3451
5350	65.2146
5360	75.2146
5370	62.8
5380	72.8
5390	61.4581
5400	71.4581
5410	57.7222
5420	67.7222
5430	77.7222
5440	67.2306
5450	77.2306
5460	68.6205
5470	78.6205
5480	67.3679
5490	77.3679
5500	87.3679
5510	74.6376
5520	84.6376
5530	71.0612
5540	81.0612
5550	64.5189
5560	74.5189
5570	84.5188
5580	72.6205
5590	82.6205
5600	69.3859
5610	79.3859
5620	89.3859
5630	70.1473
5640	80.1473
5650	66.8292
5660	76.8292
5670	86.8292
5680	73.9869
5690	83.9869
5700	71.9066
5710	61.8604
5720	71.8604
5730	81.8604
5740	68.2432
5750	78.2432
5760	63.3703
5770	73.3703
5780	83.3703
5790	66.7008
5800	76.7008
5810	63.2436
5820	73.2436
5830	64.4861
5840	74.4861
5850	84.4861
5860	74.0586
5870	84.0586
5880	71.3973
5890	81.3973
5900	91.3973
5910	77.5662
5920	87.5662
5930	70.863
5940	80.863
5950	65.8658
5960	75.8658
5970	85.8658
5980	71.9661
5990	81.9661
6000	68.4216
6010	78.4216
6020	62.3308
6030	72.3308
6040	82.3308
6050	68.9941
6060	78.9941
6070	67.6495
6080	77.6495
6090	87.6495
6100	75.2502
6110	64.8443
6120	74.8443
6130	84.8443
6140	71.0413
6150	81.0413
6160	65.7864
6170	75.7864
6180	85.7864
6190	69.4205
6200	79.4205
6210	64.375
6220	74.375
6230	65.0893
6240	75.0893
6250	66.3393
6260	76.3393
6270	64.3214
6280	74.3214
6290	84.3214
6300	69.0846
6310	79.0846
6320	64.9135
6330	74.9135
6340	84.9135
6350	69.4252
6360	79.4252
6370	66.9554
6380	76.9554
6390	67.0409
6400	77.0409
6410	87.0409
6420	75.0782
6430	85.0782
6440	71.8437
6450	81.8437
6460	66.2766
6470	76.2766
6480	86.2766
6490	70.7744
6500	80.7744
6510	67.661
6520	77.661
6530	64.0484
6540	74.0484
6550	84.0484
6560	68.3211
6570	78.3211
6580	66.7896
6590	76.7896
6600	86.7896
6610	75.5307
6620	85.5307
6630	72.9904
6640	82.9904
6650	69.5331
6660	79.5331
6670	65.3217
6680	75.3217
6690	85.3217
6700	69.7796
6710	79.7796
6720	63.4936
6730	73.4936
6740	83.4936
6750	69.2826
6760	79.2826
6770	69.5698
6780	79.5698
6790	68.8999
6800	78.8999
6810	67.1311
6820	77.1311
6830	87.1311
6840	71.8853
6850	81.8853
6860	65.4918
6870	75.4918
6880	85.4918
6890	71.4186
6900	81.4186
6910	68.5185
6920	78.5185
6930	64.0583
6940	74.0583
6950	84.0583
6960	72.6625
6970	82.6625
6980	70.3846
6990	80.3846
7000	90.3846
7010	75.2703
7020	85.2703
7030	70.84
7040	80.84
7050	68.4864
7060	78.4864
7070	88.4864
7080	72.2079
7090	82.2079
7100	67.7174
7110	77.7174
7120	87.7174
7130	70.3462
7140	80.3462
7150	69.4488
7160	79.4488
7170	67.9357
7180	77.9357
7190	65.8504
7200	75.8504
7210	62.9665
7220	72.9665
7230	82.9665
7240	67.7904
7250	77.7904
7260	64.3885
7270	74.3885
7280	84.3885
7290	70.3378
7300	80.3378
7310	71.4819
7320	61.2287
7330	71.2287
7340	81.2287
7350	66.0814
7360	76.0814
7370	62.9093
7380	72.9093
7390	82.9093
7400	68.0233
7410	78.0233
7420	65.9823
7430	75.9823
7440	85.9823
7450	76.0161
7460	65.2499
7470	75.2499
7480	60.6793
7490	70.6793
7500	80.6793
7510	66.1944
7520	76.1944
7530	63.5585
7540	73.5585
7550	83.5585
7560	70.3122
7570	80.3122
7580	70.7519
7590	80.7519
7600	67.2659
7610	77.2659
7620	87.2659
7630	73.103
7640	83.1031
7650	69.165
7660	79.165
7670	89.165
7680	73.4123
7690	83.4123
7700	69.6274
7710	79.6274
7720	89.6274
7730	73.5768
7740	83.5768
7750	67.5052
7760	77.5052
7770	67.6632
7780	77.6632
7790	65.9109
7800	75.9109
7810	85.9109
7820	72.0236
7830	82.0236
7840	67.6318
7850	77.6318
7860	87.6318
7870	69.9473
7880	79.9473
7890	68.2674
7900	78.2674
7910	64.6829
7920	74.6829
7930	84.6829
7940	74.7296
7950	84.7296
7960	71.182
7970	81.182
7980	66.113
7990	76.113
8000	86.113
8010	67.9492
8020	77.9492
8030	66.6862
8040	76.6862
8050	86.6862
8060	71.8921
8070	81.8921
8080	71.3387
8090	81.3387
8100	70.2879
8110	80.2879
8120	90.2879
8130	73.7148
8140	83.7148
8150	64.6094
8160	74.6094
8170	63.7273
8180	73.7273
8190	83.7273
8200	71.0135
8210	81.0135
8220	67.3649
8230	77.3649
8240	87.3649
8250	76.305
8260	86.305
8270	71.2233
8280	81.2233
8290	91.2233
8300	73.8016
8310	63.0735
8320	73.0735
8330	62.1259
8340	72.1259
8350	82.1259
8360	68.3172
8370	78.3172
8380	65.7473
8390	75.7473
8400	85.7473
8410	66.6033
8420	76.6033
8430	68.4452
8440	78.4452
8450	68.1004
8460	78.1004
8470	65.3
8480	75.3
8490	63.1254
8500	73.1254
8510	83.1254
8520	69.2921
8530	79.2921
8540	62.0915
8550	72.0915
8560	82.0915
8570	71.9608
8580	63.268
8590	73.268
8600	83.268
8610	70.4113
8620	80.4113
8630	66.6623
8640	76.6623
8650	63.358
8660	73.358
8670	57.8901
8680	67.8901
8690	60.7908
8700	70.7908
8710	61.9564
8720	71.9564
8730	62.6442
8740	72.6442
8750	82.6442
8760	69.4178
8770	56.0856
8780	66.0856
8790	76.0856
8800	63.7171
8810	73.7171
8820	65.5441
8830	57.3378
8840	67.3378
8850	77.3378
8860	66.3149
8870	76.3149
8880	61.4004
8890	71.4004
8900	59.3979
8910	69.3979
8920	59.1596
8930	69.1596
8940	79.1596
8950	70.7043
8960	61.3215
8970	71.3215
8980	60.9518
8990	70.9518
9000	80.9518
9010	65.804
9020	75.804
9030	63.3666
9040	73.3666
9050	83.3666
9060	69.9704
9070	79.9705
9080	69.8772
9090	79.8772
9100	89.8772
9110	77.4535
9120	64.0773
9130	74.0773
9140	62.0183
9150	72.0183
9160	82.0183
9170	67.4943
9180	77.4943
9190	65.5536
9200	75.5536
9210	85.5536
9220	67.2533
9230	77.2533
9240	68.6921
9250	78.6921
9260	88.6921
9270	76.6053
9280	86.6053
9290	72.2924
9300	82.2924
9310	68.2084
9320	78.2084
9330	88.2084
9340	73.2929
9350	83.2929
9360	64.6748
9370	74.6748
9380	64.2529
9390	74.2529
9400	84.2529
9410	70.6226
9420	80.6226
9430	69.5137
9440	79.5137
9450	89.5137
9460	75.8988
9470	85.8988
9480	71.9164
9490	81.9164
9500	63.7965
9510	73.7965
9520	83.7964
9530	72.3308
9540	82.3308
9550	69.1351
9560	79.1351
9570	63.6507
9580	73.6507
9590	83.6507
9600	73.164
9610	83.164
9620	69.2856
9630	79.2856
9640	89.2856
9650	72.4793
9660	64.0342
9670	74.0342
9680	84.0342
9690	71.0182
9700	81.0182
9710	65.6417
9720	75.6417
9730	85.6417
9740	71.8801
9750	81.8801
9760	64.1808
9770	74.1808
9780	65.0848
9790	75.0848
9800	65.3163
9810	75.3163
9820	64.0417
9830	74.0417
9840	84.0417
9850	68.7889
9860	78.7889
9870	66.7633
9880	76.7633
9890	86.7633
9900	68.6471
9910	78.6471
9920	68.2392
9930	60.0396
9940	70.0396
9950	80.0396
9960	67.1809
9970	77.1809
9980	63.9853
9990	73.9853
10000	83.9853
10010	69.7699
10020	79.7699
10030	63.8621
10040	73.8621
10050	83.8621
10060	73.3387
10070	64.0926
10080	74.0926
10090	62.2023
10100	72.2023
10110	82.2023
10120	67.6847
10130	77.6847
10140	65.0804
10150	75.0804
10160	85.0804
10170	67.6916
10180	77.6916
10190	68.0404
10200	78.0404
10210	67.7178
10220	77.7178
10230	87.7178
10240	74.7726
10250	84.7726
10260	70.0376
10270	80.0376
10280	90.0376
10290	74.441
10300	84.441
10310	66.9138
10320	76.9138
10330	65.814
10340	75.814
10350	85.814
10360	70.4456
10370	80.4456
10380	69.6186
10390	79.6186
10400	66.74
10410	76.74
10420	86.74
10430	73.2377
10440	83.2377
10450	66.0837
10460	76.0837
10470	86.0837
10480	73.3127
10490	83.3127
10500	69.8903
10510	79.8903
10520	65.452
10530	75.452
10540	85.452
10550	73.5425
10560	83.5425
10570	70.2132
10580	80.2132
10590	63.2897
10600	73.2897
10610	83.2897
10620	71.794
10630	81.794
10640	68.6052
10650	78.6052
10660	88.6052
10670	72.269
10680	82.269
10690	71.4996
10700	81.4996
10710	68.1019
10720	78.1019
10730	88.1019
10740	69.6626
10750	79.6626
10760	67.8825
10770	77.8825
10780	65.0453
10790	75.0453
10800	85.0453
10810	70.662
10820	80.662
10830	70.0861
10840	80.0861
10850	65.9943
10860	75.9943
10870	85.9942
10880	69.8051
10890	79.8051
10900	67.8279
10910	77.8279
10920	65.2277
10930	75.2277
10940	85.2277
10950	70.4837
10960	80.4837
10970	70.0911
10980	80.0911
10990	90.0911
11000	74.5424
11010	84.5424
11020	68.236
11030	78.236
11040	65.893
11050	75.893
11060	85.893
11070	71.933
11080	81.933
11090	66.7414
11100	76.7414
11110	66.6234
11120	76.6234
11130	86.6234
11140	73.0868
11150	83.0868
11160	66.8184
11170	76.8184
11180	86.8184
11190	73.1666
11200	83.1666
11210	70.252
11220	80.252
11230	64.7866
11240	74.7866
11250	84.7866
11260	73.4314
11270	83.4314
11280	70.1019
11290	80.1019
11300	64.0643
11310	74.0643
11320	84.0643
11330	72.1822
11340	82.1822
11350	68.9648
11360	78.9648
11370	88.9648
11380	71.3067
11390	81.3067
11400	71.1994
11410	81.1994
11420	67.872
11430	77.872
11440	87.872
11450	70.3822
11460	80.3822
11470	68.6704
11480	78.6704
11490	65.2481
11500	75.2481
11510	85.2481
11520	69.8612
11530	79.8612
11540	69.085
11550	79.085
11560	89.085
11570	74.8659
11580	84.8659
11590	69.5784
11600	79.5784
11610	67.5749
11620	77.5749
11630	64.2301
11640	74.2301
11650	84.2301
11660	68.8764
11670	78.8764
11680	64.7616
11690	74.7616
11700	84.7616
11710	72.8738
11720	82.8738
11730	70.6405
11740	80.6405
11750	68.5219
11760	78.5219
11770	65.3132
11780	75.3132
11790	85.3132
11800	69.5952
11810	79.5952
11820	65.4518
11830	75.4518
11840	85.4518
11850	69.9405
11860	79.9405
11870	70.8431
11880	60.1755
11890	70.1755
11900	80.1755
11910	67.343
11920	77.343
11930	62.8106
11940	72.8106
11950	82.8106
11960	68.5333
11970	78.5333
11980	64.7779
11990	74.7779
12000	65.9728
12010	75.9728
12020	65.807
12030	75.807
12040	64.6166
12050	74.6166
12060	84.6166
12070	68.4693
12080	78.4693
12090	65.4454
12100	75.4454
12110	85.4454
12120	70.0541
12130	80.0541
12140	68.4061
12150	78.4061
12160	68.4616
12170	78.4616
12180	88.4616
12190	75.2353
12200	85.2353
12210	69.3751
12220	79.3751
12230	64.7674
12240	74.7674
12250	84.7674
12260	69.0857
12270	79.0857
12280	67.5951
12290	77.5951
12300	87.5951
12310	72.4459
12320	82.4459
12330	70.4017
12340	80.4017
12350	68.716
12360	78.716
12370	88.716
12380	72.5346
12390	82.5346
12400	66.9183
12410	76.9183
12420	65.5907
12430	75.5907
12440	85.5907
12450	71.2609
12460	81.2609
12470	65.6956
12480	75.6956
12490	85.6956
12500	75.4783
12510	85.4783
12520	71.1304
12530	81.1304
12540	65.5652
12550	75.5652
12560	85.5652
12570	72.7391
12580	82.7391
12590	68.3913
12600	78.3913
12610	62.8261
12620	72.8261
12630	82.8261
12640	71.9565
12650	81.9565
12660	70.3913
12670	80.3913
12680	90.3913
12690	73
12700	83
12710	71.6956
12720	81.6956
12730	67.3478
12740	77.3478
12750	87.3478
12760	69.9864
12770	79.9864
12780	65.6971
12790	75.6971
12800	85.6971
12810	73.5441
12820	83.5441
12830	70.3969
12840	60.5979
12850	70.5979
12860	80.5979
12870	66.5715
12880	76.5715
12890	63.2177
12900	73.2177
12910	83.2177
12920	69.3179
12930	79.3179
12940	64.5763
12950	74.5763
12960	84.5763
12970	74.6523
12980	64.1945
12990	74.1945
13000	62.0848
13010	72.0848
13020	82.0848
13030	67.1052
13040	77.1052
13050	65.0402
13060	75.0402
13070	85.0402
13080	68.3507
13090	78.3507
13100	68.5568
13110	78.5569
13120	67.9305
13130	77.9305
13140	87.9305
13150	74.2254
13160	84.2254
13170	69.4093
13180	79.4093
13190	89.4093
13200	74.0928
13210	84.0928
13220	67.5105
13230	77.5106
13240	66.2574
13250	76.2574
13260	86.2574
13270	70.366
13280	80.366
13290	68.959
13300	78.959
13310	66.8127
13320	76.8127
13330	86.8127
13340	72.9702
13350	82.9702
13360	66.7358
13370	76.7358
13380	86.7358
13390	73.8384
13400	83.8384
13410	69.4616
13420	79.4616
13430	64.5946
13440	74.5946
13450	84.5946
13460	73.727
13470	83.727
13480	69.7826
13490	79.7826
13500	63.9351
13510	73.9351
13520	83.9351
13530	72.739
13540	82.739
13550	68.1273
13560	78.1273
13570	88.1273
13580	71.3095
13590	81.3095
13600	70.7486
13610	80.7486
13620	68.4185
13630	78.4185
13640	88.4185
13650	70.916
13660	80.916
13670	69.8254
13680	79.8254
13690	65.3289
13700	75.3289
13710	85.3289
13720	70.2976
13730	80.2976
13740	66.4214
13750	76.4214
13760	86.4214
13770	75.1396
13780	85.1396
13790	69.498
13800	79.498
13810	67.9084
13820	77.9084
13830	63.6427
13840	73.6427
13850	83.6427
13860	68.8855
13870	78.8855
13880	65.2945
13890	75.2945
13900	85.2945
13910	73.2033
13920	83.2033
13930	70.7947
13940	80.7947
13950	68.446
13960	78.446
13970	64.456
13980	74.456
13990	84.456
14000	69.9707
14010	79.9707
14020	66.1487
14030	76.1487
14040	86.1487
14050	70.68
14060	80.68
14070	70.5823
14080	59.5788
14090	69.5788
14100	79.5788
14110	65.8911
14120	75.8911
14130	63.1441
14140	73.1441
14150	83.1441
14160	69.3995
14170	79.3995
14180	66.0348
14190	76.0348
14200	66.5247
14210	76.5247
14220	64.7812
14230	74.7812
14240	63.0541
14250	73.0541
14260	83.0541
14270	68.6182
14280	78.6182
14290	66.477
14300	76.477
14310	86.477
14320	71.3398
14330	81.3398
14340	68.6593
14350	78.6593
14360	68.1345
14370	78.1345
14380	64.5117
14390	74.5117
14400	62.0778
14410	72.0778
14420	82.0778
14430	68.4997
14440	78.4997
14450	65.1629
14460	75.1629
14470	85.1629
14480	71.9987
14490	62.6956
14500	72.6956
14510	60.9558
14520	70.9558
14530	80.9558
14540	67.0627
14550	77.0627
14560	65.1348
14570	75.1349
14580	85.1348
14590	69.7374
14600	79.7374
14610	68.183
14620	78.183
14630	67.6241
14640	77.6241
14650	64.4418
14660	74.4418
14670	84.4418
14680	70.7519
14690	80.7519
14700	67.0677
14710	77.0677
14720	87.0677
14730	71.292
14740	81.292
14750	68.1589
14760	59.1262
14770	69.1262
14780	79.1262
14790	65.9649
14800	75.9649
14810	64.059
14820	74.059
14830	84.059
14840	70.0134
14850	80.0134
14860	66.2248
14870	76.2248
14880	64.8881
14890	74.8881
14900	64.5371
14910	74.5371
14920	62.7549
14930	72.7549
14940	82.7549
14950	69.3124
14960	79.3124
14970	66.6171
14980	76.6171
14990	86.6171
15000	71.1152
15010	81.1152
15020	68.2156
15030	78.2156
15040	67.892
15050	77.892
15060	64.3983
15070	74.3983
15080	62.7128
15090	72.7128
15100	82.7128
15110	68.3658
15120	78.3658
15130	64.8446
15140	74.8446
15150	84.8445
15160	72.1418
15170	62.7124
15180	72.7123
15190	60.7065
15200	70.7065
15210	80.7065
15220	67.4878
15230	77.4878
15240	65.0474
15250	75.0474
15260	85.0474
15270	69.8913
15280	79.8913
15290	68.8241
15300	78.8241
15310	67.8408
15320	77.8408
15330	64.0364
15340	74.0364
15350	84.0364
15360	70.4995
15370	80.4995
15380	66.4443
15390	76.4443
15400	86.4443
15410	71.6314
15420	81.6314
15430	68.8252
15440	59.695
15450	69.695
15460	79.695
15470	65.6406
15480	75.6406
15490	63.814
15500	73.814
15510	83.814
15520	69.5161
15530	79.5161
15540	66.4157
15550	76.4157
15560	65.1981
15570	75.1981
15580	64.8526
15590	74.8526
15600	62.7657
15610	72.7657
15620	82.7657
15630	69.0258
15640	79.0258
15650	66.1511
15660	76.1511
15670	86.1511
15680	71.5836
15690	81.5836
15700	68.7276
15710	78.7276
15720	68.3034
15730	78.3034
15740	64.4458
15750	74.4458
15760	62.294
15770	72.294
15780	82.294
15790	67.6084
15800	77.6084
15810	65.0077
15820	75.0077
15830	85.0077
15840	72.0629
15850	63.1569
15860	73.1569
15870	61.1337
15880	71.1337
15890	81.1337
15900	67.4791
15910	77.4791
15920	64.6783
15930	74.6783
15940	84.6783
15950	70.1649
15960	80.1649
15970	68.3979
15980	78.3979
15990	67.8122
16000	77.8122
16010	64.3351
16020	74.3351
16030	84.3351
16040	70.8752
16050	80.8752
16060	66.2125
16070	76.2125
16080	86.2125
16090	71.6984
16100	81.6984
16110	68.3324
16120	59.2316
16130	69.2316
16140	79.2316
16150	65.9403
16160	75.9403
16170	64.3552
16180	74.3552
16190	84.3552
16200	69.7188
16210	79.7188
16220	66.4527
16230	76.4527
16240	64.9374
16250	74.9374
16260	64.1412
16270	74.1412
16280	62.4832
16290	72.4832
16300	82.4832
16310	69.3516
16320	79.3516
16330	66.5723
16340	76.5723
16350	86.5723
16360	71.5825
16370	81.5825
16380	68.4849
16390	78.4849
16400	67.7155
16410	77.7155
16420	64.1634
16430	74.1634
16440	62.7433
16450	72.7433
16460	82.7433
16470	68.2785
16480	78.2785
16490	65.1398
16500	75.1398
16510	85.1398
16520	72.1141
16530	62.4719
16540	72.4719
16550	60.6733
16560	70.6733
16570	80.6732
16580	67.6828
16590	77.6828
16600	65.0667
16610	75.0667
16620	85.0667
16630	70.1899
16640	80.1898
16650	68.8129
16660	78.8129
16670	67.1716
16680	77.1716
16690	63.6498
16700	73.6498
16710	83.6498
16720	70.9901
16730	80.9901
16740	66.9637
16750	76.9637
16760	86.9637
16770	72.0366
16780	82.0366
16790	68.8464
16800	58.7322
16810	68.7322
16820	78.7322
16830	65.2193
16840	75.2193
16850	64.0139
16860	74.0139
16870	84.0139
16880	70.2082
16890	80.2082
16900	67.2922
16910	77.2922
16920	65.671
16930	75.671
16940	63.8141
16950	73.8141
16960	61.8089
16970	71.8089
16980	81.8089
16990	69.0372
17000	79.0372
17010	67.0665
17020	77.0665
17030	87.0665
17040	72.1824
17050	82.1824
17060	69.0267
17070	79.0268
17080	67.2232
17090	77.2232
17100	63.6594
17110	73.6594
17120	62.2487
17130	72.2487
17140	82.2487
17150	68.6867
17160	78.6867
17170	65.6261
17180	75.6261
17190	85.6261
17200	72.5875
17210	62.1054
17220	72.1054
17230	60.4015
17240	70.4015
17250	80.4015
17260	67.5254
17270	77.5254
17280	65.4961
17290	75.4961
17300	85.4961
17310	70.5217
17320	80.5217
17330	68.9886
17340	78.9886
17350	67.1523
17360	77.1523
17370	63.6066
17380	73.6066
17390	83.6066
17400	70.6083
17410	80.6083
17420	67.0788
17430	77.0788
17440	87.0788
17450	71.9593
17460	81.9593
17470	68.928
17480	58.6331
17490	68.6331
17500	78.6331
17510	65.1944
17520	75.1944
17530	63.8539
17540	73.8539
17550	83.8539
17560	70.4616
17570	80.4616
17580	67.0079
17590	77.0079
17600	65.7201
17610	75.7201
17620	63.7304
17630	73.7304
17640	62.1246
17650	72.1246
17660	82.1246
17670	68.9471
17680	78.9471
17690	67.4389
17700	77.4389
17710	87.4389
17720	72.1342
17730	82.1342
17740	68.7707
17750	78.7707
17760	66.6812
17770	76.6812
17780	63.4883
17790	73.4883
17800	62.128
17810	72.128
17820	82.128
17830	69.137
17840	79.137
17850	65.7961
17860	75.7961
17870	85.7961
17880	72.4122
17890	61.9112
17900	71.9113
17910	60.1916
17920	70.1916
17930	80.1916
17940	66.9763
17950	76.9763
17960	65.7365
17970	75.7365
17980	85.7365
17990	70.7238
18000	80.7238
18010	69.113
18020	79.113
18030	67.1178
18040	77.1178
18050	63.44
18060	73.44
18070	83.44
18080	70.208
18090	80.208
18100	67.4237
18110	77.4237
18120	87.4237
18130	72.3851
18140	82.3851
18150	69.2293
18160	58.5418
18170	68.5418
18180	78.5418
18190	64.8369
18200	74.8369
18210	63.3757
18220	73.3757
18230	83.3757
18240	70.6462
18250	80.6462
18260	67.3291
18270	77.3291
18280	66.0149
18290	76.0149
18300	63.9335
18310	73.9335
18320	61.7438
18330	71.7438
18340	81.7438
18350	68.4503
18360	78.4503
18370	67.2265
18380	77.2265
18390	87.2265
18400	72.2947
18410	82.2947
18420	69.5105
18430	79.5105
18440	67.6076
18450	77.6076
18460	63.417
18470	73.417
18480	61.5697
18490	71.5697
18500	81.5697
18510	68.3829
18520	78.3829
18530	65.5433
18540	75.5433
18550	85.5433
18560	73.0656
18570	62.9837
18580	72.9837
18590	60.5342
18600	70.5342
18610	80.5342
18620	66.4987
18630	76.4987
18640	64.9327
18650	74.9327
18660	84.9327
18670	70.4762
18680	80.4762
18690	69.7041
18700	79.7041
18710	68.1657
18720	78.1657
18730	63.7278
18740	73.7278
18750	83.7278
18760	69.7041
18770	79.7041
18780	66.5089
18790	76.5089
18800	86.5089
18810	72.071
18820	82.071
18830	69.7041
18840	59.7041
18850	69.7041
18860	79.7041
18870	65.2249
18880	75.2249
18890	62.9359
18900	72.9359
18910	82.9359
18920	69.7734
18930	79.7734
18940	67.133
18950	77.133
18960	66.4302
18970	76.4302
18980	64.9764
18990	74.9764
19000	62.0195
19010	72.0195
19020	82.0195
19030	68.1471
19040	78.1471
19050	66.4051
19060	76.4051
19070	86.4051
19080	72.1649
19090	82.1649
19100	69.6188
19110	79.6188
19120	68.2787
19130	78.2787
19140	63.676
19150	73.676
19160	61.4684
19170	71.4684
19180	81.4684
19190	68.1446
19200	78.1446
19210	65.4613
19220	75.4613
19230	85.4613
19240	73.0108
19250	63.3143
19260	73.3143
19270	60.5977
19280	70.5977
19290	80.5977
19300	66.5625
19310	76.5625
19320	65.0231
19330	75.0231
19340	85.0231
19350	70.279
19360	80.279
19370	69.2146
19380	79.2146
19390	68.1469
19400	78.1469
19410	63.8746
19420	73.8746
19430	83.8746
19440	69.753
19450	79.753
19460	66.7723
19470	76.7723
19480	86.7723
19490	72.2083
19500	82.2083
19510	68.9398
19520	59.5115
19530	69.5115
19540	79.5115
19550	65.3736
19560	75.3736
19570	62.9598
19580	72.9598
19590	82.9598
19600	70.0287
19610	80.0287
19620	67.2414
19630	77.2414
19640	65.579
19650	75.579
19660	64.5888
19670	74.5888
19680	62.1992
19690	72.1992
19700	82.1992
19710	68.1267
19720	78.1267
19730	66.825
19740	76.825
19750	86.825
19760	72.4508
19770	82.4508
19780	69.309
19790	79.309
19800	67.8812
19810	77.8812
19820	63.6364
19830	73.6364
19840	61.4773
19850	71.4773
19860	81.4773
19870	68.4091
19880	78.4091
19890	65.8585
19900	75.8585
19910	85.8585
19920	72.8295
19930	62.9313
19940	72.9313
19950	60.27
19960	70.27
19970	80.27
19980	66.5046
19990	76.5046
20000	65.1977
20010	75.1977
20020	85.1977
20030	70.6488
20040	80.6488
20050	69.3825
20060	79.3825
20070	67.9172
20080	77.9172
20090	63.4722
20100	73.4722
20110	83.4722
20120	69.8444
20130	79.8444
20140	67.0225
20150	77.0225
20160	87.0225
20170	72.2472
20180	82.2472
20190	69.4519
20200	59.3193
20210	69.3193
20220	79.3193
20230	64.9908
20240	74.9908
20250	62.9485
20260	72.9485
20270	82.9485
20280	70.2549
20290	80.2549
20300	67.4042
20310	77.4042
20320	66.3807
20330	76.3807
20340	64.2369
20350	74.2369
20360	61.7827
20370	71.7827
20380	81.7827
20390	67.9529
20400	77.9529
20410	66.9672
20420	76.9672
20430	86.9672
20440	72.4321
20450	82.4321
20460	69.8532
20470	79.8532
20480	67.6491
20490	77.6491
20500	63.5466
20510	73.5466
20520	61.1815
20530	71.1815
20540	81.1815
20550	68.6842
20560	78.6842
20570	65.9342
20580	75.9342
20590	85.9342
20600	73.3413
20610	62.5586
20620	72.5586
20630	60.1139
20640	70.1139
20650	80.1139
20660	66.2746
20670	76.2746
20680	65.5974
20690	75.5974
20700	85.5974
20710	70.7671
20720	80.7671
20730	69.7873
20740	79.7873
20750	67.6026
20760	77.6026
20770	63.2584
20780	73.2584
20790	83.2584
20800	69.6221
20810	79.6221
20820	67.2662
20830	77.2662
20840	87.2662
20850	72.2169
20860	82.2169
20870	69.8277
20880	59.1319
20890	69.1319
20900	79.1319
20910	64.645
20920	74.645
20930	62.8975
20940	72.8975
20950	82.8975
20960	70.6548
20970	80.6548
20980	67.3639
20990	77.3639
21000	66.7858
21010	76.7858
21020	64.1679
21030	74.1679
21040	61.1555
21050	71.1555
21060	81.1555
21070	67.9803
21080	77.9803
21090	67.3478
21100	77.3478
21110	87.3478
21120	72.4292
21130	82.4292
21140	70.3614
21150	80.3614
21160	67.7375
21170	77.7375
21180	62.6924
21190	72.6924
21200	61.0046
21210	71.0046
21220	81.0046
21230	68.9285
21240	78.9285
21250	66.0906
21260	76.0906
21270	86.0906
21280	73.9058
21290	62.8602
21300	72.8602
21310	59.5627
21320	69.5627
21330	79.5627
21340	65.9294
21350	75.9294
21360	65.6852
21370	75.6852
21380	85.6852
21390	71.2117
21400	81.2117
21410	70.3631
21420	80.3631
21430	67.929
21440	77.929
21450	62.6646
21460	72.6646
21470	82.6646
21480	68.9231
21490	78.9231
21500	67.268
21510	77.268
21520	87.268
21530	72.732
21540	82.732
21550	70.3608
21560	59.5885
21570	69.5885
21580	79.5885
21590	64.3456
21600	74.3456
21610	62.2549
21620	72.2549
21630	82.2549
21640	70.4272
21650	80.4272
21660	67.6897
21670	77.6897
21680	66.9546
21690	76.9546
21700	64.6763
21710	74.6763
21720	61.2255
21730	71.2255
21740	81.2255
21750	67.389
21760	77.389
21770	67.1522
21780	77.1522
21790	87.1522
21800	72.739
21810	82.739
21820	70.3161
21830	80.3161
21840	68.2731
21850	78.2731
21860	62.7333
21870	72.7333
21880	60.6381
21890	70.6381
21900	80.6381
21910	68.7758
21920	78.7758
21930	66.1237
21940	76.1237
21950	86.1237
21960	73.6537
21970	63.2191
21980	73.2191
21990	59.6718
22000	69.6718
22010	79.6718
22020	65.6548
22030	75.6548
22040	65.4235
22050	75.4234
22060	85.4235
22070	71.1577
22080	81.1577
22090	70.3115
22100	80.3115
22110	68.2271
22120	78.2271
22130	63.0109
22140	73.0108
22150	83.0108
22160	68.8711
22170	78.8711
22180	67.1958
22190	77.1958
22200	87.1958
22210	72.4736
22220	82.4736
22230	70.1366
22240	59.6701
22250	69.6701
22260	79.6701
22270	64.5819
22280	74.5819
22290	62.2769
22300	72.2769
22310	82.2769
22320	70.451
22330	80.451
22340	67.5434
22350	77.5434
22360	66.9018
22370	76.9018
22380	64.6799
22390	74.6799
22400	61.3545
22410	71.3545
22420	81.3545
22430	67.4178
22440	77.4178
22450	67.1335
22460	77.1335
22470	87.1335
22480	72.5247
22490	82.5247
22500	70.3465
22510	80.3465
22520	68.1515
22530	78.1515
22540	62.8812
22550	72.8812
22560	60.7203
22570	70.7203
22580	80.7203
22590	68.963
22600	78.963
22610	65.8982
22620	75.8982
22630	85.8982
22640	73.8732
22650	62.9337
22660	72.9337
22670	59.6553
22680	69.6553
22690	79.6553
22700	65.9903
22710	75.9903
22720	65.9447
22730	75.9447
22740	85.9447
22750	70.9412
22760	80.9412
22770	70.2934
22780	80.2934
22790	67.7017
22800	77.7017
22810	62.7139
22820	72.7139
22830	82.7139
22840	69.0954
22850	79.0954
22860	67.5306
22870	77.5306
22880	87.5306
22890	72.5515
22900	82.5515
22910	70.3176
22920	59.3593
22930	69.3593
22940	79.3593
22950	64.2112
22960	74.2112
22970	62.3208
22980	72.3208
22990	82.3208
23000	70.8049
23010	80.8049
23020	67.6585
23030	77.6585
23040	67.0488
23050	77.0488
23060	64.5122
23070	74.5122
23080	61.0488
23090	71.0488
23100	81.0488
23110	67.4878
23120	77.4878
23130	67.5171
23140	77.5171
23150	87.5171
23160	72.6089
23170	82.6089
23180	70.2848
23190	80.2848
23200	67.7885
23210	77.7884
23220	62.5189
23230	72.5189
23240	60.7319
23250	70.7319
23260	80.7319
23270	69.3377
23280	79.3377
23290	66.3494
23300	76.3494
23310	86.3494
23320	73.5252
23330	62.7904
23340	72.7904
23350	59.2458
23360	69.2458
23370	79.2458
23380	65.9445
23390	75.9445
23400	65.9771
23410	75.9771
23420	85.9771
23430	71.3797
23440	81.3797
23450	69.9199
23460	79.9199
23470	67.7167
23480	77.7167
23490	62.3265
23500	72.3265
23510	82.3265
23520	69.1646
23530	79.1646
23540	67.6957
23550	77.6957
23560	87.6957
23570	73.2429
23580	83.2429
23590	70.1536
23600	59.3693
23610	69.3693
23620	79.3693
23630	63.8075
23640	73.8075
23650	62.447
23660	72.447
23670	82.447
23680	70.8409
23690	80.8409
23700	67.9857
23710	77.9857
23720	66.5824
23730	76.5824
23740	64.3616
23750	74.3616
23760	60.6705
23770	70.6705
23780	80.6705
23790	67.8389
23800	77.8389
23810	67.8006
23820	77.8006
23830	87.8006
23840	73.0346
23850	83.0346
23860	69.9353
23870	79.9353
23880	67.8409
23890	77.8409
23900	62.1647
23910	72.1647
23920	61.0588
23930	71.0588
23940	81.0588
23950	69.3176
23960	79.3176
23970	66.3913
23980	76.3913
23990	86.3913
24000	73.2829
24010	62.8462
24020	72.8462
24030	58.9118
24040	68.9118
24050	78.9118
24060	66.2984
24070	76.2984
24080	65.9579
24090	75.958
24100	85.9579
24110	71.4252
24120	81.4252
24130	69.8598
24140	79.8598
24150	89.8598
24160	75.8645
24170	85.8645
24180	69.2523
24190	79.2523
24200	66.6822
24210	76.6822
24220	86.6822
24230	73.2079
24240	83.2079
24250	68.6002
24260	78.6002
24270	65.4056
24280	75.4056
24290	85.4056
24300	69.5456
24310	79.5456
24320	67.7123
24330	77.7122
24340	65.2533
24350	75.2533
24360	85.2533
24370	73.2292
24380	83.2292
24390	68.5579
24400	78.5579
24410	88.5579
24420	73.8822
24430	83.8822
24440	67.9434
24450	77.9434
24460	65.9259
24470	75.9259
24480	85.9259
24490	71.9676
24500	81.9676
24510	69.9014
24520	79.9014
24530	89.9014
24540	73.5308
24550	83.5308
24560	70.5462
24570	80.5462
24580	64.6719
24590	74.6719
24600	62.6342
24610	72.6342
24620	82.6342
24630	70.4024
24640	80.4024
24650	68.2089
24660	78.2089
24670	88.2089
24680	73.5677
24690	83.5677
24700	70.5275
24710	80.5275
24720	64.7001
24730	74.7001
24740	84.7001
24750	70.7785
24760	80.7785
24770	68.5778
24780	78.5778
24790	66.5803
24800	76.5803
24810	86.5803
24820	72.0564
24830	82.0564
24840	68.8918
24850	78.8918
24860	88.8918
24870	71.2877
24880	81.2877
24890	68.9564
24900	78.9564
24910	66.7254
24920	76.7254
24930	86.7254
24940	73.0728
24950	83.0728
24960	68.6737
24970	78.6737
24980	65.5712
24990	75.5712
25000	85.5712
25010	69.7834
25020	79.7834
25030	67.3767
25040	77.3767
25050	65.1331
25060	75.1331
25070	85.1331
25080	72.8579
25090	82.8579
25100	68.6479
25110	78.6479
25120	88.6479
25130	74.0743
25140	84.0743
25150	68.0753
25160	78.0753
25170	65.7965
25180	75.7965
25190	85.7965
25200	71.8698
25210	81.8698
25220	69.6477
25230	79.6477
25240	89.6477
25250	73.6686
25260	83.6686
25270	70.904
25280	80.904
25290	64.7711
25300	74.7711
25310	62.6891
25320	72.6891
25330	82.6891
25340	70.0735
25350	80.0735
25360	67.7475
25370	77.7475
25380	87.7475
25390	73.5675
25400	83.5675
25410	70.9564
25420	80.9564
25430	64.7797
25440	74.7797
25450	84.7797
25460	71.2658
25470	81.2658
25480	68.2586
25490	78.2586
25500	66.0548
25510	76.0548
25520	86.0548
25530	72.0005
25540	82.0005
25550	69.3602
25560	79.3602
25570	89.3602
25580	71.2329
25590	81.2329
25600	69.4434
25610	79.4434
25620	66.4429
25630	76.443
25640	86.443
25650	72.8074
25660	82.8074
25670	68.6208
25680	78.6208
25690	65.9721
25700	75.9721
25710	85.9721
25720	69.6346
25730	79.6346
25740	67.6954
25750	77.6954
25760	64.7675
25770	74.7675
25780	84.7675
25790	72.8018
25800	82.8018
25810	68.7156
25820	78.7156
25830	88.7157
25840	74.5592
25850	84.5592
25860	68.0686
25870	78.0686
25880	66.1522
25890	76.1522
25900	86.1522
25910	71.3824
25920	81.3824
25930	69.4951
25940	79.4951
25950	89.4951
25960	73.7848
25970	83.7848
25980	71.3244
25990	81.3244
26000	64.7008
26010	74.7008
26020	62.5872
26030	72.5872
26040	82.5872
26050	69.5144
26060	79.5144
26070	67.7556
26080	77.7556
26090	87.7556
26100	73.723
26110	83.723
26120	70.9998
26130	80.9998
26140	90.9998
26150	73.9
26160	61.5988
26170	71.5988
26180	60.0232
26190	70.0232
26200	80.0232
26210	68.3089
26220	78.3089
26230	66.1305
26240	76.1305
26250	86.1305
26260	69.7367
26270	79.7367
26280	69.0474
26290	79.0474
26300	66.6655
26310	76.6655
26320	63.2382
26330	73.2382
26340	63.1531
26350	73.1531
26360	83.1531
26370	69.2024
26380	79.2024
26390	64.7558
26400	74.7558
26410	84.7558
26420	72.5791
26430	61.718
26440	71.718
26450	81.718
26460	68.1608
26470	78.1608
26480	66.6122
26490	76.6122
26500	86.6122
26510	72.7252
26520	82.7252
26530	66.278
26540	76.278
26550	65.7516
26560	75.7516
26570	63.2206
26580	73.2206
26590	61.3789
26600	71.3789
26610	81.3789
26620	69.9308
26630	79.9308
26640	67.8446
26650	77.8446
26660	87.8446
26670	71.4009
26680	81.4009
26690	69.1207
26700	58.0661
26710	68.0662
26720	78.0662
26730	64.6414
26740	74.6414
26750	64.8095
26760	74.8095
26770	84.8095
26780	71.1273
26790	81.1273
26800	66.4301
26810	76.4301
26820	86.4301
26830	74.2171
26840	61.4126
26850	71.4126
26860	59.7181
26870	69.7181
26880	79.7181
26890	68.3025
26900	78.3025
26910	66.3719
26920	76.3719
26930	86.3719
26940	69.8578
26950	79.8578
26960	69.3139
26970	79.3139
26980	66.3232
26990	76.3232
27000	63.0484
27010	73.0484
27020	63.0641
27030	73.0641
27040	83.0641
27050	69.5213
27060	79.5213
27070	64.9797
27080	74.9797
27090	84.9797
27100	72.5189
27110	61.2377
27120	71.2377
27130	81.2377
27140	68.0376
27150	78.0376
27160	66.5624
27170	76.5624
27180	86.5624
27190	73.0225
27200	83.0225
27210	66.702
27220	76.702
27230	65.7764
27240	75.7764
27250	62.9671
27260	72.9671
27270	61.5499
27280	71.5499
27290	81.5499
27300	69.8608
27310	79.8608
27320	67.6895
27330	77.6895
27340	87.6895
27350	71.5254
27360	81.5254
27370	69.1187
27380	57.9601
27390	67.9601
27400	77.9601
27410	65.0152
27420	75.0152
27430	64.7909
27440	74.7909
27450	84.7909
27460	70.7326
27470	80.7326
27480	66.5692
27490	76.5692
27500	86.5692
27510	74.2513
27520	61.4086
27530	71.4086
27540	60.0225
27550	70.0226
27560	80.0226
27570	68.3403
27580	78.3403
27590	65.8826
27600	75.8826
27610	85.8826
27620	70.0089
27630	80.0089
27640	69.1672
27650	79.1672
27660	66.4488
27670	76.4488
27680	63.4597
27690	73.4597
27700	63.1817
27710	73.1817
27720	83.1817
27730	68.8873
27740	78.8873
27750	64.9596
27760	74.9596
27770	84.9596
27780	72.6003
27790	61.3767
27800	71.3767
27810	81.3767
27820	68.4706
27830	78.4706
27840	66.7047
27850	76.7047
27860	86.7047
27870	72.2682
27880	82.2682
27890	66.5635
27900	76.5635
27910	65.8507
27920	75.8507
27930	62.9862
27940	72.9862
27950	61.7652
27960	71.7652
27970	81.7652
27980	70.0491
27990	80.0491
28000	67.0958
28010	77.0958
28020	87.0958
28030	71.466
28040	81.466
28050	69.2288
28060	58.0659
28070	68.0659
28080	78.0659
28090	65.283
28100	75.283
28110	65.1848
28120	75.1848
28130	85.1848
28140	70.0939
28150	80.0939
28160	66.3619
28170	76.3619
28180	86.3619
28190	74.1884
28200	61.46
28210	71.46
28220	60.2783
28230	70.2783
28240	80.2783
28250	68.7115
28260	78.7115
28270	65.2017
28280	75.2017
28290	85.2017
28300	69.7562
28310	79.7562
28320	69.2625
28330	79.2625
28340	66.6458
28350	76.6458
28360	63.6129
28370	73.6129
28380	63.6775
28390	73.6775
28400	83.6775
28410	68.1715
28420	78.1715
28430	64.6544
28440	74.6544
28450	84.6544
28460	72.6834
28470	61.6235
28480	71.6235
28490	81.6235
28500	68.5022
28510	78.5022
28520	67.1251
28530	77.1251
28540	87.1251
28550	71.6068
28560	81.6068
28570	66.3801
28580	76.3801
28590	66.0629
28600	76.0629
28610	63.2075
28620	73.2075
28630	61.633
28640	71.633
28650	81.633
28660	70.1918
28670	80.1918
28680	66.5913
28690	76.5913
28700	86.5913
28710	71.4663
28720	81.4663
28730	69.6636
28740	58.3009
28750	68.3009
28760	78.3009
28770	65.1208
28780	75.1208
28790	65.1237
28800	75.1237
28810	85.1237
28820	69.7299
28830	79.7299
28840	66.3995
28850	76.3995
28860	86.3995
28870	74.7817
28880	61.702
28890	71.702
28900	60.1111
28910	70.1111
28920	80.1111
28930	68.5734
28940	78.5734
28950	65.0607
28960	75.0607
28970	85.0607
28980	70.0412
28990	80.0412
29000	69.9022
29010	79.9022
29020	66.9139
29030	76.9139
29040	63.5683
29050	73.5683
29060	63.6628
29070	73.6628
29080	83.6628
29090	68.4358
29100	78.4358
29110	65.2699
29120	75.2699
29130	85.2699
29140	71.5592
29150	61.6785
29160	71.6786
29170	81.6785
29180	68.3794
29190	78.3794
29200	66.9914
29210	76.9914
29220	86.9914
29230	71.7522
29240	81.7522
29250	66.7452
29260	76.7452
29270	64.6404
29280	74.6404
29290	63.3577
29300	73.3577
29310	61.8845
29320	71.8845
29330	81.8845
29340	70.465
29350	80.465
29360	67.0498
29370	77.0498
29380	87.0498
29390	71.8391
29400	81.8391
29410	67.9693
29420	58.2953
29430	68.2953
29440	78.2953
29450	65.1807
29460	75.1807
29470	65.2722
29480	75.2722
29490	85.2722
29500	70.0894
29510	80.0894
29520	66.7142
29530	76.7142
29540	86.7142
29550	72.893
29560	61.7004
29570	71.7004
29580	60.0904
29590	70.0904
29600	80.0904
29610	68.7032
29620	78.7032
29630	65.3843
29640	75.3843
29650	85.3843
29660	70.2886
29670	80.2886
29680	68.0748
29690	78.0748
29700	66.7411
29710	76.7411
29720	63.5534
29730	73.5534
29740	63.6278
29750	73.6278
29760	83.6278
29770	68.5959
29780	78.5959
29790	65.3649
29800	75.3649
29810	85.3649
29820	71.4239
29830	61.6667
29840	71.6667
29850	81.6667
29860	68.5363
29870	78.5363
29880	67.0069
29890	77.0069
29900	87.0068
29910	71.7663
29920	81.7664
29930	66.8352
29940	76.8352
29950	64.5789
29960	74.5789
29970	63.386
29980	73.386
29990	62.035
30000	72.035
30010	82.035
30020	70.418
30030	80.418
30040	66.7785
30050	76.7785
30060	86.7785
30070	72.0197
30080	82.0197
30090	68.0684
30100	58.282
30110	68.282
30120	78.282
30130	65.4039
30140	75.4039
30150	65.3877
30160	75.3877
30170	85.3877
30180	69.7018
30190	79.7018
30200	66.773
30210	76.773
30220	86.773
30230	72.8705
30240	61.5947
30250	71.5947
30260	60.3783
30270	70.3783
30280	80.3783
30290	68.8514
30300	78.8513
30310	64.9696
30320	74.9696
30330	84.9696
30340	70.3089
30350	80.3089
30360	67.9429
30370	77.9429
30380	66.6924
30390	76.6924
30400	63.847
30410	73.847
30420	63.9125
30430	73.9125
30440	83.9125
30450	68.2846
30460	78.2846
30470	65.4223
30480	75.4223
30490	85.4223
30500	71.4275
30510	61.4431
30520	71.4431
30530	81.4431
30540	68.4816
30550	78.4816
30560	67.1652
30570	77.1652
30580	87.1652
30590	71.7194
30600	81.7194
30610	66.8748
30620	76.8748
30630	64.7222
30640	74.7222
30650	63.2037
30660	73.2037
30670	61.7778
30680	71.7778
30690	81.7778
30700	70.5185
30710	80.5185
30720	66.9259
30730	76.9259
30740	86.9259
30750	72.037
30760	82.037
30770	68.1852
30780	58.2037
30790	68.2037
30800	78.2037
30810	65.1394
30820	75.1394
30830	65.4188
30840	75.4188
30850	85.4188
30860	69.9338
30870	79.9338
30880	66.7204
30890	76.7204
30900	86.7204
30910	72.9415
30920	61.4959
30930	71.4959
30940	60.1566
30950	70.1566
30960	80.1566
30970	68.9911
30980	78.9911
30990	65.279
31000	75.279
31010	85.279
31020	70.2087
31030	80.2087
31040	67.9901
31050	77.9901
31060	66.6365
31070	76.6365
31080	63.5641
31090	55.3989
31100	65.3989
31110	75.3989
31120	62.8141
31130	53.021
31140	63.021
31150	73.021
31160	62.6135
31170	55.9307
31180	65.9307
31190	75.9307
31200	66.0747
31210	54.1741
31220	64.1741
31230	74.1741
31240	64.3923
31250	54.7921
31260	64.7921
31270	56.1463
31280	66.1463
31290	57.8736
31300	67.8736
31310	59.7416
31320	69.7416
31330	57.7973
31340	67.7973
31350	58.0953
31360	68.0953
31370	60.0233
31380	70.0233
31390	59.4447
31400	52.7524
31410	62.7524
31420	72.7524
31430	63.0053
31440	52.9894
31450	62.9894
31460	72.9894
31470	61.5987
31480	54.9587
31490	64.9587
31500	74.9587
31510	64.3379
31520	55.9522
31530	65.9521
31540	57.8686
31550	67.8686
31560	56.2285
31570	66.2285
31580	56.6064
31590	66.6064
31600	58.4188
31610	68.4188
31620	59.5622
31630	69.5622
31640	60.8866
31650	70.8866
31660	61.2203
31670	51.5028
31680	61.5028
31690	71.5028
31700	60.2451
31710	53.5616
31720	63.5615
31730	73.5616
31740	62.9955
31750	55.71
31760	65.7101
31770	75.71
31780	66.0025
31790	54.4579
31800	64.4579
31810	74.4579
31820	63.2612
31830	55.135
31840	65.135
31850	56.3933
31860	66.3933
31870	57.5117
31880	67.5117
31890	59.423
31900	69.423
31910	57.6921
31920	67.6921
31930	58.3158
31940	68.3158
31950	60.3108
31960	70.3108
31970	59.8233
31980	52.5843
31990	62.5843
32000	72.5843
32010	62.7436
32020	52.8381
32030	62.8381
32040	72.8381
32050	61.7565
32060	55.113
32070	65.113
32080	75.113
32090	64.6609
32100	55.8783
32110	65.8783
32120	57.7043
32130	67.7043
32140	56
32150	66
32160	56.6783
32170	66.6783
32180	58.5236
32190	68.5236
32200	59.7837
32210	69.7837
32220	61.0139
32230	71.0139
32240	61.207
32250	51.3362
32260	61.3362
32270	71.3362
32280	60.0702
32290	53.4061
32300	63.4061
32310	73.4061
32320	63.0177
32330	55.8949
32340	65.8949
32350	75.8949
32360	66.2141
32370	54.6837
32380	64.6837
32390	74.6837
32400	63.2227
32410	54.8537
32420	64.8537
32430	56.1018
32440	66.1018
32450	57.537
32460	67.537
32470	59.5072
32480	69.5072
32490	58.0913
32500	68.0913
32510	58.3298
32520	68.3298
32530	60.0342
32540	70.0342
32550	59.4904
32560	52.5036
32570	62.5036
32580	72.5036
32590	62.7928
32600	53.2241
32610	63.2241
32620	73.2241
32630	61.6878
32640	54.9624
32650	64.9624
32660	74.9624
32670	64.3515
32680	55.7143
32690	65.7143
32700	57.7053
32710	67.7053
32720	56.3033
32730	66.3033
32740	56.6285
32750	66.6285
32760	58.4433
32770	68.4433
32780	59.5361
32790	69.5361
32800	60.956
32810	70.956
32820	61.3605
32830	51.5306
32840	61.5306
32850	71.5306
32860	60.0846
32870	53.4042
32880	63.4042
32890	73.4042
32900	62.8246
32910	55.8311
32920	65.8311
32930	75.8311
32940	66.3015
32950	54.7467
32960	64.7467
32970	74.7467
32980	63.2095
32990	54.9259
33000	64.9259
33010	56.1252
33020	66.1252
33030	57.445
33040	67.445
33050	59.577
33060	69.577
33070	58.0541
33080	68.0541
33090	58.3249
33100	68.3249
33110	60.0508
33120	70.0508
33130	59.5431
33140	52.4196
33150	62.4196
33160	72.4196
33170	62.9272
33180	53.198
33190	63.198
33200	73.198
33210	61.6557
33220	54.9188
33230	64.9188
33240	74.9188
33250	64.3468
33260	55.7036
33270	65.7036
33280	57.8906
33290	67.8906
33300	56.4466
33310	66.4466
33320	56.6181
33330	66.6181
33340	58.4274
33350	68.4274
33360	59.3603
33370	69.3603
33380	60.7768
33390	70.7768
33400	61.342
33410	51.724
33420	61.724
33430	71.724
33440	60.1287
33450	53.4822
33460	63.4822
33470	73.4822
33480	62.7059
33490	55.6975
33500	65.6975
33510	75.6975
33520	66.1443
33530	54.7828
33540	64.7828
33550	74.7828
33560	63.1408
33570	55.024
33580	65.024
33590	55.8856
33600	65.8856
33610	57.3869
33620	67.3869
33630	59.4974
33640	69.4974
33650	58.2004
33660	68.2004
33670	58.3166
33680	68.3166
33690	60.2466
33700	70.2466
33710	59.3773
33720	52.4622
33730	62.4622
33740	72.4622
33750	62.8242
33760	53.2328
33770	63.2328
33780	73.2328
33790	61.6271
33800	55.0249
33810	65.0249
33820	75.0249
33830	64.1146
33840	55.6995
33850	65.6995
33860	57.7095
33870	67.7095
33880	56.4185
33890	66.4185
33900	56.5728
33910	66.5728
33920	58.4934
33930	68.4934
33940	59.3709
33950	69.3709
33960	60.894
33970	70.894
33980	61.2252
33990	51.7384
34000	61.7384
34010	71.7384
34020	60.0828
34030	53.5099
34040	63.5099
34050	73.5099
34060	62.649
34070	55.7119
34080	65.7119
34090	75.7119
34100	66.0431
34110	54.7848
34120	64.7848
34130	74.7848
34140	63.1291
34150	55.0497
34160	65.0497
34170	55.9329
34180	65.9329
34190	57.4713
34200	67.4713
34210	59.4686
34220	69.4686
34230	58.2564
34240	68.2564
34250	58.2801
34260	68.2802
34270	60.0983
34280	70.0983
34290	59.3456
34300	52.5043
34310	62.5043
34320	72.5043
34330	62.7796
34340	53.4211
34350	63.4211
34360	73.4211
34370	61.5132
34380	54.8684
34390	64.8684
34400	74.8684
34410	64.1407
34420	55.7747
34430	65.7747
34440	57.6687
34450	67.6687
34460	56.6385
34470	66.6385
34480	56.5518
34490	66.5518
34500	58.3626
34510	68.3626
34520	59.3603
34530	69.3603
34540	60.9852
34550	70.9852
34560	61.2578
34570	51.9315
34580	61.9315
34590	71.9315
34600	60.0666
34610	53.2868
34620	63.2868
34630	73.2868
34640	62.4858
34650	55.7334
34660	65.7334
34670	75.7334
34680	66.0644
34690	55.0977
34700	65.0977
34710	75.0977
34720	63.163
34730	54.7592
34740	64.7592
34750	55.704
34760	65.704
34770	57.4103
34780	67.4103
34790	59.3629
34800	69.3629
34810	58.5316
34820	68.5316
34830	58.3946
34840	68.3946
34850	60.0963
34860	70.0963
34870	59.3051
34880	52.3707
34890	62.3707
34900	72.3707
34910	62.5978
34920	53.5577
34930	63.5577
34940	73.5577
34950	61.6399
34960	54.8551
34970	64.8551
34980	74.8551
34990	64.1019
35000	55.6584
35010	65.6584
35020	57.5311
35030	67.5311
35040	56.8042
35050	66.8042
35060	56.7592
35070	66.7592
35080	58.214
35090	68.214
35100	59.2424
35110	69.2424
35120	60.8535
35130	70.8535
35140	61.1343
35150	52.1264
35160	62.1264
35170	72.1264
35180	60.154
35190	53.1559
35200	63.1559
35210	73.1559
35220	62.5159
35230	55.7006
35240	65.7006
35250	75.7006
35260	66.0093
35270	55.1677
35280	65.1677
35290	75.1677
35300	63.1687
35310	54.5937
35320	64.5937
35330	55.7791
35340	65.7791
35350	57.4793
35360	67.4793
35370	59.3791
35380	69.3791
35390	58.5252
35400	68.5252
35410	58.3808
35420	68.3808
35430	59.8224
35440	69.8224
35450	59.3353
35460	52.5131
35470	62.5131
35480	72.5131
35490	62.6573
35500	53.5937
35510	63.5937
35520	73.5937
35530	61.6693
35540	54.6944
35550	64.6944
35560	74.6944
35570	64.0619
35580	55.6843
35590	65.6843
35600	57.5306
35610	67.5306
35620	56.7965
35630	66.7965
35640	56.7754
35650	66.7754
35660	58.3307
35670	68.3307
35680	59.2187
35690	69.2187
35700	60.7837
35710	70.7837
35720	61.0345
35730	52.0692
35740	62.0692
35750	72.0692
35760	60.2599
35770	53.309
35780	63.309
35790	73.309
35800	62.4506
35810	55.5735
35820	65.5735
35830	75.5735
35840	65.8529
35850	55.197
35860	65.197
35870	75.197
35880	63.4229
35890	54.7719
35900	64.7719
35910	55.6815
35920	65.6815
35930	57.2982
35940	67.2982
35950	59.25
35960	69.25
35970	58.625
35980	68.625
35990	58.6875
36000	68.6875
