10	11
20	10
30	3
40	3
50	3
60	3
70	5.5
80	15.5
90	25.5
100	21.5
110	31.5
120	20
130	30
140	40
150	28
160	38
170	29.3333
180	39.3333
190	49.3333
200	36.6667
210	46.6667
220	34.5833
230	44.5833
240	34.1667
250	44.1667
260	54.1667
270	47.6667
280	57.6667
290	43.3333
300	29.4167
310	39.4167
320	49.4167
330	43.3333
340	53.3333
350	43.3333
360	53.3333
370	40
380	50
390	39.0833
400	49.0833
410	59.0833
420	49.1667
430	59.1667
440	45.75
450	55.75
460	65.75
470	51
480	61
490	48
500	58
510	42.8273
520	52.8273
530	62.8273
540	40.6545
550	50.6545
560	43.7818
570	53.7818
580	45.0685
590	55.0685
600	45.7343
610	55.7343
620	39.3846
630	49.3846
640	59.3846
650	52.5846
660	47.4667
670	57.4667
680	67.4667
690	58.3077
700	68.3077
710	62.9846
720	72.9846
730	61.6513
740	71.6513
750	81.6513
760	69.8923
770	79.8923
780	65.8923
790	75.8923
800	67.2256
810	77.2256
820	63.2256
830	73.2256
840	64.6667
850	74.6667
860	63.3333
870	73.3333
880	60.6667
890	70.6667
900	80.6667
910	66.6667
920	76.6667
930	64.125
940	74.125
950	60.7083
960	70.7083
970	80.7083
980	67.25
990	52.5527
1000	62.5527
1010	56.1875
1020	66.1875
1030	76.1875
1040	64.4816
1050	74.4816
1060	64.1058
1070	74.1058
1080	65.2578
1090	75.2578
1100	65.1924
1110	75.1924
1120	68.1404
1130	78.1404
1140	66.1775
1150	76.1775
1160	59.1307
1170	69.1307
1180	54.1351
1190	64.1351
1200	53.4506
1210	63.4506
1220	55.0467
1230	65.0467
1240	75.0467
1250	61.9517
1260	53.5496
1270	63.5495
1280	73.5495
1290	61.7025
1300	71.7025
1310	62.1373
1320	72.1373
1330	82.1373
1340	68.659
1350	78.659
1360	67.6808
1370	77.6808
1380	62.2025
1390	72.2025
1400	82.2025
1410	71.74
1420	81.74
1430	65.5556
1440	75.5556
1450	66.054
1460	76.054
1470	86.054
1480	76.7386
1490	86.7386
1500	75.0094
1510	85.0094
1520	67.1797
1530	77.1797
1540	87.1797
1550	69.3775
1560	60.6593
1570	70.6593
1580	80.6593
1590	68.1593
1600	56.3187
1610	66.3187
1620	76.3187
1630	66.5385
1640	56.4483
1650	66.4483
1660	53.0542
1670	63.0542
1680	73.0542
1690	51.5099
1700	44.0468
1710	54.0468
1720	64.0468
1730	60.4384
1740	70.4384
1750	61.8177
1760	71.8177
1770	81.8177
1780	64.2871
1790	74.2871
1800	61.2838
1810	71.2838
1820	61.2616
1830	71.2616
1840	81.2616
1850	71.7732
1860	81.7732
1870	65.6442
1880	75.6442
1890	64.7321
1900	74.7321
1910	66.9901
1920	76.9901
1930	69.0323
1940	79.0323
1950	89.0323
1960	73.0665
1970	58.1391
1980	68.1391
1990	78.1391
2000	59.4577
2010	69.4577
2020	62.1704
2030	72.1704
2040	58.9517
2050	68.9517
2060	78.9517
2070	66.5412
2080	76.5412
2090	63.6225
2100	73.6225
2110	63.8875
2120	73.8875
2130	83.8875
2140	64.3599
2150	74.3599
2160	63.6246
2170	73.6246
2180	83.6246
2190	73.0363
2200	65.3893
2210	75.3893
2220	85.3893
2230	74.2128
2240	84.2128
2250	73.1344
2260	83.1344
2270	72.8595
2280	82.8595
2290	92.8595
2300	72.7043
2310	56.7729
2320	66.7729
2330	52.549
2340	62.549
2350	72.549
2360	60.8333
2370	70.8333
2380	56.5979
2390	66.598
2400	56.9839
2410	66.9839
2420	58.405
2430	68.405
2440	60.8544
2450	70.8544
2460	80.8544
2470	70.9029
2480	80.9029
2490	69.8207
2500	79.8207
2510	67.2588
2520	77.2588
2530	59.9665
2540	69.9665
2550	58.764
2560	68.764
2570	60.7483
2580	70.7483
2590	63.8155
2600	73.8155
2610	83.8155
2620	68.3155
2630	55.5377
2640	65.5377
2650	52.946
2660	62.946
2670	72.946
2680	61.3247
2690	71.3247
2700	60.2059
2710	70.2059
2720	63.033
2730	73.033
2740	66.0164
2750	76.0164
2760	67.6656
2770	77.6656
2780	87.6656
2790	74.6258
2800	84.6258
2810	69.6032
2820	79.6032
2830	89.6032
2840	71.0638
2850	81.0638
2860	61.1681
2870	50.6255
2880	60.6255
2890	70.6255
2900	64.0234
2910	74.0234
2920	67.527
2930	77.527
2940	69.2139
2950	79.2139
2960	89.2139
2970	72.6416
2980	56.8508
2990	66.8508
3000	76.8508
3010	63.5554
3020	73.5554
3030	58.701
3040	68.701
3050	78.701
3060	63.8774
3070	55.0504
3080	65.0504
3090	58.8367
3100	68.8367
3110	78.8367
3120	71.7159
3130	81.7159
3140	69.0744
3150	79.0744
3160	89.0744
3170	72.7257
3180	82.7257
3190	67.2477
3200	77.2477
3210	60.9803
3220	70.9803
3230	80.9803
3240	63.3419
3250	73.3419
3260	67.5939
3270	77.5939
3280	67.4895
3290	77.4895
3300	87.4895
3310	71.2633
3320	59.4548
3330	69.4548
3340	79.4548
3350	65.7084
3360	75.7084
3370	65.463
3380	75.463
3390	64.472
3400	74.472
3410	84.472
3420	67.3741
3430	51.9907
3440	61.9907
3450	71.9907
3460	64.0348
3470	74.0348
3480	67.0816
3490	77.0816
3500	87.0816
3510	72.5626
3520	82.5626
3530	70.8369
3540	80.8369
3550	66.381
3560	76.381
3570	86.381
3580	72.7119
3590	82.7119
3600	68.3051
3610	78.3051
3620	88.3051
3630	70.1437
3640	80.1436
3650	70.9517
3660	80.9517
3670	65.9711
3680	75.9711
3690	62.1716
3700	72.1716
3710	58.2641
3720	68.2641
3730	58.7443
3740	68.7443
3750	62.0383
3760	72.0383
3770	60.6906
3780	70.6906
3790	53.4758
3800	63.4758
3810	58.044
3820	68.044
3830	58.9565
3840	68.9565
3850	78.9565
3860	69.8413
3870	79.8413
3880	65.442
3890	75.442
3900	55.3829
3910	65.3829
3920	59.2713
3930	69.2713
3940	58.5362
3950	68.5362
3960	61.0362
3970	71.0362
3980	58.4256
3990	68.4256
4000	60.5716
4010	51.8846
4020	61.8846
4030	71.8846
4040	63.3365
4050	73.3365
4060	59.9519
4070	69.9519
4080	54.0721
4090	64.0721
4100	57.3846
4110	67.3846
4120	77.3846
4130	66.7193
4140	76.7193
4150	66.5208
4160	76.5208
4170	66.9385
4180	76.9385
4190	86.9385
4200	71.3828
4210	57.1403
4220	67.1403
4230	77.1403
4240	65.238
4250	75.2381
4260	65.5384
4270	75.5384
4280	64.2499
4290	74.2499
4300	62.6485
4310	72.6485
4320	61.6393
4330	71.6393
4340	81.6393
4350	70.378
4360	80.378
4370	62.3853
4380	72.3853
4390	60.1552
4400	70.1552
4410	80.1552
4420	64.7035
4430	56.1119
4440	66.1119
4450	76.1119
4460	67.3423
4470	62.1363
4480	72.1363
4490	82.1363
4500	70.1298
4510	80.1298
4520	68.2824
4530	78.2824
4540	88.2824
4550	71.1182
4560	81.1182
4570	66.6463
4580	76.6463
4590	86.6463
4600	63.8679
4610	73.8679
4620	65.3386
4630	75.3387
4640	65.7231
4650	75.7231
4660	85.7231
4670	71.3154
4680	54.2884
4690	64.2884
4700	54.636
4710	64.636
4720	74.636
4730	69.6316
4740	79.6316
4750	65.9933
4760	75.9933
4770	85.9933
4780	72.811
4790	82.811
4800	67.1231
4810	77.1231
4820	87.1231
4830	70.795
4840	80.795
4850	58.2955
4860	68.2955
4870	64.077
4880	74.077
4890	65.3521
4900	75.3521
4910	85.3521
4920	72.9696
4930	82.9696
4940	63.8262
4950	73.8262
4960	83.8262
4970	70.5424
4980	80.5424
4990	70.1482
5000	80.1482
5010	66.9509
5020	76.9509
5030	62.8482
5040	72.8482
5050	82.8482
5060	70.5613
5070	80.5613
5080	70.6597
5090	80.6597
5100	61.0126
5110	71.0126
5120	55.0002
5130	65.0002
5140	58.9939
5150	68.9939
5160	78.9939
5170	66.161
5180	76.161
5190	63.9819
5200	73.9819
5210	62.9409
5220	72.9409
5230	82.9409
5240	69.22
5250	53.1616
5260	63.1616
5270	73.1616
5280	64.5928
5290	74.5928
5300	65.6168
5310	75.6168
5320	62.5471
5330	72.5471
5340	62.0048
5350	72.0048
5360	61.363
5370	71.363
5380	81.363
5390	71.1581
5400	81.1581
5410	61.75
5420	71.75
5430	60.5159
5440	70.5159
5450	80.5159
5460	64.6702
5470	55.1249
5480	65.1249
5490	75.1249
5500	66.1149
5510	76.1149
5520	68.9583
5530	78.9583
5540	88.9583
5550	72.6167
5560	60.8578
5570	70.8578
5580	80.8578
5590	65.9398
5600	75.9398
5610	63.0361
5620	73.0361
5630	56.6407
5640	66.6407
5650	57.5134
5660	67.5134
5670	59.8863
5680	69.8863
5690	79.8863
5700	66.93
5710	76.93
5720	67.902
5730	77.902
5740	65.5036
5750	75.5036
5760	85.5036
5770	70.5406
5780	54.402
5790	64.402
5800	74.402
5810	64.5545
5820	74.5545
5830	63.9604
5840	73.9604
5850	61.0099
5860	71.0099
5870	60.2831
5880	70.2831
5890	58.0815
5900	68.0815
5910	78.0815
5920	64.6937
5930	74.6937
5940	65.2417
5950	75.2417
5960	66.4258
5970	76.4258
5980	66.144
5990	76.144
6000	64.8206
6010	74.8206
6020	84.8206
6030	73.6075
6040	83.6075
6050	69.8293
6060	79.8293
6070	89.8293
6080	65.867
6090	48.8956
6100	58.8956
6110	54.4635
6120	64.4635
6130	74.4635
6140	67.3567
6150	77.3567
6160	59.6844
6170	69.6844
6180	79.6844
6190	68.8212
6200	78.8212
6210	64.4154
6220	74.4154
6230	60.1195
6240	70.1195
6250	59.7337
6260	69.7337
6270	63.6358
6280	73.6358
6290	83.6358
6300	69.5816
6310	59.6735
6320	69.6735
6330	79.6735
6340	68.3199
6350	78.3199
6360	63.4266
6370	73.4266
6380	56.2165
6390	66.2165
6400	58.5408
6410	68.5408
6420	59.5546
6430	69.5546
6440	79.5546
6450	66.1932
6460	76.1932
6470	65.9613
6480	75.9613
6490	66.0657
6500	76.0657
6510	86.0657
6520	73.0802
6530	56.4953
6540	66.4953
6550	76.4953
6560	65.3287
6570	75.3287
6580	64.5441
6590	74.5441
6600	84.5441
6610	67.7711
6620	77.7711
6630	66.0243
6640	76.0243
6650	86.0243
6660	69.7656
6670	79.7656
6680	69.0616
6690	79.0616
6700	59.5705
6710	69.5705
6720	79.5705
6730	69.6682
6740	61.7466
6750	71.7466
6760	63.2402
6770	73.2402
6780	83.2402
6790	63.689
6800	48.0806
6810	58.0806
6820	68.0806
6830	63.1784
6840	73.1784
6850	65.0684
6860	75.0684
6870	58.2543
6880	68.2543
6890	78.2543
6900	65.9248
6910	75.9248
6920	63.8723
6930	73.8723
6940	60.5578
6950	70.5578
6960	62.5917
6970	72.5917
6980	61.1254
6990	71.1254
7000	81.1254
7010	67.9802
7020	77.9802
7030	68.522
7040	78.522
7050	88.522
7060	72.5613
7070	82.5613
7080	69.3401
7090	79.3401
7100	89.3401
7110	65.9115
7120	75.9115
7130	60.6275
7140	70.6275
7150	63.8493
7160	73.8493
7170	83.8493
7180	71.6592
7190	54.8512
7200	64.8512
7210	57.5977
7220	67.5977
7230	77.5977
7240	67.2119
7250	57.2021
7260	67.2021
7270	77.202
7280	56.9081
7290	46.0635
7300	56.0635
7310	66.0635
7320	61.3234
7330	71.3234
7340	60.8758
7350	70.8758
7360	62.889
7370	72.889
7380	64.4983
7390	74.4983
7400	64.1076
7410	74.1076
7420	56.9743
7430	66.9743
7440	55.5405
7450	65.5405
7460	59.4556
7470	69.4555
7480	79.4555
7490	65.2158
7500	56.9449
7510	66.9449
7520	76.9449
7530	66.3815
7540	76.3815
7550	67.0531
7560	77.0531
7570	87.0531
7580	65.6895
7590	75.6895
7600	63.4523
7610	73.4523
7620	83.4523
7630	69.9381
7640	58.9304
7650	68.9304
7660	59.0575
7670	69.0575
7680	79.0575
7690	66.7841
7700	76.7841
7710	62.5966
7720	72.5966
7730	82.5966
7740	70.2799
7750	80.2799
7760	66.6603
7770	76.6603
7780	62.4877
7790	72.4877
7800	62.3025
7810	72.3025
7820	63.6225
7830	73.6225
7840	83.6225
7850	69.4499
7860	79.4499
7870	68.8743
7880	78.8743
7890	88.8743
7900	73.7404
7910	83.7404
7920	69.6647
7930	79.6647
7940	58.437
7950	68.437
7960	78.437
7970	67.1132
7980	59.6826
7990	69.6826
8000	79.6826
8010	65.2071
8020	54.1536
8030	64.1536
8040	74.1536
8050	63.5094
8060	73.5094
8070	62.4672
8080	72.4671
8090	64.8128
8100	74.8128
8110	65.2848
8120	75.2848
8130	66.2278
8140	76.2278
8150	86.2278
8160	64.3528
8170	48.2674
8180	58.2674
8190	68.2674
8200	60.6979
8210	70.6979
8220	59.4479
8230	69.4479
8240	79.4479
8250	70.0227
8260	80.0227
8270	71.7088
8280	81.7088
8290	66.6499
8300	76.6499
8310	62.4613
8320	72.4612
8330	61.8701
8340	71.8701
8350	62.1435
8360	72.1435
8370	82.1435
8380	59.7546
8390	69.7546
8400	59.2838
8410	69.2839
8420	79.2839
8430	68.5477
8440	57.0083
8450	67.0083
8460	77.0083
8470	65.3358
8480	75.3358
8490	66.2226
8500	76.2226
8510	61.0226
8520	71.0226
8530	81.0226
8540	72.3343
8550	82.3343
8560	69.7353
8570	79.7353
8580	64.6116
8590	74.6116
8600	61.6427
8610	71.6427
8620	58.7158
8630	68.7159
8640	78.7159
8650	63.6827
8660	55.8031
8670	65.8031
8680	75.8031
8690	65.9555
8700	75.9555
8710	67.0107
8720	77.0107
8730	87.0107
8740	64.4079
8750	74.4079
8760	63.2222
8770	73.2222
8780	83.2222
8790	70.209
8800	58.2482
8810	68.2482
8820	58.0081
8830	68.0081
8840	78.0081
8850	66.9845
8860	76.9845
8870	61.5384
8880	71.5384
8890	81.5384
8900	70.1903
8910	80.1903
8920	67.3891
8930	77.3891
8940	62.0387
8950	72.0387
8960	60.9871
8970	70.9871
8980	63.5112
8990	73.5112
9000	83.5112
9010	67.9319
9020	77.932
9030	68.1189
9040	78.1189
9050	88.1189
9060	73.3014
9070	83.3014
9080	70.1002
9090	80.1002
9100	56.7318
9110	66.7318
9120	76.7318
9130	66.8896
9140	60.2877
9150	70.2877
9160	80.2877
9170	64.187
9180	53.1012
9190	63.1012
9200	73.1012
9210	62.6635
9220	72.6635
9230	60.1635
9240	70.1635
9250	63.6635
9260	73.6635
9270	65.2868
9280	75.2868
9290	62.6859
9300	72.6859
9310	59.9859
9320	69.9859
9330	58.1148
9340	68.1148
9350	78.1148
9360	61.5931
9370	71.5931
9380	62.2012
9390	72.2012
9400	65.2446
9410	75.2446
9420	62.5117
9430	72.5117
9440	59.903
9450	69.903
9460	59.6894
9470	69.6894
9480	56.9565
9490	66.9565
9500	76.9565
9510	67.5776
9520	77.5776
9530	70.1863
9540	80.1863
9550	63.6646
9560	73.6646
9570	61.0645
9580	71.0645
9590	56.3044
9600	66.3044
9610	76.3044
9620	59.5603
9630	69.5603
9640	60.265
9650	70.265
9660	80.265
9670	73.3835
9680	83.3835
9690	66.7413
9700	54.3496
9710	64.3496
9720	74.3496
9730	66.4711
9740	76.4711
9750	65.8392
9760	75.8392
9770	55.4886
9780	65.4886
9790	75.4886
9800	61.9878
9810	71.9878
9820	60.9619
9830	70.9619
9840	54.3816
9850	64.3816
9860	59.313
9870	69.313
9880	79.313
9890	71.4491
9900	81.4491
9910	64.7218
9920	74.7218
9930	65.3885
9940	75.3885
9950	63.5623
9960	73.5623
9970	61.697
9980	71.697
9990	81.697
10000	57.27
10010	67.27
10020	60.7529
10030	70.7529
10040	80.7529
10050	69.6594
10060	56.66
10070	66.66
10080	76.66
10090	66.4916
10100	76.4916
10110	66.4653
10120	76.4653
10130	59.8752
10140	69.8752
10150	62.0751
10160	72.0751
10170	63.3822
10180	73.3822
10190	83.3822
10200	66.8123
10210	76.8123
10220	64.5491
10230	74.5491
10240	62.5338
10250	72.5338
10260	82.5338
10270	65.9256
10280	53.0986
10290	63.0986
10300	73.0986
10310	65.8324
10320	75.8324
10330	66.2934
10340	76.2934
10350	55.966
10360	65.966
10370	75.966
10380	65.5546
10390	75.5546
10400	64.2374
10410	74.2374
10420	57.8418
10430	67.8418
10440	57.8046
10450	67.8046
10460	77.8046
10470	71.1353
10480	81.1353
10490	64.7348
10500	74.7348
10510	65.1122
10520	75.1122
10530	63.2555
10540	73.2555
10550	62.9742
10560	72.9742
10570	82.9742
10580	58.7507
10590	68.7507
10600	62.8516
10610	72.8516
10620	63.3992
10630	73.3992
10640	60.5159
10650	70.5159
10660	58.3251
10670	68.3251
10680	56.8535
10690	66.8535
10700	53.9027
10710	63.9027
10720	56.4008
10730	66.4008
10740	60.7652
10750	70.7652
10760	57.9142
10770	67.9142
10780	77.9142
10790	69.2326
10800	79.2326
10810	70.3057
10820	80.3057
10830	63.6753
10840	73.6753
10850	83.6753
10860	69.7283
10870	79.7283
10880	61.9022
10890	71.9022
10900	55.3084
10910	65.3084
10920	59.2283
10930	69.2283
10940	79.2283
10950	71.897
10960	81.897
10970	65.6459
10980	75.6459
10990	65.7782
11000	75.7782
11010	85.7782
11020	71.2687
11030	58.729
11040	68.729
11050	78.729
11060	65.2912
11070	53.1248
11080	63.1248
11090	73.1248
11100	56.8957
11110	50.9903
11120	60.9903
11130	55.7847
11140	65.7847
11150	75.7847
11160	63.2358
11170	73.2358
11180	64.2264
11190	74.2264
11200	65.1371
11210	75.1371
11220	85.1371
11230	68.6199
11240	55.5164
11250	65.5164
11260	75.5164
11270	61.3543
11280	71.3543
11290	58.6442
11300	68.6442
11310	78.6442
11320	71.2189
11330	81.2189
11340	73.7526
11350	83.7526
11360	67.0823
11370	77.0823
11380	62.5409
11390	72.5409
11400	60.1119
11410	70.1119
11420	80.1119
11430	63.3049
11440	73.3049
11450	63.0307
11460	73.0307
11470	61.0361
11480	71.0361
11490	58.0347
11500	68.0347
11510	55.6856
11520	65.6856
11530	60.2858
11540	70.2858
11550	57.3341
11560	67.3341
11570	59.4196
11580	69.4196
11590	79.4195
11600	69.8897
11610	79.8897
11620	62.9397
11630	72.9397
11640	60.8158
11650	70.8158
11660	57.6532
11670	67.6532
11680	77.6532
11690	60.6481
11700	70.6481
11710	64.1765
11720	74.1765
11730	84.1765
11740	76.3713
11750	86.3713
11760	69.092
11770	57.1151
11780	67.1151
11790	77.1151
11800	65.6068
11810	75.6068
11820	62.1019
11830	72.1019
11840	62.5187
11850	72.5187
11860	60.3447
11870	70.3447
11880	56.8153
11890	66.8153
11900	54.5587
11910	64.5587
11920	55.9985
11930	65.9985
11940	75.9985
11950	58.3814
11960	68.3814
11970	62.2701
11980	72.2702
11990	65.9925
12000	75.9925
12010	62.3907
12020	72.3907
12030	60.2659
12040	70.2659
12050	60.765
12060	70.765
12070	57.0262
12080	67.0262
12090	59.7176
12100	69.7176
12110	79.7176
12120	67.9705
12130	77.9704
12140	60.0697
12150	70.0697
12160	58.1661
12170	68.1661
12180	57.1211
12190	67.1211
12200	77.1211
12210	59.1496
12220	69.1496
12230	63.0989
12240	73.0989
12250	83.0989
12260	75.8158
12270	85.8158
12280	67.9095
12290	55.9157
12300	65.9157
12310	75.9157
12320	65.4147
12330	75.4147
12340	61.5696
12350	71.5696
12360	62.1963
12370	72.1963
12380	60.5199
12390	70.5199
12400	56.5589
12410	66.5589
12420	54.269
12430	64.269
12440	55.9014
12450	65.9015
12460	75.9015
12470	57.7875
12480	67.7875
12490	62.0981
12500	72.0981
12510	66.2256
12520	76.2256
12530	61.9237
12540	71.9237
12550	59.8732
12560	69.8732
12570	60.3594
12580	70.3594
12590	55.9758
12600	65.9758
12610	58.8649
12620	68.8649
12630	78.8649
12640	67.6256
12650	77.6256
12660	59.1781
12670	69.1781
12680	57.2146
12690	67.2146
12700	57.2603
12710	67.2603
12720	77.2603
12730	58.8128
12740	68.8128
12750	63.2587
12760	73.2587
12770	83.2587
12780	76.0256
12790	86.0256
12800	67.5247
12810	55.6743
12820	65.6743
12830	75.6744
12840	64.7989
12850	74.7989
12860	60.4599
12870	70.4599
12880	61.7255
12890	71.7255
12900	60.7429
12910	70.7429
12920	56.4185
12930	66.4185
12940	54.7564
12950	64.7564
12960	55.3059
12970	65.3059
12980	75.3059
12990	57.0293
13000	67.0293
13010	61.7166
13020	71.7166
13030	66.2206
13040	76.2206
13050	62.0054
13060	72.0054
13070	60.4359
13080	70.4359
13090	61.3453
13100	71.3453
13110	57.0981
13120	67.0981
13130	58.0558
13140	68.0558
13150	78.0558
13160	67.2423
13170	77.2423
13180	58.7705
13190	68.7705
13200	57.3007
13210	67.3007
13220	57.7847
13230	67.7847
13240	77.7847
13250	59.195
13260	69.195
13270	63.6398
13280	73.6398
13290	65.5031
13300	75.5031
13310	85.5031
13320	67.0075
13330	55.7011
13340	65.7011
13350	75.7011
13360	65.3208
13370	75.3208
13380	60.9624
13390	70.9624
13400	62.6639
13410	72.6639
13420	63.9695
13430	73.9695
13440	59.5845
13450	69.5845
13460	79.5845
13470	67.5572
13480	77.5572
13490	61.5484
13500	71.5484
13510	53.0955
13520	63.0955
13530	56.9099
13540	66.9099
13550	61.8448
13560	71.8448
13570	57.4333
13580	67.4333
13590	60.3621
13600	70.3621
13610	80.3621
13620	69.0784
13630	54.7505
13640	64.7505
13650	55.2643
13660	65.2643
13670	75.2643
13680	62.844
13690	72.844
13700	54.5845
13710	64.5845
13720	74.5845
13730	66.7647
13740	76.7647
13750	65.5482
13760	75.5482
13770	57.2875
13780	67.2875
13790	60.7819
13800	70.7819
13810	80.7819
13820	72.5681
13830	82.5681
13840	64.1114
13850	74.1114
13860	63.4997
13870	73.4997
13880	62.4182
13890	72.4182
13900	57.9076
13910	67.9076
13920	58.5236
13930	68.5236
13940	57.9246
13950	67.9246
13960	53.4386
13970	63.4386
13980	73.4386
13990	65.4263
14000	75.4263
14010	64.5772
14020	74.5772
14030	56.1599
14040	66.1599
14050	56.3745
14060	66.3745
14070	59.8979
14080	69.8979
14090	79.8979
14100	61.6062
14110	71.6062
14120	63.7978
14130	73.7978
14140	83.7978
14150	71.6436
14160	57.4422
14170	67.4422
14180	57.6733
14190	67.6733
14200	77.6733
14210	62.6195
14220	72.6195
14230	54.3979
14240	64.3979
14250	58.7379
14260	68.7379
14270	63.0234
14280	73.0234
14290	58.9052
14300	68.9052
14310	78.9052
14320	69.1442
14330	59.9604
14340	69.9604
14350	79.9604
14360	61.9391
14370	71.9391
14380	60.5855
14390	70.5855
14400	57.3267
14410	67.3267
14420	53.4951
14430	63.4951
14440	56.0777
14450	66.0777
14460	76.0777
14470	70.2081
14480	80.2081
14490	62.4556
14500	72.4556
14510	82.4556
14520	72.3865
14530	82.3865
14540	70.6331
14550	80.6331
14560	62.9475
14570	72.9475
14580	61.1437
14590	71.1437
14600	55.9904
14610	65.9904
14620	75.9904
14630	58.1893
14640	52.4225
14650	62.4225
14660	57.1519
14670	67.1519
14680	77.1519
14690	63.4534
14700	73.4534
14710	64.4282
14720	74.4282
14730	64.1687
14740	74.1687
14750	60.5906
14760	70.5906
14770	59.4544
14780	69.4544
14790	56.884
14800	66.884
14810	53.4566
14820	63.4566
14830	73.4566
14840	66.1045
14850	76.1045
14860	70.281
14870	80.281
14880	62.9975
14890	72.9975
14900	61.5128
14910	71.5128
14920	60.0587
14930	70.0587
14940	80.0587
14950	62.8121
14960	72.8121
14970	62.1836
14980	72.1836
14990	82.1836
15000	69.9923
15010	79.9923
15020	62.755
15030	72.755
15040	59.3309
15050	69.3309
15060	63.7354
15070	73.7354
15080	60.3891
15090	70.3891
15100	80.3891
15110	68.0779
15120	57.7551
15130	67.7551
15140	77.7551
15150	60.695
15160	50.4399
15170	60.4399
15180	51.6016
15190	61.6016
15200	71.6016
15210	58.4594
15220	68.4594
15230	59.4852
15240	69.4852
15250	79.4852
15260	73.7883
15270	83.7883
15280	66.8873
15290	54.7855
15300	64.7855
15310	74.7855
15320	64.0085
15330	74.0085
15340	61.02
15350	71.02
15360	81.02
15370	69.0065
15380	79.0065
15390	67.2477
15400	77.2477
15410	60.4745
15420	70.4745
15430	56.1724
15440	66.1724
15450	60.9089
15460	70.9089
15470	80.9089
15480	64.2509
15490	74.2509
15500	63.7069
15510	73.7069
15520	63.1128
15530	73.1128
15540	60.272
15550	70.272
15560	57.5943
15570	67.5944
15580	58.1237
15590	68.1237
15600	55.2558
15610	65.2558
15620	75.2558
15630	64.6399
15640	74.6399
15650	68.2264
15660	78.2264
15670	61.5472
15680	71.5472
15690	58.9616
15700	68.9616
15710	59.5196
15720	69.5196
15730	79.5196
15740	63.0059
15750	73.0059
15760	62.4947
15770	72.4948
15780	82.4948
15790	71.181
15800	81.181
15810	64.7227
15820	51.8552
15830	61.8552
15840	71.8552
15850	65.3729
15860	75.3729
15870	62.7609
15880	72.7609
15890	62.3672
15900	72.3672
15910	61.0093
15920	71.0093
15930	58.3974
15940	68.3974
15950	55.5989
15960	65.5989
15970	57.4627
15980	67.4627
15990	77.4627
16000	61.0821
16010	71.0821
16020	60.709
16030	70.709
16040	65.1119
16050	75.1119
16060	85.1119
16070	68.7313
16080	55.9328
16090	65.9328
16100	75.9328
16110	64.2987
16120	74.2987
16130	61.5964
16140	71.5964
16150	81.5964
16160	69.6963
16170	79.6963
16180	68.5781
16190	78.5781
16200	62.0831
16210	72.0831
16220	57.6308
16230	67.6308
16240	61.2975
16250	71.2975
16260	58.7642
16270	68.7642
16280	78.7642
16290	68.7262
16300	57.0456
16310	67.0456
16320	77.0456
16330	60.7956
16340	49.6204
16350	59.6204
16360	69.6204
16370	60.631
16380	70.631
16390	58.2024
16400	68.2024
16410	61.264
16420	71.264
16430	65.3594
16440	75.3594
16450	63.0114
16460	73.0114
16470	59.9446
16480	69.9446
16490	59.8034
16500	69.8034
16510	79.8034
16520	63.8208
16530	73.8208
16540	63.6683
16550	73.6683
16560	64.2899
16570	74.2899
16580	84.2899
16590	68.201
16600	55.0057
16610	65.0057
16620	75.0057
16630	62.5122
16640	72.5122
16650	60.2205
16660	70.2205
16670	80.2205
16680	68.3354
16690	78.3354
16700	71.6409
16710	81.6409
16720	65.7057
16730	75.7057
16740	60.5024
16750	70.5024
16760	60.3262
16770	70.3262
16780	58.0959
16790	68.0959
16800	78.0959
16810	68.0216
16820	55.8656
16830	65.8656
16840	75.8656
16850	59.9007
16860	48.2219
16870	58.2219
16880	68.2219
16890	63.2267
16900	73.2267
16910	60.941
16920	70.941
16930	63.8992
16940	73.8992
16950	83.8992
16960	71.8452
16970	81.8452
16980	65.8955
16990	75.8955
17000	60.4395
17010	70.4395
17020	57.2256
17030	67.2256
17040	77.2256
17050	61.3969
17060	71.3969
17070	63.8351
17080	73.8351
17090	67.5812
17100	77.5812
17110	87.5812
17120	71.8503
17130	58.1226
17140	68.1226
17150	57.8228
17160	67.8228
17170	77.8228
17180	65.7733
17190	75.7733
17200	65.1092
17210	75.1092
17220	63.084
17230	73.084
17240	62.9063
17250	72.9063
17260	53.6015
17270	63.6015
17280	54.1651
17290	64.1651
17300	58.2905
17310	68.2905
17320	78.2905
17330	62.708
17340	54.4303
17350	64.4303
17360	74.4303
17370	67.3997
17380	77.3997
17390	68.2843
17400	78.2843
17410	59.0913
17420	69.0913
17430	79.0913
17440	66.5038
17450	76.5038
17460	64.6321
17470	74.6321
17480	58.9506
17490	68.9506
17500	56.5973
17510	66.5973
17520	76.5973
17530	70.9415
17540	80.9415
17550	65.0878
17560	75.0878
17570	85.0878
17580	72.6297
17590	82.6297
17600	67.255
17610	77.255
17620	61.4013
17630	71.4013
17640	60.662
17650	55.5052
17660	65.5052
17670	75.5052
17680	63.3449
17690	73.3449
17700	64.3902
17710	74.3902
17720	61.925
17730	71.925
17740	56.5774
17750	66.5774
17760	47.0932
17770	57.0932
17780	53.9815
17790	52.5045
17800	62.5045
17810	72.5045
17820	60.4607
17830	70.4607
17840	60.9061
17850	70.9061
17860	80.9061
17870	67.2156
17880	55.1476
17890	65.1476
17900	75.1476
17910	61.8922
17920	71.8922
17930	66.7601
17940	76.7601
17950	60.8804
17960	70.8804
17970	80.8804
17980	68.2911
17990	78.2911
18000	64.6906
18010	74.6906
18020	58.6776
18030	68.6776
18040	59.7925
18050	69.7925
18060	63.3904
18070	73.3904
18080	83.3904
18090	67.3898
18100	77.3898
18110	66.5757
18120	76.5757
18130	86.5757
18140	71.3324
18150	81.3324
18160	67.5395
18170	77.5395
18180	87.5395
18190	60.5904
18200	70.5904
18210	64.3088
18220	74.3088
18230	65.1902
18240	75.1902
18250	65.4275
18260	75.4275
18270	55.8682
18280	65.8682
18290	56.4746
18300	51.7627
18310	61.7627
18320	71.7627
18330	59.5932
18340	69.5932
18350	60.4746
18360	70.4746
18370	80.4746
18380	67.1186
18390	54.9541
18400	64.9541
18410	74.9541
18420	62.0721
18430	72.0721
18440	63.6599
18450	73.6599
18460	83.6599
18470	74.5967
18480	84.5966
18490	74.6812
18500	84.6812
18510	68.7924
18520	78.7924
18530	61.9968
18540	71.9968
18550	61.808
18560	71.808
18570	59.6603
18580	69.6603
18590	79.6603
18600	69.3474
18610	57.2515
18620	67.2515
18630	77.2515
18640	61.4335
18650	50.1073
18660	60.1073
18670	70.1073
18680	60.1683
18690	70.1683
18700	58.0947
18710	68.0947
18720	60.7969
18730	70.7969
18740	64.8683
18750	74.8683
18760	62.7948
18770	72.7948
18780	59.7513
18790	69.7513
18800	60.5017
18810	70.5017
18820	80.5017
18830	64.7112
18840	74.7112
18850	64.2964
18860	74.2964
18870	63.9897
18880	73.9897
18890	83.9897
18900	68.0552
18910	54.9626
18920	64.9626
18930	74.9626
18940	62.3357
18950	72.3357
18960	60.1318
18970	70.1318
18980	80.1318
18990	68.3785
19000	78.3785
19010	70.5731
19020	80.5731
19030	64.5762
19040	74.5762
19050	65.5585
19060	55.0564
19070	65.0564
19080	75.0564
19090	62.8195
19100	72.8195
19110	63.8268
19120	73.8268
19130	61.8306
19140	71.8306
19150	57.0593
19160	67.0593
19170	47.537
19180	57.537
19190	53.443
19200	63.443
19210	61.285
19220	71.285
19230	59.3125
19240	69.3125
19250	59.9671
19260	69.9671
19270	79.9671
19280	67.2648
19290	55.2003
19300	65.2003
19310	75.2003
19320	62.0746
19330	72.0746
19340	65.6142
19350	75.6142
19360	59.8934
19370	69.8934
19380	79.8934
19390	67.3531
19400	77.3531
19410	64.7738
19420	74.7738
19430	59.1969
19440	69.1969
19450	60.3468
19460	70.3468
19470	80.3468
19480	72.4821
19490	82.4821
19500	66.8282
19510	76.8282
19520	86.8282
19530	74.3839
19540	84.3839
19550	70.2456
19560	80.2456
19570	65.2527
19580	75.2527
19590	85.2527
19600	58.4018
19610	68.4018
19620	62.8379
19630	72.8379
19640	65.0622
19650	75.0622
19660	62.8809
19670	72.8809
19680	60.5196
19690	70.5196
19700	60.6914
19710	70.6914
19720	58.5591
19730	68.5591
19740	78.5591
19750	69.1129
19760	79.1129
19770	68.2289
19780	78.2289
19790	62.4742
19800	72.4742
19810	59.9741
19820	69.9741
19830	56.8261
19840	66.8261
19850	76.8261
19860	61.0714
19870	71.0714
19880	63.4299
19890	73.4299
19900	83.4299
19910	75.7844
19920	85.7844
19930	70.0416
19940	57.6313
19950	67.6313
19960	77.6313
19970	66.4742
19980	76.4742
19990	64.5342
20000	74.5341
20010	84.5342
20020	71.9573
20030	60.1471
20040	70.1471
20050	80.1471
20060	64.5743
20070	52.0383
20080	62.0383
20090	51.4976
20100	61.4976
20110	71.4976
20120	59.4703
20130	69.4703
20140	60.1956
20150	70.1956
20160	80.1956
20170	72.9351
20180	60.7929
20190	70.7929
20200	80.7929
20210	71.3647
20220	81.3647
20230	71.305
20240	81.305
20250	65.4588
20260	75.4588
20270	85.4588
20280	73.8154
20290	83.8154
20300	68.2154
20310	78.2154
20320	62.3692
20330	72.3692
20340	49.1385
20350	59.1385
20360	52.9846
20370	62.9846
20380	72.9846
20390	64.5423
20400	74.5423
20410	66.9605
20420	76.9605
20430	86.9605
20440	76.3279
20450	64.1898
20460	74.1898
20470	84.1898
20480	71.4778
20490	61.522
20500	71.522
20510	59.3473
20520	69.3473
20530	79.3473
20540	68.6943
20550	57.8127
20560	67.8127
20570	77.8127
20580	63.5996
20590	44.0874
20600	54.0874
20610	64.0874
20620	58.2927
20630	68.2927
20640	62.439
20650	72.439
20660	82.439
20670	62.9492
20680	55.5871
20690	65.5871
20700	59.4406
20710	69.4406
20720	79.4406
20730	69.7112
20740	79.7112
20750	60.2887
20760	70.2887
20770	80.2887
20780	68.1562
20790	78.1562
20800	67.9075
20810	77.9075
20820	63.67
20830	73.67
20840	50.451
20850	60.451
20860	56.2599
20870	66.2599
20880	60.5223
20890	70.5223
20900	58.2262
20910	68.2262
20920	78.2262
20930	70.1077
20940	80.1077
20950	67.7148
20960	55.4187
20970	65.4187
20980	75.4187
20990	64.1692
21000	74.1692
21010	63.7462
21020	73.7462
21030	57.7341
21040	67.7341
21050	77.7341
21060	65.9819
21070	75.9819
21080	63.5952
21090	73.5952
21100	57.5965
21110	67.5965
21120	60.262
21130	70.262
21140	80.2619
21150	72.4144
21160	82.4144
21170	66.5585
21180	76.5585
21190	66.1808
21200	76.1808
21210	86.1808
21220	71.8329
21230	59.6197
21240	69.6197
21250	79.6197
21260	67.9943
21270	54.1524
21280	64.1524
21290	74.1524
21300	58.1644
21310	68.1644
21320	59.3144
21330	69.3144
21340	58.4761
21350	68.4761
21360	56.2006
21370	66.2006
21380	58.7456
21390	68.7456
21400	78.7456
21410	71.6251
21420	81.6251
21430	65.608
21440	75.608
21450	65.1421
21460	75.1421
21470	85.1421
21480	70.7251
21490	58.4214
21500	68.4214
21510	78.4214
21520	66.4301
21530	76.4301
21540	61.0221
21550	71.0221
21560	55.0044
21570	65.0044
21580	57.6034
21590	67.6034
21600	61.24
21610	71.24
21620	81.24
21630	65.107
21640	75.107
21650	66.714
21660	76.714
21670	86.714
21680	74.3311
21690	84.3311
21700	68.1323
21710	78.1323
21720	63.9457
21730	73.9457
21740	60.0674
21750	70.0674
21760	57.5894
21770	67.5894
21780	77.5894
21790	67.0381
21800	57.7643
21810	67.7643
21820	77.7643
21830	61.4377
21840	50.7823
21850	60.7823
21860	54.8422
21870	64.8422
21880	74.8422
21890	62.2766
21900	72.2766
21910	63.9359
21920	73.9359
21930	63.095
21940	73.095
21950	83.095
21960	66.696
21970	54.3595
21980	64.3595
21990	74.3595
22000	61.742
22010	71.742
22020	59.1485
22030	69.1485
22040	79.1484
22050	69.8386
22060	79.8386
22070	72.4405
22080	82.4405
22090	66.0374
22100	76.0374
22110	62.1811
22120	72.1811
22130	61.8629
22140	71.8629
22150	81.8628
22160	65.6175
22170	75.6175
22180	64.5257
22190	74.5257
22200	63.2776
22210	73.2776
22220	60.8205
22230	70.8205
22240	58.5397
22250	68.5397
22260	57.443
22270	67.443
22280	54.8967
22290	64.8967
22300	74.8967
22310	63.7712
22320	73.7712
22330	68.9434
22340	78.9434
22350	62.5375
22360	72.5375
22370	60.3835
22380	70.3835
22390	60.4059
22400	70.4059
22410	80.4059
22420	64.1065
22430	74.1065
22440	62.8624
22450	72.8624
22460	82.8624
22470	69.6732
22480	79.6732
22490	63.3069
22500	51.2959
22510	61.2959
22520	71.2959
22530	66.0874
22540	76.0874
22550	63.4141
22560	73.4141
22570	62.0616
22580	72.0616
22590	61.2467
22600	71.2467
22610	58.6124
22620	68.6124
22630	56.6663
22640	66.6663
22650	57.0161
22660	67.0162
22670	77.0161
22680	60.693
22690	70.693
22700	58.9921
22710	68.9921
22720	78.9921
22730	72.0005
22740	59.4378
22750	69.4378
22760	62.1191
22770	72.1191
22780	82.1191
22790	71.5177
22800	81.5177
22810	65.0906
22820	75.0906
22830	85.0906
22840	71.7079
22850	81.7079
22860	68.9626
22870	78.9626
22880	63.4566
22890	73.4566
22900	49.4856
22910	59.4856
22920	56.2086
22930	66.2086
22940	59.3859
22950	69.3859
22960	56.7703
22970	66.7703
22980	76.7703
22990	69.6369
23000	79.6369
23010	67.4767
23020	54.8515
23030	64.8515
23040	74.8515
23050	64.4893
23060	74.4893
23070	62.3879
23080	72.3879
23090	55.9573
23100	65.9573
23110	75.9573
23120	65.6768
23130	75.6768
23140	63.6437
23150	73.6437
23160	57.3138
23170	67.3138
23180	58.5883
23190	68.5883
23200	78.5883
23210	71.1647
23220	81.1647
23230	64.9147
23240	74.9147
23250	65.4438
23260	75.4438
23270	85.4438
23280	71.8933
23290	59.3595
23300	69.3595
23310	79.3595
23320	65.4662
23330	54.1528
23340	64.1528
23350	74.1528
23360	57.8555
23370	67.8555
23380	59.4716
23390	69.4716
23400	59.3182
23410	69.3182
23420	56.7827
23430	66.7827
23440	56.4642
23450	66.4642
23460	76.4642
23470	69.6121
23480	79.6121
23490	63.2119
23500	73.2119
23510	64.89
23520	74.89
23530	84.89
23540	71.3599
23550	58.7004
23560	68.7004
23570	78.7004
23580	64.9323
23590	74.9323
23600	61.4648
23610	71.4648
23620	55.0377
23630	65.0377
23640	58.2952
23650	68.2952
23660	63.1488
23670	73.1488
23680	83.1488
23690	66.7828
23700	76.7828
23710	64.4372
23720	74.4372
23730	84.4372
23740	73.598
23750	83.598
23760	67.2678
23770	77.2678
23780	63.9061
23790	73.9061
23800	62.6419
23810	72.6419
23820	60.2011
23830	70.2011
23840	80.2011
23850	65.9825
23860	55.9073
23870	65.9073
23880	75.9073
23890	59.7494
23900	49.8546
23910	59.8546
23920	55.6316
23930	65.6316
23940	75.6316
23950	63.2105
23960	73.2105
23970	62.3684
23980	72.3684
23990	82.3684
24000	70.7895
24010	80.7895
24020	64.6316
24030	53.0754
24040	63.0754
24050	73.0754
24060	63.0922
24070	73.0922
24080	60.7729
24090	70.7729
24100	80.7729
24110	66.317
24120	76.317
24130	69.7802
24140	79.7802
24150	63.7593
24160	73.7593
24170	60.3038
24180	70.3038
24190	59.8953
24200	69.8953
24210	79.8953
24220	63.8448
24230	73.8448
24240	61.0612
24250	71.0612
24260	61.181
24270	71.181
24280	58.7789
24290	68.7789
24300	57.0416
24310	67.0416
24320	62.1444
24330	72.1444
24340	59.7423
24350	69.7423
24360	79.7423
24370	67.0007
24380	77.0007
24390	65.5875
24400	75.5875
24410	59.4517
24420	69.4517
24430	57.7285
24440	67.7285
24450	58.8806
24460	68.8806
24470	78.8806
24480	62.7867
24490	72.7867
24500	59.9098
24510	69.9098
24520	79.9098
24530	73.4833
24540	83.4834
24550	67.3537
24560	55.7056
24570	65.7056
24580	75.7056
24590	64.3688
24600	74.3688
24610	61.8429
24620	71.8429
24630	58.9093
24640	68.9093
24650	59.1766
24660	69.1766
24670	56.6378
24680	66.6378
24690	55.0859
24700	65.0859
24710	61.0959
24720	71.0959
24730	81.0959
24740	64.8549
24750	74.8549
24760	61.7984
24770	71.7984
24780	61.653
24790	71.653
24800	81.653
24810	65.3209
24820	53.8541
24830	63.8541
24840	73.8541
24850	64.2338
24860	74.2338
24870	61.67
24880	71.67
24890	81.67
24900	66.6801
24910	76.6801
24920	70.4487
24930	80.4487
24940	64.1868
24950	74.1868
24960	61.1512
24970	71.1512
24980	60.0647
24990	70.0647
25000	57.5871
25010	67.5871
25020	77.5871
25030	64.0001
25040	55.4784
25050	65.4784
25060	75.4784
25070	59.1613
25080	49.5067
25090	59.5067
25100	69.5067
25110	64.9198
25120	74.9198
25130	62.3389
25140	72.3389
25150	60.6013
25160	70.6013
25170	80.6013
25180	69.6858
25190	79.6858
25200	63.3363
25210	73.3363
25220	60.1321
25230	70.1321
25240	60.8231
25250	70.8231
25260	80.8231
25270	64.4847
25280	74.4847
25290	59.0464
25300	69.0464
25310	63.8636
25320	73.8636
25330	83.8636
25340	67.5253
25350	55.8636
25360	65.8636
25370	56.1504
25380	66.1504
25390	76.1504
25400	66.0889
25410	76.0889
25420	55.9915
25430	65.9915
25440	75.9915
25450	65.9252
25460	75.9252
25470	66.1124
25480	76.1123
25490	59.7493
25500	69.7493
25510	59.5874
25520	69.5874
25530	79.5874
25540	71.5693
25550	81.5693
25560	65.2169
25570	75.2169
25580	64.9848
25590	74.9848
25600	63.6806
25610	73.6806
25620	61.0327
25630	71.0327
25640	57.2007
25650	67.2007
25660	57.2303
25670	67.2303
25680	54.5722
25690	64.5722
25700	74.5722
25710	66.5479
25720	76.5479
25730	65.4821
25740	75.4821
25750	59.0271
25760	69.0271
25770	55.0054
25780	65.0054
25790	59.5668
25800	69.5668
25810	79.5668
25820	63.0649
25830	73.0649
25840	65.5279
25850	75.5279
25860	85.5279
25870	73.0812
25880	60.3604
25890	70.3604
25900	80.3604
25910	64.226
25920	74.226
25930	61.2692
25940	71.2692
25950	54.7068
25960	64.7068
25970	58.7721
25980	68.7721
25990	64.258
26000	74.258
26010	61.4089
26020	71.4089
26030	81.4089
26040	67.311
26050	56.5142
26060	66.5142
26070	76.5142
26080	59.8236
26090	50.8079
26100	60.8079
26110	70.8079
26120	61.1785
26130	71.1785
26140	58.2801
26150	68.2801
26160	56.1369
26170	66.1369
26180	76.1368
26190	70.3398
26200	57.335
26210	67.335
26220	77.335
26230	69.244
26240	79.244
26250	70.5736
26260	80.5736
26270	90.5736
26280	69.8112
26290	79.8112
26300	64.1303
26310	74.1303
26320	63.6349
26330	73.6349
26340	83.6349
26350	68.1869
26360	47.3758
26370	57.3758
26380	67.3758
26390	61.4473
26400	53.2353
26410	63.2353
26420	73.2353
26430	56.2614
26440	51.7933
26450	61.7933
26460	56.8794
26470	66.8794
26480	76.8794
26490	63.7589
26500	73.7589
26510	64.4444
26520	74.4444
26530	60.7801
26540	70.7801
26550	80.7801
26560	63.8061
26570	52.9078
26580	62.9078
26590	72.9078
26600	62.0567
26610	72.0567
26620	58.9471
26630	68.9471
26640	78.9471
26650	67.1211
26660	77.1211
26670	70.7027
26680	80.7027
26690	63.7749
26700	73.7749
26710	61.3469
26720	71.3469
26730	62.2422
26740	72.2422
26750	82.2423
26760	65.2939
26770	75.2939
26780	61.7894
26790	71.7894
26800	62.0423
26810	72.0423
26820	58.9437
26830	68.9437
26840	58.2
26850	68.2
26860	58.1443
26870	68.1443
26880	55.0189
26890	65.0189
26900	75.0189
26910	61.4099
26920	71.4099
26930	62.1693
26940	72.1693
26950	64.577
26960	74.577
26970	67.7368
26980	77.7368
26990	64.6903
27000	74.6903
27010	84.6903
27020	73.1318
27030	61.3462
27040	71.3462
27050	81.3462
27060	64.5151
27070	74.5151
27080	61.4737
27090	71.4737
27100	57.0943
27110	67.0943
27120	54.1245
27130	64.1245
27140	54.2173
27150	64.2173
27160	60.2644
27170	70.2645
27180	57.2946
27190	67.2946
27200	77.2946
27210	70.5828
27220	80.5828
27230	69.483
27240	56.446
27250	66.446
27260	76.446
27270	62.9715
27280	72.9715
27290	61.0951
27300	71.0951
27310	81.0951
27320	60.3775
27330	70.3775
27340	62.3146
27350	72.3146
27360	82.3146
27370	69.4923
27380	56.4508
27390	66.4508
27400	76.4508
27410	61.3617
27420	71.3617
27430	66.1769
27440	76.1769
27450	59.2045
27460	69.2045
27470	60.6063
27480	70.6063
27490	80.6063
27500	69.4347
27510	56.3181
27520	66.3181
27530	76.3181
27540	63.0747
27550	51.8839
27560	61.8839
27570	71.8839
27580	54.9636
27590	50.1697
27600	60.1697
27610	70.1697
27620	64.742
27630	74.7419
27640	61.644
27650	71.644
27660	60.3049
27670	70.3049
27680	80.3049
27690	72.2004
27700	82.2004
27710	65.2658
27720	53.8906
27730	63.8906
27740	73.8906
27750	63.7214
27760	73.7214
27770	60.5945
27780	70.5945
27790	80.5945
27800	65.8992
27810	75.8992
27820	65.5226
27830	75.5226
27840	85.5226
27850	64.6779
27860	51.6235
27870	61.6235
27880	58.3359
27890	68.3359
27900	78.3359
27910	65.1518
27920	75.1518
27930	62.0734
27940	72.0734
27950	61.819
27960	71.819
27970	58.5537
27980	68.5537
27990	57.2584
28000	67.2584
28010	57.9999
28020	67.9999
28030	54.7689
28040	64.7689
28050	74.7689
28060	61.7875
28070	71.7875
28080	62.5017
28090	72.5017
28100	64.4387
28110	74.4387
28120	67.1916
28130	77.1916
28140	87.1916
28150	70.191
28160	80.191
28170	70.1232
28180	80.1232
28190	67.2664
28200	77.2664
28210	87.2664
28220	70.3135
28230	80.3135
28240	66.8214
28250	76.8214
28260	60.2517
28270	70.2517
28280	57.1544
28290	67.1544
28300	57.6853
28310	67.6853
28320	57.323
28330	67.323
28340	54.2257
28350	64.2257
28360	57.6217
28370	67.6217
28380	63.223
28390	73.223
28400	83.223
28410	66.3389
28420	76.3389
28430	63.3745
28440	73.3745
28450	62.0374
28460	72.0374
28470	82.0374
28480	65.2235
28490	53.4595
28500	63.4595
28510	73.4595
28520	62.9025
28530	72.9025
28540	59.9692
28550	69.9692
28560	79.9692
28570	65.2615
28580	75.2615
28590	68.5867
28600	78.5867
28610	61.9046
28620	71.9046
28630	63.6207
28640	55.5308
28650	65.5309
28660	75.5308
28670	62.6701
28680	72.6701
28690	61.3269
28700	71.3269
28710	61.806
28720	71.806
28730	58.5389
28740	68.5389
28750	48.0776
28760	58.0776
28770	53.7561
28780	63.7561
28790	55.9381
28800	65.9381
28810	75.9381
28820	59.3596
28830	52.4894
28840	62.4894
28850	72.4894
28860	67.196
28870	77.196
28880	64.3496
28890	74.3496
28900	64.9841
28910	74.9841
28920	61.8959
28930	71.8959
28940	59.0388
28950	69.0388
28960	57.0907
28970	67.0907
28980	55.7143
28990	65.7143
29000	75.7143
29010	59.0476
29020	69.0476
29030	59.5238
29040	69.5238
29050	64.2641
29060	74.2641
29070	61.4069
29080	71.4069
29090	59.4589
29100	69.4589
29110	62.1429
29120	72.1429
29130	59.2956
29140	69.2956
29150	79.2956
29160	66.1474
29170	76.1474
29180	65.8147
29190	75.8147
29200	59.1909
29210	69.1909
29220	57.2913
29230	67.2913
29240	58.0003
29250	68.0003
29260	78.0003
29270	61.2738
29280	71.2737
29290	58.0228
29300	68.0229
29310	78.0229
29320	71.2436
29330	58.2988
29340	68.2988
29350	78.2988
29360	70.1002
29370	62.1837
29380	72.1837
29390	59.2653
29400	69.2653
29410	79.2653
29420	65.853
29430	56.6738
29440	66.6738
29450	76.6738
29460	63.2403
29470	42.6824
29480	52.6824
29490	62.6824
29500	58.5659
29510	68.5659
29520	60.5544
29530	70.5544
29540	53.7408
29550	63.7408
29560	57.0323
29570	67.0323
29580	61.9301
29590	71.9301
29600	81.9301
29610	65.0176
29620	75.0176
29630	65.2885
29640	75.2885
29650	85.2885
29660	75.2946
29670	85.2946
29680	68.3372
29690	78.3372
29700	65.079
29710	75.079
29720	63.0273
29730	73.0273
29740	59.9248
29750	69.9248
29760	79.9248
29770	64.8624
29780	54.891
29790	64.891
29800	74.891
29810	58.0117
29820	47.9374
29830	57.9374
29840	55.3704
29850	65.3704
29860	75.3704
29870	62.3618
29880	72.3618
29890	60.6884
29900	70.6884
29910	80.6884
29920	70.911
29930	80.911
29940	64.0862
29950	52.2923
29960	62.2923
29970	72.2923
29980	62.2723
29990	72.2723
30000	59.2539
30010	69.2539
30020	79.2539
30030	64.0863
30040	74.0863
30050	67.3803
30060	77.3803
30070	60.4909
30080	70.4909
30090	62.8498
30100	72.8499
30110	64.1379
30120	74.1379
30130	61.1315
30140	71.1315
30150	59.5989
30160	69.5989
30170	79.5989
30180	67.9508
30190	55.032
30200	65.032
30210	75.032
30220	61.0484
30230	71.0484
30240	61.9152
30250	71.9152
30260	81.9152
30270	70.259
30280	80.259
30290	72.3541
30300	82.3541
30310	92.3541
30320	71.6805
30330	56.8811
30340	66.8811
30350	58.1431
30360	68.1431
30370	78.1431
30380	68.2048
30390	78.2048
30400	57.4227
30410	67.4227
30420	77.4227
30430	66.6644
30440	76.6644
30450	66.9592
30460	76.9592
30470	60.0188
30480	70.0188
30490	60.2011
30500	70.2011
30510	56.5316
30520	66.5316
30530	76.5316
30540	59.6517
30550	53.3088
30560	63.3088
30570	73.3088
30580	66.6699
30590	76.6699
30600	63.6495
30610	73.6495
30620	63.6699
30630	73.6699
30640	63.0849
30650	73.0849
30660	60.0306
30670	70.0306
30680	58.8217
30690	68.8217
30700	57.8335
30710	67.8335
30720	54.7378
30730	64.7378
30740	74.7378
30750	61.1688
30760	71.1688
30770	61.9224
30780	71.9224
30790	63.9998
30800	73.9998
30810	67.1316
30820	77.1316
30830	87.1316
30840	70.1674
30850	80.1674
30860	68.6845
30870	78.6845
30880	65.1872
30890	75.1872
30900	65.2809
30910	75.2809
30920	54.4261
30930	64.4261
30940	49.8428
30950	59.8428
30960	55.4695
30970	65.4695
30980	75.4695
30990	58.4011
31000	68.4011
31010	63.8552
31020	73.8552
31030	67.0747
31040	77.0747
31050	87.0747
31060	70.0603
31070	58.8813
31080	68.8813
31090	78.8813
31100	63.7323
31110	73.7323
31120	61.7587
31130	71.7587
31140	51.0278
31150	61.0278
31160	56.3472
31170	66.3472
31180	61.6416
31190	71.6416
31200	81.6416
31210	64.8152
31220	74.8152
31230	61.2201
31240	71.2201
31250	81.2201
31260	72.7955
31270	82.7954
31280	66.0636
31290	54.6905
31300	64.6905
31310	74.6905
31320	64.7217
31330	74.7217
31340	61.8962
31350	71.8962
31360	81.8962
31370	66.4802
31380	56.7078
31390	66.7078
31400	76.7078
31410	60.0656
31420	48.6066
31430	58.6066
31440	55.436
31450	65.436
31460	75.436
31470	62.5958
31480	72.5958
31490	60.8206
31500	70.8206
31510	61.6962
31520	71.6963
31530	81.6963
31540	65.0418
31550	53.5203
31560	63.5203
31570	73.5203
31580	63.8181
31590	73.8181
31600	60.9497
31610	70.9497
31620	80.9497
31630	65.621
31640	75.621
31650	69.101
31660	79.101
31670	62.4059
31680	72.4059
31690	64.224
31700	74.224
31710	63.8429
31720	73.8429
31730	60.9466
31740	70.9466
31750	59.337
31760	69.337
31770	79.337
31780	67.7182
31790	54.7893
31800	64.7893
31810	74.7893
31820	61.295
31830	71.295
31840	62.1722
31850	72.1722
31860	82.1722
31870	70.5528
31880	80.5528
31890	72.2855
31900	82.2855
31910	65.5929
31920	75.5929
31930	60.558
31940	70.558
31950	61.7945
31960	71.7945
31970	81.7945
31980	65.0526
31990	75.0526
32000	61.5526
32010	71.5526
32020	62.1134
32030	72.1134
32040	59.1483
32050	69.1483
32060	57.3755
32070	67.3755
32080	58.2146
32090	68.2146
32100	55.1763
32110	65.1763
32120	75.1763
32130	61.8122
32140	71.8122
32150	62.6037
32160	72.6037
32170	64.1288
32180	74.1288
32190	66.9573
32200	76.9573
32210	63.9323
32220	73.9323
32230	83.9323
32240	72.7031
32250	61.1853
32260	71.1853
32270	81.1853
32280	64.3696
32290	74.3696
32300	62.3188
32310	72.3188
32320	56.7783
32330	66.7783
32340	53.8168
32350	63.8168
32360	54.1437
32370	64.1437
32380	74.1437
32390	69.9051
32400	79.9051
32410	63.1167
32420	73.1167
32430	64.8462
32440	74.8462
32450	84.8461
32460	70.8846
32470	57.9231
32480	67.9231
32490	77.9231
32500	62.8901
32510	72.8901
32520	60.897
32530	70.897
32540	80.897
32550	60.2034
32560	53.113
32570	63.113
32580	73.113
32590	67.748
32600	77.748
32610	64.6976
32620	74.6976
32630	84.6976
32640	69.7226
32650	79.7226
32660	70.544
32670	80.544
32680	63.5899
32690	73.5899
32700	59.7087
32710	69.7087
32720	59.771
32730	69.771
32740	56.6676
32750	66.6676
32760	76.6676
32770	63.5067
32780	55.3065
32790	65.3065
32800	75.3065
32810	58.3525
32820	47.8927
32830	57.8927
32840	67.8927
32850	64.4277
32860	74.4277
32870	61.3523
32880	71.3523
32890	59.9927
32900	69.9927
32910	79.9927
32920	70.0861
32930	80.0861
32940	63.1836
32950	50.8317
32960	60.8317
32970	70.8317
32980	61.6771
32990	71.6771
33000	58.6705
33010	68.6705
33020	78.6705
33030	63.8204
33040	73.8204
33050	66.5045
33060	76.5045
33070	59.7045
33080	69.7045
33090	62.7595
33100	72.7595
33110	63.9238
33120	73.9238
33130	60.9524
33140	70.9524
33150	80.9524
33160	67.9238
33170	77.9238
33180	65.3905
33190	75.3905
33200	58.605
33210	68.605
33220	55.3018
33230	65.3018
33240	61.164
33250	71.164
33260	58.2797
33270	68.2797
33280	61.3047
33290	71.3047
33300	81.3047
33310	68.6226
33320	55.7412
33330	65.7412
33340	58.1655
33350	68.1655
33360	78.1655
33370	65.2423
33380	75.2423
33390	58.5946
33400	68.5946
33410	78.5946
33420	69.2588
33430	79.2588
33440	66.6053
33450	76.6053
33460	59.9634
33470	69.9634
33480	59.5756
33490	69.5756
33500	56.7004
33510	66.7004
33520	76.7004
33530	60.085
33540	52.6283
33550	62.6283
33560	72.6283
33570	66.3274
33580	76.3274
33590	63.529
33600	73.529
33610	64.2822
33620	74.2822
33630	64.0965
33640	74.0965
33650	61.333
33660	71.333
33670	58.6183
33680	68.6183
33690	57.0421
33700	67.0421
33710	77.0421
33720	60.4653
33730	70.4653
33740	57.7977
33750	67.7977
33760	77.7977
33770	70.3791
33780	57.5701
33790	67.5701
33800	60.8515
33810	70.8515
33820	80.8515
33830	71.7416
33840	81.7416
33850	65.1311
33860	75.1311
33870	85.1311
33880	70.7552
33890	80.7552
33900	69.0606
33910	79.0606
33920	62.9563
33930	72.9563
33940	48.7896
33950	58.7896
33960	54.8922
33970	64.8922
33980	60.5975
33990	70.5975
34000	57.7816
34010	67.7816
34020	60.3531
34030	70.3531
34040	62.8733
34050	72.8733
34060	60.0755
34070	70.0755
34080	80.0755
34090	67.5834
34100	77.5834
34110	65.6892
34120	75.6892
34130	59.0884
34140	69.0884
34150	56.2287
34160	66.2287
34170	58.239
34180	68.239
34190	78.239
34200	61.6649
34210	71.6649
34220	59.2734
34230	69.2734
34240	79.2734
34250	71.686
34260	58.8784
34270	68.8784
34280	78.8784
34290	70.4667
34300	60.7806
34310	70.7806
34320	80.7806
34330	64.0623
34340	74.0623
34350	61.7163
34360	71.7163
34370	81.7163
34380	68.9516
34390	56.0126
34400	66.0126
34410	76.0126
34420	62.4956
34430	72.4956
34440	63.3607
34450	73.3607
34460	83.3607
34470	72.5415
34480	82.5415
34490	73.0034
34500	83.0034
34510	66.2085
34520	76.2085
34530	60.0997
34540	70.0997
34550	61.0141
34560	71.0141
34570	57.9918
34580	67.9918
34590	77.9918
34600	65.4092
34610	57.6867
34620	67.6867
34630	77.6867
34640	60.7883
34650	49.8665
34660	59.8665
34670	69.8665
34680	60.4457
34690	70.4457
34700	57.3856
34710	67.3856
34720	56.6205
34730	66.6206
34740	76.6205
34750	69.1342
34760	56.0769
34770	66.0769
34780	76.0769
34790	68.5905
34800	78.5905
34810	70.0288
34820	80.0288
34830	63.223
34840	73.223
34850	83.223
34860	68.8761
34870	78.8761
34880	65.9998
34890	75.9998
34900	59.1915
34910	69.1915
34920	54.7802
34930	64.7802
34940	74.7802
34950	69.1137
34960	79.1137
34970	62.2623
34980	72.2623
34990	62.9953
35000	72.9953
35010	64.3145
35020	74.3145
35030	84.3145
35040	67.4807
35050	77.4807
35060	67.9654
35070	77.9654
35080	65.2789
35090	75.2789
35100	85.2789
35110	68.4447
35120	55.7971
35130	65.7971
35140	53.5221
35150	63.5221
35160	73.5221
35170	60.4518
35180	70.4518
35190	61.353
35200	71.353
35210	62.3527
35220	72.3527
35230	59.2758
35240	69.2758
35250	56.7201
35260	66.7201
35270	61.6876
35280	71.6876
35290	58.558
35300	68.558
35310	78.558
35320	66.0292
35330	76.0292
35340	65.6602
35350	75.6602
35360	58.604
35370	68.604
35380	56.1189
35390	66.1189
35400	58.1559
35410	68.1559
35420	78.1559
35430	61.121
35440	71.121
35450	58.456
35460	68.456
35470	78.456
35480	71.2366
35490	58.0458
35500	68.0458
35510	78.0458
35520	70.2684
35530	61.045
35540	71.045
35550	81.045
35560	64.0166
35570	74.0166
35580	61.2375
35590	71.2375
35600	81.2375
35610	68.9368
35620	55.7212
35630	65.7212
35640	75.7212
35650	61.9837
35660	71.9837
35670	62.6314
35680	72.6314
35690	82.6314
35700	71.5905
35710	81.5905
35720	72.4772
35730	82.4772
35740	65.3645
35750	75.3645
35760	59.7211
35770	69.7211
35780	61.3749
35790	71.3749
35800	58.1355
35810	68.1355
35820	78.1355
35830	65.2482
35840	57.1831
35850	67.1831
35860	77.1831
35870	60.0704
35880	49.5775
35890	59.5775
35900	69.5775
35910	60.5106
35920	70.5106
35930	57.2711
35940	67.2711
35950	56.1444
35960	66.1444
35970	76.1444
35980	69.0669
35990	55.8275
36000	65.8275
