10	0
20	0
30	0
40	0
50	0
60	0
70	0
80	0
90	0
100	0
110	0
120	0
130	0
140	0
150	0
160	0
170	0
180	0
190	0
200	0
210	0
220	0
230	0
240	0
250	0
260	0
270	0
280	0
290	0
300	-0.32967
310	1.07143
320	2.5
330	2.85714
340	4.28571
350	5.71429
360	3.57143
370	5
380	2.85714
390	4.28571
400	5.71429
410	3.57143
420	5
430	2.85714
440	4.28571
450	5.71429
460	3.57143
470	5
480	2.85714
490	4.28571
500	5.71429
510	3.57143
520	5
530	2.85714
540	4.28571
550	5.71429
560	3.74286
570	5.74286
580	3.36667
590	5.36667
600	7.36667
610	6
620	8
630	3.33333
640	5.33333
650	7.33333
660	6
670	8
680	2.99649
690	6.6807
700	10.3649
710	10.0211
720	13.7053
730	9.72632
740	13.7263
750	17.7263
760	15.6579
770	19.6579
780	16.0632
790	20.0632
800	18.5316
810	22.5316
820	17.5316
830	21.5316
840	18
850	22
860	14
870	18
880	22
890	15.5
900	19.5
910	16
920	20
930	17.5
940	21.5
950	16.5
960	20.5
970	24.5
980	18
990	22
1000	18
1010	22
1020	15.5
1030	19.5
1040	14.3909
1050	18.9364
1060	17.0182
1070	21.5636
1080	16.1708
1090	20.9534
1100	25.736
1110	18.3154
1120	23.098
1130	19.0901
1140	23.8727
1150	21.8406
1160	27.0406
1170	21.4667
1180	26.6667
1190	31.8667
1200	23.7711
1210	28.9711
1220	24.1711
1230	29.3711
1240	26.9704
1250	32.1704
1260	25.3704
1270	30.5704
1280	35.7704
1290	26.9704
1300	32.1704
1310	28.4243
1320	33.6243
1330	24.8243
1340	30.0243
1350	35.2243
1360	26.4243
1370	31.6243
1380	27.5446
1390	32.9292
1400	24.0985
1410	29.4831
1420	23.0754
1430	28.46
1440	25.9169
1450	31.3015
1460	22.7887
1470	28.3443
1480	33.8998
1490	25.4853
1500	31.0409
1510	25.2822
1520	31.1443
1530	37.0064
1540	34.0335
1550	39.8955
1560	30.7691
1570	36.6312
1580	25.7389
1590	31.868
1600	27.2646
1610	33.3936
1620	26.5688
1630	32.8188
1640	39.0688
1650	28.9072
1660	35.1572
1670	31.0072
1680	37.2572
1690	28.1073
1700	34.4709
1710	25.5846
1720	31.9482
1730	30.177
1740	36.5407
1750	30.1174
1760	36.481
1770	42.8446
1780	30.1174
1790	36.481
1800	32.1958
1810	38.6664
1820	45.137
1830	37.6289
1840	44.0995
1850	39.6703
1860	46.1409
1870	38.132
1880	44.7986
1890	33.6924
1900	40.3591
1910	47.0257
1920	41.9733
1930	48.6399
1940	43.0033
1950	31.3366
1960	38.0033
1970	44.6699
1980	29.8448
1990	36.5114
2000	27.8126
2010	34.6547
2020	41.4968
2030	37.8933
2040	44.7354
2050	35.8626
2060	42.8626
2070	49.8626
2080	38.2215
2090	45.2215
2100	36.0382
2110	43.1811
2120	40.7876
2130	38.0555
2140	45.1983
2150	52.3412
2160	45.859
2170	53.0019
2180	43.4131
2190	50.6859
2200	57.9586
2210	51.9811
2220	59.2539
2230	49.5645
2240	56.8978
2250	64.2311
2260	55.1099
2270	62.4433
2280	55.7952
2290	63.1286
2300	70.4619
2310	51.0149
2320	58.3483
2330	49.3669
2340	56.7002
2350	48.0002
2360	55.5002
2370	63.0002
2380	47.5419
2390	37.928
2400	45.428
2410	52.928
2420	45.4083
2430	38.025
2440	45.525
2450	53.025
2460	35.525
2470	43.025
2480	41.9639
2490	49.5149
2500	43.9792
2510	51.5302
2520	59.0812
2530	44.2058
2540	39.3941
2550	46.9941
2560	54.5941
2570	49.8824
2580	57.4824
2590	44.7902
2600	52.3902
2610	59.9902
2620	45.8506
2630	53.4506
2640	48.2559
2650	55.8559
2660	39.6558
2670	47.2559
2680	43.6558
2690	51.2559
2700	44.4189
2710	52.1112
2720	59.8035
2730	43.5974
2740	51.2897
2750	44.6928
2760	52.3851
2770	60.0774
2780	55.8284
2790	63.5643
2800	46.909
2810	54.6448
2820	41.5811
2830	49.3993
2840	57.2175
2850	47.034
2860	40.6214
2870	48.4396
2880	56.2578
2890	51.2027
2900	59.0975
2910	45.1166
2920	53.0113
2930	60.9061
2940	49.313
2950	42.5008
2960	50.4669
2970	58.4331
2980	40.5249
2990	37.0525
3000	45.0186
3010	52.9848
3020	47.6744
3030	55.7389
3040	41.6832
3050	49.7477
3060	46.3545
3070	54.419
3080	62.4835
3090	52.8061
3100	60.8706
3110	56.0852
3120	64.1497
3130	54.4231
3140	62.4876
3150	70.5521
3160	53.7779
3170	61.8425
3180	52.2997
3190	60.3949
3200	68.4902
3210	55.7542
3220	42.7112
3230	50.8065
3240	58.9017
3250	47.7997
3260	55.9536
3270	46.5914
3280	54.7453
3290	62.8991
3300	55.7607
3310	63.9146
3320	54.3789
3330	62.5607
3340	57.5635
3350	65.7454
3360	57.0105
3370	65.2458
3380	73.4811
3390	57.428
3400	45.6257
3410	53.861
3420	62.0963
3430	51.134
3440	59.3949
3450	47.4106
3460	55.6715
3470	63.9324
3480	52.4493
3490	60.7102
3500	54.5669
3510	62.8526
3520	71.1383
3530	52.5954
3540	44.6187
3550	52.9749
3560	48.4899
3570	56.846
3580	65.2022
3590	54.3597
3600	62.7159
3610	44.466
3620	52.866
3630	61.266
3640	53.651
3650	62.051
3660	55.8762
3670	64.2973
3680	50.2468
3690	58.6679
3700	46.899
3710	55.3201
3720	47.4121
3730	55.8736
3740	64.3352
3750	50.6206
3760	46.1475
3770	54.6091
3780	63.0706
3790	55.213
3800	63.6745
3810	52.9053
3820	61.3668
3830	69.8284
3840	61.3332
3850	69.7947
3860	62.4624
3870	70.9624
3880	56.9861
3890	65.4861
3900	73.9861
3910	61.1245
3920	69.643
3930	55.837
3940	64.3555
3950	49.8657
3960	58.3842
3970	47.8792
3980	56.3977
3990	51.7984
4000	60.3169
4010	68.8354
4020	54.0206
4030	62.5391
4040	48.56
4050	57.0966
4060	65.6332
4070	55.1823
4080	43.5068
4090	52.061
4100	60.6152
4110	56.8152
4120	65.3694
4130	58.5981
4140	67.1523
4150	75.7066
4160	56.428
4170	64.9822
4180	57.3358
4190	65.89
4200	74.4443
4210	64.4039
4220	51.9942
4230	60.5484
4240	49.3976
4250	57.9518
4260	66.506
4270	51.451
4280	60.0224
4290	44.19
4300	52.7615
4310	48.132
4320	56.7034
4330	52.6741
4340	61.2623
4350	69.8505
4360	54.1334
4370	62.7217
4380	51.8162
4390	60.4044
4400	55.1198
4410	63.708
4420	72.2963
4430	56.1786
4440	47.8796
4450	56.516
4460	65.1523
4470	57.4767
4480	66.1131
4490	55.1398
4500	63.7762
4510	44.2092
4520	52.8609
4530	61.5126
4540	52.1304
4550	60.7821
4560	54.427
4570	63.0786
4580	46.6637
4590	55.3154
4600	44.1223
4610	52.774
4620	61.4257
4630	52.0998
4640	60.7515
4650	57.227
4660	65.8787
4670	60.9349
4680	69.5866
4690	56.6652
4700	65.3319
4710	54.2432
4720	62.9099
4730	54.5279
4740	63.1945
4750	49.904
4760	58.6274
4770	67.3508
4780	58.756
4790	67.4794
4800	60.081
4810	68.8179
4820	52.1006
4830	60.8375
4840	46.2879
4850	55.0247
4860	50.0213
4870	58.7713
4880	67.5213
4890	50.5432
4900	59.2932
4910	52.712
4920	61.462
4930	70.212
4940	61.3537
4950	48.2219
4960	56.9848
4970	65.7477
4980	49.7158
4990	58.4787
5000	48.6823
5010	57.4578
5020	53.7079
5030	62.4834
5040	58.361
5050	67.1365
5060	53.8258
5070	62.6013
5080	53.4402
5090	62.2157
5100	50.1139
5110	58.9018
5120	67.6897
5130	50.8263
5140	59.6142
5150	48.7232
5160	57.511
5170	66.2989
5180	56.9074
5190	65.7074
5200	57.3335
5210	66.1335
5220	74.9335
5230	62.8723
5240	49.5424
5250	58.3543
5260	67.1662
5270	59.7429
5280	68.5548
5290	59.051
5300	67.8745
5310	58.1374
5320	66.9609
5330	75.7844
5340	68.5456
5350	77.3691
5360	60.1701
5370	49.6731
5380	58.4967
5390	67.3202
5400	54.7256
5410	63.5491
5420	50.014
5430	58.8489
5440	67.6839
5450	53.2098
5460	62.0447
5470	52.3732
5480	61.2194
5490	53.0932
5500	61.9393
5510	54.3615
5520	63.2077
5530	72.0538
5540	55.2785
5550	64.1465
5560	54.8892
5570	63.7571
5580	57.0022
5590	65.8701
5600	52.6768
5610	61.5553
5620	50.6613
5630	59.5398
5640	53.9804
5650	62.8589
5660	49.3704
5670	58.2593
5680	67.1482
5690	53.9483
5700	62.8372
5710	53.166
5720	62.0549
5730	54.5755
5740	63.4644
5750	56.5916
5760	65.4805
5770	52.1441
5780	61.0432
5790	69.9422
5800	60.4247
5810	48.2563
5820	57.1554
5830	66.0544
5840	48.7023
5850	39.9398
5860	48.8587
5870	57.7777
5880	55.6393
5890	64.5582
5900	50.7942
5910	59.7322
5920	49.7554
5930	58.6935
5940	67.6315
5950	62.2607
5960	48.3989
5970	57.3463
5980	66.2936
5990	58.8162
6000	67.7635
6010	59.793
6020	68.7404
6030	51.2843
6040	60.2316
6050	69.179
6060	53.8495
6070	62.7969
6080	53.4784
6090	62.4439
6100	45.0385
6110	54.004
6120	50.5573
6130	59.5228
6140	68.4883
6150	61.8308
6160	70.7963
6170	53.8135
6180	62.779
6190	55.7204
6200	64.6948
6210	57.3876
6220	66.3619
6230	52.912
6240	61.8864
6250	70.8608
6260	60.3653
6270	48.7591
6280	57.7334
6290	66.7078
6300	49.3574
6310	40.8883
6320	49.8627
6330	48.0342
6340	57.0085
6350	65.9829
6360	52.3932
6370	61.3675
6380	51.5359
6390	60.5189
6400	69.502
6410	63.1115
6420	72.0945
6430	54.5571
6440	44.7092
6450	53.6922
6460	62.6753
6470	55.5547
6480	64.5377
6490	50.6293
6500	59.6376
6510	68.6459
6520	53.8415
6530	62.8498
6540	52.8331
6550	61.8414
6560	53.7615
6570	62.7698
6580	58.5065
6590	67.5148
6600	53.7131
6610	62.7214
6620	71.7297
6630	61.647
6640	70.6553
6650	61.6345
6660	70.6428
6670	79.6511
6680	58.2494
6690	49.0059
6700	58.0223
6710	67.0387
6720	57.4165
6730	66.4329
6740	52.3642
6750	61.3886
6760	70.413
6770	55.2859
6780	64.3103
6790	53.8767
6800	62.909
6810	55.2968
6820	64.329
6830	59.0169
6840	68.0492
6850	53.8195
6860	62.8595
6870	55.2088
6880	64.2488
6890	73.2888
6900	60.3215
6910	69.3615
6920	51.018
6930	60.0657
6940	51.3838
6950	60.4314
6960	52.0656
6970	61.1132
6980	70.1609
6990	51.4934
7000	60.5411
7010	51.2113
7020	60.259
7030	69.3066
7040	58.5144
7050	52.7304
7060	61.7855
7070	70.8406
7080	62.9571
7090	72.0122
7100	57.4203
7110	66.4754
7120	57.2917
7130	66.3468
7140	75.4019
7150	66.6659
7160	75.7284
7170	57.1702
7180	48.8552
7190	57.9177
7200	66.9802
7210	58.306
7220	67.3758
7230	52.4927
7240	61.5625
7250	70.6322
7260	56.7363
7270	65.8061
7280	57.6762
7290	66.746
7300	75.8158
7310	52.6375
7320	43.2164
7330	52.2862
7340	61.356
7350	55.7746
7360	64.8443
7370	49.7281
7380	58.7978
7390	54.8088
7400	63.8857
7410	72.9626
7420	67.3915
7430	76.4685
7440	57.44
7450	66.5169
7460	57.201
7470	66.2779
7480	54.2872
7490	63.3641
7500	72.441
7510	53.5201
7520	62.604
7530	49.4928
7540	58.5767
7550	51.7615
7560	60.8454
7570	55.5977
7580	64.6817
7590	56.0864
7600	65.1704
7610	74.2543
7620	55.5521
7630	64.636
7640	57.6153
7650	66.6993
7660	75.7832
7670	69.8473
7680	78.9313
7690	60.2304
7700	69.3281
7710	59.2158
7720	68.3135
7730	77.4112
7740	64.5279
7750	49.7245
7760	58.8356
7770	67.9467
7780	54.29
7790	63.4011
7800	52.5333
7810	61.6444
7820	53.1
7830	62.2177
7840	55.266
7850	64.3836
7860	49.391
7870	58.5086
7880	49.9928
7890	46.9781
7900	56.0958
7910	65.2134
7920	58.1366
7930	67.2543
7940	56.1513
7950	65.269
7960	74.3866
7970	66.7036
7980	59.7059
7990	68.8235
8000	77.9412
8010	58.75
8020	50.3676
8030	59.4853
8040	68.6029
8050	56.6912
8060	65.8088
8070	50.6618
8080	59.7794
8090	68.8971
8100	56.9853
8110	66.1029
8120	55
8130	64.1176
8140	58.2353
8150	67.3529
8160	76.4706
8170	66.8402
8180	51.7084
8190	60.8325
8200	69.9566
8210	53.2373
8220	62.3614
8230	51.4125
8240	60.5366
8250	55.791
8260	64.9151
8270	74.0392
8280	63.0903
8290	72.2144
8300	64.3349
8310	73.4653
8320	82.5957
8330	71.8811
8340	56.8068
8350	65.9372
8360	75.0677
8370	58.571
8380	67.7015
8390	54.9591
8400	64.0895
8410	44.8117
8420	53.9484
8430	50.7715
8440	59.9082
8450	56.0095
8460	65.1462
8470	74.2828
8480	54.7756
8490	63.9245
8500	52.4607
8510	61.6096
8520	70.7585
8530	65.7528
8540	74.9136
8550	55.3664
8560	48.6291
8570	57.7899
8580	66.9508
8590	57.9292
8600	67.0901
8610	51.9152
8620	61.0761
8630	70.2369
8640	57.7785
8650	50.0043
8660	59.1709
8670	68.3376
8680	49.0342
8690	41.8626
8700	51.0293
8710	48.4742
8720	57.6579
8730	66.8416
8740	51.4668
8750	60.6505
8760	51.5907
8770	60.7743
8780	69.958
8790	58.7335
8800	53.8441
8810	63.0277
8820	72.2114
8830	65.8512
8840	75.0458
8850	59.7346
8860	68.9292
8870	61.7126
8880	70.9072
8890	80.1019
8900	68.4718
8910	77.6718
8920	58.1668
8930	67.3668
8940	76.5668
8950	62.3003
8960	71.5109
8970	59.0554
8980	43.4385
8990	52.6491
9000	61.8596
9010	55.479
9020	47.2108
9030	56.4316
9040	65.6524
9050	45.8256
9060	43.8609
9070	53.0867
9080	62.3125
9090	57.7125
9100	66.9383
9110	51.3255
9120	60.5514
9130	53.3976
9140	62.6333
9150	71.869
9160	60.4428
9170	69.6785
9180	63.268
9190	72.5037
9200	81.7394
9210	72.6783
9220	57.0732
9230	66.3089
9240	75.5445
9250	64.7224
9260	54.1447
9270	63.39
9280	72.6353
9290	52.8629
9300	62.1082
9310	48.9305
9320	58.1805
9330	53.0291
9340	62.2791
9350	46.7038
9360	55.9538
9370	47.9583
9380	57.2083
9390	66.4583
9400	55.0833
9410	64.3333
9420	59.7284
9430	68.9831
9440	64.3918
9450	73.6465
9460	82.9011
9470	63.1422
9480	54.617
9490	63.8808
9500	73.1446
9510	60.6415
9520	69.9053
9530	57.2694
9540	66.5332
9550	42.4446
9560	51.7129
9570	60.9812
9580	57.4182
9590	66.6865
9600	54.9644
9610	64.2415
9620	57.1928
9630	66.4699
9640	55.9272
9650	65.2043
9660	74.4814
9670	54.2543
9680	63.5357
9690	57.8755
9700	67.1569
9710	58.9877
9720	68.2692
9730	52.3782
9740	61.6681
9750	54.0491
9760	63.3391
9770	72.629
9780	62.7714
9790	46.8638
9800	56.1537
9810	65.4437
9820	56.0458
9830	65.3357
9840	53.6177
9850	62.9118
9860	72.2059
9870	63.052
9880	72.3462
9890	63.698
9900	72.9921
9910	82.2862
9920	58.1315
9930	49.7263
9940	59.0205
9950	52.9276
9960	62.2217
9970	71.5158
9980	55.7511
9990	65.0452
10000	54.457
10010	63.7511
10020	56.7647
10030	66.0588
10040	50.2941
10050	59.5882
10060	51.8824
10070	61.1765
10080	70.4706
10090	60.942
10100	45.1746
10110	54.4729
10120	63.7711
10130	53.2156
10140	62.5139
10150	50.7583
10160	60.0606
10170	69.3629
10180	65.1698
10190	74.4721
10200	62.8124
10210	72.1147
10220	65.0291
10230	74.3395
10240	83.6498
10250	73.6128
10260	82.9231
10270	63.1044
10280	50.0637
10290	59.374
10300	68.6843
10310	50.4515
10320	59.7618
10330	44.2426
10340	53.5569
10350	62.8712
10360	60.9149
10370	70.2292
10380	58.9346
10390	68.2528
10400	77.571
10410	70.3846
10420	79.7028
10430	71
10440	80.3182
10450	60.654
10460	69.9761
10470	54.6592
10480	63.9813
10490	54.7161
10500	64.0381
10510	73.3602
10520	53.4365
10530	62.7585
10540	57.7842
10550	67.1063
10560	76.4283
10570	69.1226
10580	53.3599
10590	62.6819
10600	72.004
10610	59.9701
10620	69.2921
10630	56.2147
10640	65.5405
10650	45.5681
10660	54.894
10670	52.3754
10680	61.7013
10690	58.6141
10700	67.9511
10710	52.0203
10720	61.3573
10730	70.6944
10740	60.1692
10750	53.0073
10760	62.348
10770	71.6886
10780	51.586
10790	60.9267
10800	52.7103
10810	62.051
10820	53.9634
10830	63.3041
10840	47.2601
10850	56.6008
10860	47.4577
10870	56.802
10880	66.1462
10890	54.3713
10900	63.7156
10910	59.7387
10920	69.083
10930	78.4273
10940	73.1775
10950	82.5218
10960	62.4125
10970	71.7567
10980	62.1319
10990	71.4762
11000	59.3867
11010	68.7345
11020	55.2031
11030	64.5509
11040	73.8988
11050	45.468
11060	54.8193
11070	53.9349
11080	63.2863
11090	72.6376
11100	60.9299
11110	70.2813
11120	61.4137
11130	70.7686
11140	80.1234
11150	69.2035
11160	53.3245
11170	62.6794
11180	55.915
11190	65.2698
11200	56.1551
11210	65.5099
11220	49.7004
11230	59.0655
11240	68.4305
11250	57.5337
11260	51.5837
11270	60.9488
11280	70.3139
11290	50.4026
11300	41.8017
11310	51.1701
11320	60.5385
11330	56.8016
11340	66.17
11350	50.5738
11360	59.9455
11370	49.9602
11380	59.3319
11390	68.7037
11400	57.1605
11410	66.5322
11420	61.9405
11430	71.3188
11440	63.7695
11450	73.1477
11460	57.5166
11470	66.8949
11480	58.726
11490	68.1106
11500	56.4927
11510	65.8773
11520	50.3664
11530	59.7573
11540	69.1482
11550	56.831
11560	66.2219
11570	54.8135
11580	64.2043
11590	55.1347
11600	64.5316
11610	55.9548
11620	65.3518
11630	74.7488
11640	54.9717
11650	64.3687
11660	58.5085
11670	67.9085
11680	62.7235
11690	72.1235
11700	81.5235
11710	61.8097
11720	71.2127
11730	60.4811
11740	69.8841
11750	79.2871
11760	68.2595
11770	52.6083
11780	62.0113
11790	48.5464
11800	57.9494
11810	67.3524
11820	55.8598
11830	65.2628
11840	56.0571
11850	65.4659
11860	57.9364
11870	67.3453
11880	51.7907
11890	61.1995
11900	53.7158
11910	63.1246
11920	59.4252
11930	68.834
11940	53.4153
11950	62.8242
11960	72.233
11970	59.2705
11980	68.6794
11990	59.3103
12000	68.7192
12010	49.1583
12020	58.5757
12030	51.9681
12040	61.3855
12050	54.9222
12060	64.3396
12070	73.7571
12080	54.2735
12090	63.6966
12100	50.8625
12110	60.2855
12120	69.7086
12130	58.467
12140	54.0673
12150	63.4904
12160	72.9134
12170	65.7578
12180	75.1809
12190	59.796
12200	69.2218
12210	78.6477
12220	67.32
12230	76.7458
12240	68.0525
12250	77.4784
12260	57.7952
12270	67.2265
12280	76.6578
12290	66.4906
12300	75.9219
12310	64.2132
12320	73.6445
12330	53.891
12340	63.3222
12350	50.4885
12360	59.9198
12370	50.7757
12380	60.207
12390	69.6383
12400	49.8752
12410	46.9842
12420	56.4155
12430	65.8468
12440	59.9242
12450	69.3635
12460	53.8492
12470	63.2884
12480	72.7277
12490	66.1006
12500	75.5399
12510	64.4184
12520	73.8576
12530	83.2969
12540	75.7305
12550	85.1697
12560	73.8798
12570	83.3217
12580	63.9995
12590	73.4414
12600	58.8972
12610	68.3391
12620	53.5324
12630	62.9742
12640	47.8579
12650	57.2998
12660	66.7417
12670	57.2461
12680	66.6905
12690	55.6425
12700	65.0869
12710	74.5314
12720	65.7752
12730	75.2197
12740	66.4664
12750	75.9135
12760	56.5043
12770	65.9513
12780	56.5675
12790	66.0145
12800	75.4615
12810	66.4338
12820	75.8808
12830	56.2956
12840	65.7426
12850	57.9469
12860	67.3964
12870	76.846
12880	68.2315
12890	52.7265
12900	62.176
12910	71.6256
12920	57.2479
12930	50.2569
12940	59.7064
12950	69.156
12960	49.3853
12970	58.8349
12980	51.8843
12990	61.3338
13000	55.3705
13010	64.8201
13020	49.2237
13030	58.6733
13040	47.7551
13050	57.2072
13060	66.6592
13070	55.1945
13080	64.6465
13090	60.8931
13100	70.3476
13110	65.7889
13120	75.2435
13130	84.698
13140	64.8207
13150	55.0925
13160	64.552
13170	74.0115
13180	59.8928
13190	69.3522
13200	57.7569
13210	67.2211
13220	43.2195
13230	52.6838
13240	50.6872
13250	47.6961
13260	57.1604
13270	66.6247
13280	59.22
13290	68.6866
13300	57.3684
13310	66.835
13320	76.3017
13330	68.9781
13340	78.4518
13350	67.0477
13360	76.5214
13370	85.9951
13380	77.674
13390	87.1477
13400	75.8085
13410	85.2868
13420	65.631
13430	75.1092
13440	57.2582
13450	66.7387
13460	52.0951
13470	61.5756
13480	71.0561
13490	51.5245
13500	47.5893
13510	57.0764
13520	66.5636
13530	61.248
13540	70.7352
13550	55.4898
13560	64.9769
13570	74.4641
13580	59.5616
13590	69.051
13600	58.0502
13610	67.5396
13620	60.6685
13630	70.1579
13640	63.1958
13650	72.6873
13660	57.6431
13670	67.1347
13680	76.6262
13690	65.4706
13700	74.9621
13710	61.8119
13720	71.3034
13730	52.0238
13740	61.5153
13750	53.3628
13760	62.8586
13770	55.0185
13780	64.5143
13790	74.0101
13800	54.7041
13810	64.1999
13820	54.6745
13830	64.1703
13840	73.6661
13850	62.5737
13860	56.8441
13870	66.342
13880	75.8399
13890	67.6451
13900	77.143
13910	61.8464
13920	71.3443
13930	61.2909
13940	70.7909
13950	80.2909
13960	65.7474
13970	75.2474
13980	55.6613
13990	65.1613
14000	55.3554
14010	64.8554
14020	56.5647
14030	66.0647
14040	75.5647
14050	55.898
14060	65.398
14070	56.1064
14080	65.6064
14090	57.587
14100	67.087
14110	76.587
14120	56.9209
14130	48.5497
14140	58.0518
14150	52.8899
14160	62.392
14170	71.8941
14180	56.2687
14190	65.7748
14200	53.1412
14210	62.6474
14220	58.0328
14230	67.539
14240	51.8641
14250	61.3743
14260	53.1726
14270	62.6828
14280	55.598
14290	65.1122
14300	49.441
14310	58.9552
14320	68.4693
14330	56.0503
14340	65.5645
14350	54.2269
14360	63.745
14370	73.2631
14380	66.9576
14390	76.4757
14400	66.854
14410	51.3192
14420	60.8411
14430	70.3631
14440	61.3045
14450	70.8264
14460	59.5812
14470	69.1031
14480	78.6251
14490	69.6103
14500	79.1322
14510	67.7409
14520	77.2628
14530	86.7848
14540	63.1593
14550	51.8372
14560	61.3591
14570	70.8811
14580	56.9767
14590	66.4986
14600	51.1597
14610	60.6836
14620	53.1536
14630	62.6774
14640	72.2012
14650	61.0726
14660	55.094
14670	64.6197
14680	74.1454
14690	65.3389
14700	74.8646
14710	59.7144
14720	69.242
14730	58.6827
14740	68.2102
14750	77.7378
14760	68.6495
14770	78.1771
14780	58.7949
14790	68.3243
14800	57.9804
14810	67.5098
14820	55.5392
14830	65.0704
14840	74.6017
14850	55.2492
14860	64.7805
14870	56.5878
14880	66.119
14890	60.8378
14900	70.3709
14910	55.0828
14920	47.7358
14930	57.2689
14940	66.8019
14950	55.033
14960	64.5661
14970	49.3521
14980	58.8851
14990	68.4182
15000	61.0755
15010	70.6085
15020	59.5183
15030	69.0532
15040	61.782
15050	71.3169
15060	62.8916
15070	72.4265
15080	81.9613
15090	62.4971
15100	72.032
15110	61.0474
15120	70.5823
15130	61.0181
15140	70.5565
15150	55.2027
15160	48.0217
15170	57.5602
15180	67.0986
15190	55.3368
15200	64.8753
15210	49.4907
15220	59.0291
15230	68.5676
15240	61.4079
15250	70.9464
15260	59.7147
15270	69.2549
15280	62.1824
15290	71.7227
15300	63.0847
15310	72.6284
15320	82.1721
15330	62.7737
15340	72.3174
15350	59.739
15360	69.2827
15370	60.7699
15380	70.3153
15390	55.1952
15400	64.7407
15410	56.4713
15420	66.0168
15430	53.8844
15440	63.4298
15450	72.9753
15460	53.6192
15470	63.1647
15480	56.2619
15490	65.8091
15500	61.6793
15510	71.2265
15520	80.7737
15530	61.4801
15540	53.3252
15550	62.8724
15560	72.4195
15570	58.6831
15580	68.2302
15590	53.0982
15600	62.6453
15610	53.1349
15620	62.6821
15630	72.2292
15640	61.2104
15650	55.8142
15660	65.3613
15670	74.9085
15680	66.1918
15690	75.7407
15700	60.5838
15710	70.1327
15720	79.6815
15730	67.5479
15740	77.0984
15750	68.2735
15760	77.824
15770	58.4799
15780	68.0305
15790	58.6416
15800	68.1922
15810	56.2798
15820	65.8304
15830	75.381
15840	56.0926
15850	65.6431
15860	55.4693
15870	65.0248
15880	60.5416
15890	70.0972
15900	54.9581
15910	48.39
15920	57.9472
15930	67.5044
15940	55.5203
15950	65.0775
15960	50.0211
15970	59.5783
15980	69.1355
15990	61.2881
16000	70.8453
16010	59.9227
16020	69.4799
16030	62.7013
16040	72.2602
16050	63.5594
16060	73.1182
16070	82.6771
16080	63.4775
16090	73.0363
16100	62.3044
16110	71.8648
16120	61.2733
16130	70.8337
16140	55.729
16150	65.2895
16160	57.1845
16170	66.7449
16180	54.8386
16190	64.3991
16200	73.9595
16210	54.8039
16220	64.3691
16230	55.8884
16240	65.4536
16250	61.312
16260	70.8772
16270	80.4424
16280	61.3446
16290	53.13
16300	62.6999
16310	72.2698
16320	58.5132
16330	68.0831
16340	53.1308
16350	62.7022
16360	53.9944
16370	63.5658
16380	73.1373
16390	62.3346
16400	56.5587
16410	66.1332
16420	75.7076
16430	66.5589
16440	76.1334
16450	61.2441
16460	70.8216
16470	80.399
16480	69.4347
16490	79.0121
16500	68.2035
16510	77.781
16520	58.9743
16530	68.5562
16540	58.8391
16550	68.4209
16560	55.6045
16570	65.1907
16580	74.7769
16590	56.0716
16600	65.6578
16610	56.0259
16620	65.6121
16630	62.1342
16640	71.7246
16650	57.1175
16660	66.7079
16670	57.036
16680	66.6264
16690	76.2169
16700	63.131
16710	48.5577
16720	58.1481
16730	67.7385
16740	59.1159
16750	68.7063
16760	58.1603
16770	67.7507
16780	77.3411
16790	66.0442
16800	75.6347
16810	65.0886
16820	74.679
16830	65.6347
16840	75.2251
16850	66.0471
16860	75.6376
16870	85.228
16880	66.6284
16890	76.2217
16900	62.7318
16910	72.325
16920	59.3304
16930	68.9236
16940	78.5168
16950	60.0937
16960	51.124
16970	60.7172
16980	70.3104
16990	61.1853
17000	70.7785
17010	56.3717
17020	65.9649
17030	75.5581
17040	64.4056
17050	73.9988
17060	66.6102
17070	76.2061
17080	57.7954
17090	67.3913
17100	56.9828
17110	66.5788
17120	56.8145
17130	66.4118
17140	51.9808
17150	61.5781
17160	71.1754
17170	58.4372
17180	68.0358
17190	57.646
17200	67.2446
17210	76.8433
17220	69.0988
17230	78.6974
17240	68.1091
17250	77.7078
17260	59.2128
17270	68.8115
17280	60.6945
17290	70.2932
17300	57.7128
17310	67.3114
17320	76.9101
17330	58.4151
17340	68.0138
17350	57.5912
17360	67.1925
17370	76.7938
17380	66.2776
17390	51.781
17400	61.3823
17410	70.9836
17420	60.1819
17430	53.4434
17440	63.046
17450	72.6487
17460	54.0445
17470	63.6471
17480	57.2729
17490	66.8756
17500	59.3704
17510	68.973
17520	54.3373
17530	63.9399
17540	53.274
17550	62.878
17560	54.3755
17570	63.9795
17580	73.5834
17590	54.9599
17600	64.5639
17610	59.687
17620	69.2909
17630	78.8949
17640	68.6064
17650	54.052
17660	63.6559
17670	73.2599
17680	59.2928
17690	68.8968
17700	61.0561
17710	70.6601
17720	52.0792
17730	61.6832
17740	71.2871
17750	64.5875
17760	74.1914
17770	65.3465
17780	50.7947
17790	60.4012
17800	70.0078
17810	57.7663
17820	50.0658
17830	59.6762
17840	69.2866
17850	50.6777
17860	60.2881
17870	56.0991
17880	65.7095
17890	75.3199
17900	66.6824
17910	52.1369
17920	61.7473
17930	71.3577
17940	59.4014
17950	69.0118
17960	60.8076
17970	70.4192
17980	51.8278
17990	61.4394
18000	71.0511
18010	64.6717
18020	74.2833
18030	65.7732
18040	75.3849
18050	56.6793
18060	66.291
18070	54.4301
18080	64.0454
18090	55.1033
18100	64.7187
18110	74.3341
18120	55.7801
18130	65.3955
18140	59.9096
18150	69.5262
18160	60.8819
18170	70.4985
18180	56.1137
18190	65.7304
18200	54.1035
18210	63.7201
18220	55.3553
18230	64.9719
18240	50.6263
18250	60.2442
18260	69.862
18270	63.9402
18280	73.558
18290	64.3876
18300	50.1023
18310	59.7201
18320	69.338
18330	57.8131
18340	67.431
18350	59.6272
18360	69.245
18370	78.8629
18380	56.6335
18390	66.2514
18400	60.3822
18410	70
18420	79.6178
18430	68.7266
18440	54.4654
18450	64.0844
18460	73.7034
18470	60.6012
18480	70.2202
18490	60.9369
18500	70.5572
18510	52.4135
18520	62.0337
18530	56.7823
18540	66.4026
18550	76.0228
18560	66.6844
18570	52.5704
18580	62.1907
18590	71.8109
18600	60.1157
18610	51.2046
18620	60.8261
18630	70.4475
18640	52.4003
18650	62.0218
18660	57.0086
18670	66.6312
18680	58.8158
18690	68.4384
18700	54.4377
18710	64.0604
18720	54.0118
18730	63.6345
18740	73.2571
18750	64.8318
18760	74.4545
18770	56.5614
18780	66.184
18790	59.5622
18800	69.186
18810	78.8099
18820	68.1889
18830	54.2586
18840	63.8825
18850	73.5063
18860	60.2652
18870	69.8902
18880	60.1645
18890	69.7895
18900	79.4145
18910	57.7406
18920	52.8118
18930	62.4368
18940	56.1571
18950	65.7821
18960	75.4071
18970	61.595
18980	71.2211
18990	59.7238
19000	69.35
19010	59.0209
19020	68.6471
19030	54.7347
19040	64.3632
19050	54.9386
19060	64.567
19070	57.611
19080	67.2395
19090	53.4329
19100	63.0625
19110	72.6921
19120	61.3493
19130	70.9789
19140	63.5338
19150	73.1646
19160	55.5405
19170	65.1713
19180	55.6958
19190	65.3266
19200	57.4328
19210	67.0647
19220	76.6966
19230	58.9447
19240	68.5766
19250	57.4109
19260	67.0428
19270	76.6747
19280	68.2014
19290	77.8333
19300	59.9805
19310	50.4559
19320	60.0878
19330	69.7197
19340	62.1514
19350	71.7844
19360	57.8736
19370	67.5066
19380	77.1397
19390	64.4628
19400	55.5471
19410	65.1823
19420	74.8176
19430	57.0298
19440	47.6044
19450	57.2419
19460	51.4866
19470	61.1241
19480	70.7615
19490	56.8477
19500	66.4852
19510	56.8608
19520	66.5004
19530	59.9593
19540	69.5989
19550	79.2385
19560	61.3612
19570	51.8224
19580	61.462
19590	71.1017
19600	62.025
19610	71.6647
19620	57.7004
19630	67.3411
19640	76.9818
19650	64.3368
19660	73.9775
19670	65.9384
19680	75.5791
19690	57.5788
19700	67.2195
19710	56.2935
19720	65.9343
19730	58.1828
19740	67.8236
19750	53.7517
19760	63.3924
19770	73.0331
19780	62.0451
19790	54.0419
19800	63.6826
19810	73.3234
19820	55.2994
19830	47.3375
19840	56.9803
19850	66.6232
19860	60.3529
19870	69.9957
19880	55.8947
19890	65.5386
19900	75.1825
19910	63.9879
19920	73.6318
19930	65.9723
19940	75.6183
19950	57.6185
19960	67.2645
19970	56.5546
19980	66.2006
19990	57.2763
20000	66.9234
20010	76.5704
20020	58.5688
20030	68.2159
20040	56.6499
20050	66.297
20060	59.3926
20070	69.0396
20080	78.6867
20090	60.7455
20100	51.6427
20110	61.2929
20120	70.943
20130	63.5243
20140	73.1745
20150	59.1973
20160	68.8474
20170	57.0013
20180	66.6525
20190	57.3173
20200	66.9685
20210	52.9587
20220	62.6098
20230	53.6923
20240	63.3434
20250	57.4619
20260	67.1131
20270	53.0433
20280	62.6945
20290	72.3456
20300	60.4493
20310	70.1025
20320	63.7298
20330	73.383
20340	83.0362
20350	61.0377
20360	52.2172
20370	61.8714
20380	71.5256
20390	62.0474
20400	71.7016
20410	57.6601
20420	67.3152
20430	76.9704
20440	62.9845
20450	72.6396
20460	65.3057
20470	74.9608
20480	57.0457
20490	66.7028
20500	56.629
20510	66.2861
20520	58.893
20530	68.5501
20540	54.5571
20550	64.2152
20560	73.8734
20570	61.575
20580	53.262
20590	62.9211
20600	72.5802
20610	54.5118
20620	47.4083
20630	57.0674
20640	66.7265
20650	61.2063
20660	70.8663
20670	56.6388
20680	66.2989
20690	55.8505
20700	65.5105
20710	75.1706
20720	67.2063
20730	76.8664
20740	58.5661
20750	50.1666
20760	59.8267
20770	69.4868
20780	60.4263
20790	70.0863
20800	55.7804
20810	65.4405
20820	75.1005
20830	61.3611
20840	71.0231
20850	64.8242
20860	74.4861
20870	84.1481
20880	61.9454
20890	52.0721
20900	61.735
20910	54.7493
20920	64.4122
20930	74.0751
20940	59.9505
20950	69.6135
20960	57.6887
20970	67.3526
20980	58.0223
20990	67.6862
21000	53.5382
21010	63.204
21020	54.2983
21030	63.964
21040	58.7019
21050	68.3676
21060	54.1402
21070	63.8069
21080	73.4735
21090	61.5125
21100	71.1791
21110	63.4172
21120	73.0839
21130	54.9306
21140	64.5973
21150	55.8264
21160	65.493
21170	57.1738
21180	66.8405
21190	76.5072
21200	58.3684
21210	68.0359
21220	56.0419
21230	65.7095
21240	75.3771
21250	68.7136
21260	78.383
21270	60.3066
21280	51.4088
21290	61.0782
21300	70.7476
21310	62.6902
21320	72.3605
21330	58.2093
21340	67.8796
21350	77.55
21360	64.065
21370	54.6495
21380	64.3216
21390	73.9938
21400	55.8226
21410	46.931
21420	56.6031
21430	52.4316
21440	62.1055
21450	71.7794
21460	57.7173
21470	67.3912
21480	57.0382
21490	66.713
21500	59.7682
21510	69.443
21520	79.1178
21530	61.2517
21540	52.2882
21550	61.9639
21560	71.6396
21570	61.7599
21580	71.4356
21590	57.5733
21600	67.249
21610	76.9247
21620	63.1026
21630	72.7801
21640	66.1264
21650	75.8038
21660	58.0295
21670	67.7086
21680	57.2336
21690	66.9127
21700	58.9317
21710	68.6109
21720	54.7152
21730	64.3943
21740	74.0735
21750	62.1465
21760	53.4527
21770	63.1318
21780	72.811
21790	54.9767
21800	47.3305
21810	57.0105
21820	66.6905
21830	61.213
21840	70.893
21850	56.9091
21860	66.5908
21870	76.2725
21880	64.4554
21890	74.1371
21900	66.2135
21910	75.8952
21920	57.9169
21930	67.6003
21940	57.19
21950	66.8734
21960	57.1488
21970	66.8322
21980	76.5156
21990	58.5011
22000	68.1845
22010	56.5563
22020	66.2396
22030	60.0351
22040	69.7201
22050	79.4051
22060	61.3775
22070	52.5588
22080	62.2438
22090	71.9289
22100	63.7682
22110	73.4549
22120	59.391
22130	69.0777
22140	57.6083
22150	67.295
22160	57.1009
22170	66.7875
22180	52.8189
22190	62.5056
22200	53.8366
22210	63.5233
22220	57.9919
22230	67.681
22240	53.7185
22250	63.4077
22260	73.0968
22270	61.7893
22280	71.4792
22290	64.1916
22300	73.8815
22310	83.5715
22320	61.6961
22330	71.3861
22340	62.5686
22350	72.2601
22360	81.9516
22370	67.823
22380	53.8525
22390	63.5448
22400	73.2371
22410	60.4011
22420	70.0934
22430	62.9845
22440	72.6768
22450	54.7451
22460	64.4382
22470	57.9276
22480	67.6207
22490	77.3138
22500	68.6796
22510	54.6061
22520	64.2992
22530	73.9923
22540	63.1738
22550	50.2878
22560	59.9809
22570	69.674
22580	51.6179
22590	61.3118
22600	57.4927
22610	67.1866
22620	60.0115
22630	69.707
22640	55.6666
22650	65.3621
22660	58.078
22670	67.7735
22680	56.5976
22690	66.2938
22700	75.99
22710	57.9475
22720	67.6437
22730	57.9984
22740	67.6946
22750	77.3908
22760	67.2374
22770	53.0855
22780	62.7817
22790	72.478
22800	63.0288
22810	72.725
22820	64.5646
22830	74.2616
22840	83.9585
22850	61.8751
22860	71.5721
22870	62.6619
22880	72.3588
22890	63.5019
22900	73.1989
22910	59.1079
22920	68.8049
22930	58.2734
22940	67.9711
22950	53.7951
22960	63.4928
22970	49.3601
22980	59.0579
22990	55.0246
23000	64.7238
23010	74.4231
23020	65.4493
23030	51.2567
23040	60.9559
23050	70.6552
23060	63.612
23070	73.3113
23080	62.4405
23090	72.1397
23100	53.9442
23110	63.6435
23120	73.3427
23130	62.9509
23140	72.6502
23150	63.778
23160	73.4772
23170	55.2817
23180	64.981
23190	58.1704
23200	67.8697
23210	57.0426
23220	66.7419
23230	76.4411
23240	58.2456
23250	67.9456
23260	60.104
23270	69.8039
23280	79.5039
23290	69.2185
23300	54.9283
23310	64.6291
23320	74.3298
23330	64.009
23340	53.2362
23350	62.937
23360	72.6377
23370	54.2337
23380	63.9345
23390	57.1422
23400	66.8429
23410	59.484
23420	69.1855
23430	54.8052
23440	64.5067
23450	56.9373
23460	66.6388
23470	58.013
23480	67.716
23490	77.4189
23500	59.1168
23510	68.8198
23520	59.6112
23530	69.3157
23540	79.0201
23550	68.7663
23560	54.5464
23570	64.2508
23580	73.9552
23590	61.845
23600	71.5516
23610	62.816
23620	72.5226
23630	54.3136
23640	64.0201
23650	73.7267
23660	66.6296
23670	76.3369
23680	67.5632
23690	53.3809
23700	63.0882
23710	72.7956
23720	62.1369
23730	49.9723
23740	59.6803
23750	69.3884
23760	51.2961
23770	61.0042
23780	56.613
23790	66.3217
23800	76.0304
23810	67.3823
23820	53.2557
23830	62.9659
23840	72.676
23850	63.3985
23860	73.1087
23870	63.8535
23880	73.5636
23890	55.5228
23900	65.2344
23910	74.9459
23920	64.3011
23930	74.0127
23940	65.5225
23950	75.2361
23960	57.1949
23970	66.9085
23980	55.8021
23990	65.5157
24000	57.2051
24010	66.9194
24020	76.6337
24030	58.6295
24040	68.3438
24050	61.4396
24060	71.1538
24070	62.7481
24080	72.4624
24090	58.4624
24100	68.1767
24110	58.4686
24120	68.1829
24130	53.9553
24140	63.6696
24150	49.6696
24160	59.3839
24170	69.0981
24180	64.2381
24190	73.9524
24200	65.4048
24210	51.4054
24220	61.1204
24230	70.8354
24240	62.9141
24250	72.6291
24260	61.6248
24270	71.3404
24280	81.0561
24290	59.2455
24300	68.9612
24310	58.2343
24320	67.9506
24330	77.6669
24340	67.3175
24350	53.3903
24360	63.1066
24370	72.8229
24380	63.5056
24390	73.2233
24400	65.213
24410	74.9306
24420	56.9954
24430	66.7137
24440	57.9929
24450	67.7112
24460	77.4295
24470	68.4706
24480	54.4031
24490	64.1214
24500	73.8397
24510	63.3023
24520	50.6633
24530	60.3816
24540	70.0999
24550	52.0487
24560	61.7689
24570	57.9218
24580	67.6421
24590	60.1367
24600	69.857
24610	55.7975
24620	65.5178
24630	57.8898
24640	67.6101
24650	56.4674
24660	66.1877
24670	75.908
24680	57.8894
24690	67.6096
24700	58.2517
24710	67.972
24720	77.6923
24730	67.1795
24740	53.1242
24750	62.8451
24760	72.566
24770	62.9975
24780	72.7184
24790	64.896
24800	74.6182
24810	84.3405
24820	62.4265
24830	72.1488
24840	62.8168
24850	72.539
24860	63.5516
24870	73.2744
24880	59.2361
24890	68.959
24900	58.7238
24910	68.4473
24920	53.938
24930	63.6615
24940	49.5124
24950	59.2359
24960	55.2065
24970	64.9306
24980	74.6547
24990	65.7913
25000	51.5638
25010	61.2879
25020	71.012
25030	63.6527
25040	73.3781
25050	62.1418
25060	71.8672
25070	53.6549
25080	63.3803
25090	73.1057
25100	63.0701
25110	72.7955
25120	64.047
25130	73.7724
25140	55.6259
25150	65.3513
25160	57.2046
25170	66.9306
25180	76.6567
25190	67.9338
25200	77.6598
25210	59.4645
25220	69.1912
25230	60.6362
25240	70.3629
25250	80.0895
25260	69.9943
25270	55.6798
25280	65.4077
25290	75.1356
25300	62.1646
25310	51.2924
25320	61.0203
25330	70.7482
25340	52.3861
25350	62.1146
25360	58.3152
25370	68.0437
25380	60.8217
25390	70.5509
25400	56.2546
25410	65.9837
25420	56.1586
25430	65.8878
25440	56.577
25450	66.3067
25460	76.0364
25470	57.8113
25480	67.541
25490	59.7018
25500	69.4316
25510	79.1613
25520	68.7098
25530	54.5185
25540	64.2488
25550	73.9792
25560	61.0056
25570	70.736
25580	63.1106
25590	72.8409
25600	54.5712
25610	64.3016
25620	74.0319
25630	66.6629
25640	76.3939
25650	67.4298
25660	53.1298
25670	62.8607
25680	72.5917
25690	62.5506
25700	49.6533
25710	59.3849
25720	69.1164
25730	50.7136
25740	60.4452
25750	56.8344
25760	66.5666
25770	76.2987
25780	67.4073
25790	52.9423
25800	62.6745
25810	72.4066
25820	62.8309
25830	72.5642
25840	63.48
25850	73.2133
25860	54.7264
25870	64.4598
25880	74.1931
25890	64.2933
25900	74.0266
25910	65.0552
25920	74.7885
25930	56.3663
25940	66.0996
25950	55.0287
25960	64.762
25970	57.3556
25980	67.0889
25990	76.8222
26000	58.4
26010	68.1333
26020	61.4667
26030	71.2
26040	62.1553
26050	71.8892
26060	57.4952
26070	67.2291
26080	56.1723
26090	65.9062
26100	55.1167
26110	64.8507
26120	50.5043
26130	60.2394
26140	55.5614
26150	65.2965
26160	59.9886
26170	69.7249
26180	55.3578
26190	65.0941
26200	74.8304
26210	63.8093
26220	73.5456
26230	64.2454
26240	73.9828
26250	83.7202
26260	61.2745
26270	52.4372
26280	62.1746
26290	71.912
26300	62.1633
26310	71.9018
26320	57.4769
26330	67.2155
26340	76.954
26350	64.3375
26360	74.0777
26370	66.6726
26380	76.4129
26390	57.955
26400	67.6953
26410	57.5203
26420	67.2606
26430	59.144
26440	68.8842
26450	54.4687
26460	64.2089
26470	73.9492
26480	62.8738
26490	54.066
26500	63.8069
26510	73.5477
26520	55.1345
26530	47.7453
26540	57.4866
26550	67.228
26560	61.3575
26570	71.0989
26580	56.6889
26590	66.4303
26600	57.0092
26610	66.7506
26620	76.492
26630	68.5283
26640	78.2697
26650	59.7998
26660	51.0464
26670	60.7883
26680	70.5303
26690	60.4397
26700	70.1816
26710	55.678
26720	65.4205
26730	75.163
26740	62.6105
26750	72.353
26760	61.9105
26770	71.6535
26780	81.3966
26790	72.3403
26800	82.0834
26810	70.5726
26820	80.3156
26830	61.7483
26840	71.4919
26850	61.6045
26860	71.3481
26870	60.4917
26880	70.2353
26890	79.9789
26900	61.4482
26910	71.1923
26920	58.0968
26930	67.841
26940	77.5851
26950	67.5907
26960	53.0367
26970	62.7808
26980	72.525
26990	63.3227
27000	73.0669
27010	64.9576
27020	74.7023
27030	56.0761
27040	65.8208
27050	75.5655
27060	66.5009
27070	76.2456
27080	67.714
27090	53.0757
27100	62.8204
27110	72.565
27120	62.2884
27130	49.9802
27140	59.7254
27150	69.4707
27160	50.7829
27170	60.5281
27180	56.533
27190	66.2788
27200	59.0737
27210	68.8194
27220	54.1987
27230	63.9445
27240	56.4189
27250	66.1652
27260	75.9115
27270	66.9333
27280	76.6796
27290	57.9074
27300	67.6537
27310	77.4
27320	67.2245
27330	76.9708
27340	66.8697
27350	76.616
27360	57.7999
27370	67.5462
27380	55.3848
27390	65.1311
27400	57.1882
27410	66.9345
27420	76.6808
27430	57.8649
27440	67.6117
27450	61.3779
27460	71.1247
27470	62.467
27480	72.2139
27490	57.4125
27500	67.1593
27510	56.592
27520	66.3388
27530	55.2383
27540	64.9852
27550	50.1746
27560	59.923
27570	69.6714
27580	64.9918
27590	74.7402
27600	66.146
27610	51.3597
27620	61.1087
27630	70.8576
27640	60.2306
27650	69.9796
27660	61.1814
27670	70.9314
27680	52.1099
27690	61.8599
27700	71.6099
27710	63.1497
27720	72.8997
27730	64.4543
27740	74.2053
27750	55.3815
27760	65.1325
27770	54.5663
27780	64.3174
27790	74.0684
27800	66.0029
27810	75.7544
27820	57.0513
27830	66.8029
27840	61.0676
27850	70.8191
27860	63.1174
27870	72.8695
27880	58.283
27890	68.035
27900	77.7871
27910	65.5901
27920	54.0142
27930	63.7668
27940	73.5194
27950	54.8843
27960	47.7814
27970	57.534
27980	52.4081
27990	62.1607
28000	71.9133
28010	57.2947
28020	67.0473
28030	57.9932
28040	67.7467
28050	77.5003
28060	69.5347
28070	79.2883
28080	60.5946
28090	52.1481
28100	61.9027
28110	71.6573
28120	61.2115
28130	70.9661
28140	56.3125
28150	66.0676
28160	75.8227
28170	63.5085
28180	73.2635
28190	65.7838
28200	75.5389
28210	56.8535
28220	66.6091
28230	56.7461
28240	66.5017
28250	59.5556
28260	69.3112
28270	79.0668
28280	60.4393
28290	70.1949
28300	59.5459
28310	69.3015
28320	58.6616
28330	68.4172
28340	53.8551
28350	63.6112
28360	54.8363
28370	64.5923
28380	58.8688
28390	68.6249
28400	54.1037
28410	63.8598
28420	73.6159
28430	63.0102
28440	72.7663
28450	65.0247
28460	74.7818
28470	56.2422
28480	65.9993
28490	57.217
28500	66.9741
28510	57.1134
28520	66.8714
28530	76.6295
28540	58.1825
28550	67.9406
28560	57.2376
28570	66.9957
28580	76.7537
28590	69.5033
28600	79.2614
28610	60.7936
28620	51.7279
28630	61.4865
28640	71.245
28650	63.6385
28660	73.397
28670	58.9913
28680	68.7498
28690	58.0823
28700	67.8413
28710	57.0472
28720	66.8062
28730	52.3904
28740	62.1494
28750	52.8513
28760	62.6113
28770	57.8909
28780	67.6509
28790	77.4109
28800	58.9025
28810	68.6625
28820	58.0939
28830	67.8539
28840	61.2263
28850	70.9863
28860	80.7464
28870	62.2265
28880	52.762
28890	62.5225
28900	72.2829
28910	61.6297
28920	71.3901
28930	56.9533
28940	66.7142
28950	76.4752
28960	64.262
28970	74.0229
28980	67.0064
28990	76.7673
29000	58.2353
29010	67.9977
29020	57.0967
29030	66.8591
29040	59.4799
29050	69.2423
29060	54.7615
29070	64.5239
29080	74.2863
29090	63.6625
29100	53.9958
29110	63.7582
29120	73.5206
29130	55.0057
29140	46.9463
29150	56.7087
29160	66.4711
29170	61.1685
29180	70.9313
29190	56.4669
29200	66.2298
29210	57.2305
29220	66.9934
29230	76.7562
29240	69.5
29250	79.2628
29260	60.8043
29270	70.5671
29280	59.5681
29290	69.331
29300	58.2817
29310	68.045
29320	77.8083
29330	59.3279
29340	69.0912
29350	57.0087
29360	66.7734
29370	60.7401
29380	70.5048
29390	80.2695
29400	61.7468
29410	52.3143
29420	62.079
29430	55.7518
29440	65.5165
29450	75.2812
29460	60.8106
29470	70.5754
29480	59.9593
29490	69.7244
29500	58.3807
29510	68.1459
29520	53.6969
29530	63.4626
29540	54.1261
29550	63.8917
29560	58.7698
29570	68.5354
29580	54.0582
29590	63.8243
29600	73.5903
29610	63.0286
29620	72.7947
29630	65.6723
29640	75.4384
29650	56.9478
29660	66.7139
29670	57.4587
29680	67.2248
29690	56.5939
29700	66.3599
29710	76.126
29720	57.6465
29730	67.4135
29740	56.9136
29750	66.6806
29760	76.4476
29770	69.7697
29780	79.5371
29790	61.1623
29800	70.9298
29810	60.2218
29820	69.9893
29830	62.4507
29840	72.2186
29850	57.904
29860	67.6719
29870	77.4397
29880	66.9293
29890	53.4451
29900	63.2135
29910	72.9818
29920	54.6016
29930	46.7294
29940	56.4978
29950	51.9867
29960	61.7555
29970	71.5243
29980	57.212
29990	66.9808
30000	59.7679
30010	69.5371
30020	79.3064
30030	71.7012
30040	81.4704
30050	63.2142
30060	72.9834
30070	62.2836
30080	72.0533
30090	81.823
30100	66.7177
30110	52.4574
30120	62.2271
30130	71.9968
30140	59.9966
30150	69.7663
30160	62.603
30170	72.3727
30180	54.0615
30190	63.8317
30200	73.6018
30210	67.8184
30220	77.5885
30230	68.4049
30240	78.175
30250	59.9071
30260	69.6781
30270	57.9702
30280	67.7412
30290	54.2401
30300	64.0111
30310	49.7385
30320	59.51
30330	55.3639
30340	65.1353
30350	74.9067
30360	65.6212
30370	51.3841
30380	61.156
30390	70.9279
30400	63.574
30410	73.3459
30420	65.0907
30430	74.8625
30440	56.6782
30450	66.451
30460	76.2237
30470	64.6774
30480	74.4501
30490	65.0015
30500	74.7751
30510	56.5775
30520	66.3511
30530	55.7232
30540	65.4968
30550	75.2704
30560	66.2844
30570	76.0584
30580	57.8166
30590	52.8731
30600	62.6471
30610	72.4211
30620	65.1856
30630	74.9609
30640	60.6733
30650	70.4486
30660	60.1732
30670	69.9489
30680	55.9251
30690	65.7008
30700	51.4503
30710	61.226
30720	51.8207
30730	61.5964
30740	56.8557
30750	66.6326
30760	76.4096
30770	58.1929
30780	67.9698
30790	60.0976
30800	69.875
30810	63.6705
30820	73.4479
30830	83.2252
30840	65.0575
30850	74.8349
30860	63.7485
30870	73.5263
30880	83.3041
30890	67.8667
30900	53.6799
30910	63.4585
30920	73.2371
30930	60.7025
30940	70.4811
30950	63.1492
30960	72.9278
30970	54.6846
30980	64.4644
30990	74.2442
31000	67.8647
31010	77.6445
31020	68.0552
31030	53.8303
31040	63.6101
31050	73.3899
31060	62.5271
31070	50.0092
31080	59.7891
31090	69.5689
31100	51.3488
31110	61.1294
31120	56.9224
31130	66.7031
31140	58.6657
31150	68.4463
31160	54.2083
31170	63.9889
31180	56.1215
31190	65.9021
31200	75.6828
31210	67.7699
31220	77.5509
31230	59.3151
31240	69.0961
31250	78.8771
31260	68.1723
31270	77.9533
31280	66.9066
31290	76.688
31300	58.4852
31310	68.2666
31320	55.5635
31330	65.3454
31340	57.0554
31350	66.8373
31360	76.6191
31370	58.3783
31380	53.2341
31390	63.0163
31400	56.7514
31410	66.5336
31420	76.3158
31430	62.1256
31440	71.9078
31450	62.3362
31460	72.1188
31470	57.9229
31480	67.7055
31490	53.5023
31500	63.2849
31510	53.5164
31520	63.2994
31530	57.5691
31540	67.3521
31550	53.1365
31560	62.9195
31570	72.7025
31580	64.9672
31590	74.7506
31600	67.5096
31610	77.293
31620	59.1239
31630	68.9077
31640	78.6915
31650	67.9826
31660	77.7664
31670	63.5019
31680	73.2857
31690	55.1848
31700	64.9686
31710	54.1214
31720	63.9052
31730	73.689
31740	66.1495
31750	75.9333
31760	57.8432
31770	67.627
31780	60.7621
31790	70.5459
31800	63.3874
31810	73.1712
31820	59.0628
31830	68.8478
31840	78.6327
31850	66.2348
31860	54.4677
31870	64.2526
31880	74.0375
31890	55.9688
31900	47.5251
31910	57.31
31920	52.2153
31930	62.0002
31940	71.7852
31950	57.6992
31960	67.4841
31970	58.3443
31980	68.1293
31990	77.9142
32000	70.5376
32010	80.3226
32020	62.2581
32030	52.2401
32040	62.0251
32050	71.81
32060	61.1649
32070	70.9498
32080	56.8638
32090	66.6487
32100	76.4337
32110	64.1398
32120	73.9252
32130	66.4003
32140	76.1856
32150	58.1435
32160	67.9289
32170	56.3107
32180	66.0964
32190	59.5505
32200	69.3362
32210	79.1219
32220	61.0649
32230	70.8507
32240	60.1855
32250	69.9716
32260	59.3696
32270	69.1557
32280	55.0695
32290	64.8556
32300	54.6881
32310	64.4742
32320	58.6559
32330	68.442
32340	54.3777
32350	64.1642
32360	73.9507
32370	63.1349
32380	72.9214
32390	65.592
32400	75.3785
32410	57.3805
32420	67.1677
32430	57.0513
32440	66.8385
32450	57.1742
32460	66.9614
32470	76.7486
32480	58.7393
32490	68.5269
32500	57.7739
32510	67.5615
32520	77.3491
32530	69.7912
32540	79.5791
32550	61.5094
32560	51.5006
32570	61.2886
32580	71.0766
32590	63.7613
32600	73.5493
32610	59.4857
32620	69.2737
32630	58.61
32640	68.3979
32650	57.6687
32660	67.4567
32670	53.3931
32680	63.1811
32690	53.2164
32700	63.0044
32710	57.8445
32720	67.6325
32730	77.4205
32740	59.3816
32750	69.1696
32760	58.5159
32770	68.3042
32780	61.6452
32790	71.4336
32800	81.2219
32810	63.142
32820	53.1908
32830	62.9792
32840	72.7675
32850	62.0755
32860	71.8638
32870	57.7369
32880	67.5252
32890	77.3136
32900	65.1237
32910	74.9124
32920	67.2867
32930	77.0754
32940	58.9859
32950	68.7753
32960	57.3481
32970	67.1376
32980	59.6624
32990	69.4519
33000	55.3511
33010	65.141
33020	74.9308
33030	64.2607
33040	54.4411
33050	64.2309
33060	74.0208
33070	55.8745
33080	47.5771
33090	57.3673
33100	67.1575
33110	61.2356
33120	71.0258
33130	56.8937
33140	66.6842
33150	57.5829
33160	67.3735
33170	77.1641
33180	69.8078
33190	79.5984
33200	61.4239
33210	71.2145
33220	59.9771
33230	69.7677
33240	58.9398
33250	68.7307
33260	78.5217
33270	60.3172
33280	70.1081
33290	57.9202
33300	67.7111
33310	60.7524
33320	70.5433
33330	80.3342
33340	62.0764
33350	52.3819
33360	62.1728
33370	55.7335
33380	65.5248
33390	75.3161
33400	61.05
33410	70.8413
33420	60.2586
33430	70.0507
33440	59.2834
33450	69.0754
33460	54.8007
33470	64.5927
33480	54.9565
33490	64.7486
33500	58.6882
33510	68.4802
33520	54.2515
33530	64.0435
33540	73.8355
33550	63.1404
33560	72.9324
33570	65.7192
33580	75.5113
33590	57.279
33600	67.0711
33610	57.487
33620	67.2794
33630	57.3162
33640	67.1086
33650	76.901
33660	58.6968
33670	68.4892
33680	57.6912
33690	67.4843
33700	77.2774
33710	69.6181
33720	79.4112
33730	61.2164
33740	71.0095
33750	59.9978
33760	69.7909
33770	62.6436
33780	72.4367
33790	58.2296
33800	68.0234
33810	77.8173
33820	65.1903
33830	54.2812
33840	64.075
33850	73.8688
33860	55.6429
33870	47.6754
33880	57.4699
33890	52.36
33900	62.1545
33910	71.949
33920	57.7957
33930	67.5905
33940	58.2534
33950	68.0482
33960	77.8431
33970	70.5381
33980	80.3334
33990	62.1225
34000	52.5757
34010	62.3709
34020	72.1661
34030	61.4277
34040	71.2229
34050	56.9567
34060	66.7519
34070	76.5472
34080	64.1142
34090	73.9094
34100	66.1271
34110	75.9227
34120	57.6384
34130	67.434
34140	56.4516
34150	66.2472
34160	59.8371
34170	69.6333
34180	79.4296
34190	61.0771
34200	70.8734
34210	60.0845
34220	69.8818
34230	59.1496
34240	68.9469
34250	54.6118
34260	64.4091
34270	54.9417
34280	64.7394
34290	58.6227
34300	68.4203
34310	54.1194
34320	63.917
34330	73.7147
34340	63.0983
34350	72.8963
34360	65.6445
34370	75.4425
34380	57.1126
34390	66.9113
34400	57.4334
34410	67.2321
34420	57.5
34430	67.2986
34440	77.0973
34450	58.7125
34460	68.5122
34470	58.0063
34480	67.8059
34490	77.6056
34500	69.6982
34510	79.4978
34520	61.1312
34530	51.6694
34540	61.47
34550	71.2707
34560	63.7255
34570	73.5262
34580	59.2042
34590	69.0058
34600	58.5686
34610	68.3702
34620	57.7968
34630	67.5984
34640	53.2972
34650	63.0995
34660	53.5127
34670	63.315
34680	57.9006
34690	67.7029
34700	77.5052
34710	59.174
34720	68.9763
34730	58.6186
34740	68.421
34750	61.6425
34760	71.4455
34770	81.2484
34780	62.9079
34790	53.1916
34800	62.9946
34810	72.7975
34820	62.1793
34830	71.9829
34840	57.6444
34850	67.448
34860	77.2516
34870	65.4505
34880	75.2541
34890	67.4656
34900	77.2692
34910	58.8895
34920	68.6931
34930	57.2296
34940	67.0332
34950	59.4622
34960	69.2658
34970	54.9123
34980	64.7159
34990	74.5195
35000	64.3232
35010	54.8456
35020	64.6498
35030	74.454
35040	56.0651
35050	47.6246
35060	57.4288
35070	67.2331
35080	61.1974
35090	71.0016
35100	56.6297
35110	66.4339
35120	57.6513
35130	67.4555
35140	77.2598
35150	69.7553
35160	79.5595
35170	61.1582
35180	70.9628
35190	59.5297
35200	69.3343
35210	58.9153
35220	68.7198
35230	78.5244
35240	60.1621
35250	69.9667
35260	58.0946
35270	67.8992
35280	60.9164
35290	70.721
35300	80.5255
35310	62.1705
35320	52.2845
35330	62.0891
35340	55.4883
35350	65.2935
35360	75.0987
35370	60.7866
35380	70.5918
35390	60.2438
35400	70.049
35410	59.6768
35420	69.4824
35430	55.2372
35440	65.0427
35450	55.1604
35460	64.9659
35470	58.7189
35480	68.525
35490	54.3088
35500	64.1149
35510	73.9211
35520	63.5128
35530	73.319
35540	65.6468
35550	75.4532
35560	57.2196
35570	67.026
35580	57.0826
35590	66.889
35600	57.4559
35610	67.2627
35620	77.0694
35630	58.8859
35640	68.6926
35650	58.3144
35660	68.1218
35670	77.9292
35680	70.1224
35690	79.9297
35700	61.7709
35710	71.5786
35720	60.215
35730	70.0227
35740	62.1494
35750	71.9571
35760	57.8154
35770	67.6234
35780	77.4314
35790	65.1313
35800	54.7099
35810	64.5179
35820	74.3259
35830	56.1455
35840	47.8929
35850	57.7009
35860	52.5165
35870	62.3245
35880	72.1325
35890	57.9406
35900	67.7493
35910	58.5559
35920	68.3645
35930	78.1731
35940	70.389
35950	80.1977
35960	61.9865
35970	52.2782
35980	62.0871
35990	71.896
36000	61.5827
36010	71.3916
