10	11
20	10
30	5
40	5
50	5
60	5
70	10
80	20
90	20
100	30
110	20
120	30
130	20
140	30
150	40
160	25
170	35
180	29
190	39
200	28
210	38
220	48
230	38.5
240	48.5
250	28.5
260	38.5
270	30
280	40
290	50
300	30
310	40
320	32
330	42
340	28
350	38
360	30
370	40
380	50
390	30
400	40
410	32
420	42
430	28
440	38
450	48
460	38
470	48
480	28
490	38
500	30
510	40
520	50
530	30
540	40
550	32
560	42
570	29.2
580	39.2
590	32.2667
600	42.2667
610	52.2667
620	37.2667
630	47.2667
640	42
650	52
660	45
670	55
680	35
690	45
700	36.6667
710	46.6667
720	36.6667
730	46.6667
740	56.6667
750	48.7143
760	58.7143
770	41.1429
780	51.1429
790	40.8095
800	50.8095
810	43.0952
820	53.0952
830	33.254
840	43.254
850	40.7143
860	50.7143
870	60.7143
880	49.2032
890	59.2032
900	50.0032
910	60.0032
920	55.3556
930	65.3556
940	53.3556
950	63.3556
960	56.9222
970	66.9222
980	76.9222
990	67.7709
1000	77.771
1010	65.4376
1020	75.4376
1030	64.194
1040	74.194
1050	84.194
1060	72.0017
1070	82.0017
1080	72.3782
1090	82.3782
1100	64.6859
1110	74.6859
1120	54.8343
1130	64.8343
1140	58.2299
1150	68.2299
1160	59.544
1170	69.544
1180	79.544
1190	63.8927
1200	51.8465
1210	61.8465
1220	71.8465
1230	59.3001
1240	55.8763
1250	65.8763
1260	58.0096
1270	68.0096
1280	78.0096
1290	68.9667
1300	78.9667
1310	68.5998
1320	78.5998
1330	67.2022
1340	77.2022
1350	87.2022
1360	69.1149
1370	79.1149
1380	61.6296
1390	71.6296
1400	63.3344
1410	73.3344
1420	83.3344
1430	67.582
1440	77.582
1450	64.8855
1460	74.8854
1470	62.8566
1480	72.8566
1490	82.8566
1500	68.0383
1510	59.7014
1520	69.7014
1530	79.7013
1540	69.4187
1550	79.4187
1560	69.2213
1570	79.2213
1580	89.2213
1590	76.1579
1600	86.1579
1610	71.2599
1620	81.2599
1630	65.3057
1640	75.3057
1650	55.2692
1660	65.2692
1670	75.2692
1680	66.9684
1690	76.9684
1700	63.3259
1710	73.3259
1720	63.7761
1730	73.7761
1740	83.7761
1750	71.5538
1760	81.5538
1770	70.4107
1780	80.4107
1790	67.6853
1800	77.6853
1810	87.6853
1820	74.6845
1830	84.6845
1840	71.8391
1850	81.8391
1860	68.9885
1870	78.9885
1880	88.9885
1890	75.1724
1900	85.1724
1910	66.2069
1920	76.2069
1930	58.6207
1940	68.6207
1950	78.6207
1960	67.931
1970	77.931
1980	68.6207
1990	78.6207
2000	66.8966
2010	76.8966
2020	66.2379
2030	76.2379
2040	65.6816
2050	75.6816
2060	63.5494
2070	73.5494
2080	83.5494
2090	64.2977
2100	51.255
2110	61.255
2120	71.255
2130	61.6473
2140	71.6473
2150	65.4189
2160	75.4189
2170	65.8583
2180	75.8583
2190	85.8583
2200	71.5875
2210	81.5875
2220	66.0534
2230	76.0534
2240	65.4545
2250	75.4545
2260	85.4545
2270	71.4615
2280	81.4615
2290	69.4926
2300	79.4926
2310	68.0762
2320	78.0762
2330	88.0762
2340	71.174
2350	81.174
2360	63.2052
2370	73.2052
2380	58.1322
2390	68.1322
2400	78.1322
2410	67.756
2420	77.756
2430	67.6619
2440	77.662
2450	69.8713
2460	79.8713
2470	89.8713
2480	77.9558
2490	87.9558
2500	71.8793
2510	81.8793
2520	65.7878
2530	75.7878
2540	85.7878
2550	69.4484
2560	79.4484
2570	60.056
2580	70.056
2590	61.8321
2600	71.8321
2610	81.8321
2620	67.4952
2630	77.4952
2640	69.4005
2650	79.4005
2660	67.4005
2670	77.4005
2680	87.4005
2690	73.6238
2700	83.6237
2710	72.2261
2720	82.2261
2730	69.7527
2740	79.7527
2750	89.7527
2760	76.6157
2770	63.9605
2780	73.9605
2790	83.9605
2800	69.7818
2810	79.7818
2820	66.1761
2830	76.1761
2840	62.7359
2850	72.7359
2860	82.7359
2870	64.504
2880	74.504
2890	60.454
2900	70.454
2910	63.3429
2920	73.3429
2930	83.3429
2940	72.0096
2950	82.0096
2960	70.6763
2970	80.6763
2980	68.6763
2990	78.6763
3000	88.6763
3010	74.6763
3020	62.0097
3030	72.0097
3040	82.0097
3050	70.3502
3060	80.3502
3070	67.4517
3080	77.4517
3090	64.6748
3100	74.6748
3110	56.4898
3120	66.4898
3130	76.4898
3140	61.2914
3150	71.2914
3160	64.6315
3170	74.6315
3180	84.6315
3190	74.4751
3200	62.7859
3210	72.7859
3220	60.8353
3230	70.8353
3240	80.8353
3250	71.6874
3260	60.0796
3270	70.0796
3280	80.0796
3290	66.999
3300	76.999
3310	62.7357
3320	72.7357
3330	61.3704
3340	71.3704
3350	81.3704
3360	67.6645
3370	77.6645
3380	64.3312
3390	74.3312
3400	60.9978
3410	70.9978
3420	80.9978
3430	70.9978
3440	80.9978
3450	72.6162
3460	82.6162
3470	69.4431
3480	79.4431
3490	65.8848
3500	75.8848
3510	59.6029
3520	69.6029
3530	79.6029
3540	66.7045
3550	76.7045
3560	64.0727
3570	74.0727
3580	59.5985
3590	69.5985
3600	62.0234
3610	72.0234
3620	63.5539
3630	73.5539
3640	63.8609
3650	73.8609
3660	65.1723
3670	54.5614
3680	64.5614
3690	74.5614
3700	63.5088
3710	52.2807
3720	62.2807
3730	72.2807
3740	57.7193
3750	49.4737
3760	59.4737
3770	69.4737
3780	62.1053
3790	72.1053
3800	64.5614
3810	74.5614
3820	63.4298
3830	73.4298
3840	59.2368
3850	69.2368
3860	61.0789
3870	71.0789
3880	63.2181
3890	73.2181
3900	83.2181
3910	71.3952
3920	81.3952
3930	68.0264
3940	78.0264
3950	88.0264
3960	70.8504
3970	80.8504
3980	61.3391
3990	71.3391
4000	64.111
4010	74.111
4020	64.8849
4030	74.8849
4040	84.8849
4050	73.9762
4060	83.9762
4070	69.6568
4080	79.6568
4090	89.6568
4100	76.7748
4110	86.7748
4120	70.1766
4130	80.1766
4140	90.1766
4150	76.112
4160	86.1119
4170	72.0746
4180	58.3461
4190	68.3461
4200	78.3461
4210	61.2648
4220	51.4849
4230	61.4849
4240	71.4849
4250	63.4709
4260	73.4709
4270	63.9228
4280	73.9228
4290	65.6756
4300	75.6756
4310	85.6756
4320	73.4118
4330	83.4118
4340	70.4706
4350	57.7941
4360	67.7941
4370	77.7941
4380	63.5294
4390	73.5294
4400	57.0588
4410	67.0588
4420	61.7647
4430	71.7647
4440	81.7647
4450	72.6471
4460	82.6471
4470	73.3242
4480	83.3242
4490	69.367
4500	79.367
4510	89.367
4520	75.0773
4530	62.6898
4540	72.6898
4550	82.6898
4560	65.3995
4570	75.3995
4580	64.68
4590	53.7302
4600	63.7302
4610	73.7301
4620	60.7579
4630	70.7579
4640	62.541
4650	72.541
4660	82.541
4670	71.3678
4680	81.3678
4690	69.45
4700	79.45
4710	68.5285
4720	78.5285
4730	88.5285
4740	72.2954
4750	82.2954
4760	71.3217
4770	81.3217
4780	68.5327
4790	78.5327
4800	88.5327
4810	70.7007
4820	80.7007
4830	59.9772
4840	69.9772
4850	62.5486
4860	72.5486
4870	64.2881
4880	74.2881
4890	84.2881
4900	74.142
4910	84.142
4920	70.9322
4930	80.9322
4940	90.9322
4950	73.735
4960	83.735
4970	63.0495
4980	52.987
4990	62.987
5000	72.987
5010	66.6981
5020	76.698
5030	67.3612
5040	77.3612
5050	87.3612
5060	72.9281
5070	82.9281
5080	68.7149
5090	78.7149
5100	60.1698
5110	70.1698
5120	59.6034
5130	69.6034
5140	62.7004
5150	72.7004
5160	82.7004
5170	71.9622
5180	81.9622
5190	69.0207
5200	79.0207
5210	89.0207
5220	73.2472
5230	83.2472
5240	63.9905
5250	73.9905
5260	64.6044
5270	74.6044
5280	64.1018
5290	74.1018
5300	64.181
5310	74.181
5320	84.181
5330	70.1998
5340	80.1998
5350	66.5008
5360	76.5008
5370	86.5008
5380	67.88
5390	60.1941
5400	70.1941
5410	61.0675
5420	71.0676
5430	81.0676
5440	68.0673
5450	78.0673
5460	66.094
5470	76.094
5480	86.094
5490	70.7531
5500	80.7531
5510	64.5418
5520	74.5418
5530	65.7493
5540	75.7493
5550	65.3227
5560	75.3227
5570	85.3227
5580	72.0815
5590	82.0815
5600	68.9502
5610	78.9502
5620	88.9502
5630	71.9601
5640	81.9601
5650	64.6179
5660	57.7798
5670	67.7798
5680	77.7798
5690	66.7345
5700	76.7345
5710	64.8219
5720	74.8219
5730	84.8219
5740	71.0979
5750	81.0979
5760	66.2829
5770	76.2829
5780	61.4506
5790	71.4506
5800	63.7599
5810	73.7599
5820	63.6708
5830	73.6708
5840	83.6708
5850	70.3465
5860	80.3465
5870	67.7749
5880	77.7749
5890	87.7749
5900	71.7526
5910	81.7526
5920	64.25
5930	74.25
5940	65.7964
5950	75.7964
5960	85.7964
5970	74.3089
5980	84.3089
5990	71.5525
6000	81.5525
6010	66.909
6020	76.909
6030	86.909
6040	71.5149
6050	81.5149
6060	63.6579
6070	73.658
6080	83.658
6090	71.4765
6100	81.4765
6110	71.9618
6120	81.9618
6130	70.1318
6140	80.1318
6150	90.1318
6160	73.3287
6170	83.3287
6180	67.9461
6190	77.9461
6200	60.8327
6210	70.8327
6220	80.8327
6230	71.0522
6240	81.0522
6250	68.7242
6260	78.7242
6270	88.7242
6280	76.9379
6290	86.9379
6300	71.9815
6310	81.9815
6320	66.3162
6330	76.3162
6340	86.3162
6350	67.4898
6360	77.4898
6370	67.3848
6380	77.3848
6390	65.7934
6400	75.7934
6410	85.7934
6420	74.1178
6430	84.1178
6440	70.0213
6450	80.0213
6460	90.0213
6470	72.973
6480	82.973
6490	66.4865
6500	76.4865
6510	66.3063
6520	76.3063
6530	86.3063
6540	73.3333
6550	83.3333
6560	68.1081
6570	78.1081
6580	66.679
6590	76.679
6600	86.679
6610	71.1683
6620	81.1683
6630	64.7814
6640	74.7815
6650	64.7029
6660	74.7029
6670	84.7029
6680	73.4106
6690	83.4106
6700	68.4118
6710	78.4118
6720	88.4118
6730	75.7004
6740	85.7004
6750	69.5761
6760	79.5761
6770	62.7945
6780	72.7945
6790	82.7945
6800	71.5871
6810	81.5871
6820	69.909
6830	79.909
6840	89.909
6850	73.6059
6860	83.6059
6870	71.5473
6880	81.5473
6890	67.1901
6900	77.1901
6910	60.1502
6920	70.1502
6930	62.3361
6940	72.3361
6950	82.3361
6960	70.8947
6970	80.8947
6980	67.8721
6990	77.8721
7000	87.8721
7010	71.9146
7020	81.9145
7030	68.7082
7040	54.958
7050	64.958
7060	74.958
7070	66.1345
7080	76.1345
7090	66.4706
7100	76.4706
7110	86.4706
7120	71.7647
7130	81.7647
7140	67.7311
7150	77.7311
7160	87.7311
7170	70.7298
7180	58.4507
7190	68.4507
7200	61.0784
7210	71.0784
7220	81.0784
7230	69.4742
7240	79.4742
7250	66.8715
7260	76.8715
7270	86.8715
7280	70.4268
7290	80.4268
7300	65.8516
7310	75.8516
7320	63.1288
7330	73.1288
7340	64.7541
7350	74.7541
7360	64.5221
7370	74.5221
7380	84.5221
7390	70.4811
7400	80.4811
7410	65.5705
7420	75.5705
7430	85.5705
7440	69.3165
7450	58.1397
7460	68.1397
7470	78.1397
7480	69.9562
7490	79.9562
7500	68.1201
7510	78.1201
7520	88.1201
7530	74.43
7540	84.4301
7550	67.4487
7560	77.4487
7570	62.2141
7580	72.2141
7590	59.8844
7600	69.8844
7610	62.4114
7620	72.4114
7630	82.4114
7640	72.0635
7650	62.0739
7660	72.0739
7670	82.0739
7680	67.4132
7690	77.4132
7700	61.787
7710	52.8981
7720	62.8981
7730	72.8981
7740	61.7619
7750	71.7619
7760	63.715
7770	73.715
7780	65.1645
7790	75.1645
7800	62.7052
7810	72.7052
7820	82.7052
7830	66.8708
7840	56.7069
7850	66.7069
7860	57.2506
7870	67.2506
7880	77.2506
7890	66.2664
7900	76.2664
7910	66.0797
7920	76.0797
7930	86.0797
7940	74.2748
7950	84.2748
7960	67.4653
7970	77.4653
7980	65.999
7990	75.999
8000	63.418
8010	73.418
8020	62.387
8030	72.387
8040	82.387
8050	67.2918
8060	77.2918
8070	64.4938
8080	74.4938
8090	84.4938
8100	73.1681
8110	83.1681
8120	71.4601
8130	81.4601
8140	68.1615
8150	78.1616
8160	88.1615
8170	73.8997
8180	83.8997
8190	69.2619
8200	79.2619
8210	60.5616
8220	70.5616
8230	62.9468
8240	72.9468
8250	63.2117
8260	73.2117
8270	83.2117
8280	69.708
8290	79.708
8300	68.8321
8310	78.8321
8320	88.8321
8330	74.3066
8340	84.3066
8350	65.6934
8360	75.6934
8370	63.2117
8380	73.2117
8390	64.8175
8400	74.8175
8410	62.9927
8420	72.9927
8430	82.9927
8440	70.4075
8450	80.4075
8460	67.6808
8470	77.6808
8480	87.6808
8490	69.1917
8500	58.4363
8510	68.4364
8520	60.1436
8530	70.1436
8540	80.1436
8550	69.3148
8560	58.7932
8570	68.7932
8580	78.7932
8590	66.3309
8600	76.3309
8610	62.1583
8620	72.1583
8630	61.5827
8640	71.5827
8650	60.0719
8660	70.0719
8670	80.0719
8680	69.3525
8690	61.223
8700	71.223
8710	81.223
8720	68.777
8730	78.777
8740	62.5899
8750	53.5971
8760	63.5971
8770	73.5971
8780	62.0863
8790	72.0863
8800	61.3842
8810	71.3842
8820	81.3842
8830	72.4456
8840	82.4456
8850	70.3794
8860	80.3794
8870	67.1478
8880	77.1478
8890	87.1478
8900	73.5357
8910	83.5357
8920	69.5897
8930	79.5897
8940	65.6322
8950	75.6322
8960	85.6322
8970	71.7316
8980	81.7316
8990	63.9039
9000	73.9039
9010	64.9077
9020	74.9077
9030	84.9077
9040	73.1537
9050	83.1537
9060	69.4522
9070	79.4522
9080	89.4522
9090	74.1315
9100	84.1315
9110	70.5634
9120	80.5634
9130	63.1221
9140	73.1221
9150	83.1221
9160	71.5635
9170	81.5635
9180	69.3869
9190	79.3869
9200	66.0956
9210	76.0956
9220	86.0956
9230	72.7594
9240	82.7594
9250	68.856
9260	78.856
9270	88.856
9280	70.0096
9290	80.0096
9300	69.6382
9310	79.6381
9320	67.2802
9330	77.2802
9340	64.4551
9350	74.4551
9360	84.4551
9370	70.8633
9380	80.8633
9390	67.0066
9400	77.0066
9410	87.0066
9420	70.3171
9430	80.3171
9440	69.1674
9450	79.1674
9460	66.9754
9470	76.9754
9480	86.9754
9490	72.5631
9500	82.5631
9510	69.6064
9520	79.6064
9530	89.6064
9540	74.0976
9550	84.0976
9560	67.6031
9570	77.6031
9580	65.7348
9590	75.7348
9600	85.7348
9610	71.6665
9620	81.6665
9630	68.7005
9640	78.7005
9650	66.2128
9660	76.2128
9670	86.2128
9680	72.5424
9690	82.5424
9700	66.6334
9710	76.6334
9720	64.4424
9730	74.4424
9740	84.4424
9750	71.5226
9760	81.5226
9770	68.6426
9780	78.6426
9790	88.6426
9800	75.1488
9810	85.1488
9820	71.03
9830	81.03
9840	64.6875
9850	74.6875
9860	84.6875
9870	70.6051
9880	80.6051
9890	67.8905
9900	77.8906
9910	65.4426
9920	75.4426
9930	85.4426
9940	73.8567
9950	83.8567
9960	69.8906
9970	79.8906
9980	89.8906
9990	71.6016
10000	81.6016
10010	69.0309
10020	79.0309
10030	65.572
10040	75.572
10050	63.6912
10060	73.6912
10070	83.6912
10080	71.9009
10090	81.9009
10100	67.3591
10110	77.3591
10120	87.3591
10130	71.5212
10140	81.5212
10150	68.8823
10160	78.8823
10170	65.3743
10180	75.3743
10190	85.3743
10200	72.3935
10210	82.3935
10220	71.0146
10230	81.0146
10240	91.0146
10250	73.8596
10260	83.8596
10270	68.4795
10280	78.4795
10290	65.566
10300	75.566
10310	85.566
10320	70.1679
10330	80.1679
10340	68.9352
10350	78.9352
10360	67.7308
10370	77.7308
10380	87.7308
10390	71.8675
10400	81.8675
10410	66.7024
10420	76.7024
10430	64.0186
10440	74.0186
10450	84.0186
10460	69.9375
10470	79.9375
10480	68.5011
10490	78.5011
10500	88.5011
10510	75.8455
10520	85.8455
10530	70.1561
10540	80.1561
10550	65.2981
10560	75.2981
10570	85.2981
10580	71.264
10590	81.264
10600	67.2708
10610	77.2708
10620	65.7006
10630	75.7006
10640	85.7006
10650	74.1567
10660	84.1567
10670	68.644
10680	78.644
10690	88.644
10700	72.1873
10710	82.1873
10720	69.1617
10730	79.1617
10740	65.3318
10750	75.3318
10760	63.9099
10770	73.9099
10780	63.5936
10790	73.5936
10800	60.7065
10810	70.7065
10820	80.7065
10830	67.953
10840	77.953
10850	66.0559
10860	76.0559
10870	64.2402
10880	74.2402
10890	84.2402
10900	72.2044
10910	59.6579
10920	69.6579
10930	79.6579
10940	68.7283
10950	78.7283
10960	65.781
10970	75.781
10980	63.0754
10990	73.0754
11000	83.0754
11010	69.0038
11020	79.0038
11030	65.5529
11040	56.3819
11050	66.3819
11060	76.3819
11070	66.8493
11080	76.8493
11090	64.2449
11100	74.245
11110	61.6784
11120	71.6784
11130	81.6784
11140	68.6813
11150	78.6813
11160	65.4698
11170	75.4698
11180	65.0349
11190	75.0349
11200	65.3836
11210	75.3836
11220	62.9436
11230	72.9436
11240	82.9436
11250	68.8174
11260	78.8174
11270	65.0248
11280	75.0248
11290	62.0048
11300	72.0048
11310	63.1936
11320	73.1936
11330	63.7018
11340	73.7018
11350	83.7018
11360	69.7326
11370	79.7326
11380	67.4866
11390	77.4866
11400	63.1551
11410	73.1551
11420	60.2223
11430	70.2223
11440	61.3203
11450	71.3203
11460	61.8941
11470	71.8941
11480	81.8941
11490	69.7344
11500	79.7344
11510	67.4205
11520	77.4205
11530	63.2626
11540	73.2626
11550	83.2626
11560	68.7836
11570	59.5186
11580	69.5186
11590	79.5186
11600	68.8113
11610	78.8113
11620	66.8693
11630	76.8693
11640	63.7495
11650	73.7495
11660	83.7495
11670	67.9474
11680	77.9474
11690	65.3684
11700	56.2105
11710	66.2105
11720	76.2105
11730	67.0658
11740	77.0657
11750	65.2036
11760	75.2036
11770	61.6954
11780	71.6954
11790	81.6954
11800	67.832
11810	77.832
11820	65.3503
11830	75.3503
11840	64.8244
11850	74.8244
11860	65.7897
11870	75.7897
11880	64.0532
11890	74.0532
11900	84.0532
11910	68.4751
11920	78.4751
11930	64.7486
11940	74.7486
11950	61.7708
11960	71.7708
11970	62.8125
11980	72.8125
11990	63.8542
12000	73.8542
12010	83.8542
12020	70.5208
12030	80.5208
12040	66.8229
12050	76.8229
12060	63.125
12070	73.125
12080	60.1042
12090	70.1042
12100	61.1458
12110	71.1458
12120	62.1875
12130	72.1875
12140	82.1875
12150	70.5347
12160	80.5346
12170	66.8707
12180	76.8707
12190	63.2257
12200	73.2257
12210	83.2257
12220	68.0832
12230	59.2176
12240	69.2176
12250	79.2176
12260	68.645
12270	78.645
12280	67.1683
12290	77.1682
12300	63.7152
12310	73.7153
12320	83.7153
12330	68.5046
12340	78.5046
12350	64.6979
12360	56.0046
12370	66.0046
12380	76.0046
12390	66.6796
12400	76.6796
12410	65.3772
12420	75.3772
12430	62.0961
12440	72.0961
12450	82.0961
12460	68.4135
12470	78.4135
12480	64.5478
12490	74.5478
12500	64.5932
12510	74.5932
12520	65.4599
12530	75.4599
12540	63.6606
12550	73.6606
12560	83.6606
12570	68.9326
12580	78.9326
12590	65.3934
12600	75.3934
12610	61.3074
12620	71.3074
12630	63.0812
12640	73.0812
12650	63.7638
12660	73.7638
12670	83.7638
12680	70.0503
12690	80.0503
12700	67.4354
12710	77.4354
12720	63.7249
12730	73.725
12740	59.3069
12750	69.3069
12760	61.2871
12770	71.2871
12780	61.9802
12790	71.9802
12800	81.9802
12810	70.1254
12820	80.1254
12830	67.6618
12840	77.6618
12850	63.676
12860	73.676
12870	83.676
12880	67.0254
12890	59.1721
12900	69.1721
12910	79.1721
12920	68.3681
12930	78.3681
12940	66.826
12950	76.8261
12960	64.6837
12970	74.6837
12980	84.6837
12990	68.8349
13000	78.8349
13010	63.5922
13020	55.9223
13030	65.9223
13040	75.9223
13050	66.3592
13060	76.3592
13070	64.9029
13080	74.9029
13090	62.8155
13100	72.8155
13110	82.8155
13120	68.7719
13130	78.7719
13140	63.563
13150	73.563
13160	64.5706
13170	74.5706
13180	65.0628
13190	75.0628
13200	63.683
13210	73.683
13220	83.683
13230	70.0138
13240	80.0138
13250	65.5546
13260	75.5546
13270	60.4868
13280	70.4868
13290	62.9626
13300	72.9626
13310	63.1385
13320	73.1385
13330	83.1385
13340	70.0577
13350	80.0577
13360	68.3195
13370	78.3195
13380	64.1503
13390	74.1503
13400	58.8296
13410	68.8296
13420	61.5798
13430	71.5798
13440	61.4606
13450	71.4606
13460	81.4606
13470	70.028
13480	80.028
13490	68.6459
13500	78.6459
13510	64.3144
13520	74.3144
13530	84.3144
13540	66.3862
13550	59.3559
13560	69.3559
13570	79.3559
13580	67.757
13590	77.757
13600	66.4517
13610	76.4517
13620	65.0841
13630	75.0841
13640	85.0841
13650	69.0267
13660	79.0267
13670	63.0614
13680	56.166
13690	66.166
13700	76.166
13710	66.3201
13720	76.3201
13730	64.71
13740	74.71
13750	63.1305
13760	73.1305
13770	83.1305
13780	69.2177
13790	79.2177
13800	63.0758
13810	73.0758
13820	64.5362
13830	74.5362
13840	64.794
13850	74.794
13860	62.9985
13870	72.9985
13880	82.9985
13890	69.9952
13900	79.9952
13910	66.4245
13920	76.4245
13930	60.5687
13940	70.5687
13950	63.1927
13960	73.1927
13970	63.3225
13980	73.3225
13990	83.3225
14000	69.539
14010	79.539
14020	68.0273
14030	78.0273
14040	64.7874
14050	74.7874
14060	59.2644
14070	69.2644
14080	61.1987
14090	71.1987
14100	61.3489
14110	71.3489
14120	81.3489
14130	69.4725
14140	79.4725
14150	67.7793
14160	77.7793
14170	64.8458
14180	74.8458
14190	84.8458
14200	67.7092
14210	59.3833
14220	69.3833
14230	79.3833
14240	67.7974
14250	77.7974
14260	66.0352
14270	76.0352
14280	64.2731
14290	74.2731
14300	84.2731
14310	69.6174
14320	79.6174
14330	64.4515
14340	56.1552
14350	66.1552
14360	76.1552
14370	65.8335
14380	75.8335
14390	64.1703
14400	74.1703
14410	62.5363
14420	72.5363
14430	82.5363
14440	69.8081
14450	79.8081
14460	64.2175
14470	74.2175
14480	64.6802
14490	74.6802
14500	64.2955
14510	74.2955
14520	62.7927
14530	72.7927
14540	82.7927
14550	69.6522
14560	79.6522
14570	67.0435
14580	77.0435
14590	61.0435
14600	71.0435
14610	62.9613
14620	72.9613
14630	62.6325
14640	72.6325
14650	82.6325
14660	69.5435
14670	79.5435
14680	68.1317
14690	78.1317
14700	65.1993
14710	75.1993
14720	59.3487
14730	69.3487
14740	61.0615
14750	71.0615
14760	60.8656
14770	70.8656
14780	80.8656
14790	69.5914
14800	79.5914
14810	68.3487
14820	78.3487
14830	65.2198
14840	75.2198
14850	85.2198
14860	67.2539
14870	58.8955
14880	68.8955
14890	78.8955
14900	67.3757
14910	77.3757
14920	66
14930	76
14940	64.9792
14950	74.9792
14960	84.9792
14970	70.01
14980	80.01
14990	64.1131
15000	55.9421
15010	65.9421
15020	75.9421
15030	65.645
15040	75.645
15050	63.843
15060	73.843
15070	63.0294
15080	73.0294
15090	83.0294
15100	70.0797
15110	80.0797
15120	64.4475
15130	74.4475
15140	64.3339
15150	74.3339
15160	64.2415
15170	74.2415
15180	62.5618
15190	72.5618
15200	82.5618
15210	69.9054
15220	79.9054
15230	66.8131
15240	76.8131
15250	61.4523
15260	71.4523
15270	62.5822
15280	72.5822
15290	62.5438
15300	72.5438
15310	82.5438
15320	69.1479
15330	79.1479
15340	68.2243
15350	78.2243
15360	65.0551
15370	75.0551
15380	59.9129
15390	69.9129
15400	61.2667
15410	71.2667
15420	60.8612
15430	70.8613
15440	80.8612
15450	69.1322
15460	79.1322
15470	68.5053
15480	78.5053
15490	65.2777
15500	75.2777
15510	85.2777
15520	68.0419
15530	59.2285
15540	69.2285
15550	79.2285
15560	67.1505
15570	77.1505
15580	65.6231
15590	75.6231
15600	64.7674
15610	74.7674
15620	84.7674
15630	69.9322
15640	79.9322
15650	64.8004
15660	55.9574
15670	65.9574
15680	75.9574
15690	65.5058
15700	75.5058
15710	63.7103
15720	73.7103
15730	62.8556
15740	72.8557
15750	82.8557
15760	69.9565
15770	79.9565
15780	64.8629
15790	74.8628
15800	64.6993
15810	74.6993
15820	63.9855
15830	73.9855
15840	62.2759
15850	72.2759
15860	82.2759
15870	70.0007
15880	80.0007
15890	67.3757
15900	77.3757
15910	61.7525
15920	71.7525
15930	62.794
15940	72.794
15950	62.2261
15960	72.2261
15970	82.2261
15980	69.143
15990	79.143
16000	67.962
16010	77.962
16020	65.5983
16030	75.5983
16040	60.231
16050	70.231
16060	61.4841
16070	71.4841
16080	60.3534
16090	70.3534
16100	80.3534
16110	69.105
16120	79.1051
16130	67.8599
16140	77.8599
16150	65.6031
16160	75.6031
16170	85.6031
16180	68.3658
16190	59.6498
16200	69.6498
16210	79.6498
16220	66.7704
16230	76.7704
16240	65.543
16250	75.543
16260	64.2095
16270	74.2095
16280	84.2095
16290	70.337
16300	80.337
16310	65.1995
16320	56.6145
16330	66.6145
16340	76.6145
16350	65.0969
16360	75.0968
16370	64.0769
16380	74.0769
16390	62.1154
16400	72.1154
16410	82.1154
16420	70.0645
16430	80.0645
16440	65.091
16450	75.091
16460	65.1984
16470	75.1984
16480	63.7466
16490	73.7466
16500	62.806
16510	72.806
16520	82.806
16530	69.228
16540	79.228
16550	66.7465
16560	76.7465
16570	61.7505
16580	71.7505
16590	63.4454
16600	73.4454
16610	61.8419
16620	71.8419
16630	81.842
16640	69.5455
16650	79.5455
16660	67.8788
16670	77.8788
16680	65.2273
16690	75.2273
16700	60.1136
16710	70.1136
16720	61.8939
16730	71.8939
16740	60.2273
16750	70.2273
16760	80.2273
16770	69.5455
16780	79.5455
16790	67.8788
16800	77.8788
16810	65.2273
16820	75.2273
16830	85.2273
16840	68.1818
16850	78.1818
16860	68.1818
16870	78.1818
16880	88.1818
16890	74.3661
16900	84.3661
16910	71.9696
16920	81.9696
16930	68.6734
16940	78.6734
16950	88.6734
16960	72.5396
16970	82.5396
16980	65.6011
16990	75.6011
17000	62.3851
17010	72.3851
17020	82.3851
17030	72.8841
17040	82.8841
17050	70.233
17060	80.2331
17070	67.0732
17080	77.0732
17090	87.0732
17100	72.3622
17110	82.3622
17120	65.3415
17130	75.3415
17140	85.3415
17150	70.5969
17160	80.5969
17170	71.2007
17180	81.2007
17190	68.6892
17200	78.6892
17210	88.6892
17220	74.0499
17230	84.0499
17240	69.294
17250	79.294
17260	61.7043
17270	71.7043
17280	81.7043
17290	68.8112
17300	78.8112
17310	69.3547
17320	79.3547
17330	89.3547
17340	75.4309
17350	85.4309
17360	72.5985
17370	82.5985
17380	67.7116
17390	77.7116
17400	60.2533
17410	70.2533
17420	80.2533
17430	67.4265
17440	77.4265
17450	67.4818
17460	77.4818
17470	87.4818
17480	75.2898
17490	85.2898
17500	72.6057
17510	82.6057
17520	67.8777
17530	77.8777
17540	87.8777
17550	68.6518
17560	78.6518
17570	65.377
17580	75.377
17590	85.377
17600	73.9048
17610	83.9048
17620	71.8228
17630	81.8228
17640	69.2392
17650	79.2392
17660	89.2392
17670	72.8571
17680	82.8571
17690	65.6777
17700	75.6777
17710	62.0879
17720	72.0879
17730	82.0879
17740	72.0968
17750	82.0968
17760	70.0668
17770	80.0668
17780	67.5362
17790	77.5362
17800	87.5362
17810	72.9766
17820	82.9766
17830	65.4825
17840	75.4825
17850	85.4825
17860	70.3042
17870	80.3042
17880	70.3979
17890	80.3979
17900	68.467
17910	78.467
17920	88.467
17930	74.1284
17940	84.1284
17950	69.7109
17960	79.7109
17970	62.2697
17980	72.2697
17990	82.2697
18000	68.9182
18010	78.9182
18020	68.6594
18030	78.6594
18040	88.6594
18050	75.2899
18060	85.2899
18070	72.4638
18080	82.4638
18090	68.0802
18100	78.0802
18110	60.7115
18120	70.7115
18130	80.7115
18140	67.4154
18150	77.4154
18160	67.1799
18170	77.1799
18180	87.1799
18190	75.4769
18200	85.4769
18210	72.807
18220	82.807
18230	68.1651
18240	78.1651
18250	88.1651
18260	68.7248
18270	78.7248
18280	65.2121
18290	75.2121
18300	85.2121
18310	73.361
18320	83.361
18330	71.8571
18340	81.8571
18350	69.3571
18360	79.3571
18370	89.3571
18380	73.1071
18390	83.1071
18400	65.6384
18410	75.6384
18420	62.077
18430	72.077
18440	82.077
18450	71.6779
18460	81.6779
18470	70.3163
18480	80.3163
18490	67.6241
18500	77.6241
18510	87.6241
18520	72.9174
18530	82.9174
18540	65.758
18550	75.758
18560	85.758
18570	70.1633
18580	80.1633
18590	69.968
18600	79.968
18610	68.809
18620	78.809
18630	88.809
18640	74.1151
18650	84.1151
18660	69.5764
18670	79.5764
18680	62.5973
18690	72.5973
18700	82.5973
18710	68.5274
18720	78.5274
18730	68.4599
18740	78.4599
18750	88.4599
18760	75.458
18770	85.458
18780	72.5014
18790	82.5014
18800	68.0917
18810	78.0917
18820	61.2352
18830	71.2352
18840	81.2352
18850	66.8919
18860	76.8919
18870	66.9503
18880	76.9503
18890	86.9502
18900	75.2733
18910	85.2733
18920	72.47
18930	82.47
18940	68.2472
18950	78.2472
18960	88.2472
18970	69.2347
18980	79.2347
18990	65.0846
19000	75.0846
19010	85.0846
19020	73.8921
19030	83.8921
19040	71.8325
19050	81.8325
19060	68.7629
19070	78.7629
19080	88.7629
19090	72.9897
19100	82.9897
19110	66.0481
19120	76.0481
19130	61.9931
19140	71.9931
19150	81.9931
19160	72.268
19170	82.268
19180	70.1095
19190	80.1095
19200	67.0527
19210	77.0527
19220	87.0527
19230	72.8588
19240	82.8588
19250	66.025
19260	76.025
19270	86.025
19280	70.3831
19290	80.3831
19300	70.7556
19310	80.7556
19320	68.2369
19330	78.2369
19340	88.2369
19350	73.7807
19360	83.7807
19370	69.5835
19380	79.5835
19390	62.5196
19400	72.5196
19410	82.5196
19420	68.9118
19430	78.9118
19440	69.098
19450	79.098
19460	89.098
19470	74.8679
19480	84.8679
19490	72.2828
19500	82.2828
19510	68.115
19520	78.115
19530	60.8768
19540	70.8768
19550	80.8768
19560	67.4294
19570	77.4294
19580	67.3244
19590	77.3244
19600	87.3244
19610	74.8581
19620	84.8581
19630	72.4024
19640	82.4024
19650	68.0928
19660	78.0928
19670	88.0928
19680	68.9442
19690	78.9442
19700	65.6252
19710	75.6252
19720	85.6252
19730	73.709
19740	83.709
19750	71.3674
19760	81.3674
19770	69.0481
19780	79.0481
19790	89.0481
19800	73.0459
19810	83.0459
19820	65.683
19830	75.683
19840	62.5225
19850	72.5225
19860	82.5225
19870	72.1846
19880	82.1846
19890	69.3936
19900	79.3936
19910	67.2581
19920	77.2581
19930	87.2581
19940	72.8341
19950	82.8341
19960	65.6579
19970	75.6579
19980	85.6579
19990	70.9868
20000	80.9868
20010	70.7237
20020	80.7237
20030	67.6974
20040	77.6974
20050	87.6974
20060	74.0132
20070	84.0132
20080	69.6053
20090	79.6053
20100	62.4342
20110	72.4342
20120	82.4342
20130	69.4272
20140	79.4272
20150	69.2
20160	79.2
20170	89.2
20180	74.6021
20190	84.6021
20200	72.3079
20210	82.3079
20220	67.6902
20230	77.6902
20240	60.6925
20250	70.6925
20260	80.6925
20270	67.6061
20280	77.6061
20290	67.552
20300	77.552
20310	87.552
20320	74.8118
20330	84.8118
20340	72.56
20350	82.56
20360	68.0716
20370	78.0716
20380	88.0716
20390	68.6815
20400	78.6815
20410	65.271
20420	75.271
20430	85.271
20440	73.9153
20450	83.9153
20460	71.3549
20470	81.3549
20480	69.2559
20490	79.2559
20500	89.2559
20510	73.1391
20520	83.1391
20530	65.7073
20540	75.7073
20550	62.1697
20560	72.1697
20570	82.1697
20580	71.9938
20590	81.9938
20600	69.5967
20610	79.5967
20620	67.6677
20630	77.6677
20640	87.6677
20650	73.0671
20660	83.0671
20670	65.7988
20680	75.7988
20690	85.7988
20700	70.4457
20710	80.4457
20720	70.1754
20730	80.1754
20740	67.8789
20750	77.8789
20760	87.8789
20770	74.0842
20780	84.0842
20790	69.7383
20800	79.7383
20810	62.6873
20820	72.6873
20830	82.6872
20840	69.3397
20850	79.3397
20860	68.7045
20870	78.7045
20880	88.7045
20890	74.7052
20900	84.7052
20910	72.3272
20920	82.3272
20930	68.0988
20940	78.0988
20950	60.9222
20960	70.9222
20970	80.9222
20980	67.7061
20990	77.7061
21000	67.1275
21010	77.1275
21020	87.1275
21030	74.8204
21040	84.8204
21050	72.4137
21060	82.4137
21070	67.9442
21080	77.9442
21090	87.9442
21100	68.9438
21110	78.9438
21120	65.7151
21130	75.7151
21140	85.7151
21150	73.7851
21160	83.7851
21170	71.4834
21180	81.4834
21190	68.8876
21200	78.8876
21210	88.8876
21220	72.8703
21230	82.8702
21240	65.9293
21250	75.9293
21260	62.4293
21270	72.4293
21280	82.4293
21290	72.1906
21300	82.1906
21310	69.735
21320	79.735
21330	66.8532
21340	76.8532
21350	86.8532
21360	72.9155
21370	82.9155
21380	66.0208
21390	76.0208
21400	86.0208
21410	70.9004
21420	80.9004
21430	70.8869
21440	80.8869
21450	68.3283
21460	78.3283
21470	88.3283
21480	73.2523
21490	83.2523
21500	69.4225
21510	79.4225
21520	62.614
21530	72.614
21540	82.614
21550	69.2097
21560	79.2097
21570	69.2154
21580	79.2153
21590	89.2153
21600	75.0722
21610	85.0722
21620	71.6999
21630	81.6999
21640	67.9129
21650	77.9129
21660	60.852
21670	70.852
21680	80.852
21690	67.5151
21700	77.5151
21710	67.5758
21720	77.5758
21730	87.5758
21740	75.0909
21750	85.0909
21760	71.7641
21770	81.7641
21780	67.9238
21790	77.9238
21800	87.9238
21810	68.8895
21820	78.8895
21830	65.6349
21840	75.6349
21850	85.6349
21860	74.1758
21870	84.1758
21880	71.8392
21890	81.8392
21900	68.6831
21910	78.6831
21920	88.6831
21930	72.592
21940	82.592
21950	65.7069
21960	75.7069
21970	62.6125
21980	72.6125
21990	82.6125
22000	72.4776
22010	82.4776
22020	69.9413
22030	79.9413
22040	66.9182
22050	76.9182
22060	86.9182
22070	72.5763
22080	82.5763
22090	65.878
22100	75.878
22110	85.878
22120	70.67
22130	80.67
22140	70.7199
22150	80.7199
22160	68.3093
22170	78.3093
22180	88.3093
22190	73.7732
22200	83.7732
22210	69.3507
22220	79.3507
22230	62.497
22240	72.497
22250	82.497
22260	68.9422
22270	78.9422
22280	69.115
22290	79.115
22300	89.1151
22310	75.2297
22320	85.2297
22330	72.0095
22340	82.0095
22350	67.6795
22360	77.6795
22370	60.8978
22380	70.8978
22390	80.8978
22400	67.4419
22410	77.4419
22420	67.6831
22430	77.6831
22440	87.6831
22450	75.5378
22460	85.5378
22470	71.8119
22480	81.8119
22490	67.4514
22500	77.4514
22510	87.4514
22520	69.0171
22530	79.0171
22540	65.7898
22550	75.7898
22560	85.7898
22570	74.4263
22580	84.4264
22590	71.8833
22600	81.8833
22610	68.2713
22620	78.2713
22630	88.2713
22640	72.2621
22650	82.2621
22660	65.7852
22670	75.7852
22680	62.8193
22690	72.8193
22700	82.8193
22710	73.1391
22720	83.1391
22730	70.0395
22740	80.0395
22750	66.4097
22760	76.4097
22770	86.4097
22780	72.1916
22790	82.1916
22800	65.4634
22810	75.4634
22820	85.4634
22830	71.1712
22840	81.1712
22850	71.4834
22860	81.4834
22870	68.5042
22880	78.5043
22890	88.5043
22900	73.5128
22910	83.5128
22920	69.1355
22930	79.1355
22940	61.9727
22950	71.9727
22960	81.9727
22970	69.5331
22980	79.5331
22990	69.5565
23000	79.5565
23010	89.5565
23020	75.0702
23030	85.0702
23040	71.8856
23050	81.8856
23060	67.5318
23070	77.5318
23080	60.4393
23090	70.4393
23100	80.4393
23110	68.0721
23120	78.0721
23130	68.0409
23140	78.0409
23150	88.0409
23160	74.9226
23170	84.9226
23180	71.8135
23190	81.8135
23200	67.5439
23210	77.5439
23220	87.5439
23230	68.6337
23240	78.6337
23250	66.3719
23260	76.3719
23270	86.3719
23280	74.6383
23290	84.6383
23300	71.6454
23310	81.6454
23320	68.0812
23330	78.0812
23340	88.0812
23350	72.1366
23360	82.1366
23370	65.3403
23380	75.3403
23390	63.1278
23400	73.1278
23410	83.1278
23420	72.9758
23430	82.9759
23440	70.1292
23450	80.1293
23460	66.5218
23470	76.5218
23480	86.5217
23490	72.1183
23500	82.1183
23510	65.4521
23520	75.4521
23530	85.4521
23540	71.4481
23550	81.4481
23560	71.3775
23570	81.3775
23580	68.6231
23590	78.6231
23600	88.6231
23610	73.2693
23620	83.2693
23630	68.5438
23640	78.5438
23650	62.0166
23660	72.0166
23670	82.0166
23680	69.7447
23690	79.7447
23700	69.7866
23710	79.7866
23720	89.7866
23730	75.5501
23740	85.5501
23750	71.7009
23760	81.7009
23770	66.8257
23780	76.8257
23790	60.4449
23800	70.4449
23810	80.4449
23820	68.3086
23830	78.3086
23840	68.1371
23850	78.1371
23860	88.1371
23870	75.6398
23880	85.6398
23890	71.3956
23900	81.3956
23910	66.5833
23920	76.5833
23930	86.5833
23940	68.6252
23950	78.6252
23960	66.5905
23970	76.5905
23980	86.5905
23990	74.9976
24000	84.9976
24010	72.2086
24020	82.2086
24030	67.7311
24040	77.7311
24050	87.7311
24060	71.3216
24070	81.3216
24080	65.5762
24090	75.5762
24100	63.5888
24110	73.5888
24120	83.5888
24130	73.5032
24140	83.5032
24150	70.85
24160	80.85
24170	65.9261
24180	75.9261
24190	85.9261
24200	71.2172
24210	81.2172
24220	65.3909
24230	75.3909
24240	85.3909
24250	72.0877
24260	82.0877
24270	71.7097
24280	81.7097
24290	69.2089
24300	79.2089
24310	89.2089
24320	72.4804
24330	82.4804
24340	67.7139
24350	77.7139
24360	62.0928
24370	72.0928
24380	82.0928
24390	70.4898
24400	80.4898
24410	70.0487
24420	80.0487
24430	90.0487
24440	75.6473
24450	85.6473
24460	70.8721
24470	80.8721
24480	66.1153
24490	76.1153
24500	60.6493
24510	70.6493
24520	80.6493
24530	68.8312
24540	78.8312
24550	68.4675
24560	78.4675
24570	88.4675
24580	75.5652
24590	85.5652
24600	70.8544
24610	80.8544
24620	66.0123
24630	76.0123
24640	86.0123
24650	68.7988
24660	78.7988
24670	67.0476
24680	77.0476
24690	87.0476
24700	75.0818
24710	85.0818
24720	72.2785
24730	82.2785
24740	67.6744
24750	77.6744
24760	87.6744
24770	70.9005
24780	80.9005
24790	65.6128
24800	75.6128
24810	63.9631
24820	73.9631
24830	83.9631
24840	73.1079
24850	83.1079
24860	70.459
24870	80.459
24880	66.0525
24890	76.0525
24900	86.0525
24910	70.8811
24920	80.8811
24930	65.4724
24940	75.4724
24950	85.4724
24960	72.5061
24970	82.5061
24980	71.4469
24990	81.4469
25000	68.9844
25010	78.9844
25020	88.9844
25030	72.9477
25040	82.9477
25050	67.5548
25060	77.5548
25070	61.9802
25080	71.9802
25090	81.9802
25100	70.6911
25110	80.6911
25120	69.7771
25130	79.7771
25140	89.7771
25150	75.7617
25160	85.7617
25170	71.3338
25180	81.3338
25190	65.8531
25200	75.853
25210	60.3815
25220	70.3815
25230	80.3815
25240	69.1667
25250	79.1667
25260	68.3081
25270	78.3081
25280	88.3081
25290	75.6818
25300	85.6818
25310	71.2879
25320	81.2879
25330	65.8333
25340	75.8333
25350	85.8333
25360	68.5606
25370	78.5606
25380	67.3485
25390	77.3485
25400	87.3485
25410	75.0071
25420	85.0071
25430	72.3967
25440	82.3967
25450	68.0287
25460	78.0287
25470	88.0287
25480	70.5726
25490	80.5726
25500	65.1679
25510	75.1679
25520	64.005
25530	74.005
25540	84.005
25550	73.199
25560	83.199
25570	70.6297
25580	80.6297
25590	66.2972
25600	76.2972
25610	86.2972
25620	70.5542
25630	80.5542
25640	65.1637
25650	75.1637
25660	85.1637
25670	72.5013
25680	82.5013
25690	71.7102
25700	81.7102
25710	69.1773
25720	79.1773
25730	89.1773
25740	73.1979
25750	83.1979
25760	67.588
25770	77.588
25780	61.8404
25790	71.8404
25800	81.8404
25810	70.5847
25820	80.5847
25830	69.6331
25840	79.6331
25850	89.6331
25860	75.6375
25870	85.6375
25880	71.6282
25890	81.6282
25900	66.2542
25910	76.2542
25920	60.5599
25930	70.5599
25940	80.5599
25950	69.0842
25960	79.0842
25970	67.9455
25980	77.9455
25990	87.9455
26000	75.4208
26010	85.4208
26020	71.5208
26030	81.5208
26040	66.2532
26050	76.2532
26060	86.2532
26070	68.6611
26080	78.6611
26090	67.0764
26100	77.0764
26110	87.0764
26120	74.4219
26130	84.4219
26140	72.1102
26150	82.1102
26160	68.4644
26170	78.4644
26180	88.4644
26190	71.368
26200	81.368
26210	65.3913
26220	75.3913
26230	63.612
26240	73.612
26250	83.612
26260	72.4453
26270	82.4453
26280	70.2644
26290	80.2644
26300	66.7268
26310	76.7268
26320	86.7268
26330	71.4967
26340	81.4967
26350	65.5938
26360	75.5937
26370	85.5938
26380	71.8978
26390	81.8978
26400	70.7786
26410	80.7786
26420	68.6375
26430	78.6375
26440	88.6375
26450	73.455
26460	83.455
26470	68.2482
26480	78.2482
26490	62.3699
26500	72.3699
26510	82.3699
26520	70.1609
26530	80.161
26540	68.9386
26550	78.9386
26560	88.9386
26570	75.2857
26580	85.2857
26590	71.8723
26600	81.8723
26610	66.7849
26620	76.7849
26630	61.0364
26640	71.0364
26650	81.0364
26660	68.6874
26670	78.6874
26680	67.3657
26690	77.3657
26700	87.3657
26710	75.3899
26720	85.3899
26730	71.7387
26740	81.7387
26750	66.6985
26760	76.6985
26770	86.6985
26780	69
26790	79
26800	66.8001
26810	76.8001
26820	86.8001
26830	74.1272
26840	84.1272
26850	72.1754
26860	82.1754
26870	68.3865
26880	78.3865
26890	88.3865
26900	71.4845
26910	81.4845
26920	65.7424
26930	75.7424
26940	63.3716
26950	73.3716
26960	83.3716
26970	72.3657
26980	82.3657
26990	70.1749
27000	80.1749
27010	66.5363
27020	76.5363
27030	86.5363
27040	71.5982
27050	81.5982
27060	66.0081
27070	76.0081
27080	86.0081
27090	71.6489
27100	81.6489
27110	70.7293
27120	80.7293
27130	68.489
27140	78.489
27150	88.489
27160	73.2464
27170	83.2464
27180	68.3649
27190	78.3649
27200	62.8199
27210	72.8199
27220	82.8199
27230	69.9289
27240	79.9289
27250	69.0284
27260	79.0284
27270	89.0284
27280	75.2133
27290	85.2133
27300	71.6588
27310	81.6588
27320	66.7773
27330	76.7773
27340	61.2361
27350	71.2361
27360	81.2361
27370	68.3602
27380	78.3602
27390	67.4883
27400	77.4883
27410	87.4883
27420	75.1148
27430	85.1148
27440	71.6518
27450	81.6518
27460	66.8921
27470	76.8921
27480	86.8921
27490	69.421
27500	79.421
27510	66.3765
27520	76.3765
27530	86.3765
27540	74.1412
27550	84.1412
27560	71.7412
27570	81.7412
27580	68.3616
27590	78.3616
27600	88.3616
27610	71.9249
27620	81.9249
27630	66.296
27640	76.2959
27650	63.0555
27660	73.0555
27670	83.0555
27680	72.165
27690	82.165
27700	69.7372
27710	79.7372
27720	66.5644
27730	76.5644
27740	86.5644
27750	72.1351
27760	82.1351
27770	66.5595
27780	76.5595
27790	86.5595
27800	71.4719
27810	81.4719
27820	70.3712
27830	80.3712
27840	67.9582
27850	77.9582
27860	87.9582
27870	73.2219
27880	83.2219
27890	68.8897
27900	78.8897
27910	63.2767
27920	73.2767
27930	83.2767
27940	69.7555
27950	79.7555
27960	68.7163
27970	78.7163
27980	88.7163
27990	74.8037
28000	84.8037
28010	71.5243
28020	81.5242
28030	67.2748
28040	77.2748
28050	61.7151
28060	71.7151
28070	81.7151
28080	68.1275
28090	78.1275
28100	67.1318
28110	77.1318
28120	87.1318
28130	74.8358
28140	84.8358
28150	71.5568
28160	81.5568
28170	67.2971
28180	77.2971
28190	87.2971
28200	69.7562
28210	79.7562
28220	66.3302
28230	76.3302
28240	86.3302
28250	74.0046
28260	84.0046
28270	71.5789
28280	81.5789
28290	68.1922
28300	78.1922
28310	88.1922
28320	72.1053
28330	82.1053
28340	66.476
28350	76.476
28360	63.0938
28370	73.0938
28380	83.0938
28390	72.1884
28400	82.1884
28410	69.7942
28420	79.7942
28430	66.3902
28440	76.3902
28450	86.3902
28460	71.9949
28470	81.9949
28480	66.4942
28490	76.4942
28500	86.4942
28510	71.5952
28520	81.5952
28530	70.4734
28540	80.4734
28550	68.2432
28560	78.2432
28570	88.2432
28580	73.0837
28590	83.0837
28600	68.6701
28610	78.6701
28620	63.3164
28630	73.3164
28640	83.3164
28650	69.8937
28660	79.8937
28670	68.685
28680	78.685
28690	88.685
28700	74.9536
28710	84.9536
28720	71.548
28730	81.548
28740	66.9575
28750	76.9575
28760	61.6777
28770	71.6777
28780	81.6777
28790	68.2334
28800	78.2334
28810	66.9671
28820	76.9671
28830	86.9671
28840	74.9084
28850	84.9084
28860	71.6042
28870	81.6042
28880	67.064
28890	77.064
28900	87.064
28910	70.0404
28920	80.0404
28930	66.4902
28940	76.4902
28950	86.4902
28960	73.6138
28970	83.6139
28980	71.6365
28990	81.6365
29000	68.1185
29010	78.1185
29020	88.1185
29030	72.0488
29040	82.0488
29050	66.8699
29060	76.8699
29070	63.3076
29080	73.3076
29090	83.3076
29100	71.9183
29110	81.9183
29120	69.916
29130	79.916
29140	66.3717
29150	76.3717
29160	86.3717
29170	71.9026
29180	81.9026
29190	66.8193
29200	76.8193
29210	86.8193
29220	71.614
29230	81.614
29240	70.1245
29250	80.1245
29260	68.169
29270	78.169
29280	88.169
29290	72.9313
29300	82.9313
29310	68.5342
29320	78.5342
29330	63.5773
29340	73.5773
29350	83.5773
29360	70.194
29370	80.194
29380	68.4006
29390	78.4006
29400	88.4006
29410	75.0622
29420	85.0622
29430	71.4661
29440	81.4661
29450	66.9683
29460	76.9683
29470	61.9549
29480	71.9549
29490	81.9549
29500	68.4279
29510	78.4279
29520	66.7249
29530	76.7249
29540	86.7249
29550	75.0326
29560	85.0326
29570	71.5218
29580	81.5218
29590	66.9884
29600	76.9885
29610	86.9885
29620	70.2061
29630	80.2061
29640	66.5296
29650	76.5296
29660	86.5296
29670	73.3904
29680	83.3904
29690	71.6222
29700	81.6222
29710	68.2262
29720	78.2262
29730	88.2262
29740	71.8724
29750	81.8724
29760	66.9846
29770	76.9846
29780	63.1927
29790	73.1927
29800	83.1927
29810	71.6658
29820	81.6658
29830	69.8493
29840	79.8493
29850	66.409
29860	76.409
29870	86.409
29880	71.8965
29890	81.8965
29900	67.089
29910	77.089
29920	87.089
29930	71.505
29940	81.505
29950	69.9766
29960	79.9766
29970	68.1167
29980	78.1167
29990	88.1167
30000	72.9119
30010	82.9119
30020	68.5022
30030	78.5022
30040	63.8106
30050	73.8106
30060	83.8106
30070	70.0406
30080	80.0406
30090	68.2379
30100	78.2379
30110	88.2379
30120	74.7632
30130	84.7632
30140	71.2524
30150	81.2524
30160	67.0066
30170	77.0066
30180	62.4873
30190	72.4873
30200	82.4873
30210	68.6141
30220	78.6141
30230	66.5245
30240	76.5245
30250	86.5245
30260	74.7335
30270	84.7335
30280	71.1514
30290	81.1514
30300	66.9723
30310	76.9723
30320	86.9723
30330	70.7589
30340	80.7589
30350	66.9051
30360	76.9051
30370	86.9051
30380	73.1404
30390	83.1404
30400	71.2221
30410	81.2221
30420	67.7165
30430	77.7165
30440	87.7165
30450	71.9174
30460	81.9174
30470	67.4772
30480	77.4772
30490	63.7189
30500	73.7189
30510	83.7189
30520	71.4613
30530	81.4613
30540	69.4355
30550	79.4355
30560	66.0034
30570	76.0034
30580	86.0034
30590	72.0237
30600	82.0237
30610	67.4666
30620	77.4666
30630	87.4666
30640	72.1238
30650	82.1238
30660	69.9615
30670	79.9615
30680	67.7882
30690	77.7882
30700	87.7882
30710	72.4859
30720	82.4859
30730	68.5835
30740	78.5835
30750	64.0791
30760	74.0791
30770	84.0791
30780	70.504
30790	80.504
30800	68.4157
30810	78.4157
30820	88.4157
30830	74.4523
30840	84.4523
30850	70.926
30860	80.926
30870	66.9983
30880	76.9983
30890	62.3213
30900	72.3213
30910	82.3213
30920	68.83
30930	78.83
30940	66.817
30950	76.817
30960	86.817
30970	74.5246
30980	84.5246
30990	71.075
31000	81.075
31010	66.8227
31020	76.8227
31030	86.8227
31040	70.3634
31050	80.3634
31060	66.9872
31070	76.9872
31080	86.9872
31090	73.5255
31100	83.5255
31110	71.3542
31120	81.3542
31130	68.0208
31140	78.0208
31150	88.0208
31160	71.7708
31170	81.7708
31180	66.9847
31190	76.9847
31200	63.5907
31210	73.5907
31220	83.5907
31230	71.7423
31240	81.7423
31250	69.539
31260	79.539
31270	66.2617
31280	76.2617
31290	86.2617
31300	71.8481
31310	81.8481
31320	67.0859
31330	77.0859
31340	87.0859
31350	71.8968
31360	81.8968
31370	70.1403
31380	80.1403
31390	67.8102
31400	77.8102
31410	87.8102
31420	72.9723
31430	82.9723
31440	68.651
31450	78.651
31460	63.7653
31470	73.7653
31480	83.7653
31490	70.1678
31500	80.1678
31510	68.4972
31520	78.4972
31530	88.4972
31540	74.3977
31550	84.3977
31560	71.3178
31570	81.3178
31580	67.0911
31590	77.0911
31600	62.2862
31610	72.2862
31620	82.2862
31630	68.4723
31640	78.4723
31650	66.7987
31660	76.7987
31670	86.7987
31680	74.4172
31690	84.4172
31700	71.2591
31710	81.2591
31720	67.1984
31730	77.1984
31740	87.1984
31750	70.5112
31760	80.5113
31770	66.7533
31780	76.7533
31790	86.7533
31800	73.4544
31810	83.4544
31820	71.1439
31830	81.1439
31840	67.9858
31850	77.9858
31860	87.9858
31870	72.0408
31880	82.0408
31890	67.0847
31900	77.0847
31910	63.4104
31920	73.4104
31930	83.4104
31940	71.7516
31950	81.7516
31960	69.5359
31970	79.5359
31980	66.4753
31990	76.4753
32000	86.4753
32010	72.0122
32020	82.0122
32030	66.9715
32040	76.9715
32050	86.9715
32060	71.6667
32070	81.6667
32080	70.0406
32090	80.0406
32100	67.8455
32110	77.8455
32120	87.8455
32130	73.1561
32140	83.1561
32150	68.6226
32160	78.6226
32170	63.6026
32180	73.6026
32190	83.6026
32200	70.0207
32210	80.0207
32220	68.44
32230	78.44
32240	88.44
32250	74.7311
32260	84.7311
32270	71.593
32280	81.593
32290	66.9463
32300	76.9463
32310	62.0191
32320	72.0191
32330	82.0191
32340	68.5598
32350	78.5598
32360	66.7207
32370	76.7207
32380	86.7207
32390	74.7216
32400	84.7216
32410	71.6143
32420	81.6143
32430	67.1227
32440	77.1227
32450	87.1227
32460	70.3067
32470	80.3067
32480	66.7694
32490	76.7694
32500	86.7694
32510	73.1249
32520	83.1249
32530	71.2439
32540	81.2439
32550	68.1214
32560	78.1214
32570	88.1214
32580	72.0285
32590	82.0285
32600	67.1407
32610	77.1407
32620	63.518
32630	73.518
32640	83.518
32650	71.4941
32660	81.4941
32670	69.6544
32680	79.6544
32690	66.2931
32700	76.2931
32710	86.2931
32720	72.0056
32730	82.0056
32740	67.0238
32750	77.0238
32760	87.0238
32770	71.7778
32780	81.7778
32790	69.8985
32800	79.8985
32810	68.0339
32820	78.0339
32830	88.0339
32840	73.1419
32850	83.1419
32860	68.8303
32870	78.8303
32880	63.4401
32890	73.44
32900	83.44
32910	70.0092
32920	80.0091
32930	68.246
32940	78.246
32950	88.246
32960	74.943
32970	84.943
32980	71.5815
32990	81.5815
33000	67.3324
33010	77.3324
33020	61.7953
33030	71.7953
33040	81.7953
33050	68.4844
33060	78.4844
33070	66.6319
33080	76.6319
33090	86.6319
33100	75.0119
33110	85.0119
33120	71.5467
33130	81.5467
33140	67.2104
33150	77.2104
33160	87.2104
33170	69.9785
33180	79.9785
33190	66.7557
33200	76.7557
33210	86.7557
33220	73.176
33230	83.176
33240	71.6192
33250	81.6192
33260	68.0506
33270	78.0506
33280	88.0506
33290	72.0814
33300	82.0813
33310	66.7928
33320	76.7928
33330	63.6034
33340	73.6034
33350	83.6034
33360	71.4102
33370	81.4102
33380	69.8309
33390	79.8309
33400	66.067
33410	76.067
33420	86.067
33430	72.0629
33440	82.0629
33450	66.9778
33460	76.9778
33470	86.9778
33480	72.1779
33490	82.1779
33500	69.8607
33510	79.8607
33520	68.3709
33530	78.3709
33540	88.3709
33550	72.7084
33560	82.7084
33570	68.5991
33580	78.5991
33590	63.4159
33600	73.4159
33610	83.4159
33620	70.3854
33630	80.3854
33640	68.1684
33650	78.1684
33660	88.1684
33670	75.2364
33680	85.2364
33690	71.1653
33700	81.1653
33710	66.9424
33720	76.9424
33730	61.8152
33740	71.8152
33750	81.8152
33760	68.8409
33770	78.8409
33780	66.6762
33790	76.6762
33800	86.6762
33810	75.326
33820	85.326
33830	71.32
33840	81.32
33850	66.7524
33860	76.7524
33870	86.7524
33880	69.9048
33890	79.9048
33900	67.0388
33910	77.0388
33920	87.0388
33930	73.4008
33940	83.4008
33950	71.9677
33960	81.9677
33970	67.9531
33980	77.9531
33990	87.9531
34000	71.6344
34010	81.6344
34020	66.5077
34030	76.5077
34040	63.8444
34050	73.8444
34060	83.8444
34070	71.6968
34080	81.6968
34090	70.1193
34100	80.1193
34110	66.1921
34120	76.1921
34130	86.1921
34140	71.6995
34150	81.6995
34160	66.5123
34170	76.5123
34180	86.5123
34190	72.1618
34200	82.1618
34210	69.9122
34220	79.9122
34230	68.4679
34240	78.4679
34250	88.4679
34260	72.9951
34270	82.9951
34280	68.4526
34290	78.4526
34300	63.3845
34310	73.3845
34320	83.3845
34330	70.2409
34340	80.2409
34350	68.0754
34360	78.0754
34370	88.0754
34380	75.2084
34390	85.2084
34400	71.5387
34410	81.5387
34420	67.0989
34430	77.0989
34440	61.9446
34450	71.9446
34460	81.9446
34470	68.8057
34480	78.8057
34490	66.4376
34500	76.4376
34510	86.4376
34520	75.0896
34530	85.0896
34540	71.3956
34550	81.3956
34560	66.9577
34570	76.9577
34580	86.9577
34590	70.232
34600	80.232
34610	67.0954
34620	77.0954
34630	87.0954
34640	73.1396
34650	83.1396
34660	71.8204
34670	81.8204
34680	67.8789
34690	77.8789
34700	87.8789
34710	71.7525
34720	81.7525
34730	66.8625
34740	76.8625
34750	63.7747
34760	73.7747
34770	83.7747
34780	71.4702
34790	81.4702
34800	70.1984
34810	80.1984
34820	66.1222
34830	76.1222
34840	86.1222
34850	71.8278
34860	81.8278
34870	66.9406
34880	76.9406
34890	86.9406
34900	71.9312
34910	81.9312
34920	69.5722
34930	79.5722
34940	68.455
34950	78.455
34960	88.455
34970	72.8589
34980	82.8589
34990	68.5309
35000	78.5309
35010	63.5083
35020	73.5083
35030	83.5083
35040	70.1659
35050	80.1659
35060	67.8442
35070	77.8442
35080	87.8442
35090	75.2948
35100	85.2948
35110	71.3972
35120	81.3972
35130	67.0713
35140	77.0713
35150	61.9983
35160	71.9983
35170	81.9983
35180	68.7161
35190	78.7161
35200	66.4577
35210	76.4577
35220	86.4577
35230	75.4754
35240	85.4754
35250	71.2274
35260	81.2274
35270	66.9675
35280	76.9675
35290	86.9675
35300	70.1625
35310	80.1625
35320	66.9134
35330	76.9134
35340	86.9134
35350	73.0866
35360	83.0866
35370	72.1157
35380	82.1157
35390	67.8664
35400	77.8664
35410	87.8664
35420	71.7783
35430	81.7783
35440	66.7921
35450	76.7921
35460	63.5216
35470	73.5216
35480	83.5216
35490	71.3402
35500	81.3402
35510	70.4261
35520	80.4261
35530	66.2426
35540	76.2426
35550	86.2426
35560	71.8216
35570	81.8216
35580	66.8404
35590	76.8404
35600	86.8404
35610	71.7703
35620	81.7703
35630	69.6364
35640	79.6364
35650	68.7656
35660	78.7656
35670	88.7656
35680	72.9084
35690	82.9084
35700	68.5278
35710	78.5278
35720	63.3932
35730	73.3932
35740	83.3932
35750	70.018
35760	80.018
35770	67.8995
35780	77.8995
35790	87.8995
35800	75.5476
35810	85.5476
35820	71.4183
35830	81.4183
35840	67.0377
35850	77.0377
35860	61.9088
35870	71.9088
35880	81.9088
35890	68.4871
35900	78.4871
35910	66.2996
35920	76.2996
35930	86.2996
35940	75.4961
35950	85.4961
35960	71.4528
35970	81.4528
35980	67.1807
35990	77.1808
36000	87.1808
