10	11
20	10
30	5
40	5
50	5
60	5
70	5
80	5
90	5
100	5
110	5
120	5
130	6.66667
140	13.3333
150	16.6667
160	26.6667
170	16.6667
180	16.6667
190	26.6667
200	18.3333
210	20
220	30
230	25
240	35
250	30
260	40
270	30.8571
280	40.8571
290	34.2857
300	31.4286
310	41.4286
320	40.5714
330	50.5714
340	60.5714
350	49.1429
360	59.1429
370	53.1429
380	63.1429
390	73.1429
400	62.8571
410	72.8571
420	52.8571
430	42.8571
440	52.8571
450	62.8571
460	52.8571
470	62.8571
480	47.1429
490	57.1429
500	48.5714
510	58.5714
520	68.5714
530	60
540	70
550	50
560	60
570	50.3175
580	60.3175
590	52.6984
600	62.6984
610	46.1905
620	56.1905
630	46.7128
640	56.7128
650	66.7128
660	54.2727
670	64.2727
680	47.9293
690	57.9293
700	55.0808
710	65.0808
720	58.7172
730	68.7172
740	57.4584
750	67.4584
760	77.4584
770	65.5004
780	58.3007
790	68.3007
800	59.8392
810	69.8392
820	79.8392
830	72.2378
840	82.2378
850	71.049
860	81.049
870	67.6923
880	77.6923
890	87.6923
900	67.6923
910	77.6923
920	50.7692
930	60.7692
940	56.9231
950	66.9231
960	63.0769
970	56.9231
980	66.9231
990	76.9231
1000	62.9641
1010	72.9641
1020	58.2256
1030	68.2256
1040	62.6878
1050	72.6878
1060	64.632
1070	74.632
1080	64.1321
1090	74.1321
1100	62.531
1110	72.531
1120	56.386
1130	66.386
1140	76.386
1150	62.5147
1160	72.5147
1170	61.3301
1180	71.3301
1190	58.3583
1200	68.3583
1210	57.8877
1220	67.8877
1230	58.9661
1240	68.9661
1250	61.1883
1260	71.1883
1270	61.1295
1280	71.1295
1290	63.7327
1300	73.7327
1310	62.9708
1320	72.9708
1330	66.6984
1340	76.6984
1350	86.6984
1360	73.0794
1370	59.3333
1380	69.3333
1390	56.6667
1400	66.6667
1410	76.6667
1420	62.0433
1430	49.4113
1440	59.4113
1450	69.4113
1460	60.8485
1470	49.4019
1480	59.4019
1490	69.4019
1500	58.1068
1510	68.1068
1520	60.344
1530	70.344
1540	60.9935
1550	70.9935
1560	61.7
1570	52.8041
1580	62.8041
1590	72.8041
1600	61.699
1610	55.9058
1620	65.9058
1630	75.9058
1640	65.8333
1650	75.8333
1660	65.1167
1670	75.1167
1680	62.01
1690	72.01
1700	82.01
1710	65.9895
1720	75.9895
1730	59.8985
1740	69.8985
1750	62.6154
1760	72.6154
1770	82.6154
1780	69.4134
1790	61.1826
1800	71.1826
1810	61.3766
1820	71.3766
1830	81.3766
1840	70.877
1850	62.3598
1860	72.3598
1870	82.3598
1880	69.0635
1890	79.0635
1900	64.7109
1910	74.7109
1920	56.813
1930	66.813
1940	58.4187
1950	68.4187
1960	78.4187
1970	65.1515
1980	75.1515
1990	62.9236
2000	72.9236
2010	60.5788
2020	70.5788
2030	58.3719
2040	68.3719
2050	62.3719
2060	72.3719
2070	82.3719
2080	73.741
2090	62.9926
2100	72.9926
2110	63.3087
2120	73.3087
2130	83.3087
2140	73.8194
2150	83.8194
2160	68.4581
2170	78.4581
2180	63.0401
2190	73.0401
2200	83.0401
2210	65.2786
2220	75.2786
2230	62.7566
2240	72.7566
2250	61.5091
2260	71.5091
2270	81.5091
2280	69.9788
2290	79.9788
2300	65.2394
2310	75.2394
2320	85.2394
2330	64.9814
2340	74.9814
2350	61.4036
2360	57.9364
2370	67.9364
2380	77.9364
2390	68.3508
2400	78.3508
2410	70.5387
2420	80.5387
2430	66.1375
2440	76.1375
2450	65.207
2460	75.207
2470	62.9376
2480	72.9376
2490	60.538
2500	70.538
2510	55.7123
2520	65.7123
2530	75.7123
2540	60.6507
2550	56.4
2560	66.4
2570	76.4
2580	67.0872
2590	57.0872
2600	67.0872
2610	57.136
2620	67.136
2630	77.136
2640	64.8555
2650	74.8555
2660	62.4512
2670	72.4512
2680	82.4512
2690	73.0445
2700	62.0579
2710	72.0579
2720	61.059
2730	71.059
2740	81.059
2750	67.8844
2760	56.6594
2770	66.6594
2780	76.6594
2790	68.9989
2800	78.9989
2810	67.092
2820	77.092
2830	63.4091
2840	73.4091
2850	59.7727
2860	69.7727
2870	79.7727
2880	63.1818
2890	58.4091
2900	68.4091
2910	60.2677
2920	70.2677
2930	80.2677
2940	69.9343
2950	79.9343
2960	66.5404
2970	76.5404
2980	61.2582
2990	71.2582
3000	81.2582
3010	65.3455
3020	75.3455
3030	64.248
3040	74.248
3050	66.6406
3060	76.6406
3070	86.6406
3080	74.9014
3090	84.9014
3100	70.5632
3110	80.5632
3120	66.4089
3130	76.4089
3140	86.4089
3150	69.2757
3160	79.2757
3170	65.2313
3180	75.2313
3190	85.2313
3200	69.6624
3210	79.6623
3220	69.0349
3230	79.0349
3240	68.8862
3250	78.8862
3260	67.1298
3270	77.1298
3280	63.756
3290	73.756
3300	62.2883
3310	72.2883
3320	82.2883
3330	65.4596
3340	75.4596
3350	61.7143
3360	71.7143
3370	59.4939
3380	69.4939
3390	79.4939
3400	72.6883
3410	82.6883
3420	72.9587
3430	82.9587
3440	69.2769
3450	79.2769
3460	89.2769
3470	74.8724
3480	84.8724
3490	70.6058
3500	80.6058
3510	90.6058
3520	72.1061
3530	82.1061
3540	69.206
3550	79.206
3560	64.7381
3570	74.7381
3580	61.2808
3590	71.2808
3600	61.5191
3610	71.5191
3620	63.4963
3630	73.4963
3640	83.4963
3650	70.3678
3660	80.3678
3670	68.6107
3680	78.6107
3690	63.0357
3700	73.0357
3710	83.0357
3720	71.6071
3730	81.6071
3740	70.1786
3750	80.1786
3760	66.6884
3770	76.6884
3780	86.6884
3790	70.6152
3800	58.4917
3810	68.4917
3820	59.9279
3830	69.9279
3840	79.9279
3850	71.1118
3860	81.1118
3870	67.345
3880	77.345
3890	61.7051
3900	71.7051
3910	81.7051
3920	67.2984
3930	77.2984
3940	65.0049
3950	75.005
3960	64.4126
3970	74.4126
3980	84.4126
3990	68.4271
4000	78.4271
4010	68.5493
4020	78.5493
4030	66.8633
4040	76.8633
4050	86.8633
4060	73.8001
4070	83.8001
4080	68.6589
4090	78.6589
4100	64.5056
4110	74.5056
4120	63.6827
4130	73.6827
4140	83.6827
4150	71.0122
4160	81.0122
4170	63.9617
4180	73.9617
4190	63.8861
4200	73.8861
4210	61.1265
4220	71.1265
4230	60.8893
4240	70.8893
4250	80.8893
4260	72.7709
4270	82.7709
4280	70.803
4290	80.803
4300	90.803
4310	75.0758
4320	85.0758
4330	65.1932
4340	53.4776
4350	63.4776
4360	73.4776
4370	64.5705
4380	58.2009
4390	68.2009
4400	78.2009
4410	68.1673
4420	57.6337
4430	67.6337
4440	77.6337
4450	61.5942
4460	50.7246
4470	60.7246
4480	54.7826
4490	64.7826
4500	57.8261
4510	67.8261
4520	58.9855
4530	68.9855
4540	78.9855
4550	67.2992
4560	77.2992
4570	66.4986
4580	76.4986
4590	64.058
4600	74.058
4610	84.058
4620	72.0281
4630	82.0281
4640	68.3506
4650	78.3506
4660	65.0237
4670	75.0237
4680	85.0237
4690	70.7346
4700	80.7346
4710	70.4529
4720	80.4529
4730	68.0282
4740	78.0282
4750	66.338
4760	76.338
4770	63.1266
4780	73.1266
4790	83.1266
4800	63.0781
4810	56.3011
4820	66.3011
4830	58.6831
4840	68.6831
4850	78.6831
4860	67.275
4870	57.7778
4880	67.7778
4890	77.7778
4900	65.6073
4910	75.6073
4920	62.7681
4930	72.7681
4940	61.2315
4950	71.2316
4960	81.2316
4970	69.8778
4980	79.8778
4990	70.1243
5000	80.1243
5010	66.2154
5020	76.2154
5030	86.2154
5040	71.0107
5050	81.0107
5060	69.4537
5070	79.4537
5080	66.9162
5090	76.9162
5100	86.9162
5110	68.9378
5120	78.9378
5130	63.5389
5140	73.5389
5150	64.0696
5160	74.0696
5170	84.0696
5180	72.4416
5190	82.4417
5200	70.5074
5210	80.5074
5220	90.5074
5230	77.1388
5240	87.1388
5250	69.2081
5260	79.2081
5270	60.3357
5280	70.3357
5290	80.3357
5300	71.0416
5310	81.0416
5320	69.4872
5330	79.4872
5340	89.4872
5350	76.4103
5360	86.4103
5370	71.8338
5380	81.8338
5390	67.2866
5400	77.2866
5410	58.7115
5420	68.7115
5430	62.1665
5440	72.1665
5450	82.1665
5460	70.8325
5470	60.5794
5480	70.5794
5490	80.5794
5500	65.7509
5510	75.7509
5520	63.5712
5530	52.3984
5540	62.3984
5550	72.3984
5560	64.3706
5570	74.3706
5580	65.5399
5590	75.5399
5600	85.5399
5610	73.0333
5620	83.0333
5630	69.8963
5640	79.8963
5650	89.8963
5660	72.0642
5670	82.0642
5680	68.2815
5690	78.2815
5700	62.9815
5710	72.9815
5720	65.6926
5730	75.6926
5740	65.3877
5750	75.3877
5760	62.6564
5770	72.6564
5780	82.6564
5790	67.1677
5800	77.1677
5810	61.7272
5820	71.7272
5830	62.6829
5840	72.6829
5850	82.6829
5860	70.5644
5870	62.3113
5880	72.3113
5890	82.3113
5900	70.2251
5910	80.2251
5920	65.0403
5930	75.0403
5940	59.9024
5950	69.9024
5960	79.9024
5970	68.7389
5980	78.7389
5990	65.6489
6000	75.6489
6010	68.1741
6020	78.1741
6030	88.1741
6040	75.2816
6050	85.2816
6060	70.4902
6070	55.2531
6080	65.2531
6090	75.2531
6100	60.6987
6110	70.6987
6120	62.3494
6130	72.3494
6140	63.6088
6150	73.6088
6160	64.4121
6170	74.4121
6180	84.4121
6190	71.045
6200	58.8262
6210	68.8262
6220	78.8262
6230	64.3006
6240	74.3005
6250	63.5202
6260	53.3609
6270	63.3609
6280	73.3609
6290	64.7236
6300	74.7236
6310	65.3074
6320	75.3074
6330	85.3074
6340	72.2065
6350	82.2065
6360	68.2054
6370	78.2054
6380	62.9654
6390	72.9654
6400	82.9654
6410	70.9683
6420	80.9683
6430	67.1122
6440	77.1122
6450	68.1184
6460	78.1184
6470	88.1184
6480	75.8551
6490	62.2841
6500	72.2841
6510	82.2841
6520	65.4044
6530	75.4044
6540	62.1624
6550	53.9565
6560	63.9565
6570	73.9565
6580	63.618
6590	73.618
6600	64.2917
6610	74.2917
6620	64.7241
6630	74.7241
6640	84.7241
6650	71.9304
6660	81.9304
6670	69.2542
6680	79.2542
6690	63.352
6700	73.3521
6710	63.2859
6720	73.2859
6730	62.0554
6740	72.0554
6750	59.5558
6760	69.5558
6770	62.3648
6780	72.3648
6790	63.1729
6800	73.1729
6810	62.1212
6820	72.1212
6830	60.303
6840	70.303
6850	57.2727
6860	67.2727
6870	60.101
6880	70.101
6890	60.9091
6900	70.9091
6910	59.899
6920	69.899
6930	61.7172
6940	71.7172
6950	81.7172
6960	70.6061
6970	80.6061
6980	68.2828
6990	78.2828
7000	88.2828
7010	74.1124
7020	59.2769
7030	69.2769
7040	79.2769
7050	67.0807
7060	77.0807
7070	66.2786
7080	53.5904
7090	63.5904
7100	73.5904
7110	65.7686
7120	56.9567
7130	66.9567
7140	76.9567
7150	65.0495
7160	54.3564
7170	64.3564
7180	55.5446
7190	65.5446
7200	58.8119
7210	68.8119
7220	59.2079
7230	69.2079
7240	56.6629
7250	66.6629
7260	57.9533
7270	67.9533
7280	77.9533
7290	66.909
7300	76.909
7310	66.5098
7320	76.5099
7330	66.2936
7340	76.2936
7350	66.0147
7360	76.0147
7370	64.5112
7380	74.5112
7390	60.614
7400	70.614
7410	80.614
7420	65.515
7430	75.515
7440	64.4631
7450	74.4631
7460	64.3844
7470	74.3844
7480	63.13
7490	73.13
7500	63.1209
7510	73.1209
7520	64.4542
7530	53.454
7540	63.454
7550	73.454
7560	59.6506
7570	49.8878
7580	59.8879
7590	69.8878
7600	61.3961
7610	55.2548
7620	65.2548
7630	56.648
7640	66.648
7650	76.648
7660	67.0471
7670	77.0471
7680	66.3315
7690	76.3315
7700	63.5493
7710	73.5493
7720	83.5493
7730	69.6881
7740	79.6881
7750	67.746
7760	77.746
7770	64.9973
7780	74.9973
7790	84.9973
7800	70.4221
7810	80.4221
7820	69.8768
7830	79.8768
7840	89.8768
7850	78.3258
7860	88.3257
7870	73.3379
7880	83.3379
7890	67.3346
7900	77.3346
7910	87.3346
7920	66.0865
7930	57.7115
7940	67.7115
7950	77.7115
7960	66.6221
7970	59.1659
7980	69.1659
7990	60.4336
8000	70.4336
8010	57.9527
8020	67.9527
8030	55.1178
8040	65.1178
8050	55.431
8060	65.431
8070	58.2088
8080	68.2088
8090	61.1529
8100	71.1529
8110	62.2733
8120	72.2733
8130	61.764
8140	71.764
8150	81.764
8160	68.5739
8170	78.5739
8180	67.6966
8190	77.6966
8200	65.1655
8210	75.1655
8220	85.1655
8230	72.2668
8240	82.2668
8250	67.8014
8260	77.8014
8270	87.8014
8280	71.237
8290	81.237
8300	72.8281
8310	82.8281
8320	71.0597
8330	81.0597
8340	91.0597
8350	74.4874
8360	84.4874
8370	67.9021
8380	77.9021
8390	58.5054
8400	68.5054
8410	78.5054
8420	69.3508
8430	79.3508
8440	70.6926
8450	80.6926
8460	69.3685
8470	79.3685
8480	89.3685
8490	74.6573
8500	84.6573
8510	67.9438
8520	77.9438
8530	59.1017
8540	69.1017
8550	79.1017
8560	69.5527
8570	79.5527
8580	70.0571
8590	80.0571
8600	90.0571
8610	77.8813
8620	87.8813
8630	72.711
8640	82.711
8650	66.8603
8660	76.8603
8670	86.8603
8680	66.2405
8690	76.2405
8700	65.2058
8710	75.2058
8720	66.1533
8730	76.1533
8740	86.1533
8750	74.2695
8760	84.2695
8770	71.4798
8780	81.4798
8790	91.4798
8800	73.9976
8810	83.9975
8820	64.9218
8830	74.9218
8840	63.7932
8850	73.7932
8860	63.4874
8870	73.4874
8880	62.2762
8890	72.2762
8900	64.159
8910	74.159
8920	84.159
8930	70.4168
8940	80.4168
8950	63.4577
8960	73.4577
8970	83.4577
8980	70.8064
8990	57.909
9000	67.909
9010	60.942
9020	70.942
9030	80.942
9040	71.6835
9050	81.6835
9060	67.9148
9070	77.9148
9080	60.6822
9090	70.6822
9100	80.6822
9110	66.2028
9120	56.5566
9130	66.5566
9140	76.5566
9150	68.485
9160	59.9077
9170	69.9077
9180	59.246
9190	69.246
9200	57.078
9210	67.078
9220	55.8676
9230	65.8676
9240	58.0804
9250	68.0804
9260	59.8135
9270	69.8135
9280	59.4595
9290	69.4595
9300	79.4595
9310	68.4961
9320	78.4961
9330	67.1512
9340	77.1512
9350	87.1512
9360	74.1236
9370	84.1236
9380	72.7325
9390	82.7325
9400	68.1551
9410	78.1551
9420	88.1551
9430	70.8383
9440	59.9528
9450	69.9528
9460	59.1595
9470	69.1595
9480	79.1595
9490	69.8069
9500	79.8069
9510	66.8875
9520	76.8875
9530	60.5811
9540	70.5811
9550	80.5811
9560	67.9584
9570	58.1668
9580	68.1668
9590	78.1668
9600	68.4597
9610	60.4397
9620	70.4397
9630	59.9
9640	69.9
9650	55.4924
9660	65.4924
9670	54.2024
9680	64.2024
9690	57.6391
9700	67.6391
9710	59.9663
9720	69.9663
9730	61.3725
9740	71.3726
9750	61.0612
9760	71.0612
9770	60.7788
9780	70.7788
9790	57.3835
9800	67.3835
9810	59.9027
9820	69.9027
9830	79.9027
9840	69.4969
9850	79.4969
9860	66.7872
9870	76.7872
9880	65.4428
9890	75.4428
9900	85.4428
9910	72.3132
9920	82.3132
9930	68.3195
9940	78.3195
9950	88.3195
9960	72.1627
9970	82.1627
9980	67.7564
9990	77.7564
10000	66.3168
10010	76.3168
10020	65.4982
10030	75.4982
10040	62.2674
10050	72.2674
10060	62.2073
10070	72.2073
10080	82.2073
10090	69.3953
10100	79.3953
10110	63.375
10120	73.375
10130	83.375
10140	70.875
10150	60.25
10160	70.25
10170	61.5714
10180	71.5714
10190	81.5714
10200	69.7352
10210	79.7353
10220	67.0505
10230	77.0505
10240	60.653
10250	70.653
10260	80.653
10270	66.4061
10280	58.6361
10290	68.6361
10300	78.6361
10310	68.6652
10320	78.6652
10330	68.2025
10340	78.2025
10350	65.6721
10360	75.6721
10370	59.1439
10380	69.1439
10390	79.1439
10400	65.0617
10410	57.4091
10420	67.4091
10430	77.4091
10440	69.006
10450	79.006
10460	67.9306
10470	77.9306
10480	65.6111
10490	75.6111
10500	85.6111
10510	66.7276
10520	76.7276
10530	62.9268
10540	72.9268
10550	64.1463
10560	74.1463
10570	65.9146
10580	75.9146
10590	64.5122
10600	74.5122
10610	84.5122
10620	70.6097
10630	80.6097
10640	63.6585
10650	73.6585
10660	59.8781
10670	69.8781
10680	62.439
10690	72.439
10700	64.2073
10710	74.2073
10720	62.8139
10730	72.8139
10740	62.1186
10750	72.1186
10760	58.2668
10770	68.2669
10780	78.2668
10790	64.5937
10800	58.5909
10810	68.591
10820	61.1935
10830	71.1935
10840	81.1935
10850	68.7212
10860	55.4691
10870	65.4691
10880	55.3564
10890	65.3564
10900	75.3564
10910	63.8848
10920	57.5
10930	67.5
10940	77.5
10950	68.1548
10960	78.1548
10970	63.869
10980	53.869
10990	63.869
11000	73.869
11010	62.2357
11020	72.2357
11030	60.6672
11040	54.0379
11050	64.0379
11060	74.0379
11070	63.9831
11080	73.9831
11090	63.3196
11100	73.3196
11110	83.3196
11120	70.2353
11130	80.2353
11140	68.8235
11150	78.8235
11160	65.1177
11170	75.1177
11180	85.1177
11190	71.1399
11200	81.1399
11210	67.1721
11220	77.1721
11230	66.6346
11240	76.6346
11250	86.6346
11260	73.5993
11270	83.5993
11280	70.7136
11290	80.7136
11300	64.3648
11310	74.3648
11320	84.3648
11330	66.7262
11340	76.7262
11350	67.2491
11360	77.2491
11370	87.2491
11380	75.5491
11390	85.5491
11400	72.0809
11410	82.0809
11420	69.422
11430	79.422
11440	89.422
11450	70.8092
11460	80.8092
11470	63.2948
11480	73.2948
11490	83.2948
11500	72.5015
11510	82.5015
11520	72.0736
11530	82.0736
11540	68.6632
11550	78.6632
11560	66.0787
11570	76.0787
11580	86.0787
11590	69.4941
11600	79.4941
11610	62.0667
11620	72.0667
11630	82.0667
11640	72.7902
11650	82.7902
11660	71.9245
11670	81.9245
11680	68.6702
11690	78.6702
11700	88.6702
11710	74.6362
11720	84.6362
11730	68.2436
11740	78.2436
11750	60.2822
11760	70.2822
11770	80.2822
11780	70.7684
11790	80.7684
11800	70.0666
11810	80.0666
11820	90.0666
11830	75.43
11840	85.43
11850	72.9737
11860	82.9737
11870	66.5257
11880	76.5257
11890	86.5257
11900	66.446
11910	76.446
11920	66.8824
11930	76.8824
11940	66.5746
11950	76.5746
11960	86.5746
11970	73.979
11980	83.979
11990	71.4368
12000	81.4368
12010	65.0706
12020	75.0706
12030	85.0706
12040	66.5137
12050	76.5137
12060	66.6486
12070	76.6486
12080	86.6486
12090	74.4643
12100	84.4643
12110	71.9867
12120	81.9867
12130	69.7286
12140	79.7286
12150	89.7286
12160	71.8494
12170	81.8494
12180	63.4263
12190	73.4263
12200	83.4263
12210	71.8949
12220	81.8949
12230	70.9755
12240	80.9755
12250	68.3102
12260	78.3102
12270	66.4665
12280	76.4665
12290	86.4665
12300	70.951
12310	80.951
12320	62.4771
12330	72.4771
12340	82.4771
12350	71.8185
12360	81.8185
12370	70.338
12380	80.338
12390	67.9872
12400	77.9872
12410	87.9872
12420	74.6699
12430	84.6699
12440	69.4081
12450	79.4081
12460	61.1958
12470	71.1958
12480	81.1958
12490	70.4314
12500	80.4314
12510	68.9109
12520	78.9109
12530	88.9109
12540	75.203
12550	85.203
12560	72.8144
12570	82.8144
12580	67.8679
12590	77.8679
12600	87.8679
12610	67.3063
12620	77.3064
12630	66.9157
12640	76.9157
12650	65.1071
12660	75.1071
12670	85.1071
12680	73.3228
12690	83.3228
12700	70.829
12710	80.829
12720	66.1658
12730	76.1658
12740	86.1658
12750	67.0808
12760	77.0808
12770	66.7976
12780	76.7976
12790	86.7976
12800	73.5352
12810	83.5352
12820	71.8653
12830	81.8653
12840	69.5223
12850	79.5223
12860	89.5223
12870	73.0098
12880	83.0098
12890	63.1747
12900	73.1747
12910	83.1747
12920	71.6931
12930	81.6931
12940	70.2668
12950	80.2668
12960	68.6877
12970	78.6877
12980	66.5962
12990	76.5962
13000	86.5962
13010	70.8194
13020	80.8194
13030	62.3961
13040	72.3961
13050	63.972
13060	73.972
13070	64.2512
13080	74.2512
13090	63.8889
13100	73.8889
13110	62.1442
13120	72.1442
13130	58.6806
13140	68.6806
13150	57.5102
13160	67.5102
13170	60.5923
13180	70.5923
13190	62.4964
13200	72.4964
13210	82.4964
13220	67.9567
13230	56.1965
13240	66.1965
13250	57.4846
13260	67.4846
13270	77.4846
13280	64.8176
13290	57.7887
13300	67.7887
13310	77.7887
13320	65.5377
13330	75.5377
13340	62.982
13350	72.982
13360	63.0956
13370	73.0956
13380	83.0956
13390	71.0303
13400	81.0303
13410	68.3639
13420	78.3639
13430	64.0677
13440	74.0677
13450	84.0677
13460	69.8597
13470	79.8597
13480	68.5784
13490	78.5784
13500	67.3039
13510	77.3039
13520	87.3039
13530	75.3554
13540	85.3554
13550	68.9235
13560	78.9235
13570	88.9235
13580	68.9803
13590	60.5527
13600	70.5527
13610	60.4006
13620	70.4006
13630	80.4006
13640	69.2195
13650	57.266
13660	67.266
13670	55.3692
13680	65.3692
13690	75.3692
13700	64.4775
13710	57.371
13720	67.371
13730	77.371
13740	67.3832
13750	77.3832
13760	63.2282
13770	53.3855
13780	63.3855
13790	73.3855
13800	62.409
13810	72.409
13820	61.9573
13830	54.6495
13840	64.6495
13850	74.6495
13860	62.5161
13870	72.5161
13880	61.2572
13890	71.2572
13900	81.2572
13910	70.3376
13920	80.3376
13930	69.1304
13940	79.1304
13950	67.3214
13960	77.3214
13970	87.3214
13980	70.6598
13990	80.6598
14000	66.2712
14010	76.2712
14020	64.9622
14030	74.9622
14040	84.9622
14050	73.8676
14060	83.8676
14070	70.8213
14080	80.8213
14090	67.1464
14100	77.1464
14110	87.1464
14120	66.4931
14130	76.4931
14140	66.1426
14150	76.1426
14160	86.1426
14170	73.133
14180	83.133
14190	71.8897
14200	81.8897
14210	69.0414
14220	79.0413
14230	89.0413
14240	72.9701
14250	82.9701
14260	64.4796
14270	74.4796
14280	64.2081
14290	74.2081
14300	64.2081
14310	74.2081
14320	64.2081
14330	74.2081
14340	62.4887
14350	72.4887
14360	58.0543
14370	68.0543
14380	57.9721
14390	67.9721
14400	60.6168
14410	70.6168
14420	62.1906
14430	72.1906
14440	60.5503
14450	70.5503
14460	58.5516
14470	68.5516
14480	59.1219
14490	69.1219
14500	59.1809
14510	69.1809
14520	61.9604
14530	71.9604
14540	60.4828
14550	70.4828
14560	80.4828
14570	67.6705
14580	77.6705
14590	66.781
14600	76.781
14610	65.3531
14620	75.3531
14630	85.3531
14640	71.9389
14650	81.9389
14660	66.3823
14670	76.3823
14680	86.3823
14690	72.2395
14700	82.2395
14710	71.1575
14720	81.1575
14730	68.8573
14740	78.8573
14750	88.8573
14760	73.6664
14770	83.6664
14780	68.2368
14790	78.2368
14800	61.0463
14810	71.0463
14820	62.722
14830	72.722
14840	63.2788
14850	73.2788
14860	62.7184
14870	72.7184
14880	61.685
14890	71.685
14900	57.6625
14910	67.6625
14920	77.6625
14930	65.5112
14940	58.6363
14950	68.6363
14960	60.844
14970	70.844
14980	80.844
14990	68.0001
15000	55.7989
15010	65.7989
15020	55.1056
15030	65.1056
15040	75.1056
15050	64.5616
15060	57.5536
15070	67.5536
15080	77.5536
15090	66.9843
15100	76.9843
15110	64.339
15120	74.339
15130	63.7736
15140	73.7736
15150	83.7736
15160	69.4934
15170	79.4934
15180	67.3336
15190	77.3336
15200	64.8655
15210	74.8655
15220	84.8655
15230	70.9883
15240	80.9882
15250	69.5648
15260	79.5648
15270	89.5648
15280	75.7122
15290	85.7122
15300	71.3502
15310	81.3502
15320	66.9313
15330	76.9313
15340	86.9313
15350	68.0932
15360	59.9153
15370	69.9153
15380	60.0847
15390	70.0847
15400	80.0847
15410	69.1525
15420	79.1525
15430	66.5678
15440	76.5678
15450	60.0935
15460	70.0935
15470	80.0935
15480	68.0882
15490	59.9398
15500	69.9398
15510	79.9397
15520	68.6462
15530	78.6462
15540	67.6514
15550	77.6514
15560	65.196
15570	75.196
15580	85.196
15590	66.3264
15600	76.3264
15610	64.4614
15620	74.4614
15630	65.042
15640	75.042
15650	65.3782
15660	75.3782
15670	64.0756
15680	74.0756
15690	61.6872
15700	71.6872
15710	81.6872
15720	64.956
15730	74.956
15740	63.1488
15750	73.1488
15760	65.174
15770	75.174
15780	65.5904
15790	75.5904
15800	63.8704
15810	73.8704
15820	83.8704
15830	69.9378
15840	79.9378
15850	63.4196
15860	73.4196
15870	61.3096
15880	71.3096
15890	63.4917
15900	73.4917
15910	64.0664
15920	74.0664
15930	84.0664
15940	70.249
15950	80.249
15960	68.1328
15970	78.1328
15980	61.7012
15990	71.7012
16000	81.7012
16010	67.8972
16020	60.1128
16030	70.1128
16040	60.7239
16050	70.7239
16060	80.7239
16070	68.3368
16080	78.3368
16090	66.2902
16100	76.2902
16110	59.9587
16120	69.9587
16130	79.9587
16140	67.9339
16150	60.2066
16160	70.2066
16170	80.2066
16180	69.3522
16190	79.3522
16200	66.7442
16210	76.7442
16220	64.6447
16230	74.6447
16240	84.6447
16250	66.613
16260	76.613
16270	64.5003
16280	74.5003
16290	65.7537
16300	75.7537
16310	66.2955
16320	76.2955
16330	63.3149
16340	73.3149
16350	60.8189
16360	70.8189
16370	80.8189
16380	65.0391
16390	75.0391
16400	63.1029
16410	73.1029
16420	65.8652
16430	75.8652
16440	66.1149
16450	76.1149
16460	63.3001
16470	73.3001
16480	83.3001
16490	69.2228
16500	79.2228
16510	63.4721
16520	73.4721
16530	61.8729
16540	71.8729
16550	64.4879
16560	74.4879
16570	64.1364
16580	74.1364
16590	84.1364
16600	69.6755
16610	79.6755
16620	66.9928
16630	76.9928
16640	61.724
16650	71.724
16660	81.724
16670	68.3813
16680	61.2625
16690	71.2626
16700	60.9702
16710	70.9702
16720	80.9702
16730	67.5965
16740	77.5965
16750	65.0549
16760	75.0549
16770	60.0385
16780	70.0385
16790	80.0385
16800	68.5385
16810	78.5385
16820	69.6154
16830	79.6154
16840	68.6968
16850	78.6968
16860	88.6968
16870	73.4161
16880	83.4161
16890	69.2245
16900	79.2245
16910	89.2245
16920	70.4439
16930	80.4439
16940	66.9415
16950	76.9415
16960	64.9104
16970	74.9104
16980	84.9104
16990	73.3287
17000	83.3287
17010	71.2198
17020	81.2198
17030	67.1567
17040	77.1567
17050	87.1567
17060	70.2203
17070	80.2203
17080	66.7725
17090	76.7725
17100	86.7725
17110	72.848
17120	82.848
17130	67.9199
17140	77.9199
17150	67.5171
17160	77.5171
17170	65.9889
17180	75.9889
17190	85.9889
17200	71.0963
17210	59.5706
17220	69.5706
17230	79.5706
17240	68.5714
17250	78.5714
17260	65.6101
17270	75.6101
17280	63.6385
17290	73.6385
17300	83.6385
17310	66.3162
17320	76.3162
17330	66.2072
17340	76.2072
17350	66.5211
17360	76.5211
17370	65.5889
17380	75.5889
17390	62.7274
17400	72.7274
17410	82.7274
17420	69.1721
17430	79.1721
17440	63.9148
17450	73.9148
17460	62.0701
17470	72.0701
17480	82.0701
17490	72.8164
17500	82.8164
17510	71.3433
17520	81.3433
17530	66.791
17540	76.791
17550	86.791
17560	73.2341
17570	83.2341
17580	66.0959
17590	76.0959
17600	86.0959
17610	70.9014
17620	80.9014
17630	68.5372
17640	78.5372
17650	67.6389
17660	77.6389
17670	87.6389
17680	74.9692
17690	84.9692
17700	70.7864
17710	80.7864
17720	63.9503
17730	73.9503
17740	83.9503
17750	69.9262
17760	79.9262
17770	67.6586
17780	77.6586
17790	63.5096
17800	73.5096
17810	83.5096
17820	72.8801
17830	82.8801
17840	70.0977
17850	80.0977
17860	66.1327
17870	76.1327
17880	63.9152
17890	73.9152
17900	62.5433
17910	72.5433
17920	82.5433
17930	68.7378
17940	78.7378
17950	66.5543
17960	76.5543
17970	61.7539
17980	71.7539
17990	81.7539
18000	71.236
18010	61.1577
18020	71.1577
18030	59.7729
18040	69.7729
18050	79.7729
18060	68.0416
18070	78.0416
18080	65.8966
18090	75.8966
18100	61.0351
18110	71.0351
18120	81.0351
18130	68.8676
18140	78.8676
18150	69.0082
18160	79.0082
18170	66.7837
18180	76.7837
18190	86.7837
18200	73.661
18210	83.661
18220	70.0382
18230	80.0382
18240	90.0382
18250	71.6443
18260	81.6443
18270	67.5856
18280	77.5856
18290	64.4832
18300	74.4832
18310	84.4832
18320	73.3544
18330	83.3544
18340	70.4951
18350	80.4951
18360	66.7157
18370	76.7157
18380	86.7157
18390	70.5433
18400	80.5433
18410	66.3932
18420	76.3932
18430	86.3932
18440	71.1903
18450	81.1903
18460	71.436
18470	81.436
18480	68.8054
18490	78.8054
18500	88.8054
18510	73.5395
18520	83.5395
18530	67.079
18540	77.079
18550	63.0241
18560	73.0241
18570	83.0241
18580	69.4502
18590	79.4502
18600	69.7251
18610	79.7251
18620	89.7251
18630	75.4983
18640	85.4983
18650	71.9244
18660	81.9244
18670	65.4639
18680	75.4639
18690	85.4639
18700	69.6907
18710	79.6907
18720	66.1168
18730	76.1168
18740	66.3918
18750	76.3918
18760	86.3918
18770	73.79
18780	83.79
18790	70.2381
18800	80.2381
18810	63.8151
18820	73.8151
18830	83.8151
18840	69.5105
18850	79.5105
18860	65.9989
18870	75.9989
18880	66.3399
18890	76.3399
18900	86.3399
18910	73.8271
18920	83.8271
18930	70.3429
18940	80.3429
18950	90.3429
18960	71.8961
18970	81.8961
18980	67.581
18990	77.581
19000	64.2592
19010	74.2592
19020	84.2592
19030	73.0177
19040	83.0177
19050	70.7351
19060	80.7351
19070	67.0521
19080	77.0521
19090	87.0521
19100	70.1748
19110	80.1748
19120	66.0548
19130	76.0548
19140	86.0548
19150	71.103
19160	81.103
19170	71.2682
19180	81.2682
19190	69.0828
19200	79.0828
19210	89.0828
19220	73.8092
19230	83.8093
19240	66.936
19250	76.936
19260	62.8956
19270	72.8956
19280	82.8956
19290	69.3356
19300	79.3356
19310	69.5547
19320	79.5547
19330	89.5547
19340	75.8524
19350	85.8524
19360	72.0018
19370	82.0018
19380	65.2238
19390	75.2238
19400	85.2238
19410	69.5926
19420	79.5926
19430	66.1721
19440	76.1721
19450	66.5177
19460	76.5177
19470	86.5177
19480	74.5643
19490	84.5643
19500	70.3016
19510	80.3016
19520	63.1091
19530	73.1092
19540	83.1091
19550	69.3588
19560	79.3588
19570	66.0853
19580	76.0853
19590	66.549
19600	76.549
19610	86.549
19620	74.7087
19630	84.7087
19640	70.5564
19650	80.5564
19660	90.5564
19670	71.2122
19680	81.2122
19690	67.5524
19700	77.5524
19710	63.9404
19720	73.9404
19730	83.9404
19740	73.0795
19750	83.0795
19760	71.2914
19770	81.2914
19780	67.1854
19790	77.1854
19800	87.1854
19810	69.8344
19820	79.8344
19830	66.1921
19840	76.1921
19850	86.192
19860	70.8609
19870	80.8609
19880	71.3907
19890	81.3907
19900	69.6149
19910	79.6149
19920	89.6149
19930	73.8347
19940	83.8347
19950	66.5723
19960	76.5723
19970	62.7704
19980	72.7704
19990	82.7704
20000	68.9199
20010	78.9199
20020	69.6202
20030	79.6202
20040	89.6202
20050	76.3903
20060	86.3903
20070	71.9305
20080	81.9305
20090	65.0396
20100	75.0397
20110	85.0397
20120	69.733
20130	79.733
20140	65.9237
20150	75.9237
20160	66.6178
20170	76.6178
20180	86.6178
20190	74.5173
20200	84.5173
20210	69.78
20220	79.78
20230	63.2558
20240	73.2558
20250	83.2558
20260	69.9216
20270	79.9216
20280	66.0645
20290	76.0645
20300	66.843
20310	76.843
20320	86.843
20330	74.2836
20340	84.2836
20350	69.4773
20360	79.4773
20370	89.4773
20380	71.4114
20390	81.4114
20400	68.0123
20410	78.0123
20420	64.0823
20430	74.0823
20440	84.0823
20450	73.6709
20460	83.6709
20470	71.076
20480	81.076
20490	66.2709
20500	76.2709
20510	86.2709
20520	70.1546
20530	80.1546
20540	66.7048
20550	76.7048
20560	86.7048
20570	70.8391
20580	80.8391
20590	71.8353
20600	81.8353
20610	69.3181
20620	79.3181
20630	89.3181
20640	72.8662
20650	82.8662
20660	66.8818
20670	76.8818
20680	63.3153
20690	73.3153
20700	83.3153
20710	68.8407
20720	78.8407
20730	69.9787
20740	79.9787
20750	89.9787
20760	76.1093
20770	86.1093
20780	71.3429
20790	81.3429
20800	65.2543
20810	75.2543
20820	85.2543
20830	70.1232
20840	80.1232
20850	65.8456
20860	75.8456
20870	66.5458
20880	76.5457
20890	86.5457
20900	74.1673
20910	84.1673
20920	69.5415
20930	79.5415
20940	63.3738
20950	73.3738
20960	83.3738
20970	70.1413
20980	80.1413
20990	66.0621
21000	76.0621
21010	66.7212
21020	76.7212
21030	86.7212
21040	74.3943
21050	84.3943
21060	69.5059
21070	79.5059
21080	89.5059
21090	71.4864
21100	81.4864
21110	68.2431
21120	78.2431
21130	64.28
21140	74.28
21150	84.28
21160	73.261
21170	83.261
21180	71.0682
21190	81.0681
21200	66.3505
21210	76.3505
21220	86.3505
21230	70.1651
21240	80.1651
21250	66.6554
21260	76.6554
21270	86.6554
21280	70.9949
21290	80.9949
21300	71.4598
21310	81.4598
21320	69.1556
21330	79.1556
21340	89.1556
21350	73.0059
21360	83.0059
21370	66.9425
21380	76.9425
21390	63.2237
21400	73.2237
21410	83.2237
21420	69.3252
21430	79.3252
21440	69.6363
21450	79.6363
21460	89.6363
21470	75.8708
21480	85.8708
21490	71.6169
21500	81.6169
21510	65.7147
21520	75.7147
21530	85.7147
21540	69.7877
21550	79.7877
21560	65.8454
21570	75.8454
21580	66.2809
21590	76.2809
21600	86.281
21610	74.2749
21620	84.2749
21630	69.843
21640	79.843
21650	63.9353
21660	73.9353
21670	83.9353
21680	69.9531
21690	79.9531
21700	65.6291
21710	75.6291
21720	66.1775
21730	76.1775
21740	86.1775
21750	74.2219
21760	84.2219
21770	69.7834
21780	79.7835
21790	89.7834
21800	72.1501
21810	82.1501
21820	68.0758
21830	78.0758
21840	63.9942
21850	73.9942
21860	83.9942
21870	73.0167
21880	83.0167
21890	70.9024
21900	80.9024
21910	66.4704
21920	76.4704
21930	86.4704
21940	70.8656
21950	80.8656
21960	66.8224
21970	76.8224
21980	86.8224
21990	70.6452
22000	80.6452
22010	71.251
22020	81.251
22030	69.056
22040	79.056
22050	89.056
22060	73.1742
22070	83.1741
22080	67.7645
22090	77.7645
22100	63.3382
22110	73.3382
22120	83.3382
22130	68.6511
22140	78.6511
22150	69.1905
22160	79.1905
22170	89.1905
22180	75.6974
22190	85.6973
22200	71.9063
22210	81.9063
22220	66.5804
22230	76.5804
22240	86.5804
22250	70.1505
22260	80.1505
22270	65.0408
22280	75.0408
22290	65.7642
22300	75.7642
22310	85.7642
22320	73.5862
22330	83.5862
22340	70.1275
22350	80.1276
22360	65.145
22370	75.145
22380	85.145
22390	70.294
22400	80.294
22410	65.0278
22420	75.0278
22430	65.5833
22440	75.5833
22450	85.5833
22460	73.4167
22470	83.4167
22480	70.0833
22490	80.0833
22500	90.0833
22510	73.4167
22520	83.4167
22530	68.5278
22540	78.5278
22550	63.25
22560	73.25
22570	83.25
22580	72.4167
22590	82.4167
22600	70.25
22610	80.25
22620	66.9167
22630	76.9167
22640	86.9167
22650	72.0278
22660	82.0278
22670	67.1389
22680	77.1389
22690	87.1389
22700	70.0556
22710	80.0556
22720	70.6111
22730	80.6111
22740	68.4445
22750	78.4444
22760	88.4445
22770	73.4523
22780	83.4523
22790	68.5816
22800	78.5816
22810	63.7208
22820	73.7208
22830	83.7208
22840	68.4583
22850	78.4583
22860	69.0825
22870	79.0825
22880	89.0825
22890	75.0715
22900	85.0715
22910	71.8816
22920	81.8816
22930	67.1652
22940	77.1652
22950	87.1652
22960	70.3399
22970	80.3399
22980	64.9049
22990	74.9049
23000	65.6434
23010	75.6434
23020	85.6434
23030	73.3212
23040	83.3212
23050	70.2474
23060	80.2474
23070	65.2782
23080	75.2782
23090	85.2782
23100	70.3407
23110	80.3407
23120	65.0394
23130	75.0394
23140	65.5401
23150	75.5401
23160	85.5401
23170	73.3581
23180	83.3581
23190	70.4437
23200	80.4437
23210	90.4437
23220	73.2564
23230	83.2564
23240	68.3685
23250	78.3685
23260	63.0901
23270	73.0901
23280	83.0901
23290	72.3853
23300	82.3853
23310	70.1115
23320	80.1115
23330	67.4733
23340	77.4733
23350	87.4733
23360	72.2376
23370	82.2376
23380	66.8329
23390	76.8329
23400	86.8329
23410	69.5487
23420	79.5487
23430	70.4076
23440	80.4076
23450	68.2777
23460	78.2777
23470	88.2777
23480	74.0031
23490	84.0031
23500	68.8726
23510	78.8726
23520	63.4339
23530	73.4339
23540	83.4339
23550	67.8764
23560	77.8764
23570	68.8593
23580	78.8593
23590	88.8593
23600	75.3194
23610	85.3194
23620	72.6448
23630	82.6448
23640	67.3006
23650	77.3006
23660	87.3006
23670	69.909
23680	79.909
23690	64.3268
23700	74.3268
23710	65.4254
23720	75.4254
23730	85.4254
23740	73.5714
23750	83.5714
23760	70.9788
23770	80.9788
23780	65.4233
23790	75.4233
23800	85.4233
23810	69.8677
23820	79.8677
23830	64.3122
23840	74.3122
23850	65.4233
23860	75.4233
23870	85.4233
23880	73.5714
23890	83.5714
23900	70.9788
23910	80.9788
23920	90.9788
23930	73.5979
23940	83.5979
23950	68.0423
23960	78.0423
23970	62.4964
23980	72.4964
23990	82.4964
24000	72.1814
24010	82.1814
24020	70.221
24030	80.221
24040	67.7001
24050	77.7001
24060	87.7001
24070	72.1665
24080	82.1665
24090	66.7762
24100	76.7762
24110	86.7762
24120	69.6225
24130	79.6225
24140	70.5486
24150	80.5486
24160	68.57
24170	78.57
24180	88.57
24190	74.3714
24200	84.3714
24210	68.4598
24220	78.4598
24230	63.0628
24240	73.0628
24250	83.0628
24260	67.8935
24270	77.8935
24280	68.9369
24290	78.9369
24300	88.9369
24310	75.5168
24320	85.5168
24330	72.9065
24340	82.9065
24350	66.8623
24360	76.8623
24370	86.8623
24380	69.6027
24390	79.6027
24400	64.5479
24410	74.5479
24420	65.6756
24430	75.6756
24440	85.6756
24450	73.9119
24460	83.9119
24470	71.0622
24480	81.0622
24490	64.9482
24500	74.9482
24510	84.9482
24520	69.5596
24530	79.5596
24540	64.5337
24550	74.5337
24560	65.6736
24570	75.6736
24580	85.6736
24590	73.9119
24600	83.9119
24610	71.0622
24620	81.0622
24630	91.0622
24640	73.0451
24650	83.0451
24660	67.6743
24670	77.6743
24680	62.6797
24690	72.6797
24700	82.6797
24710	72.4139
24720	82.4139
24730	70.7196
24740	80.7196
24750	67.938
24760	77.938
24770	87.938
24780	71.6021
24790	81.6021
24800	66.3671
24810	76.3671
24820	86.367
24830	69.7407
24840	79.7407
24850	70.6685
24860	80.6685
24870	69.1027
24880	79.1027
24890	89.1027
24900	74.4963
24910	84.4963
24920	67.9007
24930	77.9007
24940	62.6099
24950	72.6099
24960	82.6099
24970	67.9602
24980	77.9602
24990	69.047
25000	79.047
25010	89.047
25020	76.1233
25030	86.1233
25040	73.3123
25050	83.3123
25060	66.6019
25070	76.6019
25080	86.6019
25090	69.16
25100	79.16
25110	64.4842
25120	74.4842
25130	65.5855
25140	75.5855
25150	85.5855
25160	74.0394
25170	84.0394
25180	71.3837
25190	81.3837
25200	64.8512
25210	74.8512
25220	84.8513
25230	69.3939
25240	79.3939
25250	64.6465
25260	74.6465
25270	65.5556
25280	75.5556
25290	85.5556
25300	73.9899
25310	83.9899
25320	71.3636
25330	81.3636
25340	91.3636
25350	72.9178
25360	82.9178
25370	67.4807
25380	77.4807
25390	62.759
25400	72.759
25410	82.759
25420	72.3347
25430	82.3347
25440	70.8109
25450	80.8109
25460	68.2368
25470	78.2368
25480	88.2368
25490	71.4358
25500	81.4358
25510	66.0453
25520	76.0453
25530	86.0453
25540	69.6129
25550	79.6129
25560	70.596
25570	80.596
25580	68.9839
25590	78.9839
25600	88.9839
25610	74.6531
25620	84.6532
25630	67.9558
25640	77.9558
25650	62.6916
25660	72.6916
25670	82.6916
25680	68.1661
25690	78.1661
25700	69.2599
25710	79.2599
25720	89.2599
25730	75.9801
25740	85.9801
25750	73.0028
25760	83.0028
25770	66.1683
25780	76.1683
25790	86.1683
25800	69.1903
25810	79.1903
25820	64.8259
25830	74.8259
25840	66.0439
25850	76.0439
25860	86.0439
25870	74.1472
25880	84.1472
25890	71.2264
25900	81.2264
25910	64.5082
25920	74.5081
25930	84.5081
25940	69.2047
25950	79.2047
25960	64.7585
25970	74.7585
25980	66.0779
25990	76.0779
26000	86.0779
26010	73.9966
26020	83.9966
26030	71.1407
26040	81.1407
26050	91.1407
26060	72.4299
26070	82.4299
26080	67.3051
26090	77.3051
26100	62.8121
26110	72.8121
26120	82.8121
26130	72.948
26140	82.948
26150	70.9986
26160	80.9986
26170	67.7797
26180	77.7797
26190	87.7798
26200	71.0758
26210	81.0758
26220	66.088
26230	76.088
26240	86.088
26250	69.6976
26260	79.6976
26270	71.2379
26280	81.2379
26290	69.2338
26300	79.2338
26310	89.2338
26320	74.373
26330	84.373
26340	67.5284
26350	77.5284
26360	62.6764
26370	72.6764
26380	82.6764
26390	68.1946
26400	78.1946
26410	69.1842
26420	79.1842
26430	89.1842
26440	76.5873
26450	86.5873
26460	73.5308
26470	83.5308
26480	66.7631
26490	76.7631
26500	86.7631
26510	70.073
26520	80.073
26530	65.6349
26540	75.6349
26550	63.3169
26560	73.3169
26570	83.3169
26580	73.5758
26590	83.5758
26600	70.7831
26610	80.7831
26620	66.9456
26630	76.9456
26640	63.8918
26650	73.8918
26660	61.1914
26670	71.1914
26680	60.3902
26690	70.3902
26700	80.3902
26710	68.7725
26720	78.7725
26730	63.9113
26740	73.9113
26750	83.9113
26760	72.8236
26770	62.8717
26780	72.8717
26790	60.3597
26800	70.3597
26810	80.3597
26820	67.8894
26830	77.8894
26840	66.3462
26850	76.3462
26860	61.4189
26870	71.4189
26880	81.4189
26890	68.6225
26900	78.6225
26910	67.9875
26920	77.9875
26930	66.3344
26940	76.3344
26950	86.3344
26960	73.9542
26970	83.9542
26980	70.939
26990	80.939
27000	63.9906
27010	73.9906
27020	83.9906
27030	69.3493
27040	79.3493
27050	65.2888
27060	75.2888
27070	85.2888
27080	74.8874
27090	84.8874
27100	72.5777
27110	82.5777
27120	69.6272
27130	79.6272
27140	89.6272
27150	70.852
27160	80.852
27170	66.1134
27180	76.1134
27190	61.9166
27200	71.9166
27210	81.9166
27220	72.7678
27230	82.7678
27240	70.5644
27250	80.5644
27260	90.5644
27270	76.0975
27280	86.0975
27290	69.3713
27300	79.3713
27310	64.6171
27320	74.6171
27330	84.6171
27340	68.6161
27350	78.6161
27360	69.1067
27370	79.1067
27380	67.0305
27390	77.0305
27400	87.0305
27410	74.3373
27420	84.3373
27430	67.7802
27440	77.7802
27450	87.7802
27460	71.4476
27470	81.4476
27480	67.0288
27490	77.0288
27500	67.1047
27510	77.1047
27520	87.1047
27530	73.4316
27540	83.4316
27550	70.8312
27560	80.8312
27570	64.4869
27580	74.4869
27590	84.4869
27600	69.8947
27610	79.8947
27620	65.522
27630	75.522
27640	65.6359
27650	75.6359
27660	85.6359
27670	73.5594
27680	83.5594
27690	70.8578
27700	80.8578
27710	64.6562
27720	74.6562
27730	84.6562
27740	69.8257
27750	79.8257
27760	65.5809
27770	75.5809
27780	85.5809
27790	74.0547
27800	84.0547
27810	72.0501
27820	82.0501
27830	69.4077
27840	79.4078
27850	89.4078
27860	71.3895
27870	81.3895
27880	66.5148
27890	76.5148
27900	62.2779
27910	72.2779
27920	82.2779
27930	72.1868
27940	82.1868
27950	70.1822
27960	80.1822
27970	90.1822
27980	75.9225
27990	85.9226
28000	69.7786
28010	79.7786
28020	64.918
28030	74.918
28040	84.918
28050	68.9887
28060	78.9887
28070	68.9493
28080	78.9493
28090	66.7847
28100	76.7847
28110	86.7847
28120	74.0343
28130	84.0343
28140	67.9827
28150	77.9827
28160	87.9826
28170	71.2528
28180	81.2528
28190	67.2624
28200	77.2624
28210	67.3949
28220	77.3948
28230	87.3949
28240	73.7815
28250	83.7815
28260	70.8327
28270	80.8327
28280	64.4739
28290	74.4738
28300	84.4739
28310	69.4987
28320	79.4987
28330	65.6863
28340	75.6863
28350	65.6777
28360	75.6777
28370	85.6777
28380	73.7846
28390	83.7846
28400	70.9604
28410	80.9604
28420	64.4272
28430	74.4272
28440	84.4272
28450	69.3715
28460	79.3715
28470	65.6701
28480	75.6701
28490	85.6701
28500	74.1134
28510	84.1134
28520	72.1999
28530	82.1999
28540	69.5099
28550	79.5099
28560	89.5099
28570	71.2231
28580	81.2231
28590	66.0754
28600	76.0754
28610	62.4834
28620	72.4834
28630	82.4834
28640	72.306
28650	82.306
28660	70.2661
28670	80.2661
28680	90.2661
28690	75.9867
28700	85.9867
28710	69.574
28720	79.574
28730	64.4437
28740	74.4437
28750	84.4437
28760	69.1908
28770	79.1908
28780	69.045
28790	79.045
28800	67.0534
28810	77.0534
28820	87.0534
28830	74.334
28840	84.334
28850	67.7622
28860	77.7622
28870	87.7622
28880	70.8336
28890	80.8336
28900	67.1962
28910	77.1962
28920	67.1966
28930	77.1966
28940	87.1966
28950	73.7962
28960	83.7962
28970	71.115
28980	81.115
28990	64.6602
29000	74.6602
29010	84.6602
29020	69.318
29030	79.318
29040	65.4355
29050	75.4355
29060	65.6208
29070	75.6208
29080	85.6208
29090	73.6901
29100	83.6901
29110	71.1571
29120	81.1571
29130	64.6655
29140	74.6655
29150	84.6655
29160	69.366
29170	79.366
29180	65.3882
29190	75.3882
29200	85.3882
29210	74.2795
29220	84.2795
29230	72.4897
29240	82.4897
29250	69.826
29260	79.826
29270	89.826
29280	71.3687
29290	81.3687
29300	65.8022
29310	75.8022
29320	61.9781
29330	71.9781
29340	81.9781
29350	72.4226
29360	82.4226
29370	70.7809
29380	80.7809
29390	90.7809
29400	76.3271
29410	86.3271
29420	69.6874
29430	79.6874
29440	64.176
29450	74.176
29460	84.176
29470	68.4955
29480	78.4955
29490	69.0278
29500	79.0278
29510	67.4703
29520	77.4703
29530	87.4703
29540	74.7255
29550	84.7255
29560	68.0983
29570	78.0983
29580	88.0983
29590	70.5342
29600	80.5342
29610	66.608
29620	76.608
29630	67.174
29640	77.174
29650	87.174
29660	74.1183
29670	84.1183
29680	71.4176
29690	81.4176
29700	64.6262
29710	74.6262
29720	84.6262
29730	68.8485
29740	78.8485
29750	65.0121
29760	75.0121
29770	65.6568
29780	75.6568
29790	85.6568
29800	74.2367
29810	63.0046
29820	73.0046
29830	83.0046
29840	67.1762
29850	77.1762
29860	63.1393
29870	73.1393
29880	61.0709
29890	71.0708
29900	81.0709
29910	71.7415
29920	81.7415
29930	68.622
29940	78.622
29950	65.6408
29960	75.6408
29970	64.7746
29980	74.7746
29990	60.5819
30000	70.5819
30010	58.5755
30020	68.5755
30030	78.5755
30040	67.5664
30050	77.5664
30060	66.5627
30070	76.5627
30080	86.5627
30090	75.1591
30100	85.1591
30110	72.7146
30120	82.7146
30130	66.6569
30140	76.6569
30150	86.6569
30160	71.2706
30170	81.2706
30180	64.4502
30190	74.4502
30200	64.8808
30210	74.8808
30220	84.8808
30230	73.5824
30240	83.5824
30250	71.0623
30260	81.0623
30270	91.0623
30280	73.0107
30290	83.0107
30300	69.4459
30310	79.4459
30320	62.6969
30330	72.6969
30340	82.6969
30350	71.556
30360	81.556
30370	70.3527
30380	80.3527
30390	67.6971
30400	77.6971
30410	87.6971
30420	71.556
30430	81.556
30440	68.0291
30450	78.0291
30460	61.3071
30470	71.3071
30480	81.3071
30490	71.556
30500	81.556
30510	70.3602
30520	80.3602
30530	90.3602
30540	76.1144
30550	86.1144
30560	69.8931
30570	79.8931
30580	66.4231
30590	76.4231
30600	86.4231
30610	67.8807
30620	77.8807
30630	67.9383
30640	77.9383
30650	87.9383
30660	75.3283
30670	85.3283
30680	72.6539
30690	82.6539
30700	66.3645
30710	76.3646
30720	62.971
30730	72.971
30740	82.971
30750	66.4124
30760	76.4124
30770	66.4948
30780	76.4948
30790	86.4948
30800	75.4227
30810	85.4227
30820	72.6186
30830	82.6186
30840	66.3505
30850	76.3505
30860	86.3505
30870	71.299
30880	81.299
30890	64.7423
30900	74.7423
30910	64.8247
30920	74.8247
30930	84.8247
30940	73.7526
30950	83.7526
30960	70.9485
30970	80.9485
30980	90.9485
30990	72.8111
31000	82.8111
31010	69.3645
31020	79.3645
31030	62.8304
31040	72.8304
31050	82.8304
31060	71.5215
31070	81.5215
31080	70.4948
31090	80.4948
31100	67.6322
31110	77.6322
31120	87.6322
31130	71.4524
31140	81.4524
31150	67.8688
31160	77.8688
31170	61.4207
31180	71.4207
31190	81.4207
31200	71.5966
31210	81.5966
31220	70.6294
31230	80.6294
31240	90.6294
31250	75.8346
31260	85.8346
31270	69.7166
31280	79.7166
31290	66.1885
31300	76.1885
31310	86.1885
31320	67.9098
31330	77.9098
31340	68.1147
31350	78.1148
31360	88.1147
31370	75.6476
31380	85.6476
31390	72.437
31400	82.437
31410	66.3852
31420	76.3852
31430	62.9372
31440	72.9372
31450	82.9372
31460	66.5497
31470	76.5497
31480	66.6195
31490	76.6195
31500	86.6195
31510	75.3443
31520	85.3443
31530	72.2089
31540	82.209
31550	66.3891
31560	76.3891
31570	86.3891
31580	71.258
31590	81.258
31600	64.7374
31610	74.7374
31620	64.9385
31630	74.9385
31640	84.9385
31650	73.7438
31660	83.7438
31670	70.5799
31680	80.5799
31690	90.5799
31700	73.0464
31710	83.0464
31720	69.622
31730	79.622
31740	62.821
31750	72.821
31760	82.821
31770	71.6808
31780	81.6808
31790	70.4827
31800	80.4827
31810	67.2007
31820	77.2007
31830	87.2007
31840	71.6362
31850	81.6362
31860	68.3409
31870	78.3409
31880	61.4422
31890	71.4422
31900	81.4422
31910	71.827
31920	81.827
31930	70.5367
31940	80.5367
31950	90.5367
31960	75.3657
31970	85.3657
31980	69.8253
31990	79.8253
32000	66.6042
32010	76.6042
32020	86.6042
32030	67.8444
32040	77.8444
32050	68.2849
32060	78.2849
32070	88.2849
32080	75.553
32090	85.553
32100	71.9475
32110	81.9475
32120	66.3003
32130	76.3003
32140	63.0162
32150	73.0162
32160	83.0162
32170	66.2851
32180	76.2851
32190	66.777
32200	76.777
32210	86.777
32220	75.6368
32230	85.6368
32240	71.9999
32250	81.9999
32260	66.4273
32270	76.4273
32280	86.4273
32290	71.349
32300	81.349
32310	64.7076
32320	74.7076
32330	65.0171
32340	75.0171
32350	85.0171
32360	73.8314
32370	83.8314
32380	70.2953
32390	80.2953
32400	90.2953
32410	73.0243
32420	83.0243
32430	69.5247
32440	79.5247
32450	62.834
32460	72.834
32470	82.834
32480	71.8173
32490	81.8173
32500	70.5565
32510	80.5564
32520	67.0293
32530	77.0293
32540	87.0293
32550	71.6592
32560	81.6592
32570	68.2392
32580	78.2392
32590	61.5353
32600	71.5353
32610	81.5353
32620	71.8499
32630	81.8499
32640	70.4957
32650	80.4957
32660	90.4957
32670	75.2199
32680	85.2199
32690	69.9365
32700	79.9365
32710	66.6566
32720	76.6566
32730	86.6566
32740	67.9494
32750	77.9494
32760	68.2632
32770	78.2632
32780	88.2632
32790	75.428
32800	85.4279
32810	71.7696
32820	81.7696
32830	66.3782
32840	76.3782
32850	63.1803
32860	73.1803
32870	83.1803
32880	66.4501
32890	76.4501
32900	66.8171
32910	76.8171
32920	86.8171
32930	75.5622
32940	85.5622
32950	71.868
32960	81.868
32970	66.2907
32980	76.2907
32990	86.2907
33000	71.5391
33010	81.5391
33020	64.8145
33030	74.8145
33040	65.0368
33050	75.0368
33060	85.0368
33070	73.9093
33080	83.9093
33090	70.3671
33100	80.3671
33110	90.3671
33120	72.851
33130	82.851
33140	69.7706
33150	79.7706
33160	62.7966
33170	72.7966
33180	82.7966
33190	71.7105
33200	81.7105
33210	70.7072
33220	80.7072
33230	67.1453
33240	77.1454
33250	87.1453
33260	71.6202
33270	81.6202
33280	68.2834
33290	78.2834
33300	61.4623
33310	71.4623
33320	81.4623
33330	71.6425
33340	81.6425
33350	70.7467
33360	80.7467
33370	90.7467
33380	75.2797
33390	85.2797
33400	69.8519
33410	79.8519
33420	66.574
33430	76.574
33440	86.574
33450	67.8011
33460	77.8011
33470	68.0252
33480	78.0252
33490	88.0252
33500	75.5765
33510	85.5765
33520	71.8244
33530	81.8244
33540	66.48
33550	76.48
33560	63.2619
33570	73.2619
33580	83.2619
33590	66.3428
33600	76.3428
33610	66.6253
33620	76.6253
33630	86.6253
33640	75.5841
33650	85.5841
33660	71.8859
33670	81.8859
33680	66.6004
33690	76.6004
33700	86.6004
33710	71.518
33720	81.518
33730	64.6578
33740	74.6578
33750	64.8315
33760	74.8315
33770	84.8315
33780	73.8362
33790	83.8362
33800	70.1898
33810	80.1898
33820	90.1898
33830	73.1683
33840	83.1683
33850	69.7549
33860	79.7549
33870	62.859
33880	72.859
33890	82.859
33900	71.5938
33910	81.5938
33920	70.5126
33930	80.5126
33940	67.0064
33950	77.0064
33960	87.0064
33970	71.9761
33980	81.9761
33990	68.5495
34000	78.5495
34010	61.4627
34020	71.4627
34030	81.4627
34040	71.763
34050	81.763
34060	70.5287
34070	80.5287
34080	90.5287
34090	75.0378
34100	85.0378
34110	70.1544
34120	80.1544
34130	66.6406
34140	76.6406
34150	86.6406
34160	67.7714
34170	77.7714
34180	68.1729
34190	78.1729
34200	88.1729
34210	75.4364
34220	85.4364
34230	71.7069
34240	81.7069
34250	66.7915
34260	76.7915
34270	63.0891
34280	73.0891
34290	83.0891
34300	66.2882
34310	76.2882
34320	66.714
34330	76.714
34340	86.714
34350	75.3994
34360	85.3994
34370	71.758
34380	81.758
34390	66.7234
34400	76.7234
34410	86.7234
34420	71.4219
34430	81.4219
34440	64.7068
34450	74.7068
34460	65
34470	75
34480	85
34490	73.7407
34500	83.7407
34510	70.1481
34520	80.1481
34530	90.1481
34540	73.1884
34550	83.1884
34560	69.5612
34570	79.5612
34580	62.9186
34590	72.9186
34600	82.9186
34610	71.8857
34620	81.8857
34630	70.54
34640	80.54
34650	66.9974
34660	76.9974
34670	86.9974
34680	71.8022
34690	81.8022
34700	68.1681
34710	78.1681
34720	61.3515
34730	71.3515
34740	81.3515
34750	71.8666
34760	81.8666
34770	70.6014
34780	80.6015
34790	90.6015
34800	75.3673
34810	85.3673
34820	70.2955
34830	80.2955
34840	66.537
34850	76.537
34860	86.537
34870	67.7971
34880	77.7971
34890	68.1538
34900	78.1538
34910	88.1538
34920	75.2941
34930	85.2941
34940	71.8244
34950	81.8244
34960	66.8166
34970	76.8166
34980	63.1204
34990	73.1204
35000	83.1204
35010	66.2806
35020	76.2806
35030	66.6957
35040	76.6957
35050	86.6957
35060	75.3554
35070	85.3554
35080	72.0009
35090	82.0009
35100	66.6891
35110	76.6891
35120	86.6891
35130	71.4285
35140	81.4285
35150	64.5162
35160	74.5162
35170	65.0302
35180	75.0302
35190	85.0302
35200	73.773
35210	83.773
35220	70.3541
35230	80.3541
35240	90.3541
35250	73.0891
35260	83.0891
35270	69.6556
35280	79.6556
35290	62.7013
35300	72.7013
35310	82.7013
35320	71.8998
35330	81.8998
35340	70.5183
35350	80.5183
35360	67.1391
35370	77.1391
35380	87.1391
35390	71.6187
35400	81.6187
35410	68.2843
35420	78.2843
35430	61.4614
35440	71.4614
35450	81.4614
35460	71.7339
35470	81.7339
35480	70.4591
35490	80.4591
35500	90.4592
35510	75.5456
35520	85.5456
35530	70.0061
35540	80.0061
35550	66.5784
35560	76.5784
35570	86.5784
35580	67.8796
35590	77.8796
35600	68.0507
35610	78.0507
35620	88.0507
35630	75.2621
35640	85.2621
35650	71.9691
35660	81.9691
35670	66.3972
35680	76.3972
35690	63.1847
35700	73.1847
35710	83.1847
35720	66.4465
35730	76.4465
35740	66.7279
35750	76.7279
35760	86.7279
35770	75.3488
35780	85.3488
35790	71.9172
35800	81.9172
35810	66.408
35820	76.408
35830	86.408
35840	71.528
35850	81.528
35860	64.8276
35870	74.8276
35880	65.0192
35890	75.0192
35900	85.0192
35910	73.7594
35920	83.7594
35930	70.1656
35940	80.1656
35950	90.1656
35960	72.9651
35970	82.9651
35980	69.7953
35990	79.7953
36000	62.9777
