10	11
20	10
30	5
40	5
50	5
60	5
70	10
80	20
90	20
100	30
110	20
120	30
130	20
140	30
150	40
160	29
170	39
180	33
190	43
200	53
210	47.5
220	57.5
230	40
240	50
250	40.5
260	50.5
270	60.5
280	50
290	36
300	46
310	56
320	44
330	54
340	46.8
350	56.8
360	42.6857
370	52.6857
380	45.9143
390	55.9143
400	44.5714
410	54.5714
420	64.5714
430	53.5
440	63.5
450	50.2305
460	60.2305
470	51.4205
480	61.4205
490	52.6705
500	62.6705
510	72.6705
520	60.3409
530	48.5227
540	58.5227
550	68.5227
560	54.5455
570	46.2662
580	56.2662
590	66.2662
600	55.1948
610	65.1948
620	53.7467
630	63.7467
640	49.8263
650	59.8263
660	49.4692
670	41.6964
680	51.6964
690	61.6964
700	52.497
710	62.497
720	54.25
730	64.25
740	52.6667
750	62.6667
760	72.6667
770	55.2708
780	65.2708
790	55
800	65
810	56.8333
820	66.8333
830	76.8333
840	60.1667
850	70.1667
860	54.8333
870	44.1667
880	54.1667
890	64.1667
900	52.5
910	45
920	55
930	65
940	55.6286
950	65.6286
960	55.9905
970	65.9905
980	54.5429
990	64.5429
1000	51.5714
1010	37.619
1020	47.619
1030	57.6191
1040	52.381
1050	62.381
1060	55.329
1070	65.329
1080	55.1039
1090	65.1039
1100	75.1039
1110	60.4719
1120	70.4719
1130	53.4913
1140	63.4913
1150	54.2879
1160	64.2879
1170	74.2879
1180	55.3864
1190	65.3864
1200	57.5
1210	67.5
1220	54.5833
1230	64.5833
1240	74.5833
1250	59.5833
1260	46.25
1270	56.25
1280	66.25
1290	53.0367
1300	46.6033
1310	56.6033
1320	49.6633
1330	59.6633
1340	51.3244
1350	61.3244
1360	52.0044
1370	62.0044
1380	72.0044
1390	64.5689
1400	74.5689
1410	60.9659
1420	70.9659
1430	56.403
1440	66.403
1450	76.403
1460	59.7363
1470	54.1807
1480	64.1807
1490	55.6622
1500	65.6622
1510	75.6622
1520	67.8844
1530	77.8844
1540	67.5141
1550	77.5141
1560	87.5141
1570	71.5882
1580	54.9532
1590	64.9532
1600	53.8844
1610	63.8844
1620	59.3606
1630	69.3606
1640	61.8051
1650	71.8051
1660	64.5098
1670	74.5098
1680	67.3448
1690	77.3448
1700	87.3448
1710	72.6686
1720	82.6686
1730	71.4686
1740	81.4686
1750	69.421
1760	79.421
1770	63.8855
1780	73.8855
1790	83.8855
1800	73.6604
1810	83.6604
1820	67.0104
1830	77.0104
1840	87.0104
1850	70.54
1860	61.2127
1870	71.2128
1880	59.8655
1890	69.8655
1900	79.8655
1910	68.3277
1920	78.3277
1930	58.1261
1940	68.1261
1950	78.1261
1960	65.7327
1970	53.9658
1980	63.9658
1990	55.5442
2000	65.5442
2010	51.9579
2020	61.9579
2030	58.2013
2040	68.2013
2050	78.2013
2060	66.8983
2070	58.3221
2080	68.3221
2090	78.3221
2100	62.5144
2110	53.6814
2120	63.6814
2130	73.6814
2140	65.3929
2150	75.3929
2160	62.9079
2170	72.9079
2180	61.1693
2190	71.1693
2200	56.627
2210	66.627
2220	76.627
2230	68.9879
2240	78.9879
2250	67.2259
2260	77.2259
2270	87.2259
2280	71.3496
2290	81.3496
2300	59.8508
2310	69.8508
2320	57.0468
2330	67.0468
2340	62.7254
2350	72.7254
2360	82.7254
2370	72.9657
2380	82.9657
2390	67.8959
2400	77.8959
2410	87.8959
2420	67.1495
2430	77.1495
2440	64.8239
2450	74.8239
2460	63.2558
2470	73.2558
2480	62.3256
2490	72.3256
2500	82.3256
2510	69.5349
2520	53.9535
2530	63.9535
2540	73.9535
2550	63.1554
2560	54.6987
2570	64.6987
2580	58.0307
2590	68.0307
2600	78.0307
2610	65.5553
2620	58.0694
2630	68.0694
2640	78.0694
2650	67.8739
2660	55.5044
2670	65.5044
2680	53.6525
2690	63.6525
2700	73.6525
2710	59.4951
2720	52.7719
2730	62.7719
2740	72.7719
2750	62.7875
2760	51.4197
2770	61.4197
2780	71.4197
2790	61.6975
2800	71.6975
2810	66.15
2820	76.15
2830	86.15
2840	75.2433
2850	85.2433
2860	73.1753
2870	61.2677
2880	71.2677
2890	81.2677
2900	65.3754
2910	75.3754
2920	61.1292
2930	71.1292
2940	81.1292
2950	69.3664
2960	79.3664
2970	68.4937
2980	57.6922
2990	67.6922
3000	77.6922
3010	61.9868
3020	71.9868
3030	61.5879
3040	71.5879
3050	81.5879
3060	69.6184
3070	79.6184
3080	69.8621
3090	79.8621
3100	67.0581
3110	77.0581
3120	60.3245
3130	70.3245
3140	60.6393
3150	70.6393
3160	80.6393
3170	69.7041
3180	79.7041
3190	69.4206
3200	79.4206
3210	68.8689
3220	78.8689
3230	88.8689
3240	70.4029
3250	80.4029
3260	61.2538
3270	71.2538
3280	81.2538
3290	67.8833
3300	77.8833
3310	66.635
3320	76.635
3330	65.1282
3340	75.1282
3350	85.1282
3360	75.9822
3370	65.6409
3380	75.6409
3390	63.1052
3400	73.1052
3410	83.1052
3420	68.6468
3430	55.2093
3440	65.2093
3450	75.2093
3460	57.1875
3470	53.4375
3480	63.4375
3490	58.4375
3500	68.4375
3510	78.4375
3520	67.405
3530	56.8579
3540	66.8579
3550	76.8579
3560	68.1901
3570	78.1901
3580	65.9123
3590	75.9123
3600	63.825
3610	73.825
3620	60.7481
3630	70.7481
3640	60.0351
3650	70.0351
3660	80.0351
3670	64.4149
3680	74.4149
3690	64.4434
3700	74.4434
3710	84.4434
3720	71.9933
3730	81.9933
3740	68.8618
3750	78.8618
3760	68.806
3770	78.806
3780	67.9104
3790	77.9104
3800	64.6269
3810	74.6269
3820	61.3433
3830	71.3433
3840	81.3433
3850	62.2388
3860	72.2388
3870	60.8955
3880	70.8955
3890	64.4776
3900	74.4776
3910	84.4776
3920	72.9851
3930	82.9851
3940	71.4132
3950	81.4132
3960	67.0934
3970	77.0934
3980	87.0934
3990	73.3411
4000	83.3411
4010	69.7616
4020	79.7616
4030	89.7616
4040	78.09
4050	88.09
4060	72.1429
4070	82.1429
4080	66.1429
4090	76.1429
4100	86.1429
4110	64.1012
4120	74.1012
4130	63.706
4140	73.706
4150	67.0726
4160	77.0726
4170	87.0726
4180	75.2802
4190	85.2802
4200	71.6411
4210	81.6411
4220	66.5596
4230	76.5596
4240	86.5596
4250	67.7551
4260	77.7551
4270	63.9909
4280	73.9909
4290	64.5943
4300	74.5944
4310	84.5943
4320	70.2423
4330	80.2423
4340	69.5946
4350	79.5946
4360	89.5946
4370	75.2703
4380	85.2703
4390	72.2973
4400	82.2973
4410	67.7261
4420	77.7261
4430	87.7261
4440	71.4685
4450	81.4685
4460	63.2523
4470	73.2523
4480	60.1655
4490	70.1655
4500	80.1655
4510	71.5268
4520	81.5268
4530	70.2092
4540	80.2092
4550	69.1384
4560	79.1384
4570	89.1384
4580	75.3714
4590	85.3714
4600	67.9281
4610	77.9281
4620	58.9224
4630	68.9224
4640	78.9224
4650	67.2488
4660	77.2487
4670	68.6703
4680	78.6703
4690	70.6583
4700	80.6583
4710	68.0942
4720	78.0943
4730	63.0769
4740	73.0769
4750	56.4103
4760	66.4103
4770	54.7596
4780	50.5237
4790	60.5237
4800	70.5237
4810	64.5256
4820	58.0732
4830	68.0732
4840	78.0732
4850	67.0283
4860	54.6829
4870	64.6829
4880	74.6829
4890	62.3396
4900	48.8103
4910	58.8103
4920	56.7814
4930	66.7814
4940	76.7814
4950	68.6606
4960	58.1487
4970	68.1487
4980	78.1487
4990	67.5904
5000	77.5904
5010	64.4578
5020	74.4578
5030	59.3976
5040	69.3976
5050	60.9638
5060	51.0843
5070	61.0843
5080	71.0843
5090	62.6506
5100	72.6506
5110	63.3735
5120	73.3735
5130	64.0964
5140	74.0964
5150	63.6145
5160	73.6144
5170	83.6145
5180	70.7229
5190	80.7229
5200	65.4855
5210	75.4855
5220	64.0276
5230	74.0276
5240	63.1026
5250	73.1026
5260	61.058
5270	71.058
5280	81.0581
5290	68.5581
5300	78.5581
5310	68.6029
5320	78.6029
5330	66.0138
5340	76.0138
5350	65.2832
5360	75.2832
5370	63.4244
5380	73.4244
5390	83.4244
5400	66.5602
5410	58.1236
5420	68.1236
5430	78.1236
5440	65.3205
5450	55.3378
5460	65.3378
5470	55.3485
5480	65.3485
5490	75.3485
5500	66.8594
5510	58.4104
5520	68.4104
5530	78.4104
5540	67.8848
5550	57.3814
5560	67.3814
5570	55.6819
5580	65.6819
5590	75.6819
5600	67.4023
5610	59.1284
5620	69.1284
5630	79.1284
5640	69.2601
5650	79.2601
5660	64.5383
5670	74.5383
5680	57.7434
5690	67.7434
5700	58.912
5710	68.912
5720	59.2055
5730	69.2055
5740	61.5808
5750	71.5808
5760	60.4141
5770	70.4141
5780	60.1708
5790	70.1708
5800	60.8142
5810	70.8142
5820	80.8142
5830	69.7174
5840	79.7174
5850	66.2454
5860	76.2454
5870	63.3889
5880	73.3888
5890	60.6276
5900	70.6276
5910	59.0101
5920	69.0101
5930	79.0101
5940	69.2821
5950	79.2821
5960	68.3099
5970	78.31
5980	88.3099
5990	73.8212
6000	61.431
6010	71.431
6020	59.7379
6030	69.7379
6040	79.7379
6050	66.3241
6060	76.3241
6070	65.3655
6080	75.3655
6090	85.3655
6100	73.5283
6110	60.8068
6120	70.8068
6130	59.1013
6140	69.1013
6150	79.1013
6160	66.8493
6170	76.8493
6180	66.2656
6190	76.2656
6200	86.2656
6210	74.6769
6220	62.06
6230	72.06
6240	82.06
6250	69.9065
6260	79.9065
6270	62.4572
6280	72.4572
6290	61.6329
6300	71.6329
6310	62.1067
6320	51.6697
6330	61.6697
6340	71.6697
6350	62.2274
6360	72.2274
6370	62.783
6380	72.783
6390	63.3385
6400	73.3385
6410	63.8941
6420	53.5237
6430	63.5237
6440	73.5237
6450	61.3126
6460	71.3126
6470	61.9324
6480	71.9324
6490	62.5878
6500	72.5878
6510	62.6056
6520	72.6056
6530	60.4381
6540	70.4381
6550	60.2248
6560	70.2248
6570	61.1072
6580	71.1072
6590	61.2162
6600	71.2162
6610	61.3099
6620	71.3099
6630	60.824
6640	70.824
6650	59.1047
6660	69.1047
6670	59.9162
6680	69.9162
6690	60.3385
6700	70.3385
6710	60.8309
6720	70.8309
6730	60.4769
6740	70.4769
6750	59.6455
6760	69.6455
6770	79.6455
6780	68.3751
6790	59.0856
6800	69.0856
6810	59.8637
6820	69.8637
6830	59.0302
6840	69.0302
6850	58
6860	68
6870	78
6880	68.9009
6890	59.8183
6900	69.8183
6910	79.8183
6920	70.1498
6930	80.1498
6940	65.3598
6950	50.6016
6960	60.6016
6970	70.6016
6980	61.8943
6990	52.7018
7000	62.7018
7010	72.7018
7020	65.3785
7030	75.3786
7040	66.1362
7050	76.1362
7060	64.0905
7070	74.0905
7080	64.0833
7090	74.0833
7100	61.2101
7110	71.2101
7120	56.4043
7130	66.4043
7140	57.3802
7150	67.3802
7160	57.5454
7170	67.5454
7180	60.5785
7190	70.5785
7200	61.5702
7210	71.5702
7220	62.562
7230	72.562
7240	62.7273
7250	72.7273
7260	82.7273
7270	68.0165
7280	54.2149
7290	64.2149
7300	74.2149
7310	63.3058
7320	54.2975
7330	64.2975
7340	74.2975
7350	66.0507
7360	76.0507
7370	66.7769
7380	57.0234
7390	67.0234
7400	77.0234
7410	65.927
7420	75.927
7430	63.087
7440	73.087
7450	58.7365
7460	68.7365
7470	59.3304
7480	49.9715
7490	59.9715
7500	69.9715
7510	62.7366
7520	72.7366
7530	63.5357
7540	73.5357
7550	64.9626
7560	74.9626
7570	64.5419
7580	74.5419
7590	84.5419
7600	69.207
7610	54.5696
7620	64.5695
7630	55.7428
7640	65.7428
7650	56.4249
7660	66.4249
7670	58.6641
7680	68.6641
7690	78.6641
7700	69.2192
7710	60.5666
7720	70.5666
7730	60.639
7740	70.6391
7750	80.6391
7760	66.4341
7770	53.1798
7780	63.1798
7790	73.1798
7800	63.8462
7810	55.3002
7820	65.3002
7830	75.3002
7840	65.5963
7850	75.5962
7860	67.1218
7870	77.1218
7880	65.968
7890	75.968
7900	64
7910	74
7920	60.9231
7930	70.9231
7940	56.8996
7950	66.8996
7960	58.5505
7970	68.5505
7980	59.5236
7990	69.5236
8000	61.2364
8010	71.2364
8020	61.7289
8030	71.7289
8040	81.7289
8050	71.5789
8060	81.5789
8070	67.1611
8080	77.1611
8090	63.7469
8100	73.7469
8110	59.3851
8120	69.3851
8130	57.9879
8140	67.9879
8150	61.1489
8160	71.1489
8170	81.1489
8180	70.6265
8190	80.6265
8200	69.3484
8210	79.3485
8220	89.3484
8230	74.4425
8240	60.4119
8250	70.4119
8260	55.001
8270	65.001
8280	56.7838
8290	66.7838
8300	59.4999
8310	69.4999
8320	62.0162
8330	72.0162
8340	62.1563
8350	72.1563
8360	60.4926
8370	70.4926
8380	57.1517
8390	47.3773
8400	57.3773
8410	67.3773
8420	62.3438
8430	72.3438
8440	63.8368
8450	73.8368
8460	83.8368
8470	74.3571
8480	84.3571
8490	71.1593
8500	81.1593
8510	91.1593
8520	74.2181
8530	58.9094
8540	68.9094
8550	58.577
8560	68.577
8570	78.5769
8580	64.6865
8590	74.6865
8600	65.183
8610	75.183
8620	85.183
8630	74.1192
8640	63.8355
8650	73.8355
8660	62.2133
8670	72.2133
8680	82.2133
8690	66.4484
8700	76.4484
8710	67.1485
8720	77.1485
8730	87.1485
8740	72.437
8750	82.437
8760	67.6903
8770	77.6903
8780	62.0423
8790	72.0423
8800	61.9014
8810	71.9014
8820	81.9014
8830	71.5493
8840	62.3239
8850	72.3239
8860	82.3239
8870	69.4366
8880	79.4366
8890	64.7183
8900	52.749
8910	62.749
8920	72.749
8930	58.9872
8940	68.9872
8950	62.7734
8960	72.7734
8970	82.7734
8980	72.8513
8990	82.8513
9000	72.3796
9010	82.3796
9020	67.9771
9030	77.9771
9040	62.7207
9050	72.7207
9060	59.3326
9070	69.3326
9080	79.3326
9090	69.0345
9100	79.0345
9110	64.8276
9120	74.8276
9130	84.8276
9140	72.4828
9150	62.7648
9160	72.7648
9170	61.5113
9180	71.5113
9190	81.5113
9200	66.4754
9210	57.9376
9220	67.9377
9230	77.9377
9240	66.3078
9250	76.3077
9260	64.1096
9270	74.1096
9280	60.9698
9290	70.9698
9300	62.9994
9310	54.5554
9320	64.5554
9330	74.5554
9340	62.5071
9350	72.5071
9360	64.1706
9370	74.1706
9380	84.1706
9390	72.3651
9400	82.3651
9410	69.3104
9420	79.3104
9430	65.7055
9440	75.7055
9450	60.2994
9460	70.2994
9470	59.8881
9480	69.8881
9490	60.915
9500	70.915
9510	62.9942
9520	72.9942
9530	61.605
9540	71.605
9550	60.2632
9560	70.2632
9570	58.1206
9580	68.1206
9590	56.0478
9600	66.0478
9610	61.0862
9620	71.0862
9630	63.0004
9640	73.0004
9650	61.8154
9660	71.8155
9670	81.8154
9680	68.9233
9690	56.2656
9700	66.2656
9710	54.4363
9720	64.4363
9730	74.4363
9740	67.6789
9750	59.4001
9760	69.4001
9770	58.4573
9780	68.4573
9790	78.4573
9800	67.5484
9810	55.0968
9820	65.0968
9830	75.0968
9840	61.6129
9850	71.6129
9860	64.5806
9870	74.5806
9880	65.4328
9890	75.4328
9900	64.8141
9910	74.8141
9920	84.8141
9930	72.2381
9940	57.5404
9950	67.5404
9960	77.5404
9970	64.1746
9980	74.1746
9990	64.1794
10000	74.1794
10010	61.7158
10020	71.7158
10030	81.7158
10040	72.1609
10050	61.4722
10060	71.4722
10070	81.4722
10080	68.4793
10090	78.4793
10100	65.2866
10110	75.2866
10120	65.4247
10130	75.4247
10140	85.4247
10150	71.3929
10160	81.3929
10170	65.4708
10180	53.271
10190	63.271
10200	73.271
10210	63.6072
10220	73.6072
10230	64.3075
10240	56.3203
10250	66.3203
10260	76.3203
10270	65.4658
10280	75.4658
10290	61.6466
10300	71.6466
10310	59.9133
10320	69.9133
10330	58.4155
10340	68.4155
10350	61.7369
10360	71.7369
10370	63.5066
10380	73.5066
10390	62.0389
10400	72.0389
10410	58.7613
10420	68.7613
10430	58.6674
10440	68.6674
10450	57.7839
10460	67.7839
10470	59.865
10480	69.865
10490	79.865
10500	69.4972
10510	79.4972
10520	69.2325
10530	79.2325
10540	64.7379
10550	74.7379
10560	62.7788
10570	72.7788
10580	60
10590	70
10600	80
10610	69.5322
10620	79.5322
10630	65.2047
10640	75.2047
10650	64.6199
10660	74.6199
10670	84.6199
10680	73.0994
10690	83.0994
10700	69.3567
10710	79.3567
10720	64.8045
10730	74.8045
10740	64.2513
10750	74.2513
10760	62.3631
10770	72.3631
10780	82.3631
10790	65.8501
10800	59.0597
10810	69.0597
10820	79.0597
10830	68.6906
10840	78.6906
10850	65.842
10860	75.842
10870	62.0287
10880	72.0287
10890	62.819
10900	72.819
10910	60.2954
10920	70.2954
10930	58.8636
10940	68.8636
10950	61.25
10960	71.25
10970	61.3636
10980	71.3636
10990	81.3636
11000	67.7273
11010	77.7273
11020	67.1023
11030	77.1023
11040	87.1023
11050	73.4659
11060	83.4659
11070	70.4117
11080	80.4117
11090	65.7874
11100	75.7874
11110	85.7874
11120	74.1655
11130	84.1655
11140	68.8125
11150	78.8125
11160	62.5184
11170	72.5184
11180	82.5184
11190	72.0167
11200	82.0167
11210	69.1908
11220	79.1908
11230	89.1908
11240	73.0979
11250	63.4059
11260	73.4059
11270	61.0443
11280	71.0443
11290	81.0443
11300	64.4974
11310	74.4974
11320	65.2585
11330	75.2585
11340	85.2585
11350	72.6715
11360	82.6715
11370	70.2229
11380	80.2229
11390	65.3654
11400	75.3654
11410	64.4085
11420	74.4085
11430	59.879
11440	69.879
11450	79.879
11460	68.9972
11470	78.9972
11480	68.215
11490	78.215
11500	88.215
11510	73.5674
11520	60.565
11530	70.565
11540	80.565
11550	67.5841
11560	77.5841
11570	63.7573
11580	73.7573
11590	64.3284
11600	74.3284
11610	63.8614
11620	73.8614
11630	62.9074
11640	72.9074
11650	59.7476
11660	69.7476
11670	57.1333
11680	67.1333
11690	77.1333
11700	67.5768
11710	59.5501
11720	69.5501
11730	79.5501
11740	69.3497
11750	79.3497
11760	66.3819
11770	54.5989
11780	64.5989
11790	74.5989
11800	60.2674
11810	70.2674
11820	62.2995
11830	72.2995
11840	62.8342
11850	72.8342
11860	64.2246
11870	74.2246
11880	84.2246
11890	71.2834
11900	57.6302
11910	67.6302
11920	55.2198
11930	65.2198
11940	75.2198
11950	65.8418
11960	57.9768
11970	67.9768
11980	77.9768
11990	67.9723
12000	77.9723
12010	66.4021
12020	76.4021
12030	62.3368
12040	72.3368
12050	58.291
12060	68.291
12070	60.5514
12080	70.5514
12090	61.346
12100	71.346
12110	62.5367
12120	72.5367
12130	82.5367
12140	69.2632
12150	57.1608
12160	67.1608
12170	77.1608
12180	63.2452
12190	73.2452
12200	63.8508
12210	73.8508
12220	64.7568
12230	74.7568
12240	64.3319
12250	74.3319
12260	63.0196
12270	73.0196
12280	59.2928
12290	69.2928
12300	56.969
12310	66.969
12320	76.969
12330	67.403
12340	59.9927
12350	69.9927
12360	79.9927
12370	68.9003
12380	78.9003
12390	66.0955
12400	54.4612
12410	64.4612
12420	74.4612
12430	60.4292
12440	70.4292
12450	62.2365
12460	72.2365
12470	63.1572
12480	73.1572
12490	63.3302
12500	73.3302
12510	83.3302
12520	70.777
12530	57.6722
12540	67.6722
12550	55.781
12560	65.781
12570	75.781
12580	66.0441
12590	58.4445
12600	68.4445
12610	78.4445
12620	66.7677
12630	76.7677
12640	65.5059
12650	75.5059
12660	62.5545
12670	72.5545
12680	58.9657
12690	68.9657
12700	60.8387
12710	70.8387
12720	61.866
12730	71.866
12740	61.9598
12750	71.9598
12760	81.9598
12770	68.4422
12780	57.3367
12790	67.3367
12800	77.3367
12810	63.8354
12820	73.8354
12830	64.266
12840	74.266
12850	65.3636
12860	75.3636
12870	63.8705
12880	73.8705
12890	61.7606
12900	71.7606
12910	59
12920	69
12930	57.4214
12940	67.4214
12950	77.4214
12960	67.7758
12970	60.4505
12980	70.4505
12990	80.4505
13000	69.1799
13010	79.1799
13020	65.231
13030	53.9984
13040	63.9984
13050	73.9984
13060	60.6648
13070	70.6648
13080	62.4977
13090	72.4977
13100	63.5106
13110	73.5106
13120	63.9063
13130	73.9063
13140	83.9063
13150	69.9558
13160	57.2829
13170	67.2829
13180	55.8058
13190	65.8058
13200	75.8058
13210	66.3285
13220	58.3604
13230	68.3604
13240	78.3604
13250	67.058
13260	77.058
13270	64.8716
13280	74.8716
13290	62.3827
13300	72.3827
13310	58.8631
13320	68.8631
13330	61.0526
13340	71.0526
13350	61.7746
13360	71.7746
13370	62.2732
13380	72.2732
13390	82.2732
13400	67.7979
13410	57.1729
13420	67.1729
13430	77.1729
13440	63.676
13450	73.676
13460	64.5494
13470	74.5494
13480	65.4606
13490	75.4606
13500	64.1163
13510	74.1164
13520	61.4332
13530	71.4332
13540	58.7934
13550	68.7934
13560	57.1341
13570	67.1341
13580	77.1341
13590	68.1715
13600	60.7862
13610	70.7862
13620	80.7862
13630	69.5985
13640	79.5985
13650	64.8321
13660	54.2269
13670	64.2269
13680	74.2269
13690	60.1852
13700	70.1852
13710	62.4074
13720	72.4074
13730	63.75
13740	73.75
13750	64.3056
13760	74.3056
13770	84.3056
13780	69.6454
13790	57.399
13800	67.399
13810	55.2177
13820	65.2177
13830	75.2177
13840	66.0117
13850	58.8477
13860	68.8477
13870	78.8477
13880	67.3272
13890	77.3272
13900	64.6308
13910	74.6307
13920	62.5393
13930	72.5393
13940	58.7068
13950	68.7068
13960	60.8285
13970	70.8285
13980	62.0181
13990	72.0181
14000	62.3636
14010	72.3636
14020	82.3636
14030	67.5009
14040	57.3585
14050	67.3585
14060	77.3585
14070	63.7624
14080	73.7624
14090	64.0748
14100	74.0748
14110	65.1072
14120	75.1072
14130	64.1291
14140	74.1291
14150	61.0852
14160	71.0852
14170	59.6345
14180	69.6345
14190	57.3648
14200	67.3648
14210	77.3648
14220	67.7594
14230	60.2233
14240	70.2233
14250	80.2233
14260	69.5521
14270	79.5521
14280	64.9118
14290	54.8834
14300	64.8834
14310	74.8834
14320	60.3497
14330	70.3497
14340	61.8985
14350	71.8985
14360	63.1461
14370	73.1461
14380	63.9727
14390	73.9727
14400	83.9727
14410	69.629
14420	58.134
14430	68.134
14440	55.6112
14450	65.6112
14460	75.6112
14470	65.3007
14480	58.1237
14490	68.1237
14500	78.1237
14510	67.2768
14520	77.2768
14530	64.9351
14540	74.9351
14550	63.5562
14560	73.5562
14570	58.6931
14580	68.6931
14590	60.0247
14600	70.0247
14610	61.4957
14620	71.4958
14630	62.3364
14640	72.3364
14650	82.3364
14660	68.2328
14670	58.5818
14680	68.5818
14690	78.5818
14700	63.28
14710	73.28
14720	63.1778
14730	73.1778
14740	64.4632
14750	74.4632
14760	63.8572
14770	73.8572
14780	61.8027
14790	71.8027
14800	60.7123
14810	70.7123
14820	56.9516
14830	66.9516
14840	76.9516
14850	66.9358
14860	59.5734
14870	69.5733
14880	79.5733
14890	69.1379
14900	79.1379
14910	65.4439
14920	75.4439
14930	63.6128
14940	73.6128
14950	83.6128
14960	67.6904
14970	77.6905
14980	67.4744
14990	58.5223
15000	68.5223
15010	78.5223
15020	67.8661
15030	77.8661
15040	64.486
15050	74.486
15060	58.9473
15070	68.9473
15080	78.9474
15090	67.7424
15100	77.7424
15110	67.7383
15120	77.7383
15130	67.1688
15140	77.1688
15150	65.8705
15160	75.8705
15170	62.6988
15180	72.6988
15190	82.6988
15200	65.6894
15210	75.6894
15220	64.4138
15230	74.4138
15240	64.7709
15250	74.7709
15260	65.6674
15270	75.6674
15280	63.6812
15290	73.6812
15300	83.6812
15310	68.6563
15320	78.6563
15330	63.8745
15340	73.8745
15350	62.8008
15360	72.8008
15370	63.3198
15380	73.3198
15390	63.8498
15400	73.8498
15410	61.6575
15420	71.6575
15430	81.6575
15440	68.5398
15450	78.5398
15460	63.8712
15470	73.8712
15480	62.9026
15490	72.9026
15500	82.9026
15510	72.0448
15520	62.6934
15530	72.6934
15540	82.6934
15550	68.0773
15560	78.0773
15570	65.1103
15580	75.1103
15590	60.5978
15600	70.5978
15610	80.5978
15620	68.149
15630	78.149
15640	68.5456
15650	59.2842
15660	69.2842
15670	79.2842
15680	66.4
15690	76.4
15700	63.545
15710	73.5451
15720	59.1764
15730	69.1764
15740	79.1764
15750	68.2489
15760	78.2489
15770	68.6367
15780	78.6367
15790	67.6926
15800	77.6926
15810	64.585
15820	74.585
15830	61.9763
15840	71.9763
15850	81.9763
15860	65.9684
15870	75.9684
15880	64.9101
15890	74.9101
15900	65.4045
15910	75.4045
15920	65.8889
15930	75.8889
15940	62.8569
15950	72.8569
15960	82.8569
15970	68.6588
15980	78.6588
15990	64.2263
16000	74.2263
16010	62.9828
16020	72.9828
16030	63.6719
16040	73.6719
16050	63.8672
16060	73.8672
16070	61.0156
16080	71.0156
16090	81.0156
16100	68.6719
16110	78.6719
16120	64.3064
16130	74.3064
16140	62.9993
16150	72.9993
16160	82.9993
16170	72.2738
16180	62.2608
16190	72.2608
16200	82.2608
16210	67.799
16220	77.799
16230	65.342
16240	75.342
16250	60.8272
16260	70.8272
16270	80.8272
16280	68.1081
16290	78.1081
16300	69.0432
16310	58.9808
16320	68.9808
16330	78.9808
16340	66.2192
16350	76.2192
16360	63.6904
16370	73.6904
16380	59.188
16390	69.188
16400	79.188
16410	68.2429
16420	78.2429
16430	69.0155
16440	79.0155
16450	67.6024
16460	77.6024
16470	64.5283
16480	74.5283
16490	62.1763
16500	72.1763
16510	82.1763
16520	65.4886
16530	75.4886
16540	64.5701
16550	74.5701
16560	65.4868
16570	75.4868
16580	65.9643
16590	75.9643
16600	63.0617
16610	73.0617
16620	83.0617
16630	68.7394
16640	78.7394
16650	63.5067
16660	73.5067
16670	62.6502
16680	72.6502
16690	63.551
16700	73.551
16710	64.1962
16720	74.1962
16730	61.3972
16740	71.3972
16750	81.3972
16760	68.7524
16770	78.7524
16780	63.6921
16790	73.6921
16800	63.044
16810	73.044
16820	83.044
16830	71.9439
16840	81.9439
16850	70.7672
16860	80.7672
16870	90.7672
16880	75.7724
16890	85.7724
16900	71.3131
16910	81.3131
16920	64.1101
16930	74.1101
16940	84.1101
16950	70.4865
16960	80.4865
16970	69.343
16980	79.343
16990	64.7649
17000	74.7649
17010	84.7649
17020	73.744
17030	83.744
17040	70.2636
17050	80.2636
17060	63.2547
17070	73.2547
17080	83.2547
17090	71.0769
17100	81.0769
17110	69.7556
17120	79.7556
17130	89.7556
17140	73.6936
17150	83.6936
17160	69.3998
17170	79.3998
17180	66.4298
17190	76.4298
17200	86.4298
17210	70.7211
17220	80.7211
17230	68.5492
17240	78.5492
17250	67.4176
17260	77.4176
17270	87.4176
17280	73.0051
17290	83.0051
17300	68.9476
17310	78.9476
17320	61.9643
17330	71.9643
17340	81.9643
17350	70.4643
17360	80.4643
17370	68.471
17380	78.471
17390	67.4881
17400	77.4881
17410	87.4881
17420	73.0267
17430	83.0267
17440	69.0767
17450	79.0767
17460	89.0767
17470	69.8264
17480	79.8264
17490	68.3986
17500	78.3986
17510	66.4769
17520	76.4769
17530	86.4769
17540	74.0569
17550	84.0569
17560	69.6528
17570	79.6528
17580	65.7588
17590	75.7588
17600	85.7588
17610	68.1965
17620	78.1965
17630	66.7305
17640	76.7305
17650	86.7305
17660	73.3788
17670	83.3788
17680	72.6147
17690	82.6147
17700	68.045
17710	78.045
17720	88.045
17730	72.6861
17740	82.6861
17750	65.1061
17760	75.1061
17770	63.4469
17780	73.447
17790	83.447
17800	71.8127
17810	81.8127
17820	70.3992
17830	80.3992
17840	90.3992
17850	75.1431
17860	85.1431
17870	71.4988
17880	81.4988
17890	64.1038
17900	74.1038
17910	84.1038
17920	71.0777
17930	81.0777
17940	69.619
17950	79.619
17960	64.7711
17970	74.7711
17980	84.7711
17990	73.8418
18000	83.8418
18010	69.6255
18020	79.6255
18030	62.3958
18040	72.3958
18050	82.3958
18060	71.0069
18070	81.0069
18080	69.6181
18090	79.618
18100	64.8428
18110	74.8428
18120	84.8428
18130	73.866
18140	83.8661
18150	69.4765
18160	79.4765
18170	89.4765
18180	70.5421
18190	80.5421
18200	69.1797
18210	79.1797
18220	67.6414
18230	77.6414
18240	87.6414
18250	71.3731
18260	81.3731
18270	69.9315
18280	79.9315
18290	65.6302
18300	75.6302
18310	85.6302
18320	68.9854
18330	78.9854
18340	67.3173
18350	77.3173
18360	87.3173
18370	74.4394
18380	84.4394
18390	69.7627
18400	79.7627
18410	68.2056
18420	78.2056
18430	88.2056
18440	72.1965
18450	82.1965
18460	65.7843
18470	75.7843
18480	64.172
18490	74.172
18500	84.172
18510	73.0904
18520	83.0904
18530	68.2907
18540	78.2907
18550	88.2907
18560	74.8736
18570	84.8736
18580	70.6086
18590	80.6086
18600	64.0307
18610	74.0307
18620	84.0307
18630	71.0735
18640	81.0735
18650	69.6641
18660	79.6641
18670	65.7457
18680	75.7457
18690	85.7457
18700	73.9286
18710	83.9286
18720	69.8049
18730	79.8049
18740	62.9534
18750	72.9534
18760	82.9534
18770	71.649
18780	81.649
18790	66.6513
18800	76.6513
18810	86.6513
18820	74.3445
18830	84.3445
18840	72.6129
18850	82.6129
18860	68.1518
18870	78.1518
18880	88.1518
18890	69.4025
18900	79.4025
18910	68.1862
18920	78.1862
18930	88.1862
18940	71.533
18950	81.533
18960	70.8266
18970	80.8266
18980	68.8662
18990	78.8662
19000	64.5246
19010	74.5246
19020	84.5246
19030	67.4426
19040	77.4426
19050	66.3406
19060	76.3406
19070	86.3406
19080	71.4633
19090	81.4633
19100	70.6629
19110	80.6629
19120	68.7203
19130	78.7203
19140	88.7203
19150	72.8051
19160	82.8051
19170	65.9368
19180	75.9368
19190	64.7556
19200	74.7556
19210	84.7556
19220	69.7751
19230	79.7751
19240	68.9071
19250	78.9071
19260	88.907
19270	75.6085
19280	85.6085
19290	71.2013
19300	81.2013
19310	64.5412
19320	74.5412
19330	84.5412
19340	71.8118
19350	81.8118
19360	66.5947
19370	76.5948
19380	65.8707
19390	75.8707
19400	85.8707
19410	73.8344
19420	83.8344
19430	69.5458
19440	79.5458
19450	62.8409
19460	72.8409
19470	82.8409
19480	71.7332
19490	81.7332
19500	66.6066
19510	76.6066
19520	86.6065
19530	74.302
19540	84.302
19550	72.3585
19560	82.3585
19570	68.1869
19580	78.1869
19590	88.1869
19600	69.4359
19610	59.7713
19620	69.7713
19630	79.7713
19640	65.7735
19650	75.7735
19660	66.3043
19670	76.3043
19680	65.9255
19690	75.9255
19700	63.2474
19710	73.2474
19720	83.2474
19730	68.2404
19740	55.163
19750	65.163
19760	75.163
19770	65.8312
19780	75.8312
19790	66.3937
19800	76.3937
19810	65.8531
19820	75.8531
19830	85.8531
19840	71.5088
19850	81.5088
19860	66.4308
19870	53.3897
19880	63.3897
19890	73.3897
19900	64.2296
19910	74.2296
19920	64.6996
19930	74.6996
19940	84.6996
19950	72.8462
19960	82.8462
19970	70.1637
19980	80.1637
19990	65.075
20000	75.075
20010	59.8637
20020	69.8637
20030	60.583
20040	70.583
20050	61.0694
20060	71.0694
20070	81.0694
20080	70.9211
20090	80.9211
20100	68.3657
20110	78.3657
20120	63.4056
20130	73.4056
20140	60.0619
20150	70.0619
20160	60.743
20170	70.743
20180	80.743
20190	69.5126
20200	79.5126
20210	69.4064
20220	79.4064
20230	66.7223
20240	76.7223
20250	86.7223
20260	69.9219
20270	56.5769
20280	66.5769
20290	76.5769
20300	65.8829
20310	75.8829
20320	66.3017
20330	76.3017
20340	66.0489
20350	76.0489
20360	63.34
20370	73.34
20380	83.34
20390	68.6881
20400	55.24
20410	65.24
20420	75.24
20430	65.809
20440	75.809
20450	66.3741
20460	76.3741
20470	65.7927
20480	75.7927
20490	85.7927
20500	71.4634
20510	81.4634
20520	66.8902
20530	53.5061
20540	63.5061
20550	73.5061
20560	64.0514
20570	74.0514
20580	64.6632
20590	74.6632
20600	84.6632
20610	72.5315
20620	82.5315
20630	69.77
20640	79.77
20650	65.3183
20660	75.3183
20670	60.2776
20680	70.2776
20690	60.5063
20700	70.5063
20710	61.2252
20720	71.2252
20730	81.2252
20740	70.7374
20750	80.7374
20760	67.9604
20770	77.9604
20780	63.641
20790	73.641
20800	60.5256
20810	70.5256
20820	60.563
20830	70.563
20840	80.563
20850	69.937
20860	79.937
20870	68.8388
20880	78.8388
20890	66.2207
20900	76.2207
20910	86.2207
20920	70.2131
20930	57.2463
20940	67.2463
20950	77.2463
20960	65.8895
20970	75.8895
20980	66.6256
20990	76.6256
21000	65.2837
21010	75.2837
21020	62.803
21030	72.803
21040	82.803
21050	68.4431
21060	55.6229
21070	65.6229
21080	75.6229
21090	65.9241
21100	75.9241
21110	66.6226
21120	76.6226
21130	65.4006
21140	75.4006
21150	85.4006
21160	71.3056
21170	81.3056
21180	66.6172
21190	53.8576
21200	63.8576
21210	73.8576
21220	64.1911
21230	74.1911
21240	64.9191
21250	74.9191
21260	84.9191
21270	72.111
21280	82.111
21290	69.546
21300	79.546
21310	64.9495
21320	74.9495
21330	60.5492
21340	70.5492
21350	60.7014
21360	70.7014
21370	61.5434
21380	71.5434
21390	81.5434
21400	70.4896
21410	80.4896
21420	67.6238
21430	77.6238
21440	63.1471
21450	73.1471
21460	60.5882
21470	70.5882
21480	60.7059
21490	70.7059
21500	80.7059
21510	70.1177
21520	80.1176
21530	69.0882
21540	79.0882
21550	66.1471
21560	76.1471
21570	86.1471
21580	69.8041
21590	57.2595
21600	67.2595
21610	77.2595
21620	65.8737
21630	75.8737
21640	66.7962
21650	76.7962
21660	65.7274
21670	75.7274
21680	62.5347
21690	72.5347
21700	82.5347
21710	68.2038
21720	55.7838
21730	65.7838
21740	75.7838
21750	66.0742
21760	76.0742
21770	67.1586
21780	77.1586
21790	65.6655
21800	75.6655
21810	85.6655
21820	70.6489
21830	80.6489
21840	66.2549
21850	53.7283
21860	63.7283
21870	73.7283
21880	64.1977
21890	74.1977
21900	65.4265
21910	75.4265
21920	85.4265
21930	72.4028
21940	82.4028
21950	69.1719
21960	79.1719
21970	64.8386
21980	74.8386
21990	60.3049
22000	70.3049
22010	60.7951
22020	70.7951
22030	61.7935
22040	71.7935
22050	81.7935
22060	70.5524
22070	80.5524
22080	67.4784
22090	77.4784
22100	63.3074
22110	73.3074
22120	60.4894
22130	70.4894
22140	60.622
22150	70.622
22160	80.622
22170	70.148
22180	80.148
22190	68.9091
22200	78.9091
22210	66.1539
22220	76.1539
22230	86.1539
22240	70.1073
22250	57.1275
22260	67.1275
22270	77.1275
22280	65.688
22290	75.688
22300	66.684
22310	76.684
22320	65.5055
22330	75.5055
22340	62.886
22350	72.886
22360	82.886
22370	68.829
22380	55.8705
22390	65.8705
22400	75.8705
22410	65.4478
22420	75.4478
22430	66.5277
22440	76.5277
22450	65.4336
22460	75.4336
22470	85.4336
22480	71.1625
22490	81.1625
22500	67.1847
22510	54.3017
22520	64.3017
22530	74.3017
22540	63.5659
22550	73.5659
22560	64.6978
22570	74.6978
22580	84.6978
22590	72.0041
22600	82.0041
22610	69.5498
22620	79.5498
22630	65.6674
22640	75.6674
22650	61.1347
22660	71.1347
22670	60.1888
22680	70.1888
22690	61.4258
22700	71.4258
22710	81.4258
22720	69.9004
22730	79.9004
22740	67.5758
22750	77.5758
22760	63.8363
22770	73.8362
22780	61.2003
22790	71.2003
22800	60.3785
22810	70.3785
22820	80.3785
22830	70.2941
22840	80.2941
22850	68.159
22860	78.159
22870	65.9504
22880	75.9504
22890	85.9504
22900	70.5049
22910	57.9562
22920	67.9562
22930	77.9562
22940	65.4532
22950	75.4532
22960	66.8672
22970	76.8672
22980	64.7256
22990	74.7256
23000	62.6153
23010	72.6153
23020	82.6153
23030	69.0376
23040	56.6516
23050	66.6516
23060	76.6516
23070	65.407
23080	75.407
23090	66.7473
23100	76.7473
23110	64.5334
23120	74.5334
23130	84.5334
23140	70.9562
23150	80.9562
23160	67.0851
23170	54.9276
23180	64.9276
23190	74.9276
23200	63.8639
23210	56.6483
23220	66.6483
23230	76.6483
23240	65.2157
23250	56.5666
23260	66.5666
23270	76.5666
23280	64.3612
23290	54.0323
23300	64.0323
23310	74.0323
23320	64.6861
23330	53.9743
23340	63.9743
23350	57.0615
23360	67.0615
23370	58.5668
23380	68.5668
23390	58.2083
23400	68.2083
23410	57.9357
23420	67.9357
23430	60.2473
23440	70.2473
23450	59.3516
23460	69.3516
23470	59.1079
23480	69.1079
23490	60.6459
23500	70.6459
23510	80.6459
23520	69.0936
23530	79.0936
23540	67.1925
23550	77.1925
23560	66.342
23570	76.342
23580	63.7633
23590	73.7633
23600	61.8882
23610	71.8882
23620	57.9397
23630	67.9397
23640	77.9397
23650	68.9369
23660	78.9369
23670	67.0933
23680	77.0933
23690	87.0933
23700	74.6933
23710	62.16
23720	72.16
23730	60.3245
23740	70.3245
23750	80.3245
23760	64.584
23770	74.584
23780	65.3812
23790	75.3812
23800	63.577
23810	73.577
23820	83.5769
23830	72.8238
23840	60.3457
23850	70.3457
23860	80.3457
23870	66.8883
23880	76.8883
23890	63.0319
23900	73.0319
23910	63.6749
23920	73.6749
23930	61.8224
23940	71.8224
23950	81.8224
23960	71.1039
23970	58.664
23980	68.664
23990	78.664
24000	66.8591
24010	76.8591
24020	63.0868
24030	73.0868
24040	63.8044
24050	73.8044
24060	83.8044
24070	70.0832
24080	80.0832
24090	69.4445
24100	79.4444
24110	65.3704
24120	75.3704
24130	63.3598
24140	73.3598
24150	59.6296
24160	69.6296
24170	79.6296
24180	68.8889
24190	78.8889
24200	66.8783
24210	76.8783
24220	66.2434
24230	76.2434
24240	63.8889
24250	73.8889
24260	61.8783
24270	71.8783
24280	58.1287
24290	68.1287
24300	78.1287
24310	68.8847
24320	78.8847
24330	66.9005
24340	76.9005
24350	86.9005
24360	74.7156
24370	62.406
24380	72.406
24390	60.4267
24400	70.4267
24410	80.4267
24420	64.5886
24430	74.5886
24440	65.4035
24450	75.4035
24460	63.4914
24470	73.4914
24480	83.4914
24490	72.8661
24500	60.649
24510	70.649
24520	80.649
24530	66.6664
24540	76.6664
24550	62.7933
24560	72.7933
24570	63.6928
24580	73.6928
24590	61.8551
24600	71.8551
24610	81.8551
24620	71.1702
24630	59.1457
24640	69.1457
24650	79.1457
24660	66.836
24670	76.836
24680	62.8957
24690	72.8957
24700	63.6762
24710	73.6762
24720	83.6762
24730	69.8223
24740	79.8223
24750	69.2442
24760	79.2442
24770	65.6838
24780	75.6838
24790	63.4797
24800	73.4797
24810	59.5851
24820	69.5851
24830	79.585
24840	68.9822
24850	78.9822
24860	66.7057
24870	76.7057
24880	65.9296
24890	75.9296
24900	64.2231
24910	74.2231
24920	62.2261
24930	72.2261
24940	58.087
24950	68.087
24960	78.087
24970	69.167
24980	79.167
24990	66.5133
25000	76.5133
25010	86.5133
25020	74.0846
25030	62.6146
25040	72.6146
25050	60.6342
25060	70.6342
25070	80.6342
25080	64.4841
25090	57.0378
25100	67.0378
25110	56.8556
25120	66.8556
25130	76.8556
25140	67.7567
25150	58.0556
25160	68.0556
25170	78.0556
25180	65.7401
25190	75.7401
25200	63.3338
25210	52.4457
25220	62.4457
25230	72.4457
25240	63.7619
25250	73.7619
25260	64.7103
25270	54.7859
25280	64.7859
25290	74.7859
25300	64.1984
25310	74.1984
25320	61.8475
25330	71.8475
25340	59.2905
25350	69.2905
25360	62.046
25370	72.046
25380	63.1007
25390	73.1007
25400	61.4493
25410	71.4493
25420	60.5376
25430	70.5376
25440	58.3791
25450	68.3791
25460	57.7307
25470	67.7307
25480	60.3741
25490	70.3741
25500	61.5212
25510	71.5212
25520	61.4713
25530	71.4713
25540	60.5237
25550	70.5237
25560	58.3791
25570	68.3791
25580	57.7183
25590	67.7183
25600	60.3711
25610	70.3711
25620	80.3711
25630	69.969
25640	59.9486
25650	69.9486
25660	59.0491
25670	69.0491
25680	79.0491
25690	65.1375
25700	54.2718
25710	64.2718
25720	56.9973
25730	66.9973
25740	76.9973
25750	67.9719
25760	57.8907
25770	67.8907
25780	77.8907
25790	65.3646
25800	75.3646
25810	63.4057
25820	52.6405
25830	62.6405
25840	72.6405
25850	64.0101
25860	74.0101
25870	64.7654
25880	54.6177
25890	64.6177
25900	74.6177
25910	63.8138
25920	73.8138
25930	61.9108
25940	71.9108
25950	59.4762
25960	69.4762
25970	62.3336
25980	72.3336
25990	63.015
26000	73.015
26010	61.2704
26020	71.2704
26030	60.3239
26040	70.3239
26050	58.5012
26060	68.5012
26070	57.8624
26080	67.8624
26090	60.7617
26100	70.7617
26110	61.3022
26120	71.3022
26130	61.2531
26140	71.2531
26150	60.3194
26160	70.3194
26170	58.5012
26180	68.5012
26190	57.8624
26200	67.8624
26210	60.7617
26220	70.7617
26230	80.7617
26240	69.6806
26250	59.6314
26260	69.6315
26270	58.6978
26280	68.6978
26290	78.6978
26300	65.0614
26310	54.4276
26320	64.4276
26330	57.2934
26340	67.2934
26350	77.2934
26360	67.7663
26370	57.799
26380	67.799
26390	77.799
26400	64.9738
26410	74.9738
26420	63.2484
26430	52.6879
26440	62.6879
26450	72.6879
26460	64.0227
26470	74.0227
26480	64.4624
26490	54.7537
26500	64.7537
26510	74.7537
26520	63.6215
26530	73.6215
26540	61.9277
26550	71.9277
26560	59.6909
26570	69.6908
26580	62.3519
26590	72.3519
26600	62.7089
26610	72.7089
26620	61.4353
26630	71.4353
26640	60.1486
26650	70.1486
26660	58.5096
26670	68.5096
26680	58.0288
26690	68.0288
26700	60.7212
26710	70.7212
26720	61.1097
26730	71.1097
26740	61.5061
26750	71.5061
26760	60.1812
26770	70.1812
26780	58.409
26790	68.409
26800	57.9651
26810	67.9651
26820	60.6954
26830	70.6954
26840	80.6954
26850	69.5034
26860	59.879
26870	69.879
26880	58.6044
26890	68.6044
26900	78.6044
26910	64.9528
26920	54.5679
26930	64.5679
26940	57.355
26950	67.355
26960	77.355
26970	67.8634
26980	57.8814
26990	67.8814
27000	77.8814
27010	64.9165
27020	74.9165
27030	63.1568
27040	52.7733
27050	62.7733
27060	72.7733
27070	64.1763
27080	74.1763
27090	64.7357
27100	54.7313
27110	64.7313
27120	74.7313
27130	63.4806
27140	73.4806
27150	61.8037
27160	71.8037
27170	59.5697
27180	69.5697
27190	62.4834
27200	72.4834
27210	63.1289
27220	73.1289
27230	61.5504
27240	71.5503
27250	59.9526
27260	69.9526
27270	58.3459
27280	68.3459
27290	57.8845
27300	67.8845
27310	60.84
27320	70.84
27330	61.5381
27340	71.5381
27350	61.4772
27360	71.4772
27370	59.9553
27380	69.9553
27390	58.4618
27400	68.4618
27410	57.852
27420	67.852
27430	60.6782
27440	70.6783
27450	80.6782
27460	69.9375
27470	59.7516
27480	69.7516
27490	58.3841
27500	68.3841
27510	78.3841
27520	65.253
27530	54.4677
27540	64.4677
27550	57.3405
27560	67.3405
27570	77.3405
27580	68.265
27590	57.8721
27600	67.8721
27610	77.8721
27620	64.8058
27630	74.8058
27640	63.3357
27650	52.5947
27660	62.5947
27670	72.5947
27680	64.1595
27690	74.1595
27700	65.2313
27710	54.7343
27720	64.7343
27730	74.7343
27740	63.6608
27750	73.6608
27760	61.8907
27770	71.8907
27780	59.1173
27790	69.1173
27800	62.2641
27810	72.2641
27820	63.4929
27830	73.4929
27840	61.3759
27850	71.3759
27860	60.4284
27870	70.4284
27880	58.6699
27890	68.6699
27900	57.4784
27910	67.4784
27920	60.3298
27930	70.3298
27940	61.6239
27950	71.6239
27960	61.2471
27970	71.247
27980	60.4135
27990	70.4135
28000	58.7815
28010	68.7815
28020	57.7211
28030	67.7211
28040	60.5096
28050	70.5096
28060	80.5096
28070	70.105
28080	59.6384
28090	69.6384
28100	58.6444
28110	68.6444
28120	78.6444
28130	65.2455
28140	54.2851
28150	64.2851
28160	57.1341
28170	67.1341
28180	77.1341
28190	68.4143
28200	58.0821
28210	68.0821
28220	78.0821
28230	65.1703
28240	75.1703
28250	63.547
28260	52.501
28270	62.501
28280	72.501
28290	63.7875
28300	73.7875
28310	65.1731
28320	54.9438
28330	64.9438
28340	74.9438
28350	63.6405
28360	73.6404
28370	62.0674
28380	72.0674
28390	59.2809
28400	69.2809
28410	61.9986
28420	71.9986
28430	63.3378
28440	73.3378
28450	61.4692
28460	71.4692
28470	60.2052
28480	70.2052
28490	58.7357
28500	68.7357
28510	57.7139
28520	67.7139
28530	60.2874
28540	70.2874
28550	61.5725
28560	71.5725
28570	61.5432
28580	71.5431
28590	60.1959
28600	70.1959
28610	58.7936
28620	68.7936
28630	57.7444
28640	67.7444
28650	60.1714
28660	70.1714
28670	80.1714
28680	69.9077
28690	59.9679
28700	69.9679
28710	58.7214
28720	68.7214
28730	78.7214
28740	65.3727
28750	54.3435
28760	64.3435
28770	56.735
28780	66.735
28790	76.7349
28800	67.989
28810	58.1978
28820	68.1978
28830	78.1978
28840	65.3081
28850	75.3081
28860	63.6968
28870	52.6164
28880	62.6164
28890	72.6164
28900	63.478
28910	73.478
28920	64.7433
28930	55.0526
28940	65.0526
28950	75.0527
28960	63.8263
28970	73.8263
28980	62.15
28990	72.15
29000	59.4809
29010	69.4809
29020	61.7128
29030	71.7128
29040	62.9063
29050	72.9063
29060	61.6925
29070	71.6925
29080	60.5617
29090	70.5617
29100	58.5796
29110	68.5796
29120	57.739
29130	67.739
29140	60.0374
29150	70.0374
29160	61.308
29170	71.308
29180	61.8116
29190	71.8116
29200	60.5804
29210	70.5804
29220	58.5163
29230	68.5163
29240	57.7666
29250	67.7666
29260	59.9048
29270	69.9048
29280	79.9048
29290	69.7219
29300	60.1892
29310	70.1892
29320	58.9579
29330	68.9579
29340	78.9579
29350	65.2049
29360	54.5853
29370	64.5853
29380	56.5559
29390	66.5559
29400	76.5559
29410	67.9157
29420	58.3673
29430	68.3672
29440	78.3672
29450	65.2486
29460	75.2486
29470	63.4047
29480	52.848
29490	62.848
29500	72.848
29510	63.3619
29520	73.3619
29530	64.6039
29540	55.0732
29550	65.0732
29560	75.0732
29570	63.7573
29580	73.7573
29590	61.9356
29600	71.9356
29610	59.6954
29620	69.6954
29630	61.747
29640	71.747
29650	63.0427
29660	73.0427
29670	61.5291
29680	71.5291
29690	60.2811
29700	70.2811
29710	58.5288
29720	68.5288
29730	58.0626
29740	68.0626
29750	60.161
29760	70.161
29770	61.4989
29780	71.4989
29790	61.5656
29800	71.5656
29810	60.3621
29820	70.3621
29830	58.4255
29840	68.4255
29850	58.0022
29860	68.0022
29870	60.138
29880	70.1381
29890	80.138
29900	69.8461
29910	59.9474
29920	69.9474
29930	58.8068
29940	68.8068
29950	78.8068
29960	65.1071
29970	54.766
29980	64.7661
29990	56.8205
30000	66.8205
30010	76.8205
30020	67.9653
30030	57.9691
30040	67.9691
30050	77.9691
30060	65.2388
30070	75.2388
30080	63.5281
30090	53.0889
30100	63.0889
30110	73.0889
30120	63.7065
30130	73.7065
30140	64.4852
30150	54.6123
30160	64.6123
30170	74.6123
30180	63.5625
30190	73.5625
30200	61.9665
30210	71.9665
30220	59.9199
30230	69.9199
30240	62.1049
30250	72.1049
30260	62.7912
30270	72.7912
30280	61.3206
30290	71.3206
30300	60.2372
30310	70.2372
30320	58.7433
30330	68.7433
30340	58.2797
30350	68.2797
30360	60.4074
30370	70.4074
30380	61.1448
30390	71.1448
30400	61.1546
30410	71.1546
30420	60.093
30430	70.093
30440	58.813
30450	68.813
30460	58.36
30470	68.36
30480	60.5761
30490	70.5761
30500	80.5761
30510	69.4505
30520	59.46
30530	69.46
30540	58.4896
30550	68.4896
30560	78.4896
30570	65.5138
30580	55.0509
30590	65.0509
30600	57.0842
30610	67.0842
30620	77.0842
30630	67.6181
30640	57.6591
30650	67.6591
30660	77.6591
30670	64.9692
30680	74.9692
30690	63.7837
30700	53.3406
30710	63.3406
30720	73.3407
30730	63.8709
30740	73.8709
30750	64.2807
30760	54.3589
30770	64.3589
30780	74.3589
30790	63.4747
30800	73.4747
30810	62.3585
30820	72.3585
30830	60.0999
30840	70.0999
30850	62.2001
30860	72.2001
30870	62.4516
30880	72.4516
30890	60.9058
30900	70.9058
30910	60.1236
30920	70.1236
30930	59.1138
30940	69.1138
30950	58.4195
30960	68.4195
30970	60.6098
30980	70.6098
30990	60.8537
31000	70.8537
31010	60.8537
31020	70.8537
31030	60.1219
31040	70.1219
31050	59.1495
31060	69.1495
31070	58.428
31080	68.428
31090	60.6379
31100	70.6378
31110	80.6378
31120	69.2374
31130	59.106
31140	69.106
31150	58.3489
31160	68.3489
31170	78.3489
31180	65.7383
31190	55.0743
31200	65.0743
31210	57.398
31220	67.398
31230	77.398
31240	67.421
31250	57.3672
31260	67.3672
31270	77.3672
31280	64.8826
31290	74.8826
31300	64.0075
31310	53.2987
31320	63.2987
31330	73.2987
31340	64.2866
31350	74.2866
31360	64.2164
31370	54.1396
31380	64.1396
31390	74.1396
31400	63.3248
31410	73.3248
31420	62.5121
31430	72.5121
31440	60.2288
31450	70.2288
31460	62.5498
31470	72.5498
31480	62.4701
31490	72.4701
31500	60.7171
31510	70.7171
31520	59.9203
31530	69.9203
31540	59.1273
31550	69.1273
31560	58.5801
31570	68.5801
31580	60.9058
31590	70.9058
31600	60.8563
31610	70.8563
31620	60.8268
31630	70.8268
31640	59.8822
31650	69.8822
31660	59.0422
31670	69.0422
31680	58.6058
31690	68.6058
31700	60.73
31710	70.73
31720	80.73
31730	69.0023
31740	59.1003
31750	69.1003
31760	58.2677
31770	68.2677
31780	78.2677
31790	65.7173
31800	55.3789
31810	65.379
31820	57.4114
31830	67.4114
31840	77.4114
31850	67.3261
31860	57.2638
31870	67.2638
31880	77.2638
31890	64.7441
31900	74.7441
31910	63.9567
31920	53.6417
31930	63.6417
31940	73.6417
31950	64.1979
31960	74.1979
31970	64.1313
31980	54.068
31990	64.068
32000	74.068
32010	63.3123
32020	73.3123
32030	62.3797
32040	72.3797
32050	60.4292
32060	70.4292
32070	62.369
32080	72.369
32090	62.327
32100	72.327
32110	60.7094
32120	70.7094
32130	60.0838
32140	70.0838
32150	59.2511
32160	69.2511
32170	58.9229
32180	68.9229
32190	60.703
32200	70.703
32210	60.6274
32220	70.6274
32230	60.5765
32240	70.5765
32250	59.9183
32260	69.9183
32270	59.1821
32280	69.1821
32290	58.925
32300	68.925
32310	60.6351
32320	70.6351
32330	80.6351
32340	68.9726
32350	58.9864
32360	68.9864
32370	58.3223
32380	68.3223
32390	78.3223
32400	65.8964
32410	55.5344
32420	65.5344
32430	57.1249
32440	67.1249
32450	77.1249
32460	67.2596
32470	57.1923
32480	67.1923
32490	77.1923
32500	64.9137
32510	74.9137
32520	64.1571
32530	53.865
32540	63.865
32550	73.865
32560	63.8604
32570	73.8604
32580	64.0571
32590	54.0299
32600	64.0299
32610	74.0299
32620	63.326
32630	73.326
32640	62.6287
32650	72.6287
32660	60.712
32670	70.712
32680	62.1003
32690	72.1002
32700	62.3459
32710	72.3459
32720	60.7044
32730	70.7044
32740	60.0539
32750	70.0539
32760	59.2065
32770	69.2065
32780	58.9057
32790	68.9057
32800	60.347
32810	70.347
32820	60.6489
32830	70.6488
32840	60.7163
32850	70.7163
32860	60.1232
32870	70.1232
32880	59.3146
32890	69.3146
32900	58.9762
32910	68.9762
32920	60.3123
32930	70.3123
32940	80.3123
32950	69.0494
32960	58.9766
32970	68.9765
32980	58.4131
32990	68.4131
33000	78.4131
33010	65.9586
33020	55.5756
33030	65.5756
33040	56.8873
33050	66.8873
33060	76.8873
33070	67.372
33080	57.2924
33090	67.2924
33100	77.2924
33110	64.9589
33120	74.9589
33130	64.3684
33140	54.0087
33150	64.0087
33160	74.0087
33170	63.4614
33180	73.4614
33190	64.0559
33200	53.9819
33210	63.9819
33220	73.9819
33230	63.4761
33240	73.4761
33250	62.9831
33260	72.9831
33270	60.788
33280	70.788
33290	61.651
33300	71.651
33310	62.2889
33320	72.2889
33330	60.59
33340	70.59
33350	60.0758
33360	70.0758
33370	59.5434
33380	69.5434
33390	59.1117
33400	69.1117
33410	60.0707
33420	70.0707
33430	60.6327
33440	70.6327
33450	60.7514
33460	70.7514
33470	60.2191
33480	70.2191
33490	59.5053
33500	69.5053
33510	59.0061
33520	69.0061
33530	59.9111
33540	69.9111
33550	79.9111
33560	68.9239
33570	59.1095
33580	69.1095
33590	58.6271
33600	68.6271
33610	78.6271
33620	66.1967
33630	55.7156
33640	65.7156
33650	56.5761
33660	66.5761
33670	76.5761
33680	67.223
33690	57.4253
33700	67.4253
33710	77.4253
33720	65.2361
33730	75.2361
33740	64.4073
33750	54.0228
33760	64.0228
33770	74.0228
33780	63.1803
33790	73.1803
33800	63.9629
33810	54.0925
33820	64.0925
33830	74.0925
33840	63.5788
33850	73.5788
33860	62.8571
33870	72.8571
33880	60.9
33890	70.9
33900	61.3662
33910	71.3662
33920	62.2368
33930	72.2368
33940	60.6859
33950	70.6859
33960	60.274
33970	70.274
33980	59.4605
33990	69.4605
34000	59.2989
34010	69.2989
34020	59.8006
34030	69.8006
34040	60.5322
34050	70.5322
34060	60.6142
34070	70.6142
34080	60.2647
34090	70.2647
34100	59.4839
34110	69.4839
34120	59.3654
34130	69.3654
34140	59.9089
34150	69.9089
34160	79.9089
34170	68.8342
34180	58.9435
34190	68.9435
34200	58.6157
34210	68.6157
34220	78.6157
34230	66.1202
34240	56.0109
34250	66.0109
34260	56.5574
34270	66.5574
34280	76.5574
34290	67.1085
34300	57.2257
34310	67.2257
34320	77.2257
34330	65.2211
34340	75.2211
34350	64.4846
34360	54.4091
34370	64.4091
34380	74.4091
34390	63.1741
34400	73.1741
34410	63.782
34420	53.9602
34430	63.9602
34440	73.9602
34450	63.5125
34460	73.5125
34470	62.8265
34480	72.8265
34490	61.1589
34500	71.1589
34510	61.4012
34520	71.4012
34530	62.0747
34540	72.0747
34550	60.6712
34560	70.6712
34570	60.2712
34580	70.2712
34590	59.4265
34600	69.4265
34610	59.4812
34620	69.4812
34630	59.7646
34640	69.7646
34650	60.3651
34660	70.3651
34670	60.6722
34680	70.6722
34690	60.3423
34700	70.3423
34710	59.375
34720	69.375
34730	59.5004
34740	69.5004
34750	59.7656
34760	69.7656
34770	79.7656
34780	68.5939
34790	58.9789
34800	68.9789
34810	58.7353
34820	68.7353
34830	78.7353
34840	65.9861
34850	56.1997
34860	66.1997
34870	56.425
34880	66.425
34890	76.425
34900	66.7445
34910	57.1612
34920	67.1612
34930	77.1612
34940	65.3136
34950	75.3136
34960	64.2918
34970	54.5524
34980	64.5524
34990	74.5524
35000	63.1577
35010	73.1577
35020	63.5308
35030	53.9155
35040	63.9155
35050	73.9155
35060	63.7057
35070	73.7057
35080	62.6229
35090	72.6229
35100	61.1963
35110	71.1963
35120	61.4246
35130	71.4246
35140	61.8712
35150	71.8712
35160	60.6924
35170	70.6924
35180	60.5133
35190	70.5133
35200	59.2743
35210	69.2743
35220	59.5221
35230	69.5221
35240	59.7699
35250	69.7699
35260	60.233
35270	70.233
35280	60.6488
35290	70.6488
35300	60.4866
35310	70.4866
35320	59.2696
35330	69.2696
35340	59.5435
35350	69.5435
35360	59.8233
35370	69.8233
35380	79.8233
35390	68.6926
35400	58.9753
35410	68.9753
35420	58.8252
35430	68.8252
35440	78.8252
35450	65.8943
35460	56.2203
35470	66.2203
35480	56.4406
35490	66.4406
35500	76.4406
35510	67.021
35520	57.2056
35530	67.2056
35540	77.2056
35550	65.2724
35560	75.2724
35570	64.1828
35580	54.5694
35590	64.5694
35600	74.5694
35610	63.0981
35620	73.0981
35630	63.7061
35640	53.8955
35650	63.8955
35660	73.8955
35670	63.6769
35680	73.6769
35690	62.3952
35700	72.3952
35710	61.1969
35720	71.1969
35730	61.4294
35740	71.4294
35750	62.0881
35760	72.0881
35770	60.683
35780	70.683
35790	60.5079
35800	70.5079
35810	59.0718
35820	69.0718
35830	59.5271
35840	69.5272
35850	59.7609
35860	69.7609
35870	60.4542
35880	70.4542
35890	60.7449
35900	70.7449
35910	60.634
35920	70.634
35930	59.1227
35940	69.1227
35950	59.4774
35960	69.4773
35970	59.6167
35980	69.6167
35990	79.6167
36000	68.7805
