10	11
20	10
30	3
40	3
50	3
60	3
70	5.5
80	15.5
90	25.5
100	21.5
110	31.5
120	20
130	30
140	40
150	25
160	35
170	20
180	30
190	40
200	25
210	35
220	22.1667
230	32.1667
240	42.1667
250	34.3333
260	26.6667
270	36.6667
280	46.6667
290	33.3333
300	43.3333
310	33.3333
320	43.3333
330	30.6667
340	40.6667
350	33
360	43
370	53
380	30
390	25
400	35
410	45
420	37.5
430	47.5
440	27.5
450	37.5
460	30
470	25
480	35
490	45
500	35
510	45
520	31.3
530	41.3
540	32.95
550	42.95
560	30
570	40
580	50
590	33.2
600	43.2
610	35.7333
620	45.7333
630	55.7333
640	46.5
650	38.8333
660	48.8333
670	58.8333
680	43.0833
690	36.25
700	46.25
710	56.25
720	46.25
730	36.25
740	46.25
750	56.25
760	36.25
770	46.25
780	41.25
790	51.25
800	43.9722
810	53.9722
820	42.6389
830	52.6389
840	44.5556
850	54.5556
860	38.8889
870	48.8889
880	58.8889
890	46.1556
900	56.1556
910	42.5556
920	52.5556
930	41.1556
940	51.1556
950	43.1556
960	53.1556
970	49.8
980	59.8
990	50.9727
1000	60.9727
1010	51.5727
1020	61.5727
1030	49.0182
1040	59.0182
1050	69.0182
1060	54.1091
1070	64.1091
1080	54.5333
1090	64.5333
1100	54.2152
1110	64.2152
1120	74.2152
1130	58.9424
1140	68.9424
1150	48.9424
1160	58.9424
1170	68.9424
1180	60.8333
1190	70.8333
1200	55.8333
1210	65.8333
1220	52.6795
1230	62.6795
1240	45.6987
1250	55.6987
1260	65.6987
1270	60.2308
1280	70.2308
1290	58.709
1300	45.0782
1310	55.0782
1320	65.0782
1330	55.9705
1340	49.841
1350	59.841
1360	69.841
1370	58.5077
1380	47.1744
1390	57.1744
1400	67.1744
1410	61.3744
1420	71.3744
1430	66.4115
1440	76.4115
1450	86.4115
1460	69.3865
1470	56.4326
1480	66.4326
1490	76.4326
1500	66.24
1510	57.9863
1520	67.9863
1530	77.9863
1540	64.365
1550	50.8356
1560	60.8356
1570	51.8934
1580	61.8934
1590	71.8934
1600	66.011
1610	76.011
1620	62.4816
1630	72.4816
1640	56.1581
1650	66.1581
1660	57.5241
1670	67.5241
1680	77.5241
1690	67.8999
1700	77.8999
1710	69.2627
1720	79.2627
1730	89.2627
1740	71.4849
1750	81.4849
1760	72.366
1770	82.366
1780	67.5268
1790	77.5268
1800	87.5268
1810	72.1316
1820	82.1316
1830	68.3993
1840	78.3993
1850	66.3028
1860	76.3028
1870	64.1115
1880	74.1115
1890	57.0439
1900	67.0439
1910	77.0439
1920	66.2544
1930	76.2544
1940	60.0639
1950	70.0639
1960	63.381
1970	73.381
1980	83.381
1990	70.0152
2000	80.0152
2010	67.7246
2020	77.7246
2030	87.7246
2040	71.7863
2050	81.7863
2060	67.0655
2070	77.0655
2080	64.6791
2090	74.6791
2100	84.6791
2110	73.3902
2120	83.3902
2130	71.0302
2140	81.0302
2150	68.6433
2160	78.6433
2170	88.6433
2180	71.7233
2190	81.7233
2200	68.5089
2210	78.5089
2220	88.5089
2230	71.4452
2240	81.4452
2250	61.4319
2260	50.5459
2270	60.5459
2280	70.5459
2290	60.8467
2300	70.8467
2310	65.5555
2320	75.5556
2330	64.8148
2340	74.8148
2350	61.4815
2360	71.4815
2370	60.7989
2380	70.7989
2390	80.7989
2400	68.7394
2410	78.7394
2420	65.9709
2430	75.9709
2440	64.1772
2450	74.1772
2460	84.1772
2470	64.0939
2480	74.0939
2490	66.5286
2500	76.5286
2510	86.5286
2520	70.7952
2530	80.7952
2540	64.9857
2550	74.9857
2560	63.8857
2570	73.8857
2580	83.8857
2590	73.5429
2600	83.5429
2610	72.0484
2620	82.0484
2630	63.0161
2640	73.0161
2650	62.4301
2660	72.4301
2670	61.2271
2680	71.2271
2690	60.6304
2700	70.6304
2710	80.6304
2720	67.9046
2730	77.9046
2740	64.3652
2750	74.3652
2760	84.3652
2770	68.5863
2780	78.5863
2790	70.1589
2800	80.1589
2810	90.1589
2820	72.8753
2830	82.8753
2840	67.6061
2850	77.6061
2860	67.605
2870	77.605
2880	87.605
2890	73.5756
2900	83.5756
2910	69.1984
2920	79.1984
2930	58.0397
2940	68.0397
2950	78.0397
2960	68.8143
2970	78.8143
2980	69.1964
2990	79.1964
3000	65.0835
3010	75.0835
3020	60.4814
3030	70.4814
3040	60.5863
3050	70.5863
3060	80.5863
3070	68.7507
3080	78.7507
3090	69.2913
3100	57.6697
3110	67.6697
3120	77.6697
3130	64.8649
3140	74.8649
3150	61.8919
3160	71.8919
3170	81.8919
3180	70.2703
3190	58.6486
3200	68.6487
3210	59.7653
3220	69.7653
3230	79.7653
3240	68.2575
3250	78.2575
3260	67.0626
3270	77.0626
3280	87.0626
3290	73.5426
3300	83.5426
3310	67.6581
3320	77.6581
3330	62.7092
3340	72.7092
3350	82.7092
3360	67.5645
3370	77.5645
3380	65.9132
3390	75.9132
3400	65.718
3410	75.718
3420	85.718
3430	73.8888
3440	63.8476
3450	73.8476
3460	83.8476
3470	66.8354
3480	76.8354
3490	63.2012
3500	73.2012
3510	58.9375
3520	68.9375
3530	78.9375
3540	69.616
3550	79.616
3560	67.8894
3570	77.8894
3580	87.8894
3590	69.6307
3600	58.7005
3610	68.7005
3620	57.7187
3630	67.7187
3640	77.7187
3650	67.907
3660	61.6279
3670	71.6279
3680	81.6279
3690	68.1463
3700	55.1902
3710	65.1902
3720	53.4243
3730	63.4243
3740	54.4089
3750	64.4089
3760	57.436
3770	67.436
3780	77.436
3790	66.1061
3800	76.1061
3810	62.089
3820	72.089
3830	82.089
3840	75.3977
3850	85.3977
3860	71.8052
3870	81.8052
3880	91.8051
3890	79.2802
3900	66.0472
3910	76.0472
3920	61.3165
3930	71.3165
3940	81.3165
3950	61.7066
3960	48.5461
3970	58.5461
3980	68.5461
3990	63.7645
4000	73.7645
4010	66.7116
4020	76.7116
4030	68.5744
4040	78.5744
4050	88.5744
4060	75.3789
4070	61.8805
4080	71.8805
4090	81.8805
4100	68.4615
4110	59.2308
4120	69.2308
4130	57.6923
4140	67.6923
4150	77.6923
4160	66.5385
4170	55.416
4180	65.416
4190	53.9972
4200	63.9972
4210	73.9971
4220	62.2279
4230	72.2279
4240	65.7265
4250	75.7265
4260	65.3091
4270	75.3091
4280	62.9526
4290	72.9526
4300	61.8247
4310	71.8247
4320	61.7963
4330	71.7963
4340	61.4656
4350	71.4656
4360	60.2411
4370	70.2411
4380	80.2411
4390	68.1576
4400	78.1576
4410	63.1428
4420	73.1428
4430	83.1428
4440	68.3723
4450	78.3723
4460	67.2909
4470	77.2909
4480	67.1756
4490	77.1756
4500	87.1756
4510	75.9629
4520	85.9629
4530	73.7146
4540	83.7146
4550	70.4294
4560	80.4294
4570	90.4293
4580	71.3375
4590	81.3375
4600	60.3175
4610	70.3175
4620	80.3175
4630	68.8889
4640	78.8889
4650	66.0764
4660	76.0764
4670	67.6178
4680	77.6178
4690	87.6178
4700	76.3343
4710	86.3343
4720	69.7945
4730	79.7945
4740	66.4626
4750	76.4626
4760	86.4626
4770	74.0422
4780	84.0422
4790	69.718
4800	79.718
4810	89.718
4820	72.6673
4830	82.6673
4840	65.8505
4850	75.8505
4860	64.3312
4870	74.3312
4880	84.3312
4890	71.4829
4900	81.4829
4910	66.4661
4920	76.4661
4930	66.1941
4940	76.1941
4950	62.4147
4960	72.4147
4970	60.7634
4980	70.7635
4990	80.7635
5000	70.3349
5010	80.3349
5020	66.8027
5030	76.8027
5040	86.8027
5050	72.4028
5060	82.4028
5070	66.9227
5080	76.9227
5090	67.6632
5100	77.6632
5110	87.6632
5120	75.8383
5130	85.8383
5140	69.5916
5150	79.5916
5160	89.5916
5170	71.653
5180	81.653
5190	66.8688
5200	76.8688
5210	66.5976
5220	76.5976
5230	86.5976
5240	73.8396
5250	83.8396
5260	67.8303
5270	77.8303
5280	64.1039
5290	74.1039
5300	61.9552
5310	71.9553
5320	61.8266
5330	71.8266
5340	81.8266
5350	71.3789
5360	81.3789
5370	68.1562
5380	78.1562
5390	62.8711
5400	72.8711
5410	82.8711
5420	69.4845
5430	79.4845
5440	67.6315
5450	77.6315
5460	87.6315
5470	76.2577
5480	86.2577
5490	71.837
5500	81.837
5510	91.837
5520	76.4389
5530	64.1154
5540	74.1154
5550	58.3495
5560	68.3495
5570	78.3495
5580	69.2744
5590	58.2867
5600	68.2867
5610	78.2867
5620	62.2117
5630	72.2117
5640	64.7004
5650	74.7004
5660	62.5566
5670	72.5566
5680	82.5566
5690	71.8278
5700	81.8278
5710	67.1837
5720	77.1837
5730	67.2447
5740	77.2447
5750	63.8153
5760	73.8153
5770	61.4071
5780	71.4071
5790	58.0436
5800	68.0436
5810	56.7097
5820	66.7097
5830	60
5840	70
5850	80
5860	70.3908
5870	60.2146
5880	70.2146
5890	80.2146
5900	68.0389
5910	56.7767
5920	66.7767
5930	76.7767
5940	62.6078
5950	72.6078
5960	64.6078
5970	55.1961
5980	65.1961
5990	75.1961
6000	65.1765
6010	75.1765
6020	61.8824
6030	55.0588
6040	65.0588
6050	75.0588
6060	65.2941
6070	75.2941
6080	61.2941
6090	71.2941
6100	58.3735
6110	68.3735
6120	57.2709
6130	67.2709
6140	60.7671
6150	70.7671
6160	63.6768
6170	73.6768
6180	64.4739
6190	74.4739
6200	84.4739
6210	68.9348
6220	58.185
6230	68.185
6240	78.185
6250	61.2644
6260	71.2644
6270	62.2989
6280	54.5977
6290	64.5977
6300	74.5977
6310	65.0575
6320	75.0575
6330	66.1106
6340	76.1106
6350	86.1106
6360	72.0569
6370	82.057
6380	65.3085
6390	75.3085
6400	85.3085
6410	71.3528
6420	81.3528
6430	66.8713
6440	76.8713
6450	65.5682
6460	75.5682
6470	66.8182
6480	76.8182
6490	86.8182
6500	72.2727
6510	59.7741
6520	69.7741
6530	79.7741
6540	67.6744
6550	77.6744
6560	61.2007
6570	71.2007
6580	61.6978
6590	71.6978
6600	61.5198
6610	71.5198
6620	60.5078
6630	70.5078
6640	63.8399
6650	73.8399
6660	63.9273
6670	73.9273
6680	83.9273
6690	71.9524
6700	81.9524
6710	67.6044
6720	77.6044
6730	87.6044
6740	68.4615
6750	78.4615
6760	68.5804
6770	78.5804
6780	64.9888
6790	74.9888
6800	84.9888
6810	72.1881
6820	82.1881
6830	70.108
6840	80.108
6850	67.6079
6860	77.6079
6870	64.8577
6880	74.8577
6890	62.3057
6900	72.3057
6910	57.3359
6920	67.3359
6930	59.3254
6940	69.3254
6950	59.3236
6960	69.3236
6970	79.3236
6980	68.3496
6990	60.5887
7000	70.5887
7010	80.5887
7020	69.7256
7030	79.7256
7040	67.3427
7050	77.3427
7060	87.3427
7070	72.851
7080	82.851
7090	64.5077
7100	74.5077
7110	63.6913
7120	73.6913
7130	83.6913
7140	70.426
7150	80.426
7160	68.3673
7170	78.3673
7180	69.2857
7190	79.2857
7200	89.2857
7210	74.7959
7220	60.9224
7230	70.9224
7240	80.9224
7250	66.6945
7260	76.6945
7270	61.0589
7280	53.8257
7290	63.8257
7300	73.8257
7310	63.6739
7320	73.6739
7330	62.5404
7340	72.5404
7350	65.5642
7360	75.5642
7370	85.5642
7380	73.4162
7390	83.4162
7400	67.4
7410	77.4
7420	63.6
7430	73.6
7440	57.6
7450	67.6
7460	60.7
7470	70.7
7480	80.7
7490	72.5
7500	82.5
7510	70.4
7520	80.4
7530	64.4431
7540	74.4431
7550	62.4465
7560	72.4465
7570	56.6465
7580	66.6465
7590	76.6465
7600	67.7333
7610	60.8571
7620	70.8571
7630	61.9785
7640	71.9785
7650	81.9785
7660	66.8136
7670	57.1377
7680	67.1376
7690	77.1376
7700	62.1968
7710	72.1968
7720	62.5925
7730	72.5925
7740	62.6189
7750	72.6189
7760	63.2704
7770	73.2704
7780	63.3587
7790	73.3587
7800	83.3587
7810	71.1202
7820	81.1202
7830	65.8914
7840	75.8914
7850	85.8914
7860	70.5616
7870	80.5616
7880	67.5168
7890	77.5168
7900	64.7255
7910	74.7255
7920	84.7255
7930	74.3196
7940	63.49
7950	73.49
7960	83.49
7970	68.9708
7980	78.9708
7990	64.7662
8000	74.7662
8010	60.3571
8020	70.3571
8030	80.3571
8040	69.1071
8050	79.1071
8060	66.6071
8070	57.8571
8080	67.8571
8090	77.8571
8100	67.2321
8110	77.2321
8120	64.4643
8130	51.9571
8140	61.9571
8150	71.9571
8160	63.7845
8170	73.7845
8180	61.3691
8190	71.3691
8200	62.7532
8210	72.7532
8220	82.7532
8230	71.4909
8240	81.4909
8250	67.7042
8260	77.7042
8270	65.2313
8280	75.2313
8290	64.9519
8300	74.9519
8310	62.5555
8320	72.5555
8330	58.4024
8340	68.4024
8350	58.313
8360	68.313
8370	78.313
8380	68.6665
8390	60.388
8400	70.388
8410	80.388
8420	68.1739
8430	78.1739
8440	67.1304
8450	77.1304
8460	64.9565
8470	74.9565
8480	58.9565
8490	68.9565
8500	58.8885
8510	68.8885
8520	60.6636
8530	70.6636
8540	61.6189
8550	71.6189
8560	61.015
8570	71.015
8580	60.3805
8590	70.3805
8600	59.8276
8610	69.8276
8620	79.8276
8630	66.2931
8640	76.2931
8650	65.431
8660	75.431
8670	66.0477
8680	76.0478
8690	86.0477
8700	71.2944
8710	59.3768
8720	69.3768
8730	60.4372
8740	70.4372
8750	80.4372
8760	66.8505
8770	76.8505
8780	61.5453
8790	71.5453
8800	61.3048
8810	71.3048
8820	81.3048
8830	71.0269
8840	81.0269
8850	69.9311
8860	79.9311
8870	89.9311
8880	77.8109
8890	87.8109
8900	73.599
8910	83.599
8920	65.9889
8930	75.9889
8940	57.9251
8950	67.9251
8960	61.6667
8970	71.6667
8980	81.6667
8990	70.6865
9000	80.6865
9010	66.6102
9020	76.6102
9030	86.6102
9040	72.7193
9050	82.7193
9060	68.8614
9070	78.8614
9080	63.4389
9090	73.4389
9100	83.4389
9110	74.6268
9120	63.9476
9130	73.9476
9140	83.9476
9150	70.4339
9160	80.4339
9170	64.3222
9180	74.3222
9190	59.1129
9200	69.1129
9210	79.1129
9220	68.8112
9230	78.8112
9240	66.6096
9250	58.5946
9260	68.5946
9270	78.5946
9280	65.947
9290	75.947
9300	64.0353
9310	51.0483
9320	61.0483
9330	71.0483
9340	62.7838
9350	72.7838
9360	62.7751
9370	72.7751
9380	62.2312
9390	72.2312
9400	62.6479
9410	72.6479
9420	82.6479
9430	69.9498
9440	58.9764
9450	68.9764
9460	78.9764
9470	65.4331
9480	75.4331
9490	62.9134
9500	53.0598
9510	63.0598
9520	73.0598
9530	64.0078
9540	74.0078
9550	64.037
9560	74.037
9570	84.037
9580	73.202
9590	83.202
9600	70.1031
9610	80.1031
9620	63.7133
9630	73.7133
9640	62.5741
9650	72.5741
9660	57.8861
9670	67.8861
9680	77.8861
9690	69.8994
9700	79.8993
9710	70.3152
9720	80.3152
9730	90.3152
9740	76.0902
9750	86.0902
9760	67.6889
9770	77.6889
9780	65.1788
9790	75.1788
9800	85.1788
9810	68.4109
9820	78.4109
9830	69.9759
9840	79.9759
9850	69.0389
9860	79.0389
9870	89.0389
9880	75
9890	85
9900	66.791
9910	76.791
9920	86.791
9930	68.8308
9940	78.8308
9950	66.9347
9960	76.9347
9970	68.1864
9980	78.1864
9990	88.1864
10000	75.8956
10010	85.8956
10020	71.2031
10030	81.2031
10040	63.1984
10050	73.1984
10060	83.1984
10070	67.0388
10080	77.0388
10090	65.3285
10100	75.3285
10110	66.676
10120	76.676
10130	67.2885
10140	77.2885
10150	65.2496
10160	75.2496
10170	85.2496
10180	67.5957
10190	77.5957
10200	62.9331
10210	72.9331
10220	63.0582
10230	73.0582
10240	83.0582
10250	72.1467
10260	61.4413
10270	71.4413
10280	81.4413
10290	70.2393
10300	80.2393
10310	64.8608
10320	74.8608
10330	60.4494
10340	70.4494
10350	60.1788
10360	70.1788
10370	80.1788
10380	67.7077
10390	59.9281
10400	69.9281
10410	79.9281
10420	68.5611
10430	78.5612
10440	65.8993
10450	53.4532
10460	63.4532
10470	73.4532
10480	62.8777
10490	72.8777
10500	62.1583
10510	72.1583
10520	62.7338
10530	72.7338
10540	82.7338
10550	70.8809
10560	80.8809
10570	68.4856
10580	78.4856
10590	65.4721
10600	75.4721
10610	64.9847
10620	74.9847
10630	62.6595
10640	72.6595
10650	57.5714
10660	67.5714
10670	77.5714
10680	67.1429
10690	77.1429
10700	66.7857
10710	76.7857
10720	86.7857
10730	74.8058
10740	84.8058
10750	72.8481
10760	82.8481
10770	68.9306
10780	78.9306
10790	88.9306
10800	70.1764
10810	80.1764
10820	63.6336
10830	73.6336
10840	64.2801
10850	74.2801
10860	84.2801
10870	72.3147
10880	82.3147
10890	70.6797
10900	80.6797
10910	90.6797
10920	75.4351
10930	85.4351
10940	68.963
10950	78.963
10960	62.466
10970	72.466
10980	82.466
10990	71.568
11000	81.568
11010	69.123
11020	79.123
11030	67.8287
11040	77.8287
11050	87.8287
11060	73.5339
11070	83.5339
11080	67.673
11090	77.673
11100	60.9542
11110	70.9542
11120	80.9542
11130	71.5276
11140	81.5276
11150	68.762
11160	78.762
11170	88.762
11180	76.4273
11190	86.4273
11200	71.8408
11210	81.8408
11220	66.3419
11230	76.3419
11240	86.3419
11250	68.0896
11260	78.0896
11270	68.124
11280	78.124
11290	88.124
11300	74.0688
11310	84.0688
11320	72.1207
11330	82.1207
11340	68.0195
11350	78.0195
11360	63.0965
11370	73.0965
11380	83.0965
11390	67.3886
11400	77.3886
11410	66.5626
11420	76.5626
11430	86.5626
11440	73.8035
11450	83.8035
11460	71.2459
11470	81.2459
11480	67.6083
11490	77.6083
11500	87.6083
11510	71.3548
11520	81.3548
11530	65.9707
11540	75.9707
11550	65.1491
11560	75.1491
11570	85.1491
11580	71.8715
11590	81.8715
11600	69.3434
11610	79.3434
11620	89.3434
11630	74.3179
11640	84.318
11650	69.8976
11660	79.8976
11670	64.0557
11680	74.0557
11690	84.0557
11700	72.1045
11710	82.1045
11720	68.999
11730	78.999
11740	66.022
11750	76.022
11760	86.022
11770	73.0244
11780	83.0244
11790	67.8576
11800	77.8576
11810	62.3274
11820	72.3274
11830	82.3274
11840	71.7693
11850	81.7693
11860	69.0335
11870	79.0335
11880	89.0335
11890	74.7347
11900	84.7347
11910	72.1118
11920	82.1118
11930	66.0248
11940	76.0248
11950	86.0248
11960	69.0062
11970	79.0062
11980	68.1504
11990	78.1505
12000	88.1504
12010	73.9717
12020	83.9717
12030	71.4572
12040	81.4572
12050	68.7883
12060	78.7883
12070	62.3023
12080	72.3023
12090	82.3023
12100	66.92
12110	76.92
12120	66.1827
12130	76.1827
12140	86.1827
12150	73.9499
12160	83.9499
12170	71.8735
12180	81.8735
12190	68.9876
12200	78.9876
12210	88.9876
12220	70.8894
12230	80.8894
12240	65.5531
12250	75.5531
12260	64.4578
12270	74.4578
12280	84.4578
12290	71.6225
12300	81.6225
12310	69.7619
12320	79.7619
12330	89.7619
12340	75.5092
12350	85.5092
12360	69.0868
12370	79.0868
12380	64.0749
12390	74.0749
12400	84.0749
12410	71.8387
12420	81.8387
12430	67.8231
12440	77.8231
12450	66.3877
12460	76.3877
12470	65.3048
12480	75.3048
12490	61.5703
12500	71.5703
12510	81.5703
12520	66.6073
12530	76.6073
12540	67.6856
12550	77.6856
12560	87.6856
12570	73.2558
12580	83.2558
12590	70.2326
12600	80.2326
12610	66.0465
12620	76.0465
12630	64.0698
12640	74.0698
12650	60.6395
12660	70.6395
12670	80.6395
12680	70.2907
12690	80.2907
12700	67.6163
12710	77.6163
12720	87.6163
12730	70.7558
12740	61.1081
12750	71.1081
12760	60.7229
12770	70.7229
12780	80.7229
12790	65.2345
12800	75.2345
12810	66.4105
12820	76.4105
12830	86.4105
12840	71.9019
12850	81.9019
12860	67.1645
12870	77.1645
12880	66.194
12890	76.194
12900	64.4349
12910	74.4349
12920	84.4349
12930	68.6992
12940	78.6992
12950	68.6171
12960	78.6171
12970	88.6171
12980	73.7458
12990	83.7458
13000	67.2388
13010	57.2299
13020	67.2299
13030	77.2299
13040	65.7169
13050	75.7169
13060	62.1004
13070	72.1004
13080	82.1004
13090	72.2699
13100	82.2699
13110	69.5189
13120	79.5189
13130	64.4302
13140	74.4302
13150	62.0771
13160	72.0771
13170	62.3303
13180	72.3302
13190	82.3302
13200	67.0841
13210	59.8632
13220	69.8632
13230	79.8632
13240	69.029
13250	79.029
13260	63.8283
13270	73.8283
13280	62.9834
13290	72.9834
13300	62.8729
13310	72.8729
13320	60.9945
13330	70.9945
13340	58.7359
13350	68.7359
13360	59.4275
13370	69.4275
13380	60.1262
13390	70.1262
13400	80.1262
13410	69.3792
13420	79.3792
13430	68.6528
13440	78.6528
13450	88.6528
13460	73.3205
13470	61.253
13480	71.253
13490	56.3799
13500	66.3799
13510	76.3799
13520	67.2845
13530	77.2845
13540	66.2897
13550	76.2897
13560	65.1225
13570	75.1225
13580	85.1225
13590	71.9429
13600	60.1997
13610	70.1997
13620	80.1997
13630	63.2829
13640	56.6768
13650	66.6768
13660	57.4435
13670	67.4435
13680	58.1818
13690	68.1818
13700	58.7701
13710	68.7701
13720	58.8832
13730	68.8832
13740	57.7344
13750	67.7344
13760	57.8984
13770	67.8984
13780	60.7983
13790	53.2824
13800	63.2824
13810	73.2824
13820	62.3339
13830	53.9169
13840	63.9169
13850	73.9169
13860	61.1579
13870	53.2105
13880	63.2105
13890	73.2105
13900	65.5402
13910	56.616
13920	66.616
13930	76.616
13940	65.8266
13950	55.6804
13960	65.6804
13970	54.4901
13980	64.4901
13990	55.0414
14000	65.0415
14010	58.9654
14020	68.9654
14030	59.7441
14040	69.7441
14050	60.8333
14060	70.8333
14070	60.8333
14080	70.8333
14090	57.7083
14100	49.9479
14110	59.9479
14120	69.9479
14130	62.46
14140	54.7213
14150	64.7213
14160	74.7213
14170	64.1462
14180	55.8724
14190	65.8724
14200	75.8724
14210	62.8759
14220	53.0771
14230	63.0771
14240	56.8562
14250	66.8562
14260	57.5461
14270	67.5462
14280	58.9154
14290	68.9154
14300	59.251
14310	69.251
14320	58.3619
14330	68.3619
14340	58.2719
14350	68.2719
14360	60.6169
14370	52.7805
14380	62.7805
14390	72.7805
14400	62.2448
14410	54.5003
14420	64.5003
14430	74.5003
14440	61.5385
14450	53.273
14460	63.273
14470	73.273
14480	65.0318
14490	56.0804
14500	66.0804
14510	76.0804
14520	65.5779
14530	56.2814
14540	66.2814
14550	55.2764
14560	65.2764
14570	55.3769
14580	65.3769
14590	57.1357
14600	67.1357
14610	59.6232
14620	69.6232
14630	60.9028
14640	70.9028
14650	61.4807
14660	71.4807
14670	58.7618
14680	50.3241
14690	60.3241
14700	70.3241
14710	60.6931
14720	54.3564
14730	64.3564
14740	74.3564
14750	64.1584
14760	56.1881
14770	66.1881
14780	76.1881
14790	63.6139
14800	53.4158
14810	63.4158
14820	55.4455
14830	65.4455
14840	57.634
14850	67.634
14860	59.1637
14870	69.1637
14880	59.635
14890	69.635
14900	59.0655
14910	69.0655
14920	58.5845
14930	68.5845
14940	58.6275
14950	52.451
14960	62.451
14970	72.451
14980	62.464
14990	54.6904
15000	64.6904
15010	74.6904
15020	62.1152
15030	53.3028
15040	63.3028
15050	73.3028
15060	63.2743
15070	55.7641
15080	65.7641
15090	75.7641
15100	65.9786
15110	56.3897
15120	66.3897
15130	55.6522
15140	65.6522
15150	55.368
15160	65.368
15170	56.7909
15180	66.7909
15190	59.4324
15200	69.4324
15210	61.4286
15220	71.4286
15230	61.8137
15240	71.8137
15250	58.8372
15260	50.0706
15270	60.0706
15280	70.0706
15290	60.0275
15300	54.1237
15310	64.1237
15320	74.1237
15330	64.7657
15340	57.0574
15350	67.0574
15360	77.0574
15370	63.8679
15380	52.9286
15390	62.9286
15400	54.7876
15410	64.7876
15420	57.0601
15430	67.0601
15440	59.4675
15450	69.4675
15460	60.2966
15470	70.2966
15480	59.1667
15490	69.1667
15500	58.179
15510	68.179
15520	58.5631
15530	51.7867
15540	61.7867
15550	71.7867
15560	62.7907
15570	55.3915
15580	65.3914
15590	75.3914
15600	62.5351
15610	53.1268
15620	63.1268
15630	73.1268
15640	63.6454
15650	55.2844
15660	65.2844
15670	75.2844
15680	66.3889
15690	56.9444
15700	66.9444
15710	56.0648
15720	66.0648
15730	54.9537
15740	64.9537
15750	57.1386
15760	67.1386
15770	58.8278
15780	68.8278
15790	61.5507
15800	71.5507
15810	61.8282
15820	71.8282
15830	59.1309
15840	49.8617
15850	59.8618
15860	69.8618
15870	60.5188
15880	53.6895
15890	63.6895
15900	73.6895
15910	64.9279
15920	56.7293
15930	66.7293
15940	76.7293
15950	64.1397
15960	53.211
15970	63.211
15980	55.5578
15990	65.5578
16000	56.8636
16010	66.8636
16020	59.7432
16030	69.7432
16040	59.9899
16050	69.9899
16060	58.8928
16070	68.8928
16080	57.9241
16090	67.9241
16100	58.8429
16110	51.8735
16120	61.8735
16130	71.8735
16140	63.3937
16150	55.4751
16160	65.4751
16170	75.4751
16180	62.1407
16190	52.7496
16200	62.7496
16210	72.7496
16220	63.785
16230	55.3795
16240	65.3795
16250	75.3795
16260	66.6256
16270	57.0532
16280	67.0532
16290	55.6345
16300	65.6345
16310	54.2656
16320	64.2656
16330	57.1784
16340	67.1784
16350	59.1037
16360	69.1037
16370	61.9668
16380	71.9668
16390	62.3838
16400	72.3838
16410	58.8955
16420	49.0551
16430	59.0551
16440	69.0551
16450	60.5652
16460	54.0938
16470	64.0938
16480	74.0938
16490	65.0838
16500	56.995
16510	66.995
16520	76.995
16530	63.894
16540	52.3484
16550	62.3484
16560	55.2479
16570	65.2479
16580	57.3425
16590	67.3425
16600	60.0085
16610	70.0085
16620	60.0851
16630	70.0851
16640	59.0213
16650	69.0213
16660	57.5813
16670	67.5813
16680	58.5841
16690	52.2258
16700	62.2258
16710	72.2258
16720	63.3888
16730	55.2071
16740	65.2071
16750	75.2071
16760	62.3619
16770	52.8248
16780	62.8248
16790	72.8248
16800	63.5902
16810	55.4401
16820	65.4401
16830	75.4401
16840	66.7539
16850	57.0644
16860	67.0644
16870	56.2605
16880	66.2605
16890	54.5851
16900	64.5851
16910	57.0401
16920	67.0401
16930	58.9186
16940	68.9186
16950	61.8793
16960	71.8793
16970	62.3212
16980	72.3212
16990	59.3553
17000	49.3911
17010	59.3911
17020	69.3911
17030	60.4559
17040	53.6113
17050	63.6113
17060	73.6113
17070	65.2444
17080	57.4011
17090	67.4011
17100	77.4011
17110	64.6295
17120	52.3712
17130	62.3712
17140	55.1714
17150	65.1714
17160	56.9203
17170	66.9203
17180	60.2119
17190	70.2119
17200	60.1489
17210	70.1489
17220	59.339
17230	69.339
17240	57.285
17250	67.285
17260	58.6994
17270	52.1377
17280	62.1377
17290	72.1377
17300	64.115
17310	55.3891
17320	65.3891
17330	75.3891
17340	62.1053
17350	52.0648
17360	62.0648
17370	72.0648
17380	63.6032
17390	55.6275
17400	65.6275
17410	75.6275
17420	66.9231
17430	57.4524
17440	67.4524
17450	56.0955
17460	66.0955
17470	54.2662
17480	64.2662
17490	57.1289
17500	67.1289
17510	59.2237
17520	69.2237
17530	60.6266
17540	70.6266
17550	61.2987
17560	71.2987
17570	81.2987
17580	68.595
17590	78.595
17600	65.1378
17610	75.1378
17620	64.7985
17630	74.7985
17640	65.5754
17650	75.5754
17660	63.7946
17670	73.7946
17680	83.7946
17690	66.4249
17700	76.4249
17710	66.8076
17720	76.8076
17730	63.144
17740	73.144
17750	83.144
17760	70.9763
17770	61.9453
17780	71.9453
17790	81.9453
17800	68.6956
17810	78.6956
17820	63.004
17830	54.8221
17840	64.8221
17850	74.8221
17860	62.3025
17870	72.3026
17880	63.3532
17890	73.3532
17900	64.1655
17910	74.1655
17920	64.238
17930	74.238
17940	60.52
17950	70.52
17960	57.1133
17970	67.1133
17980	58.9696
17990	68.9696
18000	78.9696
18010	68.716
18020	60.9646
18030	70.9646
18040	80.9646
18050	69.1289
18060	79.1289
18070	63.4124
18080	73.4124
18090	60.2448
18100	70.2448
18110	60.6262
18120	70.6262
18130	62.0849
18140	72.0849
18150	62.5137
18160	72.5137
18170	62.1452
18180	72.1452
18190	82.1452
18200	66.3707
18210	55.0939
18220	65.0939
18230	57.0107
18240	67.0107
18250	77.0107
18260	67.0663
18270	59.1396
18280	69.1396
18290	79.1396
18300	67.2611
18310	77.2611
18320	63.4351
18330	73.4351
18340	60.1254
18350	70.1254
18360	60.3104
18370	70.3104
18380	80.3104
18390	70.3222
18400	60.9513
18410	70.9513
18420	80.9513
18430	68.9113
18440	78.9113
18450	63.3013
18460	52.0148
18470	62.0148
18480	72.0148
18490	62.4176
18500	72.4176
18510	63.8952
18520	73.8952
18530	64.3265
18540	74.3265
18550	64.0226
18560	74.0226
18570	60.1128
18580	70.1128
18590	57.1429
18600	67.1429
18610	59.0977
18620	69.0977
18630	79.0977
18640	69.0809
18650	61.0672
18660	71.0672
18670	81.0672
18680	68.9315
18690	78.9315
18700	62.8736
18710	72.8736
18720	59.9535
18730	69.9535
18740	60.5957
18750	70.5957
18760	62.303
18770	72.303
18780	62.7293
18790	72.7293
18800	62.4053
18810	72.4053
18820	82.4053
18830	66.3702
18840	54.877
18850	64.877
18860	56.9885
18870	66.9885
18880	76.9885
18890	66.89
18900	59.0544
18910	69.0544
18920	79.0544
18930	67.3811
18940	77.3811
18950	63.5905
18960	73.5905
18970	59.7619
18980	69.7619
18990	60.568
19000	70.568
19010	80.568
19020	70.1738
19030	60.9218
19040	70.9219
19050	80.9218
19060	69.1217
19070	79.1217
19080	63.639
19090	51.8505
19100	61.8505
19110	71.8505
19120	62.4289
19130	72.4289
19140	63.6595
19150	73.6595
19160	64.2591
19170	74.2591
19180	64.2336
19190	74.2336
19200	60.4694
19210	70.4694
19220	56.9504
19230	66.9504
19240	59.078
19250	69.078
19260	79.078
19270	68.7943
19280	60.913
19290	70.913
19300	80.913
19310	69.2657
19320	79.2657
19330	63.4873
19340	73.4873
19350	60.0297
19360	70.0297
19370	60.7326
19380	70.7326
19390	62.0989
19400	72.0989
19410	62.141
19420	72.141
19430	62.28
19440	72.28
19450	82.28
19460	66.6786
19470	55.1716
19480	65.1716
19490	57.165
19500	67.165
19510	77.165
19520	67.0877
19530	58.5625
19540	68.5625
19550	78.5625
19560	67.0515
19570	77.0515
19580	63.5424
19590	73.5424
19600	60.3678
19610	70.3678
19620	60.8494
19630	70.8494
19640	80.8494
19650	70.4878
19660	60.5575
19670	70.5575
19680	80.5575
19690	68.8153
19700	78.8153
19710	63.4697
19720	52.0899
19730	62.0899
19740	72.0899
19750	62.6696
19760	72.6696
19770	63.9432
19780	73.9432
19790	64.1315
19800	74.1315
19810	63.6424
19820	73.6424
19830	60.4203
19840	70.4203
19850	57.1232
19860	67.1232
19870	59.209
19880	69.209
19890	79.209
19900	69.0686
19910	60.9686
19920	70.9686
19930	80.9686
19940	68.7292
19950	78.7292
19960	63.4045
19970	73.4045
19980	60.3133
19990	70.3133
20000	60.785
20010	70.785
20020	61.9582
20030	71.9582
20040	62.4686
20050	72.4686
20060	62.0509
20070	72.0509
20080	82.0509
20090	66.5563
20100	55.0908
20110	65.0908
20120	57.2149
20130	67.2149
20140	77.2149
20150	66.827
20160	58.9254
20170	68.9254
20180	78.9254
20190	66.9037
20200	76.9037
20210	63.2855
20220	73.2855
20230	60.3321
20240	70.3321
20250	60.6175
20260	70.6175
20270	80.6175
20280	70.306
20290	60.8638
20300	70.8638
20310	80.8638
20320	68.8484
20330	78.8484
20340	63.3927
20350	52.2923
20360	62.2923
20370	72.2923
20380	62.4656
20390	72.4656
20400	63.4487
20410	73.4487
20420	64.0817
20430	74.0817
20440	63.849
20450	73.849
20460	60.4683
20470	70.4683
20480	57.7368
20490	67.7368
20500	59.2682
20510	69.2682
20520	79.2682
20530	68.3686
20540	60.4225
20550	70.4225
20560	80.4225
20570	68.5763
20580	78.5763
20590	63.4534
20600	73.4534
20610	60.9103
20620	70.9103
20630	60.8416
20640	70.8416
20650	61.6484
20660	71.6484
20670	62.1402
20680	72.1402
20690	61.7978
20700	71.7978
20710	81.7978
20720	66.8078
20730	56.0912
20740	66.0912
20750	57.329
20760	67.329
20770	77.329
20780	66.5798
20790	58.5998
20800	68.5998
20810	78.5998
20820	66.5973
20830	76.5973
20840	63.5673
20850	73.5673
20860	61.1641
20870	71.1641
20880	60.8845
20890	70.8845
20900	80.8845
20910	69.8052
20920	60.3896
20930	70.3896
20940	80.3896
20950	68.4416
20960	78.4416
20970	63.5483
20980	52.9128
20990	62.9128
21000	72.9128
21010	62.6808
21020	72.6808
21030	62.9668
21040	72.9668
21050	63.6297
21060	73.6297
21070	63.4913
21080	73.4913
21090	60.6517
21100	70.6517
21110	58.4892
21120	68.4892
21130	59.6451
21140	69.6451
21150	79.6451
21160	68.0215
21170	60.0234
21180	70.0234
21190	80.0234
21200	68.5057
21210	78.5057
21220	63.743
21230	73.743
21240	61.6131
21250	71.6131
21260	60.9497
21270	70.9497
21280	61.2846
21290	71.2846
21300	61.5414
21310	71.5414
21320	61.5834
21330	71.5834
21340	81.5834
21350	67.1235
21360	56.7395
21370	66.7395
21380	57.4509
21390	67.4509
21400	77.4509
21410	66.3379
21420	57.9885
21430	67.9885
21440	77.9885
21450	66.5109
21460	76.5109
21470	64.081
21480	74.081
21490	61.8069
21500	71.8069
21510	60.7542
21520	70.7542
21530	80.7542
21540	69.5831
21550	59.764
21560	69.764
21570	79.764
21580	68.3526
21590	78.3526
21600	64.1364
21610	53.6622
21620	63.6622
21630	73.6622
21640	62.6644
21650	72.6644
21660	62.6733
21670	72.6733
21680	62.9822
21690	72.9822
21700	63.3599
21710	73.3599
21720	61.0299
21730	71.0299
21740	58.8034
21750	68.8034
21760	59.2888
21770	69.2888
21780	79.2888
21790	67.6297
21800	59.6533
21810	69.6533
21820	79.6533
21830	68.6135
21840	78.6135
21850	64.4207
21860	74.4207
21870	61.8095
21880	71.8095
21890	60.8328
21900	70.8328
21910	60.7616
21920	70.7616
21930	61.3863
21940	71.3863
21950	62.0973
21960	72.0973
21970	82.0973
21980	67.7244
21990	56.6691
22000	66.6691
22010	57.4386
22020	67.4386
22030	77.4386
22040	65.8308
22050	57.7023
22060	67.7023
22070	77.7023
22080	66.9312
22090	76.9312
22100	64.3869
22110	74.3869
22120	61.6995
22130	71.6995
22140	60.7557
22150	70.7557
22160	80.7557
22170	69.3831
22180	59.5019
22190	69.5019
22200	79.5019
22210	68.7978
22220	78.7978
22230	64.4409
22240	53.4136
22250	63.4136
22260	73.4136
22270	62.5993
22280	72.5993
22290	63.0509
22300	73.0509
22310	62.7538
22320	72.7538
22330	63.5799
22340	73.5799
22350	61.218
22360	71.218
22370	58.5406
22380	68.5406
22390	59.3921
22400	69.3921
22410	79.3921
22420	68.2762
22430	59.2382
22440	69.2382
22450	79.2382
22460	68.5251
22470	78.5251
22480	64.3658
22490	74.3658
22500	61.7404
22510	71.7404
22520	61.0324
22530	71.0325
22540	61.5748
22550	71.5748
22560	60.8968
22570	70.8968
22580	61.6778
22590	71.6778
22600	81.6778
22610	67.6171
22620	56.7607
22630	66.7607
22640	57.422
22650	67.4221
22660	77.422
22670	66.5089
22680	57.5688
22690	67.5688
22700	77.5688
22710	66.7008
22720	76.7008
22730	64.5632
22740	74.5632
22750	61.8455
22760	71.8456
22770	60.6633
22780	70.6633
22790	80.6633
22800	69.7625
22810	59.3732
22820	69.3732
22830	79.3732
22840	68.636
22850	78.636
22860	64.527
22870	53.5345
22880	63.5345
22890	73.5345
22900	62.4785
22910	72.4785
22920	63.0644
22930	73.0644
22940	62.8045
22950	72.8045
22960	63.7079
22970	73.7079
22980	61.6149
22990	71.6149
23000	58.4887
23010	68.4887
23020	59.205
23030	69.205
23040	79.205
23050	67.9943
23060	59.4283
23070	69.4283
23080	79.4283
23090	68.4895
23100	78.4895
23110	64.6777
23120	74.6777
23130	61.6253
23140	71.6253
23150	60.7365
23160	70.7365
23170	61.2136
23180	71.2136
23190	61.1903
23200	71.1903
23210	61.7016
23220	71.7016
23230	81.7016
23240	68.0222
23250	56.8613
23260	66.8613
23270	57.1783
23280	67.1783
23290	77.1783
23300	66.1459
23310	57.5838
23320	67.5838
23330	77.5838
23340	66.5899
23350	76.5899
23360	64.8566
23370	74.8566
23380	62.0629
23390	72.0629
23400	60.6794
23410	70.6794
23420	80.6794
23430	69.4372
23440	59.2823
23450	69.2823
23460	79.2823
23470	68.4216
23480	78.4216
23490	64.9849
23500	53.8309
23510	63.8309
23520	73.8309
23530	62.3068
23540	72.3068
23550	62.8032
23560	72.8032
23570	62.7892
23580	72.7892
23590	63.5249
23600	73.5249
23610	61.5451
23620	71.5451
23630	58.6963
23640	68.6963
23650	58.9694
23660	68.9694
23670	78.9694
23680	67.9666
23690	59.5822
23700	69.5822
23710	79.5822
23720	68.5794
23730	78.5794
23740	64.6797
23750	74.6797
23760	61.8663
23770	71.8663
23780	60.5014
23790	70.5014
23800	61.1196
23810	71.1196
23820	61.1279
23830	71.1279
23840	61.764
23850	71.764
23860	81.764
23870	67.9148
23880	56.9143
23890	66.9143
23900	57.2734
23910	67.2734
23920	77.2734
23930	66.1851
23940	57.5978
23950	67.5978
23960	77.5978
23970	66.5283
23980	76.5283
23990	64.354
24000	74.354
24010	61.8347
24020	71.8347
24030	60.7547
24040	70.7547
24050	80.7547
24060	69.7763
24070	59.7416
24080	69.7416
24090	79.7416
24100	68.2574
24110	78.2574
24120	64.1946
24130	53.6413
24140	63.6413
24150	73.6413
24160	62.4532
24170	72.4532
24180	63.2301
24190	73.2301
24200	63.1182
24210	73.1182
24220	63.0528
24230	73.0528
24240	60.9274
24250	70.9274
24260	58.7263
24270	68.7263
24280	59.2141
24290	69.2141
24300	79.2141
24310	68.4282
24320	59.8916
24330	69.8916
24340	79.8916
24350	68.0488
24360	78.0488
24370	64.0921
24380	74.0921
24390	61.8793
24400	71.8793
24410	60.7674
24420	70.7673
24430	61.6235
24440	71.6235
24450	61.6033
24460	71.6033
24470	61.5344
24480	71.5344
24490	81.5344
24500	67.402
24510	56.7341
24520	66.7341
24530	57.1416
24540	67.1416
24550	77.1416
24560	66.5407
24570	58.0083
24580	68.0083
24590	78.0083
24600	66.3837
24610	76.3837
24620	64.1823
24630	74.1823
24640	61.884
24650	71.884
24660	60.6484
24670	70.6484
24680	80.6484
24690	69.9966
24700	59.8631
24710	69.8631
24720	79.8631
24730	68.3941
24740	78.3941
24750	64.0146
24760	53.3773
24770	63.3773
24780	73.3773
24790	62.3342
24800	72.3342
24810	63.242
24820	73.242
24830	63.1659
24840	73.1659
24850	63.4546
24860	73.4546
24870	60.892
24880	70.892
24890	58.5211
24900	68.5211
24910	59.1534
24920	69.1534
24930	79.1534
24940	68.5261
24950	59.7336
24960	69.7336
24970	79.7336
24980	68.4359
24990	78.4359
25000	64.0566
25010	74.0566
25020	61.7465
25030	71.7465
25040	60.8179
25050	70.8179
25060	61.8306
25070	71.8306
25080	61.2767
25090	71.2767
25100	61.5542
25110	71.5542
25120	81.5542
25130	67.2813
25140	56.7837
25150	66.7837
25160	57.278
25170	67.278
25180	77.278
25190	66.8376
25200	57.8523
25210	67.8523
25220	77.8523
25230	66.1835
25240	76.1835
25250	63.935
25260	73.935
25270	61.8873
25280	71.8873
25290	60.875
25300	70.875
25310	80.875
25320	70.5527
25330	59.8958
25340	69.8958
25350	79.8958
25360	67.9082
25370	77.9082
25380	63.8064
25390	53.4082
25400	63.4082
25410	73.4082
25420	62.4996
25430	72.4996
25440	63.8602
25450	73.8602
25460	63.358
25470	73.358
25480	63.0318
25490	73.0318
25500	60.6391
25510	70.6391
25520	58.2386
25530	68.2386
25540	59.0759
25550	69.0759
25560	79.0759
25570	68.9655
25580	60.2493
25590	70.2493
25600	80.2493
25610	68.3172
25620	78.3172
25630	63.9233
25640	73.9233
25650	61.5045
25660	71.5045
25670	60.5551
25680	70.5551
25690	62.0815
25700	72.0815
25710	61.7435
25720	71.7435
25730	61.5016
25740	71.5016
25750	81.5016
25760	67.3184
25770	56.5173
25780	66.5173
25790	57.2808
25800	67.2807
25810	77.2807
25820	67.1861
25830	58.1802
25840	68.1802
25850	78.1802
25860	66.2741
25870	76.2741
25880	63.9454
25890	73.9454
25900	61.3682
25910	71.3682
25920	60.734
25930	70.7341
25940	80.7341
25950	70.6203
25960	60.0136
25970	70.0136
25980	80.0136
25990	68.144
26000	78.144
26010	63.8439
26020	53.0903
26030	63.0903
26040	73.0903
26050	62.5432
26060	72.5432
26070	63.8528
26080	73.8528
26090	63.336
26100	73.336
26110	63.2324
26120	73.2325
26130	60.7863
26140	70.7863
26150	58.1784
26160	68.1784
26170	59.3229
26180	69.3229
26190	79.3229
26200	68.7244
26210	59.8997
26220	69.8997
26230	79.8997
26240	68.1104
26250	78.1104
26260	63.9302
26270	73.9302
26280	61.3493
26290	71.3493
26300	61.0024
26310	71.0024
26320	61.9116
26330	71.9116
26340	61.5937
26350	71.5937
26360	61.3919
26370	71.3919
26380	81.3919
26390	67.3172
26400	56.5749
26410	66.5749
26420	57.6351
26430	67.6351
26440	77.6351
26450	66.7252
26460	57.8981
26470	67.8981
26480	77.8981
26490	66.1977
26500	76.1977
26510	64.0952
26520	74.0952
26530	61.5508
26540	71.5508
26550	61.0148
26560	71.0148
26570	81.0148
26580	70.0586
26590	59.7356
26600	69.7356
26610	79.7356
26620	68.1731
26630	78.1731
26640	64.1106
26650	53.3413
26660	63.3413
26670	73.3413
26680	62.7293
26690	72.7292
26700	63.3423
26710	73.3423
26720	62.9395
26730	72.9395
26740	63.0389
26750	73.0389
26760	60.9349
26770	70.9348
26780	58.5626
26790	68.5626
26800	59.6585
26810	69.6585
26820	79.6585
26830	68.4447
26840	59.5695
26850	69.5695
26860	79.5695
26870	67.9154
26880	77.9154
26890	63.9964
26900	73.9964
26910	61.774
26920	71.774
26930	61.3549
26940	71.3549
26950	61.4804
26960	71.4804
26970	61.1822
26980	71.1822
26990	61.3438
27000	71.3438
27010	81.3438
27020	67.308
27030	56.8055
27040	66.8055
27050	57.8954
27060	67.8954
27070	77.8954
27080	66.2441
27090	57.6533
27100	67.6533
27110	77.6533
27120	66.3156
27130	76.3156
27140	63.9871
27150	73.9871
27160	61.7702
27170	71.7702
27180	61.1235
27190	71.1235
27200	81.1235
27210	69.5812
27220	59.5697
27230	69.5697
27240	79.5697
27250	68.3681
27260	78.3681
27270	64.1681
27280	53.5947
27290	63.5947
27300	73.5947
27310	62.6441
27320	72.6441
27330	62.8927
27340	72.8927
27350	63.0188
27360	73.0188
27370	63.2001
27380	73.2001
27390	61.021
27400	71.021
27410	58.7573
27420	68.7573
27430	59.2976
27440	69.2976
27450	79.2976
27460	68.077
27470	59.8891
27480	69.8891
27490	79.8891
27500	68.1579
27510	78.1579
27520	64.3374
27530	74.3374
27540	61.7894
27550	71.7894
27560	60.6636
27570	70.6636
27580	61.1441
27590	71.1441
27600	61.5213
27610	71.5213
27620	61.4953
27630	71.4953
27640	81.4953
27650	67.7065
27660	56.8334
27670	66.8334
27680	57.4195
27690	67.4195
27700	77.4195
27710	66.0478
27720	58.0585
27730	68.0585
27740	78.0585
27750	66.3671
27760	76.3671
27770	64.3735
27780	74.3736
27790	61.7398
27800	71.7398
27810	60.8897
27820	70.8897
27830	80.8897
27840	69.4746
27850	59.8581
27860	69.8581
27870	79.8581
27880	68.1738
27890	78.1738
27900	64.2144
27910	53.4009
27920	63.4009
27930	73.4009
27940	62.5928
27950	72.5928
27960	62.9039
27970	72.9039
27980	63.2292
27990	73.2292
28000	63.2936
28010	73.2936
28020	61.0067
28030	71.0067
28040	58.5548
28050	68.5548
28060	59.3714
28070	69.3714
28080	79.3714
28090	67.9665
28100	59.9127
28110	69.9127
28120	79.9127
28130	68.3885
28140	78.3885
28150	64.0587
28160	74.0587
28170	61.7374
28180	71.7374
28190	60.9567
28200	70.9567
28210	61.0981
28220	71.0981
28230	61.2794
28240	71.2794
28250	61.5149
28260	71.5149
28270	81.5149
28280	67.3504
28290	56.8867
28300	66.8867
28310	57.7569
28320	67.7569
28330	77.7569
28340	66.1997
28350	57.8804
28360	67.8804
28370	77.8804
28380	66.3423
28390	76.3423
28400	64.1176
28410	74.1176
28420	61.7459
28430	71.7459
28440	61.0802
28450	71.0802
28460	81.0802
28470	69.547
28480	59.6161
28490	69.6161
28500	79.6161
28510	68.0394
28520	78.0394
28530	64.0623
28540	53.5481
28550	63.5481
28560	73.5481
28570	62.9379
28580	72.9379
28590	62.8723
28600	72.8723
28610	63.0215
28620	73.0215
28630	63.087
28640	73.087
28650	60.8231
28660	70.8231
28670	58.6386
28680	68.6386
28690	59.6581
28700	69.6581
28710	79.6581
28720	68.0042
28730	59.7576
28740	69.7576
28750	79.7576
28760	68.0087
28770	78.0087
28780	63.8863
28790	73.8864
28800	61.7592
28810	71.7592
28820	61.3184
28830	71.3184
28840	61.3087
28850	71.3087
28860	61.4747
28870	71.4747
28880	61.312
28890	71.312
28900	81.312
28910	66.973
28920	56.7094
28930	66.7094
28940	57.8924
28950	67.8924
28960	77.8924
28970	66.1981
28980	57.9265
28990	67.9265
29000	77.9265
29010	66.0886
29020	76.0886
29030	63.6962
29040	73.6962
29050	61.788
29060	71.788
29070	61.377
29080	71.377
29090	81.377
29100	69.6263
29110	59.7851
29120	69.7851
29130	79.7851
29140	67.8835
29150	77.8835
29160	63.7186
29170	53.4238
29180	63.4238
29190	73.4238
29200	63.0557
29210	73.0557
29220	63.0652
29230	73.0652
29240	63.3149
29250	73.3149
29260	62.9417
29270	72.9417
29280	60.6501
29290	70.6501
29300	58.5229
29310	68.5229
29320	59.6908
29330	69.6908
29340	79.6908
29350	68.2034
29360	59.9739
29370	69.9739
29380	79.9739
29390	67.8509
29400	77.8509
29410	63.8849
29420	73.8848
29430	61.6334
29440	71.6334
29450	61.1608
29460	71.1608
29470	61.298
29480	71.298
29490	61.649
29500	71.649
29510	61.3214
29520	71.3213
29530	81.3214
29540	67.3453
29550	56.5501
29560	66.5501
29570	57.7028
29580	67.7028
29590	77.7028
29600	66.2153
29610	58.208
29620	68.208
29630	78.208
29640	66.3713
29650	76.3713
29660	64.0905
29670	74.0905
29680	61.392
29690	71.392
29700	60.8975
29710	70.8975
29720	80.8975
29730	69.4143
29740	60.0777
29750	70.0777
29760	80.0777
29770	68.4295
29780	78.4295
29790	64.2273
29800	53.1463
29810	63.1463
29820	73.1463
29830	62.6
29840	72.6
29850	62.6893
29860	72.6893
29870	63.4693
29880	73.4693
29890	63.4775
29900	73.4775
29910	61.2123
29920	71.2123
29930	58.2109
29940	68.2109
29950	59.3227
29960	69.3227
29970	79.3227
29980	67.8346
29990	60.1536
30000	70.1536
30010	80.1536
30020	68.4199
30030	78.4199
30040	64.3697
30050	74.3697
30060	61.368
30070	71.368
30080	60.7289
30090	70.7289
30100	60.9555
30110	70.9555
30120	61.8034
30130	71.8034
30140	61.5942
30150	71.5942
30160	81.5942
30170	67.6423
30180	56.4934
30190	66.4934
30200	57.4985
30210	67.4985
30220	77.4985
30230	66.1698
30240	58.3878
30250	68.3878
30260	78.3878
30270	66.3254
30280	76.3254
30290	64.3448
30300	74.3448
30310	61.3442
30320	71.3442
30330	60.7529
30340	70.7529
30350	80.7529
30360	69.573
30370	60.2157
30380	70.2157
30390	80.2157
30400	68.0525
30410	78.0525
30420	64.297
30430	53.155
30440	63.155
30450	73.155
30460	62.5576
30470	72.5576
30480	63.0918
30490	73.0918
30500	63.5573
30510	73.5573
30520	63.1763
30530	73.1763
30540	61.1626
30550	71.1626
30560	58.3388
30570	68.3388
30580	59.3978
30590	69.3978
30600	79.3978
30610	68.0561
30620	59.9547
30630	69.9547
30640	79.9547
30650	67.9711
30660	77.9711
30670	64.233
30680	74.233
30690	61.5179
30700	71.5179
30710	61.0805
30720	71.0805
30730	61.1938
30740	71.1938
30750	61.5156
30760	71.5156
30770	61.2908
30780	71.2908
30790	81.2907
30800	67.5351
30810	56.645
30820	66.645
30830	57.8749
30840	67.8749
30850	77.8749
30860	66.318
30870	58.0544
30880	68.0544
30890	78.0544
30900	66.1004
30910	76.1004
30920	64.1731
30930	74.1731
30940	61.4284
30950	71.4284
30960	61.1952
30970	71.1952
30980	81.1952
30990	69.7382
31000	59.9791
31010	69.9791
31020	79.9791
31030	67.8745
31040	77.8745
31050	64.0196
31060	53.099
31070	63.099
31080	73.099
31090	62.9947
31100	72.9947
31110	63.3137
31120	73.3137
31130	63.4936
31140	73.4936
31150	62.8434
31160	72.8434
31170	60.9263
31180	70.9263
31190	58.1767
31200	68.1767
31210	59.6958
31220	69.6958
31230	79.6958
31240	68.4522
31250	60.1644
31260	70.1644
31270	80.1644
31280	67.7119
31290	77.7119
31300	63.8963
31310	73.8963
31320	61.1721
31330	71.1721
31340	61.2373
31350	71.2373
31360	61.6991
31370	71.6991
31380	61.8013
31390	71.8013
31400	61.19
31410	71.19
31420	81.19
31430	67.4092
31440	56.3737
31450	66.3737
31460	57.8531
31470	67.8531
31480	77.8531
31490	66.5537
31500	58.2486
31510	68.2486
31520	78.2486
31530	65.975
31540	75.975
31550	64.0665
31560	74.0665
31570	61.2113
31580	71.2113
31590	61.158
31600	71.158
31610	81.158
31620	69.8912
31630	60.094
31640	70.094
31650	80.094
31660	67.8571
31670	77.8571
31680	64.1541
31690	52.9511
31700	62.9511
31710	72.9511
31720	62.9184
31730	72.9184
31740	63.3057
31750	73.3057
31760	63.4219
31770	73.4218
31780	62.9202
31790	72.9202
31800	61.0737
31810	71.0737
31820	58.1465
31830	68.1465
31840	59.6514
31850	69.6514
31860	79.6514
31870	68.466
31880	59.9208
31890	69.9208
31900	79.9208
31910	67.7464
31920	77.7464
31930	64.2026
31940	74.2026
31950	61.2733
31960	71.2733
31970	61.1588
31980	71.1588
31990	61.7132
32000	71.7132
32010	61.6201
32020	71.6201
32030	61.0615
32040	71.0614
32050	81.0615
32060	67.5791
32070	56.3514
32080	66.3514
32090	57.7662
32100	67.7662
32110	77.7662
32120	66.721
32130	58.1922
32140	68.1922
32150	78.1922
32160	65.9601
32170	75.9601
32180	64.3395
32190	74.3395
32200	61.4099
32210	71.4099
32220	60.9782
32230	70.9782
32240	80.9782
32250	70.0096
32260	59.8845
32270	69.8845
32280	79.8845
32290	67.7262
32300	77.7262
32310	64.3754
32320	53.2724
32330	63.2724
32340	73.2724
32350	62.7237
32360	72.7237
32370	63.3953
32380	73.3953
32390	63.2198
32400	73.2198
32410	62.8454
32420	72.8454
32430	61.3785
32440	71.3785
32450	58.4381
32460	68.4381
32470	59.4291
32480	69.4291
32490	79.4291
32500	68.3332
32510	59.7777
32520	69.7777
32530	79.7777
32540	67.7699
32550	77.7699
32560	64.5574
32570	74.5574
32580	61.6272
32590	71.6272
32600	61.1029
32610	71.1029
32620	61.5143
32630	71.5143
32640	61.4933
32650	71.4933
32660	61.0623
32670	71.0623
32680	81.0623
32690	67.7289
32700	56.63
32710	66.63
32720	57.7315
32730	67.7315
32740	77.7315
32750	66.5527
32760	58.1049
32770	68.1049
32780	78.1049
32790	65.8422
32800	75.8422
32810	64.3363
32820	74.3363
32830	61.5174
32840	71.5174
32850	61.0823
32860	71.0823
32870	81.0823
32880	69.9434
32890	59.9948
32900	69.9948
32910	79.9948
32920	67.6506
32930	77.6506
32940	64.2188
32950	53.2106
32960	63.2106
32970	73.2106
32980	62.832
32990	72.832
33000	63.3726
33010	73.3726
33020	63.4841
33030	73.484
33040	62.6846
33050	72.6846
33060	60.9884
33070	70.9884
33080	58.2929
33090	68.2929
33100	59.5604
33110	69.5604
33120	79.5604
33130	68.4872
33140	60.2295
33150	70.2295
33160	80.2295
33170	67.6403
33180	77.6403
33190	64.123
33200	74.123
33210	61.3052
33220	71.3052
33230	61.0966
33240	71.0966
33250	61.5815
33260	71.5815
33270	61.8576
33280	71.8576
33290	61.0223
33300	71.0223
33310	81.0223
33320	67.5903
33330	56.4093
33340	66.4093
33350	57.6934
33360	67.6934
33370	77.6934
33380	66.593
33390	58.5156
33400	68.5156
33410	78.5156
33420	65.7653
33430	75.7653
33440	64.0141
33450	74.0141
33460	61.2481
33470	71.2481
33480	61.0486
33490	71.0486
33500	81.0486
33510	69.9378
33520	60.4559
33530	70.4559
33540	80.4559
33550	67.7365
33560	77.7365
33570	63.874
33580	52.8903
33590	62.8903
33600	72.8903
33610	62.7752
33620	72.7752
33630	63.3787
33640	73.3787
33650	63.8298
33660	73.8298
33670	62.8951
33680	72.8951
33690	60.7974
33700	70.7974
33710	58.0254
33720	68.0254
33730	59.4861
33740	69.4861
33750	79.4861
33760	68.598
33770	60.5995
33780	70.5995
33790	80.5995
33800	67.7024
33810	77.7024
33820	63.887
33830	73.887
33840	61.2288
33850	71.2288
33860	60.8916
33870	70.8916
33880	61.6901
33890	71.6901
33900	62.2688
33910	72.2688
33920	60.9033
33930	70.9033
33940	80.9033
33950	67.1795
33960	56.3452
33970	66.3452
33980	57.5521
33990	67.5522
34000	77.5522
34010	66.649
34020	58.8124
34030	68.8123
34040	78.8123
34050	65.6291
34060	75.6291
34070	63.865
34080	73.865
34090	61.4346
34100	71.4346
34110	61.0573
34120	71.0573
34130	81.0573
34140	69.8333
34150	60.6087
34160	70.6087
34170	80.6087
34180	67.3403
34190	77.3403
34200	63.8648
34210	53.2486
34220	63.2487
34230	73.2486
34240	62.8274
34250	72.8274
34260	63.1219
34270	73.1219
34280	63.7889
34290	73.7889
34300	62.4048
34310	72.4048
34320	60.8131
34330	70.8131
34340	58.5467
34350	68.5467
34360	59.654
34370	69.654
34380	79.654
34390	68.2872
34400	60.4333
34410	70.4333
34420	80.4333
34430	67.2774
34440	77.2774
34450	63.9028
34460	73.9028
34470	61.658
34480	71.658
34490	61.2161
34500	71.2161
34510	61.3299
34520	71.3299
34530	62.0207
34540	72.0207
34550	60.6736
34560	70.6736
34570	80.6736
34580	67.323
34590	56.8003
34600	66.8003
34610	57.9532
34620	67.9532
34630	77.9532
34640	66.4296
34650	58.5283
34660	68.5283
34670	78.5283
34680	65.4598
34690	75.4598
34700	63.9759
34710	73.9759
34720	61.6007
34730	71.6007
34740	61.2392
34750	71.2392
34760	81.2392
34770	69.7647
34780	60.306
34790	70.306
34800	80.306
34810	67.2778
34820	77.2778
34830	63.904
34840	53.2913
34850	63.2913
34860	73.2913
34870	62.9916
34880	72.9916
34890	63.2401
34900	73.2401
34910	63.6931
34920	73.6931
34930	62.3288
34940	72.3288
34950	60.7589
34960	70.7589
34970	58.5156
34980	68.5156
34990	59.7594
35000	69.7594
35010	79.7594
35020	68.4339
35030	60.2456
35040	70.2456
35050	80.2456
35060	67.1672
35070	77.1672
35080	63.8777
35090	73.8777
35100	61.703
35110	71.703
35120	61.3076
35130	71.3076
35140	61.6726
35150	71.6726
35160	61.9065
35170	71.9065
35180	60.467
35190	70.467
35200	80.467
35210	67.2484
35220	56.8477
35230	66.8477
35240	58.0821
35250	68.0822
35260	78.0821
35270	66.7806
35280	58.4711
35290	68.4711
35300	78.4711
35310	65.1533
35320	75.1533
35330	63.8272
35340	73.8272
35350	61.8274
35360	71.8274
35370	61.3706
35380	71.3706
35390	81.3706
35400	70.0338
35410	60.2369
35420	70.2369
35430	80.2369
35440	66.8927
35450	76.8927
35460	63.8083
35470	53.518
35480	63.518
35490	73.518
35500	63.0673
35510	73.0673
35520	63.4302
35530	73.4302
35540	63.7078
35550	73.7078
35560	62.0888
35570	72.0888
35580	60.7287
35590	70.7287
35600	58.6723
35610	68.6723
35620	59.7143
35630	69.7143
35640	79.7143
35650	68.521
35660	60.3705
35670	70.3705
35680	80.3705
35690	66.9469
35700	76.9469
35710	63.8031
35720	73.8031
35730	61.7456
35740	71.7456
35750	61.2483
35760	71.2483
35770	61.6598
35780	71.6598
35790	62.0643
35800	72.0643
35810	60.3738
35820	70.3738
35830	80.3738
35840	67.3244
35850	56.8585
35860	66.8585
35870	57.9682
35880	67.9682
35890	77.9682
35900	66.6033
35910	58.5755
35920	68.5755
35930	78.5755
35940	65.1631
35950	75.1631
35960	63.8897
35970	73.8897
35980	61.812
35990	71.812
36000	61.26
