10	10
20	3
30	3
40	3
50	3
60	3
70	3
80	3
90	3
100	3
110	3
120	3
130	4.25
140	6.75
150	16.75
160	26.75
170	27.25
180	37.25
190	15
200	17.5
210	27.5
220	25
230	35
240	45
250	17.5
260	27.5
270	23.9167
280	33.9167
290	43.9167
300	27.1667
310	37.1667
320	30.5
330	40.5
340	50.5
350	35.5
360	29.5
370	39.5
380	49.5
390	41.5
400	51.5
410	33.6111
420	43.6111
430	39.2222
440	49.2222
450	45.5556
460	55.5556
470	38.8889
480	48.8889
490	58.8889
500	44.4444
510	54.4444
520	45.1111
530	55.1111
540	34.8889
550	44.8889
560	40.1111
570	50.1111
580	60.1111
590	49.2778
600	59.2778
610	54.3333
620	64.3333
630	56
640	66
650	51
660	61
670	43.5
680	53.5
690	63.5
700	57.5
710	67.5
720	48.3333
730	58.3333
740	50
750	60
760	47.5
770	57.5
780	67.5
790	48.3333
800	58.3333
810	51.7628
820	61.7628
830	54.9359
840	64.9359
850	74.9359
860	57.8526
870	47.1914
880	57.1914
890	43.2088
900	53.2088
910	63.2088
920	53.3297
930	63.3297
940	45.1738
950	55.1738
960	65.1738
970	59.1827
980	54.0179
990	64.0179
1000	57.375
1010	67.375
1020	52.9375
1030	62.9375
1040	49.4375
1050	59.4375
1060	69.4375
1070	59.5
1080	69.5
1090	58.5
1100	68.5
1110	62
1120	72
1130	64
1140	74
1150	67
1160	77
1170	87
1180	70
1190	80
1200	64
1210	74
1220	62
1230	72
1240	82
1250	68.181
1260	78.181
1270	61.7381
1280	71.7381
1290	81.7381
1300	73.1489
1310	83.1489
1320	70.3342
1330	60.7905
1340	70.7905
1350	80.7905
1360	66.1022
1370	76.1022
1380	62.1974
1390	72.1974
1400	82.1974
1410	66.4704
1420	76.4704
1430	65.1186
1440	75.1186
1450	61.2609
1460	71.2609
1470	81.2609
1480	71.0269
1490	81.0269
1500	69.6454
1510	61.6264
1520	71.6264
1530	81.6264
1540	67.8489
1550	77.8489
1560	62.9501
1570	72.9501
1580	82.9501
1590	67.5714
1600	77.5714
1610	67.7698
1620	77.7698
1630	87.7699
1640	69.1984
1650	79.1984
1660	63.4587
1670	53.4414
1680	63.4414
1690	73.4414
1700	66.5463
1710	76.5463
1720	65.4382
1730	75.4382
1740	65.4601
1750	75.4601
1760	64.8145
1770	74.8145
1780	64.0229
1790	74.0229
1800	84.0229
1810	69.0428
1820	79.0428
1830	62.8776
1840	72.8776
1850	82.8776
1860	68.1825
1870	62.1023
1880	72.1023
1890	60.8697
1900	70.8697
1910	60.4778
1920	70.4778
1930	56.9484
1940	66.9484
1950	60.0177
1960	70.0177
1970	59.0454
1980	69.0454
1990	79.0454
2000	64.763
2010	74.763
2020	64.1042
2030	74.1042
2040	63.2538
2050	73.2538
2060	83.2538
2070	67.7897
2080	58.4232
2090	68.4232
2100	58.9421
2110	68.9421
2120	78.9421
2130	64.5155
2140	56.4088
2150	66.4088
2160	76.4088
2170	62.7955
2180	72.7955
2190	63.3091
2200	53.0035
2210	63.0035
2220	73.0035
2230	59.9265
2240	69.9265
2250	62.341
2260	72.341
2270	59.4545
2280	69.4545
2290	59.9397
2300	69.9397
2310	62.7386
2320	72.7386
2330	59.8054
2340	69.8054
2350	59.9524
2360	69.9524
2370	56.6331
2380	66.6331
2390	76.6331
2400	62.4481
2410	72.4481
2420	61.658
2430	71.658
2440	81.658
2450	72.798
2460	62.4949
2470	72.4949
2480	82.4949
2490	73.1785
2500	83.1785
2510	68.7758
2520	78.7758
2530	64.5707
2540	74.5707
2550	59.7011
2560	69.7011
2570	79.7011
2580	60.7506
2590	70.7506
2600	61.7198
2610	71.7198
2620	61.2243
2630	71.2243
2640	81.2243
2650	74.1893
2660	64.1995
2670	74.1995
2680	84.1995
2690	73.2032
2700	83.2032
2710	70.5077
2720	80.5077
2730	65.6765
2740	75.6765
2750	85.6765
2760	67.7165
2770	77.7165
2780	58.6177
2790	68.6177
2800	58.9928
2810	68.9928
2820	78.9928
2830	66.9928
2840	76.9928
2850	70.8633
2860	80.8633
2870	69.2633
2880	79.2633
2890	69.2
2900	79.2
2910	65.0388
2920	75.0388
2930	61.3184
2940	71.3184
2950	54.169
2960	64.169
2970	74.169
2980	58.2222
2990	68.2222
3000	58.9681
3010	68.9681
3020	62.8035
3030	72.8035
3040	82.8035
3050	75.5502
3060	67.3064
3070	77.3064
3080	87.3064
3090	75.7034
3100	85.7033
3110	72.2505
3120	82.2505
3130	65.8632
3140	75.8632
3150	85.8632
3160	63.6668
3170	73.6668
3180	57.7948
3190	67.7948
3200	61.9302
3210	71.9301
3220	64.355
3230	74.355
3240	67.3528
3250	77.3528
3260	87.3528
3270	72.1429
3280	61.0902
3290	71.0902
3300	81.0902
3310	63.6842
3320	73.6842
3330	62.5027
3340	50.4628
3350	60.4628
3360	70.4628
3370	57.8681
3380	67.8681
3390	61.3843
3400	71.3843
3410	81.3843
3420	72.8161
3430	82.8161
3440	72.3523
3450	82.3523
3460	72.127
3470	82.127
3480	92.127
3490	74.1914
3500	84.1914
3510	68.5295
3520	78.5295
3530	60.6344
3540	70.6344
3550	80.6344
3560	68.8208
3570	78.8208
3580	66.3533
3590	76.3533
3600	61.199
3610	71.199
3620	64.6282
3630	74.6282
3640	63.2205
3650	73.2205
3660	61.3107
3670	51.7742
3680	61.7742
3690	71.7742
3700	58.9846
3710	50.1759
3720	60.1759
3730	70.1759
3740	60.9962
3750	56.4458
3760	66.4458
3770	58.6393
3780	68.6393
3790	78.6393
3800	65.0307
3810	75.0307
3820	62.2857
3830	72.2857
3840	63.9241
3850	73.9241
3860	83.9241
3870	69.6278
3880	79.6278
3890	66.7775
3900	76.7775
3910	61.401
3920	71.401
3930	81.401
3940	70.9581
3950	80.9581
3960	70.2657
3970	80.2657
3980	90.2657
3990	78.9347
4000	88.9347
4010	74.8624
4020	84.8624
4030	66.4992
4040	76.4992
4050	58.7648
4060	68.7648
4070	61.8794
4080	71.8794
4090	65.3662
4100	75.3662
4110	65.1931
4120	75.1931
4130	60.5893
4140	70.5893
4150	80.5893
4160	61.7889
4170	56.02
4180	66.02
4190	58.96
4200	68.96
4210	59.76
4220	69.76
4230	58.96
4240	68.96
4250	59.8667
4260	69.8667
4270	59.3333
4280	69.3333
4290	60.0339
4300	70.0339
4310	56.1254
4320	50.587
4330	60.587
4340	70.587
4350	59.8458
4360	69.8458
4370	61.6495
4380	71.6495
4390	81.6495
4400	70.9274
4410	80.9274
4420	68.1938
4430	78.1938
4440	64.8351
4450	74.8351
4460	64.7966
4470	74.7966
4480	65.5317
4490	75.5317
4500	62.5487
4510	72.5487
4520	59.9819
4530	69.9819
4540	59.2908
4550	69.2908
4560	60.4082
4570	70.4082
4580	62.4903
4590	72.4902
4600	59.5309
4610	69.5309
4620	79.5309
4630	64.0964
4640	57.2289
4650	67.2289
4660	57.9518
4670	67.9518
4680	77.9518
4690	67.3494
4700	57.8326
4710	67.8326
4720	77.8326
4730	68.002
4740	78.002
4750	67.8634
4760	77.8634
4770	66.0323
4780	76.0323
4790	60.293
4800	70.293
4810	80.293
4820	60.6494
4830	56.1905
4840	66.1905
4850	60.0296
4860	70.0296
4870	80.0296
4880	70.9195
4890	80.9195
4900	68.56
4910	78.56
4920	62.925
4930	72.925
4940	82.925
4950	63.4155
4960	73.4155
4970	64.4753
4980	74.4753
4990	65.2642
5000	75.2642
5010	85.2642
5020	74.2265
5030	84.2265
5040	70.1996
5050	80.1996
5060	65.7551
5070	75.7551
5080	85.7551
5090	70.0215
5100	80.0215
5110	67.9096
5120	77.9096
5130	68.4788
5140	78.4788
5150	66.4017
5160	76.4017
5170	86.4017
5180	70.1324
5190	55.9331
5200	65.9331
5210	59.6073
5220	69.6073
5230	62.216
5240	72.216
5250	61.4614
5260	71.4614
5270	59.9388
5280	69.9388
5290	56.1473
5300	66.1473
5310	59.9997
5320	69.9997
5330	62.8855
5340	72.8855
5350	61.6019
5360	71.6019
5370	81.6019
5380	69.3276
5390	57.1921
5400	67.1921
5410	77.1921
5420	68.1263
5430	78.1263
5440	67.0936
5450	77.0936
5460	64.7019
5470	74.7019
5480	84.7019
5490	68.4788
5500	78.4788
5510	61.9933
5520	55.6136
5530	65.6136
5540	75.6136
5550	67.0955
5560	77.0955
5570	65.426
5580	75.426
5590	63.0543
5600	73.0543
5610	61.5936
5620	71.5936
5630	57.4109
5640	67.4109
5650	60.9061
5660	70.9061
5670	61.511
5680	71.511
5690	81.511
5700	70.5549
5710	58.8025
5720	68.8025
5730	78.8025
5740	68.5695
5750	78.5695
5760	66.1498
5770	76.1498
5780	64.6535
5790	74.6535
5800	84.6535
5810	68.7614
5820	78.7614
5830	62.6778
5840	55.6604
5850	65.6604
5860	75.6604
5870	66.9811
5880	76.9811
5890	65.1887
5900	54.0578
5910	64.0578
5920	74.0578
5930	62.1329
5940	72.1329
5950	59.7565
5960	69.7565
5970	62.888
5980	72.888
5990	63.2452
6000	73.2452
6010	83.2452
6020	71.3084
6030	58.8889
6040	68.8889
6050	78.8889
6060	67.9967
6070	77.9967
6080	67.4234
6090	57.3377
6100	67.3377
6110	77.3377
6120	61.9964
6130	71.9964
6140	57.5519
6150	67.5519
6160	59.4551
6170	69.4551
6180	63.9341
6190	73.9341
6200	65.1287
6210	75.1287
6220	63.6111
6230	73.6111
6240	60.0769
6250	70.0769
6260	80.0769
6270	60.5766
6280	55.0813
6290	65.0814
6300	75.0813
6310	68.6549
6320	78.6549
6330	68.7967
6340	78.7967
6350	66.9849
6360	76.9849
6370	61.4984
6380	71.4984
6390	54.2109
6400	64.2109
6410	56.9104
6420	66.9104
6430	62.0354
6440	72.0354
6450	82.0354
6460	72.5003
6470	62.3631
6480	72.3631
6490	58.6683
6500	68.6683
6510	78.6683
6520	58.9122
6530	53.0843
6540	63.0843
6550	73.0843
6560	67.1053
6570	77.1053
6580	68.7719
6590	78.7719
6600	88.7719
6610	74.5614
6620	84.5614
6630	69.2105
6640	79.2105
6650	59.5614
6660	69.5614
6670	61.1404
6680	71.1403
6690	62.8273
6700	72.8273
6710	62.4159
6720	72.4159
6730	61.5963
6740	71.5963
6750	58.9614
6760	68.9614
6770	78.9614
6780	66.7827
6790	60.3364
6800	70.3364
6810	59.5982
6820	69.5982
6830	79.5982
6840	67.5332
6850	55.1194
6860	65.1194
6870	75.1194
6880	65.7947
6890	59.2907
6900	69.2907
6910	79.2907
6920	68.0774
6930	56.1883
6940	66.1883
6950	53.2907
6960	63.2907
6970	56.3236
6980	66.3236
6990	56.0315
7000	66.0315
7010	58.8399
7020	68.8399
7030	61.2605
7040	71.2605
7050	81.2605
7060	66.3025
7070	76.3025
7080	64.8739
7090	74.8739
7100	62.6891
7110	72.6891
7120	82.6891
7130	71.1765
7140	63.0252
7150	73.0252
7160	62.2809
7170	72.2809
7180	82.2809
7190	67.7979
7200	57.7122
7210	67.7122
7220	77.7122
7230	66.3987
7240	76.3987
7250	61.6986
7260	54.3946
7270	64.3946
7280	74.3946
7290	63.9352
7300	73.9352
7310	62.1574
7320	53.0319
7330	63.0319
7340	73.0319
7350	60.2574
7360	70.2574
7370	60.7405
7380	70.7405
7390	80.7405
7400	72.4361
7410	82.4361
7420	70.2597
7430	80.2597
7440	67.0769
7450	77.0769
7460	87.0769
7470	69.7738
7480	79.7738
7490	65.0223
7500	75.0223
7510	65.8522
7520	75.8522
7530	85.8522
7540	71.799
7550	81.799
7560	70.0159
7570	80.0159
7580	64.4472
7590	74.4472
7600	60.145
7610	70.145
7620	61.4799
7630	71.4799
7640	61.5878
7650	71.5878
7660	61.2828
7670	71.2828
7680	57.4733
7690	67.4733
7700	58.5841
7710	68.5841
7720	60.347
7730	70.347
7740	80.347
7750	68.6952
7760	58.3326
7770	68.3326
7780	78.3326
7790	62.5629
7800	72.5629
7810	62.626
7820	72.626
7830	65.3949
7840	75.3949
7850	65.3467
7860	75.3467
7870	85.3467
7880	69.086
7890	79.086
7900	63.4616
7910	73.4616
7920	83.4616
7930	68.0768
7940	78.0768
7950	70.175
7960	80.175
7970	71.0493
7980	81.0493
7990	91.0493
8000	76.8779
8010	86.8779
8020	69.1946
8030	79.1946
8040	89.1946
8050	68.5341
8060	78.5341
8070	67.793
8080	77.793
8090	70.1949
8100	80.1949
8110	90.1949
8120	76.289
8130	86.289
8140	68.8753
8150	78.8753
8160	61.4775
8170	71.4775
8180	61.3971
8190	71.3971
8200	62.2794
8210	72.2794
8220	62.4265
8230	72.4265
8240	59.6324
8250	69.6324
8260	58.3824
8270	68.3824
8280	78.3824
8290	69.2647
8300	79.2647
8310	69.1261
8320	79.1261
8330	67.1436
8340	77.1436
8350	87.1436
8360	69.9988
8370	79.9988
8380	63.7176
8390	73.7177
8400	83.7176
8410	75.2096
8420	85.2096
8430	74.9695
8440	84.9695
8450	70.1514
8460	80.1514
8470	90.1514
8480	73.1784
8490	83.1784
8500	61.9632
8510	71.9632
8520	81.9632
8530	70.4246
8540	61.7412
8550	71.7412
8560	62.9835
8570	72.9835
8580	82.9835
8590	69.7911
8600	57.8571
8610	67.8571
8620	55.4659
8630	65.4659
8640	75.4659
8650	63.0782
8660	54.3738
8670	64.3738
8680	74.3738
8690	64.8633
8700	74.8633
8710	65.9503
8720	75.9503
8730	65.3948
8740	75.3948
8750	85.3948
8760	72.922
8770	82.922
8780	66.2262
8790	76.2262
8800	62.5005
8810	72.5005
8820	82.5005
8830	67.6476
8840	77.6476
8850	70.1484
8860	80.1484
8870	90.1484
8880	78.3146
8890	88.3146
8900	73.4023
8910	83.4023
8920	67.3773
8930	77.3773
8940	87.3773
8950	65.2504
8960	75.2504
8970	64.9794
8980	74.9794
8990	66.4069
9000	76.4069
9010	66.5907
9020	76.5907
9030	64.94
9040	74.94
9050	63.0545
9060	73.0545
9070	58.3562
9080	68.3562
9090	57.8222
9100	67.8222
9110	57.5105
9120	67.5105
9130	60.0508
9140	70.0508
9150	80.0508
9160	71.6247
9170	81.6247
9180	70.1472
9190	80.1472
9200	67.6982
9210	77.6983
9220	87.6982
9230	71.5646
9240	81.5646
9250	65.4422
9260	75.4422
9270	85.4422
9280	70
9290	61.6327
9300	71.6327
9310	81.6327
9320	71.6326
9330	81.6326
9340	69.5029
9350	79.5029
9360	65.6088
9370	75.6088
9380	61.1895
9390	71.1895
9400	81.1895
9410	66.8699
9420	56.0625
9430	66.0625
9440	76.0625
9450	66.1875
9460	56.4025
9470	66.4025
9480	76.4025
9490	67.2483
9500	57.9078
9510	67.9078
9520	55.7284
9530	65.7284
9540	75.7284
9550	63.8992
9560	73.8992
9570	62.0523
9580	72.0523
9590	82.0523
9600	72.0605
9610	82.0606
9620	71.8807
9630	81.8807
9640	91.8807
9650	77.4863
9660	87.4863
9670	71.5732
9680	81.5732
9690	64.7601
9700	74.7601
9710	84.7601
9720	73.1862
9730	61.2347
9740	71.2347
9750	81.2347
9760	68.5683
9770	56.7608
9780	66.7608
9790	54.2949
9800	64.2949
9810	58.147
9820	68.147
9830	58.3094
9840	68.3094
9850	59.1869
9860	69.1869
9870	57.5042
9880	67.5042
9890	58.7264
9900	68.7264
9910	59.6593
9920	69.6593
9930	60.0065
9940	70.0065
9950	80.0065
9960	70.0309
9970	80.0309
9980	66.36
9990	76.36
10000	63.6191
10010	73.6191
10020	83.6191
10030	73.2778
10040	83.2778
10050	69.81
10060	79.81
10070	89.81
10080	72.4242
10090	82.4242
10100	66.753
10110	76.753
10120	65.5472
10130	75.5472
10140	85.5472
10150	72.9826
10160	61.6596
10170	71.6596
10180	81.6596
10190	68.6605
10200	57.5185
10210	67.5185
10220	54.1207
10230	64.1207
10240	57.7735
10250	67.7735
10260	58.637
10270	68.637
10280	58.9567
10290	68.9567
10300	58.0719
10310	68.0719
10320	59.6933
10330	69.6933
10340	59.0798
10350	69.0798
10360	60.007
10370	70.007
10380	80.007
10390	69.7954
10400	79.7954
10410	66.8942
10420	76.8942
10430	63.8501
10440	73.8501
10450	83.8501
10460	73.5522
10470	83.5522
10480	70.3844
10490	80.3844
10500	65.4355
10510	75.4355
10520	62.495
10530	72.495
10540	62.0162
10550	72.0162
10560	82.0162
10570	69.9007
10580	79.9007
10590	68.4976
10600	78.4976
10610	63.3322
10620	73.3322
10630	83.3322
10640	68.0691
10650	57.0793
10660	67.0793
10670	59.6127
10680	69.6127
10690	79.6127
10700	69.1359
10710	79.1359
10720	67.5023
10730	77.5023
10740	62.3659
10750	72.3659
10760	82.3659
10770	65.2458
10780	57.1866
10790	67.1866
10800	77.1866
10810	68.5889
10820	78.5889
10830	68.3873
10840	78.3873
10850	66.0048
10860	76.0048
10870	86.0048
10880	68.7759
10890	78.7759
10900	62.0941
10910	72.0941
10920	62.9738
10930	72.9738
10940	65.0032
10950	75.0032
10960	65.0679
10970	75.0679
10980	62.2962
10990	72.2962
11000	82.2962
11010	67.403
11020	77.403
11030	61.0967
11040	71.0967
11050	63.5894
11060	73.5894
11070	64.9087
11080	74.9087
11090	64.6007
11100	74.6007
11110	84.6007
11120	70.4618
11130	80.4618
11140	65.4847
11150	75.4847
11160	59.5684
11170	69.5684
11180	62.3291
11190	72.3291
11200	62.8372
11210	72.8372
11220	82.8372
11230	71.2744
11240	81.2744
11250	69.1653
11260	79.1653
11270	63.7429
11280	73.7429
11290	83.7429
11300	66.2409
11310	58.8434
11320	68.8435
11330	59.071
11340	69.071
11350	79.071
11360	69.3726
11370	79.3726
11380	67.2066
11390	77.2066
11400	61.9696
11410	71.9696
11420	81.9696
11430	66.0928
11440	58.6772
11450	68.6772
11460	78.6772
11470	67.4366
11480	77.4366
11490	67.5809
11500	77.5809
11510	65.5105
11520	75.5105
11530	85.5105
11540	68.8681
11550	78.8681
11560	62.8194
11570	72.8194
11580	64.3733
11590	74.3733
11600	64.5263
11610	74.5263
11620	64.0099
11630	74.0099
11640	62.1434
11650	72.1434
11660	82.1434
11670	67.589
11680	77.589
11690	61.7122
11700	71.7122
11710	64.1829
11720	74.1829
11730	64.1025
11740	74.1025
11750	63.7622
11760	73.7622
11770	83.7622
11780	70.4167
11790	80.4167
11800	66.0417
11810	76.0417
11820	60.3125
11830	70.3125
11840	62.7208
11850	72.7208
11860	62.3375
11870	72.3375
11880	82.3375
11890	70.5971
11900	80.5971
11910	68.7485
11920	78.7485
11930	64.192
11940	74.192
11950	84.192
11960	66.6003
11970	76.6003
11980	67.6036
11990	77.6036
12000	66.3646
12010	76.3646
12020	86.3646
12030	74.6569
12040	84.6569
12050	71.1573
12060	81.1573
12070	64.8284
12080	74.8284
12090	84.8284
12100	67.055
12110	77.055
12120	64.8971
12130	74.8971
12140	66.4956
12150	76.4956
12160	86.4956
12170	74.6027
12180	84.6027
12190	71.3311
12200	81.3311
12210	91.3311
12220	73.4338
12230	83.4338
12240	65.3313
12250	75.3313
12260	62.8654
12270	72.8654
12280	82.8654
12290	73.3249
12300	83.3249
12310	71.5999
12320	81.6
12330	67.85
12340	77.85
12350	87.85
12360	71.95
12370	81.95
12380	63.95
12390	73.95
12400	83.95
12410	69.9643
12420	79.9643
12430	71.3936
12440	81.3936
12450	70.5873
12460	80.5873
12470	90.5873
12480	75.2317
12490	85.2317
12500	69.0093
12510	79.0093
12520	61.2542
12530	71.2542
12540	81.2542
12550	69.173
12560	79.173
12570	67.1982
12580	77.1982
12590	87.1982
12600	77.1533
12610	87.1533
12620	73.8981
12630	83.8981
12640	67.9615
12650	77.9615
12660	87.9615
12670	67.4864
12680	77.4864
12690	65.6818
12700	75.6818
12710	63.985
12720	73.985
12730	83.985
12740	74.2807
12750	84.2807
12760	72.6526
12770	82.6526
12780	66.5432
12790	76.5432
12800	86.5432
12810	68.3574
12820	78.3574
12830	66.2658
12840	76.2658
12850	64.8873
12860	74.8873
12870	84.8873
12880	71.201
12890	81.201
12900	69.0293
12910	79.0293
12920	89.0293
12930	75.5368
12940	59.6467
12950	69.6467
12960	59.4585
12970	69.4585
12980	79.4585
12990	68.4293
13000	78.4293
13010	66.0452
13020	76.0452
13030	62.3364
13040	72.3364
13050	82.3365
13060	68.1745
13070	58.5846
13080	68.5846
13090	78.5846
13100	67.0787
13110	77.0787
13120	67.7576
13130	77.7576
13140	65.0126
13150	75.0126
13160	61.5659
13170	71.5659
13180	81.5659
13190	65.1642
13200	56.7316
13210	66.7316
13220	76.7316
13230	66.9697
13240	76.9697
13250	67.6584
13260	77.6584
13270	64.9384
13280	74.9384
13290	84.9384
13300	69.8619
13310	79.8619
13320	63.6351
13330	73.6351
13340	63.7605
13350	73.7605
13360	63.8037
13370	73.8037
13380	64.2254
13390	74.2254
13400	84.2254
13410	69.9851
13420	79.9851
13430	66.9146
13440	76.9146
13450	60.3636
13460	70.3636
13470	62.0499
13480	72.0499
13490	61.9779
13500	71.9779
13510	62.5098
13520	72.5098
13530	82.5098
13540	70.1154
13550	80.1154
13560	67.1478
13570	77.1478
13580	87.1478
13590	68.0731
13600	59.8567
13610	69.8567
13620	59.8914
13630	69.8914
13640	79.8914
13650	68.6915
13660	78.6915
13670	66.2785
13680	76.2785
13690	63.4776
13700	73.4776
13710	83.4776
13720	66.6545
13730	58.5967
13740	68.5967
13750	78.5967
13760	67.0633
13770	77.0633
13780	67.0017
13790	77.0017
13800	64.4187
13810	74.4187
13820	61.8477
13830	71.8477
13840	81.8477
13850	65.2038
13860	57.3815
13870	67.3815
13880	77.3815
13890	67.2836
13900	77.2836
13910	67.3358
13920	77.3358
13930	64.4371
13940	74.4371
13950	84.4371
13960	69.6994
13970	79.6994
13980	63.1849
13990	73.1849
14000	64.3827
14010	74.3827
14020	64.0372
14030	74.0372
14040	64.404
14050	74.404
14060	84.404
14070	69.7028
14080	79.7028
14090	66.4135
14100	76.4135
14110	60.2707
14120	70.2707
14130	80.2707
14140	70.971
14150	80.971
14160	69.8264
14170	79.8264
14180	68.2108
14190	78.2108
14200	88.2108
14210	73.7938
14220	83.7938
14230	68.8806
14240	78.8806
14250	88.8806
14260	69.0688
14270	79.0688
14280	66.6118
14290	76.6118
14300	68.0616
14310	78.0616
14320	88.0616
14330	74.6937
14340	84.6937
14350	69.9654
14360	79.9654
14370	65.2602
14380	75.2602
14390	85.2602
14400	67.647
14410	77.647
14420	65.3349
14430	75.3349
14440	66.568
14450	76.568
14460	86.568
14470	74.9269
14480	84.9269
14490	69.6193
14500	79.6193
14510	65.0243
14520	75.0243
14530	85.0243
14540	67.267
14550	77.267
14560	65.2325
14570	75.2325
14580	85.2325
14590	75.377
14600	85.377
14610	73.9146
14620	83.9146
14630	68.4863
14640	78.4863
14650	88.4863
14660	71.8809
14670	81.8809
14680	64.1357
14690	74.1357
14700	62.2418
14710	72.2418
14720	82.2418
14730	73.846
14740	83.846
14750	72.0297
14760	82.0297
14770	92.0297
14780	75.0024
14790	85.0024
14800	70.0477
14810	80.0477
14820	61.906
14830	71.906
14840	81.906
14850	68.694
14860	78.694
14870	70.4922
14880	80.4922
14890	68.9151
14900	78.9151
14910	88.9151
14920	74.0077
14930	84.0077
14940	68.5716
14950	78.5716
14960	88.5716
14970	67.8105
14980	77.8105
14990	66.4118
15000	76.4118
15010	68.0899
15020	78.0899
15030	88.0899
15040	76.2249
15050	86.2249
15060	71.4859
15070	81.4859
15080	65.6225
15090	75.6225
15100	85.6225
15110	66.9478
15120	76.9478
15130	65.5823
15140	75.5823
15150	64.229
15160	74.229
15170	84.229
15180	72.9212
15190	82.9212
15200	70.8408
15210	80.8408
15220	67.7902
15230	77.7902
15240	61.3269
15250	71.3269
15260	61.1554
15270	71.1554
15280	81.1554
15290	69.9923
15300	79.9923
15310	66.766
15320	76.766
15330	63.0754
15340	73.0754
15350	83.0754
15360	68.5914
15370	59.2561
15380	69.2561
15390	58.8589
15400	68.8589
15410	60.7526
15420	70.7526
15430	59.902
15440	69.902
15450	58.3035
15460	68.3035
15470	55.9431
15480	65.9431
15490	60.4688
15500	70.4688
15510	61.6841
15520	71.6841
15530	59.6998
15540	69.6998
15550	61.9483
15560	52.2704
15570	62.2704
15580	72.2704
15590	57.6814
15600	67.6814
15610	61.7899
15620	71.7899
15630	63.8804
15640	73.8804
15650	83.8804
15660	70.2257
15670	80.2257
15680	68.8709
15690	78.8709
15700	66.8228
15710	76.8228
15720	60.1959
15730	70.1959
15740	59.1568
15750	69.1568
15760	60.9157
15770	70.9156
15780	61.8282
15790	71.8282
15800	81.8282
15810	68.8069
15820	78.8069
15830	66.257
15840	76.257
15850	86.257
15860	72.8941
15870	82.8941
15880	70.3509
15890	56.4545
15900	66.4545
15910	76.4545
15920	67.1399
15930	77.1399
15940	64.2369
15950	74.2369
15960	61.5945
15970	71.5945
15980	63.8753
15990	73.8753
16000	83.8753
16010	71.7878
16020	59.2086
16030	69.2086
16040	58.4005
16050	68.4005
16060	78.4005
16070	61.187
16080	56.2848
16090	66.2848
16100	76.2848
16110	67.2274
16120	77.2274
16130	65.1476
16140	75.1476
16150	63.9536
16160	73.9536
16170	61.4882
16180	71.4882
16190	56.3545
16200	66.3545
16210	60.3307
16220	70.3307
16230	61.8196
16240	71.8196
16250	81.8196
16260	70.0663
16270	80.0663
16280	68.8687
16290	78.8687
16300	65.8131
16310	75.8131
16320	85.8131
16330	67.9003
16340	77.9003
16350	65.8439
16360	75.8439
16370	65.5702
16380	75.5702
16390	85.5702
16400	75.5406
16410	85.5406
16420	70.4956
16430	80.4956
16440	90.4956
16450	73.1121
16460	83.1121
16470	68.5019
16480	78.5019
16490	62.9626
16500	72.9626
16510	64.9137
16520	74.9137
16530	62.1569
16540	72.1569
16550	60.3288
16560	70.3288
16570	80.3288
16580	69.6943
16590	79.6943
16600	66.4956
16610	76.4956
16620	62.8094
16630	72.8094
16640	82.8094
16650	68.3515
16660	58.6666
16670	68.6666
16680	78.6666
16690	68.1769
16700	78.1769
16710	67.7874
16720	77.7874
16730	64.6348
16740	74.6348
16750	84.6348
16760	69.2171
16770	79.2171
16780	62.8046
16790	55.2365
16800	65.2365
16810	75.2365
16820	66.297
16830	76.297
16840	65.9827
16850	75.9827
16860	62.911
16870	72.911
16880	82.911
16890	69.4074
16900	79.4074
16910	62.696
16920	72.696
16930	63.8574
16940	73.8574
16950	64.9957
16960	74.9957
16970	64.4257
16980	74.4257
16990	84.4257
17000	69.682
17010	79.682
17020	66.2544
17030	76.2544
17040	59.6113
17050	69.6113
17060	62.1388
17070	72.1388
17080	63.3474
17090	73.3474
17100	83.3474
17110	71.1827
17120	81.1827
17130	68.3251
17140	78.3251
17150	64.7844
17160	74.7844
17170	58.0611
17180	68.0611
17190	60.1474
17200	70.1474
17210	61.5284
17220	71.5284
17230	81.5284
17240	71.2407
17250	81.2407
17260	68.2665
17270	78.2665
17280	64.8542
17290	74.8542
17300	84.8542
17310	66.2163
17320	58.2361
17330	68.2361
17340	78.2361
17350	67.9187
17360	77.9187
17370	67.74
17380	77.74
17390	64.9191
17400	74.9191
17410	84.9191
17420	69.7067
17430	79.7067
17440	62.9985
17450	54.8913
17460	64.8913
17470	74.8913
17480	65.8518
17490	75.8518
17500	65.9252
17510	75.9252
17520	63.3534
17530	73.3534
17540	83.3534
17550	69.4898
17560	79.4898
17570	62.9592
17580	72.9592
17590	63.4354
17600	73.4354
17610	64.4218
17620	74.4218
17630	64.5238
17640	74.5238
17650	84.5238
17660	70.2381
17670	80.2381
17680	66.3779
17690	76.3779
17700	59.7793
17710	69.7793
17720	61.701
17730	71.701
17740	62.7605
17750	72.7605
17760	82.7605
17770	71.4395
17780	81.4395
17790	68.6237
17800	78.6237
17810	64.929
17820	74.929
17830	58.1766
17840	68.1766
17850	60.2049
17860	70.2049
17870	61.3662
17880	71.3662
17890	81.3662
17900	71.2458
17910	81.2458
17920	68.4925
17930	78.4925
17940	64.7655
17950	74.7655
17960	84.7655
17970	66.0095
17980	58.1096
17990	68.1096
18000	78.1096
18010	67.9178
18020	77.9178
18030	67.8868
18040	77.8868
18050	65.2589
18060	75.2589
18070	85.2589
18080	69.4983
18090	79.4983
18100	62.5522
18110	54.7375
18120	64.7375
18130	74.7375
18140	65.8849
18150	75.8849
18160	65.9295
18170	75.9295
18180	63.3943
18190	73.3943
18200	83.3943
18210	69.5621
18220	79.5621
18230	62.5291
18240	72.5291
18250	63.3076
18260	73.3076
18270	64.388
18280	74.388
18290	64.6525
18300	74.6526
18310	84.6526
18320	70.4702
18330	80.4702
18340	66.2681
18350	76.2681
18360	59.3816
18370	69.3816
18380	61.479
18390	71.479
18400	62.7381
18410	72.7381
18420	82.7381
18430	71.6519
18440	81.6519
18450	69.1061
18460	79.1061
18470	64.8708
18480	74.8708
18490	57.7124
18500	67.7124
18510	59.872
18520	69.872
18530	61.1913
18540	71.1913
18550	81.1913
18560	71.6763
18570	81.6763
18580	68.9627
18590	78.9627
18600	64.8251
18610	74.8251
18620	84.8251
18630	65.684
18640	57.9433
18650	67.9433
18660	77.9433
18670	67.6186
18680	77.6186
18690	68.2369
18700	78.2369
18710	65.4997
18720	75.4997
18730	85.4997
18740	69.2557
18750	79.2557
18760	62.3301
18770	54.6602
18780	64.6602
18790	74.6602
18800	65.7282
18810	75.7282
18820	66.3812
18830	76.3812
18840	63.6808
18850	73.6808
18860	83.6808
18870	69.317
18880	79.317
18890	62.4462
18900	72.4462
18910	63.4618
18920	73.4618
18930	64.2219
18940	74.2219
18950	64.8863
18960	74.8863
18970	84.8863
18980	70.4364
18990	80.4364
19000	66.0264
19010	76.0264
19020	59.1961
19030	69.1961
19040	61.8522
19050	71.8522
19060	62.7157
19070	72.7157
19080	82.7157
19090	71.6619
19100	81.6619
19110	68.9798
19120	78.9798
19130	64.2418
19140	74.2418
19150	57.8125
19160	67.8125
19170	60.3488
19180	70.3488
19190	61.2787
19200	71.2787
19210	81.2787
19220	71.657
19230	81.657
19240	68.7204
19250	78.7204
19260	64.0722
19270	74.0722
19280	84.0722
19290	65.7912
19300	58.4722
19310	68.4722
19320	78.4722
19330	68.1095
19340	78.1095
19350	68.4274
19360	78.4274
19370	65.1563
19380	75.1563
19390	85.1563
19400	68.8278
19410	78.8278
19420	62.4083
19430	54.9147
19440	64.9147
19450	74.9147
19460	66.1364
19470	76.1364
19480	66.5711
19490	76.5711
19500	63.1317
19510	73.1317
19520	83.1317
19530	68.8128
19540	78.8128
19550	62.5161
19560	72.5161
19570	63.4723
19580	73.4723
19590	64.7634
19600	74.7634
19610	64.9086
19620	74.9086
19630	62.4159
19640	51.896
19650	61.896
19660	71.896
19670	57.6758
19680	52.5382
19690	62.5382
19700	72.5382
19710	64.4954
19720	55.8104
19730	65.8104
19740	57.156
19750	67.156
19760	57.6603
19770	67.6603
19780	55.4745
19790	65.4744
19800	58.98
19810	68.98
19820	59.1692
19830	69.1692
19840	79.1692
19850	68.7141
19860	78.7141
19870	67.1063
19880	77.1063
19890	65.015
19900	75.015
19910	85.015
19920	70.6848
19930	80.6848
19940	69.1922
19950	79.1922
19960	67.3088
19970	77.3088
19980	87.3088
19990	71.1443
20000	81.1443
20010	67.0867
20020	77.0867
20030	87.0867
20040	72.2396
20050	82.2396
20060	71.0474
20070	81.0474
20080	66.0745
20090	76.0745
20100	65.7262
20110	75.7262
20120	85.7262
20130	72.3842
20140	56.1513
20150	66.1513
20160	76.1513
20170	67.205
20180	77.205
20190	67.4884
20200	77.4884
20210	64.2971
20220	74.2971
20230	84.2971
20240	68.6687
20250	78.6687
20260	64.3149
20270	55.1005
20280	65.1005
20290	75.1005
20300	65.9363
20310	75.9363
20320	66.1509
20330	76.1509
20340	86.1509
20350	70.9337
20360	80.9337
20370	67.4687
20380	77.4687
20390	61.3848
20400	71.3848
20410	62.2632
20420	72.2632
20430	63.0182
20440	73.0182
20450	63.0316
20460	73.0316
20470	83.0316
20480	69.3044
20490	79.3044
20500	65.9488
20510	75.9488
20520	59.9679
20530	69.9678
20540	62.2786
20550	72.2786
20560	63.0924
20570	73.0924
20580	83.0924
20590	71.6309
20600	81.6309
20610	67.6086
20620	77.6086
20630	64.3314
20640	74.3314
20650	84.3314
20660	66.4491
20670	58.8067
20680	68.8067
20690	78.8067
20700	67.9304
20710	77.9304
20720	68.096
20730	78.096
20740	64.1651
20750	74.1651
20760	61.0025
20770	71.0025
20780	81.0025
20790	65.2681
20800	57.3757
20810	67.3757
20820	77.3757
20830	67.5661
20840	59.2626
20850	69.2626
20860	79.2626
20870	66.5214
20880	55.2571
20890	65.2571
20900	53.577
20910	63.577
20920	57.1316
20930	67.1316
20940	58.872
20950	68.872
20960	58.8517
20970	68.8517
20980	60.8774
20990	70.8774
21000	61.2793
21010	71.2793
21020	57.7642
21030	67.7642
21040	59.6317
21050	69.6317
21060	79.6317
21070	68.9102
21080	78.9101
21090	69.076
21100	79.076
21110	89.076
21120	73.7866
21130	83.7866
21140	70.14
21150	80.14
21160	65.8591
21170	75.8591
21180	85.8591
21190	68.8169
21200	78.8169
21210	69.4591
21220	79.4591
21230	89.459
21240	76.6609
21250	86.6609
21260	71.4539
21270	81.4539
21280	63.9069
21290	73.9069
21300	83.9069
21310	71.0589
21320	81.0589
21330	65.9561
21340	75.9561
21350	66.2729
21360	76.2728
21370	86.2728
21380	74.5341
21390	84.5341
21400	70.4228
21410	80.4228
21420	63.0483
21430	73.0483
21440	83.0483
21450	71.6587
21460	81.6587
21470	66.7016
21480	76.7016
21490	86.7017
21500	75.1926
21510	85.1927
21520	70.0217
21530	80.0217
21540	66.4781
21550	76.4781
21560	86.4781
21570	71.0762
21580	81.0762
21590	69.8542
21600	79.8542
21610	64.8031
21620	74.8032
21630	84.8031
21640	73.3963
21650	83.3963
21660	70.258
21670	54.6524
21680	64.6524
21690	74.6525
21700	64.8824
21710	74.8824
21720	65.3337
21730	75.3337
21740	62.2448
21750	72.2448
21760	82.2448
21770	69.07
21780	79.07
21790	65.495
21800	75.495
21810	63.8088
21820	73.8088
21830	63.9718
21840	73.9718
21850	64.5054
21860	74.5054
21870	84.5054
21880	69.4931
21890	79.493
21900	66.1812
21910	76.1812
21920	60.7713
21930	70.7713
21940	62.0816
21950	72.0816
21960	62.2748
21970	72.2748
21980	82.2748
21990	71.4329
22000	81.4329
22010	67.8854
22020	77.8854
22030	64.7086
22040	74.7086
22050	59.4459
22060	69.4459
22070	60.598
22080	70.598
22090	60.6199
22100	70.6199
22110	62.5636
22120	72.5636
22130	61.8192
22140	71.8192
22150	60.3698
22160	70.3698
22170	57.1293
22180	67.1293
22190	59.634
22200	69.634
22210	61.2846
22220	71.2846
22230	59.5517
22240	69.5517
22250	61.895
22260	52.2015
22270	62.2015
22280	72.2015
22290	59.108
22300	52.771
22310	62.771
22320	72.771
22330	64.5729
22340	54.6926
22350	64.6926
22360	56.9197
22370	66.9197
22380	57.6697
22390	67.6697
22400	56.2335
22410	66.2335
22420	58.4416
22430	68.4416
22440	60.4521
22450	70.4521
22460	60.8497
22470	70.8497
22480	59.593
22490	69.593
22500	60.0411
22510	70.0411
22520	80.0411
22530	67.8493
22540	77.8493
22550	68.3698
22560	78.3698
22570	65.0396
22580	75.0396
22590	65.4905
22600	75.4905
22610	62.5211
22620	72.5211
22630	82.5211
22640	65.0674
22650	75.0674
22660	65.9001
22670	75.9001
22680	66.4141
22690	76.4141
22700	86.4141
22710	71.4246
22720	61.7986
22730	71.7986
22740	58.9877
22750	68.9877
22760	78.9877
22770	62.9665
22780	72.9665
22790	63.9468
22800	73.9469
22810	64.5953
22820	74.5953
22830	84.5953
22840	71.5222
22850	61.8462
22860	71.8462
22870	81.8462
22880	67.3813
22890	77.3813
22900	61.2858
22910	71.2858
22920	62.3149
22930	72.3149
22940	82.3149
22950	71.1979
22960	81.1979
22970	68.1771
22980	78.1771
22990	67.0312
23000	77.0312
23010	64.349
23020	74.349
23030	58.2812
23040	68.2812
23050	59.3229
23060	69.3229
23070	79.3229
23080	69.6938
23090	79.6938
23100	66.6895
23110	76.6895
23120	66.9369
23130	76.9369
23140	64.3143
23150	74.3143
23160	58.3462
23170	68.3462
23180	78.3462
23190	67.8343
23200	77.8343
23210	68.073
23220	78.073
23230	65.2196
23240	75.2196
23250	65.4029
23260	75.4029
23270	62.908
23280	72.908
23290	82.908
23300	65.0814
23310	75.0814
23320	65.9743
23330	75.9743
23340	65.8835
23350	75.8835
23360	85.8835
23370	71.4248
23380	61.7487
23390	71.7487
23400	59.324
23410	69.324
23420	79.324
23430	63.2594
23440	73.2595
23450	64.1315
23460	74.1315
23470	63.9623
23480	73.9623
23490	83.9623
23500	71.5138
23510	61.8006
23520	71.8006
23530	81.8006
23540	67.657
23550	77.657
23560	61.4351
23570	71.4351
23580	62.3342
23590	72.3342
23600	82.3342
23610	70.7089
23620	80.7089
23630	68.3291
23640	78.3291
23650	67.0633
23660	77.0633
23670	64.6901
23680	74.6901
23690	58.3789
23700	68.3789
23710	59.1718
23720	69.1718
23730	79.1718
23740	69.0948
23750	79.0948
23760	66.7763
23770	76.7763
23780	67.1019
23790	77.1019
23800	64.7532
23810	74.7532
23820	58.5637
23830	68.5637
23840	78.5637
23850	67.7879
23860	77.7878
23870	67.5385
23880	77.5385
23890	65.3467
23900	75.3467
23910	65.5767
23920	75.5767
23930	63.05
23940	73.05
23950	83.05
23960	65.0571
23970	75.0571
23980	65.7289
23990	75.7289
24000	65.6397
24010	75.6397
24020	85.6397
24030	71.9562
24040	61.8568
24050	71.8568
24060	59.2622
24070	69.2622
24080	79.2622
24090	63.2739
24100	73.2739
24110	63.944
24120	73.944
24130	63.9851
24140	73.9852
24150	83.9852
24160	72.1181
24170	61.8665
24180	71.8665
24190	81.8665
24200	67.5174
24210	77.5173
24220	61.3532
24230	71.3532
24240	62.1419
24250	72.1419
24260	82.1419
24270	70.7634
24280	80.7634
24290	69.0744
24300	79.0744
24310	67.1967
24320	77.1967
24330	64.3243
24340	74.3243
24350	58.2283
24360	68.2283
24370	59.2312
24380	69.2312
24390	79.2312
24400	69.1337
24410	79.1337
24420	67.4494
24430	77.4494
24440	67.0152
24450	77.0152
24460	64.3837
24470	74.3837
24480	58.0725
24490	68.0725
24500	78.0725
24510	67.7837
24520	77.7837
24530	67.7009
24540	77.7009
24550	65.9198
24560	75.9198
24570	65.5405
24580	75.5405
24590	62.9833
24600	72.9833
24610	82.9833
24620	64.6669
24630	74.6669
24640	65.7207
24650	75.7207
24660	65.721
24670	75.721
24680	85.721
24690	72.0357
24700	61.7621
24710	71.7621
24720	59.3218
24730	69.3218
24740	79.3218
24750	63.1857
24760	73.1857
24770	64.1429
24780	74.1429
24790	63.858
24800	73.858
24810	83.858
24820	71.853
24830	61.7187
24840	71.7187
24850	81.7187
24860	67.7304
24870	77.7304
24880	61.5841
24890	71.5841
24900	62.4277
24910	72.4277
24920	82.4277
24930	70.4458
24940	80.4458
24950	68.5522
24960	78.5522
24970	66.8422
24980	76.8422
24990	64.6492
25000	74.6492
25010	58.5288
25020	68.5288
25030	59.3746
25040	69.3746
25050	79.3746
25060	68.8153
25070	78.8153
25080	67.092
25090	77.092
25100	66.9234
25110	76.9234
25120	64.5703
25130	74.5703
25140	58.6378
25150	68.6378
25160	78.6378
25170	67.9558
25180	77.9558
25190	67.2412
25200	77.2412
25210	65.6206
25220	75.6206
25230	65.5269
25240	75.5269
25250	62.9977
25260	72.9977
25270	82.9977
25280	65.1288
25290	75.1288
25300	65.9238
25310	75.9238
25320	65.2472
25330	75.2472
25340	85.2472
25350	72.0263
25360	61.8223
25370	71.8223
25380	59.3895
25390	69.3895
25400	79.3895
25410	63.5021
25420	73.5021
25430	64.0965
25440	74.0965
25450	63.4663
25460	73.4663
25470	83.4663
25480	72.106
25490	61.9635
25500	71.9635
25510	81.9635
25520	67.6211
25530	77.6211
25540	61.8365
25550	71.8365
25560	62.355
25570	72.355
25580	82.355
25590	70.0987
25600	80.0987
25610	68.7584
25620	78.7584
25630	67.1661
25640	77.1661
25650	64.4222
25660	74.4222
25670	58.7695
25680	68.7695
25690	59.2897
25700	69.2897
25710	79.2897
25720	68.604
25730	78.604
25740	67.0196
25750	77.0196
25760	67.0642
25770	77.0642
25780	64.2926
25790	74.2926
25800	58.8684
25810	68.8684
25820	78.8684
25830	67.8636
25840	77.8636
25850	67.1818
25860	77.1818
25870	65.6136
25880	75.6136
25890	65.5197
25900	75.5197
25910	62.7624
25920	72.7624
25930	82.7624
25940	65.3959
25950	75.3959
25960	66.0339
25970	76.0339
25980	65.2547
25990	75.2546
26000	85.2546
26010	72.0345
26020	61.8745
26030	71.8745
26040	58.9693
26050	68.9693
26060	78.9693
26070	63.6755
26080	73.6755
26090	64.537
26100	74.537
26110	63.5558
26120	73.5558
26130	83.5558
26140	72.1457
26150	61.8999
26160	71.8999
26170	81.8999
26180	67.3111
26190	77.3111
26200	61.8889
26210	71.8889
26220	62.8222
26230	72.8222
26240	82.8222
26250	70.0777
26260	80.0777
26270	68.7138
26280	78.7138
26290	66.956
26300	76.956
26310	64.1641
26320	74.1641
26330	58.7844
26340	68.7844
26350	59.7561
26360	69.7561
26370	79.7561
26380	68.4431
26390	78.4431
26400	67.1517
26410	77.1517
26420	66.9084
26430	76.9084
26440	64.0574
26450	74.0574
26460	58.6038
26470	68.6038
26480	78.6038
26490	68.206
26500	78.206
26510	67.0298
26520	77.0298
26530	65.8608
26540	75.8608
26550	65.5609
26560	75.5609
26570	62.711
26580	72.711
26590	82.711
26600	65.3687
26610	75.3687
26620	66.1134
26630	76.1134
26640	64.9749
26650	74.9749
26660	84.9749
26670	72.0497
26680	61.888
26690	71.888
26700	59.1858
26710	69.1858
26720	79.1858
26730	63.9686
26740	73.9686
26750	64.5071
26760	74.5071
26770	63.301
26780	73.301
26790	83.301
26800	72.1262
26810	61.8825
26820	71.8825
26830	81.8825
26840	67.2019
26850	77.2019
26860	62.1238
26870	72.1238
26880	62.7303
26890	72.7303
26900	82.7303
26910	70.0717
26920	80.0717
26930	68.9874
26940	78.9874
26950	67.0696
26960	77.0696
26970	63.907
26980	73.907
26990	58.8008
27000	68.8008
27010	59.5655
27020	69.5655
27030	79.5655
27040	68.4956
27050	78.4956
27060	67.3431
27070	77.3431
27080	67.0389
27090	77.0389
27100	63.9629
27110	73.9629
27120	58.7437
27130	68.7437
27140	78.7437
27150	68.0782
27160	78.0782
27170	66.9268
27180	76.9268
27190	65.8746
27200	75.8746
27210	65.6733
27220	75.6733
27230	62.5214
27240	72.5214
27250	82.5214
27260	65.4565
27270	75.4565
27280	66.1406
27290	76.1406
27300	64.8259
27310	74.8259
27320	84.8259
27330	72.2644
27340	62.1499
27350	72.1499
27360	59.0195
27370	69.0195
27380	79.0195
27390	63.9861
27400	73.9861
27410	64.5282
27420	74.5282
27430	63.0867
27440	73.0867
27450	83.0867
27460	72.2045
27470	62.0929
27480	72.0929
27490	82.0929
27500	67.2517
27510	77.2517
27520	62.2893
27530	72.2893
27540	62.8383
27550	72.8383
27560	82.8383
27570	69.8682
27580	79.8682
27590	68.9457
27600	78.9457
27610	66.9923
27620	76.9923
27630	63.7042
27640	73.7042
27650	58.9563
27660	68.9563
27670	59.66
27680	69.66
27690	79.66
27700	68.4756
27710	78.4756
27720	67.5695
27730	77.5695
27740	66.952
27750	76.952
27760	63.6117
27770	73.6117
27780	58.9144
27790	68.9144
27800	78.9144
27810	68.1628
27820	78.1628
27830	66.9937
27840	76.9937
27850	66.096
27860	76.096
27870	65.4717
27880	75.4717
27890	62.1411
27900	72.1411
27910	82.1411
27920	65.5662
27930	75.5662
27940	66.1667
27950	76.1667
27960	65.042
27970	75.042
27980	85.042
27990	72.6007
28000	61.8861
28010	71.8861
28020	58.6298
28030	68.6298
28040	78.6298
28050	64.0458
28060	74.0458
28070	64.6087
28080	74.6087
28090	63.5652
28100	73.5652
28110	83.5652
28120	72.6039
28130	61.6669
28140	71.6669
28150	81.6669
28160	66.75
28170	76.75
28180	62.2638
28190	72.2638
28200	62.9252
28210	72.9252
28220	82.9252
28230	70.3861
28240	80.3861
28250	69.2081
28260	79.2081
28270	66.6999
28280	76.6999
28290	63.68
28300	73.68
28310	58.8706
28320	68.8706
28330	59.6244
28340	69.6244
28350	79.6244
28360	68.7935
28370	78.7935
28380	67.4934
28390	77.4933
28400	66.6913
28410	76.6913
28420	63.7721
28430	73.7721
28440	59.0029
28450	69.0029
28460	79.0029
28470	67.9543
28480	77.9543
28490	67.2197
28500	77.2197
28510	65.9668
28520	75.9668
28530	65.2557
28540	75.2557
28550	62.4275
28560	72.4275
28570	82.4275
28580	65.5918
28590	75.5918
28600	65.9638
28610	75.9638
28620	65.2813
28630	75.2813
28640	85.2813
28650	72.3134
28660	61.6438
28670	71.6438
28680	58.8614
28690	68.8614
28700	78.8614
28710	63.9715
28720	73.9715
28730	64.3788
28740	74.3788
28750	63.7271
28760	73.7271
28770	83.7271
28780	72.2924
28790	61.6033
28800	71.6033
28810	81.6033
28820	67.1225
28830	77.1225
28840	62.2943
28850	72.2943
28860	62.5642
28870	72.5642
28880	82.5641
28890	70.375
28900	80.375
28910	69.0286
28920	79.0286
28930	66.6134
28940	76.6134
28950	63.9739
28960	73.974
28970	59.181
28980	69.181
28990	59.4742
29000	69.4742
29010	79.4742
29020	68.5785
29030	78.5785
29040	67.2835
29050	77.2835
29060	66.6155
29070	76.6155
29080	64.1474
29090	74.1474
29100	59.2627
29110	69.2627
29120	79.2627
29130	67.9645
29140	77.9645
29150	67.1439
29160	77.1439
29170	65.58
29180	75.58
29190	65.0419
29200	75.0419
29210	62.6908
29220	72.6908
29230	82.6908
29240	65.8323
29250	75.8323
29260	65.923
29270	75.923
29280	65.1759
29290	75.1759
29300	85.1759
29310	72.0204
29320	61.5685
29330	71.5685
29340	59.3179
29350	69.3179
29360	79.3179
29370	64.2606
29380	74.2606
29390	64.1126
29400	74.1126
29410	63.4544
29420	73.4544
29430	83.4544
29440	72.0423
29450	61.6714
29460	71.6714
29470	81.6714
29480	67.454
29490	77.454
29500	62.3183
29510	72.3183
29520	62.269
29530	72.269
29540	82.269
29550	70.152
29560	80.152
29570	68.8673
29580	78.8673
29590	67.0594
29600	77.0594
29610	64.3663
29620	74.3663
29630	59.0194
29640	69.0194
29650	59.0551
29660	69.0551
29670	79.0551
29680	68.5926
29690	78.5926
29700	67.3755
29710	77.3755
29720	67.0833
29730	77.0833
29740	64.3599
29750	74.3599
29760	59.0986
29770	69.0986
29780	79.0986
29790	67.4314
29800	77.4314
29810	67.0392
29820	77.0392
29830	65.8824
29840	75.8824
29850	65.4939
29860	75.4939
29870	62.7745
29880	72.7745
29890	82.7745
29900	65.6405
29910	75.6405
29920	65.5538
29930	75.5538
29940	65.0437
29950	75.0437
29960	85.0437
29970	72.372
29980	62.0999
29990	72.0999
30000	59.3143
30010	69.3143
30020	79.3143
30030	63.8935
30040	73.8935
30050	63.9439
30060	73.9439
30070	63.2768
30080	73.2768
30090	83.2768
30100	72.1855
30110	62.0202
30120	72.0202
30130	82.0202
30140	67.5969
30150	77.5969
30160	62.1347
30170	72.1347
30180	62.2517
30190	72.2517
30200	82.2517
30210	70.0429
30220	80.0429
30230	68.9329
30240	78.9329
30250	67.2898
30260	77.2898
30270	64.4356
30280	74.4356
30290	58.8505
30300	68.8505
30310	59.0404
30320	69.0404
30330	79.0404
30340	68.4871
30350	78.4871
30360	67.4389
30370	77.4389
30380	67.4012
30390	77.4012
30400	64.3664
30410	74.3664
30420	58.8355
30430	68.8355
30440	78.8354
30450	67.4031
30460	77.4031
30470	66.9046
30480	76.9046
30490	65.8091
30500	75.8091
30510	65.8354
30520	75.8354
30530	62.8859
30540	72.8859
30550	82.8859
30560	65.5141
30570	75.5141
30580	65.432
30590	75.432
30600	65.0501
30610	75.0501
30620	85.0501
30630	71.97
30640	62.1368
30650	72.1368
30660	59.3487
30670	69.3487
30680	79.3487
30690	64.1288
30700	74.1288
30710	63.6867
30720	73.6867
30730	63.3443
30740	73.3443
30750	83.3443
30760	71.7441
30770	61.992
30780	71.992
30790	81.992
30800	67.5188
30810	77.5188
30820	62.4663
30830	72.4663
30840	62.0983
30850	72.0983
30860	82.0983
30870	70.1902
30880	80.1902
30890	68.4139
30900	78.4139
30910	67.0643
30920	77.0643
30930	64.3245
30940	74.3245
30950	59.4007
30960	69.4007
30970	59.0282
30980	69.0282
30990	79.0282
31000	68.7711
31010	78.7711
31020	66.8119
31030	76.8119
31040	67.0544
31050	77.0544
31060	64.3715
31070	74.3715
31080	59.4934
31090	69.4934
31100	79.4934
31110	67.4347
31120	77.4347
31130	67.2015
31140	77.2015
31150	65.2684
31160	75.2684
31170	65.5342
31180	75.5342
31190	62.8829
31200	72.8829
31210	82.8829
31220	65.8989
31230	75.8989
31240	65.4538
31250	75.4538
31260	65.258
31270	75.258
31280	85.258
31290	71.683
31300	61.845
31310	71.845
31320	59.2355
31330	69.2355
31340	79.2355
31350	64.1815
31360	74.1815
31370	63.7808
31380	73.7808
31390	63.6288
31400	73.6288
31410	83.6288
31420	71.7973
31430	61.8646
31440	71.8646
31450	81.8647
31460	67.4999
31470	77.4999
31480	62.3366
31490	72.3366
31500	62.0298
31510	72.0298
31520	82.0298
31530	70.3234
31540	80.3234
31550	68.6022
31560	78.6022
31570	67.0335
31580	77.0335
31590	64.3648
31600	74.3648
31610	59.229
31620	69.229
31630	58.9851
31640	68.9851
31650	78.9851
31660	68.7545
31670	78.7545
31680	67.0912
31690	77.0912
31700	67.1287
31710	77.1287
31720	64.5415
31730	74.5415
31740	59.2441
31750	69.2441
31760	79.2441
31770	67.3246
31780	77.3246
31790	66.9686
31800	76.9687
31810	65.449
31820	75.449
31830	65.6228
31840	75.6228
31850	63.0101
31860	73.0101
31870	83.0101
31880	65.7914
31890	75.7914
31900	65.403
31910	75.403
31920	64.9271
31930	74.9271
31940	84.927
31950	71.8423
31960	62.1172
31970	72.1172
31980	59.5594
31990	69.5594
32000	79.5594
32010	64.0319
32020	74.032
32030	63.6704
32040	73.6704
32050	63.3316
32060	73.3316
32070	83.3316
32080	71.8402
32090	62.2463
32100	72.2463
32110	82.2463
32120	67.7856
32130	77.7856
32140	62.1013
32150	72.1013
32160	61.848
32170	71.848
32180	81.848
32190	70.0284
32200	80.0284
32210	68.4931
32220	78.4931
32230	67.5021
32240	77.5021
32250	64.756
32260	74.756
32270	59.2264
32280	69.2264
32290	58.8939
32300	68.8939
32310	78.8939
32320	68.5678
32330	78.5678
32340	66.8385
32350	76.8385
32360	67.2571
32370	77.2571
32380	64.6504
32390	74.6504
32400	59.2609
32410	69.2609
32420	79.2609
32430	67.4555
32440	77.4555
32450	66.9831
32460	76.9831
32470	65.1361
32480	75.1361
32490	65.6144
32500	75.6144
32510	63.0561
32520	73.0561
32530	83.0561
32540	65.8404
32550	75.8404
32560	65.6676
32570	75.6676
32580	65.0808
32590	75.0808
32600	85.0808
32610	71.7002
32620	62.0863
32630	72.0863
32640	59.3228
32650	69.3228
32660	79.3228
32670	64.2277
32680	74.2277
32690	63.7426
32700	73.7425
32710	63.2772
32720	73.2772
32730	83.2772
32740	71.689
32750	62.131
32760	72.131
32770	82.131
32780	67.6916
32790	77.6916
32800	62.7438
32810	72.7438
32820	62.0023
32830	72.0023
32840	82.0023
32850	69.9057
32860	79.9057
32870	68.4781
32880	78.4781
32890	67.191
32900	77.1911
32910	64.4446
32920	74.4445
32930	59.6634
32940	69.6634
32950	58.8953
32960	68.8953
32970	78.8953
32980	68.3313
32990	78.3313
33000	66.848
33010	76.848
33020	67.1571
33030	77.1571
33040	64.4919
33050	74.4919
33060	59.8529
33070	69.853
33080	79.853
33090	67.2613
33100	77.2613
33110	66.7346
33120	76.7346
33130	65.3227
33140	75.3227
33150	65.5974
33160	75.5974
33170	62.8768
33180	72.8768
33190	82.8768
33200	66.2839
33210	76.2839
33220	65.2781
33230	75.2781
33240	64.6976
33250	74.6976
33260	84.6976
33270	71.7586
33280	62.0345
33290	72.0345
33300	59.3966
33310	69.3965
33320	79.3965
33330	64.7414
33340	74.7414
33350	63.6724
33360	73.6724
33370	63.0517
33380	73.0517
33390	83.0517
33400	71.7634
33410	62.0463
33420	72.0463
33430	82.0463
33440	67.6841
33450	77.6841
33460	63.0541
33470	73.0541
33480	61.8452
33490	71.8452
33500	81.8452
33510	69.6779
33520	79.6779
33530	68.3668
33540	78.3668
33550	67.1771
33560	77.1771
33570	64.5846
33580	74.5846
33590	60.0264
33600	70.0264
33610	58.8339
33620	68.8339
33630	78.8339
33640	68.3344
33650	78.3344
33660	66.899
33670	76.899
33680	67.112
33690	77.112
33700	64.3982
33710	74.3982
33720	59.9735
33730	69.9735
33740	79.9735
33750	67.2824
33760	77.2824
33770	66.7335
33780	76.7335
33790	65.2606
33800	75.2607
33810	65.4305
33820	75.4305
33830	62.6563
33840	72.6563
33850	82.6563
33860	66.4795
33870	76.4795
33880	65.4969
33890	75.4969
33900	64.9615
33910	74.9615
33920	84.9615
33930	71.9068
33940	61.8295
33950	71.8295
33960	59.1106
33970	69.1106
33980	79.1106
33990	64.8622
34000	74.8622
34010	63.7028
34020	73.7028
34030	63.2232
34040	73.2232
34050	83.2232
34060	71.8837
34070	61.8719
34080	71.8719
34090	81.8719
34100	67.4058
34110	77.4058
34120	63.1324
34130	73.1324
34140	61.8588
34150	71.8588
34160	81.8588
34170	69.9221
34180	79.9221
34190	68.5601
34200	78.5601
34210	67.1328
34220	77.1328
34230	64.2939
34240	74.2939
34250	59.92
34260	69.92
34270	58.7856
34280	68.7856
34290	78.7856
34300	68.3843
34310	78.3843
34320	66.9105
34330	76.9105
34340	67.1557
34350	77.1557
34360	64.3823
34370	74.3823
34380	60.1093
34390	70.1093
34400	80.1093
34410	67.2842
34420	77.2842
34430	66.7364
34440	76.7364
34450	65.1382
34460	75.1382
34470	65.4752
34480	75.4752
34490	62.6377
34500	72.6377
34510	82.6377
34520	66.6044
34530	76.6044
34540	65.4622
34550	75.4622
34560	64.9724
34570	74.9724
34580	84.9724
34590	71.5528
34600	61.9487
34610	71.9487
34620	59.1248
34630	69.1248
34640	79.1248
34650	65.0322
34660	75.0322
34670	63.7444
34680	73.7444
34690	63.1434
34700	73.1434
34710	83.1434
34720	71.4646
34730	61.9347
34740	71.9347
34750	81.9347
34760	67.4422
34770	77.4422
34780	63.4158
34790	73.4158
34800	61.9637
34810	71.9637
34820	81.9637
34830	69.7605
34840	79.7605
34850	68.1043
34860	78.1043
34870	67.0955
34880	77.0955
34890	64.383
34900	74.3831
34910	60.3971
34920	70.3971
34930	58.9015
34940	68.9015
34950	78.9015
34960	68.1495
34970	78.1495
34980	66.5473
34990	76.5473
35000	67.0908
35010	77.0908
35020	64.4343
35030	74.4343
35040	60.5015
35050	70.5015
35060	80.5015
35070	67.2708
35080	77.2708
35090	66.3445
35100	76.3445
35110	64.7968
35120	74.7968
35130	65.382
35140	75.382
35150	62.7898
35160	72.7898
35170	82.7898
35180	67.0978
35190	77.0978
35200	65.5775
35210	75.5775
35220	64.5231
35230	74.5231
35240	84.5231
35250	71.4222
35260	61.7765
35270	71.7765
35280	59.225
35290	69.225
35300	79.225
35310	65.5216
35320	75.5216
35330	63.9535
35340	73.9535
35350	62.8422
35360	72.8422
35370	82.8422
35380	71.4971
35390	61.6759
35400	71.6759
35410	81.6759
35420	67.3858
35430	77.3858
35440	63.7947
35450	73.7947
35460	62.3207
35470	72.3207
35480	82.3207
35490	69.6649
35500	79.6649
35510	68.2187
35520	78.2187
35530	66.7121
35540	76.7121
35550	64.2258
35560	74.2258
35570	60.5363
35580	70.5363
35590	59.1115
35600	69.1115
35610	79.1115
35620	68.114
35630	78.114
35640	66.7019
35650	76.7019
35660	66.6759
35670	76.6759
35680	64.2332
35690	74.2332
35700	60.5437
35710	70.5437
35720	80.5437
35730	67.4073
35740	77.4073
35750	66.4746
35760	76.4746
35770	65.1338
35780	75.1338
35790	65.0527
35800	75.0527
35810	62.5116
35820	72.5116
35830	82.5116
35840	67.0492
35850	77.0492
35860	65.461
35870	75.461
35880	64.6682
35890	74.6682
35900	84.6682
35910	71.8638
35920	61.6995
35930	71.6995
35940	59.1037
35950	69.1037
35960	79.1037
35970	65.4934
35980	75.4934
35990	63.759
36000	73.759
