10	11
20	10
30	3
40	3
50	3
60	3
70	5.5
80	15.5
90	25.5
100	21.5
110	31.5
120	20
130	30
140	40
150	25
160	35
170	20
180	30
190	40
200	25
210	35
220	17.8333
230	27.8333
240	37.8333
250	30
260	40
270	16.6667
280	26.6667
290	36.6667
300	30
310	40
320	16.6667
330	26.6667
340	36.6667
350	32.4
360	42.4
370	21.6
380	31.6
390	41.6
400	38
410	48
420	28
430	38
440	30
450	40
460	50
470	31.7
480	41.7
490	34.9333
500	44.9333
510	35.5762
520	45.5762
530	55.5762
540	49.4048
550	59.4048
560	47.9762
570	57.9762
580	67.9762
590	55.5476
600	65.5476
610	58.7857
620	68.7857
630	78.7857
640	58.7857
650	68.7857
660	53.9127
670	63.9127
680	53.0238
690	63.0238
700	53.6
710	63.6
720	47.9
730	57.9
740	46.5566
750	56.5566
760	50.7535
770	60.7535
780	51.4
790	61.4
800	71.4
810	49.9182
820	59.9182
830	46.2364
840	56.2364
850	47.9242
860	57.9242
870	67.9242
880	54.5909
890	64.5909
900	54.4091
910	64.4091
920	74.4091
930	59.736
940	69.736
950	54.5052
960	64.5052
970	55.236
980	65.236
990	75.236
1000	65.5513
1010	75.5513
1020	58.6282
1030	68.6282
1040	53.4084
1050	63.4084
1060	73.4084
1070	57.5275
1080	67.5275
1090	52.2528
1100	62.2528
1110	72.2528
1120	59.0791
1130	69.0791
1140	58.2077
1150	68.2077
1160	54.6125
1170	64.6125
1180	74.6125
1190	60.2952
1200	70.2952
1210	61.3333
1220	51.3804
1230	61.3804
1240	71.3804
1250	52.6353
1260	62.6353
1270	44.8
1280	54.8
1290	52.1549
1300	62.1549
1310	54.9817
1320	64.9817
1330	56.0503
1340	66.0503
1350	76.0503
1360	65.9065
1370	75.9065
1380	66.4281
1390	76.4281
1400	86.4281
1410	68.7513
1420	78.7513
1430	64.8119
1440	56.7816
1450	66.7816
1460	76.7816
1470	65.8725
1480	75.8725
1490	64.0544
1500	74.0544
1510	63.3838
1520	73.3838
1530	62.9293
1540	52.9293
1550	62.9293
1560	72.9293
1570	61.1111
1580	71.1111
1590	61.8696
1600	71.8696
1610	62.9743
1620	72.9743
1630	58.4664
1640	68.4664
1650	57.6225
1660	67.6225
1670	77.6225
1680	63.2721
1690	73.2721
1700	66.7029
1710	76.7029
1720	64.2042
1730	74.2042
1740	84.2042
1750	69.6142
1760	79.6142
1770	62.1165
1780	72.1165
1790	64.5386
1800	74.5386
1810	61.3309
1820	71.3309
1830	61.7838
1840	71.7839
1850	81.7838
1860	66.3531
1870	76.3531
1880	65.1992
1890	75.1992
1900	61.0582
1910	71.0582
1920	61.2234
1930	71.2234
1940	62.7023
1950	72.7023
1960	57.6595
1970	67.6595
1980	56.9188
1990	66.9188
2000	54.3272
2010	64.3272
2020	60.1587
2030	70.1587
2040	59.881
2050	69.881
2060	79.881
2070	68.082
2080	52.9894
2090	62.9894
2100	51.5608
2110	61.5609
2120	71.5609
2130	59.3275
2140	69.3275
2150	61.2275
2160	71.2275
2170	81.2275
2180	74.2667
2190	84.2667
2200	73.8039
2210	83.8039
2220	70.0414
2230	80.0414
2240	90.0414
2250	71.2374
2260	81.2374
2270	58.6431
2280	68.6431
2290	59.1146
2300	69.1146
2310	79.1146
2320	68.6557
2330	78.6557
2340	67.5495
2350	77.5495
2360	62.0571
2370	72.0571
2380	82.0571
2390	58.4436
2400	54.7293
2410	64.7293
2420	60.366
2430	70.366
2440	62.2644
2450	72.2644
2460	61.9263
2470	71.9263
2480	81.9263
2490	63.7947
2500	73.7947
2510	65.3009
2520	75.3009
2530	62.5994
2540	72.5994
2550	82.5994
2560	66.6925
2570	76.6925
2580	61.1754
2590	71.1754
2600	59.3974
2610	69.3974
2620	79.3974
2630	69.7741
2640	79.7741
2650	71.0326
2660	59.0469
2670	69.0469
2680	79.0469
2690	59.8184
2700	69.8184
2710	62.7048
2720	55.4762
2730	65.4762
2740	75.4762
2750	62.619
2760	72.619
2770	59.0476
2780	69.0476
2790	52.9762
2800	62.9762
2810	72.9762
2820	66.0498
2830	76.0498
2840	69.2965
2850	79.2965
2860	69.0732
2870	79.0732
2880	89.0732
2890	72.1273
2900	82.1273
2910	62.4551
2920	72.455
2930	60.5561
2940	70.5561
2950	80.5561
2960	72.7783
2970	82.7783
2980	72.6811
2990	82.6811
3000	70.8894
3010	80.8894
3020	90.8894
3030	72.3605
3040	82.3605
3050	67.46
3060	77.46
3070	66.2283
3080	76.2283
3090	62.3515
3100	72.3515
3110	63.2892
3120	73.2892
3130	60.0364
3140	70.0364
3150	80.0364
3160	66.4214
3170	76.4214
3180	61.7443
3190	71.7442
3200	81.7442
3210	69.2926
3220	59.65
3230	69.65
3240	60.2614
3250	70.2614
3260	63.0981
3270	73.0981
3280	64.1612
3290	74.1612
3300	61.7002
3310	71.7002
3320	60.3239
3330	70.3239
3340	54.9694
3350	64.9694
3360	54.022
3370	50.3842
3380	60.3842
3390	70.3842
3400	64.8653
3410	74.8653
3420	64.577
3430	74.577
3440	63.3402
3450	73.3402
3460	60.5471
3470	70.5471
3480	80.5471
3490	64.3816
3500	74.3816
3510	66.4308
3520	76.4308
3530	67.0169
3540	77.0169
3550	63.3789
3560	73.3789
3570	83.3789
3580	71.1348
3590	61.6086
3600	71.6087
3610	81.6086
3620	69.8928
3630	79.8928
3640	64.8323
3650	74.8323
3660	61.63
3670	71.63
3680	58.3323
3690	68.3323
3700	57.6318
3710	67.6318
3720	62.2916
3730	72.2916
3740	62.8916
3750	72.8916
3760	61.2589
3770	71.2589
3780	58.9423
3790	52
3800	62
3810	72
3820	59.8462
3830	69.8462
3840	59.8462
3850	69.8462
3860	58.3077
3870	68.3077
3880	61.0769
3890	71.0769
3900	81.0769
3910	72.6154
3920	63.1655
3930	73.1655
3940	83.1655
3950	69.2634
3960	79.2634
3970	63.4301
3980	47.8085
3990	57.8085
4000	67.8085
4010	62.3174
4020	72.3174
4030	65.7487
4040	75.7487
4050	85.7487
4060	74.9425
4070	84.9425
4080	71.3861
4090	81.3861
4100	66.6503
4110	76.6503
4120	58.0624
4130	68.0624
4140	57.2651
4150	67.2651
4160	77.2651
4170	71.0443
4180	62.2791
4190	72.2791
4200	82.2791
4210	69.8315
4220	79.8315
4230	65.4352
4240	75.4352
4250	59.5257
4260	69.5257
4270	58.5651
4280	68.5651
4290	58.5428
4300	68.5428
4310	62.8867
4320	72.8867
4330	63.5808
4340	73.5808
4350	62.312
4360	72.312
4370	82.312
4380	65.9087
4390	75.9087
4400	64.5205
4410	74.5205
4420	84.5205
4430	69.589
4440	79.589
4450	66.5753
4460	76.5753
4470	68.3814
4480	78.3814
4490	65.954
4500	75.954
4510	85.954
4520	73.1215
4530	83.1215
4540	69.4035
4550	79.4035
4560	89.4035
4570	75.102
4580	85.102
4590	69.1136
4600	79.1136
4610	65.4166
4620	75.4166
4630	60.1421
4640	53.1768
4650	63.1768
4660	73.1768
4670	64.4311
4680	55.8442
4690	65.8441
4700	75.8441
4710	64.026
4720	52.5974
4730	62.5974
4740	55.4545
4750	65.4546
4760	55.1948
4770	65.1948
4780	58.3117
4790	68.3117
4800	61.4286
4810	71.4286
4820	61.4286
4830	71.4286
4840	58.0519
4850	68.0519
4860	59.3506
4870	69.3506
4880	59.0909
4890	69.0909
4900	58.8312
4910	68.8312
4920	60.6493
4930	70.6494
4940	61.1688
4950	71.1688
4960	60.3896
4970	70.3896
4980	80.3896
4990	70.1299
5000	59.8872
5010	69.8872
5020	79.8872
5030	67.6541
5040	77.6541
5050	64.2663
5060	51.21
5070	61.21
5080	71.21
5090	64.7328
5100	74.7328
5110	64.6159
5120	74.6159
5130	63.5429
5140	73.5429
5150	61.3394
5160	71.3394
5170	81.3394
5180	69.0724
5190	55.3126
5200	65.3126
5210	57.3887
5220	67.3887
5230	77.3887
5240	69.3001
5250	60.181
5260	70.181
5270	80.181
5280	66.9793
5290	76.9793
5300	65.8162
5310	75.8162
5320	62.1017
5330	72.1017
5340	59.3845
5350	69.3845
5360	59.1265
5370	69.1265
5380	60.7069
5390	70.7069
5400	61.8618
5410	71.8618
5420	81.8618
5430	69.5419
5440	57.8288
5450	67.8288
5460	77.8288
5470	65.8818
5480	75.8818
5490	61.7081
5500	71.7081
5510	64.2717
5520	74.2717
5530	64
5540	74
5550	62.6862
5560	72.6862
5570	59.6337
5580	69.6337
5590	59.7253
5600	69.7253
5610	79.7253
5620	65.3358
5630	58.4786
5640	68.4786
5650	78.4786
5660	68.4615
5670	78.4615
5680	65.6573
5690	54.6492
5700	64.6492
5710	74.6492
5720	62.8314
5730	72.8314
5740	60.7611
5750	70.7611
5760	61.2249
5770	71.2249
5780	62.7507
5790	72.7507
5800	82.7507
5810	70.7482
5820	58.8167
5830	68.8167
5840	58.6798
5850	68.6798
5860	78.6798
5870	65.846
5880	56.4446
5890	66.4446
5900	76.4446
5910	64.5444
5920	74.5444
5930	65.0838
5940	75.0838
5950	64.0404
5960	74.0404
5970	61.7412
5980	71.7412
5990	61.1935
6000	71.1935
6010	59.7307
6020	69.7307
6030	59.2702
6040	69.2702
6050	79.2702
6060	68.4932
6070	59.3643
6080	69.3643
6090	79.3643
6100	67.4303
6110	77.4303
6120	65.563
6130	75.563
6140	62.5871
6150	72.5871
6160	60.8832
6170	70.8832
6180	60.6602
6190	70.6602
6200	60.3664
6210	70.3664
6220	60.5549
6230	70.5549
6240	80.5549
6250	68.6248
6260	57.7796
6270	67.7796
6280	77.7796
6290	66.5821
6300	76.5821
6310	63.7271
6320	55.4514
6330	65.4514
6340	75.4514
6350	64.4913
6360	74.4913
6370	63.0189
6380	73.0189
6390	60.9434
6400	70.9434
6410	61.6981
6420	71.6981
6430	81.6981
6440	68.3962
6450	58.7736
6460	68.7736
6470	59.5283
6480	69.5283
6490	79.5283
6500	66.2264
6510	55.849
6520	65.8491
6530	75.8491
6540	65
6550	75
6560	63.4906
6570	73.4906
6580	63.8931
6590	73.8931
6600	62.8616
6610	72.8616
6620	61.5149
6630	71.5148
6640	58.9821
6650	68.9821
6660	60.0756
6670	70.0756
6680	80.0756
6690	66.8387
6700	59.2387
6710	69.2387
6720	79.2387
6730	67.863
6740	77.863
6750	65.3636
6760	75.3636
6770	61.7273
6780	71.7273
6790	61.6364
6800	71.6364
6810	59.8346
6820	69.8346
6830	60.6945
6840	70.6945
6850	61.1319
6860	71.1319
6870	81.1319
6880	68.8594
6890	57.0244
6900	67.0245
6910	77.0245
6920	67.2605
6930	77.2605
6940	63.3365
6950	55.2928
6960	65.2928
6970	75.2928
6980	64.3102
6990	74.3102
7000	63.7449
7010	73.7449
7020	59.859
7030	69.859
7040	61.0638
7050	71.0638
7060	60.6326
7070	70.6326
7080	80.6326
7090	70.4197
7100	80.4197
7110	69.6042
7120	79.6042
7130	66.4571
7140	76.4571
7150	62.1793
7160	72.1793
7170	58.4665
7180	68.4665
7190	78.4665
7200	66.8244
7210	76.8243
7220	68.6885
7230	78.6885
7240	68.4578
7250	78.4578
7260	88.4578
7270	73.2735
7280	58.845
7290	68.845
7300	55.5079
7310	65.5079
7320	75.5079
7330	64.5619
7340	74.5619
7350	66.6141
7360	76.6141
7370	66.3504
7380	76.3504
7390	86.3504
7400	73.2786
7410	59.1881
7420	69.1881
7430	79.1881
7440	64.4422
7450	74.4422
7460	62.64
7470	72.64
7480	64.9719
7490	74.9719
7500	84.9719
7510	72.6239
7520	82.6239
7530	69.8498
7540	79.8498
7550	64.2584
7560	74.2584
7570	61.5951
7580	71.5951
7590	59.0754
7600	69.0754
7610	60.9241
7620	70.9241
7630	80.9241
7640	70.5217
7650	80.5217
7660	68.1303
7670	78.1303
7680	64.7772
7690	74.7772
7700	61.5434
7710	71.5434
7720	59.2969
7730	69.2969
7740	79.2969
7750	68.9232
7760	78.9232
7770	68.7597
7780	78.7597
7790	66.5891
7800	76.5891
7810	63.4109
7820	73.4108
7830	60.2326
7840	70.2326
7850	80.2326
7860	66.3566
7870	76.3566
7880	67.2093
7890	77.2093
7900	66.9911
7910	76.9911
7920	86.9911
7930	73.2244
7940	60.1682
7950	70.1682
7960	56.5219
7970	66.5219
7980	76.5219
7990	64.7533
8000	74.7533
8010	66.0418
8020	76.0418
8030	65.4287
8040	75.4287
8050	85.4287
8060	73.9098
8070	60.4538
8080	70.4538
8090	80.4538
8100	64.1829
8110	74.1829
8120	62.7434
8130	72.7434
8140	64.2487
8150	74.2487
8160	84.2487
8170	72.2636
8180	82.2636
8190	69.9469
8200	79.9469
8210	65.0095
8220	75.0095
8230	60.9805
8240	70.9805
8250	59.9346
8260	69.9346
8270	60.9403
8280	70.9403
8290	80.9403
8300	70.227
8310	80.227
8320	67.5831
8330	77.5831
8340	64.3751
8350	74.3751
8360	61.0409
8370	71.0409
8380	60.5109
8390	70.5109
8400	80.5109
8410	69.5968
8420	79.5968
8430	69.3731
8440	79.3731
8450	65.942
8460	75.942
8470	62.4712
8480	72.4712
8490	59.3096
8500	69.3096
8510	79.3096
8520	66.7172
8530	76.7172
8540	67.8746
8550	77.8746
8560	67.6591
8570	77.6591
8580	87.6591
8590	73.4469
8600	83.4469
8610	68.5101
8620	78.5101
8630	63.3885
8640	73.3885
8650	83.3885
8660	70.4464
8670	80.4464
8680	68.3603
8690	78.3603
8700	88.3603
8710	74.0198
8720	84.0198
8730	73.0612
8740	83.0612
8750	68.2993
8760	78.2993
8770	88.2993
8780	70.7483
8790	80.7483
8800	67.812
8810	77.812
8820	62.1399
8830	72.1399
8840	82.1399
8850	72.2017
8860	82.2017
8870	71.3343
8880	81.3343
8890	91.3343
8900	74.9399
8910	84.9399
8920	69.3919
8930	79.3919
8940	65.7432
8950	75.7432
8960	85.7432
8970	68.3784
8980	78.3784
8990	68.5135
9000	78.5135
9010	67.7027
9020	77.7027
9030	87.7027
9040	73.1081
9050	83.1081
9060	67.5676
9070	77.5676
9080	63.9189
9090	73.9189
9100	83.9189
9110	68.3784
9120	78.3784
9130	68.5135
9140	78.5135
9150	67.7117
9160	77.7117
9170	87.7117
9180	73.1631
9190	83.1631
9200	67.6948
9210	77.6948
9220	87.6948
9230	71.8814
9240	81.8814
9250	66.2669
9260	76.2669
9270	66.5794
9280	76.5794
9290	86.5794
9300	74.5184
9310	84.5184
9320	70.2145
9330	80.2145
9340	65
9350	75
9360	85
9370	70.7333
9380	80.7333
9390	64.6
9400	74.6
9410	84.6
9420	73.6
9430	83.6
9440	73.0667
9450	83.0667
9460	68.8
9470	78.8
9480	88.8
9490	71.8
9500	81.8
9510	67.5333
9520	77.5333
9530	61.4
9540	71.4
9550	81.4
9560	71.8
9570	81.8
9580	71.2918
9590	81.2918
9600	91.2917
9610	75.1069
9620	85.1069
9630	70.0561
9640	80.0561
9650	65.9788
9660	75.9788
9670	85.9788
9680	68.2563
9690	78.2563
9700	67.9617
9710	77.9617
9720	67.7625
9730	77.7625
9740	87.7625
9750	73.0822
9760	83.0822
9770	67.9506
9780	77.9506
9790	63.9881
9800	73.9881
9810	83.9881
9820	68.6553
9830	78.6553
9840	67.3328
9850	77.3327
9860	67.2683
9870	77.2683
9880	87.2683
9890	73.3114
9900	83.3114
9910	68.557
9920	78.557
9930	88.557
9940	72.5491
9950	82.5491
9960	67.1457
9970	77.1457
9980	66.1972
9990	76.1972
10000	86.1972
10010	73.3088
10020	83.3088
10030	69.5523
10040	79.5524
10050	65.3716
10060	75.3716
10070	85.3716
10080	70.3882
10090	80.3882
10100	65.5221
10110	75.5221
10120	85.5221
10130	73.5161
10140	83.5161
10150	72.1457
10160	82.1457
10170	68.2317
10180	78.2317
10190	88.2317
10200	72.6219
10210	82.6219
10220	67.0122
10230	77.0122
10240	62.2679
10250	72.2679
10260	82.2679
10270	71.8164
10280	81.8164
10290	70.5549
10300	80.5549
10310	90.5549
10320	74.5783
10330	84.5783
10340	70.5415
10350	80.5415
10360	65.2706
10370	75.2706
10380	85.2706
10390	69.1882
10400	79.1882
10410	68.3274
10420	78.3274
10430	67.4723
10440	77.4723
10450	87.4723
10460	72.6777
10470	82.6777
10480	68.1051
10490	78.1051
10500	63.2494
10510	73.2494
10520	83.2494
10530	69.2181
10540	79.2181
10550	68.4284
10560	78.4284
10570	67.3035
10580	77.3035
10590	87.3035
10600	72.6925
10610	82.6925
10620	68.2424
10630	78.2424
10640	88.2424
10650	72.1374
10660	82.1374
10670	67.8434
10680	77.8434
10690	66.49
10700	76.49
10710	86.49
10720	74.0393
10730	84.0393
10740	68.9285
10750	78.9285
10760	64.8989
10770	74.8989
10780	84.8989
10790	70.2556
10800	80.2556
10810	66.3842
10820	76.3842
10830	86.3842
10840	73.427
10850	83.427
10860	71.7208
10870	81.7208
10880	68.1921
10890	78.1921
10900	88.1921
10910	72.8006
10920	82.8006
10930	67.5646
10940	77.5646
10950	63.9539
10960	73.9539
10970	83.9539
10980	72.2959
10990	82.2959
11000	67.2619
11010	77.2619
11020	87.2619
11030	74.7637
11040	84.7637
11050	71.4034
11060	81.4034
11070	65.7236
11080	75.7236
11090	85.7236
11100	70.7623
11110	80.7623
11120	69.0378
11130	79.0378
11140	64.2295
11150	74.2295
11160	84.2295
11170	73.3223
11180	83.3223
11190	70.1223
11200	80.1223
11210	63.8581
11220	73.8581
11230	83.8581
11240	70.711
11250	80.711
11260	68.6129
11270	78.6129
11280	63.9923
11290	73.9923
11300	83.9924
11310	73.2676
11320	83.2676
11330	70.2646
11340	80.2646
11350	90.2646
11360	72.3569
11370	82.3569
11380	69.4123
11390	79.4123
11400	66.3024
11410	76.3024
11420	86.3024
11430	70.1507
11440	80.1507
11450	69.5924
11460	79.5924
11470	66.7854
11480	76.7854
11490	86.7854
11500	71.0135
11510	81.0135
11520	67.7358
11530	77.7358
11540	87.7358
11550	72.6802
11560	82.6801
11570	68.4113
11580	78.4113
11590	67.5851
11600	77.5851
11610	87.5851
11620	73.0023
11630	83.0023
11640	67.6913
11650	77.6913
11660	64.3839
11670	74.3839
11680	84.3839
11690	71.4634
11700	81.4634
11710	67.1194
11720	77.1194
11730	87.1194
11740	75.0447
11750	85.0447
11760	71.5416
11770	81.5416
11780	66.5883
11790	76.5883
11800	86.5883
11810	70.733
11820	80.733
11830	68.0105
11840	78.0105
11850	63.822
11860	73.822
11870	83.822
11880	73.2984
11890	83.2984
11900	69.8429
11910	79.8429
11920	64.8787
11930	74.8787
11940	84.8787
11950	70.7262
11960	80.7262
11970	68.0544
11980	78.0544
11990	63.9379
12000	73.9379
12010	83.9379
12020	73.4983
12030	83.4983
12040	70.1657
12050	80.1658
12060	90.1657
12070	72.8607
12080	82.8607
12090	68.8525
12100	78.8525
12110	66.3161
12120	76.3161
12130	86.3161
12140	70.6338
12150	80.6337
12160	69.576
12170	79.576
12180	66.3926
12190	76.3926
12200	86.3926
12210	71.0786
12220	81.0786
12230	67.2462
12240	77.2462
12250	87.2462
12260	73.3015
12270	83.3015
12280	69.1157
12290	79.1157
12300	67.5503
12310	77.5503
12320	87.5503
12330	72.9514
12340	82.9514
12350	67.8906
12360	77.8906
12370	64.2962
12380	74.2962
12390	84.2962
12400	71.7647
12410	81.7647
12420	67.6063
12430	77.6063
12440	87.6063
12450	74.1679
12460	84.1679
12470	71.1682
12480	81.1682
12490	66.5371
12500	76.5371
12510	86.5371
12520	71.0487
12530	81.0487
12540	68.6557
12550	78.6557
12560	64.2485
12570	74.2485
12580	84.2485
12590	72.5417
12600	82.5417
12610	69.5621
12620	79.5621
12630	64.6015
12640	74.6015
12650	84.6015
12660	71.0596
12670	81.0596
12680	68.6553
12690	78.6553
12700	64.5234
12710	74.5234
12720	84.5234
12730	71.9768
12740	81.9768
12750	69.3137
12760	79.3137
12770	89.3137
12780	72.8431
12790	82.8431
12800	69.5098
12810	79.5098
12820	66.8706
12830	76.8706
12840	86.8706
12850	70.9737
12860	80.9737
12870	68.374
12880	78.374
12890	65.7901
12900	75.7901
12910	85.7901
12920	71.1789
12930	81.1789
12940	67.9092
12950	77.9092
12960	87.9093
12970	73.8298
12980	83.8298
12990	69.3513
13000	79.3513
13010	66.5429
13020	76.5429
13030	86.5429
13040	72.5723
13050	82.5723
13060	68.2243
13070	78.2243
13080	64.5804
13090	74.5804
13100	84.5804
13110	72.2586
13120	82.2586
13130	67.8689
13140	77.8689
13150	87.8689
13160	73.424
13170	83.424
13180	70.7204
13190	80.7204
13200	66.5559
13210	76.5559
13220	86.5559
13230	71.255
13240	81.255
13250	68.7475
13260	78.7475
13270	64.3037
13280	74.3037
13290	84.3037
13300	71.937
13310	81.937
13320	69.6227
13330	79.6227
13340	65.1347
13350	75.1347
13360	85.1347
13370	71.0211
13380	81.0211
13390	68.9215
13400	78.9215
13410	64.31
13420	74.31
13430	84.31
13440	71.8527
13450	81.8527
13460	69.3472
13470	79.3472
13480	89.3472
13490	73.0981
13500	83.0981
13510	69.371
13520	79.371
13530	67.6175
13540	77.6175
13550	87.6175
13560	70.7768
13570	80.7769
13580	68.0109
13590	78.0109
13600	65.7783
13610	75.7783
13620	85.7783
13630	71.0483
13640	81.0483
13650	67.6018
13660	77.6018
13670	87.6018
13680	74.5249
13690	84.5249
13700	69.1855
13710	79.1855
13720	66.3801
13730	76.3801
13740	86.3801
13750	72.6244
13760	82.6244
13770	67.8891
13780	77.8891
13790	64.3747
13800	74.3747
13810	84.3747
13820	72.9681
13830	82.9681
13840	67.8323
13850	77.8323
13860	87.8323
13870	73.6467
13880	83.6467
13890	71.1821
13900	81.1821
13910	66.0825
13920	76.0825
13930	86.0825
13940	70.446
13950	80.446
13960	69.3102
13970	79.3102
13980	64.4761
13990	74.4761
14000	84.4761
14010	72.1143
14020	82.1143
14030	69.8666
14040	79.8666
14050	64.5606
14060	74.5606
14070	84.5606
14080	70.5345
14090	80.5345
14100	69.1414
14110	79.1414
14120	64.5614
14130	74.5614
14140	84.5614
14150	71.8421
14160	81.8421
14170	69.7368
14180	79.7368
14190	89.7369
14200	72.7773
14210	82.7773
14220	68.6924
14230	78.6924
14240	67.2533
14250	77.2533
14260	87.2533
14270	70.8922
14280	80.8922
14290	68.3334
14300	78.3334
14310	66.4373
14320	76.4373
14330	86.4373
14340	71.127
14350	81.127
14360	66.9571
14370	76.9571
14380	86.9571
14390	73.9636
14400	83.9636
14410	68.8134
14420	78.8134
14430	66.5908
14440	76.5908
14450	86.5908
14460	73.3193
14470	83.3193
14480	67.9626
14490	77.9626
14500	63.7678
14510	73.7678
14520	83.7678
14530	72.2103
14540	82.2103
14550	67.3418
14560	77.3418
14570	87.3418
14580	73.9412
14590	83.9412
14600	72.1478
14610	82.1478
14620	66.8661
14630	76.8661
14640	86.8661
14650	70.6075
14660	80.6075
14670	68.3775
14680	78.3775
14690	63.6582
14700	73.6582
14710	83.6582
14720	72.0258
14730	82.0258
14740	70.4229
14750	80.4229
14760	65.3615
14770	75.3615
14780	85.3615
14790	70.6879
14800	80.6879
14810	68.6298
14820	78.6298
14830	63.2734
14840	73.2734
14850	83.2734
14860	71.8595
14870	81.8595
14880	70.4545
14890	80.4545
14900	90.4545
14910	73.8148
14920	83.8148
14930	68.9666
14940	78.9666
14950	67.0206
14960	77.0206
14970	87.0206
14980	69.8388
14990	79.8388
15000	67.9536
15010	77.9536
15020	66.7055
15030	76.7055
15040	86.7055
15050	72.0854
15060	82.0854
15070	67.5084
15080	77.5084
15090	87.5084
15100	73.6753
15110	83.6753
15120	68.225
15130	78.225
15140	65.863
15150	75.863
15160	85.863
15170	73.4088
15180	83.4088
15190	69.0895
15200	79.0895
15210	64.7696
15220	74.7696
15230	84.7696
15240	72.2419
15250	82.2419
15260	66.9272
15270	76.9272
15280	86.9272
15290	72.8638
15300	82.8638
15310	72.1328
15320	82.1328
15330	67.5584
15340	77.5584
15350	87.5584
15360	70.863
15370	80.863
15380	68.5331
15390	78.5331
15400	63.4341
15410	73.4341
15420	83.4341
15430	71.1493
15440	61.904
15450	71.904
15460	81.904
15470	68.3848
15480	78.3848
15490	64.7874
15500	74.7874
15510	64.1926
15520	74.1926
15530	61.0439
15540	71.0439
15550	81.0439
15560	70
15570	57.3913
15580	67.3913
15590	77.3913
15600	67.3913
15610	77.3913
15620	65.4545
15630	75.4545
15640	64.9111
15650	74.9111
15660	61.7178
15670	71.7178
15680	81.7178
15690	70.6588
15700	58.1631
15710	68.1631
15720	78.1631
15730	64.7087
15740	74.7087
15750	65.4161
15760	56.6477
15770	66.6477
15780	76.6477
15790	63.2813
15800	73.2812
15810	63.6116
15820	73.6116
15830	61.3131
15840	71.3131
15850	59.6165
15860	69.6165
15870	61.8699
15880	71.8699
15890	61.723
15900	71.723
15910	59.7923
15920	69.7923
15930	79.7923
15940	68.4859
15950	58.2133
15960	68.2133
15970	78.2133
15980	64.5988
15990	74.5988
16000	65.1908
16010	75.1908
16020	65.3818
16030	75.3818
16040	61.6665
16050	71.6665
16060	62.1148
16070	72.1148
16080	60.1291
16090	70.1291
16100	57.9884
16110	67.9884
16120	77.9884
16130	68.4314
16140	60.0556
16150	70.0556
16160	58.2566
16170	68.2566
16180	78.2566
16190	67.3577
16200	57.1974
16210	67.1974
16220	77.1974
16230	63.0401
16240	73.0401
16250	65.071
16260	75.071
16270	85.071
16280	72.8117
16290	82.8117
16300	68.4841
16310	78.4841
16320	67.8071
16330	77.8071
16340	64.5325
16350	74.5325
16360	60.2849
16370	70.2849
16380	60.3009
16390	70.3009
16400	80.3009
16410	66.4185
16420	76.4185
16430	66.8625
16440	76.8626
16450	66.3757
16460	76.3757
16470	64.687
16480	74.687
16490	60.1117
16500	70.1117
16510	80.1117
16520	68.6678
16530	78.6678
16540	65.0055
16550	75.0055
16560	65.2718
16570	75.2718
16580	85.2718
16590	73.1985
16600	61.4308
16610	71.4308
16620	81.4308
16630	65.1079
16640	75.1079
16650	65.1351
16660	75.1351
16670	61.7347
16680	71.7347
16690	61.9139
16700	71.9139
16710	81.9139
16720	71.3866
16730	59.4657
16740	69.4657
16750	79.4657
16760	65.233
16770	75.233
16780	65.2043
16790	75.2043
16800	61.9279
16810	71.9279
16820	81.9279
16830	70.4041
16840	80.4041
16850	69.859
16860	57.7403
16870	67.7403
16880	77.7403
16890	63.7253
16900	73.7253
16910	63.7981
16920	73.7981
16930	83.7981
16940	68.6343
16950	78.6343
16960	68.9496
16970	78.9496
16980	68.011
16990	78.011
17000	63.9703
17010	73.9703
17020	60.2695
17030	70.2695
17040	60.2258
17050	70.2258
17060	80.2258
17070	67.022
17080	77.022
17090	67.4791
17100	77.4791
17110	66.1797
17120	76.1797
17130	63.9565
17140	73.9565
17150	60.398
17160	70.398
17170	80.398
17180	68.5191
17190	78.5191
17200	65.4257
17210	75.4257
17220	66.0163
17230	76.0163
17240	86.0163
17250	72.768
17260	60.7099
17270	70.7099
17280	80.7099
17290	65.333
17300	75.333
17310	65.1454
17320	75.1454
17330	61.7383
17340	71.7383
17350	62.5122
17360	72.5122
17370	82.5122
17380	71.0457
17390	58.8799
17400	68.8799
17410	78.8799
17420	65.3125
17430	75.3125
17440	65.3182
17450	75.3182
17460	61.7818
17470	71.7818
17480	81.7818
17490	71.2456
17500	81.2456
17510	69.4215
17520	57.1322
17530	67.1322
17540	77.1322
17550	63.7113
17560	73.7113
17570	63.8465
17580	73.8465
17590	83.8465
17600	68.678
17610	78.678
17620	69.7288
17630	79.7288
17640	67.6949
17650	77.6949
17660	63.4915
17670	73.4915
17680	60.1356
17690	70.1356
17700	60.3051
17710	70.3051
17720	80.3051
17730	66.9589
17740	76.9589
17750	68.0274
17760	78.0274
17770	66.0256
17780	76.0256
17790	63.5995
17800	73.5995
17810	59.9941
17820	69.9941
17830	79.9941
17840	68.7323
17850	78.7323
17860	65.5016
17870	75.5016
17880	66.664
17890	76.664
17900	86.664
17910	72.6204
17920	60.3293
17930	70.3293
17940	80.3293
17950	64.9453
17960	74.9453
17970	65.3349
17980	75.3349
17990	62.2739
18000	72.2739
18010	63.199
18020	73.199
18030	83.199
18040	70.3656
18050	58.2604
18060	68.2604
18070	78.2604
18080	64.8909
18090	74.8909
18100	65.1829
18110	75.1829
18120	62.1825
18130	72.1825
18140	82.1825
18150	71.7411
18160	81.7411
18170	68.8991
18180	56.9247
18190	66.9247
18200	76.9247
18210	63.6849
18220	73.6849
18230	63.9017
18240	73.9017
18250	83.9017
18260	68.6897
18270	78.6897
18280	69.7907
18290	79.7907
18300	67.0375
18310	77.0375
18320	63.4703
18330	73.4703
18340	60.2236
18350	70.2236
18360	60.5121
18370	70.5121
18380	80.5121
18390	66.919
18400	76.919
18410	68.1054
18420	78.1054
18430	65.4666
18440	75.4667
18450	63.7069
18460	73.7069
18470	60.1879
18480	70.1878
18490	80.1879
18500	68.9365
18510	78.9365
18520	65.168
18530	75.168
18540	66.4105
18550	76.4105
18560	86.4105
18570	72.2823
18580	60.756
18590	70.756
18600	80.756
18610	65.3482
18620	75.3482
18630	65.3402
18640	75.3402
18650	61.5233
18660	71.5233
18670	62.6667
18680	72.6667
18690	82.6667
18700	70.4451
18710	59.1219
18720	69.1219
18730	79.1219
18740	65.3416
18750	75.3416
18760	65.3149
18770	75.3149
18780	61.5449
18790	71.545
18800	81.545
18810	71.3462
18820	81.3461
18830	68.8462
18840	57.5962
18850	67.5962
18860	77.5962
18870	63.8461
18880	73.8462
18890	63.8462
18900	73.8461
18910	83.8461
18920	68.2692
18930	78.2692
18940	69.533
18950	79.533
18960	67.0716
18970	77.0716
18980	64.0452
18990	74.0452
19000	60.1607
19010	70.1607
19020	60.2775
19030	70.2775
19040	80.2775
19050	66.7277
19060	76.7277
19070	68.1584
19080	78.1584
19090	65.8971
19100	75.8971
19110	64.0645
19120	74.0645
19130	60.184
19140	70.184
19150	80.184
19160	68.5127
19170	78.5127
19180	65.0633
19190	75.0633
19200	66.5506
19210	76.5506
19220	86.5506
19230	72.6363
19240	60.8473
19250	70.8473
19260	80.8473
19270	65.0017
19280	75.0017
19290	64.8889
19300	74.8889
19310	61.5151
19320	71.5151
19330	63.08
19340	73.08
19350	83.08
19360	70.9388
19370	58.9688
19380	68.9688
19390	78.9688
19400	64.879
19410	74.879
19420	64.8905
19430	74.8905
19440	61.661
19450	71.661
19460	81.661
19470	71.9333
19480	81.9333
19490	69.3049
19500	57.3478
19510	67.3478
19520	77.3478
19530	63.3933
19540	73.3933
19550	63.5213
19560	73.5213
19570	83.5213
19580	68.4519
19590	78.4519
19600	69.0283
19610	79.0283
19620	68.0271
19630	78.0271
19640	88.0271
19650	72.866
19660	82.866
19670	67.2348
19680	77.2348
19690	65.7808
19700	75.7808
19710	85.7808
19720	70.6296
19730	80.6296
19740	65.834
19750	75.834
19760	85.834
19770	74.9948
19780	84.9948
19790	71.697
19800	81.697
19810	65.9501
19820	75.9501
19830	85.9501
19840	72.9014
19850	82.9014
19860	67.6446
19870	77.6446
19880	62.7301
19890	72.7301
19900	64.5122
19910	74.5122
19920	63.7382
19930	73.7382
19940	83.7382
19950	68.0229
19960	78.0229
19970	68.1552
19980	78.1552
19990	64.7444
20000	74.7444
20010	84.7444
20020	69.7427
20030	58.3876
20040	68.3876
20050	59.8636
20060	69.8636
20070	79.8636
20080	65.9686
20090	75.9686
20100	66.2738
20110	76.2738
20120	63.0664
20130	73.0664
20140	83.0664
20150	69.7931
20160	58.1776
20170	68.1776
20180	78.1776
20190	68.3678
20200	78.3678
20210	64.4303
20220	74.4303
20230	64.9273
20240	74.9273
20250	84.9273
20260	70.1687
20270	80.1687
20280	66.803
20290	76.8029
20300	63.3284
20310	73.3284
20320	62.9258
20330	72.9258
20340	61.6898
20350	71.6898
20360	62.26
20370	72.26
20380	61.1098
20390	71.1098
20400	81.1098
20410	67.8209
20420	57.7612
20430	67.7612
20440	77.7612
20450	63.7015
20460	73.7015
20470	65.0746
20480	57.1646
20490	67.1646
20500	77.1646
20510	64.2854
20520	74.2853
20530	62.82
20540	72.82
20550	61.1279
20560	71.1279
20570	58.9844
20580	68.9844
20590	78.9844
20600	70.0742
20610	60.7589
20620	70.7589
20630	59.4722
20640	69.4722
20650	79.4722
20660	66.3205
20670	56.3798
20680	66.3798
20690	76.3798
20700	62.4629
20710	72.4629
20720	65.0148
20730	75.0148
20740	65.4084
20750	75.4084
20760	85.4084
20770	71.6866
20780	81.6866
20790	68.5723
20800	78.5723
20810	65.347
20820	75.3471
20830	61.484
20840	71.484
20850	61.632
20860	71.632
20870	59.8817
20880	53.6095
20890	63.6095
20900	73.6095
20910	62.3077
20920	54.0828
20930	64.0828
20940	74.0828
20950	62.071
20960	52.2189
20970	62.2189
20980	56.2722
20990	66.2722
21000	58.5207
21010	68.5207
21020	58.9941
21030	68.9941
21040	59.0927
21050	69.0927
21060	58.9304
21070	68.9304
21080	57.2991
21090	67.2991
21100	59.9318
21110	69.9318
21120	62.2187
21130	72.2187
21140	60.9735
21150	52.4779
21160	62.4779
21170	72.4779
21180	60.531
21190	50.7375
21200	60.7375
21210	70.7375
21220	63.3923
21230	57.1681
21240	67.1681
21250	57.6991
21260	67.6991
21270	57.528
21280	67.528
21290	57.4379
21300	67.4379
21310	55.8936
21320	65.8936
21330	59.8384
21340	69.8383
21350	62.1632
21360	72.1632
21370	60.6547
21380	70.6547
21390	60.7044
21400	70.7044
21410	59.0461
21420	69.0461
21430	57.6338
21440	67.6338
21450	59.8796
21460	53.6165
21470	63.6165
21480	73.6165
21490	62.0746
21500	53.7439
21510	63.7439
21520	73.7439
21530	62.228
21540	52.5145
21550	62.5144
21560	56.3044
21570	66.3044
21580	58.5453
21590	68.5453
21600	58.8596
21610	68.8596
21620	58.7582
21630	68.7582
21640	59.1075
21650	69.1075
21660	57.6856
21670	67.6856
21680	60.0774
21690	70.0774
21700	62.1369
21710	72.1369
21720	60.7667
21730	52.1367
21740	62.1367
21750	72.1367
21760	60.8018
21770	51.2586
21780	61.2586
21790	71.2586
21800	63.4277
21810	56.8768
21820	66.8768
21830	57.3915
21840	67.3915
21850	57.1778
21860	67.1778
21870	57.7299
21880	67.7299
21890	56.5307
21900	66.5307
21910	59.9575
21920	69.9575
21930	61.8683
21940	71.8683
21950	60.7174
21960	70.7174
21970	60.2841
21980	70.2841
21990	59.1552
22000	69.1552
22010	58.0363
22020	68.0363
22030	59.9916
22040	53.4577
22050	63.4577
22060	73.4577
22070	62.1157
22080	53.4366
22090	63.4366
22100	73.4366
22110	62.4052
22120	53.1401
22130	63.1401
22140	56.4007
22150	66.4007
22160	58.4662
22170	68.4662
22180	58.9475
22190	68.9475
22200	58.2465
22210	68.2465
22220	59.0676
22230	69.0676
22240	58.156
22250	68.156
22260	59.9596
22270	69.9596
22280	61.9842
22290	71.9842
22300	60.7968
22310	51.5852
22320	61.5852
22330	71.5852
22340	60.773
22350	51.7081
22360	61.7081
22370	71.7081
22380	63.6034
22390	57.0112
22400	67.0112
22410	57.658
22420	67.658
22430	56.5549
22440	66.5549
22450	57.5283
22460	67.5283
22470	56.7657
22480	66.7657
22490	60.2217
22500	70.2217
22510	61.8829
22520	71.8829
22530	60.8566
22540	70.8566
22550	59.84
22560	69.84
22570	59.1667
22580	69.1667
22590	58.1667
22600	68.1667
22610	60.1667
22620	53.3611
22630	63.3611
22640	73.3611
22650	62.3611
22660	53.1111
22670	63.1111
22680	73.1111
22690	62.4444
22700	53.1944
22710	63.1944
22720	56.6944
22730	66.6944
22740	58.3611
22750	68.3611
22760	59.1111
22770	69.1111
22780	58.0967
22790	68.0967
22800	59.1789
22810	69.1789
22820	58.1005
22830	68.1005
22840	60.1798
22850	70.1798
22860	61.9608
22870	71.9609
22880	60.9435
22890	51.5737
22900	61.5737
22910	71.5737
22920	60.7689
22930	51.3539
22940	61.3539
22950	71.3539
22960	63.6169
22970	57.0748
22980	67.0748
22990	57.8545
23000	67.8545
23010	56.9056
23020	66.9057
23030	57.4876
23040	67.4876
23050	56.125
23060	66.125
23070	59.9661
23080	69.9661
23090	62.0175
23100	72.0175
23110	61.1413
23120	71.1413
23130	60.2717
23140	70.2717
23150	59.0761
23160	69.0761
23170	57.5544
23180	67.5544
23190	59.917
23200	53.497
23210	63.497
23220	73.497
23230	62.6791
23240	53.436
23250	63.436
23260	73.436
23270	62.3472
23280	52.7419
23290	62.7418
23300	56.4197
23310	66.4197
23320	58.6271
23330	68.6271
23340	59.2596
23350	69.2596
23360	58.2678
23370	68.2678
23380	59.0375
23390	69.0375
23400	57.7419
23410	67.7419
23420	60
23430	70
23440	62.266
23450	72.266
23460	60.9239
23470	51.6339
23480	61.6339
23490	71.6339
23500	60.7394
23510	51.3119
23520	61.3119
23530	71.3119
23540	63.6793
23550	57.5307
23560	67.5307
23570	57.8777
23580	67.8777
23590	56.3702
23600	66.3702
23610	57.333
23620	67.333
23630	56.2523
23640	66.2523
23650	60.1596
23660	70.1596
23670	80.1596
23680	70.5585
23690	80.5585
23700	68.617
23710	78.617
23720	65.1064
23730	75.1064
23740	85.1064
23750	70.913
23760	58.1073
23770	68.1073
23780	59.1173
23790	69.1173
23800	79.1173
23810	66.0263
23820	57.9013
23830	67.9013
23840	77.9013
23850	65.5438
23860	75.5438
23870	64.9442
23880	54.0369
23890	64.0369
23900	74.0369
23910	65.1398
23920	75.1398
23930	63.9604
23940	52.035
23950	62.035
23960	72.035
23970	64.0483
23980	74.0483
23990	63.5552
24000	73.5552
24010	61.0236
24020	71.0236
24030	63.3582
24040	73.3582
24050	62.1966
24060	72.1966
24070	58.3648
24080	68.3648
24090	60.4707
24100	70.4707
24110	60.0828
24120	70.0829
24130	59.3995
24140	69.3995
24150	61.5455
24160	71.5455
24170	60.2553
24180	70.2553
24190	58.3484
24200	68.3484
24210	60.3106
24220	70.3106
24230	59.9455
24240	69.9455
24250	59.2523
24260	69.2523
24270	61.5268
24280	71.5268
24290	81.5268
24300	68.6645
24310	56.8401
24320	66.8401
24330	58.5735
24340	68.5735
24350	78.5735
24360	66.4473
24370	55.7216
24380	65.7216
24390	58.0962
24400	68.0962
24410	78.0962
24420	66.9826
24430	55.0469
24440	65.0469
24450	75.0469
24460	65.3097
24470	75.3097
24480	64.9406
24490	54.2674
24500	64.2674
24510	74.2673
24520	65.2313
24530	75.2313
24540	63.8848
24550	52.0264
24560	62.0264
24570	72.0264
24580	63.8856
24590	73.8856
24600	63.3618
24610	73.3618
24620	61.0742
24630	71.0742
24640	63.5806
24650	73.5806
24660	62.0972
24670	72.0972
24680	58.491
24690	68.4911
24700	60.3836
24710	70.3836
24720	59.821
24730	69.821
24740	59.2618
24750	69.2618
24760	61.3004
24770	71.3004
24780	81.3004
24790	69.4549
24800	79.4549
24810	65.8537
24820	75.8537
24830	66.2884
24840	76.2884
24850	64.0877
24860	74.0877
24870	61.9035
24880	71.9035
24890	58.4133
24900	68.4133
24910	60.1141
24920	70.1141
24930	59.8392
24940	69.8392
24950	61.6623
24960	71.6623
24970	61.294
24980	71.294
24990	60.9322
25000	70.9322
25010	59.1129
25020	69.1129
25030	57.0524
25040	67.0524
25050	59.8303
25060	53.2246
25070	63.2246
25080	73.2246
25090	63.0151
25100	54.2262
25110	64.2262
25120	74.2262
25130	62.2628
25140	52.1473
25150	62.1473
25160	56.3058
25170	66.3058
25180	58.0394
25190	68.0394
25200	59.4141
25210	69.4141
25220	59.0941
25230	69.0941
25240	59.1095
25250	69.1095
25260	57.3134
25270	67.3134
25280	60
25290	70
25300	61.4925
25310	71.4925
25320	61.194
25330	52.5871
25340	62.5871
25350	72.5871
25360	60.796
25370	50.8209
25380	60.8209
25390	70.8209
25400	63.5075
25410	56.5423
25420	66.5423
25430	57.9353
25440	67.9353
25450	57.6368
25460	67.6368
25470	57.6617
25480	67.6617
25490	55.8706
25500	65.8707
25510	60
25520	70
25530	61.4956
25540	71.4956
25550	61.2088
25560	71.2088
25570	60.9305
25580	70.9305
25590	59.1701
25600	69.1701
25610	57.4187
25620	67.4187
25630	59.8759
25640	52.9529
25650	62.9529
25660	72.9529
25670	62.7047
25680	54.1439
25690	64.1439
25700	74.1439
25710	62.4155
25720	52.5029
25730	62.5029
25740	56.2952
25750	66.2952
25760	57.8667
25770	67.8667
25780	59.3753
25790	69.3753
25800	59.2298
25810	69.2298
25820	59.2793
25830	69.2793
25840	57.4869
25850	67.4869
25860	59.5412
25870	69.5412
25880	61.1627
25890	71.1627
25900	61.1934
25910	52.9111
25920	62.9111
25930	72.9111
25940	61.2506
25950	51.1486
25960	61.1486
25970	71.1486
25980	63.0212
25990	55.9396
26000	65.9396
26010	57.818
26020	67.818
26030	58.0738
26040	68.0738
26050	58.1765
26060	68.1765
26070	56.0118
26080	66.0118
26090	59.3053
26100	69.3053
26110	60.7952
26120	70.7952
26130	61.1325
26140	71.1325
26150	61.4699
26160	71.4699
26170	59.7831
26180	69.7831
26190	57.5075
26200	67.5075
26210	59.2515
26220	52.3319
26230	62.3319
26240	72.3319
26250	62.7582
26260	54.6474
26270	64.6474
26280	74.6474
26290	63.1278
26300	52.6313
26310	62.6313
26320	55.821
26330	65.821
26340	57.2315
26350	67.2315
26360	59.3795
26370	69.3795
26380	59.6022
26390	69.6022
26400	59.9244
26410	69.9244
26420	57.6103
26430	67.6103
26440	59.3158
26450	69.3158
26460	60.7502
26470	70.7502
26480	61.1817
26490	52.8816
26500	62.8816
26510	72.8815
26520	61.4637
26530	51.0396
26540	61.0396
26550	71.0396
26560	62.8808
26570	55.8035
26580	65.8035
26590	57.9113
26600	67.9113
26610	57.9683
26620	67.9683
26630	58.2881
26640	68.288
26650	55.9765
26660	65.9765
26670	59.4118
26680	69.4118
26690	60.7765
26700	70.7765
26710	61.2941
26720	71.2941
26730	61.251
26740	71.251
26750	59.8048
26760	69.8047
26770	57.5207
26780	67.5207
26790	59.4854
26800	52.2043
26810	62.2043
26820	72.2043
26830	62.677
26840	54.3897
26850	64.3897
26860	74.3897
26870	63.1024
26880	52.8509
26890	62.8509
26900	56.4512
26910	66.4512
26920	57.2945
26930	67.2945
26940	59.1996
26950	69.1996
26960	59.1676
26970	69.1676
26980	59.8299
26990	69.8299
27000	57.9212
27010	67.9212
27020	59.7561
27030	69.7561
27040	60.6615
27050	70.6615
27060	61.0436
27070	52.5722
27080	62.5722
27090	72.5722
27100	61.6214
27110	51.493
27120	61.493
27130	71.493
27140	63.0886
27150	55.5513
27160	65.5513
27170	57.6709
27180	67.6709
27190	57.6201
27200	67.6201
27210	58.4777
27220	68.4778
27230	56.5485
27240	66.5485
27250	59.6209
27260	69.6209
27270	60.4822
27280	70.4822
27290	61.0436
27300	71.0436
27310	60.7999
27320	70.7999
27330	59.8596
27340	69.8596
27350	58.1281
27360	68.1281
27370	59.6773
27380	52.133
27390	62.133
27400	72.133
27410	62.6204
27420	53.9955
27430	63.9955
27440	73.9955
27450	63.1451
27460	53.2924
27470	63.2924
27480	56.4244
27490	66.4244
27500	57.219
27510	67.219
27520	59.3829
27530	69.3829
27540	58.7773
27550	68.7773
27560	59.7264
27570	69.7264
27580	58.1461
27590	68.1461
27600	59.7607
27610	69.7607
27620	60.6524
27630	70.6524
27640	61.2967
27650	52.2495
27660	62.2495
27670	72.2495
27680	61.3547
27690	51.7015
27700	61.7015
27710	71.7015
27720	63.2378
27730	55.8343
27740	65.8343
27750	58.2064
27760	68.2064
27770	57.2173
27780	67.2173
27790	57.8474
27800	67.8474
27810	56.5707
27820	66.5707
27830	59.7732
27840	69.7732
27850	60.691
27860	70.691
27870	61.5797
27880	71.5797
27890	60.6647
27900	70.6647
27910	59.1584
27920	69.1584
27930	58.0268
27940	68.0268
27950	59.8209
27960	52.4233
27970	62.4233
27980	72.4233
27990	63.0597
28000	53.963
28010	63.963
28020	73.963
28030	62.3229
28040	53.103
28050	63.103
28060	56.5522
28070	66.5522
28080	57.4973
28090	67.4973
28100	59.7856
28110	69.7856
28120	58.7197
28130	68.7197
28140	58.8696
28150	68.8696
28160	58
28170	68
28180	60
28190	70
28200	60.9565
28210	70.9565
28220	61.6522
28230	52.2826
28240	62.2826
28250	72.2826
28260	60.6304
28270	51.5
28280	61.5
28290	71.5
28300	63.5055
28310	55.9997
28320	65.9997
28330	58.3205
28340	68.3205
28350	57.2179
28360	67.2179
28370	57.4143
28380	67.4143
28390	56.6024
28400	66.6024
28410	59.9965
28420	69.9965
28430	60.7747
28440	70.7747
28450	61.5667
28460	71.5667
28470	60.5546
28480	70.5546
28490	59.0314
28500	69.0314
28510	58.2937
28520	68.2937
28530	59.892
28540	52.311
28550	62.311
28560	72.311
28570	63.1317
28580	53.8806
28590	63.8806
28600	73.8806
28610	62.3818
28620	53.3917
28630	63.3917
28640	56.5476
28650	66.5476
28660	57.4072
28670	67.4072
28680	59.8789
28690	69.8788
28700	58.6982
28710	68.6982
28720	58.8643
28730	68.8643
28740	58.215
28750	68.215
28760	59.8925
28770	69.8925
28780	60.7957
28790	70.7957
28800	61.6989
28810	52.3011
28820	62.3011
28830	72.3011
28840	60.6237
28850	51.6989
28860	61.6989
28870	71.6989
28880	63.3763
28890	55.871
28900	65.871
28910	58.3656
28920	68.3656
28930	57.2043
28940	67.2043
28950	57.314
28960	67.314
28970	56.6803
28980	66.6803
28990	59.9013
29000	69.9013
29010	60.8288
29020	70.8288
29030	61.7631
29040	71.7631
29050	60.6438
29060	70.6438
29070	58.7554
29080	68.7554
29090	58.1545
29100	68.1545
29110	59.8712
29120	52.4034
29130	62.4034
29140	72.4034
29150	63.3476
29160	53.9914
29170	63.9914
29180	73.9914
29190	62.0772
29200	53.2144
29210	63.2144
29220	56.4866
29230	66.4866
29240	57.4837
29250	67.4837
29260	59.9127
29270	69.9127
29280	58.8324
29290	68.8324
29300	58.5559
29310	68.5559
29320	58.1424
29330	68.1424
29340	59.7736
29350	69.7736
29360	60.8538
29370	70.8538
29380	61.8014
29390	52.49
29400	62.49
29410	72.49
29420	60.4359
29430	51.6925
29440	61.6925
29450	71.6925
29460	63.2289
29470	55.7635
29480	65.7635
29490	58.2724
29500	68.2724
29510	57.2699
29520	67.2699
29530	57.1775
29540	67.1775
29550	56.7862
29560	66.7862
29570	59.9617
29580	69.9617
29590	60.773
29600	70.773
29610	61.679
29620	71.679
29630	60.455
29640	70.455
29650	58.6889
29660	68.6889
29670	58.4307
29680	68.4307
29690	60.0178
29700	52.4173
29710	62.4173
29720	72.4173
29730	63.2305
29740	53.8212
29750	63.8212
29760	73.8212
29770	62.1577
29780	53.4371
29790	63.4371
29800	56.5568
29810	66.5568
29820	57.4012
29830	67.4012
29840	59.8498
29850	69.8498
29860	58.7215
29870	68.7215
29880	58.916
29890	68.916
29900	58.3148
29910	68.3148
29920	59.8197
29930	69.8197
29940	60.7339
29950	70.7339
29960	61.6614
29970	52.2072
29980	62.2072
29990	72.2072
30000	60.6888
30010	51.8789
30020	61.8789
30030	71.8789
30040	63.3451
30050	55.908
30060	65.908
30070	58.0067
30080	68.0067
30090	57.399
30100	67.399
30110	57.7267
30120	67.7267
30130	57.2651
30140	67.2651
30150	60.3384
30160	70.3384
30170	61.4019
30180	71.4019
30190	59.7144
30200	69.7144
30210	60.4388
30220	70.4388
30230	59.1224
30240	69.1224
30250	58.8069
30260	68.8069
30270	60.3188
30280	53.0587
30290	63.0587
30300	73.0587
30310	61.3035
30320	53.6049
30330	63.6049
30340	73.6049
30350	62.3422
30360	53.7475
30370	63.7475
30380	56.7266
30390	66.7266
30400	57.9263
30410	67.9263
30420	57.9241
30430	67.9241
30440	58.648
30450	68.648
30460	59.2311
30470	69.2311
30480	58.8162
30490	68.8162
30500	60.3384
30510	70.3384
30520	61.6302
30530	71.6302
30540	59.7854
30550	51.9978
30560	61.9978
30570	71.9978
30580	60.9139
30590	52.103
30600	62.103
30610	72.103
30620	63.4879
30630	56.4125
30640	66.4125
30650	56.4616
30660	66.4616
30670	57.1211
30680	67.1211
30690	57.7244
30700	67.7244
30710	57.1995
30720	67.1995
30730	60.1713
30740	70.1713
30750	61.6018
30760	71.6018
30770	59.7218
30780	69.7218
30790	60.4418
30800	70.4418
30810	59.2369
30820	69.2369
30830	58.755
30840	68.755
30850	60.2008
30860	53.1928
30870	63.1928
30880	73.1928
30890	61.2651
30900	53.5944
30910	63.5944
30920	73.5944
30930	62.3896
30940	53.6145
30950	63.6145
30960	56.6064
30970	66.6064
30980	58.0522
30990	68.0522
31000	57.9518
31010	67.9518
31020	58.6747
31030	68.6747
31040	59.2369
31050	69.237
31060	58.755
31070	68.755
31080	60.2008
31090	70.2008
31100	61.6497
31110	71.6497
31120	59.733
31130	52.0752
31140	62.0751
31150	72.0751
31160	60.7548
31170	52.0078
31180	62.0078
31190	72.0078
31200	63.4335
31210	56.4725
31220	66.4725
31230	56.4416
31240	66.4416
31250	57.1901
31260	67.1901
31270	57.5444
31280	67.5444
31290	57.1911
31300	67.1911
31310	60.0864
31320	70.0864
31330	61.6733
31340	71.6733
31350	59.925
31360	69.925
31370	60.573
31380	70.573
31390	58.9726
31400	68.9726
31410	58.662
31420	68.662
31430	60.0545
31440	53.2256
31450	63.2256
31460	73.2256
31470	61.5134
31480	53.8338
31490	63.8338
31500	73.8338
31510	62.1839
31520	53.4381
31530	63.4381
31540	56.4482
31550	66.4482
31560	58.1605
31570	68.1605
31580	58.144
31590	68.144
31600	58.9231
31610	68.9231
31620	58.9328
31630	68.9328
31640	58.5402
31650	68.5402
31660	60.0507
31670	70.0507
31680	61.7096
31690	71.7096
31700	59.9158
31710	52.3297
31720	62.3297
31730	72.3297
31740	60.5216
31750	51.9048
31760	61.9048
31770	71.9048
31780	63.3672
31790	56.5183
31800	66.5183
31810	56.6667
31820	66.6667
31830	57.3627
31840	67.3627
31850	57.3132
31860	67.3131
31870	57.093
31880	67.093
31890	60.0738
31900	70.0738
31910	61.7466
31920	71.7466
31930	60.137
31940	70.137
31950	60.6458
31960	70.6458
31970	58.8063
31980	68.8063
31990	58.6106
32000	68.6106
32010	60.0587
32020	53.2681
32030	63.2681
32040	73.2681
32050	61.6634
32060	53.7965
32070	63.7965
32080	73.7965
32090	61.9569
32100	53.4442
32110	63.4442
32120	56.4344
32130	66.4344
32140	58.1041
32150	68.1041
32160	58.3852
32170	68.3852
32180	58.874
32190	68.874
32200	58.8586
32210	68.8586
32220	58.6606
32230	68.6606
32240	60.0967
32250	70.0967
32260	61.6097
32270	71.6097
32280	60.0906
32290	52.2652
32300	62.2652
32310	72.2652
32320	60.5136
32330	51.9105
32340	61.9105
32350	71.9105
32360	63.4104
32370	56.4547
32380	66.4547
32390	56.7437
32400	66.7437
32410	57.3218
32420	67.3218
32430	57.3988
32440	67.3988
32450	57.052
32460	67.052
32470	60.0963
32480	70.0963
32490	61.6016
32500	71.6016
32510	60.1084
32520	70.1084
32530	60.7013
32540	70.7013
32550	58.9909
32560	68.9909
32570	58.5036
32580	68.5036
32590	60.0385
32600	53.1154
32610	63.1154
32620	73.1154
32630	61.6539
32640	53.8846
32650	63.8846
32660	73.8846
32670	62.1691
32680	53.3612
32690	63.3612
32700	56.3731
32710	66.3731
32720	57.9522
32730	67.9522
32740	58.3401
32750	68.3401
32760	59.023
32770	69.023
32780	59.0038
32790	69.0038
32800	58.5441
32810	68.5441
32820	59.9234
32830	69.9234
32840	61.5326
32850	71.5326
32860	60.1533
32870	52.4521
32880	62.4521
32890	72.4521
32900	60.613
32910	51.8564
32920	61.8564
32930	71.8564
32940	63.2641
32950	56.3626
32960	66.3626
32970	56.713
32980	66.713
32990	57.4869
33000	67.4869
33010	57.5906
33020	67.5907
33030	56.9031
33040	66.9031
33050	59.9729
33060	69.9729
33070	61.5175
33080	71.5175
33090	59.9967
33100	69.9967
33110	60.8328
33120	70.8328
33130	59.2503
33140	69.2503
33150	58.3652
33160	68.3652
33170	59.9831
33180	53.138
33190	63.138
33200	73.138
33210	61.5937
33220	53.927
33230	63.927
33240	73.927
33250	62.3962
33260	53.2891
33270	63.2891
33280	56.2687
33290	66.2687
33300	57.938
33310	67.938
33320	58.2426
33330	68.2426
33340	59.015
33350	69.015
33360	59.3612
33370	69.3612
33380	58.6046
33390	68.6046
33400	59.7881
33410	69.7881
33420	61.4075
33430	71.4075
33440	60.0697
33450	52.379
33460	62.379
33470	72.379
33480	61.0878
33490	51.9935
33500	61.9935
33510	71.9935
33520	63.2043
33530	56.2541
33540	66.2541
33550	56.5429
33560	66.5429
33570	57.2348
33580	67.2348
33590	57.8094
33600	67.8094
33610	57.1399
33620	67.1399
33630	60.0571
33640	70.0571
33650	61.502
33660	71.502
33670	59.9349
33680	69.9349
33690	60.4727
33700	70.4727
33710	59.2478
33720	69.2478
33730	58.6924
33740	68.6924
33750	60.1332
33760	53.1237
33770	63.1237
33780	73.1237
33790	61.4845
33800	53.6793
33810	63.6793
33820	73.6794
33830	62.5167
33840	53.5448
33850	63.5449
33860	56.5983
33870	66.5983
33880	57.9708
33890	67.9708
33900	58.049
33910	68.049
33920	58.7211
33930	68.7212
33940	59.385
33950	69.385
33960	58.5189
33970	68.5189
33980	60.1481
33990	70.1481
34000	61.5811
34010	71.5811
34020	59.9888
34030	52.1398
34040	62.1398
34050	72.1398
34060	61.0317
34070	51.7545
34080	61.7545
34090	71.7545
34100	63.4165
34110	56.5153
34120	66.5153
34130	56.6863
34140	66.6863
34150	57.1841
34160	67.1841
34170	57.9311
34180	67.9311
34190	56.9398
34200	66.9398
34210	59.999
34220	69.999
34230	61.6167
34240	71.6167
34250	59.8697
34260	69.8697
34270	60.4678
34280	70.4678
34290	59.5751
34300	69.5751
34310	58.6948
34320	68.6948
34330	60
34340	53.0471
34350	63.0471
34360	73.0471
34370	61.3371
34380	53.5321
34390	63.5321
34400	73.5321
34410	62.7002
34420	53.6128
34430	63.6128
34440	56.5043
34450	66.5043
34460	58.065
34470	68.065
34480	58.0306
34490	68.0306
34500	58.554
34510	68.554
34520	59.5412
34530	69.5412
34540	58.6437
34550	68.6437
34560	60.0671
34570	70.0671
34580	61.7199
34590	71.7199
34600	59.7057
34610	51.9282
34620	61.9282
34630	71.9282
34640	61.271
34650	51.9508
34660	61.9508
34670	71.9508
34680	63.4549
34690	56.7044
34700	66.7044
34710	56.4541
34720	66.4541
34730	57.1127
34740	67.1127
34750	58.0347
34760	68.0347
34770	56.8994
34780	66.8994
34790	60.0704
34800	70.0704
34810	80.0704
34820	69.7897
34830	79.7897
34840	67.1337
34850	77.1337
34860	66.1515
34870	76.1515
34880	86.1515
34890	71.6146
34900	58.7261
34910	68.7261
34920	58.863
34930	68.863
34940	78.863
34950	65.0319
34960	75.0319
34970	65.5302
34980	75.5302
34990	64.4773
35000	74.4774
35010	84.4774
35020	71.5889
35030	58.739
35040	68.739
35050	78.739
35060	67.321
35070	77.321
35080	63.4848
35090	73.4848
35100	63.9238
35110	73.9238
35120	83.9238
35130	71.3707
35140	81.3707
35150	68.3614
35160	78.3614
35170	63.7245
35180	73.7245
35190	63.9291
35200	73.9291
35210	60.1304
35220	70.1304
35230	60.6079
35240	70.6079
35250	80.6079
35260	69.7594
35270	79.7594
35280	66.6256
35290	76.6256
35300	63.7959
35310	73.7959
35320	63.8877
35330	73.8877
35340	60.1893
35350	70.1893
35360	80.1894
35370	69.0378
35380	79.0378
35390	68.2646
35400	78.2646
35410	65.0344
35420	75.0344
35430	62.2527
35440	72.2527
35450	62.3798
35460	72.3798
35470	82.3798
35480	66.899
35490	76.899
35500	67.132
35510	77.132
35520	66.3851
35530	76.3851
35540	86.3851
35550	71.3798
35560	58.6441
35570	68.6441
35580	58.8112
35590	68.8112
35600	78.8112
35610	65.1995
35620	75.1995
35630	65.3797
35640	75.3797
35650	64.6747
35660	74.6747
35670	84.6747
35680	71.3014
35690	58.5959
35700	68.5959
35710	78.5959
35720	67.2603
35730	77.2603
35740	63.6687
35750	73.6687
35760	63.8659
35770	73.8659
35780	83.8659
35790	71.5888
35800	81.5889
35810	68.0978
35820	78.0978
35830	63.6768
35840	73.6768
35850	63.8757
35860	73.8757
35870	60.331
35880	70.331
35890	60.5675
35900	70.5675
35910	80.5675
35920	69.9053
35930	79.9053
35940	66.4044
35950	76.4044
35960	63.8081
35970	73.8081
35980	63.8819
35990	73.8819
36000	60.2623
