10	11
20	10
30	5
40	5
50	5
60	5
70	5
80	5
90	5
100	5
110	5
120	5
130	6.66667
140	13.3333
150	23.3333
160	23.3333
170	33.3333
180	16.6667
190	26.6667
200	23.3333
210	33.3333
220	43.3333
230	33
240	43
250	36.3333
260	46.3333
270	43.5833
280	53.5833
290	44.5833
300	54.5833
310	42.0833
320	52.0833
330	62.0833
340	49.2222
350	59.2222
360	52.75
370	62.75
380	52.4083
390	62.4083
400	52.6917
410	62.6917
420	55.8333
430	65.8333
440	75.8333
450	60.1798
460	70.1798
470	54.1818
480	64.1818
490	74.1818
500	61.4182
510	50.8364
520	60.8364
530	49.0182
540	59.0182
550	69.0182
560	54.5455
570	46.3939
580	56.3939
590	66.3939
600	58.697
610	68.697
620	55.3333
630	65.3333
640	52.7879
650	62.7879
660	72.7879
670	64.3333
680	56
690	66
700	76
710	63.5
720	73.5
730	61.8333
740	55.0385
750	65.0385
760	75.0385
770	68.4103
780	78.4103
790	69.0769
800	79.0769
810	89.0769
820	72.7885
830	82.7885
840	68.5545
850	78.5545
860	59.7276
870	69.7276
880	58.8269
890	68.8269
900	58.5721
910	68.5721
920	78.5721
930	61.0721
940	71.0721
950	58.5721
960	68.5721
970	62.3221
980	72.3221
990	65.1126
1000	75.1126
1010	65.5096
1020	75.5096
1030	85.5096
1040	73.8478
1050	63.14
1060	73.14
1070	64.4114
1080	74.4114
1090	84.4114
1100	69.8665
1110	79.8665
1120	65.8169
1130	75.8169
1140	85.8169
1150	67.0368
1160	77.0368
1170	58.5237
1180	68.5237
1190	58.2737
1200	68.2737
1210	59.8842
1220	69.8842
1230	59.7921
1240	69.7921
1250	59.2289
1260	69.2289
1270	59.229
1280	69.2289
1290	60.8647
1300	70.8647
1310	61.1409
1320	71.1409
1330	56.7242
1340	66.7242
1350	76.7242
1360	65.3378
1370	75.3378
1380	69.9225
1390	79.9225
1400	89.9225
1410	77.7791
1420	87.7791
1430	75.2758
1440	85.2758
1450	69.9854
1460	79.9854
1470	89.9854
1480	70.1109
1490	80.1109
1500	60.7646
1510	70.7646
1520	60.0186
1530	70.0186
1540	80.0186
1550	61.5747
1560	71.5747
1570	61.0981
1580	71.0981
1590	81.0981
1600	64.8724
1610	55.0153
1620	65.0153
1630	55.8486
1640	65.8486
1650	60.1583
1660	70.1583
1670	63.5178
1680	73.5178
1690	83.5178
1700	72.9468
1710	61.4033
1720	71.4033
1730	56.1119
1740	66.1119
1750	76.1119
1760	66.4556
1770	58.6662
1780	68.6662
1790	78.6662
1800	66.9677
1810	76.9677
1820	64.8692
1830	74.8692
1840	60.9089
1850	70.9089
1860	80.9089
1870	70.4072
1880	80.4072
1890	68.589
1900	78.589
1910	65.2557
1920	75.2557
1930	85.2557
1940	66.1648
1950	76.1648
1960	64.4817
1970	74.4817
1980	84.4817
1990	72.7662
2000	63.3169
2010	73.3169
2020	83.3169
2030	68.8684
2040	78.8684
2050	60.6857
2060	70.6857
2070	61.8857
2080	71.8857
2090	62.7048
2100	72.7048
2110	82.7048
2120	72.4286
2130	82.4286
2140	69.7004
2150	79.7004
2160	64.6048
2170	74.6048
2180	84.6048
2190	67.4368
2200	77.4368
2210	65.1237
2220	75.1237
2230	85.1237
2240	68.0145
2250	78.0145
2260	66.6812
2270	76.6812
2280	65.1858
2290	75.1858
2300	85.1858
2310	75.2836
2320	62.7271
2330	72.7271
2340	82.7271
2350	67.8021
2360	77.8021
2370	65.5711
2380	75.5711
2390	63.7664
2400	73.7664
2410	57.7664
2420	67.7664
2430	54.7017
2440	64.7017
2450	59.3579
2460	69.3579
2470	64.226
2480	54.7717
2490	64.7717
2500	74.7717
2510	61.6784
2520	52.3661
2530	62.3661
2540	72.3661
2550	64.7141
2560	74.7141
2570	60.3391
2580	70.3391
2590	59.8324
2600	69.8324
2610	79.8324
2620	69.2074
2630	79.2074
2640	68.125
2650	78.125
2660	63.75
2670	73.75
2680	63.75
2690	73.75
2700	61.875
2710	71.875
2720	62.9167
2730	72.9167
2740	60.4167
2750	70.4167
2760	80.4167
2770	60.625
2780	53.14
2790	63.14
2800	73.14
2810	66.395
2820	76.395
2830	67.7458
2840	77.7458
2850	87.7458
2860	74.3622
2870	84.3622
2880	66.0863
2890	76.0863
2900	60.8769
2910	70.8769
2920	62.9306
2930	72.9306
2940	82.9306
2950	74.0219
2960	84.0219
2970	71.68
2980	81.68
2990	91.68
3000	72.0998
3010	82.0998
3020	61.7261
3030	71.7261
3040	63.047
3050	73.047
3060	83.047
3070	73.4374
3080	64.2786
3090	74.2786
3100	62.6477
3110	72.6477
3120	82.6477
3130	67.5094
3140	55.6364
3150	65.6364
3160	75.6364
3170	64.3636
3180	74.3636
3190	62.5455
3200	72.5455
3210	64.5714
3220	74.5714
3230	84.5714
3240	71.7792
3250	81.7792
3260	70.1558
3270	80.1558
3280	64.5302
3290	74.5302
3300	84.5302
3310	68.7318
3320	78.7318
3330	68.8537
3340	78.8537
3350	88.8537
3360	77.6482
3370	87.6482
3380	73.5432
3390	83.5432
3400	66.1748
3410	76.1748
3420	58.0702
3430	68.0702
3440	59.8391
3450	69.8391
3460	61.2081
3470	71.2081
3480	81.2081
3490	70.902
3500	80.902
3510	68.3629
3520	78.3629
3530	64.2533
3540	74.2533
3550	84.2533
3560	70.2572
3570	62.5058
3580	72.5058
3590	60.5335
3600	70.5335
3610	80.5335
3620	66.1667
3630	55.9762
3640	65.9762
3650	75.9762
3660	64.9954
3670	74.9954
3680	65.2634
3690	75.2634
3700	61.8718
3710	71.8718
3720	60.9862
3730	70.9862
3740	80.9862
3750	69.2945
3760	57.9794
3770	67.9794
3780	77.9794
3790	67.9015
3800	56.5784
3810	66.5784
3820	76.5784
3830	63.6657
3840	57.2727
3850	67.2727
3860	77.2727
3870	65.4545
3880	55.4546
3890	65.4546
3900	54.2424
3910	64.2424
3920	54.5455
3930	64.5455
3940	57.8788
3950	67.8788
3960	61.5152
3970	71.5152
3980	61.5152
3990	71.5152
4000	60.3315
4010	70.3315
4020	80.3315
4030	64.8465
4040	74.8465
4050	65.3114
4060	75.3114
4070	65.3803
4080	75.3803
4090	85.3803
4100	74.0238
4110	84.0238
4120	69.1034
4130	79.1034
4140	65.1857
4150	75.1857
4160	85.1857
4170	70.5872
4180	80.5872
4190	70.416
4200	80.416
4210	90.416
4220	75.2283
4230	85.2283
4240	69.8604
4250	79.8604
4260	62.8095
4270	72.8095
4280	62.8894
4290	72.8894
4300	62.6023
4310	72.6023
4320	63.6491
4330	73.6491
4340	83.6491
4350	71.1693
4360	81.1693
4370	64.1517
4380	74.1517
4390	63.0628
4400	73.0628
4410	59.4744
4420	69.4744
4430	61.4622
4440	71.4622
4450	81.4622
4460	71.6667
4470	61.1539
4480	71.1538
4490	57.8205
4500	67.8205
4510	77.8205
4520	66.1539
4530	54.6177
4540	64.6177
4550	74.6177
4560	66.3397
4570	76.3397
4580	63.2624
4590	73.2624
4600	63.5743
4610	73.5743
4620	62.2134
4630	72.2134
4640	82.2134
4650	71.0768
4660	58.3996
4670	68.3996
4680	57.4762
4690	67.4762
4700	77.4762
4710	65.7135
4720	75.7135
4730	66.7001
4740	76.7001
4750	64.7246
4760	74.7246
4770	84.7247
4780	73.2085
4790	83.2085
4800	69.1501
4810	54.0973
4820	64.0973
4830	74.0973
4840	65.4928
4850	75.4928
4860	66.9892
4870	76.9892
4880	65.5194
4890	75.5194
4900	85.5194
4910	67.0842
4920	77.0842
4930	63.07
4940	73.07
4950	61.8778
4960	71.8778
4970	63.4416
4980	73.4416
4990	65.3822
5000	75.3822
5010	63.4844
5020	73.4844
5030	59.2835
5040	69.2835
5050	79.2835
5060	65.4732
5070	57.6626
5080	67.6626
5090	77.6626
5100	66.9785
5110	76.9785
5120	63.3595
5130	54.3367
5140	64.3367
5150	74.3367
5160	63.8771
5170	73.8771
5180	62.3936
5190	72.3936
5200	63.5201
5210	73.5201
5220	62.3876
5230	72.3876
5240	59.0183
5250	69.0183
5260	79.0183
5270	68.8596
5280	78.8596
5290	68.7399
5300	78.7399
5310	65.8061
5320	75.8061
5330	85.8061
5340	69.6171
5350	79.6171
5360	66.8071
5370	76.8071
5380	86.8071
5390	72.2799
5400	82.2799
5410	71.3112
5420	81.3112
5430	70.128
5440	80.128
5450	90.128
5460	74.3615
5470	84.3615
5480	63.2958
5490	73.2958
5500	63.1057
5510	73.1057
5520	83.1057
5530	70.5457
5540	80.5457
5550	68.5997
5560	78.5997
5570	68.0924
5580	78.0924
5590	88.0924
5600	71.8217
5610	81.8217
5620	64.9839
5630	56.0616
5640	66.0616
5650	76.0616
5660	64.4878
5670	74.4878
5680	64.3288
5690	74.3288
5700	62.8014
5710	72.8014
5720	61.2465
5730	71.2465
5740	81.2465
5750	67.9316
5760	58.5148
5770	68.5148
5780	78.5148
5790	67.5071
5800	77.5071
5810	64.2586
5820	53.1222
5830	63.1222
5840	73.1222
5850	64.0768
5860	74.0768
5870	62.5063
5880	72.5063
5890	63.0758
5900	73.0758
5910	62.2359
5920	72.2359
5930	59.0292
5940	69.0292
5950	79.0292
5960	68.2178
5970	78.2178
5980	68.9109
5990	78.9109
6000	65.7426
6010	75.7426
6020	85.7426
6030	70.8267
6040	80.8267
6050	67.1182
6060	77.1182
6070	63.0891
6080	73.0891
6090	83.0891
6100	72.4465
6110	82.4465
6120	71.309
6130	81.309
6140	91.309
6150	76.1909
6160	86.1909
6170	67.6177
6180	77.6177
6190	66.2413
6200	76.2413
6210	86.2413
6220	70.0378
6230	80.0378
6240	69.3791
6250	79.3791
6260	66.4558
6270	76.4558
6280	64.4373
6290	74.4373
6300	61.4018
6310	71.4018
6320	81.4018
6330	69.3695
6340	79.3695
6350	65.6477
6360	75.6477
6370	85.6477
6380	72.4771
6390	82.4771
6400	68.2111
6410	78.2111
6420	66.0197
6430	76.0197
6440	64.4063
6450	74.4063
6460	63.7842
6470	73.7842
6480	83.7842
6490	68.6024
6500	78.6024
6510	66.0563
6520	76.0563
6530	62.0085
6540	72.0085
6550	82.0085
6560	71.62
6570	81.62
6580	70.6218
6590	80.6218
6600	90.6218
6610	76.9475
6620	86.9475
6630	71.4032
6640	81.4032
6650	63.4463
6660	73.4463
6670	83.4463
6680	69.0956
6690	79.0956
6700	67.4324
6710	77.4324
6720	66.9577
6730	76.9577
6740	86.9577
6750	75.3185
6760	85.3185
6770	70.1036
6780	80.1036
6790	90.1036
6800	69.5811
6810	79.5811
6820	66.7311
6830	76.7311
6840	65.2383
6850	75.2383
6860	64.9641
6870	74.9641
6880	84.9641
6890	73.5365
6900	83.5365
6910	68.568
6920	78.568
6930	88.568
6940	70.139
6950	80.139
6960	66.5119
6970	76.5119
6980	64.8576
6990	74.8576
7000	84.8576
7010	72.5078
7020	82.5077
7030	71.5688
7040	81.5688
7050	91.5688
7060	75.435
7070	85.435
7080	67.9194
7090	77.9194
7100	64.0395
7110	74.0395
7120	84.0395
7130	70.9024
7140	80.9024
7150	69.3729
7160	79.3729
7170	67.9986
7180	77.9986
7190	87.9986
7200	73.2195
7210	83.2195
7220	66.2187
7230	76.2187
7240	62.6321
7250	72.6321
7260	82.6321
7270	71.3649
7280	81.3649
7290	69.0246
7300	79.0247
7310	89.0247
7320	76.4333
7330	86.4333
7340	71.2602
7350	81.2602
7360	64.113
7370	74.113
7380	84.113
7390	69.4581
7400	79.4581
7410	68.7294
7420	78.7294
7430	65.8624
7440	75.8624
7450	66.2361
7460	76.2361
7470	64.1378
7480	74.1378
7490	84.1378
7500	66.053
7510	76.053
7520	64.5659
7530	74.5659
7540	64.9717
7550	74.9717
7560	64.0648
7570	74.0649
7580	61.2294
7590	71.2294
7600	61.4211
7610	71.4211
7620	81.4211
7630	68.2766
7640	58.2078
7650	68.2078
7660	59.9867
7670	69.9867
7680	79.9867
7690	68.4091
7700	57.4752
7710	67.4752
7720	53.8743
7730	63.8743
7740	73.8743
7750	65.6087
7760	56.969
7770	66.969
7780	76.969
7790	67.4162
7800	77.4162
7810	67.6245
7820	56.0604
7830	66.0604
7840	76.0604
7850	60.1834
7860	70.1834
7870	60.5988
7880	53.2583
7890	63.2583
7900	73.2583
7910	65.5831
7920	75.5831
7930	65.3914
7940	75.3914
7950	62.0367
7960	72.0367
7970	58.3879
7980	68.3879
7990	59.1653
8000	69.1653
8010	59.7736
8020	69.7736
8030	62.4106
8040	72.4106
8050	62.1651
8060	72.1651
8070	60.1222
8080	70.1222
8090	56.931
8100	66.931
8110	57.7619
8120	67.7619
8130	59.8342
8140	69.8342
8150	62.7805
8160	72.7805
8170	62.3404
8180	72.3404
8190	60.2206
8200	70.2206
8210	57.2769
8220	67.2769
8230	77.2769
8240	66.1356
8250	58.3026
8260	68.3026
8270	60.7875
8280	70.7875
8290	80.7875
8300	68.8639
8310	56.9853
8320	66.9853
8330	54.3439
8340	64.3439
8350	74.3439
8360	65.1574
8370	56.3903
8380	66.3903
8390	76.3903
8400	67.4897
8410	77.4898
8420	66.8276
8430	55.3128
8440	65.3128
8450	75.3128
8460	61.1467
8470	71.1467
8480	62.1687
8490	52.7769
8500	62.7769
8510	72.7769
8520	65.4889
8530	75.4889
8540	64.9315
8550	74.9315
8560	61.7249
8570	71.7249
8580	59.5709
8590	69.5709
8600	60.7203
8610	70.7203
8620	59.4387
8630	69.4387
8640	62.2945
8650	72.2945
8660	61.931
8670	71.931
8680	59.5297
8690	69.5297
8700	57.4808
8710	67.4808
8720	58.5553
8730	68.5553
8740	59.306
8750	69.306
8760	62.5376
8770	72.5376
8780	62.6737
8790	72.6737
8800	60.5297
8810	70.5297
8820	57.7373
8830	67.7373
8840	77.7373
8850	65.9441
8860	57.1171
8870	67.1171
8880	60.6794
8890	70.6794
8900	80.6794
8910	69.0138
8920	57.1576
8930	67.1576
8940	54.5455
8950	64.5455
8960	74.5455
8970	64.2354
8980	55.6115
8990	65.6115
9000	75.6115
9010	68.0302
9020	78.0302
9030	67.5479
9040	55.3517
9050	65.3517
9060	75.3517
9070	61.3529
9080	71.3529
9090	60.7976
9100	52.5359
9110	62.5359
9120	72.5359
9130	65.4473
9140	56.4599
9150	66.4599
9160	76.4599
9170	65.1899
9180	55
9190	65
9200	75
9210	64.4392
9220	56.2906
9230	66.2906
9240	76.2906
9250	65.2495
9260	53.256
9270	63.256
9280	54.6847
9290	64.6847
9300	57.7099
9310	67.7099
9320	58.6493
9330	68.6493
9340	60.2766
9350	70.2766
9360	59.289
9370	69.289
9380	59.0898
9390	69.0898
9400	57.0234
9410	67.0234
9420	59.9271
9430	69.9271
9440	79.9271
9450	70.6707
9460	80.6707
9470	70.061
9480	80.061
9490	65.4878
9500	75.4878
9510	63.2999
9520	73.2999
9530	59.3857
9540	69.3857
9550	57.2392
9560	67.2392
9570	61.4557
9580	71.4557
9590	62.5257
9600	72.5257
9610	82.5257
9620	70.8911
9630	80.8911
9640	68.9343
9650	78.9343
9660	64.4957
9670	74.4957
9680	84.4957
9690	70.6358
9700	80.6358
9710	67.7354
9720	77.7354
9730	87.7354
9740	71.381
9750	81.381
9760	70.9801
9770	80.9801
9780	68.12
9790	78.12
9800	65.7861
9810	75.7862
9820	63.2207
9830	73.2207
9840	83.2207
9850	67.0031
9860	77.0031
9870	67.2934
9880	77.2934
9890	87.2934
9900	73.6552
9910	83.6552
9920	66.0465
9930	76.0465
9940	65.1163
9950	75.1163
9960	85.1163
9970	72.7907
9980	82.7907
9990	69.593
10000	79.593
10010	68.4302
10020	78.4302
10030	88.4302
10040	74.8256
10050	84.8256
10060	67.1637
10070	77.1637
10080	87.1637
10090	71.0423
10100	81.0423
10110	65.0614
10120	75.0614
10130	85.0614
10140	75.4897
10150	85.4897
10160	74.1706
10170	84.1706
10180	70.6936
10190	80.6936
10200	63.1792
10210	73.1792
10220	83.1792
10230	68.9177
10240	78.9177
10250	63.06
10260	73.06
10270	83.06
10280	71.6972
10290	81.6972
10300	71.6769
10310	81.6769
10320	91.6769
10330	76.3068
10340	63.5541
10350	73.5541
10360	60.8451
10370	70.8451
10380	80.8451
10390	65.0091
10400	75.0091
10410	65.0404
10420	75.0404
10430	85.0404
10440	72.1517
10450	82.1517
10460	66.667
10470	76.667
10480	65.4427
10490	75.4427
10500	85.4427
10510	72.8363
10520	82.8363
10530	69.2155
10540	79.2155
10550	89.2155
10560	75.9935
10570	85.9935
10580	72.8421
10590	82.8421
10600	67.2505
10610	77.2505
10620	87.2505
10630	70.2291
10640	80.2291
10650	64.0659
10660	74.0659
10670	66.3736
10680	76.3736
10690	65.2198
10700	75.2198
10710	62.1429
10720	72.1429
10730	82.1429
10740	69.8352
10750	79.8352
10760	66.2637
10770	76.2637
10780	86.2637
10790	70.1464
10800	80.1464
10810	67.1489
10820	77.1489
10830	67.0156
10840	77.0156
10850	65.6322
10860	75.6322
10870	64.5991
10880	74.5991
10890	84.5991
10900	68.8511
10910	78.8511
10920	64.9292
10930	74.9292
10940	84.9292
10950	67.7475
10960	77.7475
10970	69.4165
10980	79.4165
10990	69.5627
11000	79.5627
11010	89.5628
11020	75.2335
11030	85.2335
11040	69.6467
11050	79.6467
11060	89.6467
11070	72.2809
11080	82.2809
11090	65.2753
11100	75.2753
11110	63.5373
11120	73.5373
11130	83.5373
11140	73.6776
11150	83.6776
11160	71.7281
11170	81.7281
11180	68.1219
11190	78.1219
11200	88.1219
11210	72.8755
11220	82.8755
11230	66.2048
11240	76.2048
11250	64.7771
11260	74.777
11270	84.777
11280	71.7329
11290	81.7329
11300	65.3133
11310	75.3133
11320	85.3133
11330	73.9553
11340	83.9553
11350	71.3998
11360	81.3998
11370	67.56
11380	77.56
11390	66.0257
11400	76.0257
11410	63.9114
11420	73.9114
11430	83.9114
11440	67.772
11450	77.772
11460	64.8705
11470	74.8705
11480	84.8705
11490	68.7565
11500	78.7565
11510	70.1036
11520	80.1036
11530	90.1036
11540	77.8756
11550	87.8757
11560	74.2487
11570	84.2487
11580	68.1347
11590	78.1347
11600	88.1347
11610	71.6292
11620	81.6292
11630	65.5527
11640	75.5527
11650	63.8383
11660	73.8383
11670	83.8383
11680	69.9023
11690	79.9023
11700	67.6598
11710	77.6598
11720	87.6598
11730	76.6635
11740	86.6635
11750	71.522
11760	81.522
11770	65.4041
11780	75.4041
11790	63.9173
11800	73.9173
11810	83.9173
11820	69.6031
11830	79.6031
11840	63.8776
11850	73.8776
11860	83.8776
11870	72.4635
11880	82.4635
11890	69.8449
11900	79.8449
11910	67.8389
11920	77.8389
11930	66.4694
11940	76.4694
11950	86.4694
11960	72.277
11970	82.277
11980	66.0406
11990	76.0406
12000	86.0406
12010	71.1675
12020	81.1675
12030	64.8873
12040	74.8873
12050	66.6401
12060	76.6401
12070	67.1816
12080	77.1816
12090	87.1816
12100	72.664
12110	82.664
12120	66.4691
12130	76.4691
12140	86.4691
12150	71.7332
12160	81.7332
12170	65.6072
12180	75.6072
12190	64.1478
12200	74.1478
12210	84.1478
12220	72.9438
12230	82.9438
12240	70.6554
12250	80.6554
12260	90.6554
12270	76.463
12280	86.463
12290	71.9486
12300	81.9486
12310	66.0704
12320	76.0704
12330	86.0704
12340	72.8773
12350	82.8773
12360	67.7732
12370	77.7732
12380	87.7732
12390	70.1675
12400	80.1675
12410	69.1084
12420	79.1084
12430	67.0735
12440	77.0735
12450	64.7432
12460	74.7432
12470	64.6781
12480	74.6781
12490	84.6781
12500	69.8183
12510	79.8183
12520	66.1815
12530	76.1815
12540	86.1815
12550	71.318
12560	81.318
12570	65.1562
12580	75.1562
12590	66.1439
12600	76.1439
12610	86.1439
12620	75.2425
12630	85.2425
12640	70.9154
12650	80.9154
12660	66.0691
12670	76.0691
12680	86.0691
12690	71.3525
12700	81.3525
12710	64.9921
12720	74.9921
12730	62.606
12740	72.606
12750	82.606
12760	71.2982
12770	81.2982
12780	70.4317
12790	80.4317
12800	90.4317
12810	76.5258
12820	86.5258
12830	72.2066
12840	82.2066
12850	65.9155
12860	75.9155
12870	85.9155
12880	71.9718
12890	81.9718
12900	66.9953
12910	76.9953
12920	86.9953
12930	70.8656
12940	80.8656
12950	70.0522
12960	80.0522
12970	67.5688
12980	77.5687
12990	64.7986
13000	74.7987
13010	64.1213
13020	74.1213
13030	84.1213
13040	69.2523
13050	79.2523
13060	66.1896
13070	76.1896
13080	86.1896
13090	71.8538
13100	81.8538
13110	65.4544
13120	75.4544
13130	66.535
13140	76.535
13150	86.535
13160	75.2547
13170	85.2547
13180	70.6808
13190	80.6808
13200	66.1347
13210	76.1347
13220	86.1347
13230	71.6129
13240	81.6129
13250	64.5161
13260	74.5161
13270	84.5161
13280	71.0138
13290	81.0138
13300	70
13310	80
13320	90
13330	77.235
13340	87.235
13350	73.5945
13360	83.5945
13370	69.0783
13380	79.0783
13390	61.9816
13400	71.9816
13410	81.9816
13420	70.069
13430	80.069
13440	65.446
13450	75.446
13460	85.446
13470	71.0637
13480	81.0637
13490	69.684
13500	79.684
13510	89.684
13520	74.5381
13530	62.3747
13540	72.3747
13550	62.3471
13560	72.3471
13570	82.3471
13580	67.6656
13590	77.6656
13600	65.0329
13610	75.0329
13620	85.0329
13630	69.7792
13640	79.7792
13650	64.5723
13660	74.5723
13670	66.2592
13680	76.2592
13690	86.2592
13700	75.4085
13710	85.4085
13720	70.6619
13730	80.6619
13740	90.6619
13750	74.6386
13760	84.6386
13770	69.5516
13780	79.5516
13790	62.3168
13800	72.3168
13810	82.3168
13820	69.8006
13830	79.8006
13840	68.6553
13850	78.6553
13860	68.2379
13870	78.2379
13880	88.2379
13890	74.209
13900	84.209
13910	68.9795
13920	78.9795
13930	88.9795
13940	69.7281
13950	79.7281
13960	68.3395
13970	78.3395
13980	64.5134
13990	74.5134
14000	65.7798
14010	75.7798
14020	65.5022
14030	75.5022
14040	62.2271
14050	72.2271
14060	82.2271
14070	66.6949
14080	76.6949
14090	63.2913
14100	73.2913
14110	83.2913
14120	72.5479
14130	60.4681
14140	70.4681
14150	80.4681
14160	69.0929
14170	79.0929
14180	67.6177
14190	56.1933
14200	66.1933
14210	76.1933
14220	62.5792
14230	72.5792
14240	63.8599
14250	73.8599
14260	62.7657
14270	72.7657
14280	61.6289
14290	71.6289
14300	58.2856
14310	68.2856
14320	78.2856
14330	68.5775
14340	78.5775
14350	67.8452
14360	77.8452
14370	65.7294
14380	75.7293
14390	85.7294
14400	74.4037
14410	84.4037
14420	70.6356
14430	80.6356
14440	90.6356
14450	71.4262
14460	81.4261
14470	66.5662
14480	76.5662
14490	66.3314
14500	76.3314
14510	86.3314
14520	74.1634
14530	84.1634
14540	68.8427
14550	78.8427
14560	88.8427
14570	75.9985
14580	85.9985
14590	69.2383
14600	79.2383
14610	64.3208
14620	74.3208
14630	84.3208
14640	69.4863
14650	79.4863
14660	67.6606
14670	77.6606
14680	66.6165
14690	76.6165
14700	65.7301
14710	75.7301
14720	62.827
14730	72.827
14740	82.827
14750	67.948
14760	77.948
14770	66.5534
14780	76.5534
14790	86.5534
14800	70.7297
14810	80.7297
14820	67.956
14830	77.956
14840	66.9754
14850	76.9754
14860	65.7867
14870	75.7867
14880	62.4162
14890	72.4162
14900	82.4162
14910	69.551
14920	79.551
14930	65.6735
14940	75.6735
14950	85.6735
14960	68.8163
14970	61.8367
14980	71.8367
14990	62.2041
15000	72.2041
15010	82.2041
15020	67.0612
15030	77.0612
15040	65.844
15050	75.844
15060	85.844
15070	69.9937
15080	79.9937
15090	65.111
15100	75.111
15110	66.8846
15120	76.8846
15130	65.8348
15140	75.8348
15150	85.8348
15160	70.8606
15170	80.8606
15180	67.7807
15190	77.7807
15200	87.7807
15210	71.7536
15220	81.7536
15230	65.183
15240	57.9899
15250	67.9899
15260	77.9899
15270	67.107
15280	77.107
15290	64.0688
15300	74.0688
15310	84.0688
15320	70.9681
15330	80.9681
15340	66.9304
15350	76.9304
15360	62.4004
15370	72.4004
15380	63.3619
15390	73.3619
15400	64.104
15410	74.104
15420	84.104
15430	69.4778
15440	79.4778
15450	67.6658
15460	77.6658
15470	87.6658
15480	72.0147
15490	82.0147
15500	65.3349
15510	75.3349
15520	66.4207
15530	76.4207
15540	65.7424
15550	75.7424
15560	63.0736
15570	73.0736
15580	83.0736
15590	69.2725
15600	79.2725
15610	65.5488
15620	75.5488
15630	85.5488
15640	69.129
15650	61.7799
15660	71.7799
15670	62.046
15680	72.046
15690	82.046
15700	67.4827
15710	77.4827
15720	65.6937
15730	75.6937
15740	85.6937
15750	69.7784
15760	79.7784
15770	65.2215
15780	75.2215
15790	66.7653
15800	76.7653
15810	65.6032
15820	75.6032
15830	85.6032
15840	71.1774
15850	81.1774
15860	68.0449
15870	78.0449
15880	88.0449
15890	71.7882
15900	81.7882
15910	65.173
15920	58.1465
15930	68.1465
15940	78.1465
15950	66.9015
15960	76.9014
15970	63.7054
15980	73.7054
15990	83.7054
16000	71.0132
16010	81.0132
16020	67.0804
16030	77.0804
16040	62.5082
16050	72.5082
16060	63.2681
16070	73.2681
16080	63.8845
16090	73.8845
16100	83.8845
16110	68.8453
16120	78.8453
16130	68.1271
16140	78.1271
16150	88.1271
16160	72.2734
16170	82.2734
16180	65.8903
16190	75.8903
16200	66.2427
16210	76.2427
16220	65.572
16230	75.572
16240	62.0823
16250	72.0823
16260	82.0823
16270	69.7633
16280	79.7633
16290	65.8618
16300	75.8618
16310	85.8618
16320	69.3048
16330	61.1808
16340	71.1808
16350	61.4222
16360	71.4222
16370	81.4222
16380	68.0324
16390	58.6001
16400	68.6001
16410	78.6001
16420	64.6616
16430	74.6616
16440	62.0094
16450	72.0094
16460	82.0094
16470	70.282
16480	80.282
16490	68.1181
16500	78.1181
16510	68.587
16520	78.587
16530	66.8934
16540	76.8934
16550	62.9562
16560	72.9562
16570	58.5768
16580	68.5768
16590	78.5768
16600	65.1624
16610	75.1624
16620	66.9093
16630	76.9093
16640	65.4435
16650	75.4435
16660	85.4435
16670	73.4815
16680	83.4815
16690	70.3073
16700	80.3073
16710	90.3073
16720	72.37
16730	82.37
16740	66.9386
16750	76.9386
16760	67.4286
16770	77.4286
16780	87.4286
16790	72.7322
16800	82.7322
16810	67.2568
16820	77.2568
16830	87.2568
16840	75.3383
16850	85.3383
16860	69.4227
16870	79.4227
16880	64.0313
16890	74.0313
16900	64.355
16910	74.355
16920	84.355
16930	71.0268
16940	81.0268
16950	65.7014
16960	75.7014
16970	85.7014
16980	73.6596
16990	83.6596
17000	70.4853
17010	80.4853
17020	64.8542
17030	74.8542
17040	84.8542
17050	73.7297
17060	83.7297
17070	70.6007
17080	80.6007
17090	65.0413
17100	75.0413
17110	85.0413
17120	68.9043
17130	78.9043
17140	67.0261
17150	77.0261
17160	87.0261
17170	72.6447
17180	82.6447
17190	73.1065
17200	83.1065
17210	70.1867
17220	80.1867
17230	90.1867
17240	72.8421
17250	82.8421
17260	66.5857
17270	76.5857
17280	60.5682
17290	70.5682
17300	80.5682
17310	70.7949
17320	62.7759
17330	72.7759
17340	82.7759
17350	70.7784
17360	80.7784
17370	66.7654
17380	76.7654
17390	62.324
17400	72.324
17410	58.3521
17420	68.3521
17430	78.3521
17440	68.73
17450	58.8526
17460	68.8526
17470	78.8526
17480	68.6834
17490	78.6834
17500	67.8185
17510	77.8185
17520	63.5792
17530	73.5792
17540	59.2404
17550	69.2404
17560	79.2404
17570	68.1433
17580	59.693
17590	69.693
17600	79.693
17610	65.8185
17620	75.8185
17630	65.4542
17640	56.1274
17650	66.1274
17660	76.1274
17670	61.6599
17680	71.6599
17690	62.3202
17700	72.3202
17710	63.5906
17720	73.5906
17730	61.443
17740	71.443
17750	59.2953
17760	69.2953
17770	79.2953
17780	68.6242
17790	78.6242
17800	66.5793
17810	76.5793
17820	65.6752
17830	75.6752
17840	85.6752
17850	73.6154
17860	83.6154
17870	70.3493
17880	80.3493
17890	90.3493
17900	72.8446
17910	82.8446
17920	66.7737
17930	76.7737
17940	67.1425
17950	77.1425
17960	87.1425
17970	72.6178
17980	82.6178
17990	67.1377
18000	77.1377
18010	87.1377
18020	75.3208
18030	85.3208
18040	69.901
18050	79.901
18060	64.0264
18070	74.0264
18080	64.1584
18090	74.1584
18100	84.1584
18110	71.0561
18120	81.0561
18130	65.6436
18140	75.6436
18150	85.6436
18160	73.8721
18170	83.8721
18180	70.531
18190	80.531
18200	64.6916
18210	74.6916
18220	84.6917
18230	73.4613
18240	83.4613
18250	70.4574
18260	80.4574
18270	65.2015
18280	75.2015
18290	85.2015
18300	69.7399
18310	79.7399
18320	67.8359
18330	77.8359
18340	87.8359
18350	72.1595
18360	82.1595
18370	72.2457
18380	82.2457
18390	69.359
18400	79.359
18410	89.359
18420	72.6733
18430	82.6733
18440	67.1564
18450	77.1564
18460	61.6103
18470	71.6103
18480	81.6103
18490	70.4253
18500	80.4253
18510	70.5811
18520	80.5811
18530	67.6575
18540	77.6575
18550	87.6575
18560	72.7686
18570	82.7686
18580	67.1824
18590	77.1824
18600	61.6809
18610	71.6809
18620	81.6809
18630	70.7109
18640	80.7109
18650	70.3976
18660	80.3976
18670	90.3976
18680	76.0726
18690	86.0726
18700	71.1746
18710	81.1746
18720	65.3968
18730	75.3968
18740	85.3968
18750	68.2637
18760	78.2637
18770	67.3923
18780	77.3923
18790	66.9742
18800	76.9742
18810	86.9742
18820	74.3602
18830	84.3602
18840	69.2134
18850	79.2134
18860	89.2134
18870	71.5042
18880	81.5042
18890	66.3
18900	76.3
18910	65.5269
18920	75.5269
18930	85.5269
18940	73.7617
18950	83.7617
18960	71.1404
18970	81.1404
18980	65.9991
18990	75.9991
19000	85.9991
19010	69.9524
19020	79.9524
19030	64.8597
19040	74.8597
19050	84.8597
19060	72.7144
19070	82.7144
19080	72.5018
19090	82.5018
19100	69.663
19110	79.663
19120	89.663
19130	72.8527
19140	82.8527
19150	66.5204
19160	76.5204
19170	61.5047
19180	71.5047
19190	81.5047
19200	70.8777
19210	80.8777
19220	70.6897
19230	80.6897
19240	67.8734
19250	77.8734
19260	87.8734
19270	72.8801
19280	82.8801
19290	66.5901
19300	76.5901
19310	61.5371
19320	71.5371
19330	81.5371
19340	70.6461
19350	80.6461
19360	70.5582
19370	80.5582
19380	90.5582
19390	76.2605
19400	86.2605
19410	71.2404
19420	81.2404
19430	65.1192
19440	75.1192
19450	85.1192
19460	68.0787
19470	78.0787
19480	67.1746
19490	77.1746
19500	67.2046
19510	77.2046
19520	87.2046
19530	74.6755
19540	84.6755
19550	69.591
19560	79.591
19570	89.591
19580	71.4962
19590	81.4962
19600	66.5223
19610	76.5223
19620	65.1226
19630	75.1226
19640	85.1226
19650	73.5351
19660	83.5351
19670	71.2219
19680	81.2219
19690	66.3449
19700	76.3449
19710	86.3449
19720	69.9021
19730	79.9021
19740	65.0912
19750	75.0912
19760	85.0912
19770	72.2199
19780	82.2199
19790	72.19
19800	82.19
19810	69.7366
19820	79.7366
19830	89.7366
19840	73.0163
19850	83.0163
19860	66.3165
19870	76.3165
19880	61.7675
19890	71.7675
19900	81.7675
19910	70.6448
19920	80.6448
19930	70.8151
19940	80.8151
19950	68.1045
19960	78.1045
19970	88.1045
19980	72.6305
19990	82.6305
20000	66.1936
20010	76.1936
20020	61.6567
20030	71.6567
20040	81.6567
20050	70.6531
20060	80.6531
20070	70.5087
20080	80.5087
20090	90.5087
20100	76.3715
20110	86.3715
20120	70.9474
20130	80.9474
20140	64.946
20150	74.946
20160	84.946
20170	68.6079
20180	78.6079
20190	67.127
20200	77.127
20210	66.9584
20220	76.9584
20230	86.9584
20240	74.4597
20250	84.4597
20260	69.0877
20270	79.0877
20280	89.0877
20290	71.5403
20300	81.5403
20310	67.0794
20320	77.0794
20330	65.4841
20340	75.4841
20350	85.4841
20360	73.6661
20370	83.6661
20380	71.2856
20390	81.2856
20400	65.6641
20410	75.6641
20420	85.6641
20430	69.844
20440	79.844
20450	65.5039
20460	75.5039
20470	85.5039
20480	72.5028
20490	82.5028
20500	72.0345
20510	82.0344
20520	69.813
20530	79.813
20540	89.813
20550	72.5748
20560	82.5748
20570	66.371
20580	76.371
20590	62.1928
20600	72.1928
20610	82.1928
20620	70.5492
20630	80.5492
20640	70.0349
20650	80.0349
20660	67.9387
20670	77.9387
20680	87.9387
20690	72.6806
20700	82.6806
20710	66.6527
20720	76.6527
20730	62.6651
20740	72.6651
20750	82.6651
20760	70.4227
20770	80.4227
20780	69.5845
20790	79.5845
20800	89.5845
20810	76.1592
20820	86.1592
20830	70.8331
20840	80.8331
20850	65.0194
20860	75.0194
20870	85.0195
20880	69.5429
20890	79.5429
20900	67.3602
20910	77.3602
20920	66.3743
20930	76.3743
20940	86.3743
20950	74.6096
20960	84.6096
20970	69.2938
20980	79.2938
20990	89.2938
21000	71.3277
21010	81.3277
21020	67.5989
21030	77.5989
21040	65.452
21050	75.452
21060	85.452
21070	72.9943
21080	82.9944
21090	71.2429
21100	81.2429
21110	65.9322
21120	75.9322
21130	85.9322
21140	69.8305
21150	79.8305
21160	66.1141
21170	76.1141
21180	86.1141
21190	72.4235
21200	82.4235
21210	71.3099
21220	81.3099
21230	69.6611
21240	79.6611
21250	89.6611
21260	72.4061
21270	82.4061
21280	66.5318
21290	76.5318
21300	62.7418
21310	72.7418
21320	82.7418
21330	70.8458
21340	80.8458
21350	69.3537
21360	79.3537
21370	67.7086
21380	77.7086
21390	87.7086
21400	72.3341
21410	82.3341
21420	66.5795
21430	76.5795
21440	62.794
21450	72.794
21460	82.794
21470	70.8812
21480	80.8812
21490	69.4828
21500	79.4828
21510	89.4828
21520	76.1194
21530	86.1194
21540	70.5978
21550	80.5978
21560	65.0203
21570	75.0203
21580	85.0203
21590	69.7151
21600	79.7151
21610	67.657
21620	77.657
21630	66.3678
21640	76.3678
21650	86.3678
21660	74.2672
21670	84.2672
21680	68.8308
21690	78.8308
21700	88.8308
21710	71.6161
21720	81.6161
21730	68.1759
21740	78.1759
21750	65.9452
21760	75.9452
21770	85.9452
21780	72.9315
21790	82.9315
21800	70.6849
21810	80.6849
21820	65.3753
21830	75.3753
21840	85.3753
21850	70.0805
21860	80.0805
21870	66.7111
21880	76.7111
21890	86.7111
21900	72.915
21910	82.915
21920	71.482
21930	81.4821
21940	68.9397
21950	78.9397
21960	88.9397
21970	71.9111
21980	81.9112
21990	66.6957
22000	76.6957
22010	63.1762
22020	73.1762
22030	83.1762
22040	71.0388
22050	81.0388
22060	69.6647
22070	79.6647
22080	67.1405
22090	77.1405
22100	87.1405
22110	71.9463
22120	81.9463
22130	66.7467
22140	76.7467
22150	63.0525
22160	73.0525
22170	83.0525
22180	71.2362
22190	81.2362
22200	69.8433
22210	79.8433
22220	89.8433
22230	75.5874
22240	85.5874
22250	70.3084
22260	80.3084
22270	65.0146
22280	75.0146
22290	85.0146
22300	69.5023
22310	79.5024
22320	67.8236
22330	77.8236
22340	66.6231
22350	76.6231
22360	86.6231
22370	73.9478
22380	83.9478
22390	68.68
22400	78.68
22410	88.68
22420	71.6266
22430	81.6266
22440	67.8771
22450	77.8771
22460	65.9913
22470	75.9913
22480	85.9913
22490	73.3475
22500	83.3475
22510	70.7412
22520	80.7412
22530	65.2222
22540	75.2222
22550	85.2222
22560	70.0759
22570	80.0758
22580	66.266
22590	76.266
22600	86.266
22610	72.6968
22620	82.6968
22630	71.6896
22640	81.6896
22650	69.2335
22660	79.2335
22670	89.2335
22680	72.0396
22690	82.0396
22700	66.7499
22710	76.7499
22720	62.8658
22730	72.8658
22740	82.8658
22750	70.7281
22760	80.7281
22770	69.7783
22780	79.7783
22790	67.4113
22800	77.4113
22810	87.4113
22820	72.1393
22830	82.1393
22840	66.8918
22850	76.8918
22860	63.1297
22870	73.1297
22880	83.1297
22890	70.8615
22900	80.8615
22910	69.4936
22920	79.4936
22930	89.4936
22940	75.5055
22950	85.5055
22960	70.3538
22970	80.3538
22980	65.2632
22990	75.2632
23000	85.2632
23010	69.9756
23020	79.9756
23030	67.8588
23040	77.8588
23050	66.4909
23060	76.4909
23070	86.4909
23080	73.8151
23090	83.8151
23100	68.5432
23110	78.5432
23120	88.5432
23130	71.5418
23140	81.5418
23150	68.044
23160	78.044
23170	66.0999
23180	76.0999
23190	86.0999
23200	73.3846
23210	83.3846
23220	70.4123
23230	80.4123
23240	65.3047
23250	75.3047
23260	85.3047
23270	70.1903
23280	80.1903
23290	66.302
23300	76.302
23310	86.302
23320	72.7797
23330	82.7797
23340	71.7205
23350	81.7205
23360	68.8932
23370	78.8932
23380	88.8932
23390	72.1714
23400	82.1714
23410	66.7977
23420	76.7977
23430	62.9556
23440	72.9556
23450	82.9556
23460	70.9047
23470	80.9047
23480	69.9284
23490	79.9284
23500	67.1909
23510	77.1909
23520	87.191
23530	72.3537
23540	82.3537
23550	66.6794
23560	76.6794
23570	62.6722
23580	72.6722
23590	82.6722
23600	70.7536
23610	80.7537
23620	69.9183
23630	79.9183
23640	89.9183
23650	75.7214
23660	85.7215
23670	71.0327
23680	81.0327
23690	65.2897
23700	75.2897
23710	85.2897
23720	69.2191
23730	79.2191
23740	67.3661
23750	77.3661
23760	66.5854
23770	76.5854
23780	86.5854
23790	73.914
23800	83.914
23810	69.0186
23820	79.0186
23830	89.0186
23840	71.572
23850	81.572
23860	67.4062
23870	77.4063
23880	65.72
23890	75.72
23900	85.72
23910	73.4759
23920	83.4759
23930	70.5831
23940	80.5831
23950	65.4772
23960	75.4772
23970	85.4772
23980	70.0173
23990	80.0173
24000	66.0027
24010	76.0027
24020	86.0027
24030	72.9013
24040	82.9013
24050	72.0524
24060	82.0524
24070	69.1348
24080	79.1348
24090	89.1348
24100	72.3777
24110	82.3777
24120	66.4661
24130	76.4661
24140	62.5759
24150	72.5759
24160	82.5759
24170	70.9116
24180	80.9116
24190	70.1734
24200	80.1733
24210	67.3774
24220	77.3774
24230	87.3774
24240	72.3103
24250	82.3103
24260	66.4336
24270	76.4336
24280	62.6209
24290	72.6209
24300	82.6209
24310	70.9264
24320	80.9264
24330	70.2913
24340	80.2913
24350	90.2913
24360	75.9267
24370	85.9267
24380	70.5155
24390	80.5155
24400	64.8834
24410	74.8834
24420	84.8834
24430	69.0338
24440	79.0338
24450	67.5964
24460	77.5964
24470	67.2108
24480	77.2108
24490	87.2108
24500	74.0613
24510	84.0613
24520	68.4539
24530	78.4539
24540	88.4539
24550	71.2858
24560	81.2858
24570	67.3118
24580	77.3118
24590	65.9199
24600	75.9199
24610	85.9199
24620	74.194
24630	84.194
24640	70.5814
24650	80.5814
24660	64.9372
24670	74.9372
24680	84.9372
24690	69.9353
24700	79.9353
24710	65.95
24720	75.95
24730	85.95
24740	73.1168
24750	83.1168
24760	72.8285
24770	82.8285
24780	68.9124
24790	78.9124
24800	88.9124
24810	71.5639
24820	81.5639
24830	66.5464
24840	76.5464
24850	62.5067
24860	72.5067
24870	82.5067
24880	71.1914
24890	62.2928
24900	72.2928
24910	82.2928
24920	69.3176
24930	79.3176
24940	65.7647
24950	75.7647
24960	62.5177
24970	72.5177
24980	60.1882
24990	70.1882
25000	80.1882
25010	69.5765
25020	58.1647
25030	68.1647
25040	78.1647
25050	68.2045
25060	78.2045
25070	66.6873
25080	76.6873
25090	63.4637
25100	73.4637
25110	61.1702
25120	71.1702
25130	81.1702
25140	68.9007
25150	59.079
25160	69.079
25170	79.079
25180	65.3203
25190	75.3203
25200	65.5145
25210	55.5222
25220	65.5222
25230	75.5222
25240	63.1424
25250	73.1424
25260	62.6671
25270	72.6671
25280	62.9269
25290	72.9269
25300	61.0823
25310	71.0823
25320	59.4206
25330	69.4206
25340	60.7778
25350	70.7778
25360	60.1017
25370	70.1017
25380	80.1017
25390	68.0233
25400	59.8858
25410	69.8858
25420	79.8858
25430	66.2558
25440	76.2557
25450	62.7189
25460	72.7189
25470	64.0036
25480	74.0036
25490	61.7175
25500	71.7175
25510	61.1924
25520	71.1924
25530	61.6477
25540	71.6477
25550	59.7752
25560	69.7752
25570	79.7752
25580	66.4237
25590	58.8775
25600	68.8775
25610	58.4717
25620	68.4717
25630	78.4717
25640	66.1239
25650	57.9591
25660	67.9591
25670	77.9591
25680	64.4169
25690	74.4169
25700	62.8532
25710	72.8532
25720	63.7944
25730	73.7944
25740	61.7656
25750	71.7656
25760	81.7655
25770	69.4586
25780	59.8351
25790	69.8351
25800	79.8351
25810	66.2217
25820	76.2217
25830	62.7536
25840	55.2093
25850	65.2093
25860	75.2093
25870	63.242
25880	73.242
25890	62.6995
25900	72.6995
25910	63.1222
25920	73.1221
25930	61.2268
25940	71.2268
25950	59.4448
25960	69.4448
25970	60.4807
25980	70.4807
25990	60.2506
26000	70.2506
26010	80.2506
26020	68.041
26030	78.041
26040	67.9954
26050	77.9954
26060	87.9954
26070	73.9122
26080	83.9122
26090	68.4311
26100	78.4311
26110	68.0594
26120	78.0594
26130	64.5257
26140	74.5257
26150	62.1835
26160	72.1835
26170	82.1835
26180	66.8034
26190	76.8034
26200	66.8939
26210	76.8939
26220	86.8939
26230	71.5614
26240	62.6372
26250	72.6372
26260	60.9087
26270	70.9087
26280	80.9087
26290	66.8968
26300	76.8968
26310	63.4518
26320	73.4518
26330	83.4518
26340	72.012
26350	82.012
26360	68.1948
26370	78.1948
26380	67.7286
26390	77.7286
26400	64.4435
26410	74.4435
26420	84.4435
26430	70.5597
26440	80.5598
26450	65.264
26460	75.264
26470	64.9253
26480	74.9253
26490	84.9253
26500	70.5504
26510	80.5504
26520	70.1827
26530	80.1827
26540	67.0022
26550	77.0022
26560	87.0022
26570	73.2127
26580	83.2127
26590	67.8743
26600	77.8743
26610	87.8743
26620	70.0856
26630	80.0856
26640	68.6646
26650	78.6646
26660	68.3953
26670	78.3953
26680	64.8835
26690	74.8835
26700	84.8835
26710	71.227
26720	81.227
26730	66.0266
26740	76.0266
26750	86.0266
26760	70.1302
26770	80.1302
26780	68.6843
26790	78.6843
26800	68.4944
26810	78.4944
26820	88.4944
26830	73.1441
26840	83.1441
26850	69.5677
26860	79.5677
26870	89.5677
26880	72.7162
26890	82.7162
26900	66.7574
26910	76.7575
26920	65.1715
26930	75.1715
26940	85.1715
26950	73.6973
26960	83.6973
26970	69.9789
26980	79.9789
26990	66.2775
27000	76.2775
27010	86.2775
27020	71.2259
27030	81.2259
27040	65.1279
27050	75.1279
27060	63.6356
27070	73.6356
27080	83.6356
27090	73.5717
27100	83.5717
27110	69.9096
27120	79.9096
27130	89.9096
27140	74.6705
27150	84.6705
27160	69.6201
27170	79.6201
27180	63.4499
27190	73.4499
27200	83.4499
27210	70.4564
27220	80.4564
27230	70.3752
27240	80.3752
27250	66.5416
27260	76.5416
27270	86.5416
27280	72.9797
27290	82.9797
27300	68.1058
27310	78.1058
27320	88.1058
27330	70.1488
27340	80.1488
27350	68.6588
27360	78.6588
27370	68.0571
27380	78.0571
27390	88.0571
27400	73.8308
27410	83.8308
27420	70.2864
27430	80.2864
27440	65.5575
27450	75.5575
27460	85.5575
27470	69.3426
27480	79.3426
27490	67.9554
27500	77.9554
27510	87.9554
27520	71.8495
27530	81.8495
27540	71.9785
27550	81.9785
27560	68.4946
27570	78.4946
27580	88.4946
27590	72.0094
27600	82.0094
27610	65.8315
27620	75.8315
27630	64.4781
27640	74.4781
27650	84.4781
27660	70.1395
27670	80.1395
27680	70.1897
27690	80.1897
27700	66.7848
27710	76.7848
27720	86.7848
27730	71.9067
27740	81.9067
27750	65.8456
27760	75.8456
27770	64.5868
27780	74.5868
27790	84.5868
27800	70.3449
27810	80.3449
27820	70.0214
27830	80.0214
27840	90.0214
27850	75.0214
27860	85.0214
27870	70.198
27880	80.198
27890	64.1116
27900	74.1116
27910	84.1116
27920	71.3762
27930	81.3762
27940	67.1819
27950	77.1819
27960	66.8107
27970	76.8107
27980	86.8107
27990	73.548
28000	83.548
28010	68.8035
28020	78.8035
28030	88.8035
28040	70.7041
28050	80.7041
28060	69.5628
28070	79.5628
28080	65.4607
28090	75.4607
28100	85.4607
28110	73.3475
28120	83.3475
28130	70.0062
28140	80.0062
28150	65.2621
28160	75.2621
28170	85.2621
28180	69.197
28190	79.197
28200	68.1831
28210	78.1831
28220	88.1831
28230	72.5223
28240	82.5223
28250	71.8428
28260	81.8428
28270	68.2951
28280	78.2952
28290	88.2951
28300	71.7412
28310	81.7412
28320	65.7926
28330	75.7926
28340	64.5895
28350	74.5895
28360	84.5895
28370	70.7222
28380	80.7222
28390	70.0226
28400	80.0226
28410	66.4503
28420	76.4503
28430	86.4503
28440	71.7546
28450	81.7546
28460	65.9062
28470	75.9062
28480	64.7663
28490	74.7663
28500	84.7663
28510	70.7516
28520	80.7516
28530	70.0151
28540	80.0151
28550	90.0151
28560	74.6488
28570	84.6488
28580	69.88
28590	79.88
28600	64.3534
28610	74.3534
28620	84.3534
28630	71.6352
28640	81.6352
28650	67.3945
28660	77.3945
28670	66.846
28680	76.846
28690	86.846
28700	73.2259
28710	83.2259
28720	68.2083
28730	78.2083
28740	88.2083
28750	71.0902
28760	81.0902
28770	69.8152
28780	79.8152
28790	65.6674
28800	75.6674
28810	85.6674
28820	73.4908
28830	83.4908
28840	69.894
28850	79.894
28860	64.8962
28870	74.8962
28880	84.8962
28890	69.628
28900	79.628
28910	68.3186
28920	78.3186
28930	88.3186
28940	72.5095
28950	82.5095
28960	71.8779
28970	81.8779
28980	68.1033
28990	78.1033
29000	88.1033
29010	71.4179
29020	81.4179
29030	66.1584
29040	76.1584
29050	64.7045
29060	74.7045
29070	84.7045
29080	70.6929
29090	80.6929
29100	70.1235
29110	80.1235
29120	66.4323
29130	76.4323
29140	86.4323
29150	71.6357
29160	81.6357
29170	65.95
29180	75.95
29190	64.6109
29200	74.6109
29210	84.6109
29220	70.7362
29230	80.7362
29240	70.0203
29250	80.0203
29260	90.0203
29270	74.7488
29280	84.7488
29290	70.0835
29300	80.0835
29310	64.1932
29320	74.1932
29330	84.1932
29340	71.3864
29350	81.3864
29360	67.4467
29370	77.4467
29380	66.8548
29390	76.8548
29400	86.8548
29410	73.1826
29420	83.1826
29430	68.6766
29440	78.6766
29450	88.6766
29460	70.926
29470	80.926
29480	69.5369
29490	79.5369
29500	65.634
29510	75.634
29520	85.634
29530	73.4456
29540	83.4456
29550	69.7724
29560	79.7724
29570	65.2485
29580	75.2485
29590	85.2485
29600	69.4049
29610	79.4049
29620	67.9223
29630	77.9223
29640	87.9223
29650	72.5117
29660	82.5117
29670	71.8769
29680	81.8769
29690	68.1835
29700	78.1835
29710	88.1835
29720	71.9113
29730	81.9113
29740	66.0064
29750	76.0064
29760	64.5643
29770	74.5643
29780	84.5643
29790	70.6484
29800	80.6484
29810	70.0741
29820	80.0741
29830	66.4549
29840	76.4549
29850	86.4549
29860	71.8485
29870	81.8485
29880	66.0429
29890	76.0429
29900	64.4261
29910	74.4261
29920	84.4261
29930	70.547
29940	80.547
29950	70.0832
29960	80.0832
29970	90.0832
29980	74.936
29990	84.936
30000	70.4022
30010	80.4022
30020	64.4421
30030	74.4421
30040	84.4421
30050	71.1932
30060	81.1932
30070	67.3293
30080	77.3293
30090	66.6474
30100	76.6474
30110	86.6474
30120	73.3857
30130	83.3857
30140	68.7891
30150	78.7891
30160	88.7891
30170	70.97
30180	80.97
30190	69.3913
30200	79.3913
30210	65.6406
30220	75.6406
30230	85.6406
30240	73.4258
30250	83.4258
30260	70.0432
30270	80.0432
30280	65.2724
30290	75.2724
30300	85.2724
30310	69.3969
30320	79.3969
30330	67.8833
30340	77.8833
30350	87.8833
30360	72.5083
30370	82.5083
30380	71.826
30390	81.826
30400	68.4094
30410	78.4094
30420	88.4095
30430	71.9063
30440	81.9063
30450	65.8577
30460	75.8577
30470	64.3709
30480	74.3709
30490	84.3709
30500	70.8195
30510	80.8195
30520	70.1067
30530	80.1067
30540	66.6034
30550	76.6034
30560	86.6034
30570	71.7919
30580	81.7919
30590	65.896
30600	75.896
30610	64.316
30620	74.316
30630	84.316
30640	70.853
30650	80.8529
30660	70.0925
30670	80.0925
30680	90.0925
30690	74.9751
30700	84.9751
30710	70.2003
30720	80.2003
30730	64.159
30740	74.159
30750	84.159
30760	71.0814
30770	81.0814
30780	67.5096
30790	77.5096
30800	66.8525
30810	76.8525
30820	86.8525
30830	73.5546
30840	83.5546
30850	68.8323
30860	78.8323
30870	88.8323
30880	70.6071
30890	80.6071
30900	69
30910	79
30920	65.5447
30930	75.5447
30940	85.5447
30950	73.574
30960	83.574
30970	70.4196
30980	80.4196
30990	65.6647
31000	75.6647
31010	85.6647
31020	69.0948
31030	79.0948
31040	67.5849
31050	77.5849
31060	87.5849
31070	72.3025
31080	82.3025
31090	71.8778
31100	81.8778
31110	68.7879
31120	78.7879
31130	88.7879
31140	72.0975
31150	82.0975
31160	65.6045
31170	75.6045
31180	64.1542
31190	74.1542
31200	84.1542
31210	70.6044
31220	80.6044
31230	70.1294
31240	80.1294
31250	66.8138
31260	76.8138
31270	86.8138
31280	71.9949
31290	81.9949
31300	65.6188
31310	75.6188
31320	64.2197
31330	74.2197
31340	84.2197
31350	70.8107
31360	80.8107
31370	70.3134
31380	80.3134
31390	90.3134
31400	75.0679
31410	85.0679
31420	70.1735
31430	80.1735
31440	63.9686
31450	73.9686
31460	83.9686
31470	70.968
31480	80.968
31490	67.6955
31500	77.6955
31510	67.3211
31520	77.3211
31530	87.3211
31540	73.4119
31550	83.412
31560	68.4711
31570	78.4711
31580	88.4711
31590	70.3241
31600	80.3241
31610	69.0315
31620	79.0315
31630	65.8323
31640	75.8323
31650	85.8323
31660	74.1733
31670	84.1733
31680	70.0981
31690	80.0981
31700	65.266
31710	75.266
31720	85.266
31730	68.7402
31740	78.7402
31750	67.5501
31760	77.5501
31770	87.5501
31780	72.6384
31790	82.6384
31800	72.048
31810	82.048
31820	69.0248
31830	79.0248
31840	89.0248
31850	72.4696
31860	82.4696
31870	65.7749
31880	75.7749
31890	64.6023
31900	74.6023
31910	84.6023
31920	71.3384
31930	81.3384
31940	67.3957
31950	77.3957
31960	87.3957
31970	75.8967
31980	85.8967
31990	71.2173
32000	81.2173
32010	64.4996
32020	74.4996
32030	63.1874
32040	73.1874
32050	83.1874
32060	69.8302
32070	79.8302
32080	65.8158
32090	75.8158
32100	85.8158
32110	74.7143
32120	84.7143
32130	71.8527
32140	81.8527
32150	65.1968
32160	75.1968
32170	63.9289
32180	73.9289
32190	83.9289
32200	70.4783
32210	80.4783
32220	66.3471
32230	76.3471
32240	86.3471
32250	71.7963
32260	81.7963
32270	69.0121
32280	57.6488
32290	67.6488
32300	77.6488
32310	66.4463
32320	76.4463
32330	64.6328
32340	74.6328
32350	84.6328
32360	70.3839
32370	80.3839
32380	67.463
32390	77.463
32400	62.7901
32410	72.7901
32420	62.9254
32430	72.9255
32440	63.3192
32450	73.3192
32460	83.3192
32470	69.8371
32480	79.8372
32490	67.4474
32500	77.4474
32510	87.4474
32520	72.5952
32530	82.5951
32540	65.9816
32550	75.9816
32560	66.0546
32570	76.0546
32580	65.04
32590	75.04
32600	63.1905
32610	73.1905
32620	83.1905
32630	69.1699
32640	79.1699
32650	66.1757
32660	76.1757
32670	86.1757
32680	69.6609
32690	60.7696
32700	70.7696
32710	61.3192
32720	71.3192
32730	81.3192
32740	67.8559
32750	77.8559
32760	65.6036
32770	75.6036
32780	85.6036
32790	70.8829
32800	80.8829
32810	66.2883
32820	76.2883
32830	65.8559
32840	75.8559
32850	64.9224
32860	74.9224
32870	84.9224
32880	71.3986
32890	81.3986
32900	67.454
32910	77.454
32920	87.454
32930	72.7691
32940	82.7692
32950	66.3347
32960	57.4076
32970	67.4076
32980	77.4076
32990	66.481
33000	76.4809
33010	64.5486
33020	74.5486
33030	84.5486
33040	70.4654
33050	80.4654
33060	67.6373
33070	77.6373
33080	63.179
33090	73.179
33100	62.7432
33110	72.7432
33120	63.2132
33130	73.2132
33140	83.2132
33150	69.6756
33160	79.6757
33170	67.4151
33180	77.4151
33190	87.4151
33200	72.9751
33210	82.9751
33220	66.5725
33230	76.5725
33240	65.9238
33250	75.9238
33260	64.8271
33270	74.8271
33280	62.8054
33290	72.8054
33300	82.8054
33310	68.9955
33320	78.9955
33330	66.4425
33340	76.4425
33350	86.4425
33360	70.177
33370	60.8496
33380	70.8496
33390	61.2785
33400	71.2785
33410	81.2785
33420	67.5026
33430	77.5026
33440	65.4318
33450	75.4318
33460	85.4318
33470	71.1808
33480	81.1808
33490	66.8395
33500	76.8395
33510	65.9772
33520	75.9772
33530	64.7329
33540	74.7329
33550	84.7329
33560	71.0364
33570	81.0363
33580	67.3517
33590	77.3517
33600	87.3517
33610	73.187
33620	83.187
33630	66.831
33640	57.3768
33650	67.3768
33660	77.3768
33670	66.1796
33680	76.1796
33690	64.2077
33700	74.2077
33710	84.2077
33720	70.5458
33730	80.5458
33740	68.1162
33750	78.1162
33760	63.6169
33770	73.6169
33780	62.6814
33790	72.6814
33800	63.0244
33810	73.0244
33820	83.0244
33830	69.3937
33840	79.3937
33850	67.4478
33860	77.4478
33870	87.4478
33880	73.2065
33890	83.2065
33900	66.7674
33910	76.7674
33920	65.9746
33930	75.9746
33940	64.7295
33950	74.7295
33960	62.7225
33970	72.7225
33980	82.7225
33990	69.0327
34000	79.0327
34010	66.5298
34020	76.5299
34030	86.5299
34040	70.1863
34050	60.9437
34060	70.9436
34070	61.0591
34080	71.0591
34090	81.0591
34100	67.4656
34110	77.4656
34120	65.5785
34130	75.5785
34140	85.5785
34150	71.1131
34160	81.1131
34170	66.7764
34180	76.7764
34190	66.1525
34200	76.1525
34210	64.5581
34220	74.5581
34230	84.5581
34240	71.0341
34250	81.0341
34260	67.5219
34270	77.5218
34280	87.5218
34290	73.0581
34300	83.0581
34310	66.7563
34320	57.6564
34330	67.6565
34340	77.6564
34350	65.9067
34360	75.9067
34370	64.1278
34380	74.1278
34390	84.1278
34400	70.6736
34410	80.6736
34420	67.9766
34430	77.9766
34440	63.5144
34450	73.5144
34460	62.9754
34470	72.9754
34480	62.788
34490	72.788
34500	82.788
34510	69.3638
34520	79.3638
34530	67.6244
34540	77.6244
34550	87.6244
34560	73.0168
34570	83.0168
34580	66.7268
34590	76.7268
34600	66.2355
34610	76.2355
34620	64.3263
34630	74.3263
34640	62.6489
34650	72.6489
34660	82.6489
34670	69.3309
34680	79.3309
34690	66.5906
34700	76.5906
34710	86.5906
34720	70.2294
34730	61.3141
34740	71.3141
34750	60.686
34760	70.686
34770	80.686
34780	67.257
34790	77.257
34800	65.7218
34810	75.7218
34820	85.7218
34830	71.2383
34840	81.2383
34850	66.8489
34860	76.8489
34870	66.379
34880	76.379
34890	64.1943
34900	74.1943
34910	84.1943
34920	70.8334
34930	80.8334
34940	67.7166
34950	77.7166
34960	87.7166
34970	73.1906
34980	83.1906
34990	66.8249
35000	57.7496
35010	67.7496
35020	77.7496
35030	65.5141
35040	75.5141
35050	63.9039
35060	73.9039
35070	83.9039
35080	70.8813
35090	80.8813
35100	68.1864
35110	78.1864
35120	63.7317
35130	73.7317
35140	63.0948
35150	73.0948
35160	62.3962
35170	72.3962
35180	82.3962
35190	69.0356
35200	79.0356
35210	67.7008
35220	77.7008
35230	87.7008
35240	73.2034
35250	83.2034
35260	66.941
35270	76.941
35280	66.3669
35290	76.3669
35300	64.1481
35310	74.1481
35320	62.4288
35330	72.4288
35340	82.4288
35350	69.3444
35360	79.3444
35370	66.5465
35380	76.5465
35390	86.5465
35400	70.354
35410	61.2944
35420	71.2944
35430	60.6986
35440	70.6986
35450	80.6986
35460	67.3219
35470	77.3219
35480	65.7159
35490	75.7159
35500	85.7159
35510	71.1381
35520	81.1381
35530	66.8985
35540	76.8985
35550	66.504
35560	76.504
35570	64.2535
35580	74.2535
35590	84.2535
35600	70.8488
35610	80.8488
35620	67.6767
35630	77.6767
35640	87.6767
35650	72.9858
35660	82.9858
35670	66.8841
35680	57.9152
35690	67.9152
35700	77.9152
35710	65.678
35720	75.678
35730	64.0453
35740	74.0453
35750	84.0453
35760	70.6831
35770	80.6831
35780	67.7689
35790	77.7689
35800	63.7963
35810	73.7963
35820	63.1214
35830	73.1215
35840	62.6047
35850	72.6047
35860	82.6047
35870	69.2449
35880	79.2449
35890	67.4734
35900	77.4734
35910	87.4734
35920	72.8973
35930	82.8973
35940	67.1259
35950	77.1259
35960	66.4649
35970	76.4649
35980	64.2061
35990	74.2061
36000	62.5224
