10	5
20	5
30	5
40	5
50	5
60	5
70	5
80	5
90	5
100	5
110	5
120	5
130	6.66667
140	13.3333
150	23.3333
160	23.3333
170	33.3333
180	16.6667
190	26.6667
200	36.6667
210	31.5
220	41.5
230	15
240	17.5
250	27.5
260	25
270	35
280	45
290	22
300	32
310	32.6667
320	42.6667
330	52.6667
340	37.6667
350	47.6667
360	43
370	53
380	63
390	53.3333
400	33.3333
410	43.3333
420	53.3333
430	43.3333
440	53.3333
450	38.3333
460	48.3333
470	58.3333
480	48.3333
490	58.3333
500	43.3333
510	53.3333
520	42
530	52
540	41.3333
550	51.3333
560	61.3333
570	35.3333
580	45.3333
590	40.7778
600	50.7778
610	60.7778
620	43
630	53
640	40.7333
650	50.7333
660	60.7333
670	41.0444
680	33.4111
690	43.4111
700	35.4111
710	45.4111
720	39.4111
730	49.4111
740	59.4111
750	39.4111
760	49.4111
770	41
780	51
790	61
800	41
810	51
820	41.4333
830	51.4333
840	61.4333
850	42.15
860	30.6167
870	40.6167
880	33.1167
890	43.1167
900	39.7833
910	49.7833
920	59.7833
930	40.6167
940	50.6167
950	45
960	55
970	65
980	45.8333
990	34.2051
1000	44.2051
1010	54.2051
1020	44.6282
1030	54.6282
1040	27.9295
1050	37.9295
1060	37.1603
1070	28.6987
1080	38.6987
1090	48.6987
1100	46.9231
1110	56.9231
1120	36.3538
1130	46.3539
1140	56.3539
1150	47.2359
1160	57.2359
1170	38.1535
1180	48.1535
1190	33.1581
1200	27.2757
1210	37.2757
1220	47.2757
1230	47.7542
1240	57.7541
1250	41.2836
1260	51.2836
1270	42.46
1280	36.6659
1290	46.6659
1300	56.6659
1310	52.0686
1320	62.0686
1330	47.0686
1340	57.0686
1350	49.1993
1360	59.1993
1370	53.3366
1380	63.3366
1390	73.3366
1400	48.3366
1410	58.3366
1420	53.4056
1430	63.4056
1440	52.4889
1450	62.4889
1460	42.3222
1470	52.3222
1480	44.373
1490	54.373
1500	64.373
1510	48.1825
1520	38.9802
1530	48.9802
1540	58.9802
1550	51.031
1560	61.031
1570	39.6024
1580	49.6024
1590	42.9357
1600	37.2214
1610	47.2214
1620	57.2214
1630	52.9357
1640	62.9357
1650	46.4855
1660	56.4855
1670	47.7842
1680	41.4206
1690	51.4206
1700	61.4206
1710	56.6229
1720	66.6229
1730	51.032
1740	61.032
1750	71.032
1760	62.4892
1770	72.4892
1780	58.9425
1790	39.3869
1800	49.3869
1810	59.3869
1820	46.5
1830	56.5
1840	42.7912
1850	52.7912
1860	45.4885
1870	42.0402
1880	52.0402
1890	62.0402
1900	57.8103
1910	67.8103
1920	55.3966
1930	65.3966
1940	75.3966
1950	63.2931
1960	73.2931
1970	60.7828
1980	70.7828
1990	48.3736
2000	58.3736
2010	50.9447
2020	60.9447
2030	70.9447
2040	57.5259
2050	50.5697
2060	60.5697
2070	70.5697
2080	59.2354
2090	69.2354
2100	51.6786
2110	61.6786
2120	71.6786
2130	67.0148
2140	77.0148
2150	65.0783
2160	75.0783
2170	53.1043
2180	63.1043
2190	54.0069
2200	64.0069
2210	74.0069
2220	61.7212
2230	53.7847
2240	63.7847
2250	57.709
2260	67.709
2270	77.709
2280	60.9253
2290	70.9253
2300	63.1183
2310	73.1183
2320	83.1183
2330	71.6737
2340	55.4803
2350	65.4803
2360	56.433
2370	66.433
2380	76.433
2390	64.636
2400	59.1549
2410	69.1549
2420	79.1549
2430	69.9198
2440	79.9198
2450	63.9756
2460	73.9756
2470	83.9756
2480	72.7324
2490	82.7324
2500	73.3147
2510	83.3147
2520	63.6635
2530	73.6635
2540	53.7491
2550	63.7491
2560	55.5125
2570	65.5125
2580	75.5125
2590	56.7524
2600	66.7524
2610	60.4209
2620	70.4209
2630	60.128
2640	70.128
2650	56.0552
2660	66.0552
2670	57.2048
2680	67.2049
2690	77.2048
2700	68.423
2710	78.423
2720	60.423
2730	70.423
2740	56.0269
2750	66.0269
2760	58.5362
2770	68.5362
2780	78.5362
2790	59.5039
2800	69.5039
2810	64.234
2820	74.234
2830	64.9464
2840	74.9464
2850	59.4942
2860	69.4942
2870	57.588
2880	67.588
2890	59.3849
2900	69.3849
2910	79.3849
2920	60.1649
2930	49.4995
2940	59.4995
2950	69.4995
2960	64.0391
2970	74.0391
2980	58.7929
2990	68.7929
3000	60.7865
3010	70.7865
3020	60.5927
3030	70.5927
3040	57.7273
3050	67.7273
3060	43.8812
3070	53.8812
3080	52.7115
3090	62.7115
3100	55.6905
3110	65.6905
3120	58.8832
3130	68.8832
3140	61.6451
3150	71.6451
3160	81.6451
3170	61.2678
3180	71.2678
3190	58.6346
3200	68.6346
3210	78.6346
3220	67.8799
3230	51.8422
3240	61.8422
3250	71.8422
3260	62.0874
3270	72.0875
3280	60.3893
3290	70.3893
3300	63.7856
3310	73.7856
3320	66.8044
3330	76.8044
3340	60.8631
3350	70.8631
3360	80.8631
3370	67.1923
3380	77.1923
3390	68.5688
3400	78.5688
3410	59.0173
3420	69.0173
3430	51.6464
3440	61.6464
3450	57.5938
3460	67.5938
3470	77.5938
3480	57.8743
3490	67.8743
3500	61.5047
3510	71.5047
3520	62.6102
3530	72.6102
3540	82.6102
3550	62.911
3560	44.3374
3570	54.3374
3580	64.3374
3590	60.0909
3600	70.0909
3610	54.8277
3620	51.1474
3630	61.1474
3640	71.1474
3650	64.7137
3660	74.7137
3670	59.8207
3680	69.8207
3690	79.8207
3700	72.2997
3710	82.2997
3720	69.8859
3730	79.8859
3740	60.9625
3750	70.9625
3760	58.391
3770	68.391
3780	78.391
3790	69.2116
3800	79.2116
3810	60.5887
3820	70.5887
3830	54.8095
3840	64.8095
3850	57.0412
3860	67.0412
3870	52.0412
3880	62.0412
3890	72.0412
3900	68.5607
3910	78.5607
3920	67.5607
3930	77.5607
3940	58.515
3950	68.515
3960	55.9618
3970	65.9618
3980	56.9204
3990	66.9204
4000	76.9204
4010	58.6946
4020	46.0312
4030	56.0312
4040	66.0312
4050	61.0575
4060	71.0574
4070	56.5039
4080	66.5039
4090	59.8485
4100	69.8485
4110	79.8485
4120	67.755
4130	53.0905
4140	63.0905
4150	73.0905
4160	66.5452
4170	76.5452
4180	67.7511
4190	77.7511
4200	59.1147
4210	69.1147
4220	57.832
4230	67.832
4240	57.5523
4250	67.5523
4260	77.5523
4270	59.2579
4280	69.2579
4290	58.1547
4300	68.1547
4310	78.1547
4320	65.7666
4330	51.5875
4340	61.5875
4350	56.3175
4360	66.3175
4370	76.3175
4380	67.5115
4390	77.5115
4400	59.3026
4410	69.3026
4420	56.9145
4430	66.9145
4440	60.1493
4450	70.1493
4460	80.1493
4470	61.9403
4480	71.9403
4490	64.0299
4500	74.0299
4510	63.8806
4520	73.8806
4530	59.7015
4540	69.7015
4550	56.8657
4560	66.8657
4570	76.8657
4580	66.2687
4590	76.2687
4600	58.0175
4610	45.4294
4620	55.4294
4630	65.4294
4640	62.1393
4650	72.1393
4660	57.7915
4670	67.7915
4680	60.6987
4690	70.6987
4700	80.6987
4710	67.5633
4720	52.9947
4730	62.9947
4740	72.9947
4750	64.8192
4760	74.8192
4770	64.0142
4780	74.0142
4790	84.0142
4800	75.0519
4810	85.0519
4820	70.1054
4830	80.1054
4840	60.4478
4850	70.4478
4860	57.5145
4870	67.5145
4880	57.0922
4890	67.0922
4900	77.0922
4910	57.1892
4920	45.0879
4930	55.0879
4940	53.476
4950	63.476
4960	73.476
4970	57.6933
4980	67.6933
4990	60.1141
5000	70.1142
5010	80.1142
5020	68.4599
5030	52.514
5040	62.514
5050	72.514
5060	65.4621
5070	75.462
5080	63.8404
5090	73.8404
5100	83.8404
5110	75.1351
5120	85.1351
5130	71.3514
5140	55.4054
5150	65.4054
5160	75.4054
5170	61.0811
5180	71.0811
5190	60.8108
5200	70.8108
5210	50.5405
5220	60.5405
5230	48.9189
5240	45.9459
5250	55.9459
5260	65.9459
5270	62.973
5280	72.973
5290	61.3513
5300	71.3513
5310	81.3513
5320	70.9266
5330	80.9266
5340	66.9603
5350	76.9603
5360	56.8485
5370	66.8485
5380	59.7396
5390	69.7396
5400	63.0785
5410	73.0785
5420	83.0785
5430	62.5384
5440	50.8623
5450	60.8623
5460	70.8623
5470	59.8545
5480	69.8545
5490	53.6801
5500	63.6801
5510	54.0547
5520	64.0546
5530	74.0546
5540	62.9726
5550	47.0258
5560	57.0259
5570	67.0258
5580	62.132
5590	72.132
5600	60.1808
5610	70.1808
5620	80.1808
5630	72.9405
5640	82.9405
5650	70.3053
5660	54.4521
5670	64.4521
5680	74.4521
5690	65.7191
5700	75.7191
5710	63.9544
5720	73.9544
5730	83.9544
5740	73.0262
5750	83.0262
5760	72.0465
5770	82.0465
5780	61.5625
5790	71.5625
5800	51.6768
5810	61.6768
5820	56.0951
5830	66.0951
5840	76.0951
5850	55.5204
5860	65.5204
5870	58.9913
5880	68.9913
5890	78.9913
5900	69.4511
5910	53.2442
5920	63.2442
5930	73.2442
5940	65.8714
5950	75.8714
5960	67.5862
5970	77.5862
5980	57.0115
5990	67.0115
6000	57.4713
6010	67.4713
6020	58.5057
6030	68.5057
6040	78.5057
6050	58.0253
6060	68.0253
6070	57.9461
6080	67.9461
6090	60.5147
6100	70.5147
6110	54.4077
6120	64.4077
6130	58.9311
6140	68.9311
6150	61.4368
6160	71.4368
6170	81.4368
6180	60.9574
6190	51.9624
6200	61.9624
6210	71.9624
6220	62.0937
6230	72.0937
6240	55.8633
6250	65.8633
6260	75.8633
6270	70.31
6280	80.31
6290	71.4217
6300	81.4217
6310	60.9248
6320	70.9248
6330	54.8722
6340	64.8722
6350	55.6143
6360	65.6143
6370	75.6143
6380	55.3589
6390	65.3589
6400	60.1546
6410	70.1546
6420	80.1546
6430	71.2072
6440	55.2829
6450	65.2829
6460	75.2829
6470	66.6112
6480	76.6112
6490	68.5718
6500	78.5718
6510	57.9468
6520	67.9468
6530	59.187
6540	69.187
6550	58.8246
6560	68.8246
6570	78.8246
6580	58.2853
6590	68.2853
6600	57.0088
6610	67.0088
6620	60.2479
6630	70.2478
6640	54.2222
6650	64.2222
6660	60.1641
6670	70.1641
6680	62.8051
6690	72.8051
6700	82.8051
6710	61.8641
6720	53.5668
6730	63.5668
6740	73.5668
6750	63.4368
6760	73.4368
6770	56.7701
6780	66.7701
6790	76.7701
6800	68.4931
6810	78.4931
6820	70.1276
6830	80.1276
6840	58.8276
6850	68.8276
6860	53.4925
6870	63.4925
6880	55.807
6890	65.807
6900	75.807
6910	54.2521
6920	64.2521
6930	59.4007
6940	69.4007
6950	79.4007
6960	71.7537
6970	54.6949
6980	64.6949
6990	57.8294
7000	67.8294
7010	77.8294
7020	69.1176
7030	79.1177
7040	57.549
7050	67.549
7060	77.549
7070	68.3587
7080	78.3587
7090	65.4843
7100	75.4843
7110	54.1261
7120	64.1261
7130	53.8358
7140	63.8358
7150	55.7589
7160	65.7589
7170	75.7589
7180	69.1859
7190	79.1859
7200	70.1916
7210	53.2828
7220	63.2828
7230	73.2828
7240	59.7377
7250	69.7377
7260	57.1639
7270	67.1639
7280	77.1639
7290	69.052
7300	79.052
7310	66.567
7320	76.567
7330	64.0121
7340	74.0121
7350	65.2924
7360	75.2924
7370	58.3765
7380	68.3765
7390	78.3765
7400	65.903
7410	75.903
7420	65.6075
7430	75.6075
7440	85.6075
7450	59.7196
7460	46.6437
7470	56.6437
7480	66.6437
7490	63.5808
7500	73.5808
7510	56.3841
7520	66.3841
7530	76.3841
7540	66.8938
7550	76.8938
7560	69.3426
7570	79.3426
7580	57.2826
7590	67.2826
7600	52.7964
7610	62.7964
7620	56.2007
7630	66.2007
7640	48.4366
7650	58.4366
7660	68.4366
7670	60.6894
7680	70.6894
7690	57.4829
7700	67.4829
7710	58.1439
7720	68.1439
7730	62.883
7740	72.883
7750	82.883
7760	60.383
7770	70.383
7780	62.5468
7790	72.5468
7800	65.136
7810	75.136
7820	85.136
7830	62.7745
7840	49.408
7850	59.408
7860	69.408
7870	59.3523
7880	69.3523
7890	52.0394
7900	62.0394
7910	57.5741
7920	67.5741
7930	77.5741
7940	68.699
7950	51.5678
7960	61.5678
7970	71.5678
7980	64.3923
7990	74.3923
8000	61.7427
8010	71.7427
8020	81.7427
8030	73.3971
8040	83.3971
8050	72.6839
8060	82.6839
8070	60.9282
8080	70.9282
8090	56.5939
8100	66.5939
8110	58.0552
8120	68.0552
8130	78.0552
8140	55.9438
8150	47.3261
8160	57.3261
8170	51.1999
8180	61.1999
8190	71.1999
8200	53.4689
8210	63.4688
8220	55.9523
8230	65.9523
8240	75.9523
8250	67.4926
8260	49.8693
8270	59.8693
8280	69.8693
8290	64.5421
8300	74.5421
8310	61.5672
8320	71.5672
8330	81.5672
8340	74.2587
8350	84.2587
8360	74.1874
8370	56.4264
8380	66.4264
8390	76.4264
8400	62.2989
8410	72.2989
8420	59.9874
8430	69.9874
8440	47.8898
8450	57.8898
8460	49.8876
8470	46.2291
8480	56.2291
8490	66.2291
8500	62.3728
8510	72.3728
8520	59.6086
8530	69.6086
8540	79.6086
8550	74.1806
8560	84.1805
8570	74.5577
8580	84.5577
8590	62.4418
8600	72.4418
8610	64.1591
8620	74.1591
8630	63.8282
8640	73.8282
8650	83.8282
8660	61.6508
8670	71.6508
8680	56.9508
8690	66.9508
8700	76.9508
8710	61.8226
8720	44.4405
8730	54.4405
8740	50.6932
8750	60.6932
8760	70.6932
8770	57.8932
8780	67.8932
8790	62.5249
8800	72.5249
8810	63.9607
8820	73.9607
8830	56.9813
8840	66.9813
8850	54.0302
8860	64.0302
8870	74.0302
8880	61.7365
8890	71.7365
8900	65.6064
8910	75.6064
8920	85.6064
8930	73.0651
8940	56.3463
8950	66.3463
8960	76.3463
8970	68.577
8980	59.6409
8990	69.6409
9000	53.0844
9010	63.0844
9020	73.0844
9030	59.2575
9040	69.2575
9050	56.8984
9060	66.8984
9070	45.9682
9080	55.9682
9090	54.5841
9100	64.5841
9110	74.5841
9120	62.4546
9130	72.4546
9140	66.4245
9150	76.4245
9160	86.4245
9170	74.3823
9180	57.6992
9190	67.6992
9200	77.6992
9210	63.1937
9220	73.1937
9230	63.3077
9240	73.3077
9250	52.4201
9260	62.4201
9270	53.8708
9280	63.8708
9290	59.2569
9300	69.2569
9310	52.6358
9320	62.6358
9330	72.6358
9340	64.286
9350	74.286
9360	62.0637
9370	72.0638
9380	61.6934
9390	71.6934
9400	63.1283
9410	73.1283
9420	83.1283
9430	62.0171
9440	72.0171
9450	65.7178
9460	75.7178
9470	67.2484
9480	77.2484
9490	87.2484
9500	66.0862
9510	52.2003
9520	62.2003
9530	72.2003
9540	58.3147
9550	68.3147
9560	51.5584
9570	61.5584
9580	55.6513
9590	65.6513
9600	75.6513
9610	66.9463
9620	50.1837
9630	60.1837
9640	70.1837
9650	65.6724
9660	75.6724
9670	63.3703
9680	73.3703
9690	83.3703
9700	75.3237
9710	85.3237
9720	75.1799
9730	85.1799
9740	95.1799
9750	69.4964
9760	51.4389
9770	61.4389
9780	48.9928
9790	58.9928
9800	68.9928
9810	52.2302
9820	62.2302
9830	56.4029
9840	66.4029
9850	76.4029
9860	67.6978
9870	50.948
9880	60.948
9890	70.948
9900	66.5735
9910	76.5735
9920	64.4306
9930	74.4306
9940	67.207
9950	77.207
9960	87.207
9970	76.4687
9980	86.4687
9990	65.654
10000	75.654
10010	57.3326
10020	67.3326
10030	54.126
10040	64.126
10050	47.7431
10060	57.7431
10070	67.7431
10080	61.3601
10090	71.3601
10100	59.3743
10110	69.3743
10120	58.3384
10130	68.3384
10140	64.0064
10150	74.0064
10160	57.7198
10170	67.7198
10180	77.7198
10190	71.3741
10200	62.9345
10210	72.9344
10220	82.9344
10230	62.2495
10240	49.9781
10250	59.9781
10260	69.9781
10270	58.2992
10280	68.2992
10290	51.9978
10300	61.9978
10310	71.9978
10320	63.0937
10330	73.0937
10340	64.6006
10350	74.6006
10360	53.9454
10370	63.9454
10380	55.8671
10390	65.8671
10400	58.4522
10410	68.4521
10420	78.4521
10430	71.2091
10440	81.2091
10450	70.3122
10460	80.3122
10470	59.8544
10480	69.8544
10490	60.4014
10500	70.4014
10510	62.9801
10520	72.9801
10530	82.9801
10540	62.6985
10550	53.4324
10560	63.4324
10570	73.4324
10580	60.0102
10590	70.0102
10600	54.1824
10610	64.1824
10620	74.1824
10630	64.6584
10640	74.6584
10650	65.472
10660	49.715
10670	59.715
10680	69.715
10690	62.5092
10700	72.5092
10710	61.371
10720	71.371
10730	51.4048
10740	61.4048
10750	52.4597
10760	62.4597
10770	58.7819
10780	68.7819
10790	78.7819
10800	58.6308
10810	68.6308
10820	60.1258
10830	70.1258
10840	80.1258
10850	72.9584
10860	82.9584
10870	62.7003
10880	72.7003
10890	56.4437
10900	66.4437
10910	57.964
10920	67.964
10930	52.1671
10940	62.1671
10950	72.1671
10960	58.7894
10970	68.7894
10980	57.4217
10990	67.4217
11000	56.3402
11010	66.3401
11020	63.0059
11030	73.0059
11040	83.0059
11050	63.1333
11060	73.1332
11070	64.9314
11080	74.9314
11090	66.5444
11100	76.5444
11110	86.5444
11120	66.4396
11130	51.6919
11140	61.6919
11150	71.6919
11160	61.0464
11170	71.0464
11180	55.3671
11190	65.3671
11200	53.6164
11210	63.6164
11220	73.6164
11230	64.586
11240	48.8719
11250	58.8719
11260	68.8719
11270	64.7383
11280	74.7383
11290	63.1333
11300	73.1333
11310	83.1333
11320	73.094
11330	83.094
11340	72.0351
11350	82.0351
11360	61.8251
11370	71.8251
11380	60.0257
11390	70.0257
11400	60.7451
11410	70.7451
11420	55.1353
11430	65.1354
11440	55.3232
11450	65.3232
11460	75.3232
11470	59.8062
11480	44.331
11490	54.331
11500	64.331
11510	61.1411
11520	71.1411
11530	60.0568
11540	70.0568
11550	80.0568
11560	70.5465
11570	80.5465
11580	68.5822
11590	78.5822
11600	59.1315
11610	69.1315
11620	60.3832
11630	70.3832
11640	60.1664
11650	70.1664
11660	54.7546
11670	64.7546
11680	54.6913
11690	64.6913
11700	52.4519
11710	62.4519
11720	72.4519
11730	53.0024
11740	63.0024
11750	60.2745
11760	70.2745
11770	80.2745
11780	69.483
11790	54.3788
11800	64.3788
11810	74.3788
11820	65.5641
11830	75.5641
11840	68.0988
11850	78.0988
11860	58.9544
11870	68.9544
11880	57.6682
11890	67.6682
11900	56.5382
11910	66.5381
11920	51.5356
11930	61.5357
11940	71.5356
11950	61.2316
11960	71.2316
11970	62.2494
11980	72.2494
11990	53.2604
12000	63.2604
12010	57.8885
12020	67.8885
12030	63.4709
12040	73.4709
12050	83.471
12060	64.805
12070	53.4762
12080	63.4762
12090	73.4762
12100	58.969
12110	68.969
12120	54.5734
12130	64.5734
12140	74.5734
12150	66.412
12160	76.412
12170	65.0267
12180	50.7356
12190	60.7356
12200	70.7356
12210	63.1905
12220	73.1905
12230	61.7185
12240	71.7185
12250	81.7185
12260	59.6573
12270	48.1101
12280	58.1101
12290	68.1101
12300	63.3877
12310	73.3877
12320	59.3877
12330	69.3877
12340	79.3877
12350	69.2796
12360	79.2796
12370	67.658
12380	77.658
12390	59.658
12400	69.658
12410	59.9459
12420	51.7838
12430	61.7838
12440	71.7838
12450	57.7656
12460	48.3686
12470	58.3686
12480	68.3686
12490	54.7065
12500	64.7065
12510	50.6722
12520	60.6722
12530	55.7376
12540	65.7376
12550	62.0198
12560	72.0198
12570	82.0198
12580	64.0943
12590	74.0943
12600	65.3654
12610	75.3654
12620	85.3654
12630	74.0314
12640	60.0644
12650	70.0644
12660	59.6361
12670	69.6361
12680	59.5356
12690	69.5356
12700	55.5085
12710	65.5085
12720	75.5085
12730	63.6923
12740	73.6923
12750	57.9684
12760	67.9684
12770	49.8955
12780	59.8955
12790	56.0331
12800	66.0331
12810	76.0331
12820	65.9252
12830	58.8728
12840	68.8728
12850	78.8728
12860	67.2562
12870	77.2562
12880	63.0346
12890	73.0346
12900	83.0346
12910	71.0289
12920	81.0289
12930	69.5296
12940	55.4059
12950	65.4059
12960	75.4059
12970	64.3621
12980	74.3621
12990	62.9246
13000	72.9246
13010	54.676
13020	64.676
13030	53.0865
13040	63.0865
13050	58.3427
13060	68.3427
13070	78.3427
13080	59.8593
13090	69.8593
13100	61.8591
13110	71.8591
13120	81.8591
13130	70.4381
13140	55.8702
13150	65.8702
13160	75.8701
13170	63.2637
13180	73.2637
13190	62.7801
13200	72.7801
13210	65.6647
13220	75.6647
13230	85.6647
13240	71.8897
13250	81.8897
13260	66.0053
13270	76.0053
13280	86.0053
13290	54.9751
13300	64.9751
13310	60.5288
13320	70.5289
13330	80.5288
13340	68.7259
13350	54.2365
13360	64.2365
13370	56.7305
13380	66.7305
13390	76.7305
13400	64.4669
13410	74.4669
13420	55.7308
13430	65.7308
13440	53.9776
13450	63.9776
13460	56.5747
13470	66.5747
13480	52.0427
13490	62.0427
13500	72.0427
13510	64.1899
13520	74.1899
13530	64.6622
13540	74.6622
13550	56.232
13560	66.232
13570	58.2965
13580	68.2965
13590	63.1451
13600	73.1452
13610	83.1452
13620	64.9413
13630	53.0966
13640	63.0966
13650	73.0966
13660	58.3846
13670	68.3846
13680	54.1763
13690	64.1762
13700	74.1762
13710	67.1708
13720	77.1708
13730	65.5068
13740	75.5068
13750	57.2376
13760	67.2376
13770	58.3039
13780	68.3039
13790	57.0812
13800	67.0812
13810	77.0812
13820	58.6266
13830	47.0737
13840	57.0737
13850	67.0737
13860	62.8022
13870	72.8022
13880	58.5049
13890	68.5049
13900	78.5049
13910	68.6635
13920	78.6635
13930	67.2745
13940	77.2745
13950	58.7747
13960	68.7747
13970	59.7372
13980	51.7139
13990	61.7139
14000	71.7139
14010	57.3201
14020	48.1779
14030	58.1779
14040	68.1779
14050	54.7794
14060	64.7794
14070	50.5179
14080	60.5179
14090	55.7617
14100	65.7617
14110	62.0746
14120	72.0746
14130	57.6821
14140	67.6821
14150	77.6821
14160	69.1719
14170	79.1719
14180	70.2467
14190	80.2467
14200	61.7887
14210	71.7887
14220	63.1632
14230	73.1632
14240	83.1632
14250	75.4725
14260	85.4725
14270	67.0845
14280	55.8838
14290	65.8838
14300	75.8838
14310	60.7351
14320	70.7351
14330	59.0571
14340	69.0571
14350	79.0571
14360	52.5805
14370	43.4614
14380	53.4614
14390	63.4614
14400	58.5835
14410	68.5835
14420	54.2043
14430	64.2043
14440	59.1815
14450	69.1815
14460	65.6626
14470	75.6626
14480	61.2791
14490	71.2791
14500	64.1813
14510	74.1813
14520	84.1813
14530	72.898
14540	82.898
14550	64.5324
14560	74.5324
14570	56.3902
14580	66.3902
14590	57.7795
14600	67.7795
14610	77.7795
14620	59.5284
14630	69.5284
14640	61.7655
14650	71.7655
14660	81.7655
14670	69.7924
14680	55.5771
14690	65.5771
14700	75.5771
14710	64.8432
14720	57.4469
14730	67.4469
14740	53.3214
14750	63.3214
14760	53.4335
14770	63.4335
14780	50.9259
14790	60.9259
14800	70.9259
14810	52.9109
14820	49.6304
14830	59.6304
14840	69.6304
14850	66.2991
14860	76.2991
14870	62.2142
14880	72.2142
14890	82.2142
14900	73.3122
14910	83.3122
14920	71.2213
14930	81.2213
14940	65.0277
14950	75.0277
14960	48.73
14970	58.73
14980	50.9719
14990	60.9719
15000	70.9719
15010	60.7545
15020	53.3679
15030	63.3679
15040	73.3679
15050	63.0438
15060	73.0438
15070	58.6411
15080	68.6411
15090	59.671
15100	69.671
15110	79.671
15120	68.0259
15130	53.6104
15140	63.6104
15150	73.6104
15160	67.4564
15170	58.7551
15180	68.7551
15190	78.7551
15200	60.2703
15210	50.7972
15220	60.7972
15230	53.4849
15240	63.4849
15250	73.4849
15260	59.0262
15270	69.0262
15280	60.1717
15290	70.1717
15300	60.0377
15310	70.0377
15320	80.0377
15330	64.2866
15340	41.6686
15350	51.6686
15360	61.6686
15370	60.1288
15380	70.1288
15390	59.7425
15400	69.7425
15410	79.7425
15420	71.2017
15430	81.2017
15440	67.5966
15450	77.5966
15460	59.0801
15470	69.0801
15480	59.3603
15490	69.3603
15500	60.8521
15510	70.8521
15520	56.5734
15530	47.1445
15540	57.1445
15550	67.1445
15560	54.9995
15570	64.9995
15580	50.7144
15590	60.7144
15600	55.6792
15610	65.6792
15620	61.8819
15630	71.8819
15640	81.8819
15650	63.6466
15660	73.6466
15670	65.2399
15680	75.2399
15690	85.2399
15700	72.3428
15710	82.3428
15720	66.6626
15730	76.6626
15740	50.2075
15750	60.2075
15760	52.7475
15770	62.7475
15780	56.482
15790	66.482
15800	59.5348
15810	69.5348
15820	59.7017
15830	69.7017
15840	79.7017
15850	61.2369
15860	71.2369
15870	62.1025
15880	72.1025
15890	63.0866
15900	73.0866
15910	58.5559
15920	68.5559
15930	61.7866
15940	71.7866
15950	60.2743
15960	70.2743
15970	55.7288
15980	65.7288
15990	54.6285
16000	64.6284
16010	58.0808
16020	68.0808
16030	53.6162
16040	63.6162
16050	73.6162
16060	65.5954
16070	75.5954
16080	64.1994
16090	74.1994
16100	55.7761
16110	65.7761
16120	48.0107
16130	45.8913
16140	55.8913
16150	65.8913
16160	63.6209
16170	73.6209
16180	63.4723
16190	73.4723
16200	83.4723
16210	72.3158
16220	82.3158
16230	68.6698
16240	78.6698
16250	60.3297
16260	70.3297
16270	60.6924
16280	70.6924
16290	60.733
16300	70.733
16310	56.4872
16320	66.4872
16330	54.8777
16340	64.8777
16350	52.2598
16360	62.2598
16370	72.2598
16380	53.9261
16390	50.9097
16400	60.9097
16410	70.9097
16420	67.2707
16430	77.2707
16440	62.9334
16450	72.9334
16460	65.3582
16470	75.3582
16480	85.3582
16490	72.8939
16500	82.8939
16510	66.9219
16520	76.9219
16530	50.2403
16540	60.2403
16550	51.4692
16560	61.4692
16570	55.2142
16580	65.2142
16590	58.0004
16600	68.0004
16610	58.8749
16620	68.8749
16630	78.8749
16640	60.292
16650	70.292
16660	61.4237
16670	71.4237
16680	62.1659
16690	72.1659
16700	57.5183
16710	67.5183
16720	60.1037
16730	70.1037
16740	63.5543
16750	73.5543
16760	58.8902
16770	68.8902
16780	57.5365
16790	67.5365
16800	59.6305
16810	69.6305
16820	55.003
16830	65.003
16840	75.003
16850	64.6396
16860	74.6396
16870	64.8693
16880	74.8693
16890	84.8693
16900	62.058
16910	44.3391
16920	54.3391
16930	64.3391
16940	60.4548
16950	70.4548
16960	55.9933
16970	65.9933
16980	62.1345
16990	72.1345
17000	82.1345
17010	70.9807
17020	56.5191
17030	66.5191
17040	60.2106
17050	70.2106
17060	80.2106
17070	70.2105
17080	80.2106
17090	61.6721
17100	71.6721
17110	60.5182
17120	70.5182
17130	59.9642
17140	69.9642
17150	79.9642
17160	61.4929
17170	71.4929
17180	64.607
17190	74.607
17200	84.607
17210	73.1722
17220	58.8044
17230	68.8044
17240	78.8044
17250	68.0743
17260	56.9732
17270	66.9732
17280	52.6054
17290	62.6054
17300	53.274
17310	63.274
17320	51.8339
17330	61.8339
17340	71.8339
17350	53.4931
17360	50.4413
17370	60.4413
17380	70.4413
17390	66.5213
17400	76.5213
17410	62.1288
17420	72.1288
17430	82.1288
17440	73.8558
17450	83.8558
17460	72.1828
17470	82.1828
17480	63.6988
17490	73.6988
17500	60.8568
17510	70.8568
17520	60.3076
17530	70.3076
17540	55.8547
17550	46.1823
17560	56.1823
17570	66.1823
17580	55.0474
17590	65.0474
17600	50.7503
17610	60.7503
17620	55.2821
17630	65.2821
17640	62.0772
17650	72.0772
17660	82.0772
17670	63.7271
17680	73.7271
17690	65.3872
17700	75.3872
17710	85.3872
17720	74.4503
17730	84.4503
17740	67.9609
17750	77.9609
17760	51.4093
17770	61.4093
17780	51.9677
17790	61.9677
17800	55.7596
17810	65.7596
17820	57.9157
17830	67.9157
17840	60.069
17850	70.069
17860	80.069
17870	61.7332
17880	71.7332
17890	62.4037
17900	72.4037
17910	62.3871
17920	72.3871
17930	58.0967
17940	68.0967
17950	61.9725
17960	71.9725
17970	62.3062
17980	72.3062
17990	57.952
18000	67.952
18010	55.8117
18020	65.8117
18030	57.313
18040	67.313
18050	52.8867
18060	62.8867
18070	72.8867
18080	64.6769
18090	74.6769
18100	65.0552
18110	75.0552
18120	56.489
18130	66.489
18140	47.8068
18150	45.5642
18160	55.5642
18170	65.5642
18180	63.7132
18190	73.7132
18200	63.3088
18210	73.3088
18220	83.3088
18230	73.7221
18240	83.7221
18250	69.4865
18260	79.4865
18270	60.991
18280	70.991
18290	60.6751
18300	70.6751
18310	60.125
18320	70.125
18330	55.5994
18340	65.5994
18350	53.6904
18360	63.6904
18370	52.7229
18380	62.7229
18390	72.7229
18400	54.0667
18410	50.9519
18420	60.9519
18430	57.1742
18440	67.1742
18450	77.1742
18460	62.5197
18470	72.5197
18480	67.1877
18490	77.1877
18500	67.7776
18510	77.7776
18520	63.8233
18530	73.8233
18540	50.919
18550	60.919
18560	52.7549
18570	49.0661
18580	59.0661
18590	69.0661
18600	54.3533
18610	44.9224
18620	54.9224
18630	64.9224
18640	53.7818
18650	63.7818
18660	48.9708
18670	58.9708
18680	53.9738
18690	63.9738
18700	61.4393
18710	71.4393
18720	56.5529
18730	66.5529
18740	76.5529
18750	69.8593
18760	79.8593
18770	70.7104
18780	80.7104
18790	61.6678
18800	71.6678
18810	63.0022
18820	73.0022
18830	65.4965
18840	75.4965
18850	85.4965
18860	66.4539
18870	55.1773
18880	65.1773
18890	75.1773
18900	62.305
18910	72.305
18920	57.4114
18930	67.4114
18940	77.4114
18950	63.4806
18960	73.4806
18970	62.2311
18980	72.2311
18990	53.0727
19000	63.0727
19010	56.3406
19020	66.3406
19030	59.9829
19040	69.9829
19050	79.9829
19060	60.7857
19070	49.5297
19080	59.5297
19090	56.2043
19100	66.2043
19110	76.2043
19120	61.1517
19130	71.1517
19140	61.5025
19150	71.5025
19160	81.5025
19170	70.099
19180	55.0463
19190	65.0463
19200	75.0463
19210	66.2875
19220	76.2875
19230	65.4293
19240	75.4293
19250	85.4293
19260	78.4862
19270	88.4862
19280	74.7692
19290	59.8042
19300	69.8042
19310	79.8042
19320	62.7006
19330	72.7006
19340	59.0571
19350	69.0571
19360	49.9313
19370	59.9313
19380	48.253
19390	45.7704
19400	55.7704
19410	65.7704
19420	60.7604
19430	70.7604
19440	59.9872
19450	69.9872
19460	62.5813
19470	72.5813
19480	66.4919
19490	76.4919
19500	86.4919
19510	67.3132
19520	77.3132
19530	69.089
19540	79.089
19550	69.7957
19560	79.7957
19570	89.7957
19580	73.7267
19590	50.3509
19600	60.3509
19610	70.3509
19620	60.434
19630	70.434
19640	59.6149
19650	69.6149
19660	62.1543
19670	72.1543
19680	63.0357
19690	73.0357
19700	83.0357
19710	63.7613
19720	73.7613
19730	64.1544
19740	55.4864
19750	65.4864
19760	75.4864
19770	61.4019
19780	42.0267
19790	52.0267
19800	62.0267
19810	53.1581
19820	63.1581
19830	52.0891
19840	62.0891
19850	54.6049
19860	64.6049
19870	60.9443
19880	70.9443
19890	55.5893
19900	65.5893
19910	75.5893
19920	69.7328
19930	79.7328
19940	69.945
19950	79.945
19960	60.4467
19970	70.4467
19980	63.4692
19990	73.4692
20000	83.4692
20010	74.4554
20020	84.4554
20030	64.8857
20040	52.8467
20050	62.8467
20060	72.8467
20070	61.3193
20080	71.3193
20090	55.8504
20100	65.8504
20110	75.8504
20120	61.6619
20130	71.6619
20140	59.7342
20150	69.7342
20160	50.0132
20170	60.0132
20180	54.324
20190	64.324
20200	60.8355
20210	70.8355
20220	80.8355
20230	61.0906
20240	49.2752
20250	59.2752
20260	69.2752
20270	65.8127
20280	75.8127
20290	60.1662
20300	70.1662
20310	61.9802
20320	71.9802
20330	81.9802
20340	69.3178
20350	79.3178
20360	59.3836
20370	69.3836
20380	48.9946
20390	58.9946
20400	54.5189
20410	64.5189
20420	48.9096
20430	58.9096
20440	68.9096
20450	63.1497
20460	73.1497
20470	63.7167
20480	73.7167
20490	53.7494
20500	63.7494
20510	54.7446
20520	64.7446
20530	57.6205
20540	67.6205
20550	60.3698
20560	70.3698
20570	63.1271
20580	73.1271
20590	83.1271
20600	63.0554
20610	73.0554
20620	67.0189
20630	77.0189
20640	87.0189
20650	75.5491
20660	59.6595
20670	69.6595
20680	79.6595
20690	68.8748
20700	78.8748
20710	68.9036
20720	78.9036
20730	88.9036
20740	64.5443
20750	74.5443
20760	61.0379
20770	71.0379
20780	52.9994
20790	62.9994
20800	47.1598
20810	57.1598
20820	51.6056
20830	61.6056
20840	71.6056
20850	60.0966
20860	52.7086
20870	62.7086
20880	59.2925
20890	69.2925
20900	79.2925
20910	63.4358
20920	73.4358
20930	67.6653
20940	77.6653
20950	67.973
20960	77.973
20970	62.1864
20980	72.1864
20990	58.3386
21000	68.3387
21010	59.7134
21020	69.7134
21030	53.9991
21040	63.9991
21050	52.0852
21060	62.0852
21070	58.7938
21080	68.7938
21090	53.0795
21100	63.0795
21110	73.0795
21120	65.0794
21130	75.0794
21140	64.127
21150	74.127
21160	84.127
21170	59.8323
21180	41.3975
21190	51.3975
21200	48.5089
21210	58.5089
21220	58.0701
21230	68.0701
21240	63.9196
21250	73.9196
21260	83.9196
21270	63.7623
21280	52.0574
21290	62.0574
21300	55.0374
21310	65.0374
21320	75.0374
21330	59.1598
21340	69.1598
21350	63.0585
21360	73.0585
21370	83.0585
21380	71.4053
21390	55.4439
21400	65.4439
21410	75.4439
21420	60.0338
21430	70.0338
21440	58.315
21450	68.315
21460	78.315
21470	71.075
21480	81.075
21490	67.377
21500	51.2264
21510	61.2264
21520	71.2264
21530	59.6663
21540	69.6663
21550	61.4506
21560	71.4506
21570	50.7942
21580	60.7942
21590	49.4013
21600	46.2532
21610	56.2532
21620	66.2532
21630	63.1928
21640	73.1928
21650	61.2656
21660	71.2656
21670	81.2656
21680	73.2586
21690	83.2586
21700	69.9521
21710	79.9521
21720	59.1934
21730	69.1934
21740	59.4322
21750	69.4322
21760	59.1575
21770	69.1575
21780	52.6878
21790	62.6878
21800	51.6241
21810	61.6241
21820	52.3953
21830	62.3953
21840	72.3953
21850	51.3484
21860	48.7648
21870	58.7648
21880	55.5555
21890	65.5555
21900	75.5555
21910	58.9294
21920	68.9294
21930	63.9068
21940	73.9068
21950	83.9068
21960	72.9128
21970	56.4124
21980	66.4124
21990	76.4124
22000	69.2893
22010	79.2892
22020	70.8816
22030	80.8816
22040	59.9807
22050	69.9807
22060	58.9597
22070	68.9597
22080	58.6894
22090	68.6894
22100	78.6894
22110	57.8123
22120	67.8123
22130	54.5089
22140	64.5089
22150	55.6264
22160	65.6264
22170	49.2076
22180	59.2076
22190	54.1
22200	64.1
22210	74.1
22220	62.0105
22230	55.2859
22240	65.2859
22250	75.2859
22260	68.0457
22270	78.0457
22280	61.5382
22290	71.5382
22300	65.8008
22310	75.8008
22320	85.8008
22330	74.9307
22340	58.3369
22350	68.3369
22360	78.3369
22370	63.5784
22380	55.4182
22390	65.4182
22400	75.4182
22410	54.3465
22420	45.6496
22430	55.6496
22440	52.8515
22450	62.8515
22460	72.8515
22470	56.2045
22480	66.2045
22490	58.8133
22500	68.8133
22510	59.444
22520	69.444
22530	79.444
22540	58.3792
22550	41.2493
22560	51.2493
22570	47.9648
22580	57.9648
22590	57.1968
22600	67.1968
22610	59.5694
22620	69.5694
22630	79.5694
22640	71.5136
22650	81.5136
22660	68.7255
22670	78.7255
22680	57.8981
22690	67.8981
22700	58.8911
22710	68.8911
22720	62.5598
22730	72.5598
22740	82.5598
22750	61.6562
22760	51.1051
22770	61.1051
22780	71.1051
22790	59.9001
22800	69.9001
22810	53.4803
22820	63.4803
22830	73.4803
22840	65.2091
22850	75.2091
22860	64.6797
22870	74.6797
22880	53.8573
22890	63.8573
22900	55.7317
22910	65.7317
22920	57.6474
22930	67.6474
22940	77.6474
22950	56.8
22960	46.1952
22970	56.1952
22980	66.1952
22990	62.6679
23000	72.6679
23010	56.2272
23020	66.2272
23030	76.2272
23040	69.617
23050	79.617
23060	68.9956
23070	78.9956
23080	58.1704
23090	68.1704
23100	58.9923
23110	49.9195
23120	59.9195
23130	69.9195
23140	53.6274
23150	45.1596
23160	55.1596
23170	65.1596
23180	55.8658
23190	65.8658
23200	49.5897
23210	59.5897
23220	55.2547
23230	65.2547
23240	62.5986
23250	72.5986
23260	82.5986
23270	62.0104
23280	72.0104
23290	65.3517
23300	75.3517
23310	67.5135
23320	77.5135
23330	87.5135
23340	66.9112
23350	50.2463
23360	60.2463
23370	70.2463
23380	58.5457
23390	68.5457
23400	52.3061
23410	62.3061
23420	57.2922
23430	67.2922
23440	77.2922
23450	66.6794
23460	50.4398
23470	60.4398
23480	70.4398
23490	62.0544
23500	72.0544
23510	60.1318
23520	70.1318
23530	63.6736
23540	73.6736
23550	65.9644
23560	75.9644
23570	85.9644
23580	65.1722
23590	75.1722
23600	67.1317
23610	77.1317
23620	68.4652
23630	78.4652
23640	88.4652
23650	67.5723
23660	50.9476
23670	60.9476
23680	53.6093
23690	63.6093
23700	73.6093
23710	61.8617
23720	71.8617
23730	46.8401
23740	56.8401
23750	48.4159
23760	45.2552
23770	55.2552
23780	65.2552
23790	61.8728
23800	71.8728
23810	59.9835
23820	69.9835
23830	63.6536
23840	73.6536
23850	83.6536
23860	71.2229
23870	54.9729
23880	64.9729
23890	74.9729
23900	64.8652
23910	74.8652
23920	62.9689
23930	72.9689
23940	65.4997
23950	75.4997
23960	85.4997
23970	73.091
23980	56.741
23990	66.741
24000	76.741
24010	62.3637
24020	72.3637
24030	63.5162
24040	73.5162
24050	83.5162
24060	58.4028
24070	47.8651
24080	57.8651
24090	50.479
24100	60.479
24110	70.479
24120	54.1089
24130	64.1089
24140	56.4178
24150	66.4178
24160	76.4178
24170	65.8894
24180	49.4462
24190	59.4462
24200	69.4462
24210	65.7188
24220	75.7188
24230	63.6443
24240	73.6443
24250	66.641
24260	76.641
24270	86.641
24280	74.1318
24290	57.6344
24300	67.6344
24310	77.6344
24320	63.1075
24330	73.1075
24340	60.5259
24350	70.5259
24360	49.5514
24370	59.5514
24380	49.2169
24390	45.9137
24400	55.9137
24410	65.9137
24420	62.9034
24430	72.9034
24440	60.7249
24450	70.7249
24460	61.5517
24470	71.5517
24480	81.5517
24490	69.3424
24500	52.7898
24510	62.7898
24520	72.7898
24530	65.4411
24540	75.4411
24550	68.4392
24560	78.4392
24570	88.4392
24580	63.2538
24590	52.9711
24600	62.9711
24610	72.9711
24620	60.8811
24630	70.8811
24640	54.5216
24650	64.5216
24660	55.9677
24670	65.9677
24680	75.9677
24690	65.7421
24700	49.3172
24710	59.3172
24720	51.6448
24730	61.6448
24740	71.6448
24750	63.7989
24760	73.7989
24770	53.0109
24780	63.0109
24790	52.8329
24800	62.8329
24810	59.8391
24820	69.8391
24830	79.8391
24840	59.1384
24850	69.1384
24860	63.6323
24870	73.6323
24880	65.6476
24890	75.6476
24900	85.6476
24910	65.0226
24920	48.7832
24930	58.7832
24940	68.7833
24950	57.4479
24960	67.4479
24970	51.2851
24980	61.2851
24990	55.8601
25000	65.8601
25010	75.8601
25020	65.625
25030	49.3975
25040	59.3975
25050	69.3975
25060	64.0216
25070	74.0216
25080	62.1432
25090	72.1432
25100	82.1432
25110	76.6055
25120	86.6055
25130	74.4893
25140	84.4893
25150	63.9198
25160	73.9198
25170	58.494
25180	68.494
25190	56.5058
25200	66.5058
25210	76.5058
25220	55.9981
25230	46.065
25240	56.065
25250	51.5957
25260	61.5957
25270	71.5957
25280	55.4323
25290	65.4323
25300	56.7927
25310	66.7927
25320	76.7927
25330	67.0145
25340	50.9068
25350	60.9068
25360	70.9068
25370	64.6686
25380	74.6686
25390	62.9186
25400	72.9186
25410	66.4572
25420	76.4572
25430	86.4572
25440	74.7322
25450	58.6322
25460	68.6322
25470	78.6322
25480	62.5445
25490	72.5444
25500	63.0845
25510	73.0845
25520	52.7645
25530	62.7645
25540	52.8697
25550	62.8697
25560	55.8457
25570	65.8457
25580	75.8457
25590	55.5988
25600	65.5988
25610	56.7039
25620	66.7039
25630	76.7039
25640	66.7039
25650	50.778
25660	60.778
25670	70.778
25680	66.0559
25690	76.0559
25700	64.4509
25710	74.4509
25720	67.0637
25730	77.0637
25740	87.0637
25750	75.0834
25760	59.0875
25770	69.0875
25780	79.0875
25790	62.894
25800	72.894
25810	60.6937
25820	70.6937
25830	50.3335
25840	60.3335
25850	50.398
25860	47.3513
25870	57.3513
25880	67.3513
25890	63.966
25900	73.966
25910	66.5601
25920	76.5601
25930	56.1178
25940	66.1178
25950	56.2161
25960	66.2161
25970	60.5179
25980	70.5179
25990	80.5179
26000	60.0757
26010	70.0757
26020	61.4988
26030	71.4988
26040	62.6536
26050	72.6536
26060	82.6536
26070	62.2113
26080	46.3391
26090	56.3391
26100	66.3391
26110	59.0418
26120	69.0418
26130	52.9304
26140	62.9304
26150	72.9304
26160	65.5501
26170	75.5501
26180	65.6791
26190	75.6791
26200	55.1261
26210	65.1261
26220	57.4645
26230	67.4645
26240	62.8928
26250	72.8928
26260	82.8928
26270	62.231
26280	52.4358
26290	62.4358
26300	72.4358
26310	60.8078
26320	70.8078
26330	54.4663
26340	64.4663
26350	55.691
26360	65.691
26370	75.691
26380	65.9503
26390	49.6011
26400	59.6011
26410	69.6011
26420	62.0574
26430	72.0574
26440	63.2187
26450	73.2187
26460	52.4662
26470	62.4662
26480	52.7924
26490	62.7924
26500	58.8787
26510	68.8787
26520	78.8787
26530	58.1869
26540	68.1869
26550	62.6376
26560	72.6376
26570	63.6851
26580	73.6851
26590	83.6851
26600	63.1381
26610	47.3944
26620	57.3944
26630	67.3944
26640	58.2622
26650	68.2622
26660	52.0779
26670	62.0779
26680	72.0779
26690	64.4627
26700	74.4627
26710	64.5966
26720	74.5966
26730	54.0134
26740	64.0134
26750	58.1994
26760	68.1994
26770	63.9488
26780	73.9488
26790	83.9488
26800	63.2568
26810	53.5037
26820	63.5037
26830	73.5037
26840	61.371
26850	71.371
26860	55.0052
26870	65.0052
26880	54.4252
26890	64.4252
26900	74.4252
26910	64.7177
26920	48.3174
26930	58.3174
26940	68.3174
26950	62.645
26960	72.645
26970	63.5319
26980	73.5319
26990	52.6325
27000	62.6325
27010	52.9899
27020	62.9899
27030	59.4308
27040	69.4308
27050	79.4308
27060	58.4737
27070	68.4737
27080	61.4593
27090	71.4593
27100	62.4646
27110	72.4646
27120	82.4646
27130	61.5404
27140	45.8809
27150	55.8809
27160	65.8809
27170	58.6074
27180	68.6074
27190	52.1812
27200	62.1812
27210	72.1812
27220	64.7508
27230	74.7508
27240	65.0971
27250	75.0971
27260	54.3494
27270	64.3494
27280	57.4254
27290	67.4254
27300	62.9022
27310	72.9022
27320	82.9022
27330	62.2456
27340	52.6738
27350	62.6738
27360	72.6738
27370	61.0052
27380	71.0052
27390	54.7868
27400	64.7868
27410	55.77
27420	65.77
27430	75.77
27440	66.2641
27450	50.0885
27460	60.0885
27470	70.0885
27480	62.508
27490	72.508
27500	63.5355
27510	73.5355
27520	52.9226
27530	62.9226
27540	53.4894
27550	63.4894
27560	59.0214
27570	69.0214
27580	79.0214
27590	58.4842
27600	68.4842
27610	62.762
27620	72.762
27630	63.5824
27640	73.5824
27650	83.5824
27660	63.0985
27670	47.699
27680	57.699
27690	67.699
27700	58.4118
27710	68.4118
27720	52.2828
27730	62.2828
27740	72.2828
27750	64.6004
27760	74.6004
27770	65.0511
27780	75.0511
27790	54.5495
27800	64.5495
27810	58.7266
27820	68.7266
27830	63.8194
27840	73.8194
27850	83.8194
27860	63.3148
27870	53.8212
27880	63.8212
27890	73.8212
27900	61.8142
27910	71.8142
27920	55.7213
27930	65.7213
27940	54.6391
27950	64.6391
27960	74.6391
27970	65.2056
27980	49.0614
27990	59.0614
28000	69.0614
28010	63.0592
28020	73.0592
28030	64.0886
28040	74.0886
28050	53.714
28060	63.7141
28070	54.4037
28080	64.4037
28090	59.918
28100	69.918
28110	79.918
28120	59.6172
28130	69.6172
28140	61.5331
28150	71.5331
28160	62.3893
28170	72.3893
28180	82.3893
28190	62.1784
28200	47.1853
28210	57.1853
28220	67.1853
28230	59.7597
28240	69.7597
28250	53.8445
28260	63.8445
28270	73.8445
28280	65.9886
28290	75.9886
28300	66.8448
28310	76.8448
28320	56.6086
28330	66.6086
28340	58.5844
28350	68.5844
28360	62.7883
28370	72.7883
28380	82.7883
28390	62.5325
28400	53.457
28410	63.457
28420	73.457
28430	60.8569
28440	70.8569
28450	54.8766
28460	64.8766
28470	56.0379
28480	66.0379
28490	76.0379
28500	67.0647
28510	51.0825
28520	61.0825
28530	71.0825
28540	63.2013
28550	73.2013
28560	63.4692
28570	73.4692
28580	53.1567
28590	63.1567
28600	54.1894
28610	64.1894
28620	59.0977
28630	69.0977
28640	79.0977
28650	58.7469
28660	68.7469
28670	61.9439
28680	71.9438
28690	81.9439
28700	74.0238
28710	84.0238
28720	63.616
28730	49.1111
28740	59.1111
28750	69.1111
28760	59.5701
28770	69.5701
28780	53.5648
28790	63.5648
28800	73.5648
28810	61.8707
28820	71.8707
28830	63.0977
28840	73.0977
28850	52.8441
28860	62.8441
28870	58.3498
28880	68.3498
28890	63.6702
28900	73.6702
28910	83.6702
28920	63.4499
28930	73.4499
28940	63.1178
28950	73.1178
28960	83.1178
28970	66.9142
28980	51.0386
28990	61.0386
29000	49.7829
29010	59.7829
29020	69.7829
29030	58.2445
29040	68.2445
29050	61.0759
29060	71.0759
29070	81.0759
29080	70.5411
29090	54.6865
29100	64.6865
29110	74.6865
29120	66.8765
29130	76.8765
29140	70.8661
29150	80.8661
29160	60.724
29170	70.724
29180	80.724
29190	68.956
29200	78.956
29210	64.826
29220	74.826
29230	54.7703
29240	64.7703
29250	52.3351
29260	62.3351
29270	55.1575
29280	65.1575
29290	75.1575
29300	67.9448
29310	77.9448
29320	67.6447
29330	77.6447
29340	57.5413
29350	67.5413
29360	58.2472
29370	68.2472
29380	78.2472
29390	66.7217
29400	76.7217
29410	70.9061
29420	80.9061
29430	70.5769
29440	80.5769
29450	66.7518
29460	76.7518
29470	52.3432
29480	62.3432
29490	50.3318
29500	60.3318
29510	53.1598
29520	63.1598
29530	73.1598
29540	65.7734
29550	75.7734
29560	65.6802
29570	75.6802
29580	55.627
29590	65.627
29600	56.5637
29610	66.5637
29620	59.3708
29630	69.3708
29640	79.3708
29650	71.9874
29660	81.9874
29670	71.8027
29680	81.8027
29690	61.6134
29700	71.6134
29710	61.4078
29720	71.4078
29730	62.9295
29740	72.9296
29750	82.9296
29760	62.6473
29770	72.6473
29780	62.1969
29790	72.1969
29800	82.1969
29810	66.5986
29820	50.6284
29830	60.6284
29840	70.6284
29850	60.9893
29860	70.9893
29870	59.3206
29880	69.3206
29890	62.1535
29900	72.1535
29910	82.1535
29920	73.0695
29930	83.0695
29940	62.7116
29950	72.7116
29960	55.2329
29970	65.2329
29980	60.597
29990	70.597
30000	80.597
30010	60.1678
30020	70.1678
30030	58.3883
30040	68.3883
30050	62.8314
30060	72.8314
30070	82.8314
30080	62.4495
30090	48.562
30100	58.562
30110	51.415
30120	61.415
30130	71.415
30140	55.3133
30150	65.3133
30160	55.1738
30170	65.1738
30180	75.1738
30190	66.7803
30200	50.7224
30210	60.7224
30220	70.7224
30230	66.0749
30240	76.0749
30250	64.4082
30260	74.4082
30270	84.4082
30280	76.3595
30290	86.3595
30300	74.7765
30310	84.7765
30320	64.3748
30330	74.3748
30340	56.6043
30350	66.6043
30360	54.2035
30370	64.2035
30380	48.1328
30390	58.1328
30400	68.1328
30410	61.2097
30420	71.2097
30430	59.4841
30440	69.4841
30450	59.1307
30460	69.1307
30470	64.1203
30480	74.1203
30490	84.1203
30500	63.7045
30510	73.7045
30520	66.8209
30530	76.8209
30540	66.8321
30550	76.8321
30560	60.6969
30570	70.6969
30580	56.6716
30590	66.6716
30600	55.234
30610	65.2339
30620	49.0929
30630	59.0929
30640	69.0929
30650	62.2049
30660	72.2049
30670	60.4207
30680	70.4207
30690	60.1095
30700	70.1095
30710	61.1826
30720	71.1826
30730	55.0415
30740	65.0415
30750	75.0415
30760	68.1592
30770	78.1592
30780	66.4093
30790	76.4093
30800	66.0002
30810	76.0002
30820	66.388
30830	76.388
30840	60.3011
30850	70.3011
30860	80.3011
30870	69.9866
30880	61.61
30890	71.61
30900	81.61
30910	61.1087
30920	48.7742
30930	58.7742
30940	68.7742
30950	59.9028
30960	69.9028
30970	53.7457
30980	63.7457
30990	56.9276
31000	66.9276
31010	76.9276
31020	69.1529
31030	79.1529
31040	58.6364
31050	68.6364
31060	52.6071
31070	62.6071
31080	58.8563
31090	68.8563
31100	78.8563
31110	58.27
31120	68.27
31130	63.2382
31140	73.2382
31150	67.5519
31160	77.5519
31170	87.5519
31180	66.9692
31190	52.8003
31200	62.8003
31210	72.8003
31220	61.4574
31230	71.4574
31240	55.2808
31250	65.2809
31260	53.9574
31270	63.9574
31280	73.9574
31290	65.2822
31300	49.0937
31310	59.0937
31320	69.0937
31330	62.4096
31340	72.4096
31350	60.5708
31360	70.5708
31370	80.5708
31380	72.6414
31390	82.6414
31400	72.1531
31410	55.8932
31420	65.8932
31430	75.8932
31440	68.0955
31450	59.9468
31460	69.9468
31470	79.9468
31480	59.2325
31490	69.2325
31500	57.6401
31510	67.6401
31520	55.3548
31530	65.3548
31540	48.9951
31550	58.9951
31560	52.3979
31570	62.3979
31580	72.3979
31590	66.1228
31600	76.1228
31610	55.3607
31620	65.3607
31630	54.881
31640	64.881
31650	61.4508
31660	71.4509
31670	55.1094
31680	65.1094
31690	75.1094
31700	64.0482
31710	74.0482
31720	62.097
31730	72.097
31740	61.5279
31750	71.5279
31760	63.2927
31770	73.2927
31780	83.2927
31790	62.561
31800	72.561
31810	65.5691
31820	75.5691
31830	66.0163
31840	76.0163
31850	86.0163
31860	65.2846
31870	50.9756
31880	60.9756
31890	70.9756
31900	58.6179
31910	68.6179
31920	52.2764
31930	62.2764
31940	55.7317
31950	65.7317
31960	75.7317
31970	67.039
31980	50.6668
31990	60.6668
32000	70.6668
32010	65.2286
32020	75.2286
32030	63.2204
32040	73.2204
32050	66.7276
32060	76.7276
32070	67.2159
32080	77.2159
32090	60.8229
32100	70.8229
32110	54.7491
32120	64.7491
32130	54.2477
32140	64.2477
32150	74.2477
32160	53.4816
32170	63.4816
32180	57.0703
32190	67.0703
32200	77.0703
32210	68.5368
32220	52.2188
32230	62.2188
32240	54.1332
32250	64.1332
32260	74.1332
32270	62.2457
32280	72.2457
32290	65.8943
32300	75.8943
32310	85.8943
32320	75.5871
32330	59.3148
32340	69.3148
32350	59.5521
32360	69.5521
32370	79.5521
32380	70.346
32390	80.346
32400	59.7175
32410	69.7175
32420	79.7175
32430	68.7634
32440	78.7634
32450	64.8272
32460	74.8272
32470	54.2139
32480	64.2139
32490	54.2412
32500	64.2412
32510	59.6178
32520	69.6178
32530	53.3161
32540	46.699
32550	56.699
32560	66.699
32570	55.8518
32580	65.8518
32590	49.5423
32600	59.5423
32610	69.5423
32620	65.7143
32630	75.7143
32640	63.7897
32650	73.7897
32660	61.6494
32670	71.6494
32680	65.2883
32690	75.2883
32700	85.2883
32710	64.5305
32720	74.5305
32730	64.465
32740	74.465
32750	63.8453
32760	73.8453
32770	57.4691
32780	45.3701
32790	55.3701
32800	65.3701
32810	56.0632
32820	66.0632
32830	49.6869
32840	59.6869
32850	69.6869
32860	65.8712
32870	75.8712
32880	63.9223
32890	73.9223
32900	61.834
32910	71.834
32920	64.5454
32930	74.5454
32940	84.5454
32950	63.8824
32960	73.8824
32970	60.1792
32980	70.1792
32990	61.2071
33000	71.2071
33010	81.2071
33020	60.5562
33030	46.4537
33040	56.4537
33050	54.6588
33060	64.6588
33070	74.6588
33080	58.3866
33090	68.3866
33100	59.1596
33110	69.1596
33120	79.1596
33130	70.6349
33140	54.4084
33150	64.4084
33160	74.4084
33170	66.0709
33180	76.0709
33190	64.2205
33200	74.2205
33210	84.2205
33220	76.0655
33230	86.0655
33240	75.4182
33250	85.4182
33260	64.927
33270	74.927
33280	57.0748
33290	67.0748
33300	54.0466
33310	64.0466
33320	47.919
33330	57.919
33340	67.919
33350	61.7538
33360	71.7538
33370	59.9338
33380	69.9338
33390	59.4651
33400	69.4651
33410	64.1636
33420	74.1636
33430	84.1636
33440	63.7109
33450	73.7109
33460	66.6827
33470	76.6826
33480	67.6772
33490	77.6772
33500	61.5814
33510	71.5814
33520	57.312
33530	67.312
33540	55.1464
33550	65.1464
33560	49.0914
33570	59.0914
33580	69.0914
33590	62.9504
33600	72.9504
33610	61.235
33620	71.235
33630	60.8123
33640	70.8123
33650	61.1228
33660	71.1228
33670	55.061
33680	65.061
33690	75.061
33700	68.9271
33710	78.9271
33720	67.2407
33730	77.2407
33740	66.7636
33750	76.7636
33760	66.3803
33770	76.3803
33780	60.3687
33790	70.3687
33800	80.3687
33810	70.086
33820	62.5289
33830	72.5289
33840	82.5289
33850	62.1675
33860	49.6592
33870	59.6592
33880	69.6592
33890	59.8006
33900	69.8006
33910	53.7737
33920	63.7737
33930	58.0998
33940	68.0998
33950	78.0998
33960	67.6775
33970	77.6775
33980	57.3129
33990	67.3129
34000	50.9861
34010	60.9861
34020	58.9005
34030	68.9006
34040	78.9006
34050	58.4991
34060	68.4991
34070	62.3559
34080	72.3559
34090	65.8902
34100	75.8902
34110	85.8902
34120	65.4462
34130	51.1322
34140	61.1322
34150	50.949
34160	60.949
34170	70.949
34180	54.9011
34190	64.9011
34200	55.787
34210	65.787
34220	75.787
34230	67.0377
34240	51.0379
34250	61.0379
34260	71.0379
34270	66.0345
34280	76.0345
34290	64.3739
34300	74.3739
34310	67.854
34320	77.854
34330	68.6977
34340	78.6977
34350	62.6599
34360	72.6599
34370	56.2288
34380	66.2288
34390	54.4536
34400	64.4536
34410	48.4232
34420	58.4232
34430	68.4232
34440	62.2454
34450	72.2454
34460	60.5881
34470	70.5881
34480	59.7127
34490	69.7127
34500	60.633
34510	70.633
34520	80.633
34530	60.3084
34540	70.3084
34550	64.0998
34560	74.0998
34570	67.8465
34580	77.8465
34590	87.8465
34600	67.5087
34610	52.8518
34620	62.8517
34630	72.8517
34640	64.2251
34650	74.2251
34660	58.2214
34670	68.2214
34680	78.2214
34690	67.4709
34700	77.4709
34710	68.5216
34720	78.5216
34730	58.1838
34740	68.1838
34750	57.5422
34760	50.4319
34770	60.4319
34780	70.4319
34790	54.4783
34800	47.453
34810	57.453
34820	67.453
34830	56.7468
34840	66.7468
34850	50.8709
34860	60.8709
34870	70.8709
34880	67.0422
34890	77.0422
34900	68.2038
34910	78.2038
34920	58.0274
34930	68.0274
34940	61.917
34950	71.917
34960	62.6636
34970	72.6636
34980	82.6636
34990	62.4355
35000	72.4355
35010	60.6591
35020	70.6591
35030	56.2818
35040	66.2818
35050	50.3449
35060	60.3449
35070	54.0184
35080	64.0184
35090	74.0184
35100	62.4043
35110	72.4043
35120	66.3729
35130	76.3729
35140	86.3729
35150	73.8931
35160	57.9267
35170	67.9267
35180	77.9267
35190	69.5216
35200	60.2535
35210	70.2535
35220	80.2535
35230	59.8573
35240	69.8573
35250	59.8507
35260	69.8508
35270	57.4409
35280	67.4409
35290	51.378
35300	61.378
35310	54.5102
35320	64.5102
35330	55.2865
35340	65.2865
35350	75.2865
35360	54.8799
35370	46.2107
35380	56.2107
35390	66.2107
35400	63.7893
35410	73.7893
35420	57.7264
35430	67.7264
35440	77.7264
35450	71.0906
35460	81.0906
35470	70.3882
35480	80.3882
35490	59.9815
35500	69.9815
35510	53.8447
35520	63.8447
35530	54.3253
35540	64.3253
35550	48.2603
35560	58.2603
35570	68.2603
35580	61.9436
35590	71.9436
35600	60.2124
35610	70.2124
35620	59.7348
35630	69.7348
35640	63.969
35650	73.969
35660	83.969
35670	63.5133
35680	73.5133
35690	66.4129
35700	76.4129
35710	66.913
35720	76.913
35730	60.7592
35740	70.7592
35750	56.7007
35760	66.7007
35770	55.5513
35780	65.5513
35790	49.3946
35800	59.3946
35810	69.3946
35820	62.8208
35830	72.8208
35840	61.0143
35850	71.0143
35860	60.7247
35870	70.7247
35880	60.9777
35890	70.9777
35900	54.7594
35910	64.7594
35920	74.7594
35930	68.1256
35940	78.1256
35950	66.2979
35960	76.2979
35970	66.0805
35980	76.0805
35990	66.7006
36000	76.7006
