10	10.03
20	8.02
30	4.2
40	4.2
50	4.2
60	4.2
70	5.70833
80	10.975
90	14.0817
100	15.7083
110	17.3617
120	16.59
130	20.0408
140	21.5975
150	22.2109
160	24.6165
170	23.9405
180	25.6695
190	28.6665
200	31.0615
210	32.1945
220	29.6803
230	35.4093
240	34.2917
250	33.0757
260	38.2355
270	35.4782
280	37.0892
290	38.0232
300	39.5093
310	41.4272
320	40.6545
330	40.206
340	41.6773
350	41.0362
360	41.4372
370	42.2218
380	45.0583
390	42.6311
400	47.4895
410	42.7834
420	46.8304
430	44.9068
440	46.7314
450	47.3512
460	48.6322
470	47.7872
480	47.0824
490	45.6338
500	48.9041
510	51.317
520	54.0171
530	51.727
540	51.8546
550	51.1458
560	51.0029
570	54.0975
580	51.1579
590	53.4616
600	52.5876
610	52.9096
620	53.7462
630	51.4179
640	51.6904
650	55.0014
660	53.2651
670	55.0082
680	54.3161
690	57.5605
700	53.2063
710	53.4418
720	57.0007
730	56.174
740	55.5542
750	57.5853
760	56.197
770	57.4027
780	56.9733
790	59.7954
800	58.5903
810	56.8971
820	59.0916
830	59.3447
840	61.8899
850	61.9007
860	60.4817
870	59.824
880	60.7961
890	61.8826
900	60.8575
910	60.9324
920	60.5569
930	61.3884
940	61.8105
950	61.5685
960	60.5702
970	60.6689
980	58.3722
990	61.4298
1000	60.1018
1010	59.6496
1020	60.7655
1030	59.8535
1040	63.4054
1050	64.1551
1060	63.9361
1070	63.7485
1080	65.6386
1090	67.3094
1100	64.3837
1110	64.898
1120	62.977
1130	65.0441
1140	66.3265
1150	63.7465
1160	66.5399
1170	64.1771
1180	61.2604
1190	63.5981
1200	63.2899
1210	64.8318
1220	63.952
1230	65.1837
1240	67.7128
1250	65.8631
1260	67.3623
1270	66.4712
1280	67.9768
1290	66.6049
1300	66.9883
1310	67.3349
1320	69.1455
1330	63.9824
1340	69.5193
1350	64.6218
1360	68.317
1370	68.7047
1380	67.8624
1390	66.157
1400	66.017
1410	68.7853
1420	67.415
1430	70.9859
1440	67.427
1450	68.4583
1460	68.8645
1470	69.2258
1480	69.6147
1490	69.8637
1500	68.0482
1510	70.4243
1520	70.2372
1530	72.995
1540	70.557
1550	72.1992
1560	70.3336
1570	72.9009
1580	76.9484
1590	70.3628
1600	74.1027
1610	69.2142
1620	71.1391
1630	71.3912
1640	70.059
1650	70.6096
1660	66.1325
1670	67.2654
1680	65.33
1690	69.1356
1700	65.6725
1710	68.7911
1720	70.2233
1730	68.0308
1740	69.8586
1750	67.6639
1760	68.5591
1770	70.5155
1780	65.0769
1790	68.8688
1800	68.1261
1810	67.1668
1820	68.2469
1830	68.0514
1840	70.3148
1850	70.6122
1860	71.8771
1870	69.0133
1880	68.6342
1890	69.6504
1900	69.4834
1910	71.0974
1920	71.5749
1930	71.7009
1940	70.6498
1950	73.8553
1960	74.6734
1970	68.5371
1980	72.4163
1990	68.3908
2000	71.3436
2010	68.8356
2020	69.6757
2030	72.4568
2040	70.191
2050	68.64
2060	70.8585
2070	70.1845
2080	65.1683
2090	69.5685
2100	67.7249
2110	67.8098
2120	71.0421
2130	69.1096
2140	66.6543
2150	69.3046
2160	68.7502
2170	67.6062
2180	65.7784
2190	71.8427
2200	70.6961
2210	70.6458
2220	69.7417
2230	70.0142
2240	68.4954
2250	69.9634
2260	70.6468
2270	69.0392
2280	72.036
2290	68.5135
2300	75.1757
2310	72.1365
2320	70.6415
2330	76.5525
2340	69.8421
2350	76.6362
2360	70.4311
2370	73.4731
2380	74.974
2390	69.7294
2400	73.4287
2410	70.5239
2420	70.7264
2430	71.3353
2440	73.9688
2450	74.2758
2460	71.644
2470	73.273
2480	73.7942
2490	70.1662
2500	76.1757
2510	73.7381
2520	72.5164
2530	69.2778
2540	70.113
2550	71.7466
2560	66.5298
2570	69.7575
2580	66.4969
2590	67.5255
2600	69.2175
2610	68.7604
2620	68.6587
2630	70.0225
2640	69.2684
2650	70.0277
2660	68.3267
2670	72.507
2680	72.0356
2690	71.1591
2700	72.0107
2710	69.3079
2720	73.0522
2730	70.0005
2740	72.433
2750	72.8381
2760	70.8933
2770	74.0789
2780	70.8745
2790	75.4218
2800	74.2656
2810	69.1134
2820	74.5421
2830	67.8846
2840	74.7895
2850	72.7352
2860	72.062
2870	68.6784
2880	71.2046
2890	71.0968
2900	70.4482
2910	70.5963
2920	73.0084
2930	71.501
2940	69.5368
2950	68.0348
2960	70.3228
2970	69.5968
2980	72.9519
2990	72.181
3000	72.5515
3010	73.8369
3020	73.1243
3030	76.0345
3040	71.5652
3050	73.4366
3060	73.3431
3070	73.5286
3080	71.7068
3090	71.5317
3100	74.0298
3110	73.1638
3120	77.1594
3130	73.2602
3140	71.4804
3150	75.8932
3160	72.9305
3170	74.5423
3180	70.7368
3190	72.5963
3200	71.2675
3210	72.0052
3220	72.8778
3230	73.6211
3240	73.4794
3250	71.2719
3260	74.1673
3270	71.9061
3280	72.9121
3290	73.9632
3300	73.6996
3310	72.2666
3320	71.507
3330	71.7592
3340	74.2225
3350	75.4501
3360	72.5008
3370	71.3931
3380	69.6369
3390	69.3821
3400	72.2151
3410	69.1961
3420	69.8915
3430	68.7362
3440	69.1114
3450	71.8559
3460	70.5026
3470	69.9653
3480	68.669
3490	71.1366
3500	70.0601
3510	69.0155
3520	68.0411
3530	70.8989
3540	70.9605
3550	70.9398
3560	67.6908
3570	67.0132
3580	68.8862
3590	71.0545
3600	67.7452
3610	69.0362
3620	68.6099
3630	68.2643
3640	69.1419
3650	71.7016
3660	71.6097
3670	71.7884
3680	71.6959
3690	71.0834
3700	68.5986
3710	66.8422
3720	70.6208
3730	68.9445
3740	66.0409
3750	66.3602
3760	69.1281
3770	70.0532
3780	74.0557
3790	70.2765
3800	73.5934
3810	70.8995
3820	69.29
3830	71.1893
3840	72.4266
3850	71.7672
3860	69.6465
3870	69.15
3880	69.3789
3890	70.8298
3900	69.816
3910	68.2995
3920	70.183
3930	67.7356
3940	69.18
3950	68.2853
3960	69.9333
3970	72.5877
3980	69.4659
3990	72.1536
4000	67.7474
4010	70.6715
4020	71.3999
4030	72.9422
4040	71.7113
4050	71.0245
4060	72.7366
4070	68.3734
4080	70.8481
4090	76.4392
4100	73.63
4110	74.7628
4120	70.6489
4130	72.225
4140	70.5125
4150	73.056
4160	71.4729
4170	71.9707
4180	73.5214
4190	70.8531
4200	77.7119
4210	72.7015
4220	74.9062
4230	72.363
4240	74.7622
4250	72.6142
4260	68.7454
4270	72.2598
4280	70.6516
4290	69.568
4300	70.7085
4310	72.4507
4320	71.3336
4330	70.297
4340	70.9227
4350	74.263
4360	70.4504
4370	71.3538
4380	71.287
4390	69.2673
4400	73.2459
4410	70.6137
4420	71.7325
4430	73.0166
4440	72.6982
4450	72.6712
4460	71.1185
4470	73.5522
4480	72.9872
4490	73.3345
4500	74.288
4510	73.1764
4520	70.0494
4530	71.7347
4540	71.0571
4550	70.7251
4560	68.5572
4570	74.1715
4580	73.1617
4590	72.8198
4600	74.2917
4610	75.4895
4620	73.4507
4630	70.8467
4640	75.6696
4650	75.1702
4660	70.5204
4670	71.0072
4680	73.4581
4690	69.6694
4700	69.9681
4710	71.9254
4720	72.7033
4730	72.7948
4740	72.554
4750	73.2533
4760	73.7917
4770	76.1541
4780	70.9963
4790	73.458
4800	69.0321
4810	71.046
4820	72.2868
4830	69.6186
4840	76.1129
4850	70.917
4860	72.8458
4870	74.3048
4880	75.9318
4890	76.6086
4900	73.2491
4910	75.13
4920	72.2954
4930	72.1539
4940	74.7168
4950	70.2019
4960	72.8263
4970	71.9462
4980	72.9341
4990	74.5828
5000	72.1251
5010	73.4039
5020	71.68
5030	75.5658
5040	71.2205
5050	72.2051
5060	73.3317
5070	70.6275
5080	74.2458
5090	70.8286
5100	74.7249
5110	70.9506
5120	73.0231
5130	72.0303
5140	74.4852
5150	71.0377
5160	73.4682
5170	72.9755
5180	71.281
5190	73.6354
5200	69.4996
5210	73.9842
5220	73.4166
5230	74.2126
5240	70.8094
5250	72.8059
5260	75.1901
5270	73.8383
5280	71.8317
5290	71.4367
5300	72.3846
5310	74.7808
5320	72.8077
5330	77.0877
5340	71.2648
5350	75.5096
5360	73.9632
5370	73.3158
5380	75.7812
5390	72.2081
5400	75.1556
5410	74.0049
5420	74.926
5430	69.845
5440	75.3302
5450	69.319
5460	74.261
5470	69.3189
5480	71.2501
5490	68.2576
5500	69.3267
5510	72.39
5520	70.9162
5530	71.3737
5540	68.8269
5550	69.8931
5560	71.5024
5570	71.9136
5580	72.9099
5590	69.8005
5600	74.1841
5610	69.5337
5620	74.2722
5630	71.0464
5640	72.6599
5650	75.5893
5660	69.0413
5670	70.5911
5680	72.5433
5690	71.388
5700	74.442
5710	72.2887
5720	71.8619
5730	68.8212
5740	71.4653
5750	70.2915
5760	75.6487
5770	72.4187
5780	73.0856
5790	73.0052
5800	70.7154
5810	76.3061
5820	72.0527
5830	73.4884
5840	75.9606
5850	70.3153
5860	70.9261
5870	72.4212
5880	72.6216
5890	75.5319
5900	73.414
5910	74.4405
5920	69.7898
5930	71.9164
5940	71.0739
5950	72.9059
5960	74.2123
5970	69.3864
5980	71.0605
5990	71.8653
6000	72.6628
6010	70.5806
6020	71.7365
6030	69.8692
6040	72.537
6050	66.3889
6060	74.7234
6070	68.5637
6080	73.29
6090	73.1188
6100	72.8714
6110	72.9507
6120	69.4222
6130	71.799
6140	69.7149
6150	74.7936
6160	70.3727
6170	71.1842
6180	73.5077
6190	71.4932
6200	74.1819
6210	68.9563
6220	72.3792
6230	73.2656
6240	72.4713
6250	69.5761
6260	71.8377
6270	69.3829
6280	71.5762
6290	72.0515
6300	73.8178
6310	69.8166
6320	74.0429
6330	73.0236
6340	72.2002
6350	66.5891
6360	70.0853
6370	71.3488
6380	68.4761
6390	70.5124
6400	69.3382
6410	71.149
6420	70.2625
6430	70.2171
6440	71.7553
6450	72.8491
6460	69.8759
6470	68.9274
6480	69.2886
6490	71.4512
6500	69.8243
6510	69.5895
6520	66.2636
6530	69.212
6540	71.2749
6550	72.2131
6560	69.7921
6570	69.8137
6580	74.4877
6590	73.0344
6600	70.7556
6610	73.4397
6620	68.5927
6630	69.9797
6640	70.2125
6650	69.9712
6660	70.3665
6670	71.6316
6680	70.2551
6690	71.1452
6700	69.6965
6710	72.6241
6720	68.4541
6730	71.4494
6740	70.8516
6750	72.2674
6760	68.61
6770	70.3923
6780	70.6991
6790	70.7329
6800	72.4958
6810	71.4822
6820	70.6376
6830	71.7821
6840	73.9097
6850	72.9733
6860	72.1249
6870	69.9105
6880	71.2439
6890	69.7786
6900	73.2759
6910	72.2238
6920	73.7391
6930	72.2081
6940	70.7075
6950	76.3109
6960	69.5697
6970	75.3843
6980	72.8956
6990	73.471
7000	70.0885
7010	70.6284
7020	70.458
7030	72.2369
7040	73.8493
7050	72.1816
7060	72.6292
7070	68.8628
7080	72.1438
7090	72.1553
7100	71.7956
7110	73.8236
7120	69.3045
7130	72.8112
7140	68.7231
7150	70.893
7160	67.8112
7170	71.3089
7180	72.926
7190	71.4956
7200	71.6745
7210	69.6055
7220	75.6828
7230	70.0488
7240	72.1923
7250	68.7674
7260	72.4151
7270	70.0125
7280	72.2227
7290	70.5413
7300	68.6659
7310	70.8108
7320	70.7999
7330	71.3334
7340	70.7924
7350	70.2215
7360	70.9815
7370	68.0076
7380	73.5787
7390	68.5933
7400	69.5034
7410	69.7226
7420	70.5842
7430	74.6042
7440	74.1293
7450	73.9931
7460	72.1121
7470	73.2061
7480	71.3886
7490	74.0526
7500	73.5458
7510	74.543
7520	73.8395
7530	76.2988
7540	72.2614
7550	74.4017
7560	73.683
7570	77.798
7580	75.1444
7590	71.3972
7600	73.7009
7610	71.8251
7620	72.9909
7630	73.4863
7640	73.4644
7650	70.3946
7660	71.376
7670	74.4377
7680	73.0157
7690	75.7819
7700	70.5757
7710	72.5248
7720	71.3319
7730	71.9367
7740	69.7805
7750	71.7753
7760	72.7581
7770	72.3494
7780	71.9161
7790	70.8608
7800	67.1564
7810	69.1685
7820	73.8912
7830	70.6725
7840	74.6594
7850	70.7662
7860	72.4303
7870	69.1079
7880	76.0588
7890	73.8318
7900	72.6519
7910	72.6431
7920	70.0627
7930	71.8066
7940	71.185
7950	73.8746
7960	71.9681
7970	70.9329
7980	70.5281
7990	68.6638
8000	73.741
8010	72.5442
8020	72.8372
8030	72.3855
8040	73.7461
8050	72.1437
8060	76.3802
8070	74.5196
8080	72.5309
8090	74.2665
8100	70.9248
8110	71.7282
8120	72.6392
8130	71.4544
8140	75.3083
8150	69.7357
8160	72.0158
8170	69.7245
8180	72.1632
8190	71.6377
8200	71.9943
8210	77.8881
8220	68.7239
8230	75.6271
8240	72.5511
8250	74.4439
8260	72.4118
8270	72.8357
8280	73.9496
8290	70.2243
8300	73.5708
8310	68.244
8320	74.1738
8330	73.0326
8340	74.1672
8350	71.8114
8360	73.1752
8370	75.4594
8380	68.2122
8390	73.9766
8400	73.3573
8410	71.6435
8420	69.5055
8430	70.9796
8440	74.4035
8450	71.7332
8460	75.1141
8470	74.3624
8480	73.0268
8490	74.116
8500	75.0616
8510	75.8076
8520	72.4909
8530	74.8765
8540	70.5735
8550	76.2526
8560	74.1735
8570	73.0884
8580	73.6483
8590	74.7492
8600	75.6189
8610	71.4815
8620	73.635
8630	69.4985
8640	71.2088
8650	69.227
8660	71.2814
8670	72.2878
8680	71.0358
8690	72.5431
8700	69.8801
8710	71.552
8720	73.5498
8730	73.4357
8740	74.1168
8750	70.5191
8760	72.955
8770	71.617
8780	72.1791
8790	72.0292
8800	70.0984
8810	71.2203
8820	66.8754
8830	69.6481
8840	73.5544
8850	69.4027
8860	72.8421
8870	69.8556
8880	75.1201
8890	71.6511
8900	72.3211
8910	71.2053
8920	73.7161
8930	72.9881
8940	71.3076
8950	70.4577
8960	72.4024
8970	71.1568
8980	72.8298
8990	73.4804
9000	71.7499
9010	70.7525
9020	72.2791
9030	74.7542
9040	74.7727
9050	74.0534
9060	70.7651
9070	74.0089
9080	70.0029
9090	70.6265
9100	71.9572
9110	71.0216
9120	73.0052
9130	70.8451
9140	75.2419
9150	72.2325
9160	72.3024
9170	74.073
9180	70.7712
9190	76.2571
9200	68.9287
9210	70.9584
9220	71.4881
9230	70.7793
9240	70.8753
9250	69.5932
9260	73.699
9270	71.3817
9280	71.5298
9290	75.5715
9300	76.1348
9310	73.2172
9320	72.2675
9330	74.4706
9340	72.3628
9350	74.3987
9360	72.6223
9370	73.9817
9380	71.7894
9390	71.3548
9400	74.7607
9410	70.1717
9420	70.7141
9430	73.4931
9440	72.4037
9450	74.2686
9460	68.0603
9470	69.9343
9480	68.4863
9490	74.543
9500	67.8327
9510	73.6906
9520	71.2161
9530	73.7867
9540	72.8272
9550	72.8256
9560	76.9542
9570	70.0761
9580	75.2721
9590	70.9479
9600	74.4643
9610	73.7901
9620	73.3361
9630	77.5482
9640	73.076
9650	74.5216
9660	70.69
9670	73.1982
9680	76.9738
9690	69.2237
9700	74.7542
9710	69.836
9720	73.0558
9730	74.2575
9740	72.8154
9750	78.2631
9760	70.5332
9770	74.4957
9780	72.1678
9790	70.0495
9800	69.2228
9810	69.46
9820	68.7304
9830	68.3473
9840	69.6901
9850	71.7812
9860	71.0473
9870	72.7934
9880	76.8324
9890	73.5892
9900	75.9401
9910	74.2678
9920	75.0505
9930	72.1107
9940	71.0444
9950	73.0672
9960	74.4763
9970	72.2158
9980	69.3549
9990	71.517
10000	71.8982
10010	72.8777
10020	74.4939
10030	73.5397
10040	72.619
10050	72.7614
10060	71.6327
10070	74.0617
10080	73.783
10090	74.4809
10100	69.9872
10110	71.2625
10120	71.0959
10130	72.8342
10140	74.9006
10150	71.7195
10160	74.1833
10170	69.0014
10180	73.2854
10190	72.9284
10200	72.7223
10210	70.6224
10220	73.4807
10230	73.4601
10240	70.1903
10250	74.3932
10260	69.0337
10270	74.6233
10280	71.0735
10290	69.8075
10300	72.0401
10310	69.5421
10320	76.7923
10330	69.708
10340	76.4133
10350	71.4599
10360	73.606
10370	72.4498
10380	72.524
10390	72.8206
10400	71.3828
10410	72.2044
10420	68.8976
10430	72.2113
10440	73.7816
10450	70.5441
10460	78.1387
10470	71.9767
10480	73.3294
10490	68.2803
10500	72.4058
10510	76.9573
10520	68.9478
10530	73.7581
10540	68.1125
10550	73.5295
10560	70.8311
10570	73.2792
10580	73.9407
10590	71.9454
10600	73.3815
10610	72.5968
10620	72.3408
10630	76.5625
10640	71.4529
10650	73.4753
10660	71.9826
10670	74.7529
10680	70.8017
10690	73.7854
10700	71.723
10710	71.9928
10720	72.3797
10730	70.2783
10740	72.3753
10750	71.9774
10760	70.745
10770	75.0192
10780	69.7841
10790	71.2737
10800	70.1223
10810	70.7221
10820	75.0816
10830	67.9068
10840	75.144
10850	69.613
10860	72.6818
10870	69.8042
10880	70.8479
10890	71.6498
10900	70.8503
10910	72.9818
10920	69.1041
10930	72.4506
10940	71.3955
10950	68.2205
10960	72.6902
10970	69.3265
10980	74.5835
10990	66.0259
11000	70.1376
11010	71.2836
11020	72.2622
11030	68.1822
11040	69.422
11050	69.8417
11060	70.3379
11070	68.0693
11080	74.3477
11090	71.8942
11100	73.4163
11110	69.559
11120	69.9949
11130	73.3347
11140	69.5355
11150	73.9922
11160	67.3262
11170	68.2129
11180	67.8085
11190	69.4714
11200	71.8957
11210	71.2792
11220	71.7571
11230	70.2151
11240	70.9258
11250	70.6162
11260	73.8292
11270	75.8382
11280	72.2412
11290	74.4038
11300	67.3324
11310	70.9983
11320	71.566
11330	74.1242
11340	77.7507
11350	71.8391
11360	75.7051
11370	70.4521
11380	74.8616
11390	73.0796
11400	75.55
11410	79.8338
11420	71.3032
11430	71.5575
11440	68.1253
11450	70.9151
11460	75.612
11470	73.7061
11480	75.8348
11490	68.1049
11500	74.9524
11510	73.5224
11520	75.656
11530	75.6843
11540	73.2394
11550	72.7452
11560	73.2952
11570	70.9708
11580	72.1845
11590	73.0773
11600	73.381
11610	74.7181
11620	72.3035
11630	72.0701
11640	74.8881
11650	72.1227
11660	70.1575
11670	73.1173
11680	74.4247
11690	72.5718
11700	69.9253
11710	72.116
11720	72.3709
11730	69.8485
11740	70.7796
11750	68.4001
11760	72.5128
11770	71.5005
11780	69.6223
11790	74.8097
11800	73.9856
11810	73.363
11820	71.8396
11830	69.7525
11840	71.2183
11850	69.9834
11860	76.4908
11870	72.6834
11880	75.1619
11890	69.0786
11900	70.3513
11910	77.259
11920	72.478
11930	76.6723
11940	71.0617
11950	73.2059
11960	72.0449
11970	73.4401
11980	73.3223
11990	70.6713
12000	74.87
12010	71.2541
12020	73.7794
12030	72.7493
12040	70.2891
12050	73.0342
12060	71.2118
12070	77.3524
12080	69.9062
12090	71.2633
12100	69.1012
12110	72.5593
12120	73.6153
12130	69.9999
12140	75.3753
12150	70.203
12160	73.1938
12170	69.4313
12180	71.823
12190	74.1822
12200	71.5729
12210	76.9488
12220	70.6733
12230	73.5132
12240	71.0261
12250	73.9243
12260	72.5264
12270	71.6365
12280	74.3793
12290	71.5199
12300	67.7021
12310	72.0469
12320	74.139
12330	70.602
12340	73.2697
12350	71.3571
12360	71.6549
12370	74.9641
12380	74.8446
12390	72.5401
12400	75.9279
12410	72.9953
12420	75.1021
12430	72.1308
12440	71.3956
12450	72.2236
12460	73.0897
12470	73.0102
12480	71.22
12490	69.7106
12500	72.1606
12510	76.249
12520	74.7432
12530	73.7307
12540	74.2943
12550	71.744
12560	70.8933
12570	72.7646
12580	71.0837
12590	69.5138
12600	71.1983
12610	72.5168
12620	72.2363
12630	74.525
12640	74.6979
12650	73.1171
12660	72.6284
12670	72.9576
12680	71.9111
12690	70.7689
12700	70.1934
12710	75.8392
12720	70.4225
12730	74.7539
12740	72.2755
12750	69.5143
12760	73.8647
12770	72.4266
12780	76.6712
12790	69.8203
12800	75.1881
12810	69.4561
12820	73.5974
12830	68.1206
12840	73.0871
12850	73.5068
12860	71.4228
12870	72.1102
12880	71.2871
12890	72.5802
12900	75.3175
12910	70.6992
12920	74.4922
12930	70.3769
12940	72.0107
12950	73.4178
12960	73.071
12970	74.5834
12980	70.7541
12990	76.6068
13000	71.44
13010	73.8895
13020	73.1609
13030	73.1582
13040	71.816
13050	68.5037
13060	75.2951
13070	70.8568
13080	75.2342
13090	74.8635
13100	71.9715
13110	74.2686
13120	72.4935
13130	73.8206
13140	72.3707
13150	72.7651
13160	72.7725
13170	71.8811
13180	71.6773
13190	70.9123
13200	73.9363
13210	72.9029
13220	75.9422
13230	72.9629
13240	73.2991
13250	68.5973
13260	72.8538
13270	73.9084
13280	73.1678
13290	76.7835
13300	68.5491
13310	71.2853
13320	67.8014
13330	74.805
13340	73.8562
13350	72.4511
13360	72.7162
13370	71.5327
13380	72.384
13390	68.8865
13400	73.5512
13410	69.5229
13420	73.9396
13430	69.3787
13440	73.5168
13450	68.0308
13460	70.8634
13470	68.1792
13480	72.1674
13490	72.5711
13500	69.1722
13510	74.5858
13520	67.1502
13530	74.702
13540	71.8665
13550	73.3489
13560	72.6698
13570	70.9679
13580	72.3363
13590	71.6526
13600	69.1012
13610	72.2465
13620	72.9158
13630	73.2184
13640	69.7768
13650	72.4523
13660	71.5431
13670	72.6853
13680	70.0343
13690	71.6499
13700	72.2384
13710	70.4074
13720	73.0366
13730	70.1921
13740	73.3797
13750	75.3534
13760	75.1476
13770	72.3681
13780	73.743
13790	73.002
13800	68.9613
13810	70.4046
13820	74.805
13830	70.7274
13840	70.164
13850	70.9052
13860	72.2751
13870	70.0357
13880	70.5739
13890	69.6347
13900	69.7945
13910	69.4913
13920	73.8114
13930	69.0757
13940	72.0881
13950	70.1187
13960	72.4856
13970	70.6451
13980	69.6684
13990	71.249
14000	71.2455
14010	72.5826
14020	70.4939
14030	74.235
14040	71.2802
14050	71.9927
14060	69.3413
14070	71.5775
14080	71.3679
14090	71.3194
14100	69.1092
14110	71.4651
14120	68.3216
14130	71.0876
14140	70.1917
14150	69.5495
14160	71.6468
14170	73.7853
14180	70.0026
14190	73.8904
14200	71.91
14210	71.6964
14220	72.3357
14230	72.2933
14240	71.4967
14250	68.1241
14260	73.7965
14270	70.2851
14280	72.2614
14290	69.598
14300	73.8141
14310	72.3797
14320	72.5839
14330	72.7025
14340	71.4766
14350	73.4309
14360	71.8195
14370	68.3146
14380	74.2012
14390	69.8649
14400	71.7827
14410	69.994
14420	70.7018
14430	69.4226
14440	70.6399
14450	72.1006
14460	73.0182
14470	71.6557
14480	73.6192
14490	69.9375
14500	69.1002
14510	68.5759
14520	71.585
14530	67.2839
14540	68.797
14550	66.3361
14560	72.2955
14570	70.4233
14580	69.991
14590	71.919
14600	70.6006
14610	74.8545
14620	68.7053
14630	71.2104
14640	67.7359
14650	70.7569
14660	68.2114
14670	69.3393
14680	68.5992
14690	73.0032
14700	69.5274
14710	70.0561
14720	70.0038
14730	71.4456
14740	69.7603
14750	71.6066
14760	69.2593
14770	72.2312
14780	69.2418
14790	74.6958
14800	70.0889
14810	69.8725
14820	72.5064
14830	70.5148
14840	71.8664
14850	70.0562
14860	71.1093
14870	67.2583
14880	71.3941
14890	73.7675
14900	70.626
14910	73.2128
14920	68.8716
14930	72.2861
14940	68.2328
14950	71.311
14960	70.0475
14970	71.7312
14980	71.7637
14990	72.4545
15000	66.7285
15010	68.4699
15020	74.0218
15030	68.2819
15040	74.3312
15050	70.4316
15060	72.3031
15070	70.6526
15080	71.3167
15090	68.2699
15100	71.4426
15110	69.5116
15120	72.0603
15130	67.7411
15140	69.2423
15150	69.3679
15160	73.8174
15170	70.4536
15180	72.0812
15190	67.473
15200	69.6992
15210	68.346
15220	70.9541
15230	72.053
15240	70.5516
15250	69.5793
15260	68.5625
15270	74.1066
15280	72.5639
15290	73.3488
15300	70.8267
15310	71.686
15320	70.0928
15330	72.4167
15340	68.8625
15350	73.3011
15360	67.9181
15370	73.6703
15380	68.3027
15390	70.8807
15400	66.1114
15410	68.8682
15420	71.6738
15430	69.9993
15440	69.2188
15450	68.2088
15460	71.328
15470	69.3629
15480	76.7475
15490	68.8905
15500	70.3095
15510	71.7871
15520	72.7476
15530	71.1345
15540	69.6072
15550	65.7045
15560	71.419
15570	66.977
15580	71.6178
15590	71.9235
15600	69.6963
15610	73.332
15620	67.9096
15630	72.6278
15640	69.7495
15650	73.4741
15660	67.7274
15670	71.7019
15680	69.5139
15690	66.3634
15700	73.6159
15710	68.4316
15720	73.9271
15730	69.4251
15740	71.1177
15750	73.515
15760	67.357
15770	73.4378
15780	69.758
15790	70.8692
15800	66.5949
15810	71.9906
15820	68.5528
15830	71.2244
15840	70.2561
15850	70.8607
15860	70.8305
15870	71.0989
15880	72.2004
15890	72.9657
15900	72.8366
15910	72.1325
15920	67.3052
15930	70.5845
15940	74.3607
15950	69.3247
15960	73.3968
15970	66.7469
15980	71.7706
15990	69.8586
16000	71.334
16010	72.8567
16020	69.4844
16030	68.6174
16040	69.3447
16050	73.8505
16060	69.1713
16070	69.6313
16080	70.5807
16090	70.1291
16100	72.6188
16110	72.1141
16120	71.9896
16130	69.0281
16140	71.595
16150	69.9479
16160	72.834
16170	74.7082
16180	72.7374
16190	69.5297
16200	71.1518
16210	72.0468
16220	72.7374
16230	68.8748
16240	72.0556
16250	71.562
16260	69.2873
16270	73.5816
16280	68.703
16290	74.8775
16300	70.2837
16310	71.7623
16320	71.6881
16330	71.0911
16340	71.2269
16350	71.908
16360	76.2909
16370	69.2608
16380	73.2227
16390	68.8898
16400	74.0371
16410	72.4735
16420	71.2285
16430	74.8777
16440	69.687
16450	71.2488
16460	72.4247
16470	70.3163
16480	73.1426
16490	72.5024
16500	72.6065
16510	68.3018
16520	69.6191
16530	72.4203
16540	72.4412
16550	73.442
16560	73.4575
16570	72.6981
16580	72.5938
16590	72.4781
16600	73.1816
16610	69.0053
16620	72.7889
16630	72.0577
16640	70.6447
16650	71.1696
16660	67.873
16670	73.476
16680	72.7619
16690	73.2163
16700	70.688
16710	68.0779
16720	71.1991
16730	71.1523
16740	72.3849
16750	73.4614
16760	70.023
16770	68.1135
16780	72.26
16790	71.5056
16800	71.6684
16810	72.8408
16820	71.1012
16830	72.8581
16840	71.9868
16850	68.7788
16860	73.1698
16870	71.1781
16880	73.3186
16890	70.06
16900	72.3322
16910	72.4367
16920	70.1492
16930	73.6637
16940	69.9379
16950	72.7901
16960	68.6399
16970	73.8121
16980	71.158
16990	71.673
17000	69.6475
17010	72.0031
17020	70.6773
17030	70.5845
17040	71.6449
17050	70.7624
17060	69.9024
17070	74.202
17080	68.9304
17090	76.3745
17100	71.0086
17110	72.8979
17120	74.2823
17130	72.9321
17140	69.5939
17150	70.8154
17160	68.03
17170	73.7702
17180	68.4108
17190	69.9362
17200	70.9746
17210	69.913
17220	69.5597
17230	69.548
17240	70.9907
17250	72.9147
17260	73.3578
17270	68.3838
17280	70.1021
17290	71.7096
17300	71.66
17310	74.4362
17320	72.3161
17330	72.5804
17340	67.3919
17350	72.2634
17360	74.2099
17370	69.3542
17380	73.014
17390	67.6975
17400	69.1867
17410	70.3957
17420	72.9055
17430	72.1325
17440	73.4471
17450	72.0659
17460	70.2876
17470	70.2172
17480	71.3642
17490	71.6708
17500	72.8166
17510	68.4067
17520	71.1336
17530	65.6092
17540	70.1507
17550	69.5976
17560	71.9416
17570	72.679
17580	69.7309
17590	72.6836
17600	69.1452
17610	72.1088
17620	73.7882
17630	72.4327
17640	72.8276
17650	69.5039
17660	71.149
17670	69.7804
17680	72.6265
17690	70.012
17700	72.7575
17710	69.755
17720	73.9725
17730	73.6387
17740	71.0165
17750	72.1719
17760	70.914
17770	68.1479
17780	72.1949
17790	71.6609
17800	70.7088
17810	72.5279
17820	71.2497
17830	74.555
17840	69.9333
17850	72.9359
17860	69.7564
17870	70.0683
17880	72.7646
17890	68.996
17900	70.2246
17910	67.7964
17920	70.9446
17930	69.4623
17940	71.746
17950	71.3892
17960	71.9441
17970	73.0637
17980	68.4678
17990	70.9186
18000	70.6518
18010	72.6466
18020	69.8045
18030	68.221
18040	71.3336
18050	70.3946
18060	70.131
18070	72.1629
18080	69.258
18090	74.584
18100	69.572
18110	71.6658
18120	71.4095
18130	70.6917
18140	72.5932
18150	68.6818
18160	69.315
18170	68.7229
18180	71.0706
18190	68.2009
18200	71.6333
18210	69.6319
18220	68.4675
18230	75.3369
18240	67.7097
18250	74.637
18260	68.7067
18270	71.2255
18280	69.2383
18290	73.3812
18300	69.7256
18310	73.3149
18320	69.7943
18330	74.9971
18340	70.3474
18350	72.4531
18360	70.2323
18370	70.6441
18380	73.2621
18390	68.5643
18400	72.3017
18410	70.0143
18420	74.1015
18430	70.9966
18440	72.256
18450	71.8779
18460	71.1621
18470	71.202
18480	69.3013
18490	73.1192
18500	70.219
18510	69.7076
18520	71.4341
18530	67.5083
18540	73.3902
18550	69.5426
18560	72.6575
18570	70.2572
18580	74.3452
18590	70.4455
18600	72.0688
18610	73.6323
18620	71.2347
18630	73.9808
18640	69.5492
18650	70.7573
18660	70.6337
18670	72.4539
18680	70.6165
18690	68.4594
18700	70.1219
18710	73.3109
18720	72.6657
18730	75.5729
18740	72.5774
18750	72.8974
18760	74.4182
18770	72.261
18780	72.814
18790	68.7628
18800	74.2051
18810	69.2112
18820	71.8915
18830	68.9752
18840	72.1991
18850	69.2819
18860	71.1538
18870	71.9309
18880	72.1344
18890	71.9837
18900	72.4675
18910	71.6994
18920	69.109
18930	72.2302
18940	70.6696
18950	72.3906
18960	70.5645
18970	70.5132
18980	70.7004
18990	71.6068
19000	74.781
19010	70.1361
19020	71.2587
19030	68.9824
19040	76.0043
19050	68.0483
19060	72.6522
19070	73.4554
19080	70.4835
19090	70.5037
19100	70.3116
19110	72.4607
19120	69.3257
19130	73.5741
19140	70.9629
19150	73.1503
19160	72.6791
19170	69.0733
19180	74.4349
19190	71.0908
19200	73.369
19210	70.1451
19220	68.1121
19230	72.5415
19240	67.5043
19250	73.4242
19260	70.4768
19270	71.99
19280	69.3988
19290	71.9477
19300	73.2837
19310	71.3085
19320	71.3893
19330	73.5874
19340	68.6746
19350	68.8301
19360	66.4233
19370	73.8963
19380	66.1866
19390	72.0442
19400	68.488
19410	71.2272
19420	72.9687
19430	72.2229
19440	73.0156
19450	72.3892
19460	71.6414
19470	71.4573
19480	69.55
19490	68.9414
19500	70.0807
19510	67.3356
19520	68.558
19530	70.0102
19540	70.8107
19550	71.0859
19560	73.9805
19570	72.9523
19580	68.4627
19590	71.2202
19600	70.4755
19610	72.8629
19620	70.1489
19630	69.9203
19640	71.6603
19650	70.1971
19660	70.9535
19670	71.2618
19680	72.265
19690	69.1787
19700	73.7752
19710	70.4612
19720	72.4527
19730	72.1485
19740	72.5261
19750	71.6193
19760	70.544
19770	72.2077
19780	73.2654
19790	72.2984
19800	72.683
19810	72.8635
19820	67.7327
19830	69.9628
19840	70.0548
19850	72.2708
19860	73.6193
19870	70.2295
19880	72.4936
19890	71.8148
19900	70.3406
19910	71.2279
19920	74.129
19930	71.0266
19940	73.7172
19950	70.9878
19960	71.6285
19970	72.2789
19980	72.0568
19990	73.3448
20000	71.3785
20010	68.8884
20020	70.2297
20030	72.3343
20040	71.5964
20050	71.4097
20060	71.0574
20070	68.5011
20080	72.6393
20090	69.1321
20100	71.4025
20110	69.7466
20120	72.539
20130	72.6176
20140	71.619
20150	70.4959
20160	75.0002
20170	70.1106
20180	71.2697
20190	68.8511
20200	72.0484
20210	67.9083
20220	71.7229
20230	71.7215
20240	70.8169
20250	72.6475
20260	71.6378
20270	70.2552
20280	70.0573
20290	74.8187
20300	73.0256
20310	70.358
20320	70.3509
20330	69.3002
20340	70.5497
20350	69.9745
20360	72.976
20370	69.9709
20380	72.8837
20390	72.9166
20400	69.7673
20410	74.0477
20420	72.4145
20430	73.6005
20440	69.6829
20450	70.4904
20460	74.5439
20470	74.1261
20480	70.6338
20490	72.589
20500	69.1632
20510	71.2064
20520	73.0188
20530	71.7858
20540	70.5451
20550	71.5139
20560	71.5966
20570	72.5383
20580	72.1272
20590	72.8689
20600	71.0543
20610	73.6647
20620	70.6266
20630	73.2205
20640	71.4465
20650	76.549
20660	71.3789
20670	69.5519
20680	70.4455
20690	70.3182
20700	69.1465
20710	73.7404
20720	71.6416
20730	74.0311
20740	71.4379
20750	70.9623
20760	71.9926
20770	71.2034
20780	73.4394
20790	73.0921
20800	69.3123
20810	70.8628
20820	70.6371
20830	72.0915
20840	73.6699
20850	71.9562
20860	74.3547
20870	72.6768
20880	73.3736
20890	71.5859
20900	72.1052
20910	71.8861
20920	72.6908
20930	70.4013
20940	71.0968
20950	69.6656
20960	71.1534
20970	74.1638
20980	72.941
20990	72.4499
21000	72.0446
21010	71.9043
21020	75.3155
21030	70.4925
21040	75.7873
21050	70.6252
21060	71.5973
21070	68.202
21080	72.3678
21090	72.0002
21100	73.2317
21110	72.0342
21120	70.4912
21130	74.69
21140	73.5577
21150	72.1878
21160	71.6405
21170	73.8354
21180	75.3295
21190	68.7403
21200	72.0456
21210	71.1597
21220	72.3233
21230	70.9422
21240	73.4545
21250	73.5958
21260	71.6427
21270	71.1426
21280	73.5537
21290	71.1393
21300	74.8072
21310	72.3266
21320	73.5653
21330	67.5204
21340	72.9171
21350	68.8782
21360	72.3863
21370	73.5194
21380	71.2278
21390	74.3128
21400	70.1986
21410	71.3343
21420	73.919
21430	69.8159
21440	76.2719
21450	70.4548
21460	71.2091
21470	69.8519
21480	72.3794
21490	72.6811
21500	72.9834
21510	72.4822
21520	72.0788
21530	72.9769
21540	70.179
21550	73.0215
21560	69.9621
21570	71.1054
21580	71.01
21590	70.5924
21600	70.93
21610	70.8268
21620	72.0877
21630	74.723
21640	71.9265
21650	73.1302
21660	71.4981
21670	72.2978
21680	71.6652
21690	72.7095
21700	73.7703
21710	73.4999
21720	71.8012
21730	67.3747
21740	70.7811
21750	74.1244
21760	73.1038
21770	77.1696
21780	69.6793
21790	74.7869
21800	69.4755
21810	73.1015
21820	69.8711
21830	71.6734
21840	69.757
21850	72.5341
21860	68.8764
21870	70.3268
21880	72.443
21890	72.8474
21900	73.8734
21910	72.1964
21920	70.8327
21930	70.5626
21940	69.7991
21950	73.6945
21960	72.9385
21970	72.9968
21980	70.2084
21990	69.0823
22000	73.4047
22010	72.2342
22020	74.4108
22030	74.1779
22040	72.0497
22050	71.4372
22060	71.944
22070	74.5116
22080	71.6464
22090	72.5068
22100	69.9978
22110	70.6256
22120	71.1727
22130	72.446
22140	72.7535
22150	73.6689
22160	74.1542
22170	72.3166
22180	73.5327
22190	72.846
22200	74.7931
22210	74.5393
22220	72.0181
22230	72.2394
22240	70.8477
22250	70.2298
22260	71.1511
22270	71.8671
22280	71.9165
22290	74.3725
22300	72.2645
22310	72.1328
22320	71.3027
22330	74.229
22340	75.0271
22350	70.0072
22360	74.9228
22370	70.3682
22380	74.3104
22390	69.3256
22400	72.3622
22410	70.4638
22420	71.772
22430	68.7404
22440	72.6695
22450	73.0279
22460	74.1681
22470	73.0054
22480	71.1117
22490	72.349
22500	74.6085
22510	67.7245
22520	70.4389
22530	71.7144
22540	69.9931
22550	70.4824
22560	74.3898
22570	70.3436
22580	73.996
22590	71.3566
22600	76.9391
22610	74.796
22620	73.2
22630	71.9462
22640	72.2964
22650	69.3516
22660	73.1508
22670	70.6414
22680	73.2033
22690	73.3454
22700	72.58
22710	73.0789
22720	72.9159
22730	74.9762
22740	73.2041
22750	75.0412
22760	70.7445
22770	71.2492
22780	70.4115
22790	69.7125
22800	71.4192
22810	71.6326
22820	71.824
22830	71.5715
22840	73.1053
22850	77.164
22860	74.131
22870	75.6875
22880	72.2074
22890	72.369
22900	70.5469
22910	74.1858
22920	71.0229
22930	71.2523
22940	70.2066
22950	71.4217
22960	71.8361
22970	75.1792
22980	72.3355
22990	73.5946
23000	72.8653
23010	74.7885
23020	74.3404
23030	70.7221
23040	72.9165
23050	73.5556
23060	68.959
23070	72.9389
23080	71.7968
23090	73.0684
23100	70.1288
23110	72.3651
23120	73.5131
23130	73.4504
23140	70.8166
23150	73.3928
23160	70.8744
23170	72.2531
23180	69.7736
23190	72.6235
23200	71.0676
23210	72.0018
23220	70.8975
23230	73.5558
23240	74.8698
23250	71.4997
23260	75.5787
23270	72.0995
23280	74.3665
23290	71.9735
23300	71.7874
23310	72.6088
23320	70.0721
23330	73.0045
23340	69.8077
23350	72.2892
23360	73.6471
23370	72.7008
23380	75.598
23390	71.8869
23400	73.4693
23410	71.2914
23420	74.3577
23430	73.6764
23440	71.2424
23450	75.3526
23460	71.659
23470	72.3477
23480	67.6976
23490	73.1575
23500	71.1043
23510	72.2526
23520	74.6421
23530	71.525
23540	75.3432
23550	72.4998
23560	73.6037
23570	73.3846
23580	72.4253
23590	71.2939
23600	70.2246
23610	70.294
23620	74.5465
23630	71.4633
23640	72.3878
23650	69.6791
23660	71.8603
23670	69.5065
23680	74.8584
23690	74.5729
23700	73.301
23710	68.0205
23720	70.3745
23730	70.462
23740	71.1275
23750	72.5263
23760	72.3753
23770	69.5717
23780	71.6769
23790	68.5359
23800	75.5161
23810	69.387
23820	74.4871
23830	72.9473
23840	70.7845
23850	71.1419
23860	72.9506
23870	70.9433
23880	72.0936
23890	74.1027
23900	72.6698
23910	72.0793
23920	71.5708
23930	71.1166
23940	75.9478
23950	72.2586
23960	73.9212
23970	71.9459
23980	69.5249
23990	72.6769
24000	70.1244
24010	73.3906
24020	73.4852
24030	71.1495
24040	72.2547
24050	74.0453
24060	72.4589
24070	76.2193
24080	72.7659
24090	72.52
24100	72.451
24110	73.221
24120	70.9021
24130	74.1939
24140	70.3584
24150	70.2267
24160	73.0968
24170	73.638
24180	72.1469
24190	71.6909
24200	70.6007
24210	77.2791
24220	70.8328
24230	73.7117
24240	71.7643
24250	69.9956
24260	72.5446
24270	73.4466
24280	72.3152
24290	73.1329
24300	70.8357
24310	71.7972
24320	72.6025
24330	75.0196
24340	72.2842
24350	73.2663
24360	71.1693
24370	72.1701
24380	73.0258
24390	72.7914
24400	73.6171
24410	71.854
24420	72.3758
24430	73.3982
24440	74.5236
24450	73.5603
24460	71.9405
24470	73.9958
24480	74.4393
24490	73.6078
24500	70.2521
24510	74.3358
24520	72.9414
24530	72.9354
24540	73.1554
24550	72.7065
24560	72.84
24570	73.1136
24580	71.6612
24590	76.8067
24600	72.3954
24610	73.1392
24620	72.7222
24630	70.2462
24640	71.9476
24650	75.7894
24660	70.054
24670	74.0786
24680	70.801
24690	73.4522
24700	71.336
24710	70.7936
24720	73.8065
24730	71.8941
24740	75.4925
24750	70.1746
24760	72.984
24770	70.6188
24780	72.24
24790	73.3174
24800	72.7765
24810	73.0285
24820	70.9835
24830	70.8809
24840	74.3552
24850	71.6921
24860	73.4193
24870	72.303
24880	74.1812
24890	71.8351
24900	72.5149
24910	70.8988
24920	74.7605
24930	73.2982
24940	73.8305
24950	70.7643
24960	71.7219
24970	69.9616
24980	73.8719
24990	70.1268
25000	76.3426
25010	73.1557
25020	73.2195
25030	69.2202
25040	73.8143
25050	77.224
25060	74.5345
25070	72.9303
25080	70.3704
25090	70.298
25100	72.7134
25110	73.8355
25120	73.3386
25130	72.7973
25140	72.4457
25150	70.3281
25160	70.224
25170	74.4144
25180	72.8657
25190	73.782
25200	71.4953
25210	70.9386
25220	73.5371
25230	69.9021
25240	71.5335
25250	75.4965
25260	70.891
25270	73.9203
25280	72.2332
25290	72.3923
25300	74.0571
25310	71.2449
25320	73.5674
25330	74.2065
25340	69.4269
25350	72.4864
25360	73.3494
25370	74.3603
25380	72.4766
25390	72.581
25400	72.2661
25410	74.5835
25420	72.7642
25430	74.9187
25440	74.3964
25450	73.2514
25460	72.0865
25470	73.5989
25480	71.3017
25490	75.8007
25500	71.8532
25510	71.4887
25520	73.9879
25530	73.3066
25540	70.8073
25550	73.9495
25560	70.7514
25570	74.6509
25580	73.0183
25590	75.192
25600	71.3863
25610	72.2223
25620	70.9122
25630	72.9156
25640	74.2245
25650	70.3453
25660	73.4795
25670	69.367
25680	72.9617
25690	71.8325
25700	71.9049
25710	74.2361
25720	71.1995
25730	73.8701
25740	72.1214
25750	76.0016
25760	70.8608
25770	71.5918
25780	70.9662
25790	70.4043
25800	70.6956
25810	74.3365
25820	71.5397
25830	70.7693
25840	73.4427
25850	71.4727
25860	71.9207
25870	72.783
25880	73.7376
25890	70.7244
25900	75.7147
25910	71.7822
25920	70.0876
25930	73.2325
25940	69.8782
25950	72.4261
25960	73.6342
25970	73.166
25980	72.8477
25990	72.3786
26000	72.1742
26010	75.2603
26020	72.1091
26030	71.8239
26040	73.6175
26050	69.0143
26060	74.2699
26070	71.6003
26080	75.1284
26090	72.2132
26100	74.4294
26110	71.1783
26120	73.2811
26130	71.6643
26140	75.7812
26150	75.8313
26160	74.239
26170	72.3311
26180	69.9476
26190	70.9532
26200	75.1383
26210	71.5361
26220	73.3129
26230	70.3615
26240	70.2581
26250	73.3347
26260	76.9724
26270	73.9711
26280	73.6393
26290	71.7469
26300	72.5472
26310	71.3337
26320	71.0678
26330	75.0613
26340	71.4291
26350	72.1711
26360	71.9254
26370	71.7803
26380	71.6794
26390	74.0991
26400	72.4348
26410	76.6322
26420	72.9056
26430	72.4167
26440	71.5624
26450	72.1051
26460	74.9225
26470	71.4097
26480	72.3159
26490	73.0399
26500	71.6539
26510	71.6375
26520	75.8331
26530	76.5998
26540	73.9777
26550	72.5239
26560	72.6885
26570	75.5838
26580	72.5614
26590	73.5049
26600	72.2598
26610	70.7131
26620	70.335
26630	72.1855
26640	75.0876
26650	73.0583
26660	74.188
26670	72.2668
26680	72.5158
26690	72.5073
26700	68.8122
26710	74.3023
26720	72.743
26730	72.0607
26740	71.2722
26750	70.8344
26760	70.6862
26770	71.5475
26780	73.317
26790	72.7535
26800	70.8727
26810	71.9434
26820	69.3195
26830	76.12
26840	69.6255
26850	75.639
26860	68.4677
26870	71.714
26880	71.9289
26890	72.3479
26900	71.9491
26910	72.9377
26920	72.3051
26930	73.0419
26940	73.0111
26950	75.3508
26960	70.843
26970	76.0618
26980	69.1132
26990	75.7533
27000	72.749
27010	71.1868
27020	75.6534
27030	70.0526
27040	75.6293
27050	70.2676
27060	72.6651
27070	73.7277
27080	70.5469
27090	73.5455
27100	71.77
27110	74.1559
27120	75.4745
27130	72.0015
27140	74.4689
27150	69.923
27160	72.6203
27170	70.9734
27180	74.3676
27190	71.5145
27200	73.7642
27210	72.0189
27220	70.2036
27230	75.2068
27240	73.7735
27250	72.2314
27260	73.2392
27270	68.4112
27280	73.55
27290	68.5063
27300	74.2752
27310	70.9913
27320	71.6747
27330	71.8444
27340	74.0731
27350	70.7455
27360	70.5428
27370	73.2302
27380	71.8803
27390	72.8485
27400	74.3763
27410	70.3202
27420	73.4712
27430	71.535
27440	72.5529
27450	71.9635
27460	71.9413
27470	74.2721
27480	70.3146
27490	74.4748
27500	71.1178
27510	72.2144
27520	73.0519
27530	71.0462
27540	71.4225
27550	70.5974
27560	72.2226
27570	73.2045
27580	73.8067
27590	73.8322
27600	71.7852
27610	74.5578
27620	73.6708
27630	73.0302
27640	70.8602
27650	74.8069
27660	71.2463
27670	69.8575
27680	73.6621
27690	71.3574
27700	72.7849
27710	72.9349
27720	73.1316
27730	73.4747
27740	70.6441
27750	73.9033
27760	71.2108
27770	71.0872
27780	75.1244
27790	71.8992
27800	71.3696
27810	72.5317
27820	73.3245
27830	71.3797
27840	71.198
27850	74.1471
27860	72.1766
27870	71.6113
27880	74.1875
27890	74.4916
27900	74.9354
27910	74.2873
27920	72.5985
27930	70.7518
27940	73.6685
27950	73.0146
27960	71.1102
27970	74.9249
27980	70.4662
27990	73.3422
28000	72.0128
28010	73.1458
28020	72.8965
28030	71.42
28040	73.1012
28050	73.4555
28060	72.0261
28070	71.1526
28080	70.8284
28090	73.6771
28100	73.4372
28110	73.2012
28120	70.1253
28130	74.6702
28140	74.0573
28150	73.0608
28160	75.5035
28170	74.4117
28180	72.2391
28190	69.9047
28200	69.5184
28210	72.3821
28220	68.9629
28230	74.1607
28240	71.5297
28250	71.8238
28260	69.8399
28270	73.8323
28280	74.1332
28290	73.3544
28300	73.0172
28310	70.7049
28320	69.9947
28330	70.8692
28340	72.0805
28350	71.9968
28360	70.0527
28370	71.766
28380	69.0513
28390	71.954
28400	73.0076
28410	71.2727
28420	73.908
28430	68.6487
28440	72.7549
28450	69.3941
28460	74.5569
28470	71.7512
28480	72.6936
28490	70.9855
28500	71.0987
28510	72.1975
28520	70.6922
28530	72.049
28540	74.894
28550	71.0547
28560	75.2102
28570	69.3611
28580	74.5433
28590	70.7361
28600	71.5207
28610	72.6005
28620	72.4715
28630	72.1221
28640	70.2542
28650	73.2338
28660	73.3551
28670	70.939
28680	73.7634
28690	69.891
28700	75.8293
28710	69.0058
28720	74.6229
28730	71.2654
28740	70.3572
28750	70.5123
28760	70.791
28770	73.0061
28780	68.2836
28790	73.3734
28800	74.0647
28810	72.2083
28820	73.5066
28830	70.2872
28840	72.82
28850	75.277
28860	71.3962
28870	74.2734
28880	68.254
28890	73.7752
28900	68.7481
28910	72.0485
28920	73.7338
28930	72.3621
28940	72.1469
28950	71.5849
28960	71.5227
28970	70.9338
28980	72.107
28990	73.4855
29000	71.9664
29010	73.0647
29020	69.0132
29030	71.8322
29040	73.0664
29050	69.1138
29060	72.3134
29070	70.8531
29080	70.676
29090	69.089
29100	73.4798
29110	74.2849
29120	70.2854
29130	70.8335
29140	70.1497
29150	72.4731
29160	68.9609
29170	72.4609
29180	69.4844
29190	72.1774
29200	69.5194
29210	72.1823
29220	73.5323
29230	71.0844
29240	73.789
29250	70.6755
29260	71.5943
29270	71.7274
29280	69.7351
29290	72.4997
29300	72.777
29310	71.4925
29320	71.3601
29330	71.0576
29340	67.9943
29350	71.0745
29360	71.5504
29370	72.0695
29380	73.0861
29390	70.9065
29400	69.941
29410	70.4418
29420	71.004
29430	73.9065
29440	69.4574
29450	73.4587
29460	69.9391
29470	69.6592
29480	70.9888
29490	69.0831
29500	72.6177
29510	70.5113
29520	72.3633
29530	71.9269
29540	70.0633
29550	72.7505
29560	74.6314
29570	75.258
29580	69.7624
29590	70.7069
29600	69.0241
29610	69.9673
29620	70.2632
29630	72.3134
29640	71.8104
29650	69.8802
29660	73.0192
29670	68.6818
29680	71.2122
29690	73.8952
29700	73.6355
29710	69.9458
29720	69.5702
29730	67.4893
29740	71.5484
29750	69.2275
29760	73.6591
29770	72.4521
29780	70.8133
29790	70.7243
29800	70.8609
29810	71.9799
29820	72.828
29830	72.3013
29840	70.7743
29850	69.6572
29860	69.5948
29870	69.4237
29880	75.0016
29890	70.0915
29900	73.0019
29910	67.5994
29920	72.227
29930	73.8324
29940	71.8071
29950	72.9536
29960	70.7964
29970	68.4542
29980	72.0675
29990	68.6642
30000	70.7833
30010	72.658
30020	69.7801
30030	69.7097
30040	70.6097
30050	69.5062
30060	69.2971
30070	70.9742
30080	72.0029
30090	71.8771
30100	69.7573
30110	71.4056
30120	72.559
30130	69.6874
30140	74.1072
30150	71.0707
30160	71.7479
30170	69.9292
30180	71.1165
30190	72.5685
30200	68.9796
30210	70.9646
30220	71.4432
30230	74.6119
30240	69.4093
30250	71.2737
30260	68.2248
30270	71.5843
30280	72.4128
30290	72.7512
30300	68.9849
30310	69.7866
30320	70.6457
30330	73.0188
30340	72.1392
30350	72.132
30360	70.4356
30370	70.4475
30380	68.7668
30390	68.668
30400	73.1452
30410	70.4937
30420	72.9379
30430	72.4321
30440	68.9276
30450	72.7866
30460	71.2383
30470	74.6664
30480	69.1951
30490	73.7507
30500	72.1373
30510	71.353
30520	73.4254
30530	70.668
30540	74.7298
30550	74.429
30560	71.3097
30570	70.7192
30580	69.9735
30590	72.3184
30600	69.3553
30610	73.209
30620	72.2409
30630	70.5008
30640	72.1691
30650	69.6124
30660	75.5425
30670	70.7327
30680	71.9136
30690	70.7235
30700	69.8026
30710	69.5174
30720	72.395
30730	71.6884
30740	72.5835
30750	69.61
30760	70.0059
30770	71.3977
30780	74.141
30790	72.4899
30800	72.0863
30810	72.5616
30820	70.0166
30830	70.4823
30840	69.6642
30850	74.9454
30860	72.7415
30870	68.9615
30880	70.4633
30890	67.5149
30900	74.9161
30910	70.591
30920	72.6147
30930	72.6722
30940	72.0953
30950	72.09
30960	71.2921
30970	70.7941
30980	73.7922
30990	71.2752
31000	72.007
31010	69.7696
31020	72.762
31030	69.328
31040	72.7409
31050	68.7296
31060	72.8598
31070	69.913
31080	72.8862
31090	72.2224
31100	68.4176
31110	72.7017
31120	72.4268
31130	72.9662
31140	70.1026
31150	71.0152
31160	72.4665
31170	72.1881
31180	73.3568
31190	72.0355
31200	74.6005
31210	72.7505
31220	71.6926
31230	71.4926
31240	70.9187
31250	70.5838
31260	72.2861
31270	71.2882
31280	71.0819
31290	69.3789
31300	73.4934
31310	71.8001
31320	72.4721
31330	71.1713
31340	72.504
31350	73.354
31360	69.8496
31370	73.9041
31380	71.2898
31390	73.3979
31400	73.2578
31410	69.5597
31420	71.2797
31430	72.4267
31440	73.1449
31450	74.0042
31460	71.5257
31470	72.8015
31480	69.3612
31490	72.3172
31500	70.8175
31510	74.3248
31520	70.1125
31530	73.9794
31540	72.8564
31550	71.6497
31560	74.5606
31570	72.3939
31580	71.7624
31590	72.6786
31600	67.4811
31610	76.3649
31620	66.7587
31630	71.4138
31640	70.9356
31650	73.7982
31660	69.6194
31670	71.9386
31680	71.4088
31690	73.7013
31700	74.0879
31710	73.6914
31720	71.2882
31730	72.5564
31740	69.9978
31750	74.5175
31760	72.5816
31770	72.3968
31780	72.3759
31790	69.9578
31800	71.3765
31810	69.2581
31820	75.0227
31830	72.1129
31840	72.8992
31850	72.6976
31860	71.6505
31870	72.9251
31880	75.3855
31890	71.6359
31900	74.5846
31910	70.9821
31920	72.4956
31930	69.9624
31940	74.2945
31950	69.5341
31960	74.7208
31970	72.028
31980	72.3877
31990	72.1814
32000	70.2025
32010	74.1309
32020	73.7238
32030	71.2595
32040	70.1374
32050	69.5973
32060	75.3049
32070	71.8215
32080	74.7649
32090	73.011
32100	71.9736
32110	69.684
32120	71.6002
32130	74.19
32140	74.0283
32150	73.2717
32160	70.6899
32170	71.0163
32180	68.48
32190	71.2853
32200	72.8509
32210	72.5544
32220	73.8108
32230	72.0166
32240	71.5893
32250	72.5931
32260	70.8287
32270	73.7948
32280	71.2238
32290	71.8603
32300	71.3796
32310	68.2176
32320	74.1549
32330	70.8611
32340	72.1929
32350	71.1499
32360	72.0564
32370	70.8922
32380	71.6895
32390	69.5763
32400	75.7728
32410	73.2109
32420	71.057
32430	71.5508
32440	72.3533
32450	70.375
32460	72.3466
32470	70.8205
32480	73.8361
32490	72.3023
32500	71.9817
32510	73.0059
32520	72.4565
32530	76.692
32540	74.3565
32550	71.6987
32560	71.0326
32570	70.2377
32580	69.7595
32590	73.95
32600	73.443
32610	71.8251
32620	71.6423
32630	68.9419
32640	71.9281
32650	74.7022
32660	71.652
32670	74.8827
32680	71.9599
32690	72.0246
32700	70.293
32710	69.1504
32720	70.6931
32730	73.3585
32740	69.7323
32750	71.5942
32760	70.384
32770	74.5481
32780	72.7969
32790	75.3854
32800	72.3001
32810	74.1884
32820	68.195
32830	74.7533
32840	69.1706
32850	73.6097
32860	71.3473
32870	72.4709
32880	67.8693
32890	69.6691
32900	71.1506
32910	73.8308
32920	73.7566
32930	73.1907
32940	71.4302
32950	70.7984
32960	73.265
32970	71.4763
32980	75.262
32990	72.1199
33000	71.0249
33010	69.9524
33020	70.7657
33030	74.2693
33040	70.3094
33050	71.5376
33060	74.116
33070	71.9911
33080	68.746
33090	71.176
33100	73.7641
33110	72.7666
33120	74.625
33130	70.0028
33140	71.1052
33150	70.7321
33160	70.4386
33170	73.275
33180	74.1088
33190	71.8981
33200	70.244
33210	70.0047
33220	73.8596
33230	71.8373
33240	73.8635
33250	73.5356
33260	71.5727
33270	70.0187
33280	75.2238
33290	71.333
33300	75.5813
33310	70.9892
33320	71.0468
33330	70.7919
33340	70.922
33350	73.386
33360	73.1752
33370	71.4175
33380	75.0088
33390	71.7999
33400	71.7948
33410	72.5342
33420	71.8151
33430	70.1014
33440	73.9364
33450	71.2619
33460	71.4992
33470	71.7416
33480	72.8007
33490	74.2583
33500	73.0754
33510	73.1776
33520	72.4577
33530	70.8968
33540	73.1567
33550	70.9665
33560	73.8515
33570	71.3169
33580	72.6398
33590	73.3313
33600	70.1652
33610	70.1798
33620	74.4021
33630	74.3844
33640	73.2042
33650	73.2969
33660	73.801
33670	71.6651
33680	69.7108
33690	72.5714
33700	72.0876
33710	71.5955
33720	71.267
33730	72.0828
33740	70.9444
33750	70.302
33760	73.1669
33770	71.1721
33780	72.6752
33790	69.412
33800	72.1578
33810	69.8482
33820	72.2279
33830	74.0363
33840	72.0771
33850	73.1812
33860	71.0468
33870	70.469
33880	70.6223
33890	74.6887
33900	72.7159
33910	73.8312
33920	70.9456
33930	70.1912
33940	70.4098
33950	74.3927
33960	72.489
33970	74.7904
33980	70.3757
33990	71.9041
34000	71.2549
34010	72.3899
34020	71.3869
34030	71.5209
34040	70.0944
34050	70.599
34060	70.3962
34070	76.0642
34080	69.6201
34090	74.1545
34100	71.4509
34110	71.8902
34120	72.6855
34130	68.7015
34140	72.8515
34150	70.5889
34160	71.5551
34170	71.4448
34180	71.201
34190	71.9196
34200	73.145
34210	74.5764
34220	71.5328
34230	73.7934
34240	69.2754
34250	72.9758
34260	72.001
34270	71.6455
34280	74.8137
34290	69.7371
34300	70.3265
34310	69.499
34320	69.5063
34330	73.0391
34340	73.9924
34350	71.0259
34360	70.9798
34370	70.6545
34380	74.5516
34390	69.3215
34400	72.237
34410	71.413
34420	72.2216
34430	67.339
34440	71.444
34450	72.9257
34460	68.8214
34470	70.3816
34480	70.461
34490	73.0926
34500	71.6331
34510	72.4251
34520	73.4202
34530	72.1603
34540	72.4166
34550	70.7353
34560	71.2572
34570	73.517
34580	70.2822
34590	69.5965
34600	75.0973
34610	71.3175
34620	72.94
34630	71.0863
34640	72.3175
34650	68.5992
34660	74.4146
34670	71.1783
34680	72.1595
34690	70.304
34700	70.7891
34710	67.8179
34720	70.941
34730	73.3858
34740	71.911
34750	71.8841
34760	70.1382
34770	70.3136
34780	72.7442
34790	69.6795
34800	75.1404
34810	72.1765
34820	72.6833
34830	69.1706
34840	71.5918
34850	73.0317
34860	72.6626
34870	75.1219
34880	70.1376
34890	73.2062
34900	70.2593
34910	72.851
34920	74.057
34930	71.8622
34940	74.4924
34950	70.7764
34960	71.1465
34970	71.101
34980	72.8674
34990	75.1337
35000	70.053
35010	72.4975
35020	67.9514
35030	69.4341
35040	74.2953
35050	74.8216
35060	72.5974
35070	72.4087
35080	70.4803
35090	71.1583
35100	69.9017
35110	76.6292
35120	72.2896
35130	74.0178
35140	68.2879
35150	71.7346
35160	72.1924
35170	69.9616
35180	74.2888
35190	70.9018
35200	72.6555
35210	70.6558
35220	69.4052
35230	74.7688
35240	72.2908
35250	72.326
35260	71.8461
35270	71.2309
35280	73.2792
35290	71.2013
35300	72.917
35310	71.2272
35320	71.3367
35330	71.1573
35340	70.3758
35350	70.4618
35360	69.6296
35370	74.0867
35380	69.8435
35390	73.4254
35400	68.4479
35410	71.2487
35420	73.4373
35430	72.2194
35440	72.5745
35450	70.3149
35460	71.7326
35470	70.3515
35480	71.6943
35490	72.3857
35500	73.1188
35510	71.3913
35520	70.4229
35530	72.4549
35540	71.8757
35550	71.3791
35560	71.3114
35570	73.9378
35580	70.1432
35590	70.2895
35600	71.8436
35610	73.0949
35620	72.3174
35630	73.7091
35640	73.2913
35650	71.4806
35660	72.9324
35670	73.8163
35680	71.7347
35690	73.233
35700	73.4623
35710	69.8409
35720	70.5537
35730	72.0592
35740	71.4935
35750	69.6728
35760	69.7728
35770	72.7665
35780	71.6512
35790	71.3004
35800	74.0742
35810	70.5717
35820	76.4198
35830	71.0783
35840	74.7148
35850	66.6259
35860	71.9364
35870	70.7403
35880	68.2121
35890	71.3849
35900	71.3759
35910	71.6201
35920	71.8553
35930	69.0715
35940	74.2501
35950	74.5389
35960	74.8876
35970	71.3868
35980	71.9538
35990	71.0743
36000	68.9222
