10	5
20	5
30	5
40	5
50	5
60	5
70	6.66667
80	13.3333
90	23.3333
100	23.3333
110	33.3333
120	16.6667
130	26.6667
140	23.3333
150	33.3333
160	16.6667
170	26.6667
180	36.6667
190	30
200	40
210	18.8333
220	28.8333
230	28.25
240	38.25
250	48.25
260	33.25
270	25
280	35
290	30
300	40
310	50
320	30
330	25
340	35
350	45
360	37.5
370	47.5
380	27.5
390	22.5
400	32.5
410	27.5
420	37.5
430	30
440	40
450	31.5
460	41.5
470	33.9167
480	43.9167
490	34.8333
500	44.8333
510	54.8333
520	41.5
530	51.5
540	45
550	55
560	41.6667
570	51.6667
580	61.6667
590	48.3333
600	36.6667
610	46.6667
620	36.2917
630	46.2917
640	56.2917
650	44.7083
660	54.7083
670	42.9583
680	52.9583
690	62.9583
700	43.7083
710	53.7083
720	48.7778
730	39.7778
740	49.7778
750	59.7778
760	44.4444
770	54.4445
780	37.7778
790	47.7778
800	33.8444
810	43.8444
820	53.8444
830	49.1556
840	59.1556
850	47.7889
860	57.7889
870	67.7889
880	45.4889
890	38.1667
900	48.1667
910	42.5667
920	52.5667
930	62.5667
940	47.5667
950	57.5667
960	44.8333
970	54.8333
980	47.3333
990	57.3333
1000	67.3333
1010	48.1667
1020	58.1667
1030	54.1667
1040	64.1667
1050	74.1667
1060	64.8095
1070	74.8095
1080	55.1905
1090	65.1905
1100	53.2381
1110	63.2381
1120	73.2381
1130	58.3036
1140	42.3482
1150	52.3482
1160	62.3482
1170	50.3036
1180	60.3036
1190	48.4286
1200	58.4286
1210	50.2321
1220	60.2321
1230	53.7941
1240	63.7941
1250	46.6838
1260	56.6838
1270	66.6838
1280	56.6765
1290	66.6765
1300	56.0703
1310	66.0703
1320	43.9918
1330	53.9918
1340	48.9412
1350	58.9412
1360	50.1563
1370	60.1563
1380	42.6125
1390	52.6125
1400	43.1328
1410	53.1328
1420	63.1328
1430	49.3484
1440	42.4394
1450	52.4394
1460	62.4394
1470	56.274
1480	66.274
1490	47.7026
1500	57.7026
1510	67.7026
1520	60
1530	70
1540	60.1739
1550	70.1739
1560	46.7702
1570	56.7702
1580	47.441
1590	57.441
1600	49.7888
1610	59.7888
1620	69.7888
1630	46.3106
1640	56.3106
1650	52.0334
1660	62.0334
1670	52.1856
1680	62.1856
1690	72.1855
1700	66.712
1710	76.712
1720	62.1735
1730	72.1735
1740	60.9406
1750	70.9406
1760	61.2395
1770	71.2395
1780	81.2395
1790	58.5928
1800	68.5928
1810	55.8613
1820	65.8613
1830	56.4354
1840	66.4354
1850	60.1045
1860	55.1045
1870	65.1045
1880	75.1045
1890	70.5977
1900	80.5977
1910	64.9771
1920	74.9771
1930	84.9771
1940	75.6376
1950	85.6376
1960	74.6434
1970	84.6434
1980	57.8733
1990	67.8733
2000	77.8733
2010	65.7146
2020	75.7146
2030	61.4846
2040	71.4846
2050	46.118
2060	56.118
2070	51.1257
2080	61.1257
2090	71.1257
2100	56.1257
2110	66.1257
2120	55.8674
2130	65.8674
2140	55.8674
2150	65.8674
2160	59.6174
2170	69.6174
2180	64.375
2190	74.375
2200	54.375
2210	64.375
2220	74.375
2230	64.6691
2240	74.6691
2250	59.8405
2260	69.8405
2270	79.8405
2280	70.6435
2290	80.6435
2300	70.9775
2310	51.8347
2320	61.8347
2330	71.8347
2340	61.9326
2350	71.9326
2360	57.6468
2370	67.6469
2380	77.6469
2390	69.3342
2400	79.3342
2410	65.0485
2420	75.0485
2430	85.0485
2440	74.3238
2450	84.3238
2460	71.6095
2470	81.6095
2480	58.4927
2490	68.4927
2500	53.6812
2510	63.6812
2520	57.9276
2530	67.9276
2540	77.9276
2550	55.7655
2560	65.7655
2570	59.024
2580	69.024
2590	79.024
2600	70.0676
2610	52.5
2620	62.5
2630	57.027
2640	67.027
2650	77.027
2660	68.1081
2670	78.1081
2680	55.9189
2690	65.9189
2700	75.9189
2710	62.352
2720	72.352
2730	59.6128
2740	51.3562
2750	61.3562
2760	71.3562
2770	64.4331
2780	74.4331
2790	57.9314
2800	67.9314
2810	77.9314
2820	68.1487
2830	78.1487
2840	69.4053
2850	79.4052
2860	57.624
2870	67.624
2880	77.624
2890	66.0747
2900	76.0747
2910	65.8896
2920	75.8896
2930	53.3314
2940	63.3314
2950	56.3893
2960	66.3893
2970	58.888
2980	68.888
2990	50.6163
3000	60.6163
3010	54.8837
3020	64.8837
3030	74.8837
3040	61.0201
3050	71.0201
3060	61.5169
3070	71.5169
3080	62.0666
3090	72.0666
3100	53.5151
3110	63.5151
3120	56.5403
3130	66.5403
3140	59.3434
3150	69.3434
3160	51.3434
3170	61.3434
3180	71.3434
3190	65.1778
3200	75.1778
3210	61.8444
3220	53.4141
3230	63.4141
3240	73.4141
3250	62.2222
3260	72.2222
3270	54.2222
3280	64.2222
3290	55.3333
3300	65.3333
3310	75.3333
3320	62
3330	72
3340	64.2435
3350	74.2435
3360	84.2435
3370	74.3623
3380	55.7701
3390	65.7701
3400	75.7701
3410	66.4834
3420	58
3430	68
3440	78
3450	54.4433
3460	64.4433
3470	52.7302
3480	62.7302
3490	72.7302
3500	58.7302
3510	51.5831
3520	61.5831
3530	71.5831
3540	65.19
3550	75.19
3560	55.8292
3570	65.8292
3580	59.9451
3590	69.9451
3600	79.9451
3610	70.7389
3620	80.7389
3630	55.9691
3640	65.9691
3650	57.0932
3660	67.0932
3670	77.0932
3680	67.4814
3690	48.0191
3700	58.0191
3710	68.0191
3720	62.3741
3730	72.3741
3740	57.374
3750	67.3741
3760	77.3741
3770	66.4297
3780	76.4297
3790	61.4297
3800	71.4297
3810	81.4297
3820	68.9553
3830	78.9553
3840	63.9553
3850	55.0517
3860	65.0517
3870	75.0517
3880	67.7044
3890	77.7044
3900	58.3651
3910	68.3651
3920	59.0172
3930	69.0172
3940	57.3498
3950	67.3498
3960	48.185
3970	58.185
3980	68.185
3990	62.952
4000	72.952
4010	58.3906
4020	68.3906
4030	59.2337
4040	69.2337
4050	64.2595
4060	74.2595
4070	54.4788
4080	64.4788
4090	74.4788
4100	64.9673
4110	55.0909
4120	65.0909
4130	75.0909
4140	50.0909
4150	60.0909
4160	55.5229
4170	65.5229
4180	58.8591
4190	68.8591
4200	49.1132
4210	59.1132
4220	54.8553
4230	64.8553
4240	58.67
4250	68.67
4260	78.67
4270	54.2334
4280	64.2334
4290	55.6876
4300	65.6876
4310	75.6876
4320	60.7511
4330	51.5984
4340	61.5984
4350	71.5984
4360	65.6531
4370	75.6531
4380	55.9377
4390	65.9377
4400	58.4677
4410	68.4677
4420	78.4677
4430	63.8523
4440	73.8523
4450	65.9142
4460	75.9142
4470	85.9142
4480	75.3635
4490	85.3635
4500	60.9019
4510	70.9019
4520	54.6833
4530	64.6833
4540	59.3077
4550	69.3077
4560	79.3077
4570	55.267
4580	65.267
4590	57.8621
4600	67.8621
4610	58.1893
4620	68.1893
4630	62.13
4640	72.13
4650	64.6197
4660	74.6197
4670	84.6197
4680	60.4367
4690	70.4367
4700	62.0502
4710	72.0502
4720	61.26
4730	71.26
4740	81.26
4750	57.26
4760	46.9114
4770	56.9114
4780	66.9114
4790	62.6113
4800	72.6113
4810	53.0845
4820	63.0845
4830	55.0371
4840	65.0371
4850	75.0371
4860	60.6768
4870	70.6768
4880	62.6861
4890	72.6861
4900	82.6861
4910	69.6802
4920	50.6933
4930	60.6933
4940	70.6933
4950	63.2137
4960	73.2136
4970	59.241
4980	69.241
4990	61.6109
5000	71.6109
5010	81.6109
5020	73.9924
5030	83.9924
5040	60.4307
5050	70.4307
5060	57.8484
5070	67.8484
5080	55.9552
5090	65.9552
5100	75.9552
5110	51.9715
5120	61.9715
5130	56.7475
5140	66.7475
5150	76.7475
5160	62.4232
5170	56.0718
5180	66.0718
5190	59.6387
5200	69.6387
5210	79.6387
5220	60.709
5230	70.709
5240	62.9027
5250	72.9027
5260	63.6037
5270	73.6037
5280	83.6037
5290	60.235
5300	50.7882
5310	60.7882
5320	70.7882
5330	58.7248
5340	68.7248
5350	50.5815
5360	60.5815
5370	70.5815
5380	64.8347
5390	74.8347
5400	61.6395
5410	54.4217
5420	64.4217
5430	74.4217
5440	66.2656
5450	76.2656
5460	58.7268
5470	68.7268
5480	78.7268
5490	69.8399
5500	79.8399
5510	69.6651
5520	79.6651
5530	57.6898
5540	67.6898
5550	55.1946
5560	65.1946
5570	56.9136
5580	66.9136
5590	76.9136
5600	54.9383
5610	64.9383
5620	57.1786
5630	67.1786
5640	77.1786
5650	64.0409
5660	56.5038
5670	66.5038
5680	76.5038
5690	66.6653
5700	76.6653
5710	58.5048
5720	68.5048
5730	60.9061
5740	70.9061
5750	63.4146
5760	73.4146
5770	55.2219
5780	65.2219
5790	54.8772
5800	64.8772
5810	56.2108
5820	66.2108
5830	76.2108
5840	53.6493
5850	63.6493
5860	55.3524
5870	65.3524
5880	75.3524
5890	62.1016
5900	54.659
5910	64.659
5920	58.6476
5930	68.6476
5940	78.6476
5950	61.3115
5960	71.3115
5970	63.8455
5980	73.8455
5990	83.8455
6000	75.0018
6010	85.0018
6020	63.12
6030	52.6777
6040	62.6777
6050	72.6777
6060	59.4325
6070	69.4325
6080	52.3595
6090	62.3595
6100	72.3595
6110	65.476
6120	75.476
6130	62.9485
6140	72.9485
6150	63.1106
6160	73.1106
6170	83.1106
6180	68.4588
6190	51.1212
6200	61.1212
6210	71.1212
6220	61.887
6230	71.887
6240	59.0609
6250	69.0609
6260	79.0609
6270	71.3433
6280	81.3433
6290	68.3068
6300	78.3068
6310	67.2093
6320	77.2093
6330	67.7501
6340	77.7501
6350	87.7501
6360	65.1271
6370	75.1271
6380	61.7985
6390	71.7985
6400	60.6148
6410	70.6148
6420	80.6148
6430	58.0239
6440	46.9912
6450	56.9912
6460	66.9912
6470	61.522
6480	71.522
6490	53.687
6500	63.687
6510	58.5778
6520	68.5778
6530	78.5778
6540	65.3819
6550	57.2376
6560	67.2376
6570	77.2376
6580	66.846
6590	76.846
6600	59.1908
6610	69.1908
6620	79.1908
6630	68.6085
6640	78.6085
6650	68.2979
6660	78.2979
6670	56.1551
6680	66.1551
6690	51.9959
6700	61.9959
6710	57.4647
6720	67.4647
6730	77.4647
6740	55.2753
6750	65.2753
6760	60.0306
6770	70.0306
6780	64.6865
6790	74.6865
6800	84.6865
6810	62.4865
6820	50.3865
6830	60.3865
6840	70.3865
6850	62.7
6860	72.7
6870	55.1
6880	65.1
6890	75.1
6900	64.2
6910	74.2
6920	61.2
6930	71.2
6940	60.8
6950	70.8
6960	59.2
6970	69.2
6980	79.2
6990	56.8931
7000	66.8931
7010	61.9168
7020	58.3564
7030	68.3564
7040	78.3564
7050	60.4356
7060	50.1871
7070	60.1871
7080	70.1871
7090	59.4178
7100	69.4178
7110	51.497
7120	61.497
7130	71.497
7140	60.099
7150	70.099
7160	56.8317
7170	66.8317
7180	56.6337
7190	66.6337
7200	62.3762
7210	72.3762
7220	54.4554
7230	64.4554
7240	74.4554
7250	67.0297
7260	77.0297
7270	63.7624
7280	73.7624
7290	65.2607
7300	75.2607
7310	65.0953
7320	75.0953
7330	85.0953
7340	62.217
7350	72.217
7360	61.4704
7370	71.4704
7380	62.6469
7390	72.6469
7400	64.3249
7410	74.3249
7420	65.9856
7430	75.9856
7440	85.9856
7450	63.3049
7460	73.3049
7470	62.1323
7480	72.1323
7490	61.1025
7500	71.1025
7510	81.1025
7520	58.7589
7530	47.4185
7540	57.4185
7550	67.4185
7560	61.625
7570	71.625
7580	53.6712
7590	63.6712
7600	73.6712
7610	67.1438
7620	77.1438
7630	63.9689
7640	73.9689
7650	64.6409
7660	74.6409
7670	64.1403
7680	74.1403
7690	84.1403
7700	61.4802
7710	71.4802
7720	61.3548
7730	71.3548
7740	61.0466
7750	71.0466
7760	81.0465
7770	58.3363
7780	47.6821
7790	57.6821
7800	67.6821
7810	61.9811
7820	71.9811
7830	54.0043
7840	64.0043
7850	58.3055
7860	68.3055
7870	78.3055
7880	65.1573
7890	57.7981
7900	67.7981
7910	77.7981
7920	67.7859
7930	77.7859
7940	59.9724
7950	69.9724
7960	79.9724
7970	67.8073
7980	77.8073
7990	68.0832
8000	78.0832
8010	55.591
8020	65.591
8030	53.4735
8040	63.4735
8050	59.3481
8060	69.348
8070	51.4909
8080	61.4909
8090	71.4909
8100	62.1429
8110	72.1429
8120	58.9286
8130	68.9286
8140	61.2315
8150	71.2315
8160	62.8892
8170	72.8892
8180	82.8892
8190	60.9269
8200	70.9269
8210	59.7849
8220	69.7849
8230	79.7849
8240	67.3272
8250	59.521
8260	69.521
8270	79.521
8280	68.8191
8290	78.8191
8300	61.87
8310	71.87
8320	63.2187
8330	73.2187
8340	83.2187
8350	70.8083
8360	80.8083
8370	59.6971
8380	69.6971
8390	56.4042
8400	66.4042
8410	59.155
8420	69.155
8430	52.874
8440	62.874
8450	72.874
8460	61.8699
8470	71.8699
8480	59.969
8490	69.969
8500	60.8781
8510	70.8781
8520	61.197
8530	71.197
8540	81.197
8550	60.5177
8560	70.5177
8570	63.9897
8580	73.9897
8590	67.7117
8600	77.7118
8610	61.3703
8620	50.7922
8630	60.7922
8640	70.7922
8650	58.0714
8660	68.0714
8670	51.7724
8680	61.7724
8690	71.7724
8700	61.3006
8710	71.3006
8720	59.5264
8730	69.5264
8740	59.1703
8750	69.1703
8760	63.2595
8770	73.2595
8780	57.1133
8790	67.1133
8800	77.1133
8810	67.935
8820	77.935
8830	66.2814
8840	76.2814
8850	86.2814
8860	76.6978
8870	86.6977
8880	73.5075
8890	83.5075
8900	63.2155
8910	73.2155
8920	57.7508
8930	67.7508
8940	60.4591
8950	70.4591
8960	80.4591
8970	60.3053
8980	70.3053
8990	59.318
9000	69.318
9010	79.318
9020	65.6644
9030	49.8183
9040	59.8183
9050	69.8183
9060	63.6644
9070	73.6644
9080	62.126
9090	72.126
9100	65.4663
9110	75.4663
9120	67.4884
9130	77.4884
9140	61.8034
9150	71.8034
9160	58.2204
9170	68.2204
9180	55.7478
9190	65.7478
9200	75.7478
9210	55.6841
9220	65.6841
9230	56.3575
9240	66.3575
9250	76.3575
9260	64.7157
9270	56.6237
9280	66.6237
9290	76.6237
9300	68.0047
9310	78.0047
9320	61.9822
9330	71.9822
9340	62.9287
9350	72.9287
9360	82.9287
9370	74.0833
9380	84.0833
9390	64.1054
9400	52.7231
9410	62.7231
9420	72.7231
9430	60.7664
9440	70.7664
9450	55.0689
9460	65.0689
9470	75.0689
9480	66.7962
9490	76.7962
9500	67.1401
9510	77.1401
9520	87.1401
9530	62.7901
9540	49.4715
9550	59.4715
9560	69.4715
9570	64.0708
9580	74.0708
9590	58.7187
9600	68.7187
9610	61.5686
9620	71.5686
9630	65.8709
9640	75.8709
9650	60.5188
9660	70.5188
9670	58.547
9680	68.547
9690	55.8093
9700	65.8093
9710	75.8093
9720	56.3131
9730	66.3131
9740	57.3073
9750	67.3073
9760	77.3073
9770	70.0864
9780	54.845
9790	64.845
9800	57.1646
9810	67.1646
9820	61.6077
9830	71.6076
9840	56.5075
9850	66.5075
9860	76.5075
9870	65.4817
9880	75.4817
9890	64.2769
9900	74.2769
9910	54.8006
9920	64.8006
9930	54.0079
9940	64.0079
9950	74.0079
9960	67.6747
9970	77.6746
9980	57.9047
9990	50.2938
10000	60.2938
10010	70.2938
10020	63.052
10030	73.052
10040	57.66
10050	67.66
10060	77.66
10070	69.0544
10080	79.0544
10090	71.8311
10100	81.8311
10110	62.2226
10120	72.2226
10130	56.7225
10140	66.7225
10150	57.644
10160	67.644
10170	77.644
10180	57.9751
10190	67.9751
10200	57.5908
10210	67.5908
10220	77.5908
10230	69.0722
10240	53.7254
10250	63.7254
10260	73.7254
10270	64.6815
10280	74.6815
10290	68.665
10300	78.665
10310	59.1914
10320	69.1914
10330	60.5995
10340	70.5995
10350	80.5995
10360	66.6521
10370	51.389
10380	61.389
10390	71.389
10400	59.0132
10410	69.0132
10420	57.9605
10430	67.9605
10440	77.9605
10450	69.0132
10460	79.0132
10470	68.7657
10480	78.7656
10490	59.3828
10500	69.3828
10510	60.1255
10520	70.1255
10530	62.7916
10540	72.7916
10550	57.6935
10560	67.6935
10570	58.763
10580	68.763
10590	78.763
10600	65.0123
10610	49.8858
10620	59.8858
10630	69.8858
10640	59.7209
10650	69.7208
10660	58.7531
10670	68.7531
10680	78.7531
10690	68.9065
10700	78.9065
10710	69.0355
10720	53.8743
10730	63.8743
10740	73.8743
10750	64.1137
10760	74.1137
10770	63.105
10780	73.105
10790	83.105
10800	73.9132
10810	83.9132
10820	74.2141
10830	84.2141
10840	94.2141
10850	70.4219
10860	53.4764
10870	63.4764
10880	52.7574
10890	62.7574
10900	72.7574
10910	57.5345
10920	67.5345
10930	57.9822
10940	67.9822
10950	77.9822
10960	70.1478
10970	54.9249
10980	64.9249
10990	74.9249
11000	64.3447
11010	74.3447
11020	63.3996
11030	73.3996
11040	66.1211
11050	76.1211
11060	67.9412
11070	77.9412
11080	63.103
11090	73.103
11100	57.5195
11110	67.5195
11120	56.4312
11130	66.4312
11140	76.4312
11150	57.5562
11160	67.5562
11170	58.3844
11180	68.3844
11190	78.3843
11200	69.5649
11210	54.7847
11220	64.7847
11230	74.7847
11240	63.6014
11250	73.6014
11260	62.9224
11270	72.9224
11280	65.0585
11290	75.0585
11300	85.0585
11310	74.0488
11320	59.2055
11330	69.2055
11340	79.2055
11350	69.4578
11360	79.4578
11370	67.3326
11380	77.3326
11390	58.1875
11400	68.1876
11410	59.347
11420	69.347
11430	59.6305
11440	69.6305
11450	79.6305
11460	60.3578
11470	70.3578
11480	57.3358
11490	67.3358
11500	77.3358
11510	68.4501
11520	53.4347
11530	63.4347
11540	73.4347
11550	63.8378
11560	73.8378
11570	63.0547
11580	73.0546
11590	66.6319
11600	76.6319
11610	86.6319
11620	75.4271
11630	60.4873
11640	70.4873
11650	60.5491
11660	70.5491
11670	80.5491
11680	67.6506
11690	77.6506
11700	58.5542
11710	68.5542
11720	59.2863
11730	69.2863
11740	58.7021
11750	68.7021
11760	78.7021
11770	59.4028
11780	69.4028
11790	58.9843
11800	68.9843
11810	61.8137
11820	71.8137
11830	56.6133
11840	66.6133
11850	56.9164
11860	66.9164
11870	76.9164
11880	71.8223
11890	81.8223
11900	62.4141
11910	53.4791
11920	63.4791
11930	73.4791
11940	62.1302
11950	72.1302
11960	56.9231
11970	66.9231
11980	76.9231
11990	66.8047
12000	76.8047
12010	67.8698
12020	77.8698
12030	87.8698
12040	64.2604
12050	47.7515
12060	57.7515
12070	67.7515
12080	62.8402
12090	72.8402
12100	57.6191
12110	67.6191
12120	62.0245
12130	72.0245
12140	82.0245
12150	72.8534
12160	57.5902
12170	67.5902
12180	77.5902
12190	66.4338
12200	76.4338
12210	64.4507
12220	74.4507
12230	54.977
12240	64.977
12250	55.6787
12260	65.6787
12270	55.6805
12280	65.6805
12290	75.6805
12300	56.062
12310	66.062
12320	60.9002
12330	70.9002
12340	80.9002
12350	71.7063
12360	56.2412
12370	66.2412
12380	76.2412
12390	68.9357
12400	60.1613
12410	70.1613
12420	54.6545
12430	64.6545
12440	74.6545
12450	65.9311
12460	75.9311
12470	62.6429
12480	72.6429
12490	52.8244
12500	62.8244
12510	51.0241
12520	61.0241
12530	71.0241
12540	59.8184
12550	54.1268
12560	64.1268
12570	74.1268
12580	65.8302
12590	75.8302
12600	60.4945
12610	70.4945
12620	63.2112
12630	73.2112
12640	83.2112
12650	73.5339
12660	58.253
12670	68.253
12680	78.253
12690	67.9946
12700	77.9946
12710	68.0899
12720	78.0899
12730	88.0899
12740	64.382
12750	54.7022
12760	64.7022
12770	54.451
12780	64.451
12790	74.451
12800	59.4276
12810	69.4276
12820	59.2871
12830	69.2871
12840	79.2871
12850	69.2871
12860	54.2963
12870	64.2963
12880	74.2963
12890	62.0263
12900	72.0263
12910	61.3081
12920	71.3081
12930	64.4727
12940	74.4727
12950	84.4727
12960	72.1002
12970	57.1924
12980	67.1924
12990	77.1924
13000	67.715
13010	77.715
13020	67.9335
13030	77.9335
13040	58.6782
13050	68.6782
13060	58.5453
13070	68.5453
13080	57.8011
13090	67.8011
13100	77.8011
13110	58.5076
13120	68.5076
13130	57.8261
13140	67.8261
13150	59.7283
13160	69.7283
13170	54.6007
13180	64.6007
13190	57.984
13200	67.984
13210	77.984
13220	72.4619
13230	82.4619
13240	62.9484
13250	72.9484
13260	60.9332
13270	70.9332
13280	59.2622
13290	69.2622
13300	79.2622
13310	59.7319
13320	69.7319
13330	59.2164
13340	69.2164
13350	61.0497
13360	71.0497
13370	55.6758
13380	65.6758
13390	56.3734
13400	66.3734
13410	62.1639
13420	72.1639
13430	56.8316
13440	66.8316
13450	56.7777
13460	66.7777
13470	59.4675
13480	69.4675
13490	54.2043
13500	64.2043
13510	74.2043
13520	64.5318
13530	74.5318
13540	66.5475
13550	51.2086
13560	61.2086
13570	71.2086
13580	62.451
13590	53.5303
13600	63.5303
13610	73.5303
13620	53.8444
13630	45.9387
13640	55.9387
13650	65.9387
13660	61.2762
13670	71.2762
13680	55.8312
13690	65.8312
13700	60.1571
13710	70.1571
13720	80.1571
13730	70.2618
13740	54.8167
13750	64.8168
13760	74.8168
13770	63.9382
13780	56.0471
13790	66.0471
13800	76.0471
13810	56.1813
13820	48.3325
13830	58.3325
13840	49.4314
13850	59.4314
13860	69.4314
13870	54.0485
13880	64.0485
13890	61.2234
13900	71.2234
13910	63.1657
13920	73.1657
13930	57.645
13940	67.645
13950	58.1508
13960	68.1508
13970	60.5328
13980	70.5328
13990	54.9943
14000	64.9943
14010	55.0106
14020	65.0106
14030	54.5597
14040	64.5597
14050	48.985
14060	58.985
14070	68.985
14080	65.0885
14090	75.0885
14100	63.9272
14110	73.9272
14120	61.9846
14130	71.9846
14140	64.7753
14150	74.7753
14160	59.3129
14170	69.3129
14180	79.3129
14190	69.34
14200	79.34
14210	69.6443
14220	79.6443
14230	89.6443
14240	65.4555
14250	49.536
14260	59.536
14270	69.536
14280	58.4188
14290	68.4188
14300	52.8637
14310	62.8637
14320	58.9727
14330	68.9727
14340	65.0836
14350	75.0836
14360	59.7478
14370	69.7478
14380	61.2495
14390	71.2495
14400	81.2495
14410	71.7253
14420	81.7253
14430	62.3369
14440	72.3369
14450	56.2869
14460	66.2869
14470	55.0348
14480	65.0348
14490	75.0348
14500	55.6182
14510	65.6182
14520	59.9316
14530	69.9316
14540	61.9879
14550	71.9879
14560	56.6481
14570	66.6481
14580	60.2799
14590	70.2799
14600	63.6511
14610	73.6511
14620	83.6511
14630	63.9792
14640	54.1234
14650	64.1234
14660	74.1234
14670	61.8379
14680	71.8379
14690	56.4042
14700	66.4042
14710	76.4042
14720	64.179
14730	74.179
14740	64.4664
14750	74.4664
14760	54.9178
14770	64.9178
14780	59.3402
14790	69.3402
14800	63.4788
14810	73.4788
14820	83.4788
14830	64.0051
14840	54.3954
14850	64.3954
14860	74.3954
14870	62.3911
14880	72.3911
14890	57.0875
14900	67.0875
14910	55.9061
14920	65.9061
14930	75.9061
14940	66.5105
14950	51.2999
14960	61.3
14970	71.2999
14980	64.2244
14990	74.2244
15000	63.2338
15010	73.2338
15020	83.2338
15030	75.141
15040	85.141
15050	73.97
15060	58.8392
15070	68.8392
15080	78.8392
15090	65.0735
15100	75.0734
15110	62.1309
15120	72.1309
15130	52.8286
15140	62.8286
15150	53.7694
15160	63.7694
15170	57.8446
15180	67.8446
15190	77.8446
15200	58.5002
15210	68.5002
15220	62.6561
15230	72.6561
15240	82.6561
15250	73.6095
15260	58.5463
15270	68.5463
15280	78.5463
15290	67.3343
15300	77.3343
15310	63.547
15320	73.547
15330	54.3268
15340	64.3268
15350	55.0607
15360	65.0607
15370	58.5321
15380	68.5321
15390	78.5321
15400	59.3119
15410	69.3119
15420	62.7982
15430	72.7982
15440	65.4587
15450	75.4587
15460	60.4281
15470	70.4281
15480	60.1681
15490	70.1681
15500	58.04
15510	68.04
15520	78.04
15530	59.0288
15540	49.483
15550	59.483
15560	69.483
15570	63.0499
15580	73.0499
15590	58.1336
15600	68.1336
15610	78.1336
15620	71.167
15630	63.4755
15640	73.4755
15650	58.4981
15660	68.4981
15670	53.1925
15680	63.1925
15690	53.3988
15700	63.3988
15710	73.3988
15720	54.1507
15730	64.1507
15740	60.327
15750	70.327
15760	80.327
15770	70.9636
15780	55.8773
15790	65.8773
15800	75.8773
15810	64.7366
15820	57.3364
15830	67.3364
15840	77.3364
15850	58.2478
15860	68.2478
15870	59.6949
15880	69.6949
15890	79.6949
15900	64.5573
15910	49.7481
15920	59.7481
15930	69.7481
15940	63.6824
15950	73.6824
15960	65.6583
15970	75.6583
15980	56.725
15990	66.725
16000	57.1772
16010	67.1772
16020	59.397
16030	69.397
16040	54.4698
16050	64.4698
16060	74.4698
16070	64.0065
16080	74.0065
16090	63.417
16100	73.4171
16110	61.8958
16120	71.8958
16130	61.6917
16140	71.6917
16150	57.0628
16160	67.0628
16170	77.0628
16180	68.0691
16190	78.0691
16200	67.6111
16210	77.6111
16220	65.8023
16230	75.8023
16240	65.7717
16250	75.7717
16260	61.3331
16270	71.3331
16280	81.3331
16290	68.0356
16300	78.0356
16310	66.9376
16320	76.9376
16330	86.9376
16340	64.3835
16350	48.5003
16360	58.5003
16370	68.5003
16380	62.9165
16390	72.9165
16400	58.5974
16410	68.5974
16420	62.267
16430	72.267
16440	82.267
16450	72.4735
16460	58.0424
16470	68.0424
16480	78.0424
16490	65.8947
16500	75.8947
16510	62.6779
16520	72.6779
16530	54.2504
16540	64.2504
16550	54.1069
16560	64.1069
16570	59.4897
16580	69.4897
16590	79.4897
16600	61.0766
16610	71.0766
16620	63.0596
16630	73.0596
16640	64.8537
16650	74.8537
16660	60.652
16670	70.652
16680	59.7832
16690	69.7832
16700	79.7832
16710	67.0322
16720	77.0322
16730	58.7671
16740	48.678
16750	58.678
16760	68.678
16770	62.816
16780	72.816
16790	58.5375
16800	68.5375
16810	78.5375
16820	70.198
16830	80.198
16840	70.3401
16850	80.3401
16860	61.993
16870	71.993
16880	59.1318
16890	69.1318
16900	57.8926
16910	67.8926
16920	77.8926
16930	59.5455
16940	49.714
16950	59.714
16960	69.714
16970	64.0225
16980	74.0225
16990	59.815
17000	69.815
17010	62.2724
17020	72.2724
17030	82.2724
17040	72.423
17050	58.1868
17060	68.1868
17070	78.1868
17080	65.1891
17090	75.1892
17100	63.0402
17110	73.0402
17120	54.7303
17130	64.7303
17140	54.7546
17150	64.7546
17160	60.0159
17170	70.0159
17180	80.0159
17190	61.5478
17200	71.5478
17210	62.8384
17220	72.8384
17230	65.5737
17240	75.5738
17250	85.5737
17260	67.0657
17270	51.3272
17280	61.3272
17290	71.3272
17300	59.4839
17310	69.4839
17320	55.0484
17330	65.0484
17340	75.0484
17350	70.4839
17360	80.4839
17370	70.6895
17380	80.6895
17390	62.1555
17400	72.1555
17410	61.1585
17420	71.1585
17430	60.8183
17440	70.8183
17450	80.8183
17460	62.2291
17470	52.11
17480	62.11
17490	51.6021
17500	61.6021
17510	71.6021
17520	57.0783
17530	67.0783
17540	62.1088
17550	72.1088
17560	82.1088
17570	71.8851
17580	57.2958
17590	67.2958
17600	77.2958
17610	67.5991
17620	77.5991
17630	69.3869
17640	79.3869
17650	60.706
17660	70.706
17670	60.6098
17680	70.6098
17690	59.2809
17700	69.2809
17710	54.714
17720	64.714
17730	74.714
17740	61.8576
17750	71.8576
17760	61.3017
17770	71.3018
17780	59.2592
17790	69.2592
17800	63.8925
17810	73.8925
17820	83.8925
17830	65.069
17840	75.069
17850	66.2194
17860	76.2194
17870	67.1753
17880	77.1752
17890	87.1752
17900	68.3071
17910	52.1351
17920	62.1351
17930	72.1351
17940	59.4978
17950	69.4978
17960	54.6278
17970	64.6278
17980	58.5261
17990	68.5261
18000	78.5261
18010	68.2815
18020	53.3637
18030	63.3637
18040	73.3637
18050	64.6016
18060	74.6016
18070	67.6206
18080	77.6206
18090	58.5097
18100	68.5097
18110	57.9895
18120	67.9895
18130	56.7355
18140	66.7355
18150	76.7355
18160	57.7055
18170	67.7055
18180	60.2367
18190	70.2367
18200	61.9476
18210	71.9476
18220	57.0718
18230	67.0718
18240	57.1272
18250	67.1272
18260	77.1272
18270	71.6184
18280	81.6184
18290	62.6347
18300	72.6347
18310	60.2592
18320	70.2592
18330	57.5375
18340	67.5376
18350	77.5375
18360	58.5549
18370	68.5549
18380	61.4254
18390	71.4254
18400	63.0973
18410	73.0973
18420	58.2574
18430	68.2574
18440	57.4983
18450	67.4983
18460	62.7313
18470	72.7313
18480	82.7313
18490	63.8637
18500	73.8637
18510	62.6066
18520	72.6066
18530	82.6066
18540	64.1355
18550	49.5096
18560	59.5096
18570	69.5096
18580	62.5995
18590	57.19
18600	67.1899
18610	52.5746
18620	62.5746
18630	54.1235
18640	64.1235
18650	57.2241
18660	67.2241
18670	77.2241
18680	58.469
18690	68.469
18700	59.7601
18710	69.76
18720	79.7601
18730	69.3964
18740	54.7449
18750	64.7449
18760	74.7449
18770	66.4048
18780	59.6639
18790	69.6639
18800	55.1252
18810	65.1252
18820	75.1252
18830	63.5987
18840	73.5987
18850	59.1189
18860	69.1189
18870	50.6744
18880	60.6744
18890	54.679
18900	64.679
18910	74.679
18920	64.4281
18930	57.8379
18940	67.8379
18950	77.8379
18960	68.7317
18970	78.7317
18980	64.3222
18990	74.3222
19000	84.3222
19010	73.06
19020	83.06
19030	72.4606
19040	82.4606
19050	63.8263
19060	73.8263
19070	54.932
19080	64.932
19090	57.839
19100	67.8391
19110	77.8391
19120	59.1739
19130	69.1739
19140	61.3127
19150	71.3127
19160	63.6148
19170	73.6148
19180	83.6148
19190	64.9859
19200	48.4342
19210	58.4342
19220	68.4342
19230	61.5578
19240	71.5578
19250	56.8479
19260	66.8479
19270	61.6795
19280	71.6795
19290	81.6795
19300	71.4032
19310	56.6868
19320	66.6868
19330	76.6868
19340	65.2851
19350	75.2851
19360	63.7411
19370	73.7411
19380	54.8952
19390	64.8952
19400	54.7268
19410	64.7268
19420	58.3751
19430	68.3751
19440	78.3751
19450	59.3377
19460	69.3377
19470	62.6708
19480	72.6708
19490	65.0126
19500	75.0126
19510	62.9746
19520	72.9746
19530	49.5853
19540	59.5853
19550	51.2073
19560	49.1397
19570	59.1397
19580	69.1397
19590	53.9851
19600	46.0401
19610	56.0401
19620	66.04
19630	59.6706
19640	69.6706
19650	54.536
19660	64.536
19670	74.536
19680	67.2147
19690	77.2147
19700	67.3271
19710	77.3271
19720	58.0755
19730	68.0755
19740	59.8469
19750	53.5801
19760	63.5801
19770	73.5801
19780	58.4465
19790	68.4465
19800	57.8727
19810	67.8727
19820	77.8727
19830	62.2677
19840	46.9925
19850	56.9925
19860	66.9925
19870	61.5103
19880	71.5103
19890	60.4323
19900	70.4322
19910	80.4323
19920	73.4017
19930	83.4017
19940	71.9305
19950	56.7683
19960	66.7683
19970	76.7683
19980	64.5297
19990	74.5297
20000	63.4919
20010	73.4919
20020	54.3252
20030	64.3252
20040	54.9815
20050	64.9815
20060	58.7509
20070	68.7509
20080	78.7509
20090	59.6064
20100	69.6064
20110	61.8666
20120	71.8666
20130	81.8666
20140	71.6353
20150	81.6353
20160	62.4919
20170	72.4919
20180	55.5304
20190	65.5304
20200	58.92
20210	68.92
20220	53.8869
20230	63.8869
20240	73.8869
20250	66.9354
20260	76.9354
20270	66.1815
20280	76.1815
20290	65.1302
20300	75.1302
20310	63.5626
20320	73.5626
20330	83.5626
20340	64.7276
20350	74.7276
20360	61.6814
20370	71.6814
20380	64.3715
20390	74.3715
20400	59.7281
20410	69.7281
20420	60.7261
20430	70.7261
20440	63.549
20450	73.549
20460	83.549
20470	64.7787
20480	74.7787
20490	62.0118
20500	72.0118
20510	82.0118
20520	64.8273
20530	50.1671
20540	60.1671
20550	70.1671
20560	62.0438
20570	72.0438
20580	61.5427
20590	71.5427
20600	65.6467
20610	75.6467
20620	85.6467
20630	74.3532
20640	59.8095
20650	69.8094
20660	79.8094
20670	66.9797
20680	55.2919
20690	65.2919
20700	75.2919
20710	56.7067
20720	49.3434
20730	59.3433
20740	53.1225
20750	63.1225
20760	73.1225
20770	58.6209
20780	68.6209
20790	61.5193
20800	71.5193
20810	63.4322
20820	73.4322
20830	83.4322
20840	65.014
20850	49.7903
20860	59.7903
20870	69.7903
20880	61.8531
20890	71.8531
20900	57.4077
20910	67.4077
20920	77.4077
20930	70.367
20940	80.367
20950	70.987
20960	56.6485
20970	66.6485
20980	76.6485
20990	62.9609
21000	72.9609
21010	63.3967
21020	73.3967
21030	54.9171
21040	64.9171
21050	55.7216
21060	65.7216
21070	58.7869
21080	68.7869
21090	78.7869
21100	60.3494
21110	70.3494
21120	63.0445
21130	73.0445
21140	83.0445
21150	71.562
21160	81.562
21170	63.2204
21180	73.2204
21190	56.4214
21200	66.4214
21210	58.9547
21220	68.9547
21230	54.7311
21240	64.7311
21250	74.7311
21260	67.5844
21270	61.1886
21280	71.1886
21290	81.1886
21300	62.8649
21310	49.7856
21320	59.7856
21330	50.8861
21340	60.8861
21350	70.8861
21360	56.4802
21370	66.4802
21380	61.7441
21390	71.7441
21400	64.046
21410	74.046
21420	84.046
21430	65.6274
21440	50.6509
21450	60.6509
21460	70.6509
21470	61.8886
21480	71.8886
21490	57.6585
21500	67.6585
21510	77.6585
21520	70.7552
21530	80.7552
21540	71.1928
21550	81.1928
21560	62.9026
21570	72.9026
21580	55.7898
21590	65.7898
21600	56.9885
21610	66.9885
21620	76.9885
21630	58.6116
21640	68.6116
21650	62.758
21660	72.758
21670	64.6468
21680	74.6468
21690	63.1412
21700	73.1412
21710	50.7345
21720	60.7345
21730	52.3258
21740	50.5128
21750	60.5128
21760	70.5128
21770	56.1885
21780	48.6209
21790	58.6209
21800	68.6209
21810	58.88
21820	68.88
21830	54.4863
21840	64.4863
21850	74.4863
21860	66.2028
21870	76.2028
21880	66.7435
21890	76.7435
21900	58.2818
21910	68.2818
21920	61.7829
21930	71.7829
21940	63.309
21950	73.309
21960	83.309
21970	64.8682
21980	74.8682
21990	63.9618
22000	73.9618
22010	58.85
22020	68.85
22030	54.5221
22040	64.5221
22050	57.547
22060	67.547
22070	59.0832
22080	69.0832
22090	54.8259
22100	64.8259
22110	55.6399
22120	65.6399
22130	57.6331
22140	67.6331
22150	53.3029
22160	63.3029
22170	73.3029
22180	67.6167
22190	77.6167
22200	69.25
22210	79.25
22220	89.25
22230	66.7794
22240	51.9265
22250	61.9265
22260	71.9265
22270	61.2059
22280	71.2059
22290	56.8529
22300	66.853
22310	61.5
22320	71.5
22330	81.5
22340	71.7353
22350	81.7353
22360	63.2991
22370	73.2991
22380	56.5535
22390	66.5535
22400	58.4489
22410	68.4489
22420	54.0176
22430	64.0176
22440	74.0176
22450	67.1275
22460	60.2754
22470	70.2754
22480	80.2754
22490	61.908
22500	48.87
22510	58.87
22520	68.87
22530	60.2157
22540	70.2157
22550	55.9456
22560	65.9456
22570	60.5756
22580	70.5756
22590	80.5756
22600	71.1271
22610	56.8829
22620	66.8829
22630	76.8829
22640	66.6447
22650	76.6447
22660	67.093
22670	77.093
22680	58.8081
22690	68.8081
22700	59.3174
22710	69.3174
22720	58.3977
22730	68.3977
22740	78.3977
22750	60.1784
22760	70.1784
22770	59.9644
22780	69.9644
22790	79.9644
22800	70.2542
22810	56.0803
22820	66.0803
22830	60.0985
22840	70.0986
22850	80.0985
22860	70.6364
22870	80.6364
22880	62.3299
22890	72.3299
22900	82.3299
22910	69.1565
22920	79.1565
22930	63.596
22940	73.596
22950	55.2673
22960	65.2673
22970	58.5061
22980	68.5061
22990	60.5105
23000	70.5105
23010	80.5105
23020	62.1901
23030	52.6687
23040	62.6687
23050	72.6687
23060	63.4762
23070	73.4762
23080	59.3048
23090	69.3048
23100	61.1333
23110	71.1333
23120	62.9609
23130	72.9609
23140	58.8204
23150	68.8205
23160	53.5893
23170	63.5893
23180	56.1899
23190	66.1899
23200	52.072
23210	62.072
23220	72.072
23230	66.7314
23240	76.7314
23250	66.5609
23260	76.5609
23270	65.2939
23280	75.2939
23290	65.7983
23300	75.7983
23310	85.7983
23320	67.5498
23330	77.5498
23340	64.3601
23350	74.3601
23360	66.3091
23370	76.3091
23380	65.1442
23390	75.1442
23400	52.8279
23410	62.8279
23420	52.7741
23430	50.9044
23440	60.9044
23450	70.9044
23460	56.7036
23470	49.4382
23480	59.4382
23490	69.4381
23500	59.8924
23510	69.8924
23520	55.658
23530	65.658
23540	75.658
23550	65.54
23560	75.54
23570	66.433
23580	76.433
23590	58.1184
23600	68.1184
23610	62.0908
23620	72.0908
23630	63.8323
23640	73.8323
23650	83.8323
23660	65.5177
23670	75.5177
23680	64.4382
23690	74.4382
23700	59.6067
23710	69.6067
23720	55.3371
23730	65.3371
23740	57.191
23750	67.191
23760	58.9326
23770	68.9326
23780	54.6629
23790	64.6629
23800	55.5618
23810	65.5618
23820	57.8652
23830	67.8652
23840	53.5907
23850	63.5907
23860	73.5907
23870	67.5978
23880	77.5978
23890	69.3857
23900	79.3857
23910	89.3857
23920	66.9503
23930	52.2404
23940	62.2404
23950	72.2404
23960	61.3138
23970	71.3138
23980	56.9127
23990	66.9127
24000	61.3758
24010	71.3758
24020	81.3758
24030	71.8799
24040	81.8799
24050	63.3509
24060	73.3509
24070	56.8628
24080	66.8628
24090	58.4925
24100	68.4925
24110	54.031
24120	64.031
24130	74.031
24140	67.0338
24150	60.1918
24160	70.1918
24170	80.1918
24180	61.6336
24190	49.0489
24200	59.0489
24210	69.0489
24220	60.1573
24230	70.1573
24240	55.6697
24250	65.6697
24260	60.0352
24270	70.0352
24280	80.0352
24290	71.2962
24300	56.8334
24310	66.8334
24320	76.8334
24330	66.96
24340	76.96
24350	67.2727
24360	77.2727
24370	58.7328
24380	68.7328
24390	78.7328
24400	68.6777
24410	78.6777
24420	64.3251
24430	74.3251
24440	55.7851
24450	65.7851
24460	55.2893
24470	65.2893
24480	75.2893
24490	64.9036
24500	59.9199
24510	69.9199
24520	79.9199
24530	71.3111
24540	81.3111
24550	66.9099
24560	76.9099
24570	86.9099
24580	75.3942
24590	85.3942
24600	72.8249
24610	82.8249
24620	64.4302
24630	74.4302
24640	58.3019
24650	68.3019
24660	59.5186
24670	69.5186
24680	79.5186
24690	61.2862
24700	71.2862
24710	60.0673
24720	70.0673
24730	63.1764
24740	73.1764
24750	59.046
24760	69.046
24770	61.4429
24780	71.4429
24790	62.3923
24800	72.3924
24810	58.255
24820	68.255
24830	78.2551
24840	67.459
24850	77.459
24860	63.1478
24870	48.9825
24880	58.9825
24890	68.9825
24900	63.0312
24910	73.0312
24920	64.0731
24930	74.0731
24940	55.7831
24950	65.7831
24960	57.1962
24970	67.1962
24980	57.4324
24990	67.4324
25000	77.4324
25010	59.1983
25020	69.1983
25030	62.5726
25040	72.5726
25050	82.5726
25060	72.2567
25070	82.2567
25080	64.0355
25090	74.0355
25100	58.2015
25110	68.2015
25120	59.5987
25130	69.5987
25140	55.4387
25150	65.4387
25160	75.4387
25170	67.6875
25180	60.0989
25190	70.0989
25200	80.0989
25210	61.8185
25220	49.7761
25230	59.7761
25240	51.3253
25250	61.3253
25260	71.3253
25270	57.0426
25280	67.0426
25290	60.8137
25300	70.8137
25310	80.8137
25320	73.8322
25330	83.8322
25340	65.4988
25350	51.7697
25360	61.7697
25370	71.7697
25380	62.2259
25390	72.2259
25400	57.9958
25410	67.9958
25420	77.9958
25430	67.2937
25440	77.2937
25450	68.9923
25460	78.9923
25470	60.6539
25480	70.6539
25490	55.2165
25500	65.2165
25510	59.2004
25520	69.2004
25530	79.2004
25540	60.9064
25550	70.9064
25560	61.527
25570	71.527
25580	62.6083
25590	72.6083
25600	58.373
25610	68.373
25620	54.7702
25630	64.7702
25640	58.3584
25650	68.3583
25660	54.1522
25670	64.1522
25680	74.1522
25690	64.8598
25700	74.8598
25710	67.803
25720	77.803
25730	59.6212
25740	69.6212
25750	55.9716
25760	65.9716
25770	57.8751
25780	67.8752
25790	77.8752
25800	59.6268
25810	69.6268
25820	60.4042
25830	70.4042
25840	80.4042
25850	72.431
25860	82.431
25870	64.1221
25880	50.4667
25890	60.4667
25900	70.4667
25910	63.4061
25920	73.4061
25930	59.1023
25940	69.1023
25950	59.8691
25960	69.8691
25970	60.8188
25980	70.8188
25990	56.5639
26000	66.5639
26010	52.7363
26020	62.7363
26030	57.5186
26040	67.5186
26050	77.5186
26060	59.2898
26070	69.2898
26080	60.0404
26090	70.0404
26100	64.0265
26110	74.0265
26120	84.0264
26130	65.7134
26140	51.5398
26150	61.5398
26160	71.5398
26170	62.6793
26180	72.6793
26190	58.3833
26200	68.3833
26210	78.3833
26220	67.7382
26230	77.7382
26240	70.1107
26250	80.1107
26260	61.6843
26270	71.6843
26280	55.7283
26290	65.7283
26300	58.9608
26310	68.9608
26320	54.5953
26330	64.5953
26340	74.5953
26350	65.4583
26360	57.6152
26370	67.6152
26380	77.6152
26390	59.2544
26400	46.9541
26410	56.9541
26420	66.9541
26430	61.0815
26440	71.0815
26450	56.8588
26460	66.8588
26470	58.9152
26480	68.9152
26490	78.9152
26500	70.1476
26510	55.9245
26520	65.9245
26530	75.9245
26540	66.0027
26550	76.0027
26560	67.2678
26570	77.2678
26580	87.2678
26590	64.9918
26600	74.9918
26610	63.9004
26620	73.9004
26630	83.9004
26640	67.7591
26650	53.58
26660	63.58
26670	53.8363
26680	63.8363
26690	73.8363
26700	63.6679
26710	73.6679
26720	67.0214
26730	77.0214
26740	87.0214
26750	76.3594
26760	62.1514
26770	72.1514
26780	82.1515
26790	70.4754
26800	80.4754
26810	68.3786
26820	78.3786
26830	60.0491
26840	70.0491
26850	80.0491
26860	68.9437
26870	78.9437
26880	64.5389
26890	74.5389
26900	56.1895
26910	66.1895
26920	55.8099
26930	65.8099
26940	61.6401
26950	71.6401
26960	81.6401
26970	63.2786
26980	54.6067
26990	64.6067
27000	74.6066
27010	61.9826
27020	71.9826
27030	57.7179
27040	67.7179
27050	77.7179
27060	67.4361
27070	77.4361
27080	68.8086
27090	54.5449
27100	64.5449
27110	74.5449
27120	67.2674
27130	59.0474
27140	69.0474
27150	79.0474
27160	60.8235
27170	70.8235
27180	59.8126
27190	69.8126
27200	79.8126
27210	65.5292
27220	51.4103
27230	61.4103
27240	71.4103
27250	63.2801
27260	73.2801
27270	66.3372
27280	76.3372
27290	58.2691
27300	68.2691
27310	78.2691
27320	68.4859
27330	78.4859
27340	64.1545
27350	74.1545
27360	56.137
27370	66.137
27380	56.5007
27390	66.5007
27400	58.9052
27410	68.9052
27420	78.9052
27430	60.9052
27440	52.1114
27450	62.1114
27460	72.1114
27470	65.6989
27480	75.6989
27490	61.7499
27500	71.7499
27510	61.8661
27520	71.8661
27530	61.1369
27540	71.1369
27550	57.1946
27560	67.1946
27570	52.8259
27580	62.8259
27590	57.6923
27600	67.6923
27610	53.7273
27620	63.7273
27630	73.7273
27640	63.7957
27650	73.7957
27660	63.8024
27670	73.8024
27680	63.3284
27690	73.3284
27700	64.6184
27710	74.6184
27720	84.6184
27730	66.5386
27740	76.5386
27750	65.0205
27760	75.0205
27770	65.2458
27780	75.2458
27790	61.1602
27800	71.1602
27810	57.0747
27820	67.0747
27830	57.1734
27840	67.1734
27850	53.0879
27860	63.0879
27870	73.0879
27880	66.3726
27890	76.3726
27900	70.2281
27910	80.2281
27920	62.0446
27930	72.0446
27940	57.9938
27950	67.9938
27960	57.5654
27970	67.5654
27980	77.5654
27990	59.3663
28000	69.3663
28010	59.6507
28020	69.6507
28030	79.6507
28040	72.2275
28050	82.2275
28060	64.0073
28070	49.9897
28080	59.9897
28090	69.9897
28100	63.8865
28110	73.8865
28120	59.6445
28130	69.6445
28140	59.9751
28150	69.9751
28160	60.4566
28170	70.4566
28180	56.222
28190	66.222
28200	52.3111
28210	62.3111
28220	57.4516
28230	67.4516
28240	77.4516
28250	59.097
28260	69.097
28270	59.529
28280	69.529
28290	79.529
28300	71.2139
28310	56.8763
28320	66.8763
28330	58.3756
28340	68.3756
28350	78.3756
28360	68.663
28370	78.663
28380	60.3373
28390	70.3373
28400	80.3373
28410	69.2372
28420	79.2372
28430	65.4863
28440	75.4863
28450	57.221
28460	67.221
28470	56.7872
28480	54.3672
28490	64.3672
28500	74.3672
28510	60.0699
28520	70.0699
28530	61.9774
28540	71.9774
28550	81.9774
28560	68.2294
28570	53.9007
28580	63.9007
28590	73.9007
28600	60.5657
28610	70.5657
28620	60.2373
28630	70.2373
28640	80.2373
28650	72.0309
28660	82.0309
28670	72.0052
28680	82.0052
28690	63.5517
28700	73.5517
28710	64.0704
28720	74.0704
28730	63.4088
28740	73.4088
28750	59.0743
28760	69.0743
28770	60.855
28780	70.855
28790	80.855
28800	67.0755
28810	52.7954
28820	62.7954
28830	72.7954
28840	59.8096
28850	69.8096
28860	59.5823
28870	69.5823
28880	79.5824
28890	71.3155
28900	81.3155
28910	71.0809
28920	81.0809
28930	62.815
28940	72.815
28950	63.184
28960	73.184
28970	63.3405
28980	73.3405
28990	59.1228
29000	69.1228
29010	60.8915
29020	70.8915
29030	80.8915
29040	67.0139
29050	52.7963
29060	62.7963
29070	72.7963
29080	59.932
29090	69.932
29100	59.7506
29110	69.7506
29120	79.7506
29130	71.5248
29140	81.5248
29150	71.3357
29160	81.3357
29170	63.0061
29180	73.0061
29190	63.4283
29200	73.4283
29210	63.3105
29220	73.3105
29230	59.0118
29240	69.0118
29250	79.0118
29260	69.3128
29270	79.3128
29280	65.4155
29290	75.4155
29300	57.122
29310	67.122
29320	54.3264
29330	64.3264
29340	74.3264
29350	64.1232
29360	74.1232
29370	67.4866
29380	77.4866
29390	87.4866
29400	75.2745
29410	61.0307
29420	71.0307
29430	61.5199
29440	71.5199
29450	61.4747
29460	71.4747
29470	57.1638
29480	67.1638
29490	77.1638
29500	67.5425
29510	77.5425
29520	65.3169
29530	75.3169
29540	56.9015
29550	66.9015
29560	54.2171
29570	64.2171
29580	74.2171
29590	63.8592
29600	73.8592
29610	67.361
29620	77.361
29630	87.361
29640	75.0746
29650	60.6451
29660	70.6451
29670	61.2794
29680	71.2794
29690	61.387
29700	71.387
29710	56.9575
29720	66.9575
29730	76.9575
29740	67.45
29750	77.45
29760	65.1307
29770	75.1307
29780	56.6654
29790	66.6654
29800	54.1076
29810	64.1076
29820	74.1076
29830	63.8194
29840	73.8194
29850	67.2276
29860	77.2276
29870	87.2276
29880	74.89
29890	60.4745
29900	70.4745
29910	80.4745
29920	70.4875
29930	60.7821
29940	70.7821
29950	56.3574
29960	66.3574
29970	76.3574
29980	66.7998
29990	76.7999
30000	64.499
30010	74.499
30020	56.0034
30030	66.0034
30040	53.1637
30050	63.1637
30060	73.1637
30070	62.8097
30080	72.8097
30090	66.2651
30100	76.2651
30110	86.2651
30120	73.9814
30130	59.4886
30140	69.4886
30150	79.4886
30160	70.3909
30170	60.7664
30180	70.7664
30190	56.3053
30200	66.3053
30210	76.3053
30220	66.6522
30230	76.6522
30240	64.4548
30250	74.4548
30260	55.8576
30270	65.8576
30280	53.1127
30290	63.1127
30300	73.1127
30310	62.6731
30320	72.6731
30330	65.9918
30340	75.9918
30350	85.9918
30360	73.8379
30370	59.3105
30380	69.3105
30390	79.3105
30400	70.3138
30410	60.7912
30420	70.7912
30430	80.7912
30440	62.1758
30450	72.1758
30460	62.4715
30470	72.4715
30480	82.4715
30490	68.5079
30500	53.9584
30510	63.9584
30520	73.9584
30530	60.3672
30540	70.3672
30550	59.9077
30560	69.9077
30570	79.9077
30580	71.7895
30590	81.7895
30600	71.5707
30610	81.5707
30620	62.9145
30630	72.9145
30640	63.8593
30650	54.157
30660	64.157
30670	74.157
30680	59.5282
30690	69.5281
30700	61.4488
30710	71.4488
30720	81.4488
30730	67.6371
30740	52.9822
30750	62.9822
30760	72.9822
30770	60.2917
30780	70.2917
30790	59.6843
30800	69.6843
30810	79.6843
30820	71.7117
30830	81.7117
30840	71.6659
30850	81.6659
30860	62.8156
30870	72.8156
30880	62.9987
30890	54.2299
30900	64.2299
30910	74.2299
30920	59.5011
30930	69.5011
30940	61.5443
30950	71.5443
30960	81.5443
30970	67.8737
30980	53.0763
30990	63.0763
31000	73.0763
31010	60.2002
31020	70.2002
31030	59.5106
31040	69.5106
31050	79.5106
31060	71.609
31070	81.609
31080	71.4827
31090	81.4827
31100	62.5759
31110	72.5759
31120	62.8966
31130	72.8966
31140	63.4889
31150	73.4889
31160	58.7678
31170	68.7678
31180	60.7317
31190	70.7318
31200	80.7317
31210	67.0146
31220	52.291
31230	62.291
31240	72.291
31250	59.2745
31260	69.2745
31270	58.6107
31280	68.6107
31290	78.6107
31300	70.6167
31310	80.6167
31320	70.6066
31330	80.6066
31340	61.5971
31350	71.5971
31360	62.0691
31370	72.0691
31380	63.5788
31390	73.5788
31400	58.6321
31410	68.6321
31420	60.7146
31430	70.7146
31440	80.7146
31450	67.1646
31460	52.1542
31470	62.1542
31480	72.1542
31490	59.1318
31500	69.1318
31510	58.2631
31520	68.2631
31530	78.2632
31540	70.4419
31550	80.4419
31560	70.6257
31570	80.6257
31580	61.4096
31590	71.4096
31600	62.0452
31610	72.0452
31620	63.3686
31630	73.3686
31640	58.3263
31650	68.3263
31660	78.3263
31670	69.0654
31680	79.0654
31690	65.6998
31700	75.6998
31710	56.5156
31720	66.5156
31730	53.514
31740	63.514
31750	73.514
31760	62.6719
31770	72.6719
31780	66.466
31790	76.466
31800	86.466
31810	74.9147
31820	59.961
31830	69.961
31840	60.3048
31850	70.3048
31860	61.6254
31870	71.6254
31880	56.7718
31890	66.7718
31900	76.7718
31910	67.5198
31920	77.5198
31930	65.9407
31940	75.9407
31950	56.8696
31960	66.8696
31970	53.7593
31980	63.7593
31990	73.7593
32000	62.9693
32010	72.9693
32020	66.5533
32030	76.5533
32040	86.5533
32050	75.0148
32060	60.1133
32070	70.1133
32080	60.1237
32090	70.1237
32100	61.6462
32110	71.6462
32120	56.7499
32130	66.7499
32140	76.7499
32150	67.3364
32160	77.3364
32170	65.6908
32180	75.6908
32190	56.5653
32200	66.5653
32210	53.6745
32220	63.6745
32230	73.6745
32240	62.8067
32250	72.8067
32260	66.4372
32270	76.4372
32280	86.4372
32290	74.8784
32300	59.8853
32310	69.8853
32320	79.8853
32330	69.0465
32340	60.7027
32350	70.7027
32360	55.773
32370	65.773
32380	75.773
32390	66.4325
32400	76.4325
32410	64.7382
32420	74.7382
32430	55.7092
32440	65.7092
32450	52.9383
32460	62.9383
32470	72.9383
32480	62.2416
32490	72.2416
32500	65.7802
32510	75.7802
32520	85.7802
32530	74.0656
32540	59.2712
32550	69.2712
32560	79.2712
32570	69.1073
32580	60.9168
32590	70.9168
32600	56.0597
32610	66.0597
32620	76.0597
32630	66.6808
32640	76.6808
32650	64.8819
32660	74.8819
32670	55.8869
32680	65.8869
32690	52.8469
32700	62.8469
32710	72.8469
32720	62.1748
32730	72.1748
32740	65.8101
32750	75.8101
32760	85.8101
32770	74.0534
32780	59.2465
32790	69.2465
32800	79.2465
32810	68.9032
32820	60.8172
32830	70.8172
32840	80.8172
32850	61.8517
32860	71.8517
32870	62.3941
32880	72.3941
32890	82.3941
32900	68.9189
32910	54.0955
32920	64.0956
32930	74.0955
32940	60.2341
32950	70.2341
32960	59.5863
32970	69.5863
32980	79.5863
32990	71.5656
33000	81.5656
33010	71.5481
33020	81.5481
33030	62.6996
33040	72.6996
33050	62.2972
33060	54.3283
33070	64.3283
33080	74.3283
33090	59.6649
33100	69.6649
33110	61.2661
33120	71.2661
33130	81.2661
33140	67.6982
33150	53.069
33160	63.069
33170	73.069
33180	60.3392
33190	70.3392
33200	59.7982
33210	69.7982
33220	79.7982
33230	71.2326
33240	81.2326
33250	71.4166
33260	81.4166
33270	62.6275
33280	72.6275
33290	62.4221
33300	54.3232
33310	64.3232
33320	74.3232
33330	59.5953
33340	69.5953
33350	60.9514
33360	70.9514
33370	80.9514
33380	67.533
33390	52.8376
33400	62.8376
33410	72.8376
33420	60.3666
33430	70.3666
33440	59.7316
33450	69.7317
33460	79.7317
33470	71.1543
33480	81.1544
33490	71.3043
33500	81.3043
33510	62.3387
33520	72.3387
33530	62.3361
33540	72.3361
33550	63.4935
33560	73.4935
33570	58.5923
33580	68.5923
33590	60.0845
33600	70.0845
33610	80.0845
33620	66.7008
33630	51.8013
33640	61.8013
33650	71.8013
33660	59.4937
33670	69.4937
33680	58.7836
33690	68.7836
33700	78.7836
33710	70.3105
33720	80.3105
33730	70.5641
33740	80.5641
33750	61.5814
33760	71.5814
33770	61.6925
33780	71.6925
33790	63.2951
33800	73.2951
33810	58.552
33820	68.552
33830	59.9158
33840	69.9158
33850	79.9158
33860	66.6874
33870	51.9804
33880	61.9804
33890	71.9804
33900	59.8135
33910	69.8135
33920	59.1677
33930	69.1677
33940	79.1677
33950	70.3739
33960	80.3739
33970	70.724
33980	80.724
33990	61.8678
34000	71.8678
34010	62.1462
34020	72.1462
34030	63.3821
34040	73.3821
34050	58.6934
34060	68.6934
34070	78.6934
34080	68.295
34090	78.295
34100	64.8538
34110	74.8538
34120	56.1021
34130	66.1021
34140	54.1717
34150	64.1717
34160	74.1717
34170	63.6846
34180	73.6846
34190	66.4535
34200	76.4535
34210	86.4535
34220	74.6758
34230	60.1141
34240	70.1141
34250	60.0118
34260	70.0118
34270	61.4547
34280	71.4547
34290	56.8399
34300	66.8399
34310	76.8399
34320	66.4722
34330	76.4722
34340	64.7579
34350	74.7579
34360	56.0919
34370	66.0919
34380	54.364
34390	64.364
34400	74.364
34410	63.9159
34420	73.9159
34430	66.5426
34440	76.5426
34450	86.5426
34460	74.727
34470	60.1749
34480	70.175
34490	59.9249
34500	69.9249
34510	61.5334
34520	71.5334
34530	56.9791
34540	66.9791
34550	76.9791
34560	66.4296
34570	76.4296
34580	64.4206
34590	74.4206
34600	55.8661
34610	65.8661
34620	54.2042
34630	64.2042
34640	74.2042
34650	63.8407
34660	73.8407
34670	66.5969
34680	76.5969
34690	86.5969
34700	74.314
34710	59.9095
34720	69.9095
34730	79.9095
34740	68.7786
34750	60.6505
34760	70.6505
34770	56.2896
34780	66.2896
34790	76.2896
34800	65.9967
34810	75.9967
34820	63.6634
34830	73.6634
34840	55.2424
34850	65.2424
34860	53.5714
34870	63.5714
34880	73.5714
34890	63.2517
34900	73.2517
34910	66.1009
34920	76.1009
34930	86.1009
34940	73.7935
34950	59.3672
34960	69.3672
34970	79.3672
34980	68.6379
34990	60.6152
35000	70.6152
35010	56.2332
35020	66.2332
35030	76.2332
35040	66.0161
35050	76.0161
35060	63.5564
35070	73.5564
35080	55.1152
35090	65.1152
35100	53.5295
35110	63.5295
35120	73.5295
35130	63.2435
35140	73.2435
35150	66.0472
35160	76.0472
35170	86.0472
35180	73.6584
35190	59.2997
35200	69.2997
35210	79.2997
35220	68.6879
35230	60.7702
35240	70.7702
35250	80.7702
35260	62.2832
35270	72.2832
35280	62.0073
35290	72.0073
35300	82.0073
35310	67.7919
35320	53.3598
35330	63.3598
35340	73.3598
35350	60.6612
35360	70.6612
35370	60.285
35380	70.285
35390	80.285
35400	71.6143
35410	81.6143
35420	71.1385
35430	81.1385
35440	62.6561
35450	72.6561
35460	62.2868
35470	54.1622
35480	64.1622
35490	74.1622
35500	59.7814
35510	69.7813
35520	61.0439
35530	71.0439
35540	81.0439
35550	66.6072
35560	52.2116
35570	62.2116
35580	72.2116
35590	60.6151
35600	70.6151
35610	60.3062
35620	70.3062
35630	80.3062
35640	71.5696
35650	81.5696
35660	70.8627
35670	80.8627
35680	62.4953
35690	72.4953
35700	62.3048
35710	54.1079
35720	64.1079
35730	74.1079
35740	59.7309
35750	69.7309
35760	60.8794
35770	70.8793
35780	80.8794
35790	66.5368
35800	52.1654
35810	62.1654
35820	72.1654
35830	60.6681
35840	70.6681
35850	60.3878
35860	70.3878
35870	80.3878
35880	71.4058
35890	81.4058
35900	70.9017
35910	80.9017
35920	62.5387
35930	72.5387
35940	62.5402
35950	72.5402
35960	63.5323
35970	73.5323
35980	59.1539
35990	69.1539
36000	60.022
