10	5
20	5
30	5
40	5
50	5
60	5
70	5
80	5
90	5
100	5
110	5
120	5
130	5
140	5
150	5
160	5
170	5
180	5
190	5
200	5
210	5
220	5
230	5
240	5
250	5
260	5
270	5
280	5
290	5
300	5
310	5
320	5
330	5
340	5
350	5
360	5
370	5
380	5
390	5
400	5
410	5
420	5
430	5
440	5
450	5
460	5
470	5
480	5
490	5.83333
500	7.5
510	13.3333
520	23.3333
530	26.6667
540	36.6667
550	13.3333
560	15
570	25
580	26.6667
590	36.6667
600	46.6667
610	15
620	25
630	26.9762
640	36.9762
650	46.9762
660	8.28571
670	18.2857
680	28.2857
690	30.0357
700	40.0357
710	17.25
720	19.75
730	22.5
740	32.5
750	19.7778
760	29.7778
770	30.1667
780	40.1667
790	50.1667
800	21.2778
810	22.2222
820	32.2222
830	18.8889
840	28.8889
850	30
860	40
870	50
880	22.5111
890	23.9333
900	33.9333
910	22.9333
920	32.9333
930	34.9182
940	44.9182
950	54.9182
960	32.6545
970	30.3182
980	40.3182
990	31.3951
1000	41.3951
1010	37.8322
1020	47.8322
1030	33.2168
1040	43.2168
1050	40.5734
1060	32.1119
1070	42.1119
1080	52.1119
1090	49.0769
1100	59.0769
1110	38.3077
1120	48.3077
1130	46
1140	37.5385
1150	47.5385
1160	57.5385
1170	53.3221
1180	63.3221
1190	44.5096
1200	54.5096
1210	49.9471
1220	59.9471
1230	69.9471
1240	51.9471
1250	40.8045
1260	50.8045
1270	60.8045
1280	58.4236
1290	68.4236
1300	44.7394
1310	54.7394
1320	64.7394
1330	58.6901
1340	68.6901
1350	49.4269
1360	59.4269
1370	50.4488
1380	42.4488
1390	52.4488
1400	49.8627
1410	59.8627
1420	69.8627
1430	50.2263
1440	60.2263
1450	56.0182
1460	66.0182
1470	76.0182
1480	56.4727
1490	49.8364
1500	59.8364
1510	54.7503
1520	64.7503
1530	74.7503
1540	49.2957
1550	59.2957
1560	54.2957
1570	64.2957
1580	74.2957
1590	55.6366
1600	65.6366
1610	60.1212
1620	70.1212
1630	80.1212
1640	70.4394
1650	47.9394
1660	57.9394
1670	67.9394
1680	58.303
1690	68.303
1700	51.2197
1710	61.2197
1720	71.2197
1730	60.2948
1740	70.2948
1750	52.5148
1760	47.7548
1770	57.7548
1780	67.7548
1790	59.9415
1800	69.9415
1810	46.3415
1820	56.3415
1830	66.3415
1840	62.5962
1850	72.5961
1860	53.97
1870	50.9869
1880	60.9869
1890	70.9869
1900	63.9519
1910	73.9519
1920	48.7724
1930	58.7724
1940	68.7725
1950	61.7513
1960	71.7513
1970	52.1216
1980	62.1216
1990	72.1216
2000	66.7892
2010	76.7892
2020	57.1595
2030	67.1595
2040	77.1595
2050	64.9373
2060	74.9373
2070	55.6251
2080	65.6252
2090	51.2598
2100	44.1169
2110	54.1169
2120	49.1963
2130	59.1963
2140	69.1963
2150	52.232
2160	62.232
2170	54.2591
2180	64.2591
2190	74.2591
2200	58.2904
2210	53.0078
2220	63.0078
2230	59.3579
2240	69.3579
2250	79.3579
2260	59.1294
2270	69.1294
2280	59.9783
2290	69.9783
2300	57.5895
2310	67.5895
2320	77.5895
2330	51.0499
2340	42.534
2350	52.534
2360	46.8005
2370	56.8005
2380	54.9335
2390	64.9335
2400	74.9335
2410	59.2578
2420	69.2578
2430	57.938
2440	67.938
2450	77.938
2460	68.2276
2470	78.2276
2480	52.2816
2490	38.2682
2500	48.2682
2510	43.4158
2520	53.4158
2530	47.5405
2540	57.5405
2550	67.5405
2560	53.1715
2570	63.1715
2580	58.5949
2590	68.5949
2600	78.5949
2610	68.7432
2620	49.459
2630	59.459
2640	69.459
2650	62.1878
2660	72.1878
2670	57.7692
2680	67.7692
2690	62.8854
2700	72.8854
2710	67.7011
2720	77.7011
2730	58.6592
2740	68.6592
2750	78.6592
2760	72.8242
2770	82.8242
2780	69.4909
2790	79.4909
2800	67.8816
2810	77.8815
2820	64.7932
2830	74.7932
2840	84.7932
2850	62.0996
2860	72.0996
2870	61.1239
2880	53.8648
2890	63.8648
2900	73.8648
2910	55.7588
2920	42.7195
2930	52.7195
2940	62.7195
2950	56.3531
2960	66.3531
2970	48.1899
2980	58.1899
2990	68.1899
3000	62.1464
3010	72.1464
3020	58.677
3030	48.473
3040	58.473
3050	68.473
3060	62.4733
3070	72.4733
3080	54.31
3090	64.31
3100	74.31
3110	64.7182
3120	74.7182
3130	61.2488
3140	71.2488
3150	59.208
3160	69.208
3170	58.3917
3180	68.3917
3190	50.2284
3200	60.2284
3210	70.2284
3220	66.3521
3230	76.3521
3240	62.8395
3250	72.8395
3260	63.0388
3270	73.0388
3280	61.0972
3290	71.0972
3300	81.0972
3310	58.1561
3320	68.1561
3330	59.2032
3340	69.2032
3350	61.8382
3360	71.8382
3370	81.8382
3380	58.2353
3390	45.5617
3400	55.5617
3410	65.5617
3420	56.7095
3430	66.7095
3440	47.3344
3450	57.3343
3460	52.5143
3470	62.5143
3480	72.5143
3490	58.3403
3500	48.9178
3510	58.9178
3520	68.9178
3530	64.6605
3540	74.6605
3550	56.2356
3560	66.2356
3570	76.2356
3580	72.6047
3590	82.6047
3600	68.9683
3610	58.9683
3620	68.9683
3630	78.9683
3640	66.7331
3650	76.7331
3660	58.3341
3670	68.3341
3680	60.1496
3690	70.1496
3700	58.8939
3710	68.8939
3720	50.6553
3730	60.6553
3740	45.3899
3750	55.3899
3760	49.9584
3770	59.9584
3780	69.9584
3790	47.2917
3800	57.2917
3810	54.4871
3820	64.4871
3830	74.4871
3840	64.6346
3850	46.1537
3860	56.1537
3870	51.651
3880	61.651
3890	71.651
3900	57.8805
3910	54.11
3920	64.11
3930	74.11
3940	69.192
3950	79.192
3960	60.6674
3970	70.6674
3980	80.6674
3990	75.3055
4000	85.3055
4010	71.834
4020	81.834
4030	68.4146
4040	78.4146
4050	65.0039
4060	75.0039
4070	56.6521
4080	66.6521
4090	76.6521
4100	66.5807
4110	76.5807
4120	62.7616
4130	72.7616
4140	61.4765
4150	71.4765
4160	62.303
4170	72.303
4180	53.6876
4190	63.6876
4200	73.6876
4210	63.7726
4220	73.7726
4230	60.0276
4240	50.1003
4250	60.1003
4260	70.1003
4270	59.2506
4280	69.2506
4290	51.059
4300	61.059
4310	71.059
4320	65.749
4330	75.749
4340	62.2196
4350	72.2196
4360	57.8109
4370	67.8109
4380	55.2122
4390	65.2122
4400	75.2122
4410	52.0899
4420	62.0899
4430	53.5509
4440	63.5509
4450	73.5509
4460	62.3276
4470	43.6284
4480	53.6284
4490	49.7071
4500	59.7071
4510	69.7071
4520	56.096
4530	51.5205
4540	61.5205
4550	71.5205
4560	65.8167
4570	75.8167
4580	57.4428
4590	67.4428
4600	62.959
4610	72.959
4620	82.959
4630	72.7942
4640	54.0509
4650	64.0509
4660	74.0509
4670	69.5245
4680	79.5245
4690	65.1824
4700	75.1824
4710	67.1685
4720	77.1685
4730	87.1685
4740	75.329
4750	56.7343
4760	66.7343
4770	76.7343
4780	63.5246
4790	73.5246
4800	62.7868
4810	72.7868
4820	49.5368
4830	59.5368
4840	49.5368
4850	59.5368
4860	50.7868
4870	60.7868
4880	70.7868
4890	47.6307
4900	57.6307
4910	51.4362
4920	61.4362
4930	71.4362
4940	60.7844
4950	42.6039
4960	52.6039
4970	62.6039
4980	57.8201
4990	67.8201
5000	54.0396
5010	64.0396
5020	57.3718
5030	67.3718
5040	61.5525
5050	71.5525
5060	52.9869
5070	62.9869
5080	72.9869
5090	68.8111
5100	78.8111
5110	64.7613
5120	74.7613
5130	61.3386
5140	71.3386
5150	61.124
5160	71.124
5170	81.124
5180	57.3593
5190	67.3593
5200	58.5302
5210	68.5303
5220	59.6369
5230	69.6369
5240	51.3374
5250	61.3374
5260	56.1631
5270	66.1631
5280	59.5662
5290	69.5662
5300	79.5662
5310	56.9526
5320	46.4698
5330	56.4698
5340	66.4698
5350	59.3826
5360	69.3826
5370	51.5013
5380	61.5013
5390	56.1714
5400	66.1714
5410	76.1714
5420	65.864
5430	48.2235
5440	58.2235
5450	68.2235
5460	61.2804
5470	71.2804
5480	58.2467
5490	68.2467
5500	78.2467
5510	70.2815
5520	80.2815
5530	68.1152
5540	78.1152
5550	56.1546
5560	66.1546
5570	49.9858
5580	59.9858
5590	69.9858
5600	57.2081
5610	51.2081
5620	61.2081
5630	57.8747
5640	67.8747
5650	77.8747
5660	60.5414
5670	70.5414
5680	64.6747
5690	74.6747
5700	84.6747
5710	74.7714
5720	57.1351
5730	67.1351
5740	61.0464
5750	71.0464
5760	81.0464
5770	74.2807
5780	84.2807
5790	62.3242
5800	72.3242
5810	82.3242
5820	71.5253
5830	81.5253
5840	66.0776
5850	48.6863
5860	58.6863
5870	68.6863
5880	48.587
5890	58.587
5900	45.7609
5910	55.7609
5920	50.1378
5930	46.4265
5940	56.4265
5950	66.4265
5960	60.8178
5970	70.8178
5980	58.0128
5990	68.0128
6000	60.087
6010	70.0869
6020	80.087
6030	69.1837
6040	52.1484
6050	62.1484
6060	72.1484
6070	66.1145
6080	76.1145
6090	63.7187
6100	73.7187
6110	83.7187
6120	74.2087
6130	84.2087
6140	73.7705
6150	83.7705
6160	93.7705
6170	68.0295
6180	49.9625
6190	59.9625
6200	52.8885
6210	62.8885
6220	72.8885
6230	56.2447
6240	66.2447
6250	59.2551
6260	69.2551
6270	60.7105
6280	70.7105
6290	80.7105
6300	59.5993
6310	44.7134
6320	54.7134
6330	64.7134
6340	60.9271
6350	70.9271
6360	54.2186
6370	64.2186
6380	74.2186
6390	65.8818
6400	75.8818
6410	65.5686
6420	75.5686
6430	54.3191
6440	64.3191
6450	48.2218
6460	44.8237
6470	54.8237
6480	64.8237
6490	61.2315
6500	71.2315
6510	58.8269
6520	68.8269
6530	61.3988
6540	71.3988
6550	81.3988
6560	71.2211
6570	54.1048
6580	64.1048
6590	74.1048
6600	68.4022
6610	78.4022
6620	65.7607
6630	75.7607
6640	65.7533
6650	75.7533
6660	85.7532
6670	74.9394
6680	84.9394
6690	63.5534
6700	73.5534
6710	56.8255
6720	66.8255
6730	57.2555
6740	67.2555
6750	77.2555
6760	56.1444
6770	66.1444
6780	56.9896
6790	66.9896
6800	57.7221
6810	67.7221
6820	77.7221
6830	56.6844
6840	43.8592
6850	53.8592
6860	63.8592
6870	60.901
6880	70.901
6890	54.479
6900	64.479
6910	58.3159
6920	68.3159
6930	78.3159
6940	66.4324
6950	57.0996
6960	67.0996
6970	77.0996
6980	70.5901
6990	80.5901
7000	64.6982
7010	74.6982
7020	68.5021
7030	78.5021
7040	69.8061
7050	79.8061
7060	64.1904
7070	74.1904
7080	60.9909
7090	70.9909
7100	62.708
7110	72.7079
7120	82.7079
7130	62.9734
7140	72.9734
7150	56.2909
7160	66.2909
7170	57.809
7180	67.8091
7190	77.8091
7200	58.3848
7210	45.0839
7220	55.0839
7230	65.0839
7240	61.5559
7250	71.5559
7260	56.4573
7270	66.4574
7280	56.2452
7290	66.2452
7300	76.2452
7310	65.7745
7320	75.7745
7330	56.4582
7340	66.4582
7350	50.2059
7360	60.2059
7370	56.3962
7380	66.3962
7390	51.4384
7400	61.4384
7410	71.4384
7420	65.5721
7430	75.5721
7440	64.9385
7450	74.9385
7460	64.0627
7470	74.0627
7480	67.4492
7490	77.4492
7500	62.6748
7510	72.6748
7520	82.6748
7530	75.5579
7540	85.5579
7550	77.6812
7560	87.6812
7570	97.6812
7580	74.6234
7590	59.9126
7600	69.9126
7610	79.9126
7620	61.7355
7630	71.7355
7640	57.9339
7650	67.9339
7660	44.9167
7670	54.9167
7680	47.8591
7690	45.564
7700	55.564
7710	65.564
7720	61.03
7730	71.03
7740	60.6681
7750	70.6681
7760	62.5445
7770	72.5445
7780	82.5445
7790	71.9432
7800	57.553
7810	67.553
7820	77.553
7830	70.3685
7840	62.9051
7850	72.9051
7860	82.9051
7870	64.5508
7880	74.5508
7890	64.1536
7900	74.1536
7910	61.4226
7920	71.4226
7930	56.8885
7940	66.8885
7950	57.4725
7960	67.4725
7970	59.076
7980	69.076
7990	79.076
8000	60.3276
8010	70.3276
8020	59.4197
8030	69.4197
8040	79.4197
8050	63.2911
8060	48.6173
8070	58.6173
8080	68.6173
8090	61.9107
8100	71.9107
8110	61.1415
8120	71.1415
8130	63.3407
8140	73.3407
8150	83.3407
8160	72.7769
8170	58.0124
8180	68.0124
8190	78.0124
8200	67.9307
8210	61.2523
8220	71.2523
8230	81.2523
8240	62.7631
8250	72.7631
8260	62.1138
8270	72.1138
8280	58.7528
8290	68.7528
8300	54.3564
8310	64.3564
8320	57.4176
8330	67.4176
8340	58.8973
8350	68.8973
8360	78.8973
8370	60.2177
8380	50.836
8390	60.836
8400	70.836
8410	57.357
8420	67.357
8430	52.9545
8440	62.9545
8450	57.4945
8460	67.4945
8470	77.4945
8480	67.8553
8490	53.5935
8500	63.5935
8510	73.5936
8520	66.9569
8530	76.9569
8540	66.934
8550	76.934
8560	86.934
8570	64.8696
8580	55.1885
8590	65.1885
8600	75.1885
8610	62.1579
8620	72.158
8630	58.0718
8640	68.0718
8650	60.6951
8660	70.6951
8670	60.9867
8680	70.9867
8690	56.8141
8700	66.8141
8710	51.5482
8720	61.5482
8730	54.282
8740	64.282
8750	74.282
8760	56.0806
8770	66.0806
8780	59.4619
8790	69.4619
8800	61.9798
8810	71.9798
8820	57.8072
8830	67.8072
8840	61.6547
8850	71.6547
8860	62.9579
8870	72.9579
8880	58.6658
8890	68.6658
8900	59.3296
8910	69.3296
8920	58.3111
8930	68.3111
8940	53.8198
8950	63.8198
8960	73.8198
8970	65.5138
8980	75.5138
8990	66.4494
9000	76.4494
9010	57.8578
9020	67.8578
9030	53.1137
9040	63.1137
9050	53.9418
9060	63.9418
9070	73.9418
9080	55.279
9090	65.279
9100	59.1826
9110	69.1826
9120	79.1826
9130	69.7985
9140	55.0054
9150	65.0054
9160	75.0054
9170	68.8369
9180	78.8369
9190	68.5804
9200	78.5804
9210	59.7652
9220	69.7652
9230	59.9731
9240	69.9731
9250	58.4139
9260	68.4139
9270	78.4139
9280	59.4195
9290	69.4195
9300	61.241
9310	53.8066
9320	63.8066
9330	73.8066
9340	62.2322
9350	43.2783
9360	53.2783
9370	63.2783
9380	54.8751
9390	64.8751
9400	54.0191
9410	64.0191
9420	74.0191
9430	66.3293
9440	76.3293
9450	64.9412
9460	49.8793
9470	59.8793
9480	69.8793
9490	64.8245
9500	58.1377
9510	68.1377
9520	78.1377
9530	59.1245
9540	51.3613
9550	61.3613
9560	71.3613
9570	61.1205
9580	71.1205
9590	56.211
9600	66.211
9610	58.6531
9620	68.6531
9630	78.6531
9640	69.4829
9650	79.4829
9660	60.4939
9670	70.4939
9680	52.4513
9690	62.4513
9700	53.4771
9710	63.4771
9720	48.5147
9730	58.5147
9740	68.5147
9750	63.6973
9760	73.6973
9770	65.6136
9780	75.6136
9790	56.6035
9800	66.6035
9810	60.4856
9820	70.4856
9830	65.148
9840	75.148
9850	85.148
9860	66.0979
9870	55.4478
9880	65.4478
9890	75.4478
9900	65.4083
9910	75.4083
9920	60.7759
9930	70.7759
9940	80.7759
9950	71.3835
9960	59.8525
9970	69.8525
9980	57.3186
9990	67.3186
10000	44.5995
10010	54.5995
10020	48.2441
10030	58.2441
10040	68.2441
10050	57.8546
10060	51.6254
10070	61.6254
10080	71.6254
10090	62.522
10100	72.522
10110	57.9596
10120	67.9596
10130	63.3799
10140	73.3799
10150	65.2518
10160	75.2518
10170	60.5519
10180	70.5519
10190	54.5453
10200	64.5453
10210	57.1301
10220	67.1301
10230	77.1301
10240	58.4361
10250	68.4361
10260	61.473
10270	71.473
10280	62.8243
10290	72.8243
10300	82.8243
10310	64.0081
10320	47.848
10330	57.848
10340	49.3049
10350	59.3049
10360	69.3049
10370	54.3184
10380	64.3184
10390	58.7371
10400	68.7371
10410	78.7371
10420	68.7451
10430	53.5909
10440	63.5909
10450	73.591
10460	67.9149
10470	77.9149
10480	68.2357
10490	78.2357
10500	58.9226
10510	68.9226
10520	58.8551
10530	68.8551
10540	57.911
10550	67.911
10560	77.911
10570	58.778
10580	68.778
10590	61.412
10600	71.412
10610	63.4028
10620	73.4028
10630	61.209
10640	42.2243
10650	52.2243
10660	62.2243
10670	53.7342
10680	63.7342
10690	53.0446
10700	63.0446
10710	56.9595
10720	66.9595
10730	60.4283
10740	70.4283
10750	80.4283
10760	61.2752
10770	71.2752
10780	64.7517
10790	74.7517
10800	66.1808
10810	76.1808
10820	64.2433
10830	74.2433
10840	50.6235
10850	60.6235
10860	52.8689
10870	48.4659
10880	58.4659
10890	68.4659
10900	53.2386
10910	45.3409
10920	55.3409
10930	65.3409
10940	55.4545
10950	65.4545
10960	50.1814
10970	60.1814
10980	53.844
10990	63.844
11000	73.844
11010	64.0473
11020	48.5394
11030	58.5394
11040	68.5394
11050	63.0423
11060	73.0423
11070	61.694
11080	71.694
11090	81.694
11100	75.4051
11110	85.4051
11120	73.7759
11130	83.7759
11140	63.8818
11150	73.8818
11160	59.6434
11170	69.6434
11180	61.4599
11190	71.4599
11200	81.4599
11210	61.5154
11220	52.0448
11230	62.0448
11240	72.0448
11250	62.8449
11260	72.8449
11270	57.0613
11280	67.0612
11290	59.7699
11300	69.7699
11310	79.7699
11320	70.3922
11330	80.3922
11340	60.2265
11350	70.2265
11360	53.1407
11370	63.1407
11380	57.7901
11390	67.7901
11400	77.7901
11410	57.6243
11420	67.6243
11430	59.0717
11440	69.0717
11450	61.1425
11460	71.1425
11470	81.1425
11480	61.1306
11490	45.6601
11500	55.6601
11510	52.7579
11520	62.7579
11530	72.7579
11540	57.0436
11550	67.0436
11560	59.9101
11570	69.9101
11580	62.0777
11590	72.0777
11600	82.0777
11610	61.8285
11620	46.222
11630	56.222
11640	66.222
11650	61.424
11660	71.424
11670	55.3653
11680	65.3653
11690	75.3653
11700	67.1105
11710	77.1105
11720	68.1247
11730	78.1247
11740	57.88
11750	67.88
11760	50.0785
11770	60.0785
11780	56.8854
11790	66.8854
11800	76.8854
11810	56.7645
11820	66.7645
11830	59.4814
11840	69.4814
11850	62.0847
11860	72.0847
11870	82.0847
11880	61.9251
11890	46.2723
11900	56.2723
11910	66.2723
11920	61.1291
11930	71.1291
11940	55.1606
11950	65.1606
11960	57.9211
11970	67.9211
11980	77.9211
11990	68.3731
12000	52.1954
12010	62.1954
12020	72.1954
12030	58.4174
12040	68.4174
12050	56.4632
12060	66.4632
12070	60.9434
12080	70.9434
12090	63.8919
12100	73.8919
12110	57.5044
12120	67.5044
12130	77.5044
12140	70.4039
12150	80.4039
12160	68.4464
12170	59.0989
12180	69.0989
12190	79.0989
12200	66.8844
12210	76.8844
12220	60.6344
12230	70.6344
12240	80.6344
12250	69.7629
12260	79.7629
12270	69.6056
12280	79.6056
12290	89.6056
12300	64.6056
12310	47.6265
12320	57.6265
12330	67.6265
12340	59.4108
12350	69.4108
12360	53.0442
12370	63.0442
12380	56.1709
12390	66.1709
12400	76.1709
12410	66.8635
12420	50.408
12430	60.408
12440	54.8847
12450	64.8847
12460	74.8847
12470	62.7222
12480	72.7222
12490	63.4902
12500	73.4902
12510	83.4902
12520	72.1428
12530	55.5101
12540	65.5101
12550	75.5101
12560	62.5176
12570	72.5176
12580	65
12590	75
12600	53.9286
12610	63.9286
12620	54.5192
12630	64.5192
12640	55.4213
12650	65.4213
12660	75.4213
12670	54.3176
12680	64.3176
12690	57.8351
12700	67.8351
12710	60.1079
12720	70.1079
12730	53.4412
12740	63.4412
12750	57.6955
12760	67.6955
12770	77.6955
12780	70.0187
12790	80.0187
12800	58.9076
12810	68.9076
12820	57.2409
12830	67.2409
12840	58.3015
12850	68.3015
12860	51.6349
12870	61.6349
12880	71.6349
12890	64.4045
12900	74.4045
12910	62.1606
12920	72.1606
12930	60.6102
12940	70.6102
12950	58.8502
12960	68.8503
12970	78.8503
12980	57.7002
12990	67.7002
13000	57.6698
13010	67.6698
13020	60.1528
13030	70.1528
13040	53.3214
13050	63.3214
13060	57.7856
13070	67.7856
13080	60.7395
13090	70.7395
13100	80.7395
13110	59.5514
13120	50.233
13130	60.233
13140	70.233
13150	61.6489
13160	71.6489
13170	54.9774
13180	64.9774
13190	58.5942
13200	68.5942
13210	61.024
13220	71.024
13230	54.5534
13240	64.5534
13250	49.6323
13260	59.6323
13270	54.9191
13280	64.9191
13290	74.9192
13300	54.0265
13310	64.0265
13320	58.7946
13330	68.7946
13340	78.7946
13350	69.8215
13360	53.2357
13370	63.2357
13380	56.469
13390	66.469
13400	60.7191
13410	70.7191
13420	54.0524
13430	64.0524
13440	74.0524
13450	65.8331
13460	75.8331
13470	63.1954
13480	73.1954
13490	52.1382
13500	62.1382
13510	55.0901
13520	65.0901
13530	59.5224
13540	69.5224
13550	79.5224
13560	58.6043
13570	49.3686
13580	59.3686
13590	69.3686
13600	58.6941
13610	68.6941
13620	52.2486
13630	62.2486
13640	72.2486
13650	67.1591
13660	77.1591
13670	67.7279
13680	51.2824
13690	61.2824
13700	71.2823
13710	59.9553
13720	69.9553
13730	62.088
13740	72.088
13750	51.235
13760	61.235
13770	51.8037
13780	61.8037
13790	57.2038
13800	67.2038
13810	77.2038
13820	56.3507
13830	66.3507
13840	60.954
13850	70.954
13860	80.954
13870	71.7389
13880	81.7389
13890	60.7561
13900	70.7561
13910	53.6583
13920	63.6583
13930	57.7759
13940	67.7759
13950	51.3218
13960	61.3218
13970	55.4669
13980	65.4669
13990	75.4669
14000	67.8036
14010	77.8036
14020	57.0559
14030	67.0559
14040	52.1242
14050	62.1242
14060	58.1797
14070	68.1797
14080	78.1797
14090	57.3851
14100	67.3851
14110	59.7438
14120	69.7438
14130	62.1698
14140	72.1698
14150	82.1698
14160	61.1362
14170	46.3611
14180	56.3611
14190	66.3611
14200	61.2816
14210	71.2816
14220	54.596
14230	64.596
14240	58.4056
14250	68.4056
14260	78.4056
14270	69.7165
14280	79.7165
14290	58.5697
14300	68.5697
14310	51.6603
14320	61.6603
14330	57.9825
14340	67.9825
14350	77.9825
14360	57.1981
14370	67.1981
14380	59.6397
14390	69.6397
14400	61.938
14410	71.938
14420	81.938
14430	61.3425
14440	46.7008
14450	56.7008
14460	51.8096
14470	61.8097
14480	71.8096
14490	55.553
14500	65.553
14510	59.177
14520	69.177
14530	61.0589
14540	71.0589
14550	81.0589
14560	60.254
14570	45.7636
14580	55.7636
14590	65.7636
14600	62.4179
14610	72.4179
14620	55.8703
14630	65.8703
14640	75.8703
14650	68.3751
14660	78.3751
14670	69.0472
14680	79.0472
14690	57.9194
14700	67.9194
14710	51.6054
14720	61.6054
14730	55.9851
14740	65.9851
14750	75.9851
14760	54.82
14770	64.82
14780	58.8439
14790	68.8439
14800	61.1943
14810	71.1943
14820	81.1943
14830	59.9139
14840	44.9896
14850	54.9896
14860	64.9896
14870	61.9681
14880	71.9681
14890	55.2032
14900	65.2032
14910	59.4213
14920	69.4213
14930	79.4213
14940	70.4899
14950	80.4899
14960	59.5036
14970	69.5036
14980	52.0033
14990	62.0033
15000	56.8294
15010	66.8294
15020	50.5234
15030	60.5234
15040	70.5234
15050	63.8193
15060	73.8193
15070	65.7339
15080	75.7339
15090	55.3119
15100	65.3119
15110	49.0588
15120	46.0208
15130	56.0208
15140	66.0208
15150	62.2652
15160	72.2652
15170	60.6661
15180	70.6661
15190	80.6661
15200	72.6418
15210	82.6418
15220	70.4818
15230	80.4818
15240	60.2966
15250	70.2966
15260	55.6606
15270	65.6607
15280	59.7899
15290	69.7899
15300	53.832
15310	63.832
15320	53.5487
15330	63.5487
15340	54.4236
15350	64.4236
15360	74.4236
15370	53.9119
15380	63.9119
15390	58.917
15400	68.917
15410	60.8265
15420	70.8265
15430	54.625
15440	64.625
15450	58.5252
15460	68.5252
15470	61.0133
15480	71.0133
15490	54.7815
15500	64.7815
15510	54.9157
15520	64.9157
15530	59.6267
15540	69.6267
15550	53.3671
15560	63.3671
15570	73.3671
15580	61.5492
15590	71.5492
15600	59.7281
15610	50.0872
15620	60.0872
15630	70.0872
15640	57.583
15650	67.583
15660	51.4042
15670	61.4042
15680	57.756
15690	67.756
15700	64.2051
15710	74.2051
15720	84.2051
15730	63.8455
15740	73.8455
15750	64.3175
15760	74.3175
15770	67.0286
15780	77.0286
15790	87.0286
15800	66.819
15810	51.284
15820	61.284
15830	71.284
15840	60.4004
15850	70.4004
15860	54.518
15870	64.518
15880	59.7337
15890	69.7337
15900	79.7337
15910	71.067
15920	81.067
15930	60.8399
15940	70.8399
15950	53.4149
15960	63.4149
15970	58.5948
15980	68.5948
15990	78.5948
16000	58.2432
16010	68.2432
16020	62.3678
16030	72.3678
16040	65.0991
16050	75.0991
16060	85.0991
16070	64.7079
16080	49.3385
16090	59.3385
16100	69.3385
16110	60.3539
16120	70.3539
16130	54.123
16140	64.123
16150	59.465
16160	69.465
16170	62.2748
16180	72.2748
16190	82.2748
16200	61.7473
16210	46.429
16220	56.429
16230	66.429
16240	61.771
16250	71.771
16260	55.754
16270	65.754
16280	75.754
16290	69.3981
16300	79.3981
16310	69.9008
16320	79.9008
16330	59.5657
16340	69.5657
16350	57.3712
16360	67.3712
16370	59.0764
16380	69.0764
16390	53.1525
16400	63.1525
16410	53.7973
16420	63.7973
16430	54.3835
16440	64.3835
16450	74.3835
16460	54.2226
16470	64.2226
16480	60.0411
16490	70.0411
16500	62.513
16510	72.513
16520	56.6991
16530	66.6991
16540	60.3274
16550	70.3274
16560	62.1807
16570	72.1807
16580	56.5302
16590	66.5302
16600	56.8525
16610	66.8525
16620	59.0957
16630	69.0957
16640	53.4451
16650	63.4451
16660	73.4451
16670	62.944
16680	72.944
16690	64.4588
16700	74.4588
16710	54.5996
16720	64.5996
16730	49.0663
16740	46.225
16750	56.225
16760	66.225
16770	63.4388
16780	73.4388
16790	62.0366
16800	72.0366
16810	82.0366
16820	73.3239
16830	83.3239
16840	71.7755
16850	81.7755
16860	61.8627
16870	71.8627
16880	59.3997
16890	69.3997
16900	59.7587
16910	69.7587
16920	54.1704
16930	46.3028
16940	56.3028
16950	66.3028
16960	56.1748
16970	66.1748
16980	50.6428
16990	60.6428
17000	56.7865
17010	66.7865
17020	61.8897
17030	71.8897
17040	81.8897
17050	62.1461
17060	72.1461
17070	65.6187
17080	75.6187
17090	66.5898
17100	76.5898
17110	60.9798
17120	70.9798
17130	55.334
17140	65.334
17150	57.9626
17160	67.9626
17170	52.3158
17180	62.3158
17190	54.3666
17200	64.3666
17210	74.3666
17220	65.1529
17230	75.1529
17240	55.1034
17250	65.1034
17260	49.7244
17270	46.8363
17280	56.8363
17290	66.8363
17300	64.3398
17310	74.3398
17320	62.8597
17330	72.8597
17340	82.8597
17350	73.6178
17360	83.6178
17370	72.1453
17380	82.1453
17390	62.0565
17400	72.0565
17410	59.0638
17420	69.0638
17430	59.8934
17440	69.8934
17450	54.1179
17460	46.318
17470	56.318
17480	66.318
17490	55.7952
17500	65.7952
17510	50.1066
17520	60.1066
17530	56.2459
17540	66.2459
17550	62.4164
17560	72.4164
17570	82.4164
17580	62.4658
17590	72.4658
17600	63.0064
17610	73.0064
17620	63.4841
17630	73.4841
17640	83.4841
17650	63.5776
17660	48.0563
17670	58.0563
17680	68.0563
17690	60.6802
17700	70.6802
17710	55.0858
17720	65.0858
17730	75.0858
17740	66.6243
17750	76.6243
17760	67.0439
17770	77.0439
17780	57.1637
17790	67.1637
17800	56.8907
17810	66.8907
17820	61.7836
17830	71.7836
17840	81.7836
17850	61.7459
17860	52.2465
17870	62.2465
17880	72.2465
17890	59.2653
17900	69.2653
17910	53.432
17920	63.432
17930	57.5477
17940	67.5477
17950	77.5477
17960	68.1033
17970	52.27
17980	62.27
17990	72.27
18000	62.1202
18010	72.1202
18020	62.2591
18030	72.2591
18040	52.0965
18050	62.0965
18060	52.6736
18070	62.6736
18080	58.237
18090	68.237
18100	78.237
18110	57.9856
18120	67.9856
18130	61.2534
18140	71.2534
18150	81.2534
18160	71.7128
18170	55.838
18180	65.838
18190	75.838
18200	65.8351
18210	57.4619
18220	67.4619
18230	51.6068
18240	61.6068
18250	71.6068
18260	61.632
18270	71.632
18280	58.2567
18290	68.2567
18300	48.1543
18310	58.1543
18320	54.6095
18330	64.6095
18340	74.6095
18350	63.1078
18360	73.1078
18370	66.2799
18380	76.2799
18390	86.2799
18400	72.9589
18410	57.1436
18420	67.1436
18430	77.1436
18440	59.5589
18450	69.5589
18460	63.1172
18470	73.1172
18480	52.9816
18490	62.9816
18500	53.6654
18510	63.6654
18520	58.8233
18530	68.8233
18540	53.064
18550	63.064
18560	73.064
18570	63.2742
18580	73.2742
18590	61.8215
18600	71.8215
18610	60.6391
18620	70.6391
18630	62.7799
18640	72.7799
18650	82.7799
18660	62.6634
18670	72.6634
18680	66.4687
18690	76.4687
18700	66.7477
18710	76.7477
18720	86.7477
18730	66.5793
18740	51.6266
18750	61.6266
18760	71.6266
18770	60.6082
18780	70.6082
18790	54.8248
18800	64.8248
18810	58.2003
18820	68.2003
18830	78.2003
18840	68.9619
18850	53.2634
18860	63.2634
18870	73.2634
18880	63.1421
18890	73.1421
18900	61.6688
18910	71.6688
18920	81.6688
18930	74.5752
18940	65.0631
18950	75.0631
18960	85.0631
18970	64.8495
18980	47.8122
18990	57.8122
19000	51.7043
19010	61.7043
19020	71.7043
19030	55.7907
19040	65.7907
19050	58.8418
19060	68.8418
19070	59.4234
19080	69.4234
19090	79.4234
19100	59.2824
19110	44.2817
19120	54.2817
19130	64.2817
19140	62.1028
19150	72.1028
19160	56.3503
19170	66.3503
19180	76.3503
19190	68.5103
19200	78.5103
19210	69.3684
19220	79.3684
19230	59.3354
19240	69.3354
19250	59.0428
19260	69.0428
19270	60.297
19280	70.297
19290	54.6175
19300	47.355
19310	57.355
19320	67.355
19330	56.6431
19340	66.6431
19350	51.1962
19360	61.1962
19370	71.1962
19380	67.0397
19390	77.0397
19400	67.7515
19410	77.7515
19420	58.2754
19430	68.2754
19440	58.3154
19450	68.3154
19460	58.9699
19470	68.9699
19480	78.9699
19490	59.6312
19500	50.2659
19510	60.2659
19520	70.266
19530	61.2407
19540	71.2407
19550	56.0622
19560	66.0622
19570	76.0622
19580	68.0746
19590	78.0746
19600	68.6008
19610	78.6008
19620	59.2208
19630	69.2208
19640	58.1915
19650	68.1915
19660	62.1104
19670	72.1104
19680	82.1104
19690	62.7771
19700	53.097
19710	63.097
19720	73.097
19730	60.6222
19740	70.6222
19750	55.5509
19760	65.5509
19770	58.0335
19780	68.0335
19790	78.0335
19800	68.4374
19810	53.4386
19820	63.4386
19830	73.4386
19840	62.5718
19850	72.5718
19860	62.9084
19870	72.9084
19880	53.7298
19890	63.7298
19900	54.0226
19910	64.0226
19920	58.7697
19930	68.7697
19940	78.7697
19950	59.5848
19960	69.5848
19970	63.0331
19980	73.0331
19990	83.0331
20000	73.2838
20010	58.2708
20020	68.2708
20030	78.2708
20040	67.5915
20050	57.3892
20060	67.3892
20070	52.4517
20080	62.4517
20090	72.4517
20100	62.9338
20110	72.9338
20120	59.3039
20130	69.3039
20140	50.207
20150	60.207
20160	55.4757
20170	65.4757
20180	75.4757
20190	64.6889
20200	74.6889
20210	67.1063
20220	77.1063
20230	87.1063
20240	73.6509
20250	58.7656
20260	68.7656
20270	78.7656
20280	61.5146
20290	71.5146
20300	63.6599
20310	73.6599
20320	54.7029
20330	64.7029
20340	55.2936
20350	65.2936
20360	59.221
20370	69.221
20380	54.3744
20390	64.3744
20400	74.3744
20410	64.8085
20420	58.7826
20430	68.7826
20440	78.7826
20450	59.7949
20460	46.6047
20470	56.6047
20480	66.6047
20490	62.6421
20500	72.6421
20510	57.8436
20520	67.8436
20530	59.6111
20540	69.6111
20550	58.6122
20560	68.6122
20570	78.6122
20580	59.6925
20590	44.6969
20600	54.6969
20610	64.6969
20620	62.033
20630	72.033
20640	57.2305
20650	67.2305
20660	77.2305
20670	69.3654
20680	79.3654
20690	70.2374
20700	80.2374
20710	61.3713
20720	71.3713
20730	59.5455
20740	69.5455
20750	60.591
20760	70.591
20770	55.9904
20780	65.9904
20790	56.773
20800	66.773
20810	55.806
20820	65.806
20830	75.806
20840	57.025
20850	67.025
20860	61.1969
20870	71.1969
20880	81.1969
20890	72.0036
20900	57.2132
20910	67.2132
20920	56.6887
20930	66.6887
20940	76.6887
20950	65.7395
20960	75.7395
20970	56.6877
20980	66.6877
20990	57.6189
21000	67.6189
21010	58.9568
21020	68.9568
21030	54.0255
21040	64.0255
21050	74.0255
21060	67.4277
21070	77.4277
21080	70.3512
21090	80.3512
21100	61.2362
21110	71.2362
21120	56.363
21130	66.363
21140	58.0864
21150	68.0864
21160	78.0864
21170	58.9713
21180	68.9713
21190	59.4138
21200	69.4138
21210	79.4138
21220	70.2398
21230	55.284
21240	65.284
21250	75.284
21260	66.169
21270	57.7598
21280	67.7598
21290	52.7922
21300	62.7922
21310	72.7922
21320	63.2823
21330	73.2823
21340	60.3307
21350	70.3307
21360	51.2188
21370	61.2188
21380	55.3628
21390	65.3627
21400	75.3627
21410	69.5532
21420	79.5532
21430	60.5324
21440	70.5324
21450	59.3358
21460	69.3358
21470	56.775
21480	66.775
21490	76.775
21500	57.7954
21510	67.7954
21520	60.2682
21530	70.2682
21540	62.97
21550	72.97
21560	58.043
21570	68.0431
21580	60.166
21590	70.166
21600	60.5635
21610	70.5635
21620	80.5635
21630	61.5145
21640	52.4761
21650	62.4761
21660	72.4761
21670	63.1282
21680	73.1282
21690	58.2291
21700	68.2291
21710	78.2291
21720	70.2464
21730	80.2464
21740	71.2262
21750	81.2262
21760	62.1867
21770	72.1867
21780	60.8697
21790	70.8697
21800	60.7773
21810	70.7773
21820	55.9498
21830	48.8742
21840	58.8742
21850	68.8742
21860	57.6306
21870	67.6306
21880	52.7828
21890	62.7828
21900	72.7828
21910	66.9131
21920	76.9131
21930	67.9877
21940	77.9877
21950	58.9426
21960	68.9426
21970	58.7883
21980	68.7883
21990	58.8722
22000	68.8722
22010	78.8722
22020	59.8071
22030	50.9763
22040	60.9763
22050	70.9763
22060	62.3828
22070	72.3828
22080	57.4255
22090	67.4255
22100	77.4255
22110	68.9727
22120	78.9727
22130	70.1907
22140	80.1907
22150	60.9743
22160	70.9743
22170	59.9168
22180	69.9168
22190	61.5795
22200	71.5795
22210	81.5795
22220	62.4235
22230	53.503
22240	63.503
22250	73.503
22260	60.5519
22270	70.5519
22280	55.4771
22290	65.4771
22300	58.4713
22310	68.4713
22320	78.4713
22330	69.5656
22340	54.3956
22350	64.3956
22360	74.3956
22370	63.508
22380	73.508
22390	63.7427
22400	73.7427
22410	54.2483
22420	64.2483
22430	55.4244
22440	65.4243
22450	58.5747
22460	68.5747
22470	78.5747
22480	59.1004
22490	69.1004
22500	62.3271
22510	72.3271
22520	82.3271
22530	73.56
22540	58.3379
22550	68.3379
22560	78.3379
22570	67.6154
22580	57.8085
22590	67.8085
22600	52.5998
22610	62.5998
22620	72.5998
22630	62.6952
22640	72.6952
22650	60.1324
22660	70.1324
22670	50.7713
22680	60.7713
22690	55.3906
22700	65.3906
22710	75.3906
22720	64.4298
22730	74.4298
22740	66.9864
22750	76.9864
22760	86.9864
22770	74.2597
22780	59.1233
22790	69.1233
22800	79.1233
22810	61.6464
22820	71.6464
22830	63.3507
22840	73.3507
22850	54.0082
22860	64.0082
22870	55.1041
22880	65.1041
22890	59.8919
22900	69.8919
22910	54.7412
22920	64.7412
22930	74.7412
22940	64.796
22950	58.3769
22960	68.3769
22970	78.3769
22980	59.1473
22990	46.5286
23000	56.5286
23010	66.5286
23020	62.5178
23030	72.5178
23040	57.5722
23050	67.5722
23060	58.9955
23070	68.9955
23080	78.9955
23090	68.4558
23100	78.4558
23110	59.3943
23120	45.0432
23130	55.0432
23140	65.0432
23150	62.0133
23160	72.0133
23170	57.1352
23180	67.1352
23190	77.1352
23200	65.1664
23210	75.1664
23220	66.4854
23230	76.4854
23240	57.363
23250	67.363
23260	59.8116
23270	69.8116
23280	60.2847
23290	70.2847
23300	55.2173
23310	65.2173
23320	75.2173
23330	64.8879
23340	74.8879
23350	60.7229
23360	70.7229
23370	51.3837
23380	61.3837
23390	55.8514
23400	65.8514
23410	75.8514
23420	64.8836
23430	74.8836
23440	68.5395
23450	78.5395
23460	68.2998
23470	78.2998
23480	88.2999
23490	72.1816
23500	48.6333
23510	58.6333
23520	49.7989
23530	59.7989
23540	69.7989
23550	58.8408
23560	68.8408
23570	61.8377
23580	71.8377
23590	81.8377
23600	71.0443
23610	55.8269
23620	65.8269
23630	75.8269
23640	65.5893
23650	75.5893
23660	68.3138
23670	78.3138
23680	58.7863
23690	68.7863
23700	78.7863
23710	67.1559
23720	77.1559
23730	62.7116
23740	72.7116
23750	53.2311
23760	63.2311
23770	55.3653
23780	65.3653
23790	60.3511
23800	70.3511
23810	55.1102
23820	65.1102
23830	56.2472
23840	66.2472
23850	76.2472
23860	61.6934
23870	46.4625
23880	56.4625
23890	66.4625
23900	61.3604
23910	71.3604
23920	60.3968
23930	70.3968
23940	80.3968
23950	71.3593
23960	81.3593
23970	70.4302
23980	80.4302
23990	61.1486
24000	71.1486
24010	59.3759
24020	69.3759
24030	61.0927
24040	71.0927
24050	56.097
24060	66.097
24070	76.097
24080	65.2561
24090	75.2561
24100	60.3873
24110	70.3873
24120	51.3407
24130	61.3407
24140	55.9902
24150	65.9902
24160	61.2988
24170	71.2988
24180	81.2988
24190	62.3696
24200	72.3696
24210	61.1954
24220	71.1954
24230	81.1954
24240	64.6069
24250	49.8377
24260	59.8377
24270	53.1828
24280	63.1828
24290	73.1828
24300	62.5829
24310	72.5829
24320	64.5564
24330	74.5564
24340	84.5564
24350	73.7365
24360	58.9886
24370	68.9886
24380	78.9886
24390	66.6249
24400	76.6249
24410	68.2812
24420	78.2812
24430	59.3527
24440	69.3527
24450	79.3527
24460	66.4905
24470	76.4905
24480	61.9497
24490	71.9497
24500	53.0211
24510	63.0211
24520	55.7908
24530	65.7908
24540	61.25
24550	71.25
24560	56.4541
24570	66.4541
24580	56.8622
24590	66.8622
24600	76.8622
24610	62.3214
24620	47.524
24630	57.524
24640	67.524
24650	60.9988
24660	70.9988
24670	60.2609
24680	70.2609
24690	80.2609
24700	70.7027
24710	80.7027
24720	69.9859
24730	79.986
24740	60.9529
24750	70.9529
24760	59.6611
24770	69.6611
24780	61.7812
24790	71.7812
24800	56.8957
24810	66.8957
24820	76.8957
24830	65.7252
24840	75.7252
24850	61.2468
24860	71.2468
24870	52.2094
24880	62.2094
24890	55.7313
24900	65.7313
24910	61.252
24920	71.252
24930	81.252
24940	62.1887
24950	72.1887
24960	61.1007
24970	71.1007
24980	81.1007
24990	64.8812
25000	49.9574
25010	59.9574
25020	53.137
25030	63.137
25040	73.137
25050	62.3728
25060	72.3728
25070	64.6454
25080	74.6454
25090	84.6454
25100	74.1726
25110	59.2982
25120	69.2982
25130	79.2982
25140	67.0127
25150	77.0127
25160	68.1683
25170	78.1683
25180	59.1431
25190	69.1431
25200	79.1431
25210	66.6643
25220	76.6643
25230	62.3774
25240	72.3774
25250	53.3935
25260	63.3935
25270	55.8571
25280	65.8571
25290	61.2554
25300	71.2554
25310	56.4371
25320	66.4371
25330	57.0673
25340	67.0673
25350	77.0673
25360	62.5272
25370	47.6637
25380	57.6637
25390	67.6637
25400	60.9448
25410	70.9448
25420	60.2252
25430	70.2252
25440	80.2252
25450	70.8704
25460	80.8704
25470	70.1039
25480	80.1039
25490	61.1282
25500	71.1282
25510	59.8501
25520	69.8501
25530	61.7959
25540	71.7959
25550	56.9939
25560	66.9939
25570	76.9939
25580	66.0745
25590	76.0745
25600	61.2973
25610	71.2973
25620	52.3616
25630	62.3616
25640	55.7178
25650	65.7178
25660	61.2376
25670	71.2376
25680	81.2376
25690	62.302
25700	72.302
25710	61.3628
25720	71.3627
25730	81.3628
25740	64.7209
25750	49.8959
25760	59.8959
25770	53.289
25780	63.289
25790	73.289
25800	62.639
25810	72.639
25820	64.7808
25830	74.7808
25840	84.7808
25850	73.7415
25860	58.9749
25870	68.9749
25880	78.9749
25890	66.8947
25900	76.8947
25910	68.2801
25920	78.2801
25930	59.3857
25940	69.3857
25950	79.3857
25960	66.6898
25970	76.6898
25980	61.7932
25990	71.7932
26000	52.9464
26010	62.9464
26020	55.5764
26030	65.5764
26040	61.2367
26050	71.2367
26060	56.4445
26070	66.4445
26080	57.0715
26090	67.0715
26100	77.0715
26110	62.2923
26120	47.4277
26130	57.4277
26140	67.4277
26150	61.0068
26160	71.0068
26170	60.3046
26180	70.3046
26190	80.3046
26200	70.8986
26210	80.8986
26220	69.8133
26230	79.8133
26240	60.813
26250	70.813
26260	60.0173
26270	70.0173
26280	61.631
26290	71.631
26300	56.8233
26310	66.8233
26320	76.8233
26330	65.8803
26340	75.8803
26350	60.7963
26360	70.7963
26370	51.9135
26380	61.9135
26390	55.7478
26400	65.7478
26410	61.7078
26420	71.7078
26430	81.7078
26440	62.8349
26450	53.4105
26460	63.4105
26470	73.4105
26480	59.3097
26490	69.3097
26500	54.5754
26510	64.5754
26520	57.3098
26530	67.3098
26540	77.3098
26550	67.8843
26560	53.2209
26570	63.2209
26580	73.2209
26590	66.4221
26600	76.4221
26610	65.3211
26620	75.3211
26630	56.5369
26640	66.5369
26650	56.9921
26660	66.9921
26670	58.2563
26680	68.2563
26690	78.2563
26700	59.4641
26710	69.4641
26720	61.5311
26730	71.5311
26740	81.5311
26750	72.05
26760	57.3944
26770	67.3944
26780	77.3944
26790	68.1187
26800	58.6549
26810	68.6549
26820	53.9337
26830	63.9337
26840	73.9337
26850	62.6634
26860	72.6634
26870	59.2666
26880	69.2666
26890	50.4587
26900	60.4587
26910	54.5319
26920	64.5319
26930	74.5319
26940	64.0043
26950	74.0043
26960	65.9406
26970	75.9406
26980	85.9407
26990	72.4138
27000	57.7802
27010	67.7802
27020	77.7802
27030	66.6232
27040	58.9351
27050	68.9351
27060	78.9351
27070	60.102
27080	70.102
27090	58.7646
27100	68.7646
27110	78.7646
27120	63.2004
27130	48.5227
27140	58.5227
27150	68.5227
27160	62.1126
27170	72.1125
27180	61.5353
27190	71.5353
27200	81.5353
27210	71.9699
27220	81.9699
27230	70.2723
27240	80.2723
27250	61.3765
27260	71.3765
27270	59.5728
27280	52.332
27290	62.332
27300	72.332
27310	57.4777
27320	67.4777
27330	58.0163
27340	68.0163
27350	78.0163
27360	62.4262
27370	47.5651
27380	57.5651
27390	67.5651
27400	61.9936
27410	71.9936
27420	61.2232
27430	71.2232
27440	81.2232
27450	71.8046
27460	81.8046
27470	70.2015
27480	80.2015
27490	61.1022
27500	71.1022
27510	59.4654
27520	52.2701
27530	62.2701
27540	72.2701
27550	57.2552
27560	67.2552
27570	57.888
27580	67.888
27590	77.888
27600	62.336
27610	47.3637
27620	57.3637
27630	67.3637
27640	61.8805
27650	71.8805
27660	61.1122
27670	71.1122
27680	81.1122
27690	71.8335
27700	81.8335
27710	69.9418
27720	79.9418
27730	60.8046
27740	70.8046
27750	59.3199
27760	69.3199
27770	61.5379
27780	71.5379
27790	56.5493
27800	48.6317
27810	58.6317
27820	68.6317
27830	56.2061
27840	66.2061
27850	51.2175
27860	61.2175
27870	71.2175
27880	65.8352
27890	75.8352
27900	65.9268
27910	75.9268
27920	56.7735
27930	66.7735
27940	59.8169
27950	69.8169
27960	58.9931
27970	68.9931
27980	78.9931
27990	59.8489
28000	49.9757
28010	59.9757
28020	69.9757
28030	61.4316
28040	71.4316
28050	56.477
28060	66.4771
28070	76.477
28080	67.1299
28090	77.1299
28100	67.3572
28110	77.3572
28120	58.2436
28130	68.2436
28140	60.4956
28150	70.4956
28160	62.6364
28170	72.6364
28180	82.6364
28190	63.5227
28200	53.75
28210	63.75
28220	73.75
28230	59.5093
28240	69.5093
28250	54.5916
28260	64.5916
28270	57.1467
28280	67.1467
28290	77.1467
28300	67.4282
28310	52.5202
28320	62.5202
28330	72.5202
28340	64.8412
28350	74.8412
28360	63.4842
28370	73.4842
28380	54.5075
28390	64.5075
28400	54.9474
28410	64.9474
28420	58.3427
28430	68.3427
28440	78.3427
28450	59.4415
28460	69.4415
28470	61.2251
28480	71.2251
28490	81.2251
28500	71.8236
28510	57.0947
28520	67.0947
28530	77.0947
28540	66.9814
28550	58.6995
28560	68.6995
28570	53.9165
28580	63.9165
28590	73.9165
28600	62.2302
28610	72.2302
28620	59.0203
28630	69.0203
28640	50.0869
28650	60.0869
28660	54.6
28670	64.6
28680	74.6
28690	63.9333
28700	73.9333
28710	65.5838
28720	75.5838
28730	85.5838
28740	72.4189
28750	57.7121
28760	67.7121
28770	77.7121
28780	67.8129
28790	58.7575
28800	68.7575
28810	78.7575
28820	59.8795
28830	69.8795
28840	58.0218
28850	68.0218
28860	78.0218
28870	63.0637
28880	48.3455
28890	58.3455
28900	68.3456
28910	62.3273
28920	72.3273
28930	61.7326
28940	71.7326
28950	81.7326
28960	71.3876
28970	81.3876
28980	70.2372
28990	80.2372
29000	61.4589
29010	71.4589
29020	60.8488
29030	52.3559
29040	62.3559
29050	72.3559
29060	57.6965
29070	67.6965
29080	57.394
29090	67.394
29100	77.394
29110	62.2698
29120	47.6627
29130	57.6627
29140	67.6627
29150	62.3783
29160	72.3783
29170	61.9188
29180	71.9188
29190	81.9188
29200	71.7006
29210	81.7006
29220	70.322
29230	80.322
29240	61.6553
29250	71.6553
29260	61.0046
29270	52.1872
29280	62.1872
29290	72.1872
29300	57.6121
29310	67.6121
29320	57.4813
29330	67.4813
29340	77.4813
29350	62.2744
29360	47.7019
29370	57.7019
29380	67.7019
29390	62.5344
29400	72.5344
29410	62.0997
29420	72.0996
29430	82.0996
29440	72.0057
29450	82.0057
29460	70.7361
29470	80.7361
29480	62.053
29490	72.053
29500	60.8693
29510	70.8693
29520	61.3059
29530	71.3059
29540	56.7072
29550	66.7072
29560	56.6422
29570	66.6422
29580	76.6422
29590	61.5621
29600	47.007
29610	57.007
29620	67.007
29630	61.9205
29640	71.9205
29650	61.4022
29660	71.4022
29670	81.4022
29680	71.1908
29690	81.1908
29700	70.0091
29710	80.0091
29720	61.4373
29730	71.4373
29740	60.1581
29750	70.1581
29760	61.3436
29770	71.3436
29780	56.9087
29790	66.9087
29800	56.916
29810	66.916
29820	76.916
29830	61.9532
29840	47.5182
29850	57.5182
29860	67.5182
29870	61.855
29880	71.855
29890	61.4925
29900	71.4925
29910	81.4925
29920	71.5352
29930	81.5352
29940	70.4264
29950	80.4264
29960	61.9114
29970	71.9114
29980	60.4238
29990	70.4238
30000	61.4977
30010	71.4977
30020	56.987
30030	66.987
30040	76.987
30050	65.4076
30060	75.4076
30070	60.5245
30080	70.5245
30090	51.8707
30100	61.8707
30110	56.0487
30120	66.0487
30130	62.6822
30140	72.6822
30150	82.6822
30160	64.1345
30170	74.1345
30180	62.4775
30190	72.4775
30200	82.4775
30210	65.4497
30220	50.9831
30230	60.9831
30240	52.2018
30250	62.2018
30260	72.2018
30270	61.7609
30280	71.7609
30290	63.4749
30300	73.4749
30310	83.4749
30320	72.1964
30330	57.6155
30340	67.6155
30350	77.6155
30360	67.2967
30370	77.2967
30380	69.6916
30390	79.6916
30400	60.9887
30410	70.9887
30420	80.9887
30430	67.6095
30440	77.6095
30450	62.5877
30460	72.5877
30470	53.9122
30480	63.9122
30490	54.5385
30500	64.5385
30510	58.1711
30520	68.1711
30530	78.1711
30540	69.5837
30550	79.5837
30560	68.4564
30570	78.4564
30580	59.8185
30590	69.8185
30600	58.7109
30610	68.7109
30620	78.7109
30630	72.5335
30640	82.5335
30650	63.9034
30660	73.9034
30670	83.9034
30680	70.2903
30690	80.2903
30700	63.4864
30710	73.4864
30720	54.817
30730	64.817
30740	55.5532
30750	52.1421
30760	62.1421
30770	72.1421
30780	57.5563
30790	67.5563
30800	57.3847
30810	67.3847
30820	77.3847
30830	62.3909
30840	47.7839
30850	57.7839
30860	67.7839
30870	62.3668
30880	72.3668
30890	61.804
30900	71.804
30910	81.804
30920	71.7788
30930	81.7788
30940	70.4715
30950	80.4716
30960	61.6937
30970	71.6937
30980	61.3129
30990	52.2476
31000	62.2476
31010	72.2476
31020	57.6069
31030	67.6069
31040	57.6459
31050	67.6459
31060	77.6459
31070	62.2866
31080	47.6459
31090	57.6459
31100	67.6459
31110	62.3614
31120	72.3614
31130	61.8275
31140	71.8275
31150	81.8275
31160	71.8686
31170	81.8686
31180	70.4159
31190	80.4159
31200	61.6286
31210	71.6286
31220	60.4472
31230	70.4472
31240	61.4663
31250	71.4663
31260	56.7171
31270	66.7171
31280	56.8136
31290	66.8136
31300	76.8136
31310	61.5169
31320	46.7771
31330	56.7771
31340	66.7771
31350	61.5262
31360	71.5262
31370	60.9735
31380	70.9735
31390	80.9735
31400	71.0998
31410	81.0999
31420	69.7007
31430	79.7007
31440	60.8975
31450	70.8975
31460	59.5895
31470	69.5895
31480	61.5685
31490	71.5685
31500	56.831
31510	66.831
31520	56.9822
31530	66.9822
31540	76.9822
31550	61.6728
31560	46.9243
31570	56.9243
31580	66.9243
31590	61.4325
31600	71.4325
31610	60.8088
31620	70.8088
31630	80.8088
31640	71.01
31650	81.01
31660	69.5455
31670	79.5455
31680	60.6357
31690	70.6357
31700	59.3933
31710	69.3933
31720	61.5367
31730	71.5367
31740	56.7174
31750	66.7174
31760	76.7174
31770	65.3154
31780	75.3154
31790	60.0098
31800	70.0098
31810	51.1037
31820	61.1037
31830	55.6885
31840	65.6885
31850	75.6885
31860	65.0316
31870	75.0316
31880	66.998
31890	76.998
31900	86.998
31910	73.5555
31920	58.7651
31930	68.7651
31940	57.6414
31950	67.6414
31960	59.4736
31970	69.4736
31980	54.6659
31990	64.6659
32000	74.6659
32010	63.4406
32020	73.4406
32030	59.8465
32040	69.8465
32050	50.9001
32060	60.9001
32070	55.6099
32080	65.6099
32090	75.6099
32100	64.9189
32110	74.9189
32120	67.0278
32130	77.0278
32140	87.0278
32150	73.2966
32160	58.4649
32170	68.465
32180	57.4976
32190	67.4976
32200	59.4138
32210	69.4138
32220	54.6222
32230	64.6222
32240	74.6222
32250	63.5387
32260	73.5387
32270	59.815
32280	69.815
32290	50.902
32300	60.902
32310	55.7131
32320	65.7131
32330	75.7131
32340	65.0959
32350	75.0959
32360	67.29
32370	77.29
32380	87.29
32390	73.4274
32400	58.6937
32410	68.6937
32420	78.6937
32430	66.4869
32440	58.4885
32450	68.4885
32460	53.7938
32470	63.7938
32480	73.7938
32490	62.6449
32500	72.6449
32510	58.7924
32520	68.7924
32530	49.9273
32540	59.9273
32550	54.784
32560	64.784
32570	74.784
32580	64.1893
32590	74.1893
32600	66.272
32610	76.272
32620	86.272
32630	72.503
32640	57.766
32650	67.766
32660	77.766
32670	66.5732
32680	58.6814
32690	68.6814
32700	53.9064
32710	63.9064
32720	73.9064
32730	62.7868
32740	72.7868
32750	59.0686
32760	69.0686
32770	50.1645
32780	60.1645
32790	54.6403
32800	64.6403
32810	74.6403
32820	64.0933
32830	74.0933
32840	66.1655
32850	76.1655
32860	86.1655
32870	72.3814
32880	57.7718
32890	67.7718
32900	77.7718
32910	66.6853
32920	58.9124
32930	68.9124
32940	78.9124
32950	60.2772
32960	70.2772
32970	58.8437
32980	68.8437
32990	78.8437
33000	63.154
33010	48.6627
33020	58.6627
33030	68.6627
33040	62.1867
33050	72.1867
33060	61.7977
33070	71.7977
33080	81.7977
33090	71.7754
33100	81.7754
33110	70.0179
33120	80.0179
33130	61.5264
33140	71.5263
33150	60.2475
33160	52.5051
33170	62.5051
33180	72.5051
33190	58.028
33200	68.028
33210	58.0181
33220	68.0181
33230	78.0181
33240	62.3739
33250	47.9332
33260	57.9332
33270	67.9332
33280	62.1014
33290	72.1014
33300	61.7685
33310	71.7684
33320	81.7685
33330	71.8346
33340	81.8346
33350	70.2192
33360	80.2192
33370	61.8107
33380	71.8107
33390	60.7311
33400	52.6956
33410	62.6956
33420	72.6956
33430	58.2917
33440	68.2917
33450	58.4293
33460	68.4293
33470	78.4293
33480	62.9633
33490	48.5527
33500	58.5527
33510	68.5527
33520	62.1126
33530	72.1126
33540	61.7997
33550	71.7997
33560	81.7997
33570	71.9732
33580	81.9732
33590	70.299
33600	80.299
33610	61.8739
33620	71.8739
33630	60.9087
33640	70.9087
33650	61.8609
33660	71.8609
33670	57.5373
33680	67.5373
33690	57.7536
33700	67.7536
33710	77.7537
33720	62.1531
33730	47.8748
33740	57.8748
33750	67.8748
33760	61.5114
33770	71.5114
33780	61.2429
33790	71.2429
33800	81.243
33810	71.5284
33820	81.5284
33830	69.935
33840	79.935
33850	61.5387
33860	71.5387
33870	60.3216
33880	70.3216
33890	61.7425
33900	71.7425
33910	57.3447
33920	67.3447
33930	57.6756
33940	67.6756
33950	77.6756
33960	62.1571
33970	47.7324
33980	57.7324
33990	67.7324
34000	61.4693
34010	71.4693
34020	61.1129
34030	71.1129
34040	81.1129
34050	71.5005
34060	81.5005
34070	69.844
34080	79.844
34090	61.3877
34100	71.3877
34110	60.2243
34120	70.2243
34130	61.7771
34140	71.7771
34150	57.3773
34160	67.3773
34170	77.3773
34180	65.9727
34190	75.9727
34200	60.4996
34210	70.4996
34220	52.0749
34230	62.0749
34240	55.6735
34250	65.6735
34260	62.5369
34270	72.5369
34280	82.5369
34290	64.1197
34300	74.1197
34310	62.5741
34320	72.5741
34330	82.5741
34340	65.1998
34350	50.8409
34360	60.8409
34370	52.5194
34380	62.5194
34390	72.5194
34400	62.204
34410	72.204
34420	64.0225
34430	74.0225
34440	84.0225
34450	72.4123
34460	57.9756
34470	67.9756
34480	77.9756
34490	67.9054
34500	77.9054
34510	69.3571
34520	79.3571
34530	60.8254
34540	70.8254
34550	80.8254
34560	67.7641
34570	77.7641
34580	62.2681
34590	72.2681
34600	53.6782
34610	63.6782
34620	54.7096
34630	64.7096
34640	58.4064
34650	68.4064
34660	78.4064
34670	70.2736
34680	80.2736
34690	68.5985
34700	78.5985
34710	60.1131
34720	70.1131
34730	59.3002
34740	69.3002
34750	79.3002
34760	72.2455
34770	82.2455
34780	63.808
34790	73.808
34800	83.808
34810	70.6359
34820	80.6359
34830	63.0941
34840	73.0941
34850	54.6566
34860	64.6566
34870	55.4963
34880	52.5374
34890	62.5374
34900	72.5374
34910	58.21
34920	68.21
34930	58.3886
34940	68.3886
34950	78.3886
34960	62.6998
34970	48.4355
34980	58.4355
34990	68.4355
35000	61.9264
35010	71.9264
35020	61.7204
35030	71.7204
35040	81.7204
35050	71.9995
35060	81.9995
35070	70.0098
35080	80.0098
35090	61.7038
35100	71.7038
35110	61.9644
35120	52.7887
35130	62.7887
35140	72.7887
35150	58.5156
35160	68.5156
35170	58.8738
35180	68.8738
35190	78.8738
35200	62.7384
35210	48.4553
35220	58.4553
35230	68.4553
35240	61.8721
35250	71.8721
35260	61.6362
35270	71.6362
35280	81.6362
35290	72.0355
35300	82.0355
35310	69.8805
35320	79.8805
35330	61.5146
35340	71.5146
35350	61.0481
35360	71.0481
35370	62.0033
35380	72.0033
35390	57.6233
35400	49.54
35410	59.54
35420	69.54
35430	56.7375
35440	66.7375
35450	52.2855
35460	62.2855
35470	72.2855
35480	65.7799
35490	75.7799
35500	65.7435
35510	75.7435
35520	57.1534
35530	67.1534
35540	59.2985
35550	69.2985
35560	79.2985
35570	70.6356
35580	80.6356
35590	62.005
35600	52.005
35610	62.005
35620	72.005
35630	62.3073
35640	72.3073
35650	57.7668
35660	67.7668
35670	77.7668
35680	65.064
35690	75.0641
35700	65.064
35710	75.0641
35720	56.4302
35730	66.4302
35740	58.6347
35750	68.6347
35760	62.5599
35770	72.5599
35780	82.5599
35790	63.8884
35800	53.8011
35810	63.8011
35820	73.8011
35830	59.5632
35840	69.5632
35850	54.9453
35860	64.9453
35870	56.8534
35880	66.8534
35890	76.8534
35900	66.7363
35910	52.1365
35920	62.1364
35930	72.1365
35940	64.3178
35950	74.3178
35960	67.5416
35970	77.5416
35980	58.8278
35990	68.8278
36000	58.7624
