10	10
20	3
30	3
40	3
50	3
60	3
70	5.5
80	15.5
90	25.5
100	21.5
110	31.5
120	20
130	30
140	20
150	30
160	20
170	30
180	40
190	25
200	35
210	20
220	30
230	20
240	30
250	40
260	25
270	35
280	20
290	30
300	20
310	30
320	40
330	25
340	35
350	20
360	30
370	20
380	30
390	20
400	30
410	40
420	25
430	35
440	20
450	30
460	21.6667
470	31.6667
480	41.6667
490	33.3333
500	43.3333
510	33.3333
520	43.3333
530	30
540	40
550	50
560	36.6667
570	46.6667
580	32.4667
590	42.4667
600	52.4667
610	41.5333
620	51.5333
630	43.7833
640	53.7833
650	45.4333
660	55.4333
670	46.625
680	56.625
690	51.9583
700	61.9583
710	71.9583
720	64.75
730	74.75
740	63.9722
750	73.9722
760	65.2083
770	75.2083
780	85.2083
790	71.9899
800	59.7459
810	69.7459
820	61.0917
830	71.0917
840	81.0917
850	68.0357
860	78.0357
870	64.3644
880	74.3644
890	63.986
900	73.986
910	83.986
920	73.8462
930	63.8462
940	73.8462
950	83.8462
960	68.4615
970	78.4615
980	63.8462
990	73.8462
1000	54.011
1010	64.011
1020	58.956
1030	51.1538
1040	61.1538
1050	71.1538
1060	59.2308
1070	69.2308
1080	62.0879
1090	72.0879
1100	64.8352
1110	74.8352
1120	65.5495
1130	75.5494
1140	67.1429
1150	77.1429
1160	65.875
1170	75.875
1180	63.4821
1190	73.4821
1200	83.4821
1210	63.625
1220	73.625
1230	62.0893
1240	72.0893
1250	62.375
1260	72.375
1270	82.375
1280	69.875
1290	79.875
1300	67.9276
1310	77.9276
1320	65.0592
1330	75.0592
1340	85.0592
1350	70.9461
1360	58.9829
1370	68.9829
1380	78.9829
1390	66.5737
1400	76.5737
1410	64.3607
1420	74.3607
1430	65.3757
1440	75.3757
1450	63.6357
1460	73.6357
1470	60.331
1480	70.331
1490	61.4952
1500	71.4952
1510	58.5714
1520	68.5714
1530	78.5714
1540	63.184
1550	73.184
1560	62.5519
1570	72.5519
1580	62.0931
1590	72.0931
1600	82.0931
1610	74.1478
1620	84.1478
1630	73.9917
1640	83.9917
1650	93.9917
1660	78.8618
1670	63.8358
1680	73.8358
1690	83.8358
1700	65.654
1710	75.654
1720	64.3943
1730	74.3943
1740	84.3943
1750	70.5614
1760	80.5614
1770	68.8545
1780	78.8545
1790	66.8402
1800	76.8402
1810	86.8402
1820	69.4247
1830	79.4247
1840	64.1189
1850	74.1189
1860	66.041
1870	76.041
1880	86.041
1890	73.8413
1900	83.8413
1910	69.2749
1920	79.2749
1930	89.2749
1940	71.3727
1950	81.3727
1960	65.0455
1970	75.0455
1980	63.6818
1990	73.6818
2000	66.6667
2010	76.6667
2020	66.9697
2030	76.9697
2040	62.7273
2050	72.7273
2060	55.4546
2070	65.4545
2080	75.4545
2090	65.7576
2100	57.5758
2110	67.5758
2120	58.3065
2130	68.3065
2140	60.3758
2150	70.3758
2160	61.3212
2170	71.3212
2180	58.2485
2190	68.2485
2200	59.9628
2210	69.9628
2220	79.9628
2230	67.8961
2240	56.2976
2250	66.2976
2260	76.2976
2270	67.8571
2280	77.8571
2290	66.1516
2300	76.1516
2310	86.1516
2320	66.539
2330	76.539
2340	66.4147
2350	76.4147
2360	64.985
2370	74.985
2380	65.8408
2390	75.8408
2400	64.9775
2410	74.9775
2420	84.9775
2430	65.2477
2440	52.1622
2450	62.1622
2460	55.9459
2470	65.9459
2480	75.9459
2490	69.4082
2500	60.7415
2510	70.7415
2520	80.7415
2530	64.4906
2540	74.4906
2550	60.1456
2560	70.1456
2570	62.5241
2580	72.5241
2590	82.5241
2600	71.1115
2610	81.1115
2620	68.652
2630	78.652
2640	64.1311
2650	74.1311
2660	61.599
2670	71.599
2680	62.4603
2690	72.4603
2700	82.4603
2710	72.0359
2720	58.0566
2730	68.0566
2740	57.9296
2750	67.9296
2760	77.9296
2770	63.6877
2780	56.7735
2790	66.7735
2800	76.7735
2810	66.023
2820	76.023
2830	63.9204
2840	73.9204
2850	61.3401
2860	71.3401
2870	81.3401
2880	72.3781
2890	82.3781
2900	69.1986
2910	79.1986
2920	65.1077
2930	75.1077
2940	85.1077
2950	71.9373
2960	81.9372
2970	68.2521
2980	78.2521
2990	63.0301
3000	73.0302
3010	64.7135
3020	74.7135
3030	63.4688
3040	73.4688
3050	83.4688
3060	69.2867
3070	79.2867
3080	68.6
3090	78.6
3100	67.6353
3110	77.6353
3120	87.6353
3130	72.5765
3140	56.8021
3150	66.8021
3160	76.8021
3170	64.8544
3180	74.8544
3190	67.2086
3200	77.2086
3210	67.2835
3220	77.2835
3230	87.2835
3240	71.5892
3250	81.5892
3260	67.5527
3270	52.2206
3280	62.2206
3290	72.2206
3300	61.3159
3310	71.3159
3320	64.7273
3330	74.7273
3340	65.8182
3350	75.8182
3360	85.8182
3370	72.1818
3380	82.1818
3390	67.9961
3400	77.9961
3410	60.8305
3420	70.8305
3430	59.7127
3440	69.7127
3450	63.3331
3460	73.3331
3470	83.3331
3480	73.237
3490	83.237
3500	70
3510	80
3520	62.0763
3530	72.0763
3540	58.618
3550	68.618
3560	58.142
3570	68.1419
3580	78.142
3590	71.2268
3600	81.2268
3610	71.8672
3620	81.8672
3630	68.0902
3640	78.0902
3650	88.0902
3660	70.0584
3670	80.0584
3680	62.0431
3690	72.0431
3700	61.4005
3710	71.4005
3720	81.4005
3730	70.7014
3740	80.7014
3750	70.6365
3760	80.6365
3770	90.6365
3780	79.4541
3790	89.4541
3800	73.2858
3810	83.2858
3820	65.6514
3830	75.6514
3840	85.6514
3850	71.6947
3860	81.6947
3870	63.275
3880	73.275
3890	83.275
3900	72.4683
3910	82.4683
3920	66.7973
3930	76.7973
3940	66.705
3950	76.705
3960	67.4396
3970	77.4396
3980	64.1063
3990	74.1063
4000	84.1063
4010	67.469
4020	77.469
4030	64.256
4040	74.256
4050	84.256
4060	72.5762
4070	82.5762
4080	69.4618
4090	79.4618
4100	64.3492
4110	74.3492
4120	84.3492
4130	74.4776
4140	84.4776
4150	69.403
4160	79.403
4170	63.1867
4180	73.1867
4190	83.1867
4200	72.5395
4210	82.5395
4220	68.9606
4230	78.9606
4240	88.9606
4250	73.8261
4260	83.8261
4270	69.5339
4280	79.5339
4290	68.2638
4300	78.2638
4310	88.2638
4320	74.5511
4330	84.5511
4340	66.4584
4350	76.4584
4360	62.3235
4370	72.3235
4380	82.3235
4390	68.4334
4400	78.4334
4410	67.9688
4420	77.9688
4430	87.9688
4440	76.7193
4450	86.7193
4460	73.0264
4470	83.0264
4480	68.169
4490	78.169
4500	88.169
4510	70.7042
4520	80.7042
4530	63.1369
4540	73.1369
4550	65.4503
4560	75.4503
4570	85.4503
4580	71.9636
4590	81.9636
4600	69.5927
4610	79.5927
4620	89.5927
4630	75.0153
4640	85.0153
4650	69.7222
4660	79.7222
4670	62.5
4680	72.5
4690	61.1111
4700	71.1111
4710	61.1351
4720	71.1351
4730	63.1442
4740	73.1442
4750	83.1442
4760	70.747
4770	80.747
4780	67.5138
4790	77.5138
4800	62.5985
4810	72.5985
4820	57.8061
4830	67.8061
4840	60.9625
4850	70.9625
4860	80.9625
4870	72.0777
4880	82.0777
4890	69.4034
4900	79.4034
4910	65.4995
4920	75.4995
4930	85.4995
4940	69.3333
4950	55.0789
4960	65.0789
4970	75.0789
4980	66.0132
4990	58.7825
5000	68.7825
5010	60.2469
5020	70.2469
5030	58.1274
5040	68.1275
5050	57.9716
5060	67.9716
5070	56.0548
5080	66.0548
5090	59.192
5100	69.192
5110	58.3879
5120	68.3879
5130	60.3988
5140	53.6861
5150	63.6861
5160	73.6861
5170	62.2447
5180	52.6597
5190	62.6597
5200	72.6597
5210	63.3254
5220	53.4754
5230	63.4754
5240	73.4754
5250	62.604
5260	72.604
5270	64.3108
5280	74.3108
5290	65.1504
5300	75.1504
5310	63.0061
5320	73.0061
5330	83.0061
5340	71.2584
5350	57.7108
5360	67.7108
5370	77.7108
5380	65.8153
5390	75.8153
5400	62.3987
5410	72.3987
5420	63.3318
5430	73.3318
5440	63.6636
5450	73.6636
5460	63.8092
5470	73.8092
5480	60.0415
5490	70.0415
5500	60.3904
5510	70.3904
5520	58.1395
5530	68.1395
5540	57.2253
5550	67.2253
5560	60.9987
5570	70.9987
5580	62.4967
5590	72.4967
5600	62.1315
5610	72.1315
5620	62.7613
5630	72.7613
5640	59.4253
5650	50.4598
5660	60.4598
5670	70.4598
5680	60.9873
5690	50.8139
5700	60.8139
5710	70.8139
5720	64.8262
5730	74.8262
5740	65.517
5750	75.517
5760	65.5209
5770	75.5209
5780	85.5209
5790	71.1983
5800	81.1983
5810	68.8651
5820	78.8651
5830	63.797
5840	73.797
5850	62.2265
5860	72.2265
5870	59.1553
5880	69.1553
5890	79.1553
5900	70.0604
5910	80.0604
5920	69.8525
5930	79.8525
5940	68.3511
5950	78.3511
5960	88.3511
5970	74.3304
5980	84.3304
5990	65.4235
6000	75.4235
6010	85.4235
6020	72.9485
6030	82.9485
6040	68.9711
6050	78.9711
6060	63.487
6070	73.487
6080	83.487
6090	72.7749
6100	82.7749
6110	69.5356
6120	79.5356
6130	89.5356
6140	75.4896
6150	65.6245
6160	75.6245
6170	63.1567
6180	73.1567
6190	83.1567
6200	67.6408
6210	77.6408
6220	60.6951
6230	70.6951
6240	80.6951
6250	67.2066
6260	77.2066
6270	69.2972
6280	79.2972
6290	89.2972
6300	77.3503
6310	87.3503
6320	74.7685
6330	84.7685
6340	69.802
6350	79.802
6360	89.802
6370	68.6139
6380	78.6139
6390	65.0495
6400	75.0495
6410	64.2574
6420	74.2574
6430	84.2574
6440	70.6931
6450	80.6931
6460	69.3296
6470	79.3296
6480	89.3297
6490	74.4668
6500	84.4668
6510	70.1069
6520	80.1069
6530	66.4126
6540	76.4126
6550	86.4126
6560	73.288
6570	83.288
6580	70.0996
6590	80.0996
6600	65.6273
6610	75.6273
6620	85.6273
6630	66.4596
6640	76.4596
6650	65.6892
6660	75.6892
6670	85.6892
6680	74.4498
6690	64.5607
6700	74.5607
6710	84.5607
6720	71.941
6730	81.941
6740	68.0878
6750	78.0878
6760	88.0878
6770	66.8841
6780	76.884
6790	63.3376
6800	73.3376
6810	65.0496
6820	75.0496
6830	65.5
6840	75.5
6850	65.3462
6860	75.3462
6870	62.8405
6880	72.8405
6890	57.6335
6900	67.6335
6910	57.3214
6920	67.3214
6930	59.1626
6940	69.1626
6950	61.2078
6960	71.2078
6970	81.2078
6980	71.3421
6990	81.3421
7000	68.1966
7010	78.1966
7020	66.6532
7030	76.6532
7040	64.1525
7050	74.1525
7060	59.4292
7070	69.4292
7080	79.4292
7090	65.0056
7100	59.453
7110	69.453
7120	60.8641
7130	70.8641
7140	80.8641
7150	69.6466
7160	79.6466
7170	65.1539
7180	75.1539
7190	85.1539
7200	67.7804
7210	77.7804
7220	67.852
7230	77.852
7240	68.8005
7250	78.8005
7260	67.3937
7270	77.3937
7280	63.175
7290	73.175
7300	57.8579
7310	67.8578
7320	57.1699
7330	67.1699
7340	58.9546
7350	68.9546
7360	61.4633
7370	71.4633
7380	62.4853
7390	72.4853
7400	82.4853
7410	70.0884
7420	80.0884
7430	68.6878
7440	78.6879
7450	65.5028
7460	75.5028
7470	61.3794
7480	71.3794
7490	81.3794
7500	66.7432
7510	58.8348
7520	68.8348
7530	61.3831
7540	71.3831
7550	81.3831
7560	70.4823
7570	58.021
7580	68.021
7590	78.021
7600	59.3859
7610	69.3859
7620	61.2859
7630	71.2859
7640	63.7944
7650	73.7944
7660	64.5107
7670	74.5107
7680	63.7761
7690	73.7761
7700	61.7923
7710	71.7923
7720	55.533
7730	65.533
7740	75.533
7750	66.2877
7760	59.9097
7770	69.9097
7780	79.9097
7790	69.7528
7800	79.7528
7810	65.6223
7820	75.6223
7830	85.6223
7840	69.0759
7850	79.0759
7860	64.3925
7870	74.3925
7880	65.3958
7890	75.3958
7900	66.0429
7910	76.0429
7920	66.1016
7930	76.1016
7940	86.1016
7950	70.3682
7960	80.3682
7970	60.7751
7980	70.7751
7990	80.7751
8000	69.3893
8010	79.3893
8020	69.0092
8030	61.1962
8040	71.1962
8050	81.1962
8060	69.5402
8070	56.8598
8080	66.8598
8090	76.8598
8100	59.6378
8110	53.0827
8120	63.0827
8130	73.0827
8140	65.0578
8150	75.0578
8160	64.821
8170	74.821
8180	64.146
8190	74.146
8200	62.1431
8210	72.1431
8220	82.1431
8230	68.8816
8240	59.5204
8250	69.5204
8260	79.5204
8270	64.8473
8280	74.8473
8290	61.8937
8300	71.8937
8310	63.6259
8320	73.6259
8330	63.6011
8340	73.6011
8350	83.6011
8360	70.4518
8370	80.4518
8380	65.6787
8390	75.6787
8400	85.6787
8410	71.0677
8420	81.0677
8430	68.9396
8440	60.337
8450	70.337
8460	80.337
8470	69.3577
8480	56.606
8490	66.606
8500	76.606
8510	59.9341
8520	54.3262
8530	64.3262
8540	56.3933
8550	66.3933
8560	76.3933
8570	66.0301
8580	76.0301
8590	64.8125
8600	74.8124
8610	63.4879
8620	73.4879
8630	83.4879
8640	70.5744
8650	62.2535
8660	72.2535
8670	82.2535
8680	67.4916
8690	77.4916
8700	61.618
8710	71.618
8720	63.3816
8730	73.3816
8740	62.8501
8750	72.8501
8760	61.623
8770	71.623
8780	81.623
8790	67.2514
8800	77.2514
8810	64.3692
8820	74.3692
8830	84.3692
8840	72.1379
8850	64.2069
8860	74.2069
8870	84.2069
8880	72
8890	82
8900	66.8966
8910	76.8965
8920	86.8966
8930	66
8940	76
8950	65.7241
8960	75.7241
8970	65.057
8980	75.057
8990	65.8029
9000	75.803
9010	65.2902
9020	75.2902
9030	85.2902
9040	70.2995
9050	80.2995
9060	61.0856
9070	71.0856
9080	81.0856
9090	71.2337
9100	81.2337
9110	68.6548
9120	61.2356
9130	71.2356
9140	81.2356
9150	69.7951
9160	56.7347
9170	66.7347
9180	76.7347
9190	59.1868
9200	53.5774
9210	63.5774
9220	73.5774
9230	64.704
9240	74.704
9250	64.1157
9260	74.1157
9270	63.616
9280	73.616
9290	62.6323
9300	72.6323
9310	82.6323
9320	68.9879
9330	59.9651
9340	69.9651
9350	79.9651
9360	64.4909
9370	74.4909
9380	61.259
9390	71.259
9400	63.2598
9410	73.2598
9420	64.0824
9430	74.0824
9440	84.0824
9450	70.4355
9460	80.4355
9470	65.1655
9480	75.1655
9490	85.1655
9500	70.2028
9510	80.2029
9520	68.7094
9530	60.515
9540	70.515
9550	80.515
9560	70.0564
9570	57.2208
9580	67.2208
9590	77.2208
9600	59.6249
9610	53.6076
9620	63.6076
9630	56.2115
9640	66.2115
9650	76.2115
9660	65.761
9670	75.761
9680	64.9266
9690	74.9266
9700	64.6372
9710	74.6372
9720	84.6372
9730	70.9929
9740	61.5249
9750	71.5249
9760	81.5249
9770	66.3928
9780	76.3928
9790	60.8616
9800	70.8616
9810	62.6967
9820	72.6967
9830	64.2064
9840	74.2064
9850	62.716
9860	72.716
9870	82.716
9880	67.615
9890	77.615
9900	63.7232
9910	73.7232
9920	83.7232
9930	71.3346
9940	62.9664
9950	72.9664
9960	82.9664
9970	71.662
9980	81.662
9990	66.7275
10000	76.7275
10010	60.8274
10020	70.8274
10030	61.048
10040	71.048
10050	62.0643
10060	72.0643
10070	63.988
10080	73.988
10090	61.1634
10100	71.1634
10110	81.1634
10120	64.5893
10130	74.5893
10140	65.3791
10150	75.3791
10160	85.3791
10170	74.1884
10180	84.1884
10190	71.5802
10200	81.5802
10210	64.6613
10220	74.6613
10230	84.6613
10240	71.5997
10250	81.5997
10260	66.9394
10270	76.9394
10280	66.1036
10290	76.1036
10300	86.1036
10310	74.7649
10320	84.7649
10330	68.2693
10340	78.2693
10350	88.2693
10360	69.813
10370	79.813
10380	69.0073
10390	79.0073
10400	67.7382
10410	77.7382
10420	87.7382
10430	75.2587
10440	61.2193
10450	71.2193
10460	81.2193
10470	65.6322
10480	75.6322
10490	63.9655
10500	73.9655
10510	61.5517
10520	71.5517
10530	81.5517
10540	69.7126
10550	79.7126
10560	68.5632
10570	78.5632
10580	66.1494
10590	76.1494
10600	86.1494
10610	73.6372
10620	83.6372
10630	70.3401
10640	80.3401
10650	66.2222
10660	76.2222
10670	86.2222
10680	65.8554
10690	75.8554
10700	66.9071
10710	76.9071
10720	66.2386
10730	76.2386
10740	86.2386
10750	74.0721
10760	84.0721
10770	70.4072
10780	80.4072
10790	90.4072
10800	74.3419
10810	84.3419
10820	64.6328
10830	74.6328
10840	64.78
10850	74.78
10860	84.78
10870	72.5906
10880	82.5906
10890	70.6953
10900	80.6953
10910	66.8984
10920	76.8984
10930	86.8984
10940	71.4305
10950	81.4305
10960	64.2894
10970	74.2894
10980	84.2894
10990	73.0988
11000	83.0988
11010	71.8741
11020	81.8741
11030	69.8796
11040	79.8796
11050	89.8796
11060	74.7107
11070	84.7107
11080	65.2051
11090	75.2051
11100	61.0205
11110	71.0205
11120	81.0205
11130	71.4051
11140	81.4051
11150	69.8627
11160	79.8627
11170	89.8627
11180	76.5003
11190	86.5003
11200	71.0095
11210	81.0094
11220	64.4933
11230	74.4933
11240	84.4932
11250	68.9296
11260	78.9296
11270	69.1397
11280	79.1397
11290	67.0452
11300	77.0452
11310	63.7737
11320	73.7737
11330	60.7723
11340	70.7723
11350	80.7723
11360	67.8594
11370	77.8594
11380	65.4705
11390	75.4705
11400	67.0501
11410	77.0501
11420	64.0913
11430	74.0913
11440	60.2403
11450	70.2403
11460	60.4479
11470	70.4479
11480	80.4479
11490	69.0544
11500	79.0544
11510	66.3638
11520	76.3638
11530	86.3638
11540	71.8175
11550	81.8175
11560	68.508
11570	78.508
11580	66.3375
11590	76.3375
11600	86.3375
11610	73.3673
11620	83.3673
11630	70.5102
11640	80.5102
11650	66.2245
11660	76.2245
11670	86.2245
11680	67.6531
11690	77.6531
11700	66.9388
11710	76.9388
11720	64.7614
11730	74.7614
11740	84.7614
11750	73.1926
11760	83.1926
11770	70.4344
11780	80.4344
11790	66.2967
11800	76.2967
11810	86.2967
11820	67.7956
11830	77.7956
11840	67.319
11850	77.319
11860	87.319
11870	73.1777
11880	83.1777
11890	71.2141
11900	81.2141
11910	68.4969
11920	78.4969
11930	88.4968
11940	73.0183
11950	83.0183
11960	64.3955
11970	74.3955
11980	64.1855
11990	74.1855
12000	84.1855
12010	71.9277
12020	81.9277
12030	69.7058
12040	79.7058
12050	89.7058
12060	75.0094
12070	85.0094
12080	70.2307
12090	80.2307
12100	63.4208
12110	73.4208
12120	83.4207
12130	71.5213
12140	81.5213
12150	69.572
12160	79.572
12170	67.6128
12180	77.6128
12190	87.6128
12200	72.73
12210	82.73
12220	66.0354
12230	76.0354
12240	86.0354
12250	71.5192
12260	81.5192
12270	70.7655
12280	80.7655
12290	68.6603
12300	78.6603
12310	66.0287
12320	76.0287
12330	60.7656
12340	70.7656
12350	58.9952
12360	68.9952
12370	78.9952
12380	67.8469
12390	77.8469
12400	68.5738
12410	78.5738
12420	65.9745
12430	75.9745
12440	62.3302
12450	72.3302
12460	61.8587
12470	71.8587
12480	81.8587
12490	68.0054
12500	78.0054
12510	66.9631
12520	76.9631
12530	64.3112
12540	74.3112
12550	84.3112
12560	70.7369
12570	80.7369
12580	68.7995
12590	78.7995
12600	88.7995
12610	75.3129
12620	85.3129
12630	71.4218
12640	81.4218
12650	66.3981
12660	76.3981
12670	86.3981
12680	69.0047
12690	79.0047
12700	68.436
12710	78.436
12720	66.5403
12730	76.5403
12740	86.5403
12750	74.6578
12760	84.6578
12770	69.6715
12780	79.6715
12790	89.6715
12800	70.7215
12810	80.7215
12820	68.2404
12830	78.2404
12840	67.7706
12850	77.7706
12860	65.4203
12870	75.4203
12880	62.2332
12890	72.2332
12900	59.0242
12910	69.0242
12920	79.0242
12930	67.185
12940	77.185
12950	66.4405
12960	76.4405
12970	67.1665
12980	77.1665
12990	87.1665
13000	71.6105
13010	57.9988
13020	67.9988
13030	77.9988
13040	66.6799
13050	76.6799
13060	65.1309
13070	75.1309
13080	63.7654
13090	73.7654
13100	83.7654
13110	70.5544
13120	80.5544
13130	66.3761
13140	76.3762
13150	64.5413
13160	74.5413
13170	84.5413
13180	73.3604
13190	83.3604
13200	70.1001
13210	80.1001
13220	67.0372
13230	77.0372
13240	87.0372
13250	67.6538
13260	77.6538
13270	66.3486
13280	76.3486
13290	86.3486
13300	73.1892
13310	83.1892
13320	72.2675
13330	82.2675
13340	68.273
13350	78.273
13360	88.273
13370	73.9032
13380	83.9032
13390	64.8642
13400	74.8642
13410	62.8038
13420	72.8038
13430	82.8038
13440	71.3892
13450	81.3892
13460	70.6177
13470	80.6177
13480	90.6177
13490	75.0103
13500	85.0103
13510	70.2467
13520	80.2467
13530	64.4033
13540	74.4033
13550	84.4033
13560	70.2183
13570	80.2183
13580	68.9152
13590	78.9152
13600	68.2591
13610	78.2591
13620	88.2591
13630	73.1471
13640	83.1471
13650	66.0289
13660	76.0289
13670	86.0289
13680	71.5823
13690	81.5823
13700	69.1616
13710	79.1616
13720	68.008
13730	78.008
13740	64.9182
13750	74.9182
13760	61.4853
13770	71.4853
13780	59.5968
13790	69.5968
13800	79.5968
13810	68.3493
13820	78.3493
13830	67.7181
13840	77.7181
13850	64.156
13860	74.156
13870	61.286
13880	71.286
13890	62.4637
13900	72.4637
13910	82.4637
13920	68.9776
13930	78.9776
13940	67.925
13950	77.925
13960	64.382
13970	74.382
13980	84.382
13990	69.2519
14000	79.2518
14010	67.6658
14020	77.6658
14030	87.6658
14040	76.1636
14050	86.1636
14060	72.4844
14070	82.4845
14080	67.0299
14090	77.0299
14100	87.0299
14110	69.0909
14120	79.0909
14130	67.2727
14140	77.2727
14150	65.4546
14160	75.4545
14170	85.4545
14180	75.4546
14190	85.4545
14200	70.0119
14210	80.0119
14220	90.0119
14230	71.1565
14240	81.1565
14250	68.1171
14260	78.1171
14270	66.378
14280	76.378
14290	64.6656
14300	74.6656
14310	61.5008
14320	71.5008
14330	60.2183
14340	70.2183
14350	80.2183
14360	67.897
14370	77.897
14380	66.1466
14390	76.1466
14400	66.0826
14410	76.0826
14420	86.0826
14430	70.9032
14440	57.7754
14450	67.7754
14460	77.7754
14470	67.5692
14480	77.5692
14490	65.3521
14500	75.3521
14510	63.7095
14520	73.7095
14530	83.7095
14540	70.7324
14550	80.7323
14560	66.1804
14570	76.1804
14580	64.2895
14590	74.2895
14600	84.2895
14610	74.0182
14620	84.0182
14630	69.9506
14640	79.9506
14650	66.8682
14660	76.8682
14670	86.8682
14680	67.6085
14690	77.6085
14700	66.2851
14710	76.285
14720	86.285
14730	72.7709
14740	82.7709
14750	72.3111
14760	82.3111
14770	68.3867
14780	78.3867
14790	88.3867
14800	73.6984
14810	83.6985
14820	64.6569
14830	74.6569
14840	62.9619
14850	72.9619
14860	82.9619
14870	70.9691
14880	80.969
14890	70.7364
14900	80.7364
14910	90.7364
14920	75.3886
14930	85.3886
14940	70.272
14950	80.272
14960	63.7149
14970	73.7149
14980	83.7149
14990	70.3253
15000	80.3253
15010	68.525
15020	78.525
15030	68.2433
15040	78.2433
15050	88.2433
15060	73.2702
15070	83.2702
15080	66.4998
15090	76.4998
15100	86.4998
15110	71.4508
15120	81.4508
15130	69.3553
15140	79.3553
15150	67.7385
15160	77.7385
15170	64.9872
15180	74.9872
15190	61.4242
15200	71.4242
15210	59.564
15220	69.564
15230	79.564
15240	68.0344
15250	78.0344
15260	67.5806
15270	77.5806
15280	64.9679
15290	74.9679
15300	62.0025
15310	72.0025
15320	62.6373
15330	72.6373
15340	82.6373
15350	68.6164
15360	78.6164
15370	67.2394
15380	77.2394
15390	64.82
15400	74.82
15410	84.82
15420	69.7503
15430	79.7503
15440	68.588
15450	78.588
15460	88.588
15470	76.036
15480	86.036
15490	71.2372
15500	81.2372
15510	67.0951
15520	77.0951
15530	87.0951
15540	69.5915
15550	79.5915
15560	67.0925
15570	77.0925
15580	66.1417
15590	76.1417
15600	86.1417
15610	75.1969
15620	85.1969
15630	70.3937
15640	80.3937
15650	62.2835
15660	72.2835
15670	82.2835
15680	69.685
15690	79.685
15700	67.1018
15710	77.1018
15720	66.1943
15730	76.1943
15740	86.1943
15750	75.0797
15760	85.0797
15770	70.39
15780	80.39
15790	90.39
15800	70.0101
15810	80.0101
15820	67.5875
15830	77.5875
15840	65.1874
15850	75.1874
15860	85.1874
15870	72.9032
15880	82.9032
15890	71.317
15900	81.317
15910	66.8181
15920	76.8181
15930	86.8182
15940	68.568
15950	78.568
15960	66.3216
15970	76.3216
15980	86.3216
15990	72.5169
16000	82.5169
16010	71.4043
16020	81.4043
16030	69.3531
16040	79.3531
16050	89.3531
16060	73.2819
16070	83.2819
16080	65.1738
16090	75.1738
16100	63.0116
16110	73.0116
16120	83.0116
16130	70.8592
16140	80.8592
16150	69.6605
16160	79.6605
16170	89.6605
16180	75.9796
16190	85.9796
16200	71.7655
16210	81.7655
16220	63.6019
16230	73.6019
16240	83.6019
16250	69.6554
16260	79.6554
16270	67.6094
16280	77.6094
16290	66.3106
16300	76.3106
16310	86.3106
16320	74.4257
16330	84.4257
16340	70.4101
16350	80.4101
16360	62.4475
16370	72.4475
16380	82.4475
16390	69.4809
16400	79.4809
16410	67.5125
16420	77.5125
16430	66.6278
16440	76.6278
16450	86.6278
16460	74.734
16470	84.734
16480	70.2974
16490	80.2974
16500	90.2974
16510	70.1859
16520	80.1859
16530	67.2953
16540	77.2953
16550	65.3272
16560	75.3272
16570	85.3272
16580	73.0582
16590	83.0582
16600	71.205
16610	81.205
16620	66.8338
16630	76.8338
16640	86.8338
16650	68.889
16660	78.889
16670	66.1462
16680	76.1462
16690	86.1462
16700	72.3628
16710	82.3628
16720	71.7034
16730	81.7034
16740	69.5916
16750	79.5916
16760	89.5916
16770	73.2581
16780	83.2581
16790	65.6136
16800	75.6136
16810	62.5341
16820	72.5341
16830	82.5341
16840	70.6072
16850	80.6072
16860	69.7165
16870	79.7165
16880	89.7165
16890	76.2659
16900	86.2659
16910	71.7099
16920	81.7099
16930	64.2617
16940	74.2617
16950	84.2617
16960	69.1797
16970	79.1797
16980	67.3949
16990	77.3949
17000	66.6554
17010	76.6554
17020	86.6554
17030	74.9733
17040	84.9733
17050	69.8031
17060	79.8031
17070	62.7272
17080	72.7272
17090	82.7272
17100	68.8108
17110	78.8108
17120	66.8045
17130	76.8045
17140	66.4186
17150	76.4186
17160	86.4186
17170	75.0188
17180	85.0188
17190	69.8578
17200	79.8578
17210	89.8578
17220	71.3822
17230	81.3822
17240	67.0978
17250	77.0978
17260	65.0249
17270	75.0249
17280	85.025
17290	72.9769
17300	82.9769
17310	71.4336
17320	81.4336
17330	66.4685
17340	76.4685
17350	86.4685
17360	70.035
17370	80.035
17380	65.5674
17390	75.5674
17400	85.5674
17410	71.9895
17420	81.9895
17430	71.47
17440	81.47
17450	69.8731
17460	79.8731
17470	89.8731
17480	73.2351
17490	83.2351
17500	66.5007
17510	76.5007
17520	62.0974
17530	72.0974
17540	82.0974
17550	70.3057
17560	80.3056
17570	70.0092
17580	80.0092
17590	90.0092
17600	76.3731
17610	86.3731
17620	71.5633
17630	81.5633
17640	65.1718
17650	75.1718
17660	85.1718
17670	68.2671
17680	78.2671
17690	66.6449
17700	76.6449
17710	66.6167
17720	76.6167
17730	86.6167
17740	74.7387
17750	84.7388
17760	69.9177
17770	79.9177
17780	63.8386
17790	73.8386
17800	83.8386
17810	68.2659
17820	78.2659
17830	66.4923
17840	76.4923
17850	66.6216
17860	76.6216
17870	86.6216
17880	74.8649
17890	84.8649
17900	69.7973
17910	79.7973
17920	89.7973
17930	71.8763
17940	81.8763
17950	66.3591
17960	76.3591
17970	64.6327
17980	74.6327
17990	84.6327
18000	73.391
18010	83.391
18020	71.6907
18030	81.6907
18040	66.7057
18050	76.7057
18060	86.7057
18070	70.3331
18080	80.3331
18090	64.9145
18100	74.9146
18110	84.9145
18120	71.7285
18130	81.7285
18140	71.9822
18150	81.9822
18160	69.9392
18170	79.9392
18180	89.9392
18190	73.2863
18200	83.2863
18210	66.9875
18220	76.9875
18230	61.7089
18240	71.7089
18250	81.7089
18260	69.6356
18270	79.6356
18280	70.0566
18290	80.0566
18300	90.0566
18310	76.6414
18320	86.6414
18330	71.866
18340	81.866
18350	65.5013
18360	75.5013
18370	85.5013
18380	68.8008
18390	78.8008
18400	65.9877
18410	75.9877
18420	66.6772
18430	76.6772
18440	86.6772
18450	74.6557
18460	84.6557
18470	69.8689
18480	79.8689
18490	63.7049
18500	73.7049
18510	83.7049
18520	68.918
18530	78.918
18540	65.9672
18550	75.9672
18560	66.6926
18570	76.6926
18580	86.6926
18590	74.6798
18600	84.6798
18610	69.9271
18620	79.9271
18630	89.9271
18640	71.9596
18650	81.9596
18660	66.9018
18670	76.9018
18680	64.0667
18690	74.0667
18700	84.0667
18710	73.5708
18720	83.5708
18730	71.5624
18740	81.5624
18750	66.4145
18760	76.4145
18770	86.4145
18780	70.2326
18790	80.2326
18800	65.5099
18810	75.5099
18820	85.5099
18830	71.2343
18840	81.2343
18850	72.1405
18860	82.1405
18870	69.7475
18880	79.7475
18890	89.7474
18900	73.0099
18910	83.0099
18920	66.3699
18930	76.3699
18940	62.0793
18950	72.0793
18960	82.0793
18970	69.598
18980	79.598
18990	70.6604
19000	80.6604
19010	90.6604
19020	76.6038
19030	86.6038
19040	71.5094
19050	81.5094
19060	64.6613
19070	74.6613
19080	84.6613
19090	68.7407
19100	78.7407
19110	66.1247
19120	76.1247
19130	67.2286
19140	77.2286
19150	87.2286
19160	74.8321
19170	84.8321
19180	69.8192
19190	79.8192
19200	63.0677
19210	73.0677
19220	83.0677
19230	68.9637
19240	78.9637
19250	66.1847
19260	76.1847
19270	67.0347
19280	77.0347
19290	87.0347
19300	74.7188
19310	84.7188
19320	69.7812
19330	79.7812
19340	89.7812
19350	71.2088
19360	81.2088
19370	67.0689
19380	77.0689
19390	64.3774
19400	74.3774
19410	84.3774
19420	73.8419
19430	83.8419
19440	71.6725
19450	81.6725
19460	66.5474
19470	76.5474
19480	86.5474
19490	69.8819
19500	79.8819
19510	65.6803
19520	75.6803
19530	85.6803
19540	71.2242
19550	81.2242
19560	71.8216
19570	81.8216
19580	69.875
19590	79.875
19600	89.875
19610	73.1631
19620	83.1631
19630	66.5402
19640	76.5402
19650	62.5147
19660	72.5147
19670	82.5147
19680	69.5312
19690	79.5312
19700	69.8227
19710	79.8227
19720	89.8227
19730	76.422
19740	86.422
19750	71.5902
19760	81.5902
19770	65.0528
19780	75.0528
19790	85.0528
19800	69.3867
19810	79.3867
19820	66.2986
19830	76.2986
19840	66.6108
19850	76.6108
19860	86.6108
19870	74.8486
19880	84.8486
19890	69.7191
19900	79.7191
19910	63.3022
19920	73.3022
19930	83.3022
19940	69.4574
19950	79.4574
19960	66.4742
19970	76.4742
19980	66.4742
19990	76.4742
20000	86.4742
20010	74.7796
20020	84.7796
20030	69.5836
20040	79.5836
20050	89.5836
20060	71.3539
20070	81.3539
20080	67.5761
20090	77.5761
20100	64.5617
20110	74.5617
20120	84.5617
20130	73.2272
20140	83.2272
20150	71.6477
20160	81.6477
20170	66.282
20180	76.282
20190	86.282
20200	70.1225
20210	80.1225
20220	66.0982
20230	76.0982
20240	86.0982
20250	71.3078
20260	81.3078
20270	71.3039
20280	81.3039
20290	69.8954
20300	79.8954
20310	89.8954
20320	72.9523
20330	82.9523
20340	66.8951
20350	76.8951
20360	62.6426
20370	72.6426
20380	82.6426
20390	69.674
20400	79.674
20410	69.3273
20420	79.3273
20430	89.3273
20440	76.5476
20450	86.5476
20460	71.5476
20470	81.5476
20480	65.2976
20490	75.2976
20500	85.2976
20510	69.4048
20520	79.4048
20530	66.4881
20540	76.4881
20550	66.0762
20560	76.0762
20570	86.0762
20580	74.8447
20590	84.8447
20600	69.877
20610	79.877
20620	63.4317
20630	73.4317
20640	83.4317
20650	69.3219
20660	79.3219
20670	66.4804
20680	76.4804
20690	66.1518
20700	76.1518
20710	86.1518
20720	74.8373
20730	84.8373
20740	69.9976
20750	79.9976
20760	89.9976
20770	71.3061
20780	81.3061
20790	67.3451
20800	77.3451
20810	64.6313
20820	74.6313
20830	84.6313
20840	72.9499
20850	82.9499
20860	71.4875
20870	81.4875
20880	66.6443
20890	76.6443
20900	86.6443
20910	69.8816
20920	79.8816
20930	65.6797
20940	75.6797
20950	85.6797
20960	71.483
20970	81.483
20980	71.403
20990	81.403
21000	70.0148
21010	80.0148
21020	90.0148
21030	73.2957
21040	83.2957
21050	66.755
21060	76.755
21070	62.1105
21080	72.1105
21090	82.1105
21100	69.6758
21110	79.6758
21120	69.7646
21130	79.7646
21140	89.7646
21150	76.546
21160	86.546
21170	71.8522
21180	81.8522
21190	65.2664
21200	75.2664
21210	85.2664
21220	68.8857
21230	78.8857
21240	66.3101
21250	76.3101
21260	66.5646
21270	76.5646
21280	86.5646
21290	74.8257
21300	84.8257
21310	70.18
21320	80.18
21330	63.2835
21340	73.2835
21350	83.2835
21360	68.7875
21370	78.7875
21380	66.3086
21390	76.3086
21400	66.6512
21410	76.6512
21420	86.6512
21430	75.0065
21440	85.0065
21450	70.1765
21460	80.1765
21470	90.1765
21480	71.4733
21490	81.4733
21500	67.1183
21510	77.1183
21520	64.1942
21530	74.1941
21540	84.1941
21550	73.2982
21560	83.2982
21570	71.4736
21580	81.4736
21590	66.645
21600	76.645
21610	86.645
21620	70.0909
21630	80.0909
21640	65.9343
21650	75.9343
21660	85.9343
21670	71.3413
21680	81.3413
21690	71.5456
21700	81.5456
21710	69.8095
21720	79.8095
21730	89.8095
21740	73.1472
21750	83.1472
21760	66.6954
21770	76.6954
21780	62.622
21790	72.622
21800	82.622
21810	69.7538
21820	79.7538
21830	69.6557
21840	79.6557
21850	89.6557
21860	76.2596
21870	86.2596
21880	71.4795
21890	81.4796
21900	65.1683
21910	75.1683
21920	85.1683
21930	69.3894
21940	79.3894
21950	66.3869
21960	76.3869
21970	66.3394
21980	76.3394
21990	86.3394
22000	74.1966
22010	84.1966
22020	69.7344
22030	79.7344
22040	63.7498
22050	73.7498
22060	83.7498
22070	69.7434
22080	79.7434
22090	66.5296
22100	76.5296
22110	66.2101
22120	76.2101
22130	86.2101
22140	74.1102
22150	84.1102
22160	69.4736
22170	79.4736
22180	89.4736
22190	71.8508
22200	81.8508
22210	68.0255
22220	78.0255
22230	64.8147
22240	74.8147
22250	84.8147
22260	73.0598
22270	83.0598
22280	70.5774
22290	80.5774
22300	66.1274
22310	76.1274
22320	86.1274
22330	70.5732
22340	80.5732
22350	66.9211
22360	76.9211
22370	86.9211
22380	71.6606
22390	81.6606
22400	71.2391
22410	81.2391
22420	68.8606
22430	78.8606
22440	88.8606
22450	72.8799
22460	82.8799
22470	67.1691
22480	77.1691
22490	63.3469
22500	73.3469
22510	83.3469
22520	69.9163
22530	79.9163
22540	69.2905
22550	79.2905
22560	89.2905
22570	75.4206
22580	85.4206
22590	71.2335
22600	81.2335
22610	65.5903
22620	75.5903
22630	85.5903
22640	70.1483
22650	80.1483
22660	66.7903
22670	76.7903
22680	66.0774
22690	76.0774
22700	86.0774
22710	73.871
22720	83.871
22730	69.4086
22740	79.4086
22750	63.8172
22760	73.8172
22770	83.8172
22780	70.0775
22790	80.0775
22800	66.7771
22810	76.7771
22820	65.9744
22830	75.9744
22840	85.9744
22850	73.8603
22860	83.8603
22870	69.368
22880	79.368
22890	89.368
22900	72.1257
22910	82.1257
22920	68.2182
22930	78.2182
22940	65.0533
22950	75.0533
22960	85.0533
22970	72.7007
22980	82.7007
22990	70.5903
23000	80.5903
23010	66.0662
23020	76.0662
23030	86.0662
23040	70.5656
23050	80.5656
23060	66.8747
23070	76.8747
23080	86.8747
23090	71.6477
23100	81.6477
23110	70.979
23120	80.979
23130	68.7068
23140	78.7068
23150	88.7068
23160	72.6659
23170	82.6659
23180	67.281
23190	77.281
23200	63.7725
23210	73.7725
23220	83.7725
23230	69.8541
23240	79.8541
23250	69.2263
23260	79.2263
23270	89.2263
23280	75.0683
23290	85.0683
23300	70.8126
23310	80.8125
23320	65.8197
23330	75.8197
23340	85.8197
23350	70.7387
23360	80.7387
23370	66.5784
23380	76.5784
23390	66.0242
23400	76.0242
23410	86.0242
23420	73.319
23430	83.319
23440	69.1867
23450	79.1867
23460	64.3524
23470	74.3524
23480	84.3524
23490	70.4853
23500	80.4853
23510	66.4251
23520	76.4251
23530	65.971
23540	75.971
23550	85.971
23560	73.1795
23570	83.1795
23580	69.2066
23590	79.2066
23600	89.2066
23610	72.7974
23620	82.7974
23630	68.8991
23640	78.8991
23650	64.7575
23660	74.7575
23670	84.7575
23680	72.4314
23690	82.4314
23700	69.6293
23710	79.6292
23720	65.8978
23730	75.8978
23740	85.8978
23750	71.2128
23760	81.2128
23770	67.5931
23780	77.5931
23790	87.5931
23800	71.9675
23810	81.9675
23820	70.9057
23830	80.9057
23840	67.7903
23850	77.7903
23860	87.7903
23870	72.3914
23880	82.3914
23890	67.5598
23900	77.5598
23910	64.0151
23920	74.0151
23930	84.0151
23940	70.3059
23950	80.3059
23960	69.257
23970	79.257
23980	89.257
23990	74.6727
24000	84.6727
24010	70.7239
24020	80.7239
24030	66.1072
24040	76.1072
24050	86.1072
24060	70.6497
24070	80.6497
24080	67.1186
24090	77.1186
24100	65.6933
24110	75.6933
24120	85.6933
24130	72.8436
24140	82.8436
24150	69.0778
24160	79.0778
24170	64.5177
24180	74.5177
24190	84.5177
24200	70.505
24210	80.505
24220	67.3144
24230	77.3144
24240	65.8651
24250	75.8652
24260	85.8652
24270	72.767
24280	82.767
24290	68.9806
24300	78.9806
24310	88.9806
24320	72.767
24330	82.767
24340	68.647
24350	78.647
24360	65.5542
24370	75.5542
24380	85.5542
24390	72.6066
24400	82.6066
24410	69.5485
24420	79.5485
24430	65.5747
24440	75.5747
24450	85.5747
24460	71.2024
24470	81.2025
24480	67.1791
24490	77.1791
24500	87.1791
24510	72.5434
24520	82.5434
24530	70.915
24540	80.915
24550	67.9428
24560	77.9428
24570	87.9428
24580	72.2545
24590	82.2545
24600	67.6917
24610	77.6917
24620	63.7349
24630	73.7349
24640	83.7349
24650	70.8015
24660	80.8015
24670	69.2245
24680	79.2245
24690	89.2245
24700	74.68
24710	84.68
24720	70.7799
24730	80.7799
24740	65.8251
24750	75.8251
24760	85.8251
24770	70.263
24780	80.263
24790	67.4367
24800	77.4367
24810	65.9456
24820	75.9456
24830	85.9456
24840	73.1665
24850	83.1665
24860	69.1383
24870	79.1383
24880	64.0291
24890	74.0291
24900	84.0291
24910	70.3103
24920	80.3103
24930	67.59
24940	77.59
24950	65.9247
24960	75.9247
24970	85.9247
24980	73.294
24990	83.294
25000	69.3654
25010	79.3654
25020	89.3654
25030	72.0885
25040	82.0885
25050	68.4321
25060	78.4321
25070	65.6036
25080	75.6036
25090	85.6036
25100	72.5799
25110	82.5799
25120	69.8113
25130	79.8113
25140	66.0377
25150	76.0377
25160	86.0377
25170	70.6268
25180	80.6269
25190	66.882
25200	76.882
25210	86.882
25220	72.522
25230	82.522
25240	70.8901
25250	80.8901
25260	68.2013
25270	78.2013
25280	88.2013
25290	72.5517
25300	82.5517
25310	67.2981
25320	77.2981
25330	63.7001
25340	73.7001
25350	83.7001
25360	71.1141
25370	81.1141
25380	68.9495
25390	78.9495
25400	88.9495
25410	74.602
25420	84.602
25430	70.7893
25440	80.7893
25450	65.6968
25460	75.6968
25470	85.6968
25480	70.5866
25490	80.5866
25500	68.1512
25510	78.1512
25520	65.7541
25530	75.7541
25540	85.7541
25550	72.6983
25560	82.6983
25570	68.9129
25580	78.9129
25590	63.9335
25600	73.9335
25610	83.9335
25620	70.6108
25630	80.6108
25640	68.1437
25650	78.1437
25660	65.8371
25670	75.8371
25680	85.8371
25690	72.9111
25700	82.9111
25710	68.7327
25720	78.7327
25730	88.7327
25740	72.1198
25750	82.1198
25760	68.894
25770	78.894
25780	66.3171
25790	76.3171
25800	86.3171
25810	72.3918
25820	82.3918
25830	69.5112
25840	79.5111
25850	65.3494
25860	75.3494
25870	85.3494
25880	70.5555
25890	80.5555
25900	67.3842
25910	77.3842
25920	87.3843
25930	73.1636
25940	83.1636
25950	70.6581
25960	80.6581
25970	67.8386
25980	77.8386
25990	87.8386
26000	72.0212
26010	82.0212
26020	67.2729
26030	77.2729
26040	64.1017
26050	74.1016
26060	84.1017
26070	71.3511
26080	81.3511
26090	68.9356
26100	78.9356
26110	88.9356
26120	74.5938
26130	84.5938
26140	70.6223
26150	80.6223
26160	65.705
26170	75.705
26180	85.705
26190	70.7368
26200	80.7368
26210	68.0885
26220	78.0885
26230	65.4007
26240	75.4007
26250	85.4007
26260	72.7892
26270	82.7892
26280	68.9135
26290	78.9135
26300	64.0989
26310	74.0989
26320	84.0989
26330	70.8112
26340	80.8112
26350	68.2641
26360	78.2641
26370	65.2366
26380	75.2366
26390	85.2366
26400	72.6521
26410	82.6521
26420	68.9113
26430	78.9113
26440	88.9113
26450	72.4833
26460	82.4833
26470	69.0143
26480	79.0143
26490	66.5934
26500	76.5934
26510	86.5934
26520	71.9082
26530	81.9082
26540	69.1938
26550	79.1938
26560	65.5507
26570	75.5507
26580	85.5507
26590	70.9149
26600	80.9149
26610	67.338
26620	77.338
26630	87.338
26640	73.4623
26650	83.4623
26660	70.344
26670	80.3439
26680	67.5233
26690	77.5233
26700	87.5233
26710	72.1456
26720	82.1456
26730	67.4554
26740	77.4554
26750	64.0179
26760	74.0179
26770	84.0179
26780	71.8304
26790	81.8304
26800	68.7054
26810	78.7054
26820	88.7054
26830	74.2634
26840	84.2634
26850	70.4914
26860	80.4914
26870	65.8313
26880	75.8313
26890	85.8313
26900	70.7681
26910	80.7681
26920	68.4565
26930	78.4565
26940	65.421
26950	75.421
26960	85.421
26970	72.7293
26980	82.7293
26990	68.6193
27000	78.6193
27010	64.082
27020	74.082
27030	84.082
27040	70.8107
27050	80.8107
27060	68.4865
27070	78.4865
27080	65.5566
27090	75.5566
27100	85.5566
27110	72.7659
27120	82.7659
27130	68.3986
27140	78.3986
27150	88.3986
27160	72.2365
27170	82.2365
27180	69.0715
27190	79.0715
27200	66.8252
27210	76.8252
27220	86.8252
27230	72.3822
27240	82.3822
27250	69.3569
27260	79.3569
27270	64.8766
27280	74.8766
27290	84.8766
27300	70.5993
27310	80.5993
27320	67.5658
27330	77.5658
27340	87.5658
27350	73.5526
27360	83.5526
27370	70.8333
27380	80.8333
27390	67.8156
27400	77.8156
27410	87.8156
27420	71.532
27430	81.532
27440	67.1892
27450	77.1892
27460	64.2217
27470	74.2217
27480	84.2218
27490	71.8878
27500	81.8878
27510	68.9738
27520	78.9738
27530	88.9738
27540	74.4105
27550	84.4105
27560	69.9563
27570	79.9563
27580	65.4898
27590	75.4898
27600	85.4898
27610	70.8801
27620	80.8801
27630	68.6094
27640	78.6094
27650	65.6173
27660	75.6173
27670	85.6173
27680	72.8559
27690	82.8559
27700	68.4333
27710	78.4333
27720	63.9136
27730	73.9136
27740	83.9136
27750	70.9287
27760	80.9287
27770	68.5529
27780	78.5529
27790	65.5724
27800	75.5724
27810	85.5724
27820	72.8653
27830	82.8653
27840	68.3864
27850	78.3864
27860	88.3864
27870	72.151
27880	82.151
27890	69.2409
27900	79.2409
27910	66.961
27920	76.961
27930	86.961
27940	72.2912
27950	82.2912
27960	69.2426
27970	79.2426
27980	64.9373
27990	74.9373
28000	84.9373
28010	70.3985
28020	80.3986
28030	67.5506
28040	77.5506
28050	87.5506
28060	73.8779
28070	83.8779
28080	70.6906
28090	80.6906
28100	67.763
28110	77.763
28120	87.763
28130	71.6254
28140	81.6254
28150	67.0105
28160	77.0105
28170	64.1032
28180	74.1032
28190	84.1032
28200	72.1347
28210	82.1347
28220	68.9927
28230	78.9927
28240	88.9927
28250	74.5333
28260	84.5333
28270	70.0067
28280	80.0067
28290	65.4334
28300	75.4334
28310	85.4334
28320	70.6977
28330	80.6977
28340	68.7949
28350	78.7949
28360	65.7083
28370	75.7082
28380	85.7083
28390	72.9175
28400	82.9175
28410	68.3606
28420	78.3605
28430	63.8183
28440	73.8183
28450	83.8183
28460	70.7754
28470	80.7754
28480	68.7645
28490	78.7645
28500	65.7154
28510	75.7154
28520	85.7153
28530	72.7718
28540	82.7718
28550	68.2402
28560	78.2402
28570	88.2402
28580	72.1764
28590	82.1764
28600	69.0817
28610	79.0817
28620	67.1613
28630	77.1613
28640	87.1613
28650	72.2749
28660	82.2749
28670	69.227
28680	79.227
28690	64.7349
28700	74.7349
28710	84.7349
28720	70.5618
28730	80.5618
28740	67.569
28750	77.569
28760	87.569
28770	74.1717
28780	84.1717
28790	70.6523
28800	80.6523
28810	67.7339
28820	77.7339
28830	87.7339
28840	71.3408
28850	81.3408
28860	67.0999
28870	77.0999
28880	64.2597
28890	74.2597
28900	84.2597
28910	72.3044
28920	82.3044
28930	68.9116
28940	78.9116
28950	88.9116
28960	74.4742
28970	84.4742
28980	69.6495
28990	79.6495
29000	65.4021
29010	75.4021
29020	85.4021
29030	70.9428
29040	80.9428
29050	68.9496
29060	78.9496
29070	65.6087
29080	75.6087
29090	85.6087
29100	72.8641
29110	82.8641
29120	68.1187
29130	78.1187
29140	63.963
29150	73.963
29160	83.963
29170	70.9651
29180	80.9651
29190	68.8296
29200	78.8296
29210	65.5441
29220	75.5441
29230	85.5442
29240	72.8337
29250	82.8337
29260	68.1149
29270	78.1149
29280	88.1149
29290	72.2567
29300	82.2567
29310	69.2587
29320	79.2587
29330	67.1719
29340	77.1719
29350	87.1719
29360	71.9456
29370	81.9456
29380	69.3348
29390	79.3348
29400	64.7382
29410	74.7382
29420	84.7382
29430	70.7077
29440	80.7077
29450	67.577
29460	77.577
29470	87.577
29480	74.0267
29490	84.0267
29500	70.3472
29510	80.3472
29520	67.822
29530	77.822
29540	87.822
29550	71.4351
29560	81.4351
29570	67.2288
29580	77.2288
29590	64.1683
29600	74.1683
29610	84.1683
29620	72.2612
29630	82.2612
29640	68.6556
29650	78.6556
29660	88.6556
29670	74.5577
29680	84.5577
29690	69.6725
29700	79.6725
29710	65.5436
29720	75.5436
29730	85.5436
29740	70.9301
29750	80.9301
29760	69.1111
29770	79.1111
29780	65.4862
29790	75.4862
29800	85.4862
29810	72.8433
29820	82.8433
29830	67.9432
29840	77.9432
29850	63.9093
29860	73.9093
29870	83.9093
29880	70.9594
29890	80.9594
29900	69.1173
29910	79.1173
29920	65.287
29930	75.287
29940	85.287
29950	72.7929
29960	82.7929
29970	68.0888
29980	78.0888
29990	88.0888
30000	72.3014
30010	82.3014
30020	69.341
30030	79.341
30040	67.2648
30050	77.2648
30060	87.2648
30070	71.7363
30080	81.7363
30090	69.4016
30100	79.4016
30110	64.8506
30120	74.8506
30130	84.8506
30140	70.5994
30150	80.5994
30160	67.7591
30170	77.7591
30180	87.7591
30190	74.2026
30200	84.2026
30210	70.0296
30220	80.0296
30230	67.7422
30240	77.7422
30250	87.7422
30260	71.36
30270	81.36
30280	67.2584
30290	77.2584
30300	64.5698
30310	74.5698
30320	84.5698
30330	72.3561
30340	82.3561
30350	68.3418
30360	78.3418
30370	88.3418
30380	74.4018
30390	84.4018
30400	69.6115
30410	79.6115
30420	65.5782
30430	75.5781
30440	85.5782
30450	71.373
30460	81.373
30470	69.0492
30480	79.0492
30490	65.1867
30500	75.1867
30510	85.1867
30520	72.8487
30530	82.8487
30540	68.0452
30550	78.0452
30560	64.0214
30570	74.0214
30580	84.0214
30590	71.4231
30600	81.4231
30610	69.1156
30620	79.1156
30630	65.2192
30640	75.2192
30650	85.2192
30660	72.9526
30670	82.9526
30680	68.0039
30690	78.0039
30700	88.0039
30710	72.103
30720	82.103
30730	69.5954
30740	79.5954
30750	67.3652
30760	77.3652
30770	87.3652
30780	71.8128
30790	81.8128
30800	69.598
30810	79.598
30820	64.6728
30830	74.6728
30840	84.6728
30850	70.2656
30860	80.2656
30870	67.8484
30880	77.8484
30890	87.8484
30900	74.0692
30910	84.0692
30920	70.3669
30930	80.3669
30940	68.0416
30950	78.0416
30960	88.0416
30970	71.2019
30980	81.2019
30990	66.7706
31000	76.7706
31010	64.5378
31020	74.5378
31030	84.5378
31040	72.2196
31050	82.2196
31060	68.716
31070	78.716
31080	88.716
31090	74.707
31100	84.707
31110	69.6577
31120	79.6577
31130	64.9942
31140	74.9942
31150	84.9942
31160	71.3139
31170	81.3139
31180	68.9544
31190	78.9544
31200	65.5323
31210	75.5323
31220	85.5323
31230	73.1858
31240	83.1858
31250	68.1205
31260	78.1205
31270	63.4065
31280	73.4065
31290	83.4065
31300	71.3679
31310	81.3679
31320	69.0758
31330	79.0758
31340	65.484
31350	75.484
31360	85.484
31370	73.1729
31380	83.1729
31390	68.0435
31400	78.0435
31410	88.0435
31420	71.55
31430	81.55
31440	69.6504
31450	79.6504
31460	67.498
31470	77.498
31480	87.498
31490	72.0528
31500	82.0528
31510	69.5081
31520	79.5081
31530	64.5605
31540	74.5605
31550	84.5605
31560	69.9093
31570	79.9093
31580	68.1603
31590	78.1603
31600	88.1603
31610	74.3104
31620	84.3104
31630	70.4874
31640	80.4874
31650	67.742
31660	77.742
31670	87.742
31680	71.1204
31690	81.1204
31700	66.5425
31710	76.5426
31720	64.8498
31730	74.8498
31740	84.8498
31750	72.4433
31760	82.4433
31770	68.6996
31780	78.6996
31790	88.6996
31800	74.2368
31810	84.2368
31820	69.3845
31830	79.3845
31840	64.9184
31850	74.9184
31860	84.9184
31870	71.7571
31880	81.7571
31890	69.2281
31900	79.2281
31910	65.6788
31920	75.6788
31930	85.6788
31940	72.7356
31950	82.7356
31960	67.9427
31970	77.9427
31980	63.2674
31990	73.2674
32000	83.2674
32010	71.507
32020	81.507
32030	69.0788
32040	79.0788
32050	65.7147
32060	75.7147
32070	85.7147
32080	72.8852
32090	82.8852
32100	68.0067
32110	78.0067
32120	88.0067
32130	71.7532
32140	81.7532
32150	69.7795
32160	79.7795
32170	67.2951
32180	77.2951
32190	87.2951
32200	72.3019
32210	82.3019
32220	69.4995
32230	79.4995
32240	64.4648
32250	74.4648
32260	84.4648
32270	70.0312
32280	80.0312
32290	68.0363
32300	78.0363
32310	88.0363
32320	73.935
32330	83.935
32340	70.6859
32350	80.6859
32360	67.9422
32370	77.9422
32380	87.9422
32390	71.1372
32400	81.1372
32410	66.6245
32420	76.6245
32430	64.639
32440	74.639
32450	84.639
32460	72.148
32470	82.148
32480	68.8989
32490	78.8989
32500	88.8989
32510	74.5482
32520	84.5482
32530	69.5686
32540	79.5686
32550	65.0049
32560	75.0049
32570	85.0049
32580	71.525
32590	81.525
32600	68.9317
32610	78.9317
32620	65.5655
32630	75.5655
32640	85.5655
32650	72.9443
32660	82.9443
32670	68.0652
32680	78.0652
32690	63.4436
32700	73.4436
32710	83.4436
32720	71.5941
32730	81.5941
32740	68.8303
32750	78.8303
32760	65.4954
32770	75.4954
32780	85.4954
32790	72.9306
32800	82.9306
32810	68.1179
32820	78.1179
32830	88.1179
32840	71.809
32850	81.809
32860	70.0179
32870	80.0179
32880	66.9767
32890	76.9767
32900	86.9767
32910	72.0215
32920	82.0215
32930	69.4812
32940	79.4812
32950	64.6869
32960	74.6869
32970	84.6869
32980	70.1431
32990	80.1431
33000	68.3542
33010	78.3542
33020	88.3542
33030	73.6778
33040	83.6778
33050	70.4088
33060	80.4088
33070	67.9018
33080	77.9018
33090	87.9018
33100	71.3779
33110	81.3779
33120	66.7438
33130	76.7438
33140	64.8453
33150	74.8453
33160	84.8453
33170	71.8219
33180	81.8219
33190	68.4862
33200	78.4862
33210	88.4862
33220	74.4783
33230	84.4783
33240	69.5846
33250	79.5846
33260	65.1086
33270	75.1086
33280	85.1086
33290	71.8166
33300	81.8166
33310	68.8536
33320	78.8536
33330	65.3968
33340	75.3968
33350	85.3968
33360	72.9277
33370	82.9277
33380	67.9894
33390	77.9894
33400	63.5304
33410	73.5304
33420	83.5304
33430	71.813
33440	81.813
33450	68.8708
33460	78.8708
33470	65.447
33480	75.447
33490	85.447
33500	72.9174
33510	82.9174
33520	68.0456
33530	78.0456
33540	88.0456
33550	71.6718
33560	81.6718
33570	70.0176
33580	80.0176
33590	67.1353
33600	77.1353
33610	87.1353
33620	72.0914
33630	82.0914
33640	69.4592
33650	79.4592
33660	64.5595
33670	74.5595
33680	84.5595
33690	69.9796
33700	79.9796
33710	68.3601
33720	78.3601
33730	88.3601
33740	73.7793
33750	83.7793
33760	70.4693
33770	80.4693
33780	67.9028
33790	77.9028
33800	87.9028
33810	71.1086
33820	81.1086
33830	66.6016
33840	76.6016
33850	65.0408
33860	75.0408
33870	85.0407
33880	71.871
33890	81.871
33900	68.6201
33910	78.6201
33920	88.6201
33930	74.3996
33940	84.3996
33950	69.4737
33960	79.4737
33970	64.9443
33980	74.9443
33990	84.9443
34000	71.9279
34010	81.9279
34020	68.7485
34030	78.7485
34040	65.5749
34050	75.5749
34060	85.5749
34070	72.892
34080	82.892
34090	68.0139
34100	78.0139
34110	63.3859
34120	73.3859
34130	83.3859
34140	71.9438
34150	81.9438
34160	68.8075
34170	78.8075
34180	65.6749
34190	75.6749
34200	85.6749
34210	72.8285
34220	82.8285
34230	67.863
34240	77.863
34250	87.863
34260	71.5834
34270	81.5834
34280	70.2968
34290	80.2968
34300	67.1228
34310	77.1228
34320	87.1228
34330	72.2381
34340	82.2381
34350	69.3461
34360	79.3461
34370	64.4953
34380	74.4953
34390	84.4953
34400	69.9795
34410	79.9795
34420	68.4861
34430	78.4861
34440	88.4861
34450	73.8203
34460	83.8203
34470	70.5643
34480	80.5643
34490	67.8327
34500	77.8327
34510	87.8327
34520	71.1942
34530	81.1942
34540	66.6138
34550	76.6138
34560	64.9117
34570	74.9117
34580	84.9117
34590	71.926
34600	81.926
34610	68.6309
34620	78.6309
34630	88.6309
34640	74.36
34650	84.36
34660	69.7179
34670	79.7179
34680	65.161
34690	75.161
34700	85.161
34710	71.8661
34720	81.8661
34730	68.6702
34740	78.6702
34750	65.4575
34760	75.4575
34770	85.4575
34780	72.613
34790	82.613
34800	68.1241
34810	78.1241
34820	63.6471
34830	73.6471
34840	83.6471
34850	72
34860	82
34870	68.7059
34880	78.7059
34890	65.4168
34900	75.4168
34910	85.4168
34920	72.5492
34930	82.5492
34940	68.1132
34950	78.1132
34960	88.1132
34970	71.9468
34980	81.9468
34990	70.1736
35000	80.1736
35010	66.9542
35020	76.9542
35030	86.9542
35040	72.0909
35050	82.0909
35060	69.1258
35070	79.1258
35080	64.6267
35090	74.6267
35100	84.6267
35110	70.2702
35120	80.2702
35130	68.495
35140	78.495
35150	88.495
35160	73.6622
35170	83.6622
35180	70.485
35190	80.485
35200	67.5484
35210	77.5484
35220	87.5484
35230	71.2352
35240	81.2352
35250	66.904
35260	76.904
35270	65.1827
35280	75.1827
35290	85.1827
35300	71.8983
35310	81.8983
35320	68.5972
35330	78.5972
35340	88.5972
35350	74.1282
35360	84.1282
35370	69.6716
35380	79.6716
35390	65.1644
35400	75.1644
35410	85.1644
35420	71.9698
35430	81.9698
35440	68.6987
35450	78.6987
35460	65.4333
35470	75.4333
35480	85.4333
35490	72.646
35500	82.646
35510	68.2384
35520	78.2384
35530	63.6042
35540	73.6042
35550	83.6042
35560	72.0032
35570	82.0032
35580	68.6083
35590	78.6083
35600	65.2966
35610	75.2966
35620	85.2966
35630	72.5776
35640	82.5776
35650	68.2473
35660	78.2473
35670	88.2473
35680	71.9448
35690	81.9448
35700	70.4163
35710	80.4163
35720	67.0468
35730	77.0468
35740	87.0468
35750	71.7798
35760	81.7798
35770	69.1341
35780	79.1341
35790	64.8823
35800	74.8824
35810	84.8823
35820	70.2357
35830	80.2357
35840	68.5667
35850	78.5667
35860	88.5667
35870	73.6079
35880	83.6079
35890	70.0824
35900	80.0824
35910	67.4858
35920	77.4858
35930	87.4858
35940	71.4934
35950	81.4934
35960	66.8505
35970	76.8505
35980	65.2146
35990	75.2146
36000	85.2146
