10	5
20	5
30	5
40	5
50	5
60	5
70	6.66667
80	13.3333
90	23.3333
100	23.3333
110	33.3333
120	16.6667
130	26.6667
140	36.6667
150	30
160	40
170	23
180	33
190	43
200	36.3333
210	46.3333
220	30.4048
230	40.4048
240	33.1905
250	26.0476
260	36.0476
270	46.0476
280	32.8571
290	42.8571
300	24.2857
310	34.2857
320	32.4
330	42.4
340	34.8571
350	44.8571
360	54.8571
370	34.8
380	32.8
390	42.8
400	52.8
410	41.8
420	51.8
430	37.8
440	47.8
450	57.8
460	53.1636
470	63.1636
480	49.7455
490	59.7455
500	43.8545
510	53.8545
520	37.3788
530	47.3788
540	34.1288
550	44.1288
560	54.1288
570	39.5297
580	49.5297
590	39.8823
600	49.8823
610	59.8823
620	54.0746
630	41.061
640	51.061
650	61.061
660	45.1515
670	55.1515
680	48.1719
690	58.1719
700	43.1425
710	53.1425
720	63.1425
730	49.2014
740	59.2014
750	47.0196
760	57.0196
770	39.7974
780	49.7974
790	39.7974
800	49.7974
810	59.7974
820	50.1752
830	45.9752
840	55.9752
850	65.9752
860	54.5085
870	64.5085
880	50.5085
890	60.5085
900	70.5085
910	65.2248
920	75.2248
930	64.8703
940	74.8703
950	84.8703
960	64.0885
970	74.0885
980	46.3794
990	56.3794
1000	50.0318
1010	60.0318
1020	70.0318
1030	57.3045
1040	67.3046
1050	48.4561
1060	58.4561
1070	68.4561
1080	43.4258
1090	38.5621
1100	48.5621
1110	58.5621
1120	45.4821
1130	55.4821
1140	44.4421
1150	54.4421
1160	47.6152
1170	57.6152
1180	48.7721
1190	58.7721
1200	68.7721
1210	52.1198
1220	62.1198
1230	58.1154
1240	68.1153
1250	57.6367
1260	67.6367
1270	77.6367
1280	57.5968
1290	67.5968
1300	44.178
1310	54.178
1320	48.6225
1330	58.6225
1340	50.8447
1350	60.8447
1360	70.8447
1370	54.7579
1380	64.7579
1390	59.5658
1400	69.5658
1410	58.4547
1420	68.4547
1430	78.4547
1440	60.6232
1450	70.6233
1460	46.4853
1470	56.4853
1480	66.4853
1490	58.0067
1500	68.0067
1510	54.4449
1520	41.3325
1530	51.3325
1540	61.3325
1550	42.608
1560	52.608
1570	43.858
1580	53.858
1590	43.9875
1600	53.9875
1610	49.3699
1620	59.3699
1630	69.3699
1640	52.7081
1650	46.8258
1660	56.8258
1670	66.8258
1680	61.2864
1690	71.2864
1700	60.1099
1710	70.1099
1720	80.1099
1730	55.9167
1740	41.4629
1750	51.4629
1760	45.2605
1770	55.2605
1780	65.2605
1790	54.6218
1800	64.6219
1810	44.9076
1820	54.9076
1830	39.2647
1840	49.2647
1850	45.7346
1860	55.7345
1870	65.7346
1880	48.7044
1890	42.0677
1900	52.0678
1910	49.0518
1920	59.0518
1930	69.0518
1940	57.9166
1950	67.9166
1960	47.3707
1970	57.3707
1980	43.281
1990	53.281
2000	50.0974
2010	60.0974
2020	46.258
2030	56.258
2040	66.258
2050	50.4035
2060	60.4035
2070	46.9011
2080	56.9011
2090	38.5113
2100	48.5113
2110	44.9652
2120	54.9652
2130	64.9652
2140	55.646
2150	41.7716
2160	51.7716
2170	61.7716
2180	56.7675
2190	66.7675
2200	57.7262
2210	67.7262
2220	50.0518
2230	60.0518
2240	42.1829
2250	52.1829
2260	49.6004
2270	59.6004
2280	69.6004
2290	52.4292
2300	62.4292
2310	48.1159
2320	58.1159
2330	68.1159
2340	51.1159
2350	37.1841
2360	47.1841
2370	44.2721
2380	54.2721
2390	64.2721
2400	53.5957
2410	63.5957
2420	46.1175
2430	56.1175
2440	40.0124
2450	50.0124
2460	45.9535
2470	55.9535
2480	65.9535
2490	48.4485
2500	43.5965
2510	53.5965
2520	63.5965
2530	57.8307
2540	67.8307
2550	54.8786
2560	64.8786
2570	58.2161
2580	68.2161
2590	61.2394
2600	71.2394
2610	59.2615
2620	69.2615
2630	79.2615
2640	64.265
2650	74.265
2660	64.0172
2670	74.0171
2680	58.1451
2690	68.1451
2700	60.1136
2710	70.1136
2720	61.6993
2730	71.6993
2740	81.6993
2750	65.7902
2760	54.1183
2770	64.1183
2780	74.1183
2790	62.4569
2800	72.4569
2810	61.7147
2820	71.7147
2830	52.0897
2840	62.0897
2850	51.6628
2860	61.6628
2870	57.3565
2880	67.3565
2890	77.3565
2900	61.9228
2910	71.9228
2920	57.1339
2930	67.1339
2940	77.1339
2950	62.996
2960	51.261
2970	61.261
2980	71.261
2990	60.5277
3000	70.5277
3010	60.549
3020	70.5491
3030	80.5491
3040	60.9631
3050	46.939
3060	56.939
3070	53.3418
3080	63.3418
3090	73.3418
3100	64.0892
3110	74.0892
3120	55.2368
3130	65.2368
3140	53.1413
3150	63.1413
3160	56.366
3170	66.366
3180	54.2214
3190	64.2214
3200	74.2214
3210	61.1102
3220	71.1102
3230	58.8788
3240	68.8788
3250	53.2526
3260	63.2526
3270	60.039
3280	70.039
3290	63.1218
3300	73.1218
3310	61.5194
3320	71.5194
3330	56.4122
3340	66.4122
3350	58.4062
3360	68.4062
3370	56.8437
3380	66.8437
3390	76.8437
3400	62.7812
3410	72.7812
3420	60.2812
3430	70.2812
3440	55.125
3450	65.125
3460	56.5625
3470	66.5625
3480	59.0625
3490	69.0625
3500	79.0625
3510	63.9062
3520	48.9062
3530	58.9062
3540	68.9062
3550	60.1562
3560	70.1562
3570	58.6656
3580	68.6656
3590	78.6656
3600	62.5603
3610	72.5603
3620	56.8334
3630	66.8334
3640	52.0642
3650	62.0642
3660	59.9262
3670	69.9262
3680	62.6954
3690	72.6954
3700	61.7724
3710	71.7724
3720	53.4647
3730	63.4647
3740	55.9161
3750	65.9161
3760	58.6853
3770	68.6853
3780	78.6853
3790	65.1469
3800	46.8606
3810	56.8606
3820	50.1921
3830	60.1921
3840	70.1921
3850	60.9837
3860	70.9837
3870	56.6574
3880	66.6574
3890	49.0936
3900	59.0936
3910	53.6326
3920	63.6326
3930	52.9902
3940	62.9902
3950	72.9902
3960	59.6455
3970	69.6455
3980	54.6163
3990	64.6163
4000	50.2032
4010	60.2032
4020	59.4022
4030	69.4022
4040	62.1985
4050	72.1985
4060	60.6366
4070	70.6366
4080	51.8787
4090	61.8787
4100	55.6235
4110	65.6234
4120	58.9825
4130	68.9825
4140	78.9825
4150	65.3735
4160	46.7183
4170	56.7183
4180	66.7182
4190	58.6882
4200	68.6882
4210	60.3367
4220	70.3367
4230	80.3367
4240	60.9781
4250	45.3735
4260	55.3735
4270	51.5657
4280	61.5657
4290	71.5657
4300	59.0255
4310	69.0255
4320	57.0958
4330	67.0958
4340	77.0958
4350	62.0475
4360	49.2965
4370	59.2965
4380	69.2965
4390	65.5994
4400	59.0611
4410	69.0611
4420	79.0611
4430	63.0216
4440	50.5317
4450	60.5317
4460	55.7934
4470	65.7934
4480	75.7934
4490	63.6401
4500	73.6401
4510	60.2827
4520	70.2827
4530	80.2827
4540	65.5226
4550	53.3004
4560	63.3004
4570	73.3004
4580	63.2606
4590	73.2606
4600	64.4101
4610	74.4101
4620	58.2155
4630	68.2155
4640	53.7103
4650	63.7103
4660	58.987
4670	68.987
4680	55.9519
4690	65.9519
4700	75.9519
4710	63.3784
4720	73.3784
4730	61.7949
4740	71.7949
4750	54.3973
4760	64.3973
4770	56.5696
4780	66.5696
4790	60.525
4800	70.525
4810	56.8265
4820	66.8265
4830	53.4101
4840	63.4101
4850	58.9025
4860	68.9025
4870	78.9025
4880	61.228
4890	71.228
4900	59.5512
4910	69.5512
4920	79.5512
4930	66.5333
4940	52.6477
4950	62.6477
4960	54.7675
4970	64.7675
4980	74.7675
4990	67.5005
5000	77.5005
5010	59.1859
5020	69.1859
5030	56.7012
5040	66.7012
5050	58.9699
5060	68.9699
5070	54.7002
5080	64.7002
5090	74.7002
5100	63.689
5110	73.689
5120	63.4643
5130	73.4643
5140	55.1497
5150	65.1497
5160	57.4157
5170	67.4157
5180	62.0805
5190	72.0805
5200	57.7521
5210	67.7521
5220	55.5172
5230	65.5172
5240	58.5729
5250	68.5729
5260	54.2647
5270	64.2647
5280	74.2647
5290	62.6767
5300	72.6767
5310	63.2075
5320	73.2075
5330	55.4935
5340	65.4935
5350	57.1902
5360	67.1902
5370	61.8727
5380	71.8727
5390	81.8727
5400	64.0706
5410	52.9037
5420	62.9037
5430	72.9037
5440	63.7124
5450	73.7124
5460	59.8624
5470	69.8624
5480	79.8624
5490	67.2559
5500	77.2559
5510	66.3918
5520	76.3918
5530	58.6835
5540	68.6835
5550	59.4298
5560	69.4298
5570	64.1366
5580	74.1366
5590	60.6111
5600	70.6111
5610	59.8794
5620	69.8794
5630	60.2523
5640	70.2523
5650	56.6378
5660	66.6378
5670	76.6378
5680	65.4802
5690	75.4802
5700	67.436
5710	77.436
5720	59.7363
5730	69.7363
5740	52.5247
5750	62.5247
5760	57.5775
5770	67.5775
5780	77.5775
5790	59.7376
5800	69.7376
5810	62.0038
5820	72.0038
5830	63.6543
5840	73.6543
5850	59.7976
5860	69.7976
5870	59.5542
5880	69.5542
5890	60.5007
5900	70.5007
5910	56.8229
5920	66.8229
5930	56.727
5940	66.727
5950	61.819
5960	71.8191
5970	57.9947
5980	67.9947
5990	77.9947
6000	64.6616
6010	74.6616
6020	66.5639
6030	76.5639
6040	86.5639
6050	64.4813
6060	48.9608
6070	58.9608
6080	54.4196
6090	64.4196
6100	74.4196
6110	60.5307
6120	70.5307
6130	57.6077
6140	67.6077
6150	77.6077
6160	68.1633
6170	54.2744
6180	64.2744
6190	74.2744
6200	66.9322
6210	76.9322
6220	67.0247
6230	77.0247
6240	87.0248
6250	75.9136
6260	85.9136
6270	74.8025
6280	84.8025
6290	66.9322
6300	76.9322
6310	57.7655
6320	67.7655
6330	57.7931
6340	67.7931
6350	53.8431
6360	63.8431
6370	73.8431
6380	61.1742
6390	71.1742
6400	63.2131
6410	73.2131
6420	55.2131
6430	65.2131
6440	56.5727
6450	66.5727
6460	62.2771
6470	72.2771
6480	82.2771
6490	64.0663
6500	74.0663
6510	61.7204
6520	71.7204
6530	81.7204
6540	63.9533
6550	49.3582
6560	59.3583
6570	69.3583
6580	63.5776
6590	57.463
6600	67.463
6610	77.463
6620	58.421
6630	68.421
6640	56.5037
6650	66.5037
6660	76.5036
6670	61.229
6680	46.4919
6690	56.4919
6700	66.4919
6710	62.4621
6720	72.4621
6730	62.0273
6740	72.0273
6750	82.0273
6760	72.179
6770	82.179
6780	69.9382
6790	79.9382
6800	61.5409
6810	71.5409
6820	57.5025
6830	52.2571
6840	62.2571
6850	72.2571
6860	57.9468
6870	49.3332
6880	59.3332
6890	69.3332
6900	56.4497
6910	66.4497
6920	52.3264
6930	62.3264
6940	72.3264
6950	67.8809
6960	77.8808
6970	67.1053
6980	77.1053
6990	59.1712
7000	69.1712
7010	59.7612
7020	69.7612
7030	58.9178
7040	68.9178
7050	78.9179
7060	60.9471
7070	49.2536
7080	59.2536
7090	69.2536
7100	61.4079
7110	71.4079
7120	57.5054
7130	67.5054
7140	60.4672
7150	70.4672
7160	80.4672
7170	68.516
7180	54.6136
7190	64.6136
7200	74.6136
7210	65.0233
7220	75.0233
7230	67.3984
7240	77.3984
7250	59.5122
7260	69.5122
7270	57.561
7280	67.561
7290	54.4039
7300	64.4039
7310	74.404
7320	56.3188
7330	66.3188
7340	60.7411
7350	70.7411
7360	80.7411
7370	68.9823
7380	54.6551
7390	64.6551
7400	56.2585
7410	66.2585
7420	76.2585
7430	64.9507
7440	74.9507
7450	56.585
7460	66.585
7470	54.5185
7480	64.5185
7490	57.8694
7500	67.8694
7510	77.8694
7520	59.4483
7530	69.4483
7540	62.4469
7550	72.4469
7560	82.4469
7570	70.6465
7580	56.4232
7590	66.4232
7600	57.0811
7610	67.0811
7620	59.496
7630	69.496
7640	55.0345
7650	65.0345
7660	55.653
7670	65.653
7680	54.1045
7690	64.1045
7700	74.1045
7710	55.2236
7720	65.2236
7730	60.4502
7740	70.4502
7750	80.4502
7760	69.1862
7770	54.1862
7780	64.1862
7790	74.1862
7800	64.3804
7810	74.3804
7820	63.1544
7830	73.1544
7840	54.0253
7850	64.0253
7860	52.8642
7870	62.8642
7880	57.082
7890	67.082
7900	52.27
7910	62.27
7920	72.27
7930	65.7195
7940	75.7195
7950	66.8065
7960	76.8065
7970	57.8194
7980	67.8194
7990	58.0887
8000	68.0887
8010	78.0887
8020	70.0901
8030	80.0901
8040	61.2832
8050	71.2832
8060	58.236
8070	68.236
8080	55.6264
8090	65.6264
8100	75.6264
8110	57.191
8120	67.191
8130	62.4744
8140	72.4744
8150	63.6143
8160	73.6143
8170	59.0314
8180	69.0314
8190	57.7445
8200	67.7445
8210	58.1388
8220	68.1388
8230	78.1388
8240	59.3521
8250	48.1874
8260	58.1874
8270	68.1874
8280	61.4044
8290	71.4044
8300	56.5038
8310	66.5038
8320	76.5038
8330	68.7372
8340	78.7372
8350	67.6665
8360	77.6665
8370	58.3913
8380	68.3913
8390	57.3199
8400	67.3199
8410	61.2056
8420	71.2056
8430	56.4205
8440	47.2638
8450	57.2638
8460	67.2638
8470	56.6009
8480	66.601
8490	51.8953
8500	61.8953
8510	71.8953
8520	66.9757
8530	76.9757
8540	65.8324
8550	75.8323
8560	56.7767
8570	66.7767
8580	57.3467
8590	67.3467
8600	57.9948
8610	67.9948
8620	77.9948
8630	59.0822
8640	47.471
8650	57.471
8660	67.471
8670	61.6876
8680	71.6876
8690	57.1491
8700	67.1491
8710	77.1491
8720	69.7289
8730	79.7289
8740	67.4544
8750	77.4544
8760	58.7664
8770	68.7663
8780	57.7582
8790	67.7581
8800	61.0809
8810	71.0809
8820	81.0809
8830	62.4805
8840	50.0777
8850	60.0777
8860	70.0777
8870	58.1598
8880	68.1598
8890	53.9134
8900	63.9134
8910	58.2211
8920	68.2211
8930	63.0591
8940	73.0591
8950	58.9544
8960	68.9544
8970	78.9544
8980	68.4569
8990	78.4569
9000	69.4185
9010	79.4185
9020	61.1095
9030	71.1095
9040	52.2484
9050	62.2484
9060	54.9066
9070	64.9066
9080	74.9066
9090	56.3823
9100	66.3823
9110	60.2424
9120	70.2424
9130	80.2424
9140	68.322
9150	53.9446
9160	63.9446
9170	73.9446
9180	63.8919
9190	73.8919
9200	63.5215
9210	73.5215
9220	67.1044
9230	77.1044
9240	87.1044
9250	73.4784
9260	83.4784
9270	68.7669
9280	78.7669
9290	88.7669
9300	57.9878
9310	67.9878
9320	60.4163
9330	70.4163
9340	80.4163
9350	69.3508
9360	54.8461
9370	64.8461
9380	55.2086
9390	65.2086
9400	75.2086
9410	63.393
9420	73.393
9430	55.0354
9440	65.0354
9450	53.6821
9460	63.6821
9470	58.5559
9480	68.5559
9490	54.3316
9500	64.3316
9510	74.3316
9520	67.5695
9530	77.5695
9540	68.2376
9550	78.2376
9560	60.0621
9570	70.0621
9580	59.7562
9590	69.7562
9600	61.6907
9610	71.6907
9620	81.6907
9630	63.4717
9640	52.2401
9650	62.2401
9660	72.2401
9670	59.875
9680	69.875
9690	55.4916
9700	65.4916
9710	75.4916
9720	68.4572
9730	78.4572
9740	67.3888
9750	52.8434
9760	62.8434
9770	72.8434
9780	62.312
9790	72.312
9800	63.1007
9810	73.1007
9820	83.1007
9830	60.3735
9840	49.3507
9850	59.3507
9860	69.3507
9870	62.3449
9880	72.3449
9890	57.9833
9900	67.9833
9910	77.9833
9920	70.3722
9930	80.3722
9940	69.0564
9950	79.0564
9960	60.7418
9970	70.7418
9980	60.4367
9990	52.1356
10000	62.1356
10010	72.1356
10020	57.9382
10030	48.7748
10040	58.7748
10050	68.7748
10060	58.3995
10070	68.3995
10080	54.1359
10090	64.1359
10100	74.1359
10110	68.0278
10120	78.0278
10130	66.9037
10140	76.9037
10150	58.5148
10160	68.5148
10170	58.4716
10180	68.4716
10190	59.721
10200	69.721
10210	79.721
10220	61.1219
10230	50.1073
10240	60.1073
10250	70.1073
10260	62.1623
10270	72.1623
10280	57.6972
10290	67.6972
10300	61.6247
10310	71.6247
10320	81.6247
10330	71.0658
10340	56.5513
10350	66.5513
10360	76.5513
10370	65.9101
10380	75.9101
10390	66.7169
10400	76.7169
10410	57.8831
10420	67.8831
10430	57.6202
10440	67.6202
10450	54.9406
10460	64.9406
10470	74.9406
10480	56.0518
10490	66.0518
10500	60.6727
10510	70.6727
10520	80.6727
10530	70.586
10540	55.7375
10550	65.7375
10560	56.6312
10570	66.6312
10580	76.6312
10590	65.1373
10600	75.1373
10610	56.1126
10620	66.1125
10630	56.1722
10640	66.1722
10650	58.3596
10660	68.3596
10670	78.3596
10680	59.4067
10690	69.4067
10700	62.1292
10710	72.1292
10720	82.1292
10730	72.1944
10740	57.4137
10750	67.4137
10760	57.5959
10770	67.5959
10780	59.7074
10790	69.7074
10800	54.9213
10810	64.9213
10820	74.9213
10830	64.9301
10840	74.9301
10850	61.0479
10860	71.0479
10870	51.9466
10880	61.9466
10890	55.214
10900	65.214
10910	75.214
10920	69.757
10930	79.757
10940	60.6199
10950	50.823
10960	60.823
10970	70.823
10980	57.9803
10990	67.9803
11000	53.0057
11010	63.0057
11020	73.0057
11030	66.5031
11040	76.5031
11050	66.7432
11060	51.63
11070	61.63
11080	71.63
11090	65.2715
11100	75.2715
11110	65.5492
11120	75.5492
11130	85.5492
11140	61.9977
11150	52.2098
11160	62.2098
11170	72.2098
11180	61.703
11190	71.703
11200	56.503
11210	66.503
11220	76.503
11230	68.4879
11240	78.4879
11250	68.4282
11260	78.4282
11270	59.1013
11280	69.1013
11290	60.0985
11300	52.5111
11310	62.5111
11320	72.5111
11330	57.5027
11340	49.1869
11350	59.1869
11360	69.1869
11370	57.9844
11380	67.9844
11390	53.0339
11400	63.0339
11410	73.0339
11420	66.3404
11430	76.3404
11440	65.9884
11450	75.9884
11460	56.9491
11470	66.9491
11480	59.0991
11490	69.0991
11500	59.2128
11510	69.2128
11520	79.2128
11530	60.1295
11540	49.4915
11550	59.4915
11560	69.4915
11570	62.1864
11580	72.1864
11590	57.1864
11600	67.1864
11610	60.4884
11620	70.4884
11630	80.4884
11640	69.9841
11650	54.942
11660	64.942
11670	74.942
11680	65.9945
11690	75.9945
11700	66.6548
11710	76.6548
11720	57.5465
11730	67.5465
11740	57.2398
11750	67.2398
11760	54.7562
11770	64.7562
11780	74.7562
11790	55.5167
11800	65.5167
11810	60.4215
11820	70.4215
11830	80.4215
11840	70.2292
11850	55.1192
11860	65.1192
11870	56.8364
11880	66.8363
11890	76.8363
11900	66.0102
11910	76.0102
11920	56.5365
11930	66.5365
11940	56.436
11950	66.436
11960	57.7138
11970	67.7138
11980	77.7138
11990	58.1878
12000	68.1877
12010	61.8995
12020	71.8995
12030	81.8995
12040	71.8161
12050	56.5034
12060	66.5034
12070	57.4538
12080	67.4538
12090	60.1026
12100	70.1026
12110	54.914
12120	64.914
12130	74.914
12140	65.3279
12150	75.3279
12160	61.0129
12170	71.0129
12180	51.7556
12190	61.7556
12200	54.7646
12210	64.7646
12220	74.7646
12230	69.6838
12240	79.6838
12250	60.615
12260	50.6567
12270	60.6567
12280	70.6567
12290	57.7373
12300	67.7373
12310	52.7129
12320	62.7129
12330	72.7129
12340	66.1434
12350	76.1434
12360	66.4186
12370	51.3727
12380	61.3727
12390	71.3727
12400	64.9982
12410	74.9982
12420	65.2052
12430	75.2052
12440	85.2052
12450	62.0611
12460	52.1272
12470	62.1272
12480	72.1272
12490	62.2093
12500	72.2093
12510	57.3912
12520	67.3912
12530	77.3912
12540	68.8457
12550	78.8457
12560	68.8457
12570	78.8457
12580	59.8912
12590	69.8912
12600	60.8002
12610	52.3636
12620	62.3636
12630	72.3636
12640	57.5773
12650	49.6017
12660	59.6017
12670	69.6017
12680	58.0052
12690	68.0052
12700	53.2993
12710	63.2993
12720	73.2993
12730	66.9687
12740	76.9687
12750	67.0842
12760	77.0842
12770	58.2338
12780	68.2338
12790	60.2155
12800	70.2155
12810	60.3251
12820	70.3251
12830	80.3251
12840	61.5217
12850	51.608
12860	61.608
12870	71.608
12880	61.5907
12890	71.5907
12900	56.9478
12910	66.9478
12920	60.2514
12930	70.2514
12940	80.2514
12950	70.1621
12960	55.5192
12970	65.5192
12980	75.5192
12990	66.7795
13000	76.7795
13010	67.8634
13020	77.8634
13030	59.3206
13040	69.3206
13050	59.0328
13060	69.0328
13070	56.4125
13080	66.4125
13090	76.4125
13100	57.7707
13110	67.7707
13120	59.6803
13130	69.6803
13140	79.6803
13150	69.416
13160	54.8524
13170	64.8524
13180	57.2734
13190	67.2734
13200	77.2734
13210	66.3761
13220	76.3761
13230	57.912
13240	67.912
13250	57.4314
13260	67.4314
13270	59.182
13280	69.182
13290	79.182
13300	60.5583
13310	70.5583
13320	65.0296
13330	75.0296
13340	65.6292
13350	75.6292
13360	85.6292
13370	66.9515
13380	50.4895
13390	60.4895
13400	70.4895
13410	59.6215
13420	69.6215
13430	55.0062
13440	65.0062
13450	58.5377
13460	68.5377
13470	78.5377
13480	68.0249
13490	53.4095
13500	63.4095
13510	73.4095
13520	66.2605
13530	76.2605
13540	69.2732
13550	79.2732
13560	60.6665
13570	70.6665
13580	60.2492
13590	70.2493
13600	57.9209
13610	67.9209
13620	77.9209
13630	59.3061
13640	69.3061
13650	57.382
13660	67.382
13670	77.382
13680	67.0267
13690	52.431
13700	62.4311
13710	72.4311
13720	64.8096
13730	74.8096
13740	68.8321
13750	78.8321
13760	60.1292
13770	70.1292
13780	59.6348
13790	69.6348
13800	60.8108
13810	70.8108
13820	80.8108
13830	61.9953
13840	71.9953
13850	63.6304
13860	73.6304
13870	61.76
13880	71.76
13890	81.76
13900	62.9916
13910	46.1708
13920	56.1708
13930	66.1708
13940	60.4072
13950	70.4072
13960	55.6797
13970	65.6797
13980	59.4397
13990	69.4397
14000	79.4397
14010	68.9184
14020	54.0823
14030	64.0823
14040	74.0823
14050	65.9902
14060	75.9902
14070	68.1983
14080	78.1983
14090	59.2229
14100	69.2229
14110	58.7311
14120	68.7311
14130	56.6
14140	66.6
14150	76.6
14160	57.6245
14170	67.6245
14180	58.9344
14190	68.9344
14200	78.9344
14210	68.4726
14220	53.617
14230	63.617
14240	56.521
14250	66.521
14260	76.521
14270	65.6417
14280	75.6417
14290	56.6174
14300	66.6174
14310	56.2631
14320	66.2631
14330	59.2951
14340	69.2951
14350	79.2951
14360	60.3698
14370	70.3698
14380	63.8732
14390	73.8732
14400	83.8732
14410	73.2254
14420	58.4613
14430	68.4613
14440	58.4307
14450	68.4307
14460	58.845
14470	68.845
14480	54.2667
14490	64.2667
14500	55.4856
14510	65.4856
14520	54.2214
14530	64.2215
14540	74.2215
14550	55.5468
14560	65.5468
14570	60.0803
14580	70.0803
14590	80.0803
14600	69.1968
14610	54.6163
14620	64.6163
14630	74.6163
14640	66.3432
14650	76.3432
14660	68.7098
14670	78.7098
14680	60.001
14690	70.001
14700	59.2969
14710	69.2969
14720	58.0152
14730	68.0152
14740	53.4913
14750	63.4913
14760	73.4913
14770	63.8701
14780	73.8701
14790	65.3166
14800	75.3166
14810	56.6832
14820	66.6832
14830	58.6389
14840	68.6389
14850	78.6389
14860	70.9119
14870	80.9118
14880	62.2504
14890	72.2504
14900	59.7547
14910	69.7547
14920	57.2387
14930	67.2387
14940	77.2387
14950	58.6306
14960	68.6306
14970	59.9646
14980	69.9646
14990	61.7545
15000	71.7545
15010	57.2409
15020	67.2409
15030	60.5189
15040	70.5189
15050	62.8974
15060	72.8974
15070	82.8974
15080	64.3537
15090	54.2976
15100	64.2976
15110	74.2976
15120	63.6391
15130	73.6391
15140	59.1403
15150	69.1403
15160	79.1403
15170	67.3825
15180	77.3825
15190	67.5352
15200	77.5352
15210	58.9294
15220	68.9294
15230	59.9776
15240	69.9776
15250	61.6477
15260	71.6477
15270	57.0322
15280	49.1525
15290	59.1525
15300	69.1525
15310	57.3409
15320	67.3409
15330	52.7686
15340	62.7686
15350	72.7686
15360	65.4478
15370	75.4478
15380	65.419
15390	75.419
15400	56.611
15410	66.611
15420	59.6032
15430	69.6032
15440	79.6032
15450	71.5014
15460	81.5014
15470	62.5872
15480	52.757
15490	62.757
15500	72.757
15510	62.4574
15520	72.4574
15530	57.6991
15540	67.6991
15550	77.6991
15560	65.8663
15570	75.8663
15580	66.1637
15590	76.1637
15600	57.2789
15610	67.2789
15620	58.8476
15630	68.8476
15640	61.8992
15650	71.8992
15660	81.8992
15670	62.9274
15680	53.2642
15690	63.2642
15700	73.2642
15710	59.9099
15720	69.9099
15730	54.9044
15740	64.9044
15750	57.1163
15760	67.1163
15770	77.1163
15780	67.5871
15790	52.4636
15800	62.4636
15810	72.4636
15820	66.5424
15830	76.5424
15840	66.4727
15850	76.4727
15860	57.2235
15870	67.2235
15880	57.7939
15890	67.7939
15900	57.8528
15910	67.8528
15920	77.8528
15930	58.648
15940	68.648
15950	61.7457
15960	71.7457
15970	81.7457
15980	72.1347
15990	57.1742
16000	67.1742
16010	77.1742
16020	67.4171
16030	59.0065
16040	69.0065
16050	54.1473
16060	64.1473
16070	74.1473
16080	63.8178
16090	73.8178
16100	60.2904
16110	70.2904
16120	51.3863
16130	61.3863
16140	53.9378
16150	63.9378
16160	73.9378
16170	63.35
16180	73.35
16190	65.7695
16200	75.7695
16210	85.7695
16220	72.4584
16230	57.7272
16240	67.7272
16250	77.7272
16260	67.8354
16270	59.2546
16280	69.2546
16290	79.2545
16300	60.4015
16310	70.4015
16320	59.4338
16330	69.4338
16340	79.4338
16350	64.3
16360	49.6569
16370	59.6569
16380	69.6569
16390	61.7591
16400	71.7591
16410	61.2964
16420	71.2964
16430	81.2964
16440	71.6764
16450	81.6764
16460	70.5376
16470	80.5376
16480	61.8835
16490	71.8835
16500	61.3606
16510	52.774
16520	62.774
16530	72.774
16540	58.1451
16550	68.1451
16560	58.6262
16570	68.6262
16580	78.6263
16590	63.4546
16600	48.8198
16610	58.8198
16620	68.8198
16630	61.8741
16640	71.8741
16650	61.4196
16660	71.4196
16670	81.4196
16680	71.7253
16690	81.7253
16700	70.5714
16710	80.5714
16720	61.9351
16730	71.9351
16740	61.7464
16750	52.6224
16760	62.6224
16770	72.6224
16780	58.0668
16790	68.0668
16800	58.3876
16810	68.3876
16820	78.3876
16830	63.2466
16840	48.6633
16850	58.6633
16860	68.6633
16870	61.9315
16880	71.9315
16890	61.4454
16900	71.4454
16910	81.4454
16920	71.8621
16930	81.8621
16940	70.4732
16950	80.4732
16960	61.7763
16970	71.7763
16980	61.7704
16990	71.7704
17000	61.8133
17010	71.8133
17020	57.15
17030	67.15
17040	57.6444
17050	67.6444
17060	77.6444
17070	62.522
17080	47.8847
17090	57.8847
17100	67.8847
17110	60.8991
17120	70.8991
17130	60.3847
17140	70.3847
17150	80.3847
17160	70.7357
17170	80.7357
17180	69.5098
17190	79.5099
17200	60.9244
17210	70.9244
17220	60.872
17230	70.872
17240	62.0193
17250	72.0193
17260	57.3513
17270	67.3513
17280	57.8346
17290	67.8346
17300	77.8346
17310	62.759
17320	48.0292
17330	58.0292
17340	68.0292
17350	60.9491
17360	70.9491
17370	60.3192
17380	70.3192
17390	80.3192
17400	70.8821
17410	80.8821
17420	69.7393
17430	79.7393
17440	60.7494
17450	70.7494
17460	60.5047
17470	70.5047
17480	61.8918
17490	71.8918
17500	57.1209
17510	67.1209
17520	77.1209
17530	66.1735
17540	76.1735
17550	61.0826
17560	71.0826
17570	52.266
17580	62.266
17590	54.9822
17600	64.9822
17610	74.9822
17620	64.3726
17630	74.3726
17640	66.5199
17650	76.5199
17660	86.5199
17670	73.2678
17680	58.4573
17690	68.4573
17700	58.5437
17710	68.5437
17720	60.2565
17730	70.2565
17740	55.3362
17750	65.3362
17760	75.3362
17770	64.4071
17780	74.4071
17790	61.1842
17800	71.1842
17810	52.0182
17820	62.0182
17830	54.5078
17840	64.5078
17850	74.5078
17860	63.6867
17870	73.6867
17880	66.1436
17890	76.1436
17900	86.1436
17910	72.9246
17920	58.0673
17930	68.0673
17940	58.5311
17950	68.5311
17960	60.5867
17970	70.5867
17980	55.7634
17990	65.7634
18000	75.7635
18010	64.8489
18020	74.8489
18030	61.6785
18040	71.6785
18050	52.5812
18060	62.5812
18070	54.2072
18080	64.2073
18090	74.2073
18100	63.3739
18110	73.3739
18120	65.7421
18130	75.7421
18140	85.7421
18150	72.6762
18160	57.6241
18170	67.6241
18180	77.6241
18190	67.5834
18200	59.8959
18210	69.8959
18220	54.7712
18230	64.7712
18240	74.7712
18250	64.054
18260	74.054
18270	61.1421
18280	71.1421
18290	51.8088
18300	61.8088
18310	53.447
18320	63.447
18330	73.447
18340	62.5171
18350	72.5171
18360	65.0754
18370	75.0754
18380	85.0754
18390	72.0466
18400	56.9833
18410	66.9833
18420	76.9833
18430	67.2151
18440	59.7192
18450	69.7192
18460	54.6119
18470	64.6119
18480	74.6119
18490	64.0692
18500	74.0692
18510	60.9285
18520	70.9285
18530	51.5438
18540	61.5438
18550	53.3643
18560	63.3643
18570	73.3643
18580	62.4031
18590	72.4031
18600	65.1879
18610	75.1879
18620	85.1879
18630	71.7093
18640	56.7297
18650	66.7298
18660	76.7298
18670	67.2135
18680	59.9646
18690	69.9646
18700	79.9646
18710	60.8648
18720	70.8648
18730	60.3941
18740	70.3941
18750	80.3941
18760	64.6985
18770	49.6447
18780	59.6447
18790	69.6447
18800	60.3447
18810	70.3447
18820	59.3948
18830	69.3948
18840	79.3948
18850	70.5809
18860	80.5809
18870	68.9308
18880	78.9308
18890	59.4966
18900	69.4966
18910	60.3301
18920	53.3797
18930	63.3797
18940	73.3797
18950	58.1767
18960	50.3666
18970	60.3666
18980	70.3666
18990	58.6365
19000	68.6365
19010	53.4007
19020	63.4007
19030	73.4007
19040	65.1253
19050	75.1253
19060	65.4384
19070	75.4384
19080	55.9374
19090	65.9374
19100	58.9877
19110	68.9876
19120	62.2379
19130	72.2379
19140	82.2379
19150	62.7198
19160	53.1415
19170	63.1415
19180	73.1415
19190	63.5569
19200	73.557
19210	58.2558
19220	68.2557
19230	58.2969
19240	68.2969
19250	78.2969
19260	68.7678
19270	53.4422
19280	63.4422
19290	73.4422
19300	63.9057
19310	73.9058
19320	62.7808
19330	72.7808
19340	82.7808
19350	73.7785
19360	83.7785
19370	72.4803
19380	82.4803
19390	62.897
19400	72.897
19410	53.4745
19420	63.4745
19430	56.2798
19440	66.2798
19450	76.2798
19460	56.6964
19470	66.6964
19480	60.0135
19490	70.0135
19500	80.0135
19510	70.2898
19520	54.9075
19530	64.9075
19540	74.9075
19550	66.3437
19560	76.3437
19570	68.0621
19580	78.0621
19590	58.4617
19600	68.4617
19610	78.4617
19620	67.2323
19630	77.2323
19640	61.4993
19650	71.4993
19660	51.9824
19670	61.9824
19680	54.2436
19690	64.2436
19700	57.42
19710	67.42
19720	61.46
19730	71.46
19740	63.0489
19750	73.0489
19760	83.0489
19770	63.6739
19780	73.6739
19790	65.5998
19800	75.5999
19810	66.5295
19820	76.5295
19830	86.5295
19840	67.2397
19850	51.2855
19860	61.2855
19870	71.2855
19880	59.622
19890	69.622
19900	54.5443
19910	64.5443
19920	74.5443
19930	66.5186
19940	76.5186
19950	66.503
19960	51.3915
19970	61.3915
19980	71.3915
19990	64.8231
20000	74.8231
20010	64.7354
20020	74.7354
20030	84.7354
20040	61.2822
20050	51.0848
20060	61.0848
20070	71.0848
20080	61.787
20090	71.787
20100	56.7116
20110	66.7116
20120	76.7116
20130	68.0234
20140	78.0234
20150	67.7013
20160	77.7013
20170	58.4357
20180	68.4357
20190	60.006
20200	52.7684
20210	62.7684
20220	72.7684
20230	57.6836
20240	49.3785
20250	59.3785
20260	69.3785
20270	57.6271
20280	67.6271
20290	52.5424
20300	62.5424
20310	72.5424
20320	65.6008
20330	75.6008
20340	65.3063
20350	75.3063
20360	56.0096
20370	66.0096
20380	58.7917
20390	68.7917
20400	62.4754
20410	72.4754
20420	82.4754
20430	63.1458
20440	53.0216
20450	63.0216
20460	73.0216
20470	63.0289
20480	73.0289
20490	57.865
20500	67.865
20510	57.545
20520	67.545
20530	77.545
20540	67.4697
20550	52.2376
20560	62.2376
20570	72.2376
20580	64.0131
20590	74.0131
20600	63.099
20610	73.099
20620	83.099
20630	74.5432
20640	84.5432
20650	72.5265
20660	82.5265
20670	63.2949
20680	73.2949
20690	53.4285
20700	63.4285
20710	55.8727
20720	65.8727
20730	75.8727
20740	56.5614
20750	66.5614
20760	59.2848
20770	69.2848
20780	79.2848
20790	69.461
20800	54.3715
20810	64.3715
20820	74.3715
20830	66.4548
20840	76.4548
20850	68.8902
20860	78.8902
20870	59.6594
20880	69.6594
20890	79.6594
20900	67.3749
20910	77.3749
20920	61.6682
20930	71.6682
20940	52.4763
20950	62.4763
20960	53.9311
20970	63.9311
20980	57.2685
20990	67.2685
21000	77.2685
21010	69.7103
21020	79.7103
21030	68.0772
21040	78.0772
21050	58.8946
21060	68.8946
21070	60.9989
21080	70.9989
21090	62.5124
21100	72.5124
21110	82.5124
21120	63.2664
21130	53.6745
21140	63.6745
21150	73.6745
21160	59.6024
21170	69.6024
21180	54.5357
21190	64.5357
21200	74.5357
21210	65.9974
21220	75.9975
21230	66.4784
21240	51.4377
21250	61.4377
21260	71.4377
21270	63.8566
21280	73.8566
21290	65.9599
21300	75.9599
21310	85.9599
21320	62.6468
21330	53.1773
21340	63.1773
21350	73.1773
21360	63.8834
21370	73.8834
21380	58.8239
21390	68.8239
21400	78.8239
21410	66.5531
21420	76.5531
21430	67.1878
21440	77.1878
21450	57.9228
21460	67.9228
21470	58.318
21480	52.7708
21490	62.7708
21500	72.7708
21510	57.6913
21520	67.6913
21530	58.5999
21540	68.5999
21550	78.5999
21560	63.4063
21570	48.2604
21580	58.2604
21590	68.2604
21600	60.9888
21610	70.9888
21620	60.0339
21630	70.0339
21640	80.0339
21650	70.9358
21660	80.9358
21670	69.636
21680	79.636
21690	60.2853
21700	70.2853
21710	61.3763
21720	52.8118
21730	62.8118
21740	72.8118
21750	57.5915
21760	67.5915
21770	58.5459
21780	68.5459
21790	78.5459
21800	63.4681
21810	48.292
21820	58.292
21830	68.292
21840	61.1599
21850	71.1599
21860	60.1073
21870	70.1073
21880	80.1073
21890	71.1594
21900	81.1594
21910	70.0625
21920	80.0625
21930	60.5648
21940	70.5648
21950	60.9931
21960	70.9931
21970	61.7135
21980	71.7135
21990	56.442
22000	66.442
22010	57.5168
22020	67.5168
22030	77.5168
22040	62.7063
22050	47.4879
22060	57.4879
22070	67.4879
22080	60.4727
22090	70.4727
22100	59.5424
22110	69.5424
22120	79.5424
22130	70.5721
22140	80.5721
22150	69.5616
22160	79.5616
22170	60.3283
22180	70.3283
22190	60.9682
22200	70.9682
22210	61.9105
22220	71.9105
22230	56.9233
22240	66.9233
22250	58.0925
22260	68.0925
22270	78.0925
22280	63.3561
22290	48.37
22300	58.37
22310	68.37
22320	60.5468
22330	70.5468
22340	59.7776
22350	69.7776
22360	79.7776
22370	70.785
22380	80.785
22390	69.9088
22400	79.9088
22410	60.8357
22420	70.8357
22430	61.1388
22440	71.1387
22450	62.0736
22460	72.0736
22470	57.1688
22480	67.1688
22490	77.1688
22500	66.3918
22510	76.3918
22520	61.9233
22530	71.9233
22540	52.782
22550	62.782
22560	54.659
22570	64.659
22580	74.659
22590	63.8466
22600	73.8466
22610	66.3384
22620	76.3384
22630	86.3384
22640	73.6603
22650	58.7233
22660	68.7233
22670	59.3031
22680	69.3031
22690	60.5057
22700	70.5057
22710	55.5687
22720	65.5687
22730	75.5687
22740	64.9389
22750	74.9389
22760	62.2689
22770	72.2689
22780	53.1757
22790	63.1757
22800	54.4584
22810	64.4584
22820	74.4584
22830	63.6974
22840	73.6974
22850	66.1591
22860	76.1591
22870	86.1591
22880	73.5218
22890	58.6457
22900	68.6457
22910	59.3303
22920	69.3303
22930	60.6302
22940	70.6302
22950	55.7302
22960	65.7302
22970	75.7302
22980	64.6663
22990	74.6663
23000	62.1607
23010	72.1606
23020	53.1073
23030	63.1073
23040	54.4824
23050	64.4824
23060	74.4824
23070	63.7298
23080	73.7298
23090	65.8388
23100	75.8388
23110	85.8388
23120	73.2028
23130	58.335
23140	68.335
23150	78.335
23160	68.4217
23170	59.9134
23180	69.9134
23190	54.9484
23200	64.9484
23210	74.9484
23220	63.712
23230	73.712
23240	61.1623
23250	71.1623
23260	51.9524
23270	61.9524
23280	53.5367
23290	63.5367
23300	73.5367
23310	62.6899
23320	72.6899
23330	64.6877
23340	74.6877
23350	84.6877
23360	72.2002
23370	57.2248
23380	67.2248
23390	77.2248
23400	68.2788
23410	59.9286
23420	69.9286
23430	54.9624
23440	64.9624
23450	74.9624
23460	63.525
23470	73.525
23480	60.9441
23490	70.9441
23500	51.8839
23510	61.8839
23520	53.5797
23530	63.5797
23540	73.5797
23550	62.869
23560	72.869
23570	64.7915
23580	74.7915
23590	84.7915
23600	71.8782
23610	57.0238
23620	67.0238
23630	77.0238
23640	68.184
23650	59.9386
23660	69.9386
23670	79.9386
23680	60.8615
23690	70.8615
23700	59.5652
23710	69.5652
23720	79.5652
23730	64.8004
23740	49.9224
23750	59.9224
23760	69.9224
23770	60.9771
23780	70.9771
23790	60.2543
23800	70.2543
23810	80.2543
23820	70.589
23830	80.589
23840	69.752
23850	79.752
23860	60.7548
23870	70.7548
23880	61.3003
23890	53.2221
23900	63.2221
23910	73.2221
23920	58.3286
23930	68.3286
23940	58.6357
23950	68.6357
23960	78.6357
23970	64.1991
23980	49.3914
23990	59.3914
24000	69.3914
24010	61.1844
24020	71.1844
24030	60.5194
24040	70.5194
24050	80.5194
24060	70.8505
24070	80.8505
24080	70.3114
24090	80.3114
24100	61.4055
24110	71.4055
24120	61.8531
24130	53.2234
24140	63.2234
24150	73.2234
24160	58.441
24170	68.441
24180	58.7633
24190	68.7633
24200	78.7633
24210	64.697
24220	49.9577
24230	59.9577
24240	69.9577
24250	61.3247
24260	71.3247
24270	60.6906
24280	70.6906
24290	80.6906
24300	71.0863
24310	81.0863
24320	70.7821
24330	80.7821
24340	61.8301
24350	71.8301
24360	62.5139
24370	72.5139
24380	62.3216
24390	72.3216
24400	57.5575
24410	67.5575
24420	58.0169
24430	68.0169
24440	78.0169
24450	64.1039
24460	49.3025
24470	59.3025
24480	69.3025
24490	60.6173
24500	70.6173
24510	59.9066
24520	69.9066
24530	79.9066
24540	70.4512
24550	80.4512
24560	70.3162
24570	80.3162
24580	61.3066
24590	71.3066
24600	62.1361
24610	72.1361
24620	62.4172
24630	72.4172
24640	57.6041
24650	67.6041
24660	58.2458
24670	68.2458
24680	78.2458
24690	64.2959
24700	49.4973
24710	59.4973
24720	69.4973
24730	60.4632
24740	70.4632
24750	59.8136
24760	69.8136
24770	79.8136
24780	70.5867
24790	80.5867
24800	70.4243
24810	80.4243
24820	61.5205
24830	71.5205
24840	62.1667
24850	72.1667
24860	62.2268
24870	72.2268
24880	57.4932
24890	67.4932
24900	77.4932
24910	66.7594
24920	76.7594
24930	62.6051
24940	72.6051
24950	53.7673
24960	63.7673
24970	54.9158
24980	64.9158
24990	74.9158
25000	64.3518
25010	74.3518
25020	66.8538
25030	76.8538
25040	86.8538
25050	74.615
25060	59.9454
25070	69.9454
25080	60.6899
25090	70.6899
25100	60.217
25110	70.217
25120	55.4991
25130	65.4991
25140	75.4991
25150	64.8306
25160	74.8306
25170	62.7718
25180	72.7718
25190	53.8829
25200	63.8829
25210	54.923
25220	64.923
25230	74.923
25240	64.3235
25250	74.3235
25260	66.8911
25270	76.8911
25280	86.8911
25290	74.7597
25300	60.0711
25310	70.0711
25320	60.8421
25330	70.8421
25340	60.2237
25350	70.2237
25360	55.4837
25370	65.4837
25380	75.4837
25390	64.8984
25400	74.8984
25410	62.8098
25420	72.8098
25430	53.918
25440	63.918
25450	54.9256
25460	64.9256
25470	74.9256
25480	64.2948
25490	74.2948
25500	66.7856
25510	76.7856
25520	86.7856
25530	74.849
25540	60.1274
25550	70.1274
25560	80.1274
25570	70.0246
25580	59.6681
25590	69.6681
25600	54.9465
25610	64.9465
25620	74.9465
25630	64.1001
25640	74.1001
25650	62.1848
25660	72.1848
25670	53.3429
25680	63.3429
25690	54.098
25700	64.098
25710	74.098
25720	63.5122
25730	73.5122
25740	65.8862
25750	75.8862
25760	85.8862
25770	73.8491
25780	59.1825
25790	69.1825
25800	79.1825
25810	69.7371
25820	59.7134
25830	69.7134
25840	55.0468
25850	65.0468
25860	75.0468
25870	64.2468
25880	74.2468
25890	62.1134
25900	72.1134
25910	53.3356
25920	63.3356
25930	54.1333
25940	64.1333
25950	74.1333
25960	63.586
25970	73.586
25980	65.9447
25990	75.9447
26000	85.9447
26010	73.7528
26020	59.1406
26030	69.1406
26040	79.1406
26050	68.9435
26060	59.8165
26070	69.8165
26080	79.8165
26090	61.1381
26100	71.1381
26110	59.9746
26120	69.9746
26130	79.9746
26140	65.9217
26150	51.3402
26160	61.3402
26170	71.3402
26180	61.4978
26190	71.4978
26200	61.0132
26210	71.0132
26220	81.0132
26230	71.4537
26240	81.4537
26250	71.1013
26260	81.1013
26270	62.4229
26280	72.4229
26290	62.3348
26300	53.3003
26310	63.3003
26320	73.3003
26330	58.7061
26340	68.7061
26350	59.1838
26360	69.1838
26370	79.1838
26380	65.1713
26390	50.618
26400	60.618
26410	70.618
26420	61.6499
26430	71.6499
26440	61.2475
26450	71.2475
26460	81.2475
26470	71.6288
26480	81.6288
26490	71.215
26500	81.215
26510	62.7266
26520	72.7266
26530	62.5873
26540	53.2085
26550	63.2085
26560	73.2085
26570	58.7773
26580	68.7773
26590	59.228
26600	69.228
26610	79.228
26620	64.9565
26630	50.488
26640	60.488
26650	70.488
26660	61.7153
26670	71.7153
26680	61.3082
26690	71.3082
26700	81.3082
26710	71.8006
26720	81.8006
26730	71.3054
26740	81.3054
26750	62.669
26760	72.669
26770	62.3826
26780	72.3826
26790	62.319
26800	72.319
26810	57.8
26820	67.8
26830	58.337
26840	68.337
26850	78.337
26860	64.1701
26870	49.6776
26880	59.6776
26890	69.6776
26900	60.9953
26910	70.9953
26920	60.585
26930	70.585
26940	80.585
26950	71.1465
26960	81.1465
26970	70.7194
26980	80.7194
26990	62.104
27000	72.104
27010	61.8957
27020	71.8957
27030	62.2124
27040	72.2124
27050	57.6066
27060	67.6066
27070	58.2243
27080	68.2243
27090	78.2243
27100	64.1457
27110	49.5135
27120	59.5135
27130	69.5135
27140	60.9307
27150	70.9307
27160	60.4179
27170	70.4179
27180	80.4179
27190	70.9461
27200	80.9461
27210	70.5018
27220	80.5018
27230	61.7448
27240	71.7449
27250	61.7121
27260	71.7121
27270	62.2117
27280	72.2117
27290	57.5698
27300	67.5698
27310	77.5698
27320	66.4174
27330	76.4174
27340	62.3637
27350	72.3637
27360	53.68
27370	63.68
27380	55.0361
27390	65.0361
27400	75.0361
27410	64.5401
27420	74.5401
27430	66.5848
27440	76.5848
27450	86.5848
27460	74.3258
27470	59.717
27480	69.717
27490	59.8751
27500	69.8751
27510	60.5406
27520	70.5406
27530	55.9215
27540	65.9215
27550	75.9215
27560	64.7978
27570	74.7978
27580	62.538
27590	72.538
27600	53.7591
27610	63.7591
27620	55.0293
27630	65.0293
27640	75.0293
27650	64.4504
27660	74.4504
27670	66.6124
27680	76.6124
27690	86.6124
27700	74.5074
27710	59.831
27720	69.831
27730	60.2003
27740	70.2003
27750	60.5878
27760	70.5878
27770	55.9114
27780	65.9114
27790	75.9114
27800	64.7423
27810	74.7423
27820	62.6964
27830	72.6964
27840	53.9072
27850	63.9072
27860	54.8852
27870	64.8852
27880	74.8852
27890	64.3215
27900	74.3215
27910	66.4092
27920	76.4092
27930	86.4092
27940	74.3701
27950	59.6594
27960	69.6594
27970	79.6594
27980	69.3143
27990	59.7851
28000	69.7851
28010	55.0352
28020	65.0351
28030	75.0351
28040	63.9061
28050	73.9061
28060	61.9107
28070	71.9107
28080	53.0631
28090	63.0631
28100	54.0614
28110	64.0614
28120	74.0614
28130	63.4793
28140	73.4793
28150	65.4267
28160	75.4267
28170	85.4267
28180	73.4789
28190	58.7474
28200	68.7474
28210	78.7474
28220	69.286
28230	59.8287
28240	69.8287
28250	55.0774
28260	65.0774
28270	75.0774
28280	63.7843
28290	73.7843
28300	61.7503
28310	71.7503
28320	52.9097
28330	62.9097
28340	53.9969
28350	63.9969
28360	73.9969
28370	63.4042
28380	73.4042
28390	65.4489
28400	75.4489
28410	85.4489
28420	73.2763
28430	58.585
28440	68.585
28450	78.585
28460	69.2579
28470	59.6997
28480	69.6997
28490	79.6997
28500	60.9089
28510	70.9089
28520	59.8301
28530	69.8301
28540	79.8301
28550	65.6474
28560	51.0099
28570	61.0099
28580	71.0099
28590	61.5275
28600	71.5275
28610	60.9692
28620	70.9692
28630	80.9692
28640	71.642
28650	81.642
28660	71.0233
28670	81.0233
28680	62.225
28690	72.225
28700	62.6539
28710	53.0754
28720	63.0754
28730	73.0754
28740	58.391
28750	68.391
28760	59.0835
28770	69.0835
28780	79.0835
28790	64.725
28800	50.0407
28810	60.0407
28820	70.0407
28830	61.4308
28840	71.4308
28850	60.8931
28860	70.8931
28870	80.8931
28880	71.6081
28890	81.6081
28900	71.031
28910	81.031
28920	62.2912
28930	72.2912
28940	62.7606
28950	53.2317
28960	63.2317
28970	73.2317
28980	58.5976
28990	68.5976
29000	59.3293
29010	69.3293
29020	79.3293
29030	65.0339
29040	50.3897
29050	60.3897
29060	70.3897
29070	61.2724
29080	71.2724
29090	60.7888
29100	70.7888
29110	80.7888
29120	71.6345
29130	81.6345
29140	71.052
29150	81.052
29160	62.4179
29170	72.4179
29180	62.6649
29190	72.6649
29200	62.49
29210	72.49
29220	57.9745
29230	67.9745
29240	58.7913
29250	68.7913
29260	78.7913
29270	64.6582
29280	50.1244
29290	60.1244
29300	70.1244
29310	60.686
29320	70.686
29330	60.2089
29340	70.2089
29350	80.2089
29360	71.1193
29370	81.1193
29380	70.7813
29390	80.7813
29400	62.1133
29410	72.1133
29420	61.5989
29430	71.5989
29440	62.5064
29450	72.5064
29460	57.8998
29470	67.8998
29480	58.8298
29490	68.8298
29500	78.8298
29510	64.8289
29520	50.1557
29530	60.1557
29540	70.1557
29550	60.6264
29560	70.6264
29570	60.0909
29580	70.0909
29590	80.0909
29600	71.1178
29610	81.1178
29620	70.7573
29630	80.7573
29640	62.0033
29650	72.0033
29660	61.6041
29670	71.6041
29680	62.3572
29690	72.3572
29700	57.6625
29710	67.6625
29720	77.6625
29730	67.1217
29740	77.1217
29750	63.152
29760	73.152
29770	54.3078
29780	64.3078
29790	54.8346
29800	64.8346
29810	74.8346
29820	64.2291
29830	74.2291
29840	66.8267
29850	76.8267
29860	86.8267
29870	74.8027
29880	60.1002
29890	70.1002
29900	59.9333
29910	69.9333
29920	60.5844
29930	70.5844
29940	55.8488
29950	65.8488
29960	75.8488
29970	65.3439
29980	75.3439
29990	63.3913
30000	73.3913
30010	54.5197
30020	64.5197
30030	54.8833
30040	64.8833
30050	74.8833
30060	64.2607
30070	74.2607
30080	66.9261
30090	76.9261
30100	86.9261
30110	74.9805
30120	60.2335
30130	70.2335
30140	60.1586
30150	70.1586
30160	60.5569
30170	70.5568
30180	55.7931
30190	65.7931
30200	75.7931
30210	65.355
30220	75.355
30230	63.2878
30240	73.2878
30250	54.3925
30260	64.3925
30270	54.8256
30280	64.8256
30290	74.8256
30300	64.186
30310	74.186
30320	66.9186
30330	76.9186
30340	86.9186
30350	74.832
30360	60.0327
30370	70.0327
30380	80.0327
30390	69.2117
30400	59.6919
30410	69.6919
30420	54.802
30430	64.802
30440	74.802
30450	64.4595
30460	74.4595
30470	62.4571
30480	72.4571
30490	53.3388
30500	63.3388
30510	53.8675
30520	63.8675
30530	73.8675
30540	63.0918
30550	73.0918
30560	65.9428
30570	75.9428
30580	85.9428
30590	74.0158
30600	59.0625
30610	69.0625
30620	79.0625
30630	68.9504
30640	59.5599
30650	69.5599
30660	54.517
30670	64.517
30680	74.517
30690	64.3249
30700	74.3249
30710	62.4778
30720	72.4778
30730	53.2441
30740	63.2441
30750	53.9097
30760	63.9097
30770	73.9097
30780	63.0613
30790	73.0612
30800	66.0104
30810	76.0104
30820	86.0104
30830	74.0346
30840	59.0457
30850	69.0457
30860	79.0457
30870	68.851
30880	59.4547
30890	69.4547
30900	79.4546
30910	60.3146
30920	70.3146
30930	60.1153
30940	70.1153
30950	80.1153
30960	66.3723
30970	51.3913
30980	61.3913
30990	71.3913
31000	61.3939
31010	71.3939
31020	60.6395
31030	70.6395
31040	80.6395
31050	71.9417
31060	81.9417
31070	71.7713
31080	81.7713
31090	62.7842
31100	72.7842
31110	62.5184
31120	52.9597
31130	62.9597
31140	72.9597
31150	58.0596
31160	68.0596
31170	59.2579
31180	69.2579
31190	79.2579
31200	65.472
31210	50.5069
31220	60.5069
31230	70.5069
31240	61.4846
31250	71.4846
31260	60.7053
31270	70.7053
31280	80.7053
31290	71.8145
31300	81.8145
31310	71.7775
31320	81.7775
31330	62.7904
31340	72.7904
31350	62.4918
31360	53.103
31370	63.103
31380	73.103
31390	58.3133
31400	68.3133
31410	59.0959
31420	69.0959
31430	79.0959
31440	65.517
31450	50.7319
31460	60.7319
31470	70.7319
31480	61.4793
31490	71.4793
31500	60.8544
31510	70.8544
31520	80.8544
31530	71.5624
31540	81.5624
31550	71.5099
31560	81.5099
31570	62.7368
31580	72.7368
31590	62.5943
31600	72.5943
31610	62.5523
31620	72.5523
31630	57.9055
31640	67.9055
31650	58.5039
31660	68.5039
31670	78.5039
31680	64.8377
31690	50.2305
31700	60.2305
31710	70.2305
31720	60.6672
31730	70.6672
31740	60.1944
31750	70.1944
31760	80.1944
31770	70.8503
31780	80.8503
31790	70.731
31800	80.731
31810	62.0206
31820	72.0206
31830	62.0112
31840	72.0112
31850	62.5136
31860	72.5136
31870	57.9711
31880	67.9711
31890	58.5901
31900	68.5901
31910	78.5901
31920	64.897
31930	50.3496
31940	60.3496
31950	70.3496
31960	60.4847
31970	70.4847
31980	59.987
31990	69.987
32000	79.9871
32010	70.6304
32020	80.6304
32030	70.6774
32040	80.6774
32050	61.9594
32060	71.9594
32070	62.1487
32080	72.1487
32090	62.7901
32100	72.7901
32110	58.213
32120	68.213
32130	78.213
32140	67.2903
32150	77.2903
32160	63.5811
32170	73.5811
32180	54.851
32190	64.851
32200	54.6652
32210	64.6652
32220	74.6652
32230	64.136
32240	74.136
32250	66.4762
32260	76.4761
32270	86.4762
32280	74.5933
32290	59.8992
32300	69.8992
32310	60.1949
32320	70.1949
32330	60.9343
32340	70.9343
32350	56.2349
32360	66.2349
32370	76.2349
32380	65.397
32390	75.397
32400	63.5391
32410	73.539
32420	54.723
32430	64.723
32440	54.6084
32450	64.6084
32460	74.6084
32470	64.0255
32480	74.0255
32490	66.4016
32500	76.4016
32510	86.4016
32520	74.4929
32530	59.8741
32540	69.8741
32550	60.2253
32560	70.2253
32570	60.8514
32580	70.8514
32590	56.1893
32600	66.1893
32610	76.1893
32620	65.4499
32630	75.4499
32640	63.4864
32650	73.4864
32660	54.6976
32670	64.6976
32680	54.6798
32690	64.6798
32700	74.6798
32710	64.1022
32720	74.1022
32730	66.6145
32740	76.6145
32750	86.6145
32760	74.666
32770	60.0122
32780	70.0122
32790	80.0122
32800	69.6901
32810	59.9042
32820	69.9042
32830	55.2047
32840	65.2047
32850	75.2047
32860	64.6143
32870	74.6143
32880	62.5927
32890	72.5927
32900	53.7617
32910	63.7617
32920	53.8849
32930	63.8849
32940	73.8849
32950	63.2914
32960	73.2914
32970	65.8847
32980	75.8847
32990	85.8847
33000	73.8841
33010	59.2104
33020	69.2104
33030	79.2104
33040	69.8003
33050	59.9618
33060	69.9618
33070	55.3286
33080	65.3286
33090	75.3286
33100	64.8208
33110	74.8208
33120	62.837
33130	72.837
33140	54.1895
33150	64.1895
33160	53.8072
33170	63.8072
33180	73.8072
33190	63.3446
33200	73.3446
33210	65.9559
33220	75.9559
33230	85.9559
33240	73.9212
33250	59.3866
33260	69.3866
33270	79.3866
33280	70.1689
33290	60.1714
33300	70.1714
33310	80.1714
33320	61.5339
33330	71.5339
33340	60.8687
33350	70.8687
33360	80.8687
33370	67.0083
33380	52.458
33390	62.458
33400	72.458
33410	60.9877
33420	70.9877
33430	60.5291
33440	70.5291
33450	80.5291
33460	71.4926
33470	81.4926
33480	71.2718
33490	81.2718
33500	62.6146
33510	72.6146
33520	63.6018
33530	53.7511
33540	63.7511
33550	73.7511
33560	59.2057
33570	69.2057
33580	60.1501
33590	70.1501
33600	80.1501
33610	66.0187
33620	51.4549
33630	61.4549
33640	71.4549
33650	60.8854
33660	70.8854
33670	60.3993
33680	70.3993
33690	80.3993
33700	71.4263
33710	81.4263
33720	71.001
33730	81.001
33740	62.375
33750	72.375
33760	63.3552
33770	53.7607
33780	63.7607
33790	73.7607
33800	59.3047
33810	69.3047
33820	60.274
33830	70.274
33840	80.274
33850	66.0373
33860	51.5813
33870	61.5813
33880	71.5813
33890	60.8808
33900	70.8808
33910	60.5009
33920	70.5009
33930	80.5009
33940	71.4384
33950	81.4384
33960	70.9325
33970	80.9325
33980	62.4444
33990	72.4444
34000	63.2169
34010	73.2169
34020	62.957
34030	72.957
34040	58.5659
34050	68.5659
34060	59.4523
34070	69.4523
34080	79.4523
34090	65.3585
34100	50.9654
34110	60.9653
34120	70.9653
34130	60.3457
34140	70.3457
34150	59.969
34160	69.969
34170	79.969
34180	70.849
34190	80.849
34200	70.504
34210	80.504
34220	61.9766
34230	71.9766
34240	62.2368
34250	72.2368
34260	62.911
34270	72.911
34280	58.4589
34290	68.4589
34300	59.3523
34310	69.3523
34320	79.3523
34330	65.3242
34340	50.8205
34350	60.8205
34360	70.8205
34370	60.2844
34380	70.2844
34390	59.857
34400	69.857
34410	79.857
34420	70.7888
34430	80.7888
34440	70.5037
34450	80.5037
34460	61.8819
34470	71.882
34480	62.0782
34490	72.0782
34500	62.8247
34510	72.8247
34520	58.2329
34530	68.2329
34540	78.2329
34550	67.6625
34560	77.6625
34570	63.7806
34580	73.7806
34590	55.0801
34600	65.0801
34610	54.6542
34620	64.6542
34630	74.6542
34640	64.1109
34650	74.1109
34660	66.7344
34670	76.7344
34680	86.7344
34690	74.7279
34700	60.0779
34710	70.0779
34720	60.1082
34730	70.1082
34740	60.9645
34750	70.9645
34760	56.3361
34770	66.3361
34780	76.3361
34790	65.7253
34800	75.7253
34810	63.6345
34820	73.6345
34830	54.9077
34840	64.9077
34850	54.6049
34860	64.6049
34870	74.6049
34880	64.1159
34890	74.1159
34900	66.5414
34910	76.5414
34920	86.5414
34930	74.4943
34940	59.9474
34950	69.9474
34960	60.1156
34970	70.1156
34980	61.1012
34990	71.1012
35000	56.597
35010	66.597
35020	76.597
35030	65.6779
35040	75.6779
35050	63.7046
35060	73.7046
35070	55.0508
35080	65.0508
35090	54.5377
35100	64.5377
35110	74.5377
35120	64.0185
35130	74.0185
35140	66.3067
35150	76.3067
35160	86.3067
35170	74.4197
35180	59.7807
35190	69.7807
35200	79.7807
35210	69.2629
35220	60.3778
35230	70.3778
35240	55.7269
35250	65.7269
35260	75.727
35270	64.686
35280	74.686
35290	62.8678
35300	72.8678
35310	54.0607
35320	64.0607
35330	53.5931
35340	63.593
35350	73.593
35360	63.0781
35370	73.0781
35380	65.3361
35390	75.3361
35400	85.3361
35410	73.6007
35420	58.9828
35430	68.9828
35440	78.9828
35450	69.1757
35460	60.4153
35470	70.4153
35480	55.7947
35490	65.7947
35500	75.7947
35510	64.8041
35520	74.8041
35530	63.1119
35540	73.1119
35550	54.3742
35560	64.3742
35570	53.6753
35580	63.6753
35590	73.6753
35600	63.1795
35610	73.1795
35620	65.3522
35630	75.3522
35640	85.3522
35650	73.7282
35660	59.1331
35670	69.1331
35680	79.1331
35690	69.2798
35700	60.3636
35710	70.3636
35720	80.3636
35730	61.6816
35740	71.6816
35750	60.6339
35760	70.6339
35770	80.6339
35780	67.1204
35790	52.566
35800	62.566
35810	72.566
35820	61.0937
35830	71.0937
35840	60.6316
35850	70.6316
35860	80.6316
35870	71.231
35880	81.231
35890	71.2101
35900	81.2101
35910	62.5939
35920	72.5939
35930	62.8039
35940	53.8094
35950	63.8094
35960	73.8094
35970	59.2205
35980	69.2205
35990	59.8803
36000	69.8802
