10	0
20	0
30	0
40	0
50	0
60	0
70	0
80	0
90	0
100	0
110	0
120	0
130	0
140	0
150	0
160	0
170	0
180	-0.666667
190	0
200	0
210	0
220	0
230	0
240	-0.47619
250	0.714286
260	2.14286
270	6.42857
280	7.14286
290	5.71429
300	7.14286
310	7.07143
320	6.32143
330	8.82143
340	9.875
350	14.875
360	12.375
370	11.25
380	11.25
390	16.25
400	13.75
410	11.25
420	9.8
430	10.7
440	16.7
450	16.9
460	15.8
470	13.8
480	15
490	14.8909
500	15.2
510	21.5636
520	19.5364
530	18.3909
540	17.4818
550	17.2727
560	16.6667
570	16.2121
580	15.9091
590	16.6667
600	16.6667
610	16.6667
620	16.9231
630	16.5385
640	17.0513
650	17.6923
660	17.6923
670	16.9231
680	23.8462
690	23.0769
700	20.7692
710	18.4615
720	17.6923
730	17.6923
740	16.9231
750	17.6923
760	24.6154
770	22.3077
780	20
790	19.1648
800	18.5824
810	25.7253
820	21.6099
830	20.967
840	19.1786
850	19.4821
860	26.9821
870	23.1607
880	20.6696
890	19.375
900	19.3015
910	26.9485
920	25.8824
930	24.3199
940	21.3971
950	17.0588
960	19.4118
970	27.0588
980	25.2941
990	23.5294
1000	21.7647
1010	20.5882
1020	28.2353
1030	24.1438
1040	20.183
1050	21.0196
1060	20.8039
1070	20.5556
1080	28.3333
1090	25
1100	21.6667
1110	19.4444
1120	20.5556
1130	20
1140	19.9415
1150	27.8363
1160	26.9006
1170	23.114
1180	19.5614
1190	27.4561
1200	25.8772
1210	23.2456
1220	22.6316
1230	21.0526
1240	28.9474
1250	25.7895
1260	23.1579
1270	18.4211
1280	20
1290	21.5789
1300	20
1310	17.3684
1320	25.2632
1330	23.7158
1340	23.8447
1350	22.9105
1360	21.8
1370	20.5
1380	20.9091
1390	29.0909
1400	25.4091
1410	23.2955
1420	20.9091
1430	20.9091
1440	20.4387
1450	20.4941
1460	28.7549
1470	26.3202
1480	25.2016
1490	23.0277
1500	21.2681
1510	29.6014
1520	24.7373
1530	22.7989
1540	23.442
1550	23.3333
1560	20
1570	18.3718
1580	21.0673
1590	22.5288
1600	23.0481
1610	23.4327
1620	31.8942
1630	29.6154
1640	27.3077
1650	24.2308
1660	19.2308
1670	19.6154
1680	28.0769
1690	28.4615
1700	27.3077
1710	25
1720	23.0769
1730	31.5385
1740	26.5385
1750	24.2308
1760	21.1538
1770	21.5385
1780	21.9231
1790	22.3077
1800	30.7692
1810	28.5055
1820	25.4506
1830	20.8297
1840	20.9286
1850	23.0714
1860	31.6429
1870	30.234
1880	27.4655
1890	25.2094
1900	23.2931
1910	31.9138
1920	26.8966
1930	21.7333
1940	22.1379
1950	22.2391
1960	22.8322
1970	31.4989
1980	31
1990	27.6667
2000	24.3333
2010	19.6667
2020	19.3333
2030	28
2040	28.6667
2050	26.6833
2060	23.4708
2070	22.9208
2080	23.2583
2090	21.875
2100	19.375
2110	21.5551
2120	22.864
2130	23.1342
2140	22.7886
2150	23.2353
2160	22.6471
2170	19.7059
2180	28.5294
2190	29.1176
2200	28.5294
2210	25.5882
2220	22.6471
2230	23.2484
2240	22.7516
2250	19.7386
2260	22.0915
2270	23.8889
2280	23.6111
2290	21.3889
2300	21.3889
2310	30.2778
2320	26.9444
2330	26.9444
2340	26.1053
2350	23.9561
2360	32.9035
2370	26.3787
2380	24.5541
2390	24.0278
2400	23.4962
2410	23.1987
2420	32.1987
2430	30.3974
2440	27.1737
2450	21
2460	23.2291
2470	24.7465
2480	33.8163
2490	30.8465
2500	28.2738
2510	25.814
2520	23.2558
2530	32.3256
2540	26.2791
2550	26.0465
2560	25.814
2570	25.1163
2580	22.093
2590	21.8647
2600	21.6184
2610	21.722
2620	23.9524
2630	33.0433
2640	32.5
2650	29.0949
2660	23.4465
2670	20.9879
2680	22.7212
2690	31.8323
2700	29.3879
2710	29.1111
2720	26
2730	22.8889
2740	32
2750	26.6667
2760	26
2770	25.3372
2780	25.1401
2790	22.5295
2800	21.999
2810	21.5217
2820	21.5181
2830	23.5217
2840	32.6884
2850	32.4321
2860	29.9312
2870	24.375
2880	21.0417
2890	23.3333
2900	32.5
2910	30
2920	28.9583
2930	25.625
2940	23.3282
2950	32.5119
2960	27.0111
2970	26.2815
2980	26.4247
2990	25.5102
3000	22.449
3010	21.8367
3020	22.0408
3030	22.0408
3040	23.8776
3050	33.0612
3060	32.2449
3070	29.1837
3080	24.898
3090	21.8367
3100	21.8367
3110	23.8776
3120	24.072
3130	23.5218
3140	20.5766
3150	29.7923
3160	29.7367
3170	28.7563
3180	26.2073
3190	24.3137
3200	24.1176
3210	23.1373
3220	20.5882
3230	22.7451
3240	24.3137
3250	24.7059
3260	24.3137
3270	24.1176
3280	23.1373
3290	20.5882
3300	29.8039
3310	29.6139
3320	28.6682
3330	26.2134
3340	24.5271
3350	23.8462
3360	23.0769
3370	20.7721
3380	22.5268
3390	24.1023
3400	24.8135
3410	24.717
3420	24.1468
3430	22.8253
3440	20.8005
3450	30.0597
3460	29.1303
3470	28.0192
3480	26.1674
3490	25.0027
3500	23.9145
3510	22.8734
3520	21.1461
3530	22.7825
3540	24.415
3550	33.7007
3560	32.8243
3570	28.5565
3580	25.2377
3590	21.9643
3600	23.2069
3610	24.5166
3620	23.7666
3630	23.2235
3640	22.069
3650	31.3793
3660	30.3448
3670	29.3127
3680	26.5739
3690	22.8141
3700	32.1362
3710	28.6674
3720	28.498
3730	26.9748
3740	24.3927
3750	23.6073
3760	23.5362
3770	22.1667
3780	23.9989
3790	24.1899
3800	33.5342
3810	31.2844
3820	27.4221
3830	24.4262
3840	23.9313
3850	33.2861
3860	31.1914
3870	27.5034
3880	24.6703
3890	23.7097
3900	33.0645
3910	31.1331
3920	27.6114
3930	24.7112
3940	23.6723
3950	33.0374
3960	31.2698
3970	27.9385
3980	24.623
3990	23.7192
4000	33.0942
4010	31.4692
4020	27.6562
4030	24.5303
4040	23.7555
4050	33.1401
4060	31.6512
4070	27.4269
4080	24.4597
4090	23.8716
4100	33.2746
4110	31.747
4120	27.5435
4130	24.9254
4140	23.878
4150	33.2897
4160	31.5305
4170	27.5766
4180	24.7458
4190	23.8235
4200	33.2353
4210	31.6211
4220	27.8214
4230	24.7924
4240	23.6424
4250	33.0627
4260	31.5942
4270	27.971
4280	25.0725
4290	23.6232
4300	33.0435
4310	31.5942
4320	27.971
4330	25.0725
4340	23.6232
4350	33.0435
4360	31.5942
4370	27.971
4380	25.0708
4390	23.6458
4400	33.0825
4410	31.7659
4420	28.3721
4430	25.2113
4440	23.3779
4450	32.8224
4460	31.724
4470	28.5522
4480	25.4157
4490	23.1944
4500	32.6389
4510	31.6697
4520	28.5807
4530	25.5807
4540	23.3048
4550	32.7568
4560	31.9178
4570	28.3605
4580	25.4986
4590	23.2808
4600	32.7545
4610	31.7927
4620	28.6842
4630	25.6572
4640	23.2925
4650	32.7731
4660	31.7792
4670	28.8539
4680	25.4545
4690	23.2468
4700	32.7273
4710	31.8182
4720	28.961
4730	25.4545
4740	23.2391
4750	32.7452
4760	31.8472
4770	29.013
4780	25.5451
4790	23.3333
4800	32.8395
4810	31.8543
4820	29.0328
4830	25.6263
4840	23.4788
4850	32.991
4860	31.5854
4870	28.9024
4880	25.6098
4890	23.5366
4900	33.0488
4910	31.5854
4920	28.9024
4930	25.6098
4940	23.5366
4950	33.0488
4960	31.5854
4970	28.9024
4980	25.6086
4990	23.5534
5000	33.0772
5010	31.7247
5020	29.2218
5030	25.7143
5040	23.3333
5050	32.8571
5060	31.6667
5070	29.2857
5080	25.7143
5090	23.3333
5100	32.8571
5110	31.6689
5120	29.2577
5130	25.735
5140	23.4269
5150	32.9563
5160	31.8824
5170	29.0599
5180	25.6596
5190	23.4627
5200	32.9975
5210	31.6509
5220	28.9535
5230	25.6966
5240	23.6202
5250	33.1657
5260	31.76
5270	28.9276
5280	25.9081
5290	23.5376
5300	33.0932
5310	31.9444
5320	28.8389
5330	26.1111
5340	23.4415
5350	33.0068
5360	31.9725
5370	28.6696
5380	26.156
5390	23.6957
5400	33.2609
5410	31.9584
5420	28.496
5430	26.1454
5440	23.8205
5450	33.3904
5460	31.7204
5470	28.3889
5480	26.1499
5490	23.8343
5500	33.4132
5510	31.5171
5520	28.4211
5530	26.4202
5540	23.8976
5550	33.4852
5560	31.5846
5570	28.3927
5580	26.1847
5590	23.9303
5600	33.5263
5610	31.8691
5620	28.7295
5630	26.2626
5640	23.7362
5650	33.3362
5660	31.8406
5670	28.8573
5680	26.4015
5690	23.6
5700	33.2
5710	31.8
5720	28.9
5730	26.5
5740	23.6
5750	33.2
5760	31.8
5770	28.9016
5780	26.5188
5790	23.6855
5800	33.2933
5810	31.7255
5820	28.6275
5830	26.4702
5840	23.8246
5850	33.4362
5860	31.815
5870	28.4717
5880	26.4078
5890	23.8835
5900	33.4951
5910	31.9417
5920	28.4466
5930	26.4078
5940	23.8824
5950	33.4978
5960	31.9631
5970	28.5146
5980	26.54
5990	23.75
6000	33.3654
6010	31.9231
6020	28.5577
6030	26.6346
6040	23.75
6050	33.3654
6060	31.9231
6070	28.5584
6080	26.6434
6090	23.791
6100	33.4101
6110	31.7341
6120	28.4762
6130	26.6667
6140	23.9048
6150	33.5238
6160	31.7143
6170	28.4762
6180	26.6663
6190	23.9057
6200	33.5283
6210	31.7633
6220	28.5992
6230	26.5094
6240	23.8658
6250	33.4955
6260	31.8337
6270	28.8077
6280	26.5128
6290	23.7037
6300	33.3333
6310	31.8519
6320	28.9815
6330	26.5741
6340	23.7037
6350	33.3333
6360	31.8519
6370	28.9822
6380	26.5826
6390	23.7431
6400	33.3761
6410	31.6697
6420	28.8991
6430	26.6048
6440	23.8637
6450	33.5033
6460	31.5824
6470	28.9662
6480	26.8465
6490	23.8745
6500	33.5174
6510	31.4883
6520	28.773
6530	26.7857
6540	23.9267
6550	33.5758
6560	31.5849
6570	28.6595
6580	26.8114
6590	24.1228
6600	33.7719
6610	31.5789
6620	28.5088
6630	26.7544
6640	24.1228
6650	33.7719
6660	31.5789
6670	28.5094
6680	26.762
6690	24.1591
6700	33.8113
6710	31.6873
6720	28.3478
6730	26.6957
6740	24.1739
6750	33.8261
6760	31.7391
6770	28.3478
6780	26.6957
6790	24.1739
6800	33.8261
6810	31.7391
6820	28.3478
6830	26.6957
6840	24.1721
6850	33.8303
6860	31.7773
6870	28.3225
6880	26.7806
6890	24.1026
6900	33.7607
6910	31.8815
6920	28.3036
6930	26.7613
6940	24.0795
6950	33.7405
6960	31.9492
6970	28.4746
6980	26.6949
6990	24.0678
7000	33.7288
7010	31.9492
7020	28.4746
7030	26.6946
7040	24.0683
7050	33.7322
7060	31.9919
7070	28.3405
7080	26.6378
7090	24.1273
7100	33.7994
7110	32.233
7120	28.4138
7130	26.6393
7140	24.0156
7150	33.6904
7160	32.3122
7170	28.4998
7180	26.7496
7190	23.9024
7200	33.5772
7210	32.2764
7220	28.5366
7230	26.8293
7240	23.9024
7250	33.5772
7260	32.2764
7270	28.5366
7280	26.8293
7290	23.9024
7300	33.5772
7310	32.2764
7320	28.5366
7330	26.8293
7340	23.9024
7350	33.5772
7360	32.2764
7370	28.5366
7380	26.8287
7390	23.9031
7400	33.5831
7410	32.2022
7420	28.3601
7430	26.8
7440	24.08
7450	33.76
7460	32.24
7470	28.32
7480	26.8
7490	24.08
7500	33.76
7510	32.24
7520	28.32
7530	26.8
7540	24.08
7550	33.76
7560	32.24
7570	28.3205
7580	26.7907
7590	24.0969
7600	33.7794
7610	32.3189
7620	28.4921
7630	26.6659
7640	24.0563
7650	33.7462
7660	32.4232
7670	28.5783
7680	26.6664
7690	23.9537
7700	33.646
7710	32.5174
7720	28.4812
7730	26.6154
7740	23.9986
7750	33.6956
7760	32.5931
7770	28.3865
7780	26.6394
7790	24.1667
7800	33.8636
7810	32.5776
7820	28.2806
7830	26.666
7840	24.154
7850	33.8555
7860	32.3881
7870	28.2836
7880	26.791
7890	24.1791
7900	33.8806
7910	32.3881
7920	28.2836
7930	26.7908
7940	24.1793
7950	33.883
7960	32.4242
7970	28.1664
7980	26.7405
7990	24.2224
8000	33.9283
8010	32.4144
8020	28.1062
8030	26.7647
8040	24.3382
8050	34.0441
8060	32.3529
8070	28.0882
8080	26.7647
8090	24.3382
8100	34.0441
8110	32.3538
8120	28.0702
8130	26.7714
8140	24.3895
8150	34.0976
8160	32.4818
8170	27.9562
8180	26.7153
8190	24.3796
8200	34.0876
8210	32.4818
8220	27.9562
8230	26.7149
8240	24.3871
8250	34.0993
8260	32.4228
8270	28.0203
8280	26.9065
8290	24.3885
8300	34.1007
8310	32.3022
8320	27.9856
8330	26.9065
8340	24.3885
8350	34.1007
8360	32.3022
8370	27.9856
8380	26.9065
8390	24.3885
8400	34.1007
8410	32.3022
8420	27.9856
8430	26.9065
8440	24.3885
8450	34.1007
8460	32.3022
8470	27.9864
8480	26.9175
8490	24.4452
8500	34.1615
8510	32.2446
8520	27.8014
8530	26.8792
8540	24.5462
8550	34.2645
8560	32.312
8570	27.9038
8580	27.0421
8590	24.4367
8600	34.1569
8610	32.2884
8620	27.9813
8630	26.9231
8640	24.4044
8650	34.1286
8660	32.2883
8670	27.9747
8680	26.9404
8690	24.5517
8700	34.2759
8710	32.2766
8720	27.8725
8730	26.9293
8740	24.6261
8750	34.3521
8760	32.1233
8770	27.8082
8780	26.9178
8790	24.6575
8800	34.3836
8810	32.1233
8820	27.8082
8830	26.9174
8840	24.6576
8850	34.3874
8860	32.064
8870	27.8626
8880	26.824
8890	24.7365
8900	34.4698
8910	32.1026
8920	28.0917
8930	26.8667
8940	24.5995
8950	34.3346
8960	32.0808
8970	28.0674
8980	26.8419
8990	24.6358
9000	34.3709
9010	32.1861
9020	27.9967
9030	26.8265
9040	24.6805
9050	34.4173
9060	32.3026
9070	27.8951
9080	26.7812
9090	24.6963
9100	34.4348
9110	32.1717
9120	27.8431
9130	26.7969
9140	24.7712
9150	34.5148
9160	32.1335
9170	27.7956
9180	26.6663
9190	24.8781
9200	34.625
9210	32.2509
9220	27.8152
9230	26.7722
9240	24.8101
9250	34.557
9260	32.2785
9270	27.7848
9280	26.7722
9290	24.8101
9300	34.557
9310	32.2791
9320	27.769
9330	26.7769
9340	24.8518
9350	34.6003
9360	32.3899
9370	27.673
9380	26.7296
9390	24.8428
9400	34.5912
9410	32.3899
9420	27.673
9430	26.7294
9440	24.849
9450	34.599
9460	32.4277
9470	27.7647
9480	26.8748
9490	24.7499
9500	34.5015
9510	32.4061
9520	27.6543
9530	26.8323
9540	24.7817
9550	34.5363
9560	32.5099
9570	27.6249
9580	26.8904
9590	24.7239
9600	34.4785
9610	32.5773
9620	27.6166
9630	26.9611
9640	24.6427
9650	34.3988
9660	32.561
9670	27.6832
9680	27.0775
9690	24.6576
9700	34.4152
9710	32.6324
9720	27.5758
9730	27.0302
9740	24.6725
9750	34.4316
9760	32.7018
9770	27.6643
9780	27.1685
9790	24.5781
9800	34.3386
9810	32.6794
9820	27.5584
9830	27.1257
9840	24.6103
9850	25.3849
9860	23.779
9870	25.3166
9880	25.2976
9890	23.1548
9900	23.8682
9910	25.3099
9920	25.3328
9930	23.2522
9940	23.8824
9950	25.1765
9960	25.2941
9970	23.2941
9980	23.8824
9990	25.1765
10000	25.2941
10010	23.2941
10020	23.8824
10030	25.1765
10040	25.2941
10050	23.2941
10060	23.8824
10070	25.1765
10080	25.2937
10090	23.2899
10100	23.848
10110	25.1645
10120	25.3216
10130	23.3918
10140	23.8008
10150	25.1609
10160	25.3475
10170	23.4479
10180	23.8953
10190	25.0581
10200	25.2903
10210	23.4435
10220	23.9193
10230	25.1046
10240	25.3757
10250	23.3526
10260	23.8724
10270	25.0839
10280	25.3838
10290	23.3908
10300	23.7931
10310	25.0575
10320	25.4019
10330	23.4442
10340	23.7597
10350	25.0461
10360	25.4286
10370	23.5429
10380	23.7139
10390	25.0259
10400	25.4365
10410	23.4836
10420	23.6932
10430	25.0568
10440	25.5106
10450	23.4746
10460	23.7232
10470	25.034
10480	25.5618
10490	23.427
10500	23.7633
10510	25.0113
10520	25.5935
10530	23.423
10540	23.8333
10550	24.9444
10560	34.7222
10570	32.5
10580	28.6111
10590	26.7222
10600	25.6667
10610	35.4444
10620	30.2222
10630	28.6114
10640	26.7263
10650	25.62
10660	35.399
10670	30.2311
10680	28.674
10690	26.8506
10700	25.5853
10710	35.3668
10720	30.1892
10730	28.7164
10740	26.9945
10750	25.5738
10760	35.3552
10770	30.1093
10780	28.6885
10790	26.9945
10800	25.5738
10810	35.3552
10820	30.1093
10830	28.6885
10840	26.9945
10850	25.5738
10860	35.3552
10870	30.1107
10880	28.6864
10890	26.9725
10900	25.513
10910	35.2979
10920	30.2688
10930	28.7634
10940	26.9892
10950	25.4839
10960	35.2688
10970	30.2688
10980	28.7634
10990	26.9889
11000	25.4886
11010	35.277
11020	30.2691
11030	28.8711
11040	27.0369
11050	25.4495
11060	35.239
11070	30.2433
11080	28.9556
11090	26.9474
11100	25.4207
11110	35.2113
11120	30.2758
11130	29.0335
11140	27.0154
11150	25.3403
11160	35.1309
11170	30.2622
11180	29.0637
11190	27.0924
11200	25.3946
11210	35.1862
11220	30.1562
11230	29.0111
11240	27.0944
11250	25.4117
11260	35.2066
11270	30.1397
11280	28.9231
11290	27.1794
11300	25.4357
11310	35.2316
11320	30.0876
11330	28.8905
11340	27.1938
11350	25.51
11360	35.3069
11370	30.0819
11380	28.9418
11390	27.1066
11400	25.4819
11410	35.2799
11420	30.1139
11430	28.931
11440	27.0857
11450	25.5051
11460	35.303
11470	30.202
11480	28.8889
11490	27.0707
11500	25.5051
11510	35.303
11520	30.202
11530	28.8889
11540	27.0707
11550	25.5051
11560	35.303
11570	30.202
11580	28.8889
11590	27.0705
11600	25.5096
11610	35.3096
11620	30.2672
11630	29.0206
11640	27.0999
11650	25.3998
11660	35.2007
11670	30.2796
11680	28.9681
11690	27.0647
11700	25.4229
11710	35.2239
11720	30.3483
11730	28.9552
11740	27.0647
11750	25.4229
11760	35.2239
11770	30.349
11780	28.9668
11790	27.1105
11800	25.4065
11810	35.2095
11820	30.2463
11830	28.9659
11840	27.1892
11850	25.4448
11860	35.2497
11870	30.3685
11880	28.9756
11890	27.0732
11900	25.4146
11910	35.2195
11920	30.3902
11930	28.9756
11940	27.0731
11950	25.4192
11960	35.2251
11970	30.4237
11980	29.0416
11990	27.1845
12000	25.339
12010	35.1476
12020	30.3889
12030	29.0869
12040	27.2062
12050	25.311
12060	35.1196
12070	30.3357
12080	29.1496
12090	27.2687
12100	25.2962
12110	35.1066
12120	30.237
12130	29.1469
12140	27.346
12150	25.3081
12160	35.1185
12170	30.237
12180	29.1469
12190	27.3459
12200	25.3077
12210	35.1191
12220	30.2648
12230	29.0687
12240	27.3112
12250	25.3299
12260	35.1421
12270	30.3577
12280	28.9791
12290	27.277
12300	25.3518
12310	35.1649
12320	30.4335
12330	28.9175
12340	27.2573
12350	25.3738
12360	35.1869
12370	30.514
12380	28.8785
12390	27.243
12400	25.3738
12410	35.1869
12420	30.514
12430	28.8785
12440	27.243
12450	25.3738
12460	35.1869
12470	30.514
12480	28.8785
12490	27.2429
12500	25.3735
12510	35.1875
12520	30.5411
12530	28.9373
12540	27.1627
12550	25.3485
12560	35.1634
12570	30.5849
12580	29.035
12590	27.0833
12600	25.3236
12610	35.1401
12620	30.5911
12630	29.1004
12640	27.046
12650	25.367
12660	35.1835
12670	30.5505
12680	29.1284
12690	27.0183
12700	25.367
12710	35.1835
12720	30.5505
12730	29.1284
12740	27.0183
12750	25.367
12760	35.1835
12770	30.5505
12780	29.1284
12790	27.0183
12800	25.3667
12810	35.184
12820	30.5769
12830	29.1855
12840	26.9405
12850	25.3464
12860	35.1654
12870	30.6503
12880	29.3408
12890	26.9683
12900	25.2489
12910	35.0679
12920	30.6335
12930	29.3665
12940	26.9683
12950	25.2489
12960	35.0679
12970	30.6341
12980	29.3588
12990	26.9929
13000	25.2171
13010	35.0378
13020	30.7175
13030	29.3274
13040	27.0404
13050	25.2018
13060	35.0224
13070	30.7175
13080	29.3274
13090	27.0404
13100	25.2018
13110	35.0224
13120	30.7175
13130	29.3274
13140	27.0404
13150	25.2018
13160	35.0224
13170	30.7175
13180	29.3274
13190	27.0404
13200	25.2016
13210	35.023
13220	30.7277
13230	29.3554
13240	26.9778
13250	25.1786
13260	35
13270	30.7592
13280	29.4247
13290	26.9854
13300	25.1186
13310	34.9408
13320	30.7556
13330	29.4668
13340	27.0698
13350	25.0744
13360	34.8974
13370	30.7601
13380	29.5133
13390	27.1681
13400	25.0439
13410	34.8677
13420	30.7768
13430	29.5669
13440	27.0924
13450	25.0213
13460	34.8467
13470	30.8414
13480	29.5827
13490	26.9869
13500	25.0216
13510	34.8477
13520	30.9267
13530	29.56
13540	26.9699
13550	25.0435
13560	34.8696
13570	31.0003
13580	29.5267
13590	26.9167
13600	25.0288
13610	34.8556
13620	31.039
13630	29.6105
13640	26.8862
13650	25.0375
13660	34.8651
13670	30.956
13680	29.569
13690	26.8966
13700	25.0862
13710	34.9138
13720	30.9483
13730	29.569
13740	26.8965
13750	25.0902
13760	34.9185
13770	30.9762
13780	29.6255
13790	26.9957
13800	25.0212
13810	34.8503
13820	30.9537
13830	29.5675
13840	26.9789
13850	25.0427
13860	34.8718
13870	31.0259
13880	29.5348
13890	26.9862
13900	24.9857
13910	34.8155
13920	31.0213
13930	29.5745
13940	27.0638
13950	24.9787
13960	34.8085
13970	31.0213
13980	29.5745
13990	27.0638
14000	24.9784
14010	34.8089
14020	30.9638
14030	29.5454
14040	27.0762
14050	25.042
14060	34.8732
14070	30.9554
14080	29.4629
14090	27.0464
14100	25.0631
14110	34.895
14120	30.9925
14130	29.4483
14140	27.0717
14150	25.1261
14160	34.958
14170	30.9249
14180	29.4213
14190	27.0982
14200	25.1139
14210	34.9472
14220	30.8333
14230	29.4168
14240	27.1695
14250	25.1404
14260	34.9744
14270	30.8871
14280	29.3361
14290	27.1369
14300	25.1449
14310	34.9796
14320	30.9357
14330	29.387
14340	27.0661
14350	25.124
14360	34.9587
14370	30.9504
14380	29.4215
14390	27.0661
14400	25.1236
14410	34.9596
14420	30.9686
14430	29.403
14440	27.103
14450	25.082
14460	34.918
14470	31.0249
14480	29.3899
14490	27.1503
14500	25.1251
14510	34.9618
14520	30.9388
14530	29.3472
14540	27.1402
14550	25.1646
14560	35.0026
14570	30.9055
14580	29.3927
14590	27.085
14600	25.1859
14610	35.0246
14620	30.9171
14630	29.4463
14640	27.1774
14650	25.1246
14660	34.964
14670	30.9133
14680	29.4886
14690	27.2691
14700	25.0602
14710	34.8996
14720	30.8835
14730	29.4779
14740	27.2691
14750	25.0602
14760	34.8996
14770	30.884
14780	29.4709
14790	27.2903
14800	25.1288
14810	34.9694
14820	30.8765
14830	29.3627
14840	27.2537
14850	25.1541
14860	34.9954
14870	30.9278
14880	29.2857
14890	27.2222
14900	25.1584
14910	35.0003
14920	30.899
14930	29.2594
14940	27.2331
14950	25.217
14960	35.0595
14970	30.8166
14980	29.2229
14990	27.2441
15000	25.2754
15010	35.1185
15020	30.7688
15030	29.2098
15040	27.2669
15050	25.3333
15060	35.1765
15070	30.7061
15080	29.1809
15090	27.2728
15100	25.3739
15110	35.2176
15120	30.625
15130	29.1409
15140	27.2707
15150	25.4187
15160	35.2637
15170	30.6032
15180	29.031
15190	27.2481
15200	25.4651
15210	35.3101
15220	30.6202
15230	29.031
15240	27.2481
15250	25.4651
15260	35.3101
15270	30.6202
15280	29.031
15290	27.2481
15300	25.4648
15310	35.3109
15320	30.6378
15330	29.0798
15340	27.2425
15350	25.3846
15360	35.2308
15370	30.6543
15380	29.1624
15390	27.2506
15400	25.4102
15410	35.2575
15420	30.6107
15430	29.1987
15440	27.2111
15450	25.4396
15460	35.2881
15470	30.5818
15480	29.2424
15490	27.1591
15500	25.4545
15510	35.303
15520	30.5682
15530	29.2424
15540	27.159
15550	25.458
15560	35.307
15570	30.5937
15580	29.2929
15590	27.2453
15600	25.3962
15610	35.2453
15620	30.566
15630	29.283
15640	27.2453
15650	25.3962
15660	35.2453
15670	30.5665
15680	29.2763
15690	27.2122
15700	25.4063
15710	35.2565
15720	30.6742
15730	29.2885
15740	27.1486
15750	25.3992
15760	35.25
15770	30.7157
15780	29.3657
15790	27.0895
15800	25.3728
15810	35.2241
15820	30.6594
15830	29.3408
15840	27.1004
15850	25.4275
15860	35.2788
15870	30.632
15880	29.3309
15890	27.1004
15900	25.4273
15910	35.2792
15920	30.6404
15930	29.2909
15940	27.0852
15950	25.4444
15960	35.2963
15970	30.7041
15980	29.2674
15990	27.0566
16000	25.3804
16010	35.2333
16020	30.7353
16030	29.3753
16040	27.0955
16050	25.3995
16060	35.2541
16070	30.7541
16080	29.3455
16090	27.0181
16100	25.4178
16110	35.2729
16120	30.7841
16130	29.3901
16140	26.9565
16150	25.4018
16160	35.2574
16170	30.821
16180	29.4683
16190	27.0397
16200	25.343
16210	35.1986
16220	30.7942
16230	29.4585
16240	27.0397
16250	25.343
16260	35.1986
16270	30.7942
16280	29.4585
16290	27.0397
16300	25.343
16310	35.1986
16320	30.7942
16330	29.4586
16340	27.0349
16350	25.3486
16360	35.2048
16370	30.8338
16380	29.5324
16390	26.9783
16400	25.3266
16410	35.1837
16420	30.803
16430	29.5552
16440	27.0714
16450	25.3211
16460	35.1787
16470	30.77
16480	29.4758
16490	27.0463
16500	25.3379
16510	35.1961
16520	30.8264
16530	29.4881
16540	27.0922
16550	25.2837
16560	35.1418
16570	30.816
16580	29.5112
16590	27.1112
16600	25.3078
16610	35.1669
16620	30.7746
16630	29.5424
16640	27.0798
16650	25.2874
16660	35.147
16670	30.7782
16680	29.5789
16690	27.1579
16700	25.2632
16710	35.1228
16720	30.7719
16730	29.5789
16740	27.1578
16750	25.2628
16760	35.1229
16770	30.7914
16780	29.5199
16790	27.1329
16800	25.2797
16810	35.1399
16820	30.8392
16830	29.5105
16840	27.1329
16850	25.2797
16860	35.1399
16870	30.8394
16880	29.5004
16890	27.1352
16900	25.3021
16910	35.1627
16920	30.9059
16930	29.4426
16940	27.1103
16950	25.267
16960	35.1281
16970	30.9091
16980	29.4792
16990	27.1874
17000	25.2423
17010	35.1044
17020	30.8753
17030	29.4977
17040	27.1379
17050	25.2755
17060	35.138
17070	30.8158
17080	29.4938
17090	27.1478
17100	25.3263
17110	35.1893
17120	30.798
17130	29.5056
17140	27.0994
17150	25.3082
17160	35.1712
17170	30.8223
17180	29.5622
17190	27.0732
17200	25.3313
17210	35.1953
17220	30.7823
17230	29.5919
17240	27.0431
17250	25.3116
17260	35.176
17270	30.7857
17280	29.6271
17290	27.1186
17300	25.2881
17310	35.1525
17320	30.7797
17330	29.6271
17340	27.1186
17350	25.2878
17360	35.1526
17370	30.7343
17380	29.6038
17390	27.1284
17400	25.3377
17410	35.203
17420	30.717
17430	29.5579
17440	27.1146
17450	25.3535
17460	35.2189
17470	30.7748
17480	29.5358
17490	27.0887
17500	25.376
17510	35.2423
17520	30.7358
17530	29.5652
17540	27.0569
17550	25.3846
17560	35.2508
17570	30.7358
17580	29.5652
17590	27.0567
17600	25.3868
17610	35.2544
17620	30.7949
17630	29.5933
17640	27.0529
17650	25.3308
17660	35.1987
17670	30.7835
17680	29.58
17690	27.0627
17700	25.3795
17710	35.2475
17720	30.7591
17730	29.571
17740	27.0627
17750	25.3795
17760	35.2475
17770	30.7593
17780	29.5745
17790	27.0781
17800	25.3346
17810	35.203
17820	30.7566
17830	29.6053
17840	27.1382
17850	25.3289
17860	35.1974
17870	30.7566
17880	29.6053
17890	27.1382
17900	25.3289
17910	35.1974
17920	30.7566
17930	29.6053
17940	27.1382
17950	25.3289
17960	35.1974
17970	30.7566
17980	29.6053
17990	27.1382
18000	25.3288
18010	35.1977
18020	30.7639
18030	29.5695
18040	27.1247
18050	25.3443
18060	35.2131
18070	30.8197
18080	29.541
18090	27.1148
18100	25.3443
18110	35.2131
18120	30.8197
18130	29.5411
18140	27.1103
18150	25.3494
18160	35.2187
18170	30.8555
18180	29.6078
18190	27.0588
18200	25.3268
18210	35.1961
18220	30.8497
18230	29.6078
18240	27.0588
18250	25.3268
18260	35.1961
18270	30.8497
18280	29.6078
18290	27.0588
18300	25.3268
18310	35.1961
18320	30.8497
18330	29.6078
18340	27.0588
18350	25.3268
18360	35.1961
18370	30.8498
18380	29.6113
18390	27.0285
18400	25.315
18410	35.1847
18420	30.8795
18430	29.6744
18440	27.001
18450	25.326
18460	35.1966
18470	30.8529
18480	29.7087
18490	26.9578
18500	25.3391
18510	35.2105
18520	30.8161
18530	29.632
18540	26.9453
18550	25.4048
18560	35.2766
18570	30.8571
18580	29.6563
18590	27.0192
18600	25.3524
18610	35.2246
18620	30.8404
18630	29.6669
18640	27.0607
18650	25.3035
18660	35.1757
18670	30.8307
18680	29.6805
18690	27.0927
18700	25.3035
18710	35.1757
18720	30.8307
18730	29.6805
18740	27.0927
18750	25.3035
18760	35.1757
18770	30.8307
18780	29.6805
18790	27.0927
18800	25.3035
18810	35.1757
18820	30.8307
18830	29.6805
18840	27.0926
18850	25.3031
18860	35.1758
18870	30.7878
18880	29.6584
18890	27.1019
18900	25.3502
18910	35.2232
18920	30.7714
18930	29.669
18940	27.1429
18950	25.3016
18960	35.1746
18970	30.7619
18980	29.6825
18990	27.1746
19000	25.3016
19010	35.1746
19020	30.7619
19030	29.6825
19040	27.1746
19050	25.3016
19060	35.1746
19070	30.7619
19080	29.6825
19090	27.1746
19100	25.3012
19110	35.1746
19120	30.7795
19130	29.7206
19140	27.1203
19150	25.2848
19160	35.1582
19170	30.7911
19180	29.7468
19190	27.1203
19200	25.2847
19210	35.1585
19220	30.776
19230	29.7438
19240	27.1389
19250	25.3312
19260	35.205
19270	30.7257
19280	29.7194
19290	27.1
19300	25.3199
19310	35.1941
19320	30.7547
19330	29.7799
19340	27.0755
19350	25.3145
19360	35.1887
19370	30.7547
19380	29.7799
19390	27.0755
19400	25.3145
19410	35.1887
19420	30.7547
19430	29.7799
19440	27.0754
19450	25.3137
19460	35.1887
19470	30.7301
19480	29.7048
19490	27.0625
19500	25.375
19510	35.25
19520	30.75
19530	29.6875
19540	27.0625
19550	25.375
19560	35.25
19570	30.7502
19580	29.6908
19590	27.0771
19600	25.4072
19610	35.2826
19620	30.6854
19630	29.6575
19640	27.0695
19650	25.3991
19660	35.2753
19670	30.7229
19680	29.7523
19690	27.0898
19700	25.356
19710	35.2322
19720	30.7121
19730	29.7523
19740	27.0897
19750	25.3553
19760	35.2322
19770	30.7465
19780	29.737
19790	27.0154
19800	25.3536
19810	35.2313
19820	30.8135
19830	29.7389
19840	27.0428
19850	25.3211
19860	35.1988
19870	30.8566
19880	29.7312
19890	27.0927
19900	25.3113
19910	35.1897
19920	30.7903
19930	29.7264
19940	27.1429
19950	25.3191
19960	35.1976
19970	30.7903
19980	29.7264
19990	27.1429
20000	25.3191
20010	35.1976
20020	30.7903
20030	29.7264
20040	27.1427
20050	25.3207
20060	35.2005
20070	30.8029
20080	29.7296
20090	27.1471
20100	25.3152
20110	35.1954
20120	30.8174
20130	29.6969
20140	27.1349
20150	25.3293
20160	35.2096
20170	30.8684
20180	29.6619
20190	27.1277
20200	25.3484
20210	35.229
20220	30.9254
20230	29.6121
20240	27.1083
20250	25.3288
20260	35.2101
20270	30.9661
20280	29.5846
20290	27.1513
20300	25.3138
20310	35.1958
20320	31.0144
20330	29.5735
20340	27.1976
20350	25.2799
20360	35.1622
20370	31.0484
20380	29.5079
20390	27.1765
20400	25.2941
20410	35.1765
20420	31.0882
20430	29.5
20440	27.1765
20450	25.2941
20460	35.1765
20470	31.0882
20480	29.5
20490	27.1765
20500	25.2941
20510	35.1765
20520	31.0882
20530	29.5
20540	27.1765
20550	25.2941
20560	35.1765
20570	31.0882
20580	29.5
20590	27.1764
20600	25.2937
20610	35.1764
20620	31.1041
20630	29.5357
20640	27.1261
20650	25.2786
20660	35.1613
20670	31.1144
20680	29.5601
20690	27.1261
20700	25.2786
20710	35.1613
20720	31.1144
20730	29.5601
20740	27.1261
20750	25.2786
20760	35.1613
20770	31.1145
20780	29.5633
20790	27.0987
20800	25.268
20810	35.1511
20820	31.1404
20830	29.6199
20840	27.076
20850	25.2632
20860	35.1462
20870	31.1404
20880	29.6199
20890	27.076
20900	25.2628
20910	35.1462
20920	31.156
20930	29.5707
20940	27.0554
20950	25.277
20960	35.1604
20970	31.1953
20980	29.5627
20990	27.0554
21000	25.2769
21010	35.1606
21020	31.2015
21030	29.5806
21040	27.0146
21050	25.2616
21060	35.1453
21070	31.2211
21080	29.6252
21090	27.0194
21100	25.2918
21110	35.1758
21120	31.1594
21130	29.5943
21140	27.0182
21150	25.3247
21160	35.2095
21170	31.1402
21180	29.5101
21190	27.0029
21200	25.3602
21210	35.245
21220	31.1527
21230	29.5101
21240	27.0029
21250	25.3602
21260	35.245
21270	31.1527
21280	29.5101
21290	27.0029
21300	25.3602
21310	35.245
21320	31.1527
21330	29.5101
21340	27.0029
21350	25.3602
21360	35.245
21370	31.1527
21380	29.5101
21390	27.0029
21400	25.3602
21410	35.245
21420	31.1527
21430	29.5101
21440	27.0029
21450	25.3602
21460	35.245
21470	31.1527
21480	29.5101
21490	27.0028
21500	25.3599
21510	35.2449
21520	31.1683
21530	29.4619
21540	26.9827
21550	25.3757
21560	35.2614
21570	31.2406
21580	29.4441
21590	27.0286
21600	25.3429
21610	35.2286
21620	31.2571
21630	29.4286
21640	27.0286
21650	25.3429
21660	35.2286
21670	31.2573
21680	29.4317
21690	27.0418
21700	25.3039
21710	35.1899
21720	31.2536
21730	29.4589
21740	27.0993
21750	25.2953
21760	35.1823
21770	31.2362
21780	29.4068
21790	27.1469
21800	25.3104
21810	35.1977
21820	31.258
21830	29.3596
21840	27.1267
21850	25.3236
21860	35.2112
21870	31.3108
21880	29.3867
21890	27.0787
21900	25.309
21910	35.1966
21920	31.3202
21930	29.4101
21940	27.0787
21950	25.309
21960	35.1966
21970	31.3205
21980	29.4163
21990	27.1045
22000	25.2997
22010	35.188
22020	31.257
22030	29.4135
22040	27.147
22050	25.3116
22060	35.2001
22070	31.2866
22080	29.4708
22090	27.103
22100	25.2941
22110	35.1836
22120	31.2758
22130	29.5223
22140	27.127
22150	25.2759
22160	35.1657
22170	31.2055
22180	29.5116
22190	27.135
22200	25.3167
22210	35.2068
22220	31.1904
22230	29.4744
22240	27.1237
22250	25.3297
22260	35.2198
22270	31.2363
22280	29.4506
22290	27.1154
22300	25.3297
22310	35.2198
22320	31.2363
22330	29.4506
22340	27.1116
22350	25.3339
22360	35.2243
22370	31.2654
22380	29.5069
22390	27.0684
22400	25.3143
22410	35.2053
22420	31.2376
22430	29.5216
22440	27.03
22450	25.3406
22460	35.2316
22470	31.2262
22480	29.5368
22490	27.03
22500	25.3405
22510	35.2318
22520	31.2319
22530	29.5074
22540	27.0191
22550	25.3533
22560	35.2446
22570	31.2772
22580	29.4837
22590	27.0109
22600	25.3533
22610	35.2446
22620	31.2772
22630	29.4838
22640	27.0142
22650	25.3398
22660	35.2317
22670	31.2263
22680	29.4865
22690	27.081
22700	25.3506
22710	35.2431
22720	31.2451
22730	29.4742
22740	27.0161
22750	25.3491
22760	35.2419
22770	31.3046
22780	29.4443
22790	26.9973
22800	25.3618
22810	35.2551
22820	31.3331
22830	29.4062
22840	27.0027
22850	25.4133
22860	35.3067
22870	31.3333
22880	29.36
22890	26.9867
22900	25.4133
22910	35.3067
22920	31.3333
22930	29.3601
22940	26.983
22950	25.4173
22960	35.3109
22970	31.3614
22980	29.4149
22990	26.9415
23000	25.3989
23010	35.2926
23020	31.3564
23030	29.4149
23040	26.9415
23050	25.4012
23060	35.2951
23070	31.3732
23080	29.4502
23090	27.0027
23100	25.358
23110	35.2522
23120	31.3584
23130	29.4145
23140	26.9921
23150	25.3704
23160	35.2645
23170	31.4021
23180	29.3915
23190	26.9841
23200	25.3704
23210	35.2645
23220	31.4021
23230	29.3916
23240	26.9858
23250	25.3796
23260	35.274
23270	31.3507
23280	29.3668
23290	26.992
23300	25.4109
23310	35.3059
23320	31.3264
23330	29.3842
23340	27.0603
23350	25.4065
23360	35.3018
23370	31.3001
23380	29.4023
23390	27.0157
23400	25.3927
23410	35.288
23420	31.3089
23430	29.4241
23440	27.0157
23450	25.3927
23460	35.288
23470	31.309
23480	29.4269
23490	27.0278
23500	25.3568
23510	35.2524
23520	31.3055
23530	29.4518
23540	27.0773
23550	25.3616
23560	35.2575
23570	31.3382
23580	29.401
23590	27.0573
23600	25.3642
23610	35.2603
23620	31.3186
23630	29.3836
23640	27.0649
23650	25.4048
23660	35.3012
23670	31.3152
23680	29.4111
23690	27.1244
23700	25.3625
23710	35.2594
23720	31.2882
23730	29.4182
23740	27.1033
23750	25.3866
23760	35.2835
23770	31.263
23780	29.4255
23790	27.0892
23800	25.4028
23810	35.2999
23820	31.3111
23830	29.383
23840	27.0694
23850	25.3985
23860	35.2956
23870	31.3111
23880	29.383
23890	27.0694
23900	25.4007
23910	35.2981
23920	31.3273
23930	29.4171
23940	27.1282
23950	25.3586
23960	35.2563
23970	31.3213
23980	29.4416
23990	27.0844
24000	25.3452
24010	35.2431
24020	31.3353
24030	29.4354
24040	27.074
24050	25.3571
24060	35.2551
24070	31.3779
24080	29.4114
24090	27.0913
24100	25.3645
24110	35.2632
24120	31.3671
24130	29.3671
24140	27.1155
24150	25.3759
24160	35.2749
24170	31.3179
24180	29.3434
24190	27.1212
24200	25.404
24210	35.303
24220	31.3131
24230	29.3434
24240	27.1212
24250	25.4037
24260	35.3029
24270	31.3266
24280	29.3014
24290	27.1033
24300	25.4155
24310	35.3152
24320	31.3532
24330	29.3086
24340	27.0828
24350	25.4386
24360	35.3383
24370	31.3283
24380	29.3233
24390	27.0677
24400	25.4386
24410	35.3383
24420	31.3283
24430	29.3235
24440	27.0672
24450	25.4297
24460	35.3302
24470	31.3873
24480	29.3532
24490	27.0647
24500	25.398
24510	35.2985
24520	31.393
24530	29.3532
24540	27.0647
24550	25.398
24560	35.2985
24570	31.393
24580	29.3532
24590	27.0647
24600	25.3979
24610	35.2989
24620	31.3861
24630	29.3669
24640	27.1114
24650	25.396
24660	35.297
24670	31.3369
24680	29.3546
24690	27.1183
24700	25.3685
24710	35.2702
24720	31.4005
24730	29.3858
24740	27.1268
24750	25.3649
24760	35.2668
24770	31.4311
24780	29.3382
24790	27.1078
24800	25.3676
24810	35.2696
24820	31.4461
24830	29.3382
24840	27.1078
24850	25.3669
24860	35.2694
24870	31.4254
24880	29.352
24890	27.0732
24900	25.3902
24910	35.2929
24920	31.4197
24930	29.3811
24940	27.1047
24950	25.3528
24960	35.2555
24970	31.4112
24980	29.3917
24990	27.129
25000	25.3528
25010	35.2555
25020	31.4112
25030	29.3919
25040	27.1285
25050	25.3734
25060	35.2767
25070	31.4196
25080	29.372
25090	27.0773
25100	25.3865
25110	35.2899
25120	31.4251
25130	29.372
25140	27.0772
25150	25.3858
25160	35.2896
25170	31.4048
25180	29.3158
25190	27.0673
25200	25.4326
25210	35.3367
25220	31.4233
25230	29.3179
25240	27.0336
25250	25.4197
25260	35.3237
25270	31.439
25280	29.3482
25290	27.0389
25300	25.4017
25310	35.3062
25320	31.4797
25330	29.3317
25340	27.0644
25350	25.3938
25360	35.2983
25370	31.4797
25380	29.3317
25390	27.0644
25400	25.3938
25410	35.2983
25420	31.4797
25430	29.3317
25440	27.0644
25450	25.3934
25460	35.2982
25470	31.4922
25480	29.2921
25490	27.0476
25500	25.4046
25510	35.3098
25520	31.5171
25530	29.299
25540	27.0924
25550	25.4028
25560	35.3081
25570	31.4692
25580	29.2891
25590	27.109
25600	25.4028
25610	35.3081
25620	31.4692
25630	29.2891
25640	27.109
25650	25.4028
25660	35.3081
25670	31.4692
25680	29.2891
25690	27.109
25700	25.4028
25710	35.3081
25720	31.4692
25730	29.2891
25740	27.109
25750	25.4049
25760	35.3103
25770	31.484
25780	29.3207
25790	27.1631
25800	25.3664
25810	35.272
25820	31.4541
25830	29.3127
25840	27.177
25850	25.4009
25860	35.3066
25870	31.4153
25880	29.2976
25890	27.1912
25900	25.3927
25910	35.2989
25920	31.3615
25930	29.2959
25940	27.2328
25950	25.4154
25960	35.322
25970	31.3454
25980	29.229
25990	27.2196
26000	25.4459
26010	35.3527
26020	31.3699
26030	29.2602
26040	27.2727
26050	25.4079
26060	35.3147
26070	31.352
26080	29.2541
26090	27.2727
26100	25.4079
26110	35.3148
26120	31.3569
26130	29.2687
26140	27.3025
26150	25.3721
26160	35.2791
26170	31.3488
26180	29.2791
26190	27.3256
26200	25.3721
26210	35.2791
26220	31.3488
26230	29.2791
26240	27.3269
26250	25.3524
26260	35.2596
26270	31.3502
26280	29.3039
26290	27.3782
26300	25.3364
26310	35.2436
26320	31.3457
26330	29.3039
26340	27.3782
26350	25.3384
26360	35.2458
26370	31.3602
26380	29.3347
26390	27.4306
26400	25.3009
26410	35.2083
26420	31.3426
26430	29.3287
26440	27.4306
26450	25.3009
26460	35.2083
26470	31.3427
26480	29.322
26490	27.4317
26500	25.3156
26510	35.2232
26520	31.3857
26530	29.2841
26540	27.4134
26550	25.3118
26560	35.2194
26570	31.3857
26580	29.2841
26590	27.4134
26600	25.3114
26610	35.2193
26620	31.354
26630	29.2686
26640	27.4193
26650	25.3453
26660	35.2533
26670	31.3485
26680	29.2243
26690	27.4023
26700	25.3563
26710	35.2645
26720	31.368
26730	29.2167
26740	27.4154
26750	25.3899
26760	35.2982
26770	31.3304
26780	29.1906
26790	27.4093
26800	25.4043
26810	35.3127
26820	31.373
26830	29.1533
26840	27.3913
26850	25.4005
26860	35.3089
26870	31.373
26880	29.1533
26890	27.3913
26900	25.4001
26910	35.3088
26920	31.3417
26930	29.1383
26940	27.3972
26950	25.4334
26960	35.3423
26970	31.293
26980	29.1175
26990	27.4032
27000	25.4669
27010	35.376
27020	31.2804
27030	29.0873
27040	27.3934
27050	25.4773
27060	35.3864
27070	31.3182
27080	29.0682
27090	27.3864
27100	25.4773
27110	35.3864
27120	31.3182
27130	29.0682
27140	27.3877
27150	25.4852
27160	35.3945
27170	31.3468
27180	29.0249
27190	27.3696
27200	25.4872
27210	35.3967
27220	31.3726
27230	28.9877
27240	27.3529
27250	25.4977
27260	35.4072
27270	31.4027
27280	28.9819
27290	27.3529
27300	25.4977
27310	35.4074
27320	31.3917
27330	28.9805
27340	27.3658
27350	25.5305
27360	35.4402
27370	31.3544
27380	28.9616
27390	27.3589
27400	25.5305
27410	35.4402
27420	31.3544
27430	28.9617
27440	27.3602
27450	25.5383
27460	35.4482
27470	31.3828
27480	28.9189
27490	27.3423
27500	25.5402
27510	35.4503
27520	31.4084
27530	28.9473
27540	27.3034
27550	25.53
27560	35.4403
27570	31.4299
27580	28.9967
27590	27.3543
27600	25.4932
27610	35.4037
27620	31.4173
27630	29.0053
27640	27.3223
27650	25.481
27660	35.3915
27670	31.4318
27680	29.0405
27690	27.3254
27700	25.4501
27710	35.3609
27720	31.4286
27730	29.0625
27740	27.3629
27750	25.4498
27760	35.3607
27770	31.452
27780	29.1091
27790	27.3274
27800	25.4343
27810	35.3452
27820	31.4477
27830	29.1091
27840	27.3274
27850	25.4343
27860	35.3452
27870	31.4477
27880	29.1091
27890	27.3274
27900	25.4343
27910	35.3452
27920	31.4477
27930	29.1091
27940	27.3274
27950	25.4343
27960	35.3452
27970	31.4477
27980	29.1091
27990	27.3274
28000	25.4343
28010	35.3452
28020	31.4477
28030	29.1092
28040	27.3299
28050	25.4232
28060	35.3345
28070	31.4765
28080	29.0909
28090	27.3614
28100	25.4102
28110	35.3215
28120	31.4856
28130	29.0909
28140	27.3614
28150	25.4117
28160	35.3234
28170	31.5109
28180	29.1482
28190	27.3731
28200	25.3642
28210	35.2759
28220	31.5011
28230	29.1611
28240	27.3731
28250	25.3642
28260	35.2759
28270	31.5013
28280	29.1572
28290	27.3839
28300	25.3479
28310	35.26
28320	31.5385
28330	29.1429
28340	27.4035
28350	25.344
28360	35.2563
28370	31.5613
28380	29.1886
28390	27.3684
28400	25.3286
28410	35.2411
28420	31.5684
28430	29.2157
28440	27.3304
28450	25.3191
28460	35.2318
28470	31.589
28480	29.2633
28490	27.3799
28500	25.2838
28510	35.1966
28520	31.5765
28530	29.2343
28540	27.3706
28550	25.2941
28560	35.207
28570	31.6122
28580	29.2157
28590	27.3638
28600	25.2941
28610	35.207
28620	31.6122
28630	29.2158
28640	27.362
28650	25.3051
28660	35.2184
28670	31.6615
28680	29.2191
28690	27.3102
28700	25.2943
28710	35.2079
28720	31.6535
28730	29.2337
28740	27.365
28750	25.2916
28760	35.2052
28770	31.6199
28780	29.2225
28790	27.365
28800	25.2915
28810	35.2054
28820	31.6286
28830	29.213
28840	27.3833
28850	25.2688
28860	35.1828
28870	31.656
28880	29.2067
28890	27.4075
28900	25.2395
28910	35.1537
28920	31.6524
28930	29.2276
28940	27.4457
28950	25.229
28960	35.1437
28970	31.7013
28980	29.2537
28990	27.4413
29000	25.2022
29010	35.1171
29020	31.6761
29030	29.2395
29040	27.4468
29050	25.234
29060	35.1489
29070	31.6596
29080	29.234
29090	27.4468
29100	25.2339
29110	35.1492
29120	31.6533
29130	29.2459
29140	27.4858
29150	25.2331
29160	35.1483
29170	31.6102
29180	29.2396
29190	27.4798
29200	25.2254
29210	35.1408
29220	31.6279
29230	29.2813
29240	27.4612
29250	25.2328
29260	35.1486
29270	31.6756
29280	29.2842
29290	27.4105
29300	25.2207
29310	35.1367
29320	31.6949
29330	29.3101
29340	27.374
29350	25.2101
29360	35.1261
29370	31.7017
29380	29.3277
29390	27.374
29400	25.2101
29410	35.1261
29420	31.7017
29430	29.3277
29440	27.374
29450	25.2101
29460	35.1261
29470	31.7018
29480	29.3217
29490	27.375
29500	25.2235
29510	35.1396
29520	31.74
29530	29.2872
29540	27.3585
29550	25.2201
29560	35.1363
29570	31.74
29580	29.2872
29590	27.3585
29600	25.2198
29610	35.1361
29620	31.7506
29630	29.2523
29640	27.3431
29650	25.2301
29660	35.1464
29670	31.7782
29680	29.2469
29690	27.3431
29700	25.2301
29710	35.1466
29720	31.7678
29730	29.2454
29740	27.3552
29750	25.261
29760	35.1775
29770	31.7328
29780	29.2299
29790	27.3288
29800	25.2533
29810	35.17
29820	31.75
29830	29.2709
29840	27.3137
29850	25.2324
29860	35.1492
29870	31.7505
29880	29.2931
29890	27.3596
29900	25.2179
29910	35.135
29920	31.7174
29930	29.2793
29940	27.3651
29950	25.249
29960	35.166
29970	31.7012
29980	29.2739
29990	27.3651
30000	25.2489
30010	35.1661
30020	31.6909
30030	29.2724
30040	27.3771
30050	25.2795
30060	35.1967
30070	31.6564
30080	29.2569
30090	27.3509
30100	25.2719
30110	35.1893
30120	31.6736
30130	29.2976
30140	27.333
30150	25.279
30160	35.1967
30170	31.72
30180	29.3004
30190	27.284
30200	25.2675
30210	35.1852
30220	31.7284
30230	29.3004
30240	27.2839
30250	25.2689
30260	35.1869
30270	31.7513
30280	29.2935
30290	27.3156
30300	25.2459
30310	35.164
30320	31.7664
30330	29.2957
30340	27.2865
30350	25.2352
30360	35.1534
30370	31.7791
30380	29.3252
30390	27.2802
30400	25.2352
30410	35.1534
30420	31.7791
30430	29.3252
30440	27.2773
30450	25.2383
30460	35.1567
30470	31.8
30480	29.3673
30490	27.2449
30500	25.2238
30510	35.1425
30520	31.8164
30530	29.3583
30540	27.1951
30550	25.2232
30560	35.1421
30570	31.8598
30580	29.3948
30590	27.1602
30600	25.2129
30610	35.132
30620	31.8701
30630	29.4245
30640	27.1864
30650	25.1822
30660	35.1012
30670	31.8624
30680	29.4354
30690	27.2157
30700	25.2032
30710	35.1224
30720	31.8182
30730	29.4142
30740	27.2133
30750	25.2192
30760	35.1386
30770	31.8427
30780	29.375
30790	27.1976
30800	25.2214
30810	35.141
30820	31.8267
30830	29.3615
30840	27.2032
30850	25.2515
30860	35.171
30870	31.8109
30880	29.3561
30890	27.2032
30900	25.2515
30910	35.1711
30920	31.8149
30930	29.3346
30940	27.195
30950	25.261
30960	35.1807
30970	31.8475
30980	29.3217
30990	27.207
31000	25.2544
31010	35.1744
31020	31.8
31030	29.3201
31040	27.2383
31050	25.2461
31060	35.1664
31070	31.8207
31080	29.3825
31090	27.251
31100	25.2208
31110	35.1413
31120	31.8247
31130	29.4088
31140	27.2962
31150	25.1885
31160	35.1092
31170	31.8191
31180	29.3703
31190	27.2817
31200	25.1984
31210	35.1192
31220	31.8492
31230	29.3438
31240	27.2735
31250	25.2079
31260	35.1287
31270	31.8812
31280	29.3267
31290	27.2673
31300	25.2079
31310	35.1287
31320	31.8812
31330	29.3268
31340	27.2696
31350	25.1982
31360	35.1193
31370	31.8422
31380	29.3294
31390	27.3176
31400	25.2071
31410	35.1282
31420	31.8343
31430	29.3294
31440	27.3175
31450	25.2068
31460	35.128
31470	31.8442
31480	29.2965
31490	27.3032
31500	25.2165
31510	35.1379
31520	31.874
31530	29.3037
31540	27.2753
31550	25.2063
31560	35.1277
31570	31.8862
31580	29.3364
31590	27.2869
31600	25.1999
31610	35.1216
31620	31.8395
31630	29.3346
31640	27.319
31650	25.2055
31660	35.1272
31670	31.8395
31680	29.3346
31690	27.319
31700	25.2051
31710	35.127
31720	31.8493
31730	29.302
31740	27.3047
31750	25.2161
31760	35.1383
31770	31.8594
31780	29.3098
31790	27.3541
31800	25.2139
31810	35.1365
31820	31.8403
31830	29.3033
31840	27.3432
31850	25.1838
31860	35.1064
31870	31.8764
31880	29.3217
31890	27.3685
31900	25.1899
31910	35.113
31920	31.8654
31930	29.2885
31940	27.3846
31950	25.1923
31960	35.1154
31970	31.8654
31980	29.2885
31990	27.3846
32000	25.192
32010	35.1152
32020	31.875
32030	29.2564
32040	27.3704
32050	25.2009
32060	35.1244
32070	31.8829
32080	29.2623
32090	27.3423
32100	25.2199
32110	35.1434
32120	31.8738
32130	29.2734
32140	27.3423
32150	25.2199
32160	35.1434
32170	31.8738
32180	29.2734
32190	27.3423
32200	25.2199
32210	35.1434
32220	31.8738
32230	29.2735
32240	27.3406
32250	25.2295
32260	35.1533
32270	31.8553
32280	29.2952
32290	27.3143
32300	25.2397
32310	35.1636
32320	31.859
32330	29.3206
32340	27.3574
32350	25.2088
32360	35.1329
32370	31.8175
32380	29.3029
32390	27.3624
32400	25.2372
32410	35.1613
32420	31.8027
32430	29.2979
32440	27.3624
32450	25.2372
32460	35.1613
32470	31.8028
32480	29.2966
32490	27.3803
32500	25.243
32510	35.1675
32520	31.7925
32530	29.2642
32540	27.3962
32550	25.2453
32560	35.1698
32570	31.7925
32580	29.2642
32590	27.3962
32600	25.2453
32610	35.1698
32620	31.7925
32630	29.2642
32640	27.3962
32650	25.245
32660	35.1696
32670	31.8019
32680	29.2874
32690	27.3635
32700	25.2353
32710	35.1603
32720	31.8022
32730	29.3137
32740	27.3983
32750	25.2345
32760	35.1595
32770	31.7637
32780	29.3079
32790	27.4193
32800	25.209
32810	35.1341
32820	31.7603
32830	29.3259
32840	27.4542
32850	25.2126
32860	35.1379
32870	31.7831
32880	29.2897
32890	27.4392
32900	25.2146
32910	35.14
32920	31.8038
32930	29.2586
32940	27.4253
32950	25.2229
32960	35.1487
32970	31.821
32980	29.2333
32990	27.384
33000	25.2504
33010	35.1763
33020	31.8404
33030	29.251
33040	27.4077
33050	25.2222
33060	35.1481
33070	31.8333
33080	29.2593
33090	27.4259
33100	25.2222
33110	35.1481
33120	31.8333
33130	29.2593
33140	27.4259
33150	25.2222
33160	35.1481
33170	31.8333
33180	29.2593
33190	27.4259
33200	25.2219
33210	35.148
33220	31.8075
33230	29.2469
33240	27.4307
33250	25.2495
33260	35.1756
33270	31.793
33280	29.2421
33290	27.4307
33300	25.2495
33310	35.1758
33320	31.7874
33330	29.2212
33340	27.4333
33350	25.2854
33360	35.2118
33370	31.7864
33380	29.1897
33390	27.4217
33400	25.2854
33410	35.2118
33420	31.7864
33430	29.1897
33440	27.4201
33450	25.2947
33460	35.2213
33470	31.7688
33480	29.211
33490	27.3945
33500	25.3039
33510	35.2308
33520	31.7818
33530	29.2581
33540	27.404
33550	25.2648
33560	35.1918
33570	31.7825
33580	29.2383
33590	27.3905
33600	25.2736
33610	35.201
33620	31.8174
33630	29.2371
33640	27.38
33650	25.245
33660	35.1724
33670	31.8512
33680	29.2559
33690	27.3866
33700	25.245
33710	35.1724
33720	31.8512
33730	29.2559
33740	27.3876
33750	25.2514
33760	35.1789
33770	31.8732
33780	29.221
33790	27.3732
33800	25.2533
33810	35.181
33820	31.8587
33830	29.209
33840	27.3779
33850	25.2803
33860	35.208
33870	31.8445
33880	29.2043
33890	27.3779
33900	25.2803
33910	35.208
33920	31.8354
33930	29.2031
33940	27.3883
33950	25.3069
33960	35.2347
33970	31.8051
33980	29.1897
33990	27.3907
34000	25.2822
34010	35.2101
34020	31.8018
34030	29.2073
34040	27.4228
34050	25.2731
34060	35.2015
34070	31.785
34080	29.2473
34090	27.4373
34100	25.2685
34110	35.1969
34120	31.7492
34130	29.2354
34140	27.4418
34150	25.2949
34160	35.2234
34170	31.7104
34180	29.2189
34190	27.4464
34200	25.3214
34210	35.2501
34220	31.6875
34230	29.213
34240	27.4566
34250	25.3476
34260	35.2763
34270	31.6578
34280	29.1998
34290	27.434
34300	25.341
34310	35.2698
34320	31.6726
34330	29.2349
34340	27.4209
34350	25.3443
34360	35.2733
34370	31.6376
34380	29.2185
34390	27.4245
34400	25.3656
34410	35.2947
34420	31.645
34430	29.2422
34440	27.4645
34450	25.3369
34460	35.266
34470	31.6312
34480	29.2376
34490	27.4645
34500	25.3368
34510	35.2662
34520	31.6295
34530	29.2585
34540	27.4716
34550	25.3263
34560	35.2557
34570	31.6049
34580	29.2769
34590	27.478
34600	25.3263
34610	35.2557
34620	31.6049
34630	29.2769
34640	27.4754
34650	25.329
34660	35.2585
34670	31.6232
34680	29.3134
34690	27.4472
34700	25.3169
34710	35.2465
34720	31.6197
34730	29.3134
34740	27.4472
34750	25.3169
34760	35.2465
34770	31.6197
34780	29.3134
34790	27.4472
34800	25.3169
34810	35.2466
34820	31.6233
34830	29.2945
34840	27.4396
34850	25.3251
34860	35.2548
34870	31.6521
34880	29.2743
34890	27.4349
34900	25.3362
34910	35.266
34920	31.6842
34930	29.2456
34940	27.4211
34950	25.3333
34960	35.2632
34970	31.6842
34980	29.2456
34990	27.4211
35000	25.3333
35010	35.2632
35020	31.6842
35030	29.2456
35040	27.421
35050	25.333
35060	35.263
35070	31.6931
35080	29.2672
35090	27.3905
35100	25.324
35110	35.254
35120	31.7023
35130	29.2929
35140	27.4128
35150	25.2972
35160	35.2273
35170	31.6959
35180	29.2975
35190	27.4386
35200	25.3262
35210	35.2565
35220	31.6899
35230	29.2509
35240	27.4201
35250	25.3189
35260	35.2494
35270	31.7083
35280	29.3056
35290	27.4305
35300	25.2962
35310	35.227
35320	31.7207
35330	29.2996
35340	27.4567
35350	25.2768
35360	35.2076
35370	31.7301
35380	29.2907
35390	27.4567
35400	25.2768
35410	35.2077
35420	31.7335
35430	29.2721
35440	27.4493
35450	25.285
35460	35.2159
35470	31.7617
35480	29.2523
35490	27.4446
35500	25.2959
35510	35.2269
35520	31.7931
35530	29.2242
35540	27.4285
35550	25.2957
35560	35.2269
35570	31.8107
35580	29.2599
35590	27.401
35600	25.2837
35610	35.215
35620	31.8159
35630	29.2811
35640	27.3711
35650	25.2743
35660	35.2058
35670	31.806
35680	29.3052
35690	27.3459
35700	25.2911
35710	35.2227
35720	31.8013
35730	29.3258
35740	27.3216
35750	25.282
35760	35.2137
35770	31.812
35780	29.3504
35790	27.3162
35800	25.282
35810	35.2137
35820	31.812
35830	29.3505
35840	27.3138
35850	25.2846
35860	35.2164
35870	31.8293
35880	29.3857
35890	27.2867
35900	25.273
35910	35.2048
35920	31.8259
35930	29.3857
35940	27.2867
35950	25.2724
35960	35.2044
35970	31.8107
35980	29.3457
35990	27.2789
