10	5
20	5
30	5
40	5
50	5
60	5
70	8.33333
80	15
90	18.3333
100	28.3333
110	26.6667
120	23.3333
130	20
140	20.1667
150	21.1667
160	23
170	33
180	32.5
190	30
200	27.6
210	23.3
220	33.3
230	32.4
240	30.4
250	28
260	26.0667
270	24.8667
280	25.6
290	35.6
300	30
310	26.6667
320	26.6667
330	26.6667
340	26.6667
350	25
360	35
370	31.6667
380	28.5238
390	27.1905
400	26
410	36
420	31.4286
430	27.1429
440	25.619
450	27.4286
460	27.3968
470	24.4444
480	21.1111
490	24.4444
500	24.4444
510	24.4444
520	26.6667
530	36.6667
540	33.3333
550	30
560	23.2
570	23.6
580	33.6
590	31.6
600	31.4222
610	29.4222
620	27.4222
630	26
640	27
650	37
660	31
670	27
680	25
690	23
700	26
710	27
720	37
730	31
740	27
750	25
760	23
770	26
780	27
790	37
800	30.6727
810	26.9636
820	25.6727
830	22.0364
840	25.4545
850	26.3706
860	25.8392
870	35.8392
880	31.993
890	28.5385
900	29.3077
910	25.4615
920	23.8462
930	33.8462
940	30
950	28.4615
960	27.6923
970	23.8462
980	24.6374
990	25.6044
1000	35.6044
1010	28.1978
1020	26.4286
1030	27.8571
1040	25
1050	25.2521
1060	26.2605
1070	23.9076
1080	33.9076
1090	30
1100	27.7614
1110	26.1928
1120	28.0719
1130	26.4052
1140	26.1111
1150	27.1556
1160	37.1556
1170	32.2611
1180	24.9944
1190	26.9944
1200	26.4944
1210	26.5405
1220	36.5405
1230	31.8119
1240	28.2952
1250	26.6667
1260	27.1429
1270	37.1429
1280	32.7267
1290	26.5528
1300	27.4762
1310	26.9565
1320	36.9565
1330	31.7391
1340	26.5217
1350	27.8261
1360	26.9565
1370	36.9565
1380	31.7391
1390	26.5217
1400	27.8261
1410	26.9565
1420	36.9565
1430	31.7391
1440	26.5217
1450	27.8261
1460	26.9565
1470	36.9565
1480	31.7391
1490	26.5217
1500	27.8261
1510	26.9565
1520	36.9565
1530	31.7391
1540	26.5217
1550	27.8261
1560	26.9565
1570	36.9565
1580	31.7391
1590	26.5217
1600	27.8261
1610	26.9565
1620	36.9565
1630	31.7391
1640	26.6191
1650	27.5583
1660	26.1461
1670	36.1461
1680	32
1690	28
1700	28
1710	26
1720	36
1730	32
1740	28
1750	28
1760	25.9743
1770	35.9743
1780	31.8657
1790	27.7
1800	27.1429
1810	26.4143
1820	36.4143
1830	32.4905
1840	27.7905
1850	26.3333
1860	26.3333
1870	36.3333
1880	33
1890	28
1900	26.3333
1910	26.3333
1920	36.3333
1930	33
1940	28.0387
1950	26.4774
1960	25.8581
1970	35.8581
1980	32.9032
1990	28.3871
2000	27.1241
2010	25.998
2020	35.998
2030	32.6256
2040	27.5758
2050	26.9697
2060	26.3636
2070	36.3636
2080	32.7273
2090	27.5758
2100	26.9697
2110	26.3636
2120	36.3636
2130	32.7273
2140	27.5758
2150	26.9697
2160	26.3636
2170	36.3636
2180	32.7273
2190	27.5758
2200	26.9697
2210	26.3636
2220	36.3636
2230	32.7273
2240	27.4938
2250	26.975
2260	26.5187
2270	36.5187
2280	33.2353
2290	27.0588
2300	26.7647
2310	26.4706
2320	36.4706
2330	33.2353
2340	27.0588
2350	26.7647
2360	26.4592
2370	36.4592
2380	33.5033
2390	27.0425
2400	26.1111
2410	26.3889
2420	26.3889
2430	23.8889
2440	25
2450	35
2460	31.6667
2470	30
2480	27.5135
2490	26.4745
2500	36.4745
2510	29.2312
2520	29.5015
2530	28.1081
2540	27.3179
2550	37.3179
2560	29.926
2570	27.9495
2580	28.4758
2590	27.3684
2600	23.7018
2610	24.3009
2620	24.9609
2630	24.9609
2640	24.8718
2650	34.8718
2660	33.3333
2670	30
2680	26.1538
2690	25.8974
2700	25.8974
2710	24.359
2720	25.1282
2730	35.1282
2740	31.7949
2750	29.4872
2760	27.9487
2770	26.4234
2780	36.4234
2790	30.0657
2800	29.3921
2810	28.2927
2820	26.0976
2830	36.0976
2840	30.2967
2850	29.0052
2860	28.1707
2870	26.1905
2880	36.1905
2890	30.7143
2900	28.7619
2910	27.8658
2920	26.2208
2930	36.2208
2940	31.3636
2950	28.8636
2960	27.4865
2970	26.2969
2980	36.2969
2990	31.4468
3000	28.7234
3010	27.0213
3020	26.3743
3030	36.3743
3040	31.3239
3050	28.8602
3060	26.7347
3070	26.5465
3080	36.5465
3090	31.3567
3100	29.2539
3110	27.2
3120	26.2
3130	36.2
3140	31.2
3150	29.2
3160	27.2
3170	26.2
3180	36.2
3190	31.2
3200	29.2188
3210	27.2847
3220	25.9176
3230	35.9176
3240	31.1765
3250	29.4118
3260	27.6176
3270	25.9072
3280	35.9072
3290	31.3824
3300	29.8077
3310	27.3077
3320	25.7692
3330	35.7692
3340	31.3462
3350	29.8077
3360	27.3077
3370	25.7649
3380	35.7649
3390	31.4452
3400	29.4858
3410	27.1698
3420	25.8491
3430	35.8491
3440	31.6981
3450	29.434
3460	27.1698
3470	25.8491
3480	35.8491
3490	31.6981
3500	29.4521
3510	26.9923
3520	25.7722
3530	35.7722
3540	31.8519
3550	29.8148
3560	26.8519
3570	25.7407
3580	35.7407
3590	31.8519
3600	29.8148
3610	26.8519
3620	25.7507
3630	35.7507
3640	32.0503
3650	30.2626
3660	26.9643
3670	25.3531
3680	35.3531
3690	32.0495
3700	30.0517
3710	26.8421
3720	25.4386
3730	35.4386
3740	32.3125
3750	30.1038
3760	26.6028
3770	25.3448
3780	35.3448
3790	32.4138
3800	30.3612
3810	26.6335
3820	25.111
3830	35.111
3840	32.3729
3850	30.5085
3860	26.9582
3870	24.9412
3880	34.9412
3890	32.365
3900	30.6667
3910	27.3333
3920	24.8456
3930	34.8456
3940	32.4235
3950	30.8678
3960	27.7049
3970	24.5902
3980	34.5902
3990	32.2951
4000	30.8197
4010	27.7049
4020	24.5902
4030	34.5902
4040	32.2951
4050	30.8197
4060	27.7049
4070	24.5902
4080	34.5902
4090	32.2951
4100	30.8197
4110	27.7049
4120	24.5902
4130	34.5902
4140	32.2951
4150	30.8197
4160	27.7049
4170	24.5902
4180	34.5902
4190	32.2951
4200	30.8197
4210	27.7049
4220	24.5859
4230	34.5859
4240	32.3662
4250	30.9981
4260	27.4194
4270	24.5237
4280	34.5237
4290	32.5706
4300	31.0318
4310	27.6562
4320	24.375
4330	34.375
4340	32.6815
4350	31.024
4360	27.4377
4370	24.3077
4380	34.3077
4390	32.7692
4400	31.2448
4410	27.4573
4420	24.4755
4430	34.4755
4440	32.4242
4450	31.0606
4460	27.4403
4470	24.6524
4480	34.6524
4490	32.2888
4500	30.5882
4510	27.3529
4520	24.8601
4530	34.8601
4540	32.4958
4550	30.5118
4560	27.5714
4570	24.7107
4580	34.7107
4590	32.6328
4600	30.1807
4610	27.4648
4620	24.7887
4630	34.7887
4640	32.8402
4650	30.224
4660	27.643
4670	24.5833
4680	34.5833
4690	32.7778
4700	30.2778
4710	27.7778
4720	24.5833
4730	34.5833
4740	32.7778
4750	30.2778
4760	27.7846
4770	24.6336
4780	34.6336
4790	32.4931
4800	30.137
4810	27.8082
4820	24.8009
4830	34.8009
4840	32.5971
4850	30.459
4860	27.8667
4870	24.5333
4880	34.5333
4890	32.5333
4900	30.5333
4910	27.8667
4920	24.5333
4930	34.5333
4940	32.5333
4950	30.5333
4960	27.8667
4970	24.5333
4980	34.5333
4990	32.5333
5000	30.5333
5010	27.8667
5020	24.5333
5030	34.5333
5040	32.5333
5050	30.5333
5060	27.8733
5070	24.5821
5080	34.5821
5090	32.2621
5100	30.3947
5110	27.8947
5120	24.7301
5130	34.7301
5140	32.1083
5150	30.4423
5160	27.6923
5170	24.8686
5180	34.8686
5190	31.8692
5200	30.4155
5210	27.7215
5220	25.0633
5230	35.0633
5240	31.7954
5250	30.2389
5260	27.6661
5270	25.125
5280	35.125
5290	32
5300	30.125
5310	27.625
5320	25.125
5330	35.125
5340	32
5350	30.125
5360	27.625
5370	25.125
5380	35.125
5390	32
5400	30.125
5410	27.625
5420	25.1219
5430	35.1219
5440	32.0585
5450	30.2685
5460	27.4074
5470	25.0587
5480	35.0587
5490	32.1558
5500	30.5104
5510	27.1951
5520	25
5530	35
5540	32.1951
5550	30.6098
5560	27.1951
5570	25
5580	35
5590	32.1951
5600	30.6209
5610	27.2515
5620	24.8378
5630	34.8378
5640	32.1687
5650	30.7229
5660	27.4824
5670	24.762
5680	34.762
5690	32.3019
5700	30.5882
5710	27.6471
5720	24.7059
5730	34.7059
5740	32.3529
5750	30.5882
5760	27.6471
5770	24.7145
5780	34.7145
5790	32.4161
5800	30.7308
5810	27.907
5820	24.5349
5830	34.5349
5840	32.3644
5850	30.6332
5860	27.9995
5870	24.4318
5880	34.4318
5890	32.5
5900	30.5894
5910	28.1672
5920	24.4096
5930	34.4096
5940	32.2222
5950	30.5556
5960	28.3387
5970	24.3546
5980	34.3546
5990	32.2183
6000	30.6593
6010	28.5714
6020	24.2857
6030	34.2857
6040	32.1978
6050	30.6593
6060	28.5714
6070	24.2857
6080	34.2857
6090	32.1978
6100	30.6593
6110	28.5714
6120	24.2857
6130	34.2857
6140	32.1589
6150	30.7048
6160	28.7573
6170	24.3011
6180	34.3011
6190	31.9355
6200	30.6452
6210	28.8172
6220	24.3011
6230	34.3011
6240	31.9355
6250	30.6452
6260	28.8222
6270	24.3432
6280	34.3432
6290	32.0618
6300	30.4255
6310	28.7234
6320	24.3617
6330	34.3617
6340	32.1277
6350	30.4255
6360	28.7234
6370	24.3631
6380	34.3631
6390	32.077
6400	30.2858
6410	28.7394
6420	25.0515
6430	25.1546
6440	25.6595
6450	24.0619
6460	25.0905
6470	25.3535
6480	25.6566
6490	23.9394
6500	25.0395
6510	25.2813
6520	25.69
6530	24.1584
6540	25.0495
6550	25.1485
6560	25.6436
6570	24.1584
6580	25.0495
6590	25.1485
6600	25.6436
6610	24.1584
6620	25.0583
6630	25.0985
6640	25.4815
6650	24.1748
6660	25.2427
6670	25.1456
6680	25.4271
6690	24.115
6700	25.2766
6710	25.3333
6720	25.4286
6730	24
6740	25.2381
6750	25.3333
6760	25.4286
6770	24
6780	25.2381
6790	25.3333
6800	25.4286
6810	24
6820	25.2381
6830	25.3333
6840	25.4286
6850	24
6860	25.2381
6870	25.3333
6880	25.4286
6890	24
6900	25.2381
6910	25.3333
6920	25.4191
6930	24.0547
6940	25.1772
6950	25.4206
6960	25.3271
6970	24.1121
6980	25.1484
6990	25.4823
7000	25.2889
7010	23.945
7020	25.1376
7030	25.5963
7040	25.3211
7050	23.945
7060	25.1376
7070	25.5963
7080	25.3211
7090	23.945
7100	25.1376
7110	25.5963
7120	25.3211
7130	23.945
7140	25.1376
7150	25.5963
7160	25.3258
7170	23.9807
7180	25.2173
7190	25.4545
7200	25.2727
7210	24
7220	25.2767
7230	25.3769
7240	25.2455
7250	24.0541
7260	25.4054
7270	25.3153
7280	25.2165
7290	24.1046
7300	25.5401
7310	25.3097
7320	25.0442
7330	24.0708
7340	25.5789
7350	25.3405
7360	25.1245
7370	23.9474
7380	25.5263
7390	25.3509
7400	25.1799
7410	23.8767
7420	25.496
7430	25.3913
7440	25.3043
7450	23.8261
7460	25.4783
7470	25.3913
7480	25.3043
7490	23.8261
7500	25.4783
7510	25.3913
7520	25.2915
7530	23.8429
7540	25.5346
7550	25.5172
7560	25.1724
7570	23.7931
7580	25.5172
7590	25.5172
7600	25.1724
7610	23.7931
7620	25.5172
7630	25.5172
7640	25.1768
7650	23.7241
7660	25.4872
7670	25.5556
7680	25.2991
7690	23.6752
7700	25.4736
7710	25.5842
7720	25.3756
7730	23.5593
7740	25.4237
7750	25.5932
7760	25.4155
7770	23.6105
7780	25.3661
7790	25.6667
7800	25.3333
7810	23.6667
7820	25.3368
7830	25.5949
7840	25.3085
7850	23.719
7860	25.4545
7870	25.5372
7880	25.2935
7890	23.6533
7900	25.4261
7910	25.5738
7920	25.4098
7930	23.6066
7940	25.4164
7950	25.5312
7960	25.4574
7970	23.5484
7980	25.4839
7990	25.4839
8000	25.4759
8010	23.5973
8020	25.4286
8030	25.5556
8040	25.3968
8050	23.6508
8060	25.3843
8070	25.5663
8080	25.4516
8090	23.7795
8100	25.2756
8110	25.5118
8120	25.437
8130	23.8108
8140	25.3434
8150	25.3906
8160	25.3906
8170	23.8281
8180	25.3939
8190	25.3241
8200	25.3668
8210	23.876
8220	25.5039
8230	25.2713
8240	25.345
8250	23.8594
8260	25.592
8270	25.303
8280	25.303
8290	23.7879
8300	25.6061
8310	25.303
8320	25.303
8330	23.7879
8340	25.6061
8350	25.303
8360	25.3105
8370	23.7574
8380	25.4785
8390	25.2985
8400	25.4478
8410	23.806
8420	25.4478
8430	25.2985
8440	25.4478
8450	23.806
8460	25.4478
8470	25.2985
8480	25.4478
8490	23.806
8500	25.4478
8510	25.2985
8520	25.4478
8530	23.806
8540	25.4509
8550	25.2353
8560	25.4247
8570	23.8519
8580	25.5556
8590	25.1852
8600	25.4074
8610	23.8519
8620	25.5556
8630	25.1852
8640	25.4074
8650	23.8519
8660	25.5556
8670	25.1852
8680	25.4074
8690	23.8519
8700	25.5556
8710	25.1852
8720	25.411
8730	23.7927
8740	25.53
8750	25.2206
8760	25.5147
8770	23.75
8780	25.5177
8790	25.2461
8800	25.4186
8810	23.7226
8820	25.5474
8830	25.3285
8840	25.4015
8850	23.7226
8860	25.5474
8870	25.3285
8880	25.4015
8890	23.7226
8900	25.5389
8910	25.3641
8920	25.3573
8930	23.813
8940	25.4676
8950	25.3957
8960	25.3309
8970	23.8691
8980	25.4328
8990	25.2482
9000	25.3191
9010	23.9716
9020	25.464
9030	25.2728
9040	25.2272
9050	23.9437
9060	25.493
9070	25.3521
9080	25.2113
9090	23.9437
9100	25.493
9110	25.3521
9120	25.2113
9130	23.9437
9140	25.4959
9150	25.3763
9160	25.1207
9170	23.9161
9180	25.5245
9190	25.4545
9200	25.112
9210	23.8868
9220	25.4071
9230	25.4483
9240	25.2414
9250	23.931
9260	25.3685
9270	25.4579
9280	25.2895
9290	24.0411
9300	25.274
9310	25.411
9320	25.2638
9330	24.0539
9340	25.3195
9350	25.5102
9360	25.1701
9370	24.0136
9380	25.3061
9390	25.5102
9400	25.1701
9410	24.0136
9420	25.3061
9430	25.5102
9440	25.1701
9450	24.0136
9460	25.3061
9470	25.5102
9480	25.1701
9490	24.0136
9500	25.3091
9510	25.533
9520	25.0826
9530	23.9865
9540	25.3378
9550	25.6081
9560	25.0711
9570	24.0123
9580	25.248
9590	25.5705
9600	25.1007
9610	24.094
9620	25.2275
9630	25.6015
9640	25.0623
9650	24.1722
9660	25.1656
9670	25.6291
9680	25.0366
9690	24.1971
9700	25.0783
9710	25.5921
9720	25.0658
9730	24.2763
9740	25.0658
9750	25.5921
9760	25.0658
9770	24.2763
9780	25.0658
9790	25.5921
9800	25.0562
9810	24.2878
9820	25.1104
9830	25.6863
9840	24.9673
9850	24.2484
9860	25.098
9870	25.6863
9880	24.9673
9890	24.2484
9900	25.098
9910	25.6863
9920	24.9673
9930	24.2484
9940	25.098
9950	25.6863
9960	24.9673
9970	24.2484
9980	25.088
9990	25.6946
10000	25.0139
10010	24.3506
10020	25
10030	25.6493
10040	24.9974
10050	24.3327
10060	24.9402
10070	25.7325
10080	25.0318
10090	24.3312
10100	24.8948
10110	25.7402
10120	25.0768
10130	24.4304
10140	24.8101
10150	25.6962
10160	25.0541
10170	24.4412
10180	24.8542
10190	25.7862
10200	24.9686
10210	24.4025
10220	24.8428
10230	25.7862
10240	24.9686
10250	24.4025
10260	24.8428
10270	25.7862
10280	24.9686
10290	24.4025
10300	24.8428
10310	25.7862
10320	24.9686
10330	24.4025
10340	24.8487
10350	25.8259
10360	24.9455
10370	24.2857
10380	24.8447
10390	25.9006
10400	24.9689
10410	24.2857
10420	24.8447
10430	25.9006
10440	24.9689
10450	24.2857
10460	24.8505
10470	25.8657
10480	25.0078
10490	24.2331
10500	24.908
10510	25.8282
10520	25.0307
10530	24.2331
10540	24.908
10550	25.8282
10560	25.0307
10570	24.2331
10580	24.908
10590	25.8282
10600	25.0307
10610	24.2331
10620	24.908
10630	25.8282
10640	25.0307
10650	24.2331
10660	24.908
10670	25.8282
10680	25.0307
10690	24.2331
10700	24.9108
10710	25.8477
10720	24.9522
10730	24.2073
10740	24.939
10750	25.9146
10760	24.939
10770	24.2073
10780	24.939
10790	25.9146
10800	24.939
10810	24.2073
10820	24.939
10830	25.9146
10840	24.939
10850	24.2073
10860	24.939
10870	25.9146
10880	24.9456
10890	24.1804
10900	24.9736
10910	25.8434
10920	25
10930	24.1566
10940	24.9935
10950	25.8696
10960	24.9663
10970	24.2262
10980	24.9405
10990	25.8929
11000	24.9405
11010	24.2262
11020	24.9405
11030	25.8929
11040	24.9405
11050	24.2262
11060	24.9314
11070	25.8998
11080	24.9831
11090	24.3195
11100	24.8521
11110	25.858
11120	24.9736
11130	24.3415
11140	24.9047
11150	25.7647
11160	24.9412
11170	24.3529
11180	24.9412
11190	25.7647
11200	24.9412
11210	24.3529
11220	24.9412
11230	25.7647
11240	24.939
11250	24.3365
11260	24.8873
11270	25.8381
11280	24.9711
11290	24.3353
11300	24.8555
11310	25.8381
11320	24.9711
11330	24.3353
11340	24.8555
11350	25.8381
11360	24.9711
11370	24.3353
11380	24.8555
11390	25.8381
11400	24.9711
11410	24.3353
11420	24.8495
11430	25.8631
11440	25.0643
11450	24.3429
11460	24.7429
11470	25.8286
11480	25.0857
11490	24.3429
11500	24.7429
11510	25.8286
11520	25.0857
11530	24.3429
11540	24.7456
11550	25.8465
11560	25.1372
11570	24.2614
11580	24.7159
11590	25.8523
11600	25.1705
11610	24.2614
11620	24.7159
11630	25.8523
11640	25.1705
11650	24.2614
11660	24.7213
11670	25.8875
11680	25.1481
11690	24.1573
11700	24.7191
11710	25.9551
11720	25.1634
11730	24.1889
11740	24.6861
11750	26
11760	25.1111
11770	24.2222
11780	24.6693
11790	25.9507
11800	25.0949
11810	24.2541
11820	24.7514
11830	25.9116
11840	25.0858
11850	24.275
11860	24.68
11870	25.8791
11880	25.1099
11890	24.3407
11900	24.6703
11910	25.8791
11920	25.1099
11930	24.3407
11940	24.6703
11950	25.8791
11960	25.1128
11970	24.3613
11980	24.72
11990	25.7924
12000	25.082
12010	24.3716
12020	24.7567
12030	25.8096
12040	25.0116
12050	24.3478
12060	24.7826
12070	25.8696
12080	25
12090	24.3478
12100	24.7826
12110	25.8696
12120	25
12130	24.3478
12140	24.7744
12150	25.8758
12160	25.0385
12170	24.4324
12180	24.7027
12190	25.8378
12200	25.027
12210	24.4324
12220	24.7027
12230	25.8378
12240	25.027
12250	24.4324
12260	24.7053
12270	25.8548
12280	24.9576
12290	24.4086
12300	24.7312
12310	25.914
12320	24.9462
12330	24.4086
12340	24.7312
12350	25.914
12360	24.9462
12370	24.4086
12380	24.7338
12390	25.8665
12400	24.9311
12410	24.4385
12420	24.8128
12430	25.8289
12440	24.9198
12450	24.4385
12460	24.8128
12470	25.8289
12480	24.9198
12490	24.4385
12500	24.8128
12510	25.8289
12520	24.9198
12530	24.4385
12540	24.8128
12550	25.8289
12560	24.915
12570	24.4035
12580	24.8338
12590	25.9259
12600	24.9206
12610	24.3386
12620	24.8148
12630	25.9259
12640	24.9206
12650	24.3386
12660	24.8148
12670	25.9259
12680	24.9264
12690	24.3148
12700	24.7307
12710	25.9162
12720	25.0262
12730	24.3456
12740	24.717
12750	25.8864
12760	25.0584
12770	24.3005
12780	24.7668
12790	25.8549
12800	25.0805
12810	24.32
12820	24.8133
12830	25.7732
12840	25.0515
12850	24.3299
12860	24.8478
12870	25.7896
12880	25.0982
12890	24.2564
12900	24.8205
12910	25.7949
12920	25.1309
12930	24.2758
12940	24.8664
12950	25.7143
12960	25.102
12970	24.2857
12980	24.9003
12990	25.7307
13000	25.0364
13010	24.264
13020	24.9239
13030	25.7868
13040	25.0254
13050	24.264
13060	24.9239
13070	25.7868
13080	25.0254
13090	24.264
13100	24.9286
13110	25.7587
13120	25.0568
13130	24.2211
13140	24.9749
13150	25.7286
13160	25.0707
13170	24.1892
13180	24.9935
13190	25.8209
13200	25.0746
13210	24.1294
13220	24.9698
13230	25.8426
13240	25.1546
13250	24.1379
13260	24.8768
13270	25.8128
13280	25.175
13290	24.1568
13300	24.8128
13310	25.7843
13320	25.1961
13330	24.2157
13340	24.8039
13350	25.7843
13360	25.1961
13370	24.2157
13380	24.8039
13390	25.7843
13400	25.1987
13410	24.1758
13420	24.7893
13430	25.8049
13440	25.2683
13450	24.1463
13460	24.7828
13470	25.762
13480	25.2535
13490	24.1748
13500	24.8544
13510	25.7282
13520	25.2453
13530	24.1933
13540	24.8977
13550	25.6522
13560	25.2174
13570	24.2029
13580	24.9224
13590	25.6737
13600	25.2938
13610	24.2105
13620	24.8325
13630	25.6459
13640	25.3135
13650	24.1717
13660	24.8183
13670	25.6667
13680	25.381
13690	24.1429
13700	24.8095
13710	25.6667
13720	25.381
13730	24.1429
13740	24.8095
13750	25.6667
13760	25.381
13770	24.1429
13780	24.8095
13790	25.6667
13800	25.381
13810	24.1429
13820	24.8117
13830	25.625
13840	25.3661
13850	24.1706
13860	24.8815
13870	25.5924
13880	25.3484
13890	24.1794
13900	24.9144
13910	25.6604
13920	25.283
13930	24.1509
13940	24.8984
13950	25.6662
13960	25.3156
13970	24.2254
13980	24.8357
13990	25.6338
14000	25.3052
14010	24.2254
14020	24.8357
14030	25.6338
14040	25.3052
14050	24.2254
14060	24.8285
14070	25.6396
14080	25.3375
14090	24.2991
14100	24.7664
14110	25.6075
14120	25.3319
14130	24.2789
14140	24.6929
14150	25.6019
14160	25.4167
14170	24.3056
14180	24.6759
14190	25.6019
14200	25.4167
14210	24.3056
14220	24.6759
14230	25.6019
14240	25.4122
14250	24.2766
14260	24.6955
14270	25.6881
14280	25.4128
14290	24.2202
14300	24.6811
14310	25.6478
14320	25.3983
14330	24.2466
14340	24.7489
14350	25.6164
14360	25.3928
14370	24.2815
14380	24.7315
14390	25.5204
14400	25.3846
14410	24.3439
14420	24.7554
14430	25.5495
14440	25.3651
14450	24.2601
14460	24.7534
14470	25.6054
14480	25.3812
14490	24.2601
14500	24.7534
14510	25.6054
14520	25.3812
14530	24.2601
14540	24.7487
14550	25.6251
14560	25.3531
14570	24.3111
14580	24.7111
14590	25.6444
14600	25.3268
14610	24.3192
14620	24.7425
14630	25.708
14640	25.2655
14650	24.292
14660	24.7345
14670	25.708
14680	25.2655
14690	24.292
14700	24.7345
14710	25.708
14720	25.2655
14730	24.292
14740	24.7345
14750	25.708
14760	25.2655
14770	24.292
14780	24.7366
14790	25.722
14800	25.2079
14810	24.2731
14820	24.7577
14830	25.7709
14840	25.1982
14850	24.2731
14860	24.7577
14870	25.7709
14880	25.1982
14890	24.2731
14900	24.751
14910	25.7761
14920	25.2289
14930	24.3421
14940	24.693
14950	25.7456
14960	25.2193
14970	24.3421
14980	24.693
14990	25.7456
15000	25.2193
15010	24.3421
15020	24.693
15030	25.7456
15040	25.2193
15050	24.3421
15060	24.693
15070	25.7456
15080	25.2152
15090	24.3142
15100	24.7112
15110	25.8261
15120	25.2174
15130	24.2609
15140	24.6957
15150	25.8261
15160	25.2174
15170	24.2609
15180	24.6957
15190	25.8261
15200	25.2197
15210	24.2774
15220	24.735
15230	25.7576
15240	25.1948
15250	24.2857
15260	24.766
15270	25.7849
15280	25.1775
15290	24.206
15300	24.764
15310	25.8369
15320	25.1892
15330	24.2301
15340	24.7386
15350	25.8723
15360	25.1489
15370	24.2553
15380	24.7254
15390	25.8348
15400	25.1364
15410	24.2797
15420	24.7881
15430	25.8051
15440	25.1294
15450	24.245
15460	24.7755
15470	25.8228
15480	25.1899
15490	24.2194
15500	24.7679
15510	25.8228
15520	25.1899
15530	24.2194
15540	24.7679
15550	25.8228
15560	25.1921
15570	24.1851
15580	24.7554
15590	25.8403
15600	25.2521
15610	24.1597
15620	24.7518
15630	25.8665
15640	25.2352
15650	24.0833
15660	24.75
15670	25.9167
15680	25.2484
15690	24.0737
15700	24.7132
15710	25.9671
15720	25.2675
15730	24.0741
15740	24.6952
15750	25.9433
15760	25.2917
15770	24.0408
15780	24.7347
15790	25.9184
15800	25.3061
15810	24.0408
15820	24.7347
15830	25.9184
15840	25.3061
15850	24.0408
15860	24.7285
15870	25.9229
15880	25.3344
15890	24.1057
15900	24.6748
15910	25.8943
15920	25.3273
15930	24.0729
15940	24.663
15950	25.9109
15960	25.3846
15970	24.0486
15980	24.6516
15990	25.9277
16000	25.3596
16010	24.0964
16020	24.6185
16030	25.9438
16040	25.3414
16050	24.0964
16060	24.6185
16070	25.9438
16080	25.3414
16090	24.0964
16100	24.6185
16110	25.9438
16120	25.3414
16130	24.0964
16140	24.6185
16150	25.9438
16160	25.3435
16170	24.112
16180	24.6549
16190	25.88
16200	25.32
16210	24.12
16220	24.6819
16230	25.8446
16240	25.3077
16250	24.1434
16260	24.741
16270	25.8167
16280	25.293
16290	24.1509
16300	24.769
16310	25.873
16320	25.2381
16330	24.127
16340	24.7619
16350	25.873
16360	25.2381
16370	24.127
16380	24.7619
16390	25.873
16400	25.2381
16410	24.127
16420	24.7619
16430	25.873
16440	25.2381
16450	24.127
16460	24.7638
16470	25.838
16480	25.2262
16490	24.1502
16500	24.8221
16510	25.8103
16520	25.2174
16530	24.1502
16540	24.8221
16550	25.8103
16560	25.2174
16570	24.1502
16580	24.8221
16590	25.8103
16600	25.2174
16610	24.1502
16620	24.8221
16630	25.8103
16640	25.2195
16650	24.1654
16660	24.7709
16670	25.7874
16680	25.2362
16690	24.2126
16700	24.7656
16710	25.7998
16720	25.1851
16730	24.1961
16740	24.7843
16750	25.8431
16760	25.1707
16770	24.2032
16780	24.8117
16790	25.8984
16800	25.1172
16810	24.1797
16820	24.8047
16830	25.8984
16840	25.1172
16850	24.1797
16860	24.8047
16870	25.8984
16880	25.1193
16890	24.1946
16900	24.754
16910	25.8755
16920	25.1362
16930	24.2412
16940	24.7489
16950	25.8876
16960	25.086
16970	24.2248
16980	24.7674
16990	25.9302
17000	25.074
17010	24.2463
17020	24.829
17030	25.9231
17040	25
17050	24.2308
17060	24.8439
17070	25.9057
17080	25.0512
17090	24.2586
17100	24.8289
17110	25.8555
17120	25.0536
17130	24.2342
17140	24.8437
17150	25.9245
17160	25.0566
17170	24.1887
17180	24.8319
17190	25.9363
17200	25.0909
17210	24.1353
17220	24.812
17230	25.9398
17240	25.1148
17250	24.1497
17260	24.7632
17270	25.9176
17280	25.1311
17290	24.1948
17300	24.7583
17310	25.8845
17320	25.1201
17330	24.2164
17340	24.8134
17350	25.8582
17360	25.1119
17370	24.2164
17380	24.8134
17390	25.8582
17400	25.1119
17410	24.2164
17420	24.8077
17430	25.8625
17440	25.1382
17450	24.2751
17460	24.7584
17470	25.8364
17480	25.1341
17490	24.2588
17500	24.6995
17510	25.8303
17520	25.203
17530	24.2804
17540	24.6825
17550	25.8459
17560	25.1808
17570	24.3223
17580	24.652
17590	25.8608
17600	25.1648
17610	24.3223
17620	24.652
17630	25.8608
17640	25.1648
17650	24.3223
17660	24.652
17670	25.8608
17680	25.1648
17690	24.3223
17700	24.652
17710	25.8608
17720	25.1648
17730	24.3223
17740	24.652
17750	25.8608
17760	25.1648
17770	24.3223
17780	24.6483
17790	25.8762
17800	25.223
17810	24.3273
17820	24.5818
17830	25.8545
17840	25.2383
17850	24.2976
17860	24.5715
17870	25.8696
17880	25.2899
17890	24.2754
17900	24.567
17910	25.8807
17920	25.322
17930	24.2238
17940	24.5487
17950	25.8845
17960	25.3377
17970	24.2305
17980	24.5746
17990	25.9353
18000	25.2878
18010	24.2086
18020	24.5683
18030	25.9353
18040	25.2878
18050	24.2086
18060	24.5683
18070	25.9352
18080	25.2844
18090	24.229
18100	24.6266
18110	25.9286
18120	25.2143
18130	24.2143
18140	24.6392
18150	25.9009
18160	25.2284
18170	24.2908
18180	24.6454
18190	25.8511
18200	25.2146
18210	24.2618
18220	24.6352
18230	25.8657
18240	25.265
18250	24.2403
18260	24.6253
18270	25.8805
18280	25.3207
18290	24.2456
18300	24.5614
18310	25.8596
18320	25.3352
18330	24.2171
18340	24.5515
18350	25.8741
18360	25.3846
18370	24.1958
18380	24.5452
18390	25.8684
18400	25.3826
18410	24.2069
18420	24.5517
18430	25.8621
18440	25.376
18450	24.1855
18460	24.5667
18470	25.9247
18480	25.3767
18490	24.1438
18500	24.5548
18510	25.9247
18520	25.3767
18530	24.1438
18540	24.5548
18550	25.9247
18560	25.3753
18570	24.1767
18580	24.5667
18590	25.8983
18600	25.322
18610	24.2034
18620	24.5763
18630	25.8983
18640	25.322
18650	24.2034
18660	24.5763
18670	25.8983
18680	25.3206
18690	24.1953
18700	24.6215
18710	25.906
18720	25.302
18730	24.1611
18740	24.6274
18750	25.88
18760	25.3149
18770	24.2333
18780	24.6333
18790	25.8333
18800	25.3
18810	24.2333
18820	24.6333
18830	25.8333
18840	25.3
18850	24.2333
18860	24.6333
18870	25.8333
18880	25.3
18890	24.2333
18900	24.6333
18910	25.8333
18920	25.3
18930	24.2333
18940	24.6333
18950	25.8333
18960	25.3
18970	24.2333
18980	24.6333
18990	25.8333
19000	25.3
19010	24.2333
19020	24.6333
19030	25.8333
19040	25.2951
19050	24.2395
19060	24.657
19070	25.8804
19080	25.2492
19090	24.2193
19100	24.6527
19110	25.8907
19120	25.2788
19130	24.1722
19140	24.6358
19150	25.894
19160	25.2998
19170	24.1849
19180	24.6658
19190	25.8416
19200	25.2805
19210	24.1914
19220	24.6865
19230	25.8416
19240	25.2805
19250	24.1914
19260	24.6865
19270	25.8416
19280	25.2805
19290	24.1914
19300	24.6865
19310	25.8416
19320	25.2805
19330	24.1914
19340	24.688
19350	25.8519
19360	25.3099
19370	24.1447
19380	24.6711
19390	25.8553
19400	25.3324
19410	24.1701
19420	24.6586
19430	25.7843
19440	25.3268
19450	24.2157
19460	24.6698
19470	25.7982
19480	25.3066
19490	24.2532
19500	24.6429
19510	25.8117
19520	25.2939
19530	24.2657
19540	24.6012
19550	25.7929
19560	25.3074
19570	24.3042
19580	24.597
19590	25.803
19600	25.2652
19610	24.2903
19620	24.6129
19630	25.8387
19640	25.2615
19650	24.2763
19660	24.633
19670	25.8013
19680	25.2885
19690	24.2628
19700	24.6474
19710	25.8013
19720	25.2885
19730	24.2628
19740	24.6474
19750	25.8013
19760	25.2885
19770	24.2628
19780	24.6474
19790	25.8013
19800	25.2885
19810	24.2628
19820	24.652
19830	25.793
19840	25.2654
19850	24.2222
19860	24.6984
19870	25.8095
19880	25.2669
19890	24.2023
19900	24.7115
19910	25.8675
19920	25.2681
19930	24.164
19940	24.7033
19950	25.8871
19960	25.2553
19970	24.1066
19980	24.7022
19990	25.9248
20000	25.2635
20010	24.0872
20020	24.715
20030	25.9813
20040	25.2648
20050	24.0498
20060	24.7041
20070	25.9813
20080	25.2648
20090	24.0498
20100	24.7041
20110	25.9813
20120	25.2603
20130	24.0557
20140	24.7259
20150	26.0248
20160	25.2174
20170	24.0373
20180	24.7219
20190	26.0344
20200	25.2453
20210	23.9938
20220	24.7059
20230	26.0372
20240	25.2632
20250	23.9938
20260	24.7059
20270	26.0372
20280	25.2632
20290	23.9938
20300	24.7059
20310	26.0372
20320	25.2632
20330	23.9938
20340	24.7059
20350	26.0372
20360	25.2648
20370	24.0059
20380	24.6658
20390	26.0185
20400	25.2778
20410	24.0432
20420	24.6572
20430	26.0312
20440	25.3267
20450	24.0491
20460	24.6012
20470	26.0123
20480	25.3374
20490	24.0491
20500	24.6012
20510	26.0123
20520	25.3374
20530	24.0491
20540	24.6041
20550	25.9943
20560	25.2882
20570	24.0549
20580	24.6646
20590	26.0061
20600	25.2744
20610	24.0549
20620	24.6646
20630	26.0061
20640	25.2744
20650	24.0549
20660	24.6646
20670	26.0061
20680	25.2744
20690	24.0549
20700	24.6646
20710	26.0061
20720	25.2716
20730	24.0725
20740	24.6469
20750	26.0303
20760	25.2424
20770	24.0909
20780	24.6332
20790	26.0427
20800	25.2243
20810	24.1265
20820	24.6084
20830	26.0542
20840	25.2125
20850	24.1021
20860	24.5997
20870	26.0661
20880	25.2553
20890	24.0841
20900	24.596
20910	26.0392
20920	25.2462
20930	24.1018
20940	24.6407
20950	26.018
20960	25.2395
20970	24.1018
20980	24.6407
20990	26.018
21000	25.2395
21010	24.1018
21020	24.6435
21030	26.0362
21040	25.2275
21050	24.0476
21060	24.6429
21070	26.0714
21080	25.2381
21090	24.0476
21100	24.6429
21110	26.0714
21120	25.2381
21130	24.0476
21140	24.6397
21150	26.0835
21160	25.2854
21170	24.0533
21180	24.5858
21190	26.0651
21200	25.2974
21210	24.0648
21220	24.5478
21230	26.0472
21240	25.3097
21250	24.1003
21260	24.5442
21270	26.0208
21280	25.3007
21290	24.1176
21300	24.5882
21310	26
21320	25.2957
21330	24.129
21340	24.5505
21350	25.9824
21360	25.3079
21370	24.1642
21380	24.541
21390	25.9855
21400	25.3282
21410	24.2105
21420	24.5029
21430	25.9649
21440	25.3232
21450	24.2218
21460	24.4656
21470	25.9475
21480	25.3353
21490	24.2566
21500	24.4621
21510	25.9564
21520	25.2971
21530	24.2442
21540	24.4767
21550	25.9884
21560	25.2907
21570	24.2442
21580	24.4767
21590	25.9884
21600	25.2907
21610	24.2442
21620	24.4767
21630	25.9884
21640	25.2907
21650	24.2442
21660	24.4767
21670	25.9884
21680	25.2922
21690	24.2553
21700	24.5035
21710	25.942
21720	25.2754
21730	24.2609
21740	24.5217
21750	25.942
21760	25.2754
21770	24.2609
21780	24.5217
21790	25.942
21800	25.2754
21810	24.2609
21820	24.5217
21830	25.942
21840	25.2754
21850	24.2609
21860	24.5188
21870	25.9539
21880	25.3211
21890	24.2651
21900	24.4669
21910	25.9366
21920	25.3314
21930	24.2651
21940	24.4669
21950	25.9366
21960	25.3314
21970	24.2651
21980	24.4683
21990	25.9454
22000	25.3569
22010	24.2241
22020	24.454
22030	25.9483
22040	25.3709
22050	24.2406
22060	24.5011
22070	25.9429
22080	25.3143
22090	24.2286
22100	24.5157
22110	25.9516
22120	25.277
22130	24.2165
22140	24.5299
22150	25.9829
22160	25.2707
22170	24.2165
22180	24.5299
22190	25.9829
22200	25.2707
22210	24.2165
22220	24.527
22230	25.9945
22240	25.3156
22250	24.221
22260	24.4759
22270	25.9773
22280	25.3288
22290	24.2089
22300	24.4321
22310	25.9718
22320	25.3803
22330	24.2254
22340	24.4183
22350	25.9747
22360	25.3995
22370	24.2697
22380	24.382
22390	25.9551
22400	25.3933
22410	24.2697
22420	24.382
22430	25.9551
22440	25.3933
22450	24.2697
22460	24.382
22470	25.9551
22480	25.3933
22490	24.2697
22500	24.382
22510	25.9551
22520	25.3891
22530	24.2749
22540	24.4025
22550	25.9944
22560	25.3501
22570	24.2577
22580	24.4005
22590	25.9778
22600	25.3048
22610	24.2618
22620	24.4568
22630	25.9889
22640	25.2925
22650	24.2618
22660	24.4568
22670	25.9889
22680	25.2925
22690	24.2618
22700	24.4595
22710	26.0056
22720	25.2809
22730	24.2105
22740	24.4598
22750	26.0388
22760	25.2909
22770	24.2105
22780	24.4598
22790	26.0388
22800	25.2909
22810	24.2105
22820	24.4598
22830	26.0388
22840	25.2909
22850	24.2105
22860	24.4598
22870	26.0388
22880	25.2923
22890	24.2212
22900	24.4245
22910	26.0221
22920	25.3039
22930	24.2541
22940	24.4171
22950	26.0002
22960	25.3143
22970	24.3132
22980	24.4231
22990	25.9615
23000	25.3022
23010	24.3132
23020	24.4231
23030	25.9615
23040	25.3022
23050	24.3132
23060	24.4203
23070	25.9399
23080	25.3126
23090	24.3716
23100	24.4262
23110	25.9016
23120	25.3034
23130	24.3597
23140	24.444
23150	25.8696
23160	25.3261
23170	24.3478
23180	24.4579
23190	25.8779
23200	25.3501
23210	24.3089
23220	24.4444
23230	25.8808
23240	25.3687
23250	24.2973
23260	24.4621
23270	25.8491
23280	25.3908
23290	24.2857
23300	24.4703
23310	25.852
23320	25.4092
23330	24.328
23340	24.4355
23350	25.8333
23360	25.4046
23370	24.3383
23380	24.4604
23390	25.7909
23400	25.3887
23410	24.3432
23420	24.4785
23430	25.7992
23440	25.3535
23450	24.3316
23460	24.492
23470	25.8289
23480	25.3437
23490	24.3364
23500	24.5113
23510	25.8667
23520	25.3067
23530	24.32
23540	24.5067
23550	25.8667
23560	25.3067
23570	24.32
23580	24.5067
23590	25.8667
23600	25.3081
23610	24.3302
23620	24.4727
23630	25.8511
23640	25.3191
23650	24.3617
23660	24.4707
23670	25.8356
23680	25.3343
23690	24.3386
23700	24.4974
23710	25.8201
23720	25.3453
23730	24.3487
23740	24.5217
23750	25.7784
23760	25.3298
23770	24.3536
23780	24.5356
23790	25.7895
23800	25.3711
23810	24.357
23820	24.4882
23830	25.7743
23840	25.3781
23850	24.3717
23860	24.4739
23870	25.7963
23880	25.3525
23890	24.3864
23900	24.466
23910	25.8044
23920	25.3755
23930	24.349
23940	24.4531
23950	25.8073
23960	25.3895
23970	24.3425
23980	24.432
23990	25.8398
24000	25.4005
24010	24.3411
24020	24.416
24030	25.8196
24040	25.4098
24050	24.3959
24060	24.4216
24070	25.7841
24080	25.3985
24090	24.3959
24100	24.4216
24110	25.7841
24120	25.3985
24130	24.3959
24140	24.4216
24150	25.7841
24160	25.3985
24170	24.3959
24180	24.4216
24190	25.7841
24200	25.3947
24210	24.4006
24220	24.4403
24230	25.8205
24240	25.359
24250	24.3846
24260	24.4359
24270	25.8205
24280	25.359
24290	24.3846
24300	24.4359
24310	25.8205
24320	25.3565
24330	24.3684
24340	24.4476
24350	25.8673
24360	25.3571
24370	24.3367
24380	24.4388
24390	25.8673
24400	25.3571
24410	24.3367
24420	24.4388
24430	25.8673
24440	25.3534
24450	24.3414
24460	24.4573
24470	25.9033
24480	25.3181
24490	24.3257
24500	24.4529
24510	25.9033
24520	25.3181
24530	24.3257
24540	24.4529
24550	25.9033
24560	25.3143
24570	24.3303
24580	24.4713
24590	25.9391
24600	25.2792
24610	24.3147
24620	24.4695
24630	25.9545
24640	25.2687
24650	24.2677
24660	24.4697
24670	25.9848
24680	25.2741
24690	24.2723
24700	24.4879
24710	26.0202
24720	25.2393
24730	24.2569
24740	24.4861
24750	26.0353
24760	25.2291
24770	24.2105
24780	24.4862
24790	26.0652
24800	25.2358
24810	24.2247
24820	24.4722
24830	26.0848
24840	25.212
24850	24.2394
24860	24.4638
24870	26.0848
24880	25.212
24890	24.2394
24900	24.4638
24910	26.0848
24920	25.2083
24930	24.244
24940	24.4818
24950	26.1194
24960	25.1741
24970	24.2289
24980	24.4776
24990	26.1194
25000	25.1741
25010	24.2289
25020	24.4776
25030	26.1194
25040	25.1755
25050	24.2384
25060	24.4458
25070	26.1042
25080	25.1861
25090	24.268
25100	24.4417
25110	26.1042
25120	25.1861
25130	24.268
25140	24.4417
25150	26.1042
25160	25.1861
25170	24.268
25180	24.4417
25190	26.1042
25200	25.1861
25210	24.268
25220	24.4417
25230	26.1042
25240	25.1861
25250	24.268
25260	24.4417
25270	26.1042
25280	25.1875
25290	24.2477
25300	24.4348
25310	26.1139
25320	25.2228
25330	24.2327
25340	24.4331
25350	26.1286
25360	25.2128
25370	24.1872
25380	24.4335
25390	26.1576
25400	25.223
25410	24.1967
25420	24.4021
25430	26.1425
25440	25.2334
25450	24.226
25460	24.398
25470	26.1425
25480	25.2334
25490	24.226
25500	24.398
25510	26.1425
25520	25.2312
25530	24.24
25540	24.4384
25550	26.1369
25560	25.1834
25570	24.2298
25580	24.4486
25590	26.1247
25600	25.1616
25610	24.2718
25620	24.466
25630	26.1165
25640	25.1421
25650	24.2762
25660	24.4835
25670	26.1501
25680	25.109
25690	24.2615
25700	24.4818
25710	26.1356
25720	25.1237
25730	24.241
25740	24.506
25750	26.1205
25760	25.129
25770	24.2453
25780	24.5233
25790	26.1538
25800	25.0962
25810	24.2308
25820	24.5192
25830	26.1538
25840	25.0962
25850	24.2308
25860	24.5192
25870	26.1538
25880	25.0962
25890	24.2308
25900	24.5192
25910	26.1538
25920	25.0962
25930	24.2308
25940	24.5204
25950	26.161
25960	25.1179
25970	24.1966
25980	24.5084
25990	26.1631
26000	25.1332
26010	24.2058
26020	24.5303
26030	26.1244
26040	25.1196
26050	24.2105
26060	24.5466
26070	26.1316
26080	25.1412
26090	24.1766
26100	24.5346
26110	26.1337
26120	25.1551
26130	24.1766
26140	24.5346
26150	26.1337
26160	25.1551
26170	24.1766
26180	24.5346
26190	26.1337
26200	25.1551
26210	24.1766
26220	24.5346
26230	26.1336
26240	25.1577
26250	24.1664
26260	24.5495
26270	26.1045
26280	25.1781
26290	24.1568
26300	24.5592
26310	26.0928
26320	25.209
26330	24.1745
26340	24.5519
26350	26.0613
26360	25.2148
26370	24.1926
26380	24.5432
26390	26.0094
26400	25.2113
26410	24.2254
26420	24.5551
26430	26.0165
26440	25.2323
26450	24.192
26460	24.5433
26470	26.0187
26480	25.2437
26490	24.1774
26500	24.5534
26510	26.0606
26520	25.2448
26530	24.1492
26540	24.543
26550	26.0422
26560	25.2539
26570	24.1995
26580	24.5476
26590	26.0093
26600	25.2449
26610	24.2085
26620	24.5688
26630	25.9722
26640	25.2315
26650	24.213
26660	24.5833
26670	25.9722
26680	25.2315
26690	24.213
26700	24.5833
26710	25.9722
26720	25.2327
26730	24.1941
26740	24.5767
26750	25.9815
26760	25.2656
26770	24.1801
26780	24.5728
26790	25.9815
26800	25.2656
26810	24.1801
26820	24.5728
26830	25.9815
26840	25.2668
26850	24.189
26860	24.5938
26870	25.9447
26880	25.2535
26890	24.1936
26900	24.6094
26910	25.9518
26920	25.2741
26930	24.1609
26940	24.5977
26950	25.954
26960	25.2886
26970	24.1698
26980	24.6186
26990	25.9174
27000	25.2752
27010	24.1743
27020	24.633
27030	25.9174
27040	25.2752
27050	24.1743
27060	24.633
27070	25.9174
27080	25.2752
27090	24.1743
27100	24.633
27110	25.9174
27120	25.2752
27130	24.1743
27140	24.633
27150	25.9174
27160	25.2752
27170	24.1743
27180	24.633
27190	25.9174
27200	25.2752
27210	24.1743
27220	24.633
27230	25.9174
27240	25.2752
27250	24.1743
27260	24.633
27270	25.9174
27280	25.2752
27290	24.1743
27300	24.633
27310	25.9174
27320	25.2719
27330	24.1786
27340	24.6493
27350	25.9497
27360	25.2403
27370	24.1648
27380	24.6475
27390	25.9637
27400	25.231
27410	24.123
27420	24.6469
27430	25.9909
27440	25.2359
27450	24.1273
27460	24.663
27470	26.0227
27480	25.2045
27490	24.1136
27500	24.6591
27510	26.0227
27520	25.2045
27530	24.1136
27540	24.6591
27550	26.0227
27560	25.2058
27570	24.1224
27580	24.6298
27590	26.0091
27600	25.2154
27610	24.1497
27620	24.6269
27630	26.016
27640	25.2358
27650	24.1176
27660	24.6154
27670	26.0181
27680	25.2468
27690	24.1306
27700	24.6519
27710	26.0135
27720	25.2027
27730	24.1216
27740	24.6632
27750	26.0204
27760	25.223
27770	24.0899
27780	24.6517
27790	26.0225
27800	25.2339
27810	24.0759
27820	24.661
27830	26.0626
27840	25.2349
27850	24.0492
27860	24.6543
27870	26.0694
27880	25.255
27890	24.0179
27900	24.6429
27910	26.0714
27920	25.2715
27930	24.0173
27940	24.6278
27950	26.031
27960	25.2993
27970	24.0355
27980	24.6341
27990	26.031
28000	25.2993
28010	24.0355
28020	24.6341
28030	26.031
28040	25.2973
28050	24.0484
28060	24.6698
28070	26.0265
28080	25.2539
28090	24.0397
28100	24.6799
28110	26.0265
28120	25.2539
28130	24.0397
28140	24.6799
28150	26.0265
28160	25.2539
28170	24.0397
28180	24.6799
28190	26.0265
28200	25.2539
28210	24.0397
28220	24.6809
28230	26.0068
28240	25.2472
28250	24.0529
28260	24.7137
28270	25.9912
28280	25.2423
28290	24.0529
28300	24.7137
28310	25.9912
28320	25.2423
28330	24.0529
28340	24.7103
28350	25.9936
28360	25.2577
28370	24.0879
28380	24.6813
28390	25.978
28400	25.2527
28410	24.0879
28420	24.6813
28430	25.978
28440	25.2527
28450	24.0879
28460	24.6813
28470	25.978
28480	25.2527
28490	24.0879
28500	24.6813
28510	25.978
28520	25.2527
28530	24.0879
28540	24.6813
28550	25.978
28560	25.2527
28570	24.0879
28580	24.678
28590	25.9804
28600	25.2681
28610	24.1228
28620	24.6491
28630	25.9649
28640	25.26
28650	24.1269
28660	24.6646
28670	25.9956
28680	25.2298
28690	24.1138
28700	24.6619
28710	25.9761
28720	25.2232
28730	24.1266
28740	24.6943
28750	25.9607
28760	25.2183
28770	24.1266
28780	24.6943
28790	25.9607
28800	25.2183
28810	24.1266
28820	24.6954
28830	25.9674
28840	25.19
28850	24.1176
28860	24.7059
28870	25.9913
28880	25.1832
28890	24.104
28900	24.7147
28910	26.0304
28920	25.1844
28930	24.0781
28940	24.7038
28950	26.0327
28960	25.1996
28970	24.1126
28980	24.6753
28990	26.0173
29000	25.1948
29010	24.1126
29020	24.6753
29030	26.0173
29040	25.1948
29050	24.1126
29060	24.6753
29070	26.0173
29080	25.1948
29090	24.1126
29100	24.6753
29110	26.0173
29120	25.1948
29130	24.1126
29140	24.6753
29150	26.0173
29160	25.1948
29170	24.1126
29180	24.673
29190	26.0262
29200	25.2294
29210	24.1164
29220	24.6336
29230	26.0129
29240	25.2382
29250	24.1247
29260	24.6059
29270	26
29280	25.2473
29290	24.1505
29300	24.6021
29310	26
29320	25.2473
29330	24.1505
29340	24.6021
29350	26
29360	25.2473
29370	24.1505
29380	24.6021
29390	26
29400	25.2473
29410	24.1505
29420	24.5989
29430	26.0023
29440	25.2623
29450	24.1845
29460	24.5708
29470	25.9871
29480	25.2609
29490	24.1836
29500	24.5568
29510	25.9488
29520	25.2878
29530	24.2004
29540	24.5607
29550	25.9576
29560	25.3215
29570	24.2038
29580	24.5223
29590	25.9448
29600	25.3271
29610	24.216
29620	24.5569
29630	25.9408
29640	25.2854
29650	24.2072
29660	24.5666
29670	25.9408
29680	25.2854
29690	24.2072
29700	24.5666
29710	25.9408
29720	25.2865
29730	24.2153
29740	24.5859
29750	25.9072
29760	25.2743
29770	24.2194
29780	24.6012
29790	25.8949
29800	25.2866
29810	24.2017
29820	24.6219
29830	25.8824
29840	25.291
29850	24.2056
29860	24.6368
29870	25.9119
29880	25.2621
29890	24.1929
29900	24.6341
29910	25.9184
29920	25.2348
29930	24.1841
29940	24.6444
29950	25.9414
29960	25.2301
29970	24.1841
29980	24.6444
29990	25.9414
30000	25.2301
30010	24.1841
30020	24.6453
30030	25.9228
30040	25.2238
30050	24.1962
30060	24.6764
30070	25.9081
30080	25.2203
30090	24.2042
30100	24.6953
30110	25.875
30120	25.2083
30130	24.2083
30140	24.7093
30150	25.8565
30160	25.2021
30170	24.2204
30180	24.7401
30190	25.842
30200	25.1975
30210	24.2204
30220	24.7401
30230	25.842
30240	25.1975
30250	24.2204
30260	24.7421
30270	25.855
30280	25.1892
30290	24.1822
30300	24.7412
30310	25.8799
30320	25.1978
30330	24.1901
30340	24.7599
30350	25.8471
30360	25.186
30370	24.1942
30380	24.7727
30390	25.8471
30400	25.186
30410	24.1942
30420	24.7727
30430	25.8471
30440	25.184
30450	24.2059
30460	24.7604
30470	25.8642
30480	25.1646
30490	24.2181
30500	24.755
30510	25.8525
30520	25.1319
30530	24.2213
30540	24.7951
30550	25.8607
30560	25.123
30570	24.2213
30580	24.7951
30590	25.8607
30600	25.123
30610	24.2213
30620	24.7951
30630	25.8607
30640	25.123
30650	24.2213
30660	24.7951
30670	25.8607
30680	25.1222
30690	24.2405
30700	24.8011
30710	25.8452
30720	25.0916
30730	24.2566
30740	24.8044
30750	25.854
30760	25.1244
30770	24.2596
30780	24.7667
30790	25.8418
30800	25.1329
30810	24.2673
30820	24.7405
30830	25.83
30840	25.1417
30850	24.2915
30860	24.7368
30870	25.83
30880	25.1417
30890	24.2915
30900	24.7368
30910	25.83
30920	25.1428
30930	24.2992
30940	24.7551
30950	25.798
30960	25.1313
30970	24.303
30980	24.7686
30990	25.8044
31000	25.1495
31010	24.2742
31020	24.7581
31030	25.8065
31040	25.1605
31050	24.293
31060	24.7643
31070	25.7916
31080	25.1303
31090	24.3086
31100	24.7695
31110	25.7916
31120	25.1303
31130	24.3086
31140	24.7695
31150	25.7916
31160	25.1313
31170	24.2922
31180	24.7636
31190	25.8
31200	25.16
31210	24.28
31220	24.761
31230	25.8063
31240	25.178
31250	24.2515
31260	24.7505
31270	25.8084
31280	25.1878
31290	24.2627
31300	24.7825
31310	25.8052
31320	25.1491
31330	24.2545
31340	24.7913
31350	25.8052
31360	25.1491
31370	24.2545
31380	24.7913
31390	25.8052
31400	25.1502
31410	24.262
31420	24.7655
31430	25.7936
31440	25.1587
31450	24.2857
31460	24.7598
31470	25.8022
31480	25.1469
31490	24.3083
31500	24.7431
31510	25.8103
31520	25.1383
31530	24.3083
31540	24.7431
31550	25.8103
31560	25.1383
31570	24.3083
31580	24.7431
31590	25.8103
31600	25.1383
31610	24.3083
31620	24.7431
31630	25.8103
31640	25.1365
31650	24.3193
31660	24.7314
31670	25.8268
31680	25.1181
31690	24.3307
31700	24.7254
31710	25.833
31720	25.0926
31730	24.3222
31740	24.7348
31750	25.8546
31760	25.0905
31770	24.3369
31780	24.7271
31790	25.8121
31800	25.0881
31810	24.364
31820	24.7328
31830	25.8144
31840	25.1018
31850	24.3945
31860	24.707
31870	25.8008
31880	25.0997
31890	24.4091
31900	24.6995
31910	25.7588
31920	25.0973
31930	24.4358
31940	24.7052
31950	25.761
31960	25.1109
31970	24.466
31980	24.6796
31990	25.7476
32000	25.1068
32010	24.466
32020	24.6796
32030	25.7476
32040	25.1068
32050	24.466
32060	24.6776
32070	25.756
32080	25.1378
32090	24.4681
32100	24.6422
32110	25.7447
32120	25.1451
32130	24.4681
32140	24.6422
32150	25.7447
32160	25.1451
32170	24.4681
32180	24.6402
32190	25.753
32200	25.1759
32210	24.4701
32220	24.605
32230	25.7418
32240	25.1812
32250	24.4807
32260	24.5941
32270	25.7582
32280	25.1631
32290	24.4914
32300	24.5873
32310	25.7582
32320	25.1631
32330	24.4914
32340	24.5873
32350	25.7582
32360	25.1642
32370	24.4985
32380	24.5628
32390	25.7471
32400	25.1724
32410	24.5211
32420	24.5603
32430	25.7531
32440	25.1895
32450	24.4933
32460	24.5507
32470	25.7553
32480	25.2008
32490	24.4933
32500	24.5507
32510	25.7553
32520	25.2008
32530	24.4933
32540	24.5478
32550	25.7574
32560	25.214
32570	24.5229
32580	24.5229
32590	25.7443
32600	25.2099
32610	24.5229
32620	24.5229
32630	25.7443
32640	25.2099
32650	24.5229
32660	24.52
32670	25.7464
32680	25.2231
32690	24.5524
32700	24.4952
32710	25.7333
32720	25.219
32730	24.5524
32740	24.4952
32750	25.7333
32760	25.219
32770	24.5524
32780	24.4924
32790	25.7355
32800	25.2322
32810	24.5817
32820	24.4677
32830	25.7224
32840	25.2291
32850	24.5888
32860	24.4853
32870	25.6926
32880	25.2182
32890	24.592
32900	24.4972
32910	25.6926
32920	25.2182
32930	24.592
32940	24.4972
32950	25.6926
32960	25.2154
32970	24.5953
32980	24.5109
32990	25.7197
33000	25.1894
33010	24.5833
33020	24.5057
33030	25.7278
33040	25.1778
33050	24.6038
33060	24.4906
33070	25.7358
33080	25.1708
33090	24.6107
33100	24.4666
33110	25.725
33120	25.1789
33130	24.6328
33140	24.4605
33150	25.7272
33160	25.1919
33170	24.6617
33180	24.4361
33190	25.7143
33200	25.1862
33210	24.6717
33220	24.426
33230	25.7303
33240	25.1685
33250	24.6816
33260	24.4167
33270	25.7324
33280	25.1815
33290	24.7103
33300	24.3925
33310	25.7196
33320	25.1748
33330	24.7134
33340	24.4062
33350	25.7463
33360	25.1493
33370	24.7015
33380	24.4039
33390	25.7521
33400	25.1249
33410	24.6927
33420	24.4134
33430	25.7728
33440	25.123
33450	24.7063
33460	24.4072
33470	25.7328
33480	25.1206
33490	24.731
33500	24.4138
33510	25.7185
33520	25.1278
33530	24.7689
33540	24.4177
33550	25.6932
33560	25.1174
33570	24.772
33580	24.4313
33590	25.7196
33600	25.0923
33610	24.7601
33620	24.429
33630	25.7032
33640	25.0867
33650	24.7698
33660	24.4567
33670	25.6906
33680	25.0829
33690	24.7698
33700	24.4567
33710	25.6906
33720	25.0829
33730	24.7698
33740	24.454
33750	25.6927
33760	25.0957
33770	24.7978
33780	24.4301
33790	25.6801
33800	25.0919
33810	24.7978
33820	24.4301
33830	25.6801
33840	25.0919
33850	24.7978
33860	24.4301
33870	25.6801
33880	25.0919
33890	24.7978
33900	24.4301
33910	25.6801
33920	25.0929
33930	24.8044
33940	24.4472
33950	25.6514
33960	25.0826
33970	24.8073
33980	24.4597
33990	25.6352
34000	25.077
34010	24.8169
34020	24.4872
34030	25.6227
34040	25.0742
34050	24.8015
34060	24.4822
34070	25.6307
34080	25.1005
34090	24.7898
34100	24.4799
34110	25.6365
34120	25.1169
34130	24.7628
34140	24.4708
34150	25.6387
34160	25.1287
34170	24.7694
34180	24.4477
34190	25.6284
34200	25.1366
34210	24.7905
34220	24.4454
34230	25.6342
34240	25.1129
34250	24.7818
34260	24.4545
34270	25.6545
34280	25.1091
34290	24.7818
34300	24.4545
34310	25.6545
34320	25.1091
34330	24.7818
34340	24.4573
34350	25.65
34360	25.0962
34370	24.7559
34380	24.4846
34390	25.66
34400	25.1004
34410	24.7624
34420	24.4617
34430	25.6498
34440	25.1083
34450	24.7834
34460	24.4558
34470	25.6519
34480	25.1208
34490	24.8108
34500	24.4324
34510	25.6396
34520	25.119
34530	24.8023
34540	24.4444
34550	25.6194
34560	25.1346
34570	24.7935
34580	24.4524
34590	25.6194
34600	25.1346
34610	24.7935
34620	24.4524
34630	25.6194
34640	25.1346
34650	24.7935
34660	24.4524
34670	25.6194
34680	25.1346
34690	24.7935
34700	24.4524
34710	25.6194
34720	25.1346
34730	24.7935
34740	24.4524
34750	25.6194
34760	25.1346
34770	24.7935
34780	24.4524
34790	25.6194
34800	25.1346
34810	24.7935
34820	24.4524
34830	25.6194
34840	25.1346
34850	24.7935
34860	24.4524
34870	25.6194
34880	25.1346
34890	24.7935
34900	24.4524
34910	25.6194
34920	25.1346
34930	24.7935
34940	24.4534
34950	25.6251
34960	25.1507
34970	24.767
34980	24.4444
34990	25.6272
35000	25.1632
35010	24.7586
35020	24.417
35030	25.625
35040	25.1964
35050	24.7679
35060	24.4116
35070	25.6306
35080	25.2123
35090	24.7415
35100	24.4029
35110	25.6328
35120	25.2237
35130	24.7481
35140	24.4195
35150	25.605
35160	25.2135
35170	24.7509
35180	24.4324
35190	25.5949
35200	25.1847
35210	24.7518
35220	24.4681
35230	25.6028
35240	25.1773
35250	24.7518
35260	24.4681
35270	25.6028
35280	25.1773
35290	24.7518
35300	24.4699
35310	25.5928
35320	25.1487
35330	24.7526
35340	24.5053
35350	25.6007
35360	25.1413
35370	24.7526
35380	24.5053
35390	25.6007
35400	25.1413
35410	24.7526
35420	24.5053
35430	25.6007
35440	25.1413
35450	24.7526
35460	24.5053
35470	25.6007
35480	25.1387
35490	24.7555
35500	24.5181
35510	25.6261
35520	25.1146
35530	24.7443
35540	24.5159
35550	25.6106
35560	25.1093
35570	24.7535
35580	24.5423
35590	25.5986
35600	25.1056
35610	24.7535
35620	24.5423
35630	25.5986
35640	25.1056
35650	24.7535
35660	24.5432
35670	25.6042
35680	25.0827
35690	24.7452
35700	24.5518
35710	25.6239
35720	25.0774
35730	24.7544
35740	24.5422
35750	25.6392
35760	25.0613
35770	24.7636
35780	24.5359
35790	25.6392
35800	25.0613
35810	24.7636
35820	24.5359
35830	25.6392
35840	25.0597
35850	24.7727
35860	24.5647
35870	25.637
35880	25.0262
35890	24.7644
35900	24.5733
35910	25.6426
35920	25.0036
35930	24.7561
35940	24.5819
35950	25.662
35960	25.0009
35970	24.7415
35980	24.577
35990	25.6696
36000	25.0261
