10	5
20	5
30	5
40	5
50	5
60	5
70	5
80	5
90	5
100	5
110	5
120	5
130	5
140	5
150	5
160	5
170	5
180	5
190	8
200	16
210	22
220	24
230	26
240	26
250	24
260	24
270	34
280	32
290	30
300	28
310	26
320	24.0333
330	24.5667
340	34.5667
350	30.6333
360	30
370	26.6667
380	26.5833
390	25.2917
400	24.5
410	34.5
420	31.25
430	28.75
440	23.6806
450	26.3333
460	36.3333
470	33
480	29.1389
490	25.5556
500	35.5556
510	28.6667
520	28.2222
530	28
540	26
550	24
560	26.1818
570	24.9091
580	34.9091
590	33.6364
600	30
610	25.4545
620	24.5455
630	34.5455
640	34.0909
650	30.4545
660	28.3333
670	25.8333
680	25.8333
690	22.5
700	25
710	26.6667
720	26.6667
730	36.6667
740	29.8333
750	27.9405
760	28.3214
770	27.1429
780	37.1429
790	29.2857
800	28.5714
810	27.8571
820	27.1429
830	24.2857
840	25.7143
850	25
860	35
870	32.4286
880	30.4286
890	28.1429
900	26
910	24
920	24.05
930	34.05
940	32.525
950	30.8875
960	29.375
970	26.875
980	21.8194
990	23.8333
1000	26.8333
1010	25.1667
1020	23.8889
1030	25
1040	35
1050	29.4444
1060	29.4444
1070	28.3333
1080	26.6667
1090	23.3111
1100	25.4333
1110	35.4333
1120	34.4667
1130	32
1140	26
1150	24
1160	25.9727
1170	24.3727
1180	23.8
1190	33.8
1200	32.8909
1210	31.5273
1220	28.6364
1230	27.6136
1240	24.3561
1250	25.8333
1260	35.8333
1270	30.8333
1280	28.3333
1290	27.9167
1300	26.6667
1310	36.6667
1320	32.0833
1330	31.6667
1340	26.6667
1350	24.1667
1360	25.8333
1370	24.5833
1380	24.1667
1390	34.1667
1400	33.8167
1410	29.0867
1420	25.7
1430	25.6
1440	24.8
1450	24.8444
1460	25.0904
1470	35.0904
1480	31.437
1490	30
1500	28.8889
1510	25.9259
1520	35.9259
1530	29.2593
1540	30
1550	28.8889
1560	25.9259
1570	35.9259
1580	29.2593
1590	30
1600	28.8889
1610	25.9259
1620	35.9259
1630	29.2593
1640	30.0331
1650	29.041
1660	26.3095
1670	36.3095
1680	28.5714
1690	29.6429
1700	28.9507
1710	26.1145
1720	36.1145
1730	28.6638
1740	30
1750	28.9655
1760	26.5724
1770	22.4954
1780	24.431
1790	26
1800	25
1810	25
1820	24.3333
1830	34.3333
1840	29.6667
1850	29.6667
1860	29
1870	27
1880	22.3688
1890	24.0613
1900	25.8516
1910	25.2065
1920	25.4839
1930	23.8358
1940	33.8358
1950	30.0293
1960	29.7771
1970	28.868
1980	26.3636
1990	23.0303
2000	24.8952
2010	25.568
2020	25.3489
2030	25.1429
2040	24.8571
2050	34.8571
2060	31.1429
2070	29.1429
2080	28.8571
2090	26.8571
2100	23.1429
2110	25.1429
2120	24.8786
2130	24.7167
2140	24.2056
2150	34.2056
2160	34.4444
2170	31.1111
2180	26.1506
2190	24.8494
2200	25.2529
2210	25
2220	25.5263
2230	35.5263
2240	32.9595
2250	28.8583
2260	27.7652
2270	26.1538
2280	36.1538
2290	30.7692
2300	29.1651
2310	27.7955
2320	25.9287
2330	35.9287
2340	31.2195
2350	29.0244
2360	28.0794
2370	25.7294
2380	35.7294
2390	31.5445
2400	28.8372
2410	28.3721
2420	25.5814
2430	35.5814
2440	31.6279
2450	28.8372
2460	28.3721
2470	25.5814
2480	35.5814
2490	31.6279
2500	28.8372
2510	28.3721
2520	25.5814
2530	35.5814
2540	31.5494
2550	28.9633
2560	28.4269
2570	26.2222
2580	24.6667
2590	24.8889
2600	24.2396
2610	25.6546
2620	25.2546
2630	35.2546
2640	33.2609
2650	30.2174
2660	26.0598
2670	25.308
2680	35.308
2690	33.6803
2700	30.2083
2710	25.625
2720	25.2083
2730	35.2083
2740	33.5333
2750	30.3167
2760	25.4
2770	25.4
2780	35.4
2790	33.4941
2800	30.6471
2810	25.098
2820	25.2941
2830	35.2941
2840	33.4495
2850	30.5379
2860	25.1831
2870	25.6604
2880	35.6604
2890	33.3962
2900	30.1887
2910	25.0943
2920	25.6604
2930	35.6604
2940	33.3962
2950	30.1887
2960	25.0943
2970	25.6604
2980	35.6604
2990	33.3962
3000	30.1887
3010	25.0943
3020	25.6604
3030	35.6604
3040	33.4871
3050	30.4263
3060	24.8148
3070	25.5556
3080	35.5556
3090	33.6061
3100	30.7845
3110	25.2727
3120	25.2727
3130	35.2727
3140	33.4883
3150	30.8429
3160	25.0429
3170	25.1786
3180	35.1786
3190	33.5714
3200	31.0714
3210	25
3220	25.1786
3230	35.1786
3240	33.5714
3250	31.0714
3260	25.0169
3270	25.2403
3280	35.2403
3290	33.7675
3300	30.7018
3310	24.9123
3320	25.2632
3330	35.2632
3340	34.0877
3350	30.8246
3360	25
3370	25
3380	35
3390	33.9839
3400	30.9086
3410	24.8387
3420	25.1613
3430	35.1613
3440	33.871
3450	30.9677
3460	24.8387
3470	25.1613
3480	35.1613
3490	33.871
3500	30.9677
3510	24.8387
3520	25.1613
3530	35.1613
3540	33.871
3550	30.9677
3560	24.8387
3570	25.1613
3580	35.1613
3590	33.871
3600	30.9677
3610	24.8387
3620	25.1613
3630	35.1613
3640	33.6996
3650	31.0383
3660	25.3125
3670	25.1562
3680	35.1562
3690	33.5096
3700	30.6923
3710	25.8462
3720	25.8462
3730	26.1538
3740	24.6154
3750	24.7692
3760	34.7692
3770	31.8462
3780	29.8462
3790	28.3077
3800	26
3810	36
3820	29.9441
3830	30.035
3840	28.6364
3850	25.7576
3860	35.7576
3870	29.9435
3880	29.7354
3890	28.5075
3900	25.8209
3910	35.8209
3920	30.106
3930	29.7673
3940	28.3491
3950	25.942
3960	35.942
3970	30
3980	29.8279
3990	28.1703
4000	25.7609
4010	35.7609
4020	30.4167
4030	30
4040	28.2041
4050	25.5706
4060	35.5706
4070	30.4309
4080	30.137
4090	28.4932
4100	25.4795
4110	35.4795
4120	30.411
4130	30.137
4140	28.4932
4150	25.4795
4160	35.4795
4170	30.305
4180	30.1954
4190	28.2667
4200	25.6
4210	35.6
4220	30.2989
4230	30.3463
4240	28.0663
4250	25.5263
4260	35.5263
4270	30.3947
4280	30.5391
4290	28.0878
4300	25.3443
4310	35.3443
4320	30.3896
4330	30.6494
4340	28.3117
4350	25.3247
4360	35.3247
4370	30.3896
4380	30.6494
4390	28.3117
4400	25.3247
4410	35.3247
4420	30.3896
4430	30.6494
4440	28.3117
4450	25.3247
4460	35.3247
4470	30.5409
4480	30.4784
4490	28.9873
4500	25.6962
4510	35.6962
4520	31.1968
4530	28.651
4540	27.8562
4550	26.1728
4560	24.8148
4570	24.9383
4580	24.084
4590	25.6105
4600	25.7894
4610	35.7894
4620	33.0488
4630	29.6341
4640	25.5837
4650	25.8582
4660	35.8582
4670	33.1552
4680	29.8795
4690	25.4217
4700	25.7831
4710	35.7831
4720	32.9547
4730	29.7963
4740	25.4762
4750	25.9524
4760	35.9524
4770	32.9188
4780	29.916
4790	25.7647
4800	25.7647
4810	35.7647
4820	32.8941
4830	29.9072
4840	25.7409
4850	25.5682
4860	35.5682
4870	33.0682
4880	30.029
4890	25.7525
4900	25.6389
4910	35.6389
4920	32.8889
4930	30.1111
4940	25.6667
4950	25.6667
4960	35.6667
4970	32.8889
4980	30.1111
4990	25.6667
5000	25.6667
5010	35.6667
5020	32.7253
5030	30.0317
5040	25.7143
5050	25.8242
5060	35.8242
5070	32.6947
5080	30.1398
5090	25.5435
5100	25.7609
5110	35.7609
5120	32.6767
5130	30.2724
5140	25.7734
5150	25.7447
5160	35.7447
5170	32.4468
5180	30.2383
5190	25.8101
5200	25.809
5210	35.809
5220	32.2917
5230	30.3125
5240	25.7382
5250	25.7349
5260	35.7349
5270	32.2853
5280	30.4124
5290	25.9794
5300	25.6701
5310	35.6701
5320	32.1187
5330	30.3356
5340	26.0204
5350	25.8163
5360	35.8163
5370	32.151
5380	30.5571
5390	26.1
5400	25.6
5410	35.6
5420	32.1
5430	30.6
5440	26.1
5450	25.6
5460	35.6
5470	32.1
5480	30.6114
5490	26.1545
5500	25.4589
5510	35.4589
5520	32.0792
5530	30.6931
5540	26.3534
5550	25.5173
5560	35.5173
5570	32.0018
5580	30.3884
5590	26.3107
5600	25.6311
5610	35.6311
5620	32.0911
5630	30.5078
5640	26.1538
5650	25.5769
5660	35.5769
5670	32.0283
5680	30.6205
5690	26.4151
5700	25.566
5710	35.566
5720	31.9072
5730	30.4564
5740	26.3795
5750	25.6075
5760	35.6075
5770	32.0561
5780	30.3384
5790	26.3586
5800	25.6607
5810	35.6607
5820	32.2222
5830	30.1852
5840	26.3039
5850	25.6812
5860	35.6812
5870	32.3366
5880	30
5890	26.2385
5900	25.6881
5910	35.6881
5920	32.3853
5930	30
5940	26.2385
5950	25.6881
5960	35.6881
5970	32.3853
5980	30
5990	26.2385
6000	25.6881
6010	35.6881
6020	32.4237
6030	30.1187
6040	26.2438
6050	25.4955
6060	35.4955
6070	32.4324
6080	30.2918
6090	26.2692
6100	25.3329
6110	35.3329
6120	32.4779
6130	30.531
6140	26.3717
6150	25.3097
6160	35.3097
6170	32.4779
6180	30.531
6190	26.3717
6200	25.3097
6210	35.3097
6220	32.4779
6230	30.531
6240	26.3717
6250	25.3097
6260	35.3097
6270	32.5229
6280	30.6389
6290	26.2281
6300	25.2632
6310	35.2632
6320	32.5616
6330	30.7565
6340	26.1098
6350	25.2174
6360	35.2174
6370	32.6087
6380	30.8896
6390	26.0546
6400	25.0643
6410	35.0643
6420	32.6496
6430	30.6838
6440	26.8376
6450	25.7265
6460	35.7265
6470	33.3333
6480	28.3761
6490	26.8376
6500	25.7265
6510	35.7265
6520	33.3753
6530	28.4941
6540	26.6949
6550	25.678
6560	35.678
6570	33.4718
6580	28.7895
6590	26.75
6600	25.5
6610	35.5
6620	33.4484
6630	28.8036
6640	26.8311
6650	25.4098
6660	35.4098
6670	33.5246
6680	28.7418
6690	26.8856
6700	25.4568
6710	35.4568
6720	33.6585
6730	28.6179
6740	26.8406
6750	25.4018
6760	35.4018
6770	33.7377
6780	28.56
6790	26.96
6800	25.36
6810	35.36
6820	33.6756
6830	28.6192
6840	26.8504
6850	25.4331
6860	35.4331
6870	33.5772
6880	28.593
6890	26.6923
6900	25.5385
6910	35.5385
6920	33.5983
6930	28.5847
6940	26.8123
6950	25.5639
6960	35.5639
6970	33.5338
6980	28.5075
6990	26.8794
7000	25.6433
7010	35.6433
7020	33.3582
7030	28.4328
7040	26.8538
7050	25.7026
7060	35.7026
7070	33.5087
7080	28.4559
7090	26.6912
7100	25.6618
7110	35.6618
7120	33.4548
7130	28.5124
7140	26.5942
7150	25.7246
7160	35.7246
7170	33.2974
7180	28.5064
7190	26.6187
7200	25.8273
7210	35.8273
7220	33.2092
7230	28.5364
7240	26.7601
7250	25.8156
7260	35.8156
7270	33.0496
7280	28.5209
7290	26.7378
7300	25.7836
7310	35.7836
7320	33.0986
7330	28.662
7340	26.6843
7350	25.8275
7360	35.8275
7370	33.097
7380	28.6207
7390	26.5517
7400	25.8621
7410	35.8621
7420	33.0368
7430	28.4682
7440	26.5306
7450	25.9864
7460	35.9864
7470	32.9964
7480	28.4883
7490	26.443
7500	26.0403
7510	36.0403
7520	32.9136
7530	28.5187
7540	26.4833
7550	26.1333
7560	36.1333
7570	32.8
7580	28.4667
7590	26.4667
7600	26.1333
7610	36.1333
7620	32.8
7630	28.4667
7640	26.4761
7650	26.1782
7660	36.1782
7670	32.7435
7680	28.2895
7690	26.4474
7700	26.25
7710	36.25
7720	32.7632
7730	28.2895
7740	26.4474
7750	26.25
7760	36.25
7770	32.7632
7780	28.2895
7790	26.4474
7800	26.25
7810	36.25
7820	32.7912
7830	28.2683
7840	26.3305
7850	26.2338
7860	36.2338
7870	32.9221
7880	28.2984
7890	26.2354
7900	26.235
7910	36.235
7920	33.0769
7930	28.3333
7940	26.1585
7950	26.1563
7960	36.1563
7970	33.0705
7980	28.4076
7990	26.3057
8000	26.1147
8010	36.1147
8020	33.123
8030	28.3952
8040	26.1635
8050	26.1006
8060	36.1006
8070	33.2076
8080	28.4277
8090	26.1635
8100	26.1006
8110	36.1006
8120	33.1704
8130	28.4238
8140	26.2026
8150	26.1875
8160	36.1875
8170	33.0625
8180	28.3931
8190	26.1582
8200	26.0656
8210	36.0656
8220	33.0864
8230	28.5802
8240	26.2436
8250	26.0114
8260	36.0114
8270	32.9516
8280	28.5976
8290	26.4024
8300	26.0366
8310	36.0366
8320	32.9268
8330	28.5976
8340	26.4024
8350	26.0366
8360	36.0366
8370	32.9268
8380	28.5976
8390	26.4024
8400	26.0366
8410	36.0366
8420	32.9268
8430	28.5976
8440	26.4024
8450	26.0366
8460	36.0366
8470	32.9268
8480	28.6062
8490	26.4333
8500	25.9473
8510	35.9473
8520	32.9091
8530	28.6667
8540	26.5362
8550	25.9632
8560	35.9632
8570	33.0359
8580	28.6826
8590	26.4072
8600	25.9281
8610	35.9281
8620	33.0539
8630	28.6826
8640	26.4072
8650	25.9281
8660	35.9281
8670	33.0271
8680	28.6316
8690	26.5294
8700	25.9412
8710	35.9412
8720	33
8730	28.5882
8740	26.5294
8750	25.9412
8760	35.9412
8770	33
8780	28.5882
8790	26.5294
8800	25.9412
8810	35.9412
8820	33
8830	28.5882
8840	26.5336
8850	25.8855
8860	35.8855
8870	32.9943
8880	28.655
8890	26.6667
8900	25.848
8910	35.848
8920	32.9825
8930	28.655
8940	26.6667
8950	25.848
8960	35.848
8970	33.042
8980	28.6404
8990	26.5318
9000	25.8382
9010	35.8382
9020	33.1214
9030	28.6705
9040	26.5318
9050	25.8382
9060	35.8382
9070	33.1214
9080	28.6788
9090	26.561
9100	25.8981
9110	35.8981
9120	32.9885
9130	28.6207
9140	26.5517
9150	25.9195
9160	35.9195
9170	32.9885
9180	28.6207
9190	26.5517
9200	25.9195
9210	35.9195
9220	32.9885
9230	28.6207
9240	26.5517
9250	25.9195
9260	35.9195
9270	32.9885
9280	28.6207
9290	26.5517
9300	25.9195
9310	35.9195
9320	32.9666
9330	28.5553
9340	26.5631
9350	26.0227
9360	36.0227
9370	32.9545
9380	28.4458
9390	26.5343
9400	26.0526
9410	36.0526
9420	33.0508
9430	28.3616
9440	26.5012
9450	26.0645
9460	36.0645
9470	33.1183
9480	28.2584
9490	26.4607
9500	26.0674
9510	36.0674
9520	33.1749
9530	28.3372
9540	26.3687
9550	26.0335
9560	36.0335
9570	33.1844
9580	28.3799
9590	26.3687
9600	26.0335
9610	36.0335
9620	33.1958
9630	28.3209
9640	26.3471
9650	26.0556
9660	36.0556
9670	33.2778
9680	28.3024
9690	26.3347
9700	26.0046
9710	36.0046
9720	33.1694
9730	28.4153
9740	26.3934
9750	26.0109
9760	36.0109
9770	33.1694
9780	28.4153
9790	26.3934
9800	26.0109
9810	36.0109
9820	33.1694
9830	28.4153
9840	26.3934
9850	26.0109
9860	36.0109
9870	33.0886
9880	28.3826
9890	26.413
9900	26.087
9910	36.087
9920	33.0435
9930	28.3696
9940	26.413
9950	26.087
9960	36.087
9970	33.0435
9980	28.3696
9990	26.413
10000	26.087
10010	36.087
10020	33.0435
10030	28.3696
10040	26.4169
10050	26.1053
10060	36.1053
10070	32.93
10080	28.3243
10090	26.4324
10100	26.1622
10110	36.1622
10120	32.9189
10130	28.3243
10140	26.4324
10150	26.1622
10160	36.1622
10170	32.8399
10180	28.2924
10190	26.4516
10200	26.2366
10210	36.2366
10220	32.8072
10230	28.319
10240	26.3767
10250	26.2032
10260	36.2032
10270	32.8342
10280	28.3957
10290	26.3636
10300	26.2032
10310	36.2032
10320	32.8342
10330	28.3957
10340	26.3636
10350	26.2032
10360	36.2032
10370	32.8342
10380	28.3957
10390	26.3636
10400	26.2032
10410	36.2032
10420	32.8627
10430	28.4702
10440	26.4894
10450	26.117
10460	36.117
10470	32.8473
10480	28.5312
10490	26.6138
10500	26.0317
10510	36.0317
10520	32.8042
10530	28.5185
10540	26.6138
10550	26.0317
10560	36.0317
10570	32.8042
10580	28.5073
10590	26.6399
10600	26.1133
10610	36.1133
10620	32.7749
10630	28.377
10640	26.6005
10650	26.0758
10660	36.0758
10670	32.7709
10680	28.4375
10690	26.7188
10700	26.0417
10710	36.0417
10720	32.7879
10730	28.5096
10740	26.6321
10750	26.0104
10760	36.0104
10770	32.8252
10780	28.6205
10790	26.7526
10800	25.9278
10810	35.9278
10820	32.7943
10830	28.6452
10840	26.68
10850	25.8974
10860	35.8974
10870	32.8205
10880	28.7141
10890	26.6418
10900	25.8279
10910	35.8279
10920	32.9293
10930	28.7879
10940	26.6703
10950	25.7606
10960	35.7606
10970	32.9245
10980	28.8442
10990	26.7839
11000	25.7286
11010	35.7286
11020	32.9402
11030	28.7621
11040	26.75
11050	25.75
11060	35.75
11070	33
11080	28.75
11090	26.75
11100	25.75
11110	35.75
11120	33.0101
11130	28.6961
11140	26.7296
11150	25.7711
11160	35.7711
11170	33.0846
11180	28.6639
11190	26.667
11200	25.7489
11210	35.7489
11220	33.1188
11230	28.7624
11240	26.6337
11250	25.7426
11260	35.7426
11270	33.1188
11280	28.7624
11290	26.6337
11300	25.7426
11310	35.7426
11320	33.1437
11330	28.8297
11340	26.7488
11350	25.665
11360	35.665
11370	33.1035
11380	28.8177
11390	26.7488
11400	25.665
11410	35.665
11420	33.1133
11430	28.8528
11440	26.817
11450	25.5882
11460	35.5882
11470	33.0882
11480	28.8621
11490	26.8873
11500	25.6675
11510	35.6675
11520	33.0583
11530	28.7379
11540	26.8481
11550	25.6971
11560	35.6971
11570	33.116
11580	28.6473
11590	26.8116
11600	25.7005
11610	35.7005
11620	33.1401
11630	28.6473
11640	26.8116
11650	25.7005
11660	35.7005
11670	33.0681
11680	28.6171
11690	26.8269
11700	25.7692
11710	35.7692
11720	33.0386
11730	28.6404
11740	26.7591
11750	25.7416
11760	35.7416
11770	33.0622
11780	28.7081
11790	26.7464
11800	25.7416
11810	35.7416
11820	33.0622
11830	28.7081
11840	26.7498
11850	25.7587
11860	35.7587
11870	33.1191
11880	28.619
11890	26.7143
11900	25.7619
11910	35.7619
11920	33.1668
11930	28.6843
11940	26.6351
11950	25.7346
11960	35.7346
11970	33.1991
11980	28.785
11990	26.7453
12000	25.6604
12010	35.6604
12020	33.1698
12030	28.8073
12040	26.8106
12050	25.5869
12060	35.5869
12070	33.1455
12080	28.8263
12090	26.8545
12100	25.5869
12110	35.5869
12120	33.1455
12130	28.8263
12140	26.8545
12150	25.5869
12160	35.5869
12170	33.1455
12180	28.8263
12190	26.8545
12200	25.5869
12210	35.5869
12220	33.1455
12230	28.8263
12240	26.8545
12250	25.5869
12260	35.5869
12270	33.1688
12280	28.8897
12290	26.7757
12300	25.5607
12310	35.5607
12320	33.1868
12330	28.8746
12340	26.7567
12350	25.5814
12360	35.5814
12370	33.2558
12380	28.8275
12390	26.7679
12400	25.5413
12410	35.5413
12420	33.318
12430	28.8018
12440	26.8236
12450	25.5467
12460	35.5467
12470	33.3717
12480	28.7156
12490	26.789
12500	25.5505
12510	35.5505
12520	33.4605
12530	28.7654
12540	26.7873
12550	25.4751
12560	35.4751
12570	33.5058
12580	28.7045
12590	26.7568
12600	25.4955
12610	35.4955
12620	33.5586
12630	28.6937
12640	26.7568
12650	25.4955
12660	35.4955
12670	33.5586
12680	28.6937
12690	26.7568
12700	25.4955
12710	35.4955
12720	33.5586
12730	28.6937
12740	26.7498
12750	25.5146
12760	35.5146
12770	33.648
12780	28.7054
12790	26.6518
12800	25.4911
12810	35.4911
12820	33.6817
12830	28.7663
12840	26.7556
12850	25.4222
12860	35.4222
12870	33.6444
12880	28.7556
12890	26.7556
12900	25.4222
12910	35.4222
12920	33.6342
12930	28.7368
12940	26.7025
12950	25.4825
12960	35.4825
12970	33.6404
12980	28.7193
12990	26.6241
13000	25.4886
13010	35.4886
13020	33.7391
13030	28.7391
13040	26.5684
13050	25.4939
13060	35.4939
13070	33.6455
13080	28.7013
13090	26.5801
13100	25.5411
13110	35.5411
13120	33.6569
13130	28.7605
13140	26.5086
13150	25.5172
13160	35.5172
13170	33.6638
13180	28.7931
13190	26.5086
13200	25.5172
13210	35.5172
13220	33.6719
13230	28.8242
13240	26.4491
13250	25.4936
13260	35.4936
13270	33.691
13280	28.8754
13290	26.4609
13300	25.5632
13310	35.5632
13320	33.6596
13330	28.766
13340	26.4255
13350	25.5745
13360	35.5745
13370	33.6596
13380	28.766
13390	26.4255
13400	25.5745
13410	35.5745
13420	33.595
13430	28.7393
13440	26.4407
13450	25.6356
13460	35.6356
13470	33.5797
13480	28.7867
13490	26.3713
13500	25.6118
13510	35.6118
13520	33.5946
13530	28.849
13540	26.431
13550	25.5462
13560	35.5462
13570	33.5714
13580	28.8717
13590	26.4923
13600	25.4862
13610	35.4862
13620	33.5565
13630	28.9121
13640	26.5721
13650	25.4421
13660	35.4421
13670	33.5502
13680	28.9583
13690	26.6667
13700	25.4167
13710	35.4167
13720	33.4784
13730	28.9314
13740	26.6805
13750	25.4772
13760	35.4772
13770	33.4639
13780	28.8531
13790	26.6529
13800	25.4959
13810	35.4959
13820	33.4953
13830	28.7954
13840	26.6613
13850	25.5738
13860	35.5738
13870	33.4836
13880	28.7415
13890	26.6199
13900	25.4976
13910	35.4976
13920	33.4959
13930	28.8618
13940	26.6696
13950	25.5025
13960	35.5025
13970	33.4091
13980	28.8259
13990	26.6802
14000	25.5466
14010	35.5466
14020	33.4204
14030	28.7598
14040	26.6532
14050	25.5645
14060	35.5645
14070	33.5065
14080	28.8594
14090	26.68
14100	25.48
14110	35.48
14120	33.4558
14130	28.8767
14140	26.7039
14150	25.5378
14160	35.5378
14170	33.3865
14180	28.8446
14190	26.6932
14200	25.5378
14210	35.5378
14220	33.3865
14230	28.8446
14240	26.6842
14250	25.5403
14260	35.5403
14270	33.4208
14280	28.9286
14290	26.627
14300	25.5159
14310	35.5159
14320	33.3721
14330	28.9564
14340	26.7323
14350	25.5118
14360	35.5118
14370	33.2671
14380	28.8472
14390	26.7188
14400	25.5859
14410	35.5859
14420	33.2812
14430	28.8281
14440	26.7188
14450	25.5859
14460	35.5859
14470	33.2812
14480	28.82
14490	26.7387
14500	25.6491
14510	35.6491
14520	33.2558
14530	28.7209
14540	26.711
14550	25.6866
14560	35.6866
14570	33.2195
14580	28.6154
14590	26.6923
14600	25.7308
14610	35.7308
14620	33.2308
14630	28.6154
14640	26.6923
14650	25.7308
14660	35.7308
14670	33.2689
14680	28.606
14690	26.6031
14700	25.7252
14710	35.7252
14720	33.3206
14730	28.626
14740	26.6031
14750	25.7252
14760	35.7252
14770	33.3206
14780	28.626
14790	26.6031
14800	25.7252
14810	35.7252
14820	33.3206
14830	28.626
14840	26.6031
14850	25.7252
14860	35.7252
14870	33.3206
14880	28.626
14890	26.6031
14900	25.7252
14910	35.7252
14920	33.3582
14930	28.7303
14940	26.6288
14950	25.6439
14960	35.6439
14970	33.3704
14980	28.8528
14990	26.6541
15000	25.5639
15010	35.5639
15020	33.3459
15030	28.8722
15040	26.6541
15050	25.5639
15060	35.5639
15070	33.3459
15080	28.8776
15090	26.6733
15100	25.5102
15110	35.5102
15120	33.3333
15130	28.9139
15140	26.7358
15150	25.5216
15160	35.5216
15170	33.2864
15180	28.9591
15190	26.6915
15200	25.539
15210	35.539
15220	33.3076
15230	29.0587
15240	26.7159
15250	25.4613
15260	35.4613
15270	33.2841
15280	29.0775
15290	26.7159
15300	25.4613
15310	35.4613
15320	33.2619
15330	29.074
15340	26.7379
15350	25.5147
15360	35.5147
15370	33.1985
15380	29.0493
15390	26.6917
15400	25.499
15410	35.499
15420	33.2234
15430	29.1209
15440	26.6584
15450	25.4969
15460	35.4969
15470	33.2554
15480	29.1971
15490	26.6058
15500	25.4745
15510	35.4745
15520	33.3011
15530	29.233
15540	26.6065
15550	25.4152
15560	35.4152
15570	33.3213
15580	29.2419
15590	26.6065
15600	25.4152
15610	35.4152
15620	33.342
15630	29.2526
15640	26.5931
15650	25.3571
15660	35.3571
15670	33.3929
15680	29.278
15690	26.6264
15700	25.3276
15710	35.3276
15720	33.4397
15730	29.2553
15740	26.6693
15750	25.2863
15760	35.2863
15770	33.4346
15780	29.2933
15790	26.7491
15800	25.265
15810	35.265
15820	33.4442
15830	29.3398
15840	26.831
15850	25.2113
15860	35.2113
15870	33.3786
15880	29.3531
15890	26.9231
15900	25.2098
15910	35.2098
15920	33.3071
15930	29.2936
15940	26.9292
15950	25.2778
15960	35.2778
15970	33.2986
15980	29.241
15990	26.8755
16000	25.2637
16010	35.2637
16020	33.3218
16030	29.308
16040	26.8512
16050	25.2595
16060	35.2595
16070	33.3218
16080	29.308
16090	26.8512
16100	25.2595
16110	35.2595
16120	33.3218
16130	29.308
16140	26.8512
16150	25.2595
16160	35.2595
16170	33.3218
16180	29.308
16190	26.8512
16200	25.2595
16210	35.2595
16220	33.3218
16230	29.308
16240	26.8512
16250	25.2595
16260	35.2595
16270	33.3218
16280	29.3052
16290	26.8869
16300	25.2691
16310	35.2691
16320	33.2877
16330	29.2466
16340	26.9228
16350	25.2554
16360	35.2554
16370	33.2107
16380	29.2517
16390	27.0068
16400	25.2721
16410	35.2721
16420	33.2137
16430	29.2964
16440	26.9492
16450	25.2542
16460	35.2542
16470	33.1854
16480	29.3433
16490	27.037
16500	25.2525
16510	35.2525
16520	33.1175
16530	29.2859
16540	27.0423
16550	25.3177
16560	35.3177
16570	33.1104
16580	29.2308
16590	27.0234
16600	25.3177
16610	35.3177
16620	33.1104
16630	29.2308
16640	27.0283
16650	25.3428
16660	35.3428
16670	33.0794
16680	29.1362
16690	27.01
16700	25.3821
16710	35.3821
16720	33.0897
16730	29.1362
16740	27.01
16750	25.3821
16760	35.3821
16770	33.106
16780	29.1802
16790	27.0861
16800	25.3311
16810	35.3311
16820	33.0661
16830	29.1325
16840	27.0909
16850	25.3947
16860	35.3947
16870	33.0592
16880	29.0717
16890	27.0397
16900	25.4002
16910	35.4002
16920	33.1373
16930	29.085
16940	26.9958
16950	25.362
16960	35.362
16970	33.1334
16980	29.1205
16990	27.0684
17000	25.342
17010	35.342
17020	33.127
17030	29.1205
17040	27.0684
17050	25.342
17060	35.342
17070	33.0939
17080	29.1418
17090	27.1521
17100	25.3398
17110	35.3398
17120	33.0421
17130	29.1262
17140	27.1521
17150	25.3398
17160	35.3398
17170	33.0421
17180	29.1146
17190	27.1521
17200	25.3588
17210	35.3588
17220	33.0968
17230	29.0645
17240	27.129
17250	25.3548
17260	35.3548
17270	33.0968
17280	29.0645
17290	27.129
17300	25.3548
17310	35.3548
17320	33.1125
17330	29.0109
17340	27.1061
17350	25.3698
17360	35.3698
17370	33.1027
17380	28.982
17390	27.1154
17400	25.4167
17410	35.4167
17420	33.0703
17430	29.0161
17440	27.1315
17450	25.3968
17460	35.3968
17470	33.0159
17480	29.0476
17490	27.1429
17500	25.3968
17510	35.3968
17520	33.0159
17530	29.0476
17540	27.1451
17550	25.3676
17560	35.3676
17570	33.0125
17580	29.0823
17590	27.2152
17600	25.3481
17610	35.3481
17620	33.0063
17630	29.0823
17640	27.2152
17650	25.3481
17660	35.3481
17670	33.0374
17680	29.1659
17690	27.2327
17700	25.283
17710	35.283
17720	33.0189
17730	29.1824
17740	27.2327
17750	25.283
17760	35.283
17770	33.0189
17780	29.1867
17790	27.2013
17800	25.2703
17810	35.2703
17820	33.0408
17830	29.2477
17840	27.1787
17850	25.2665
17860	35.2665
17870	33.0408
17880	29.2477
17890	27.1787
17900	25.2665
17910	35.2665
17920	33.056
17930	29.2888
17940	27.25
17950	25.2188
17960	35.2188
17970	33.0312
17980	29.2812
17990	27.25
18000	25.2188
18010	35.2188
18020	33.0373
18030	29.3027
18040	27.2925
18050	25.1713
18060	35.1713
18070	33.0218
18080	29.3189
18090	27.3363
18100	25.128
18110	35.128
18120	33.0124
18130	29.3478
18140	27.3979
18150	25.1203
18160	35.1203
18170	32.9807
18180	29.2923
18190	27.4462
18200	25.1385
18210	35.1385
18220	32.9846
18230	29.2923
18240	27.4462
18250	25.1385
18260	35.1385
18270	32.9382
18280	29.2711
18290	27.454
18300	25.184
18310	35.1841
18320	32.9261
18330	29.3057
18340	27.4509
18350	25.122
18360	35.1219
18370	32.9268
18380	29.3639
18390	27.4845
18400	25.0797
18410	35.0797
18420	32.9179
18430	29.3921
18440	27.5444
18450	25.0725
18460	35.0725
18470	32.8876
18480	29.3373
18490	27.5904
18500	25.0904
18510	35.0904
18520	32.9062
18530	29.2863
18540	27.5676
18550	25.1051
18560	35.1051
18570	32.9429
18580	29.2793
18590	27.5676
18600	25.1051
18610	35.1051
18620	32.9546
18630	29.3203
18640	27.5641
18650	25.0448
18660	35.0448
18670	32.9552
18680	29.3772
18690	27.5967
18700	25.0036
18710	35.0036
18720	32.9464
18730	29.4048
18740	27.6488
18750	25
18760	35
18770	32.9464
18780	29.4048
18790	27.6488
18800	25
18810	35
18820	32.9464
18830	29.4048
18840	27.6488
18850	25
18860	35
18870	32.9607
18880	29.3542
18890	27.6261
18900	25.0148
18910	35.0148
18920	33.0027
18930	29.3674
18940	27.6658
18950	24.9704
18960	34.9704
18970	32.9882
18980	29.3787
18990	27.6923
19000	24.9704
19010	34.9704
19020	32.9882
19030	29.3787
19040	27.6944
19050	24.9439
19060	34.9439
19070	32.985
19080	29.41
19090	27.7581
19100	24.9263
19110	34.9263
19120	32.9794
19130	29.41
19140	27.7581
19150	24.9263
19160	34.9263
19170	32.9934
19180	29.448
19190	27.7059
19200	24.9118
19210	34.9118
19220	33.0056
19230	29.4377
19240	27.6923
19250	24.9267
19260	34.9267
19270	33.0499
19280	29.4069
19290	27.6534
19300	24.934
19310	34.934
19320	33.1195
19330	29.4169
19340	27.6068
19350	24.9156
19360	34.9156
19370	33.1756
19380	29.4509
19390	27.6012
19400	24.8844
19410	34.8844
19420	33.1792
19430	29.4509
19440	27.6012
19450	24.8844
19460	34.8844
19470	33.1927
19480	29.4881
19490	27.5504
19500	24.8703
19510	34.8703
19520	33.1988
19530	29.5101
19540	27.5504
19550	24.8703
19560	34.8703
19570	33.1988
19580	29.5036
19590	27.5645
19600	24.8491
19610	34.8491
19620	33.2378
19630	29.4842
19640	27.5972
19650	24.8283
19660	34.8283
19670	33.1734
19680	29.4872
19690	27.6638
19700	24.8433
19710	34.8433
19720	33.1757
19730	29.5238
19740	27.6136
19750	24.8295
19760	34.8295
19770	33.1384
19780	29.5252
19790	27.6204
19800	24.8725
19810	34.8725
19820	33.1215
19830	29.4867
19840	27.6075
19850	24.887
19860	34.887
19870	33.1638
19880	29.4633
19890	27.5989
19900	24.887
19910	34.887
19920	33.1638
19930	29.4633
19940	27.5989
19950	24.887
19960	34.887
19970	33.1638
19980	29.4633
19990	27.5989
20000	24.887
20010	34.887
20020	33.1638
20030	29.4633
20040	27.5989
20050	24.887
20060	34.887
20070	33.1207
20080	29.4433
20090	27.6056
20100	24.9296
20110	34.9296
20120	33.0814
20130	29.4333
20140	27.6209
20150	24.9719
20160	34.9719
20170	33.0337
20180	29.4177
20190	27.6397
20200	24.9648
20210	34.9648
20220	32.9609
20230	29.4134
20240	27.6752
20250	24.9749
20260	34.9749
20270	32.9858
20280	29.4708
20290	27.6323
20300	24.9582
20310	34.9582
20320	32.9805
20330	29.4708
20340	27.6323
20350	24.9582
20360	34.9582
20370	32.9805
20380	29.4708
20390	27.6323
20400	24.9582
20410	34.9582
20420	32.9858
20430	29.4896
20440	27.5918
20450	24.9444
20460	34.9444
20470	33
20480	29.5278
20490	27.5833
20500	24.9444
20510	34.9444
20520	33
20530	29.5278
20540	27.5833
20550	24.9444
20560	34.9444
20570	33
20580	29.5278
20590	27.5833
20600	24.9444
20610	34.9444
20620	32.9578
20630	29.508
20640	27.59
20650	24.9861
20660	34.9861
20670	32.9496
20680	29.4541
20690	27.5691
20700	25
20710	35
20720	32.9834
20730	29.4475
20740	27.5691
20750	25
20760	35
20770	32.9834
20780	29.4475
20790	27.5691
20800	25
20810	35
20820	32.9834
20830	29.4475
20840	27.5691
20850	25
20860	35
20870	32.9834
20880	29.4475
20890	27.5691
20900	25
20910	35
20920	32.9967
20930	29.4005
20940	27.5482
20950	25.0138
20960	35.0138
20970	33.0435
20980	29.3472
20990	27.5275
21000	25.0275
21010	35.0275
21020	33.0769
21030	29.3407
21040	27.5275
21050	25.0275
21060	35.0275
21070	33.0769
21080	29.3444
21090	27.5409
21100	25.0581
21110	35.0581
21120	33.0137
21130	29.3151
21140	27.5362
21150	25.0793
21160	35.0793
21170	32.9561
21180	29.2896
21190	27.541
21200	25.1093
21210	35.1093
21220	32.9229
21230	29.3062
21240	27.6087
21250	25.1087
21260	35.1087
21270	32.8937
21280	29.3288
21290	27.6694
21300	25.0677
21310	35.0677
21320	32.8779
21330	29.2923
21340	27.6568
21350	25.0811
21360	35.0811
21370	32.9189
21380	29.2703
21390	27.6486
21400	25.0811
21410	35.0811
21420	32.9189
21430	29.2703
21440	27.6524
21450	25.0675
21460	35.0675
21470	32.9484
21480	29.2473
21490	27.6882
21500	25.0538
21510	35.0538
21520	32.97
21530	29.2823
21540	27.748
21550	25.0134
21560	35.0134
21570	32.9085
21580	29.2575
21590	27.754
21600	25.0535
21610	35.0535
21620	32.9032
21630	29.2581
21640	27.7378
21650	25.0133
21660	35.0133
21670	32.9443
21680	29.2778
21690	27.7181
21700	25.0196
21710	35.0196
21720	33.0079
21730	29.2876
21740	27.6781
21750	25.0132
21760	35.0132
21770	33.0079
21780	29.2876
21790	27.6781
21800	25.0132
21810	35.0132
21820	33.0206
21830	29.3219
21840	27.7368
21850	24.9737
21860	34.9737
21870	33.0251
21880	29.3053
21890	27.7749
21900	24.9476
21910	34.9476
21920	33.0207
21930	29.2902
21940	27.7887
21950	24.9869
21960	34.9869
21970	32.9765
21980	29.2689
21990	27.7807
22000	24.9869
22010	34.9869
22020	32.9765
22030	29.2689
22040	27.7843
22050	25.0078
22060	35.0078
22070	32.9528
22080	29.1948
22090	27.7662
22100	25.039
22110	35.039
22120	32.9217
22130	29.1769
22140	27.772
22150	25.0777
22160	35.0777
22170	32.9141
22180	29.2049
22190	27.8295
22200	25.0388
22210	35.0388
22220	32.8991
22230	29.2167
22240	27.8636
22250	25
22260	35
22270	32.8866
22280	29.2303
22290	27.8603
22300	24.9903
22310	34.9903
22320	32.9049
22330	29.2802
22340	27.8441
22350	24.9745
22360	34.9745
22370	32.933
22380	29.2583
22390	27.8772
22400	24.9616
22410	34.9616
22420	32.9534
22430	29.2915
22440	27.8316
22450	24.949
22460	34.949
22470	32.9714
22480	29.2679
22490	27.8117
22500	24.9618
22510	34.9618
22520	33.0025
22530	29.2621
22540	27.8117
22550	24.9618
22560	34.9618
22570	33.0025
22580	29.2599
22590	27.7976
22600	24.9964
22610	34.9964
22620	33.0051
22630	29.2424
22640	27.7543
22650	25.0101
22660	35.0101
22670	33.0351
22680	29.194
22690	27.733
22700	25.0126
22710	35.0126
22720	33.0599
22730	29.2269
22740	27.6884
22750	25
22760	35
22770	33.0392
22780	29.1866
22790	27.675
22800	25.05
22810	35.05
22820	33.0596
22830	29.2094
22840	27.6718
22850	25
22860	35
22870	33.0597
22880	29.2537
22890	27.6866
22900	25
22910	35
22920	33.0597
22930	29.2537
22940	27.6808
22950	25.0025
22960	35.0025
22970	33.0817
22980	29.3052
22990	27.6427
23000	24.9876
23010	34.9876
23020	33.0887
23030	29.3375
23040	27.698
23050	24.9505
23060	34.9505
23070	33.0693
23080	29.3317
23090	27.698
23100	24.9505
23110	34.9505
23120	33.074
23130	29.3486
23140	27.731
23150	24.9136
23160	34.9136
23170	33.0617
23180	29.358
23190	27.7531
23200	24.9136
23210	34.9136
23220	33.0617
23230	29.358
23240	27.7531
23250	24.9136
23260	34.9136
23270	33.0617
23280	29.358
23290	27.7531
23300	24.9136
23310	34.9136
23320	33.0734
23330	29.3161
23340	27.734
23350	24.9261
23360	34.9261
23370	33.1266
23380	29.3006
23390	27.6716
23400	24.9265
23410	34.9265
23420	33.1664
23430	29.2865
23440	27.6603
23450	24.9389
23460	34.9389
23470	33.2029
23480	29.2577
23490	27.6525
23500	24.9541
23510	34.9541
23520	33.2439
23530	29.2195
23540	27.6358
23550	24.9609
23560	34.9609
23570	33.1921
23580	29.1971
23590	27.6399
23600	24.9878
23610	34.9878
23620	33.2102
23630	29.1879
23640	27.6755
23650	24.9637
23660	34.9637
23670	33.243
23680	29.1677
23690	27.6145
23700	24.9639
23710	34.9639
23720	33.2816
23730	29.1974
23740	27.6467
23750	24.9279
23760	34.9279
23770	33.2692
23780	29.2067
23790	27.6683
23800	24.9279
23810	34.9279
23820	33.2692
23830	29.2067
23840	27.6661
23850	24.9184
23860	34.9184
23870	33.3148
23880	29.2363
23890	27.6611
23900	24.8926
23910	34.8926
23920	33.3394
23930	29.2272
23940	27.601
23950	24.8931
23960	34.8931
23970	33.3729
23980	29.2399
23990	27.601
24000	24.8931
24010	34.8931
24020	33.3583
24030	29.2374
24040	27.6139
24050	24.9289
24060	34.9289
24070	33.3175
24080	29.218
24090	27.6066
24100	24.9289
24110	34.9289
24120	33.3175
24130	29.218
24140	27.6045
24150	24.95
24160	34.95
24170	33.3151
24180	29.2
24190	27.5529
24200	24.9647
24210	34.9647
24220	33.3176
24230	29.2
24240	27.5529
24250	24.9647
24260	34.9647
24270	33.3395
24280	29.1912
24290	27.4941
24300	24.9649
24310	34.9649
24320	33.3667
24330	29.1918
24340	27.528
24350	24.9767
24360	34.9767
24370	33.3488
24380	29.1661
24390	27.5115
24400	24.9679
24410	34.9679
24420	33.3643
24430	29.2111
24440	27.4958
24450	24.9744
24460	34.9744
24470	33.3912
24480	29.1667
24490	27.4769
24500	24.9769
24510	34.9769
24520	33.4135
24530	29.1971
24540	27.5289
24550	24.9423
24560	34.9423
24570	33.3949
24580	29.1917
24590	27.5289
24600	24.9423
24610	34.9423
24620	33.3949
24630	29.1917
24640	27.5289
24650	24.9423
24660	34.9423
24670	33.3949
24680	29.1917
24690	27.5289
24700	24.9423
24710	34.9423
24720	33.3949
24730	29.1917
24740	27.5289
24750	24.9423
24760	34.9423
24770	33.3949
24780	29.1917
24790	27.5289
24800	24.9423
24810	34.9423
24820	33.3949
24830	29.1917
24840	27.5289
24850	24.9423
24860	34.9423
24870	33.3949
24880	29.1917
24890	27.5289
24900	24.9423
24910	34.9423
24920	33.3807
24930	29.1893
24940	27.5415
24950	24.977
24960	34.977
24970	33.341
24980	29.1623
24990	27.5344
25000	24.9912
25010	34.9912
25020	33.3793
25030	29.1264
25040	27.5188
25050	24.9976
25060	34.9976
25070	33.3303
25080	29.1055
25090	27.5229
25100	25.0229
25110	35.0229
25120	33.3577
25130	29.1274
25140	27.5171
25150	24.9886
25160	34.9886
25170	33.3924
25180	29.1262
25190	27.4603
25200	24.9887
25210	34.9887
25220	33.424
25230	29.1383
25240	27.4603
25250	24.9887
25260	34.9887
25270	33.424
25280	29.1335
25290	27.4713
25300	24.9714
25310	34.9714
25320	33.4537
25330	29.1196
25340	27.4892
25350	24.9683
25360	34.9683
25370	33.473
25380	29.1667
25390	27.455
25400	24.955
25410	34.955
25420	33.4788
25430	29.1963
25440	27.4157
25450	24.9438
25460	34.9438
25470	33.4831
25480	29.2135
25490	27.4157
25500	24.9438
25510	34.9438
25520	33.4873
25530	29.2291
25540	27.4462
25550	24.9103
25560	34.9103
25570	33.4753
25580	29.2377
25590	27.4664
25600	24.9103
25610	34.9103
25620	33.4753
25630	29.2377
25640	27.4679
25650	24.9192
25660	34.9192
25670	33.5011
25680	29.1946
25690	27.4497
25700	24.9217
25710	34.9217
25720	33.5326
25730	29.2532
25740	27.461
25750	24.8775
25760	34.8775
25770	33.5491
25780	29.2856
25790	27.4558
25800	24.8451
25810	34.8451
25820	33.5619
25830	29.292
25840	27.4558
25850	24.8451
25860	34.8451
25870	33.5619
25880	29.2983
25890	27.4446
25900	24.8618
25910	34.8618
25920	33.5242
25930	29.3172
25940	27.4195
25950	24.8787
25960	34.8787
25970	33.5679
25980	29.3202
25990	27.3684
26000	24.8684
26010	34.8684
26020	33.5844
26030	29.3488
26040	27.4179
26050	24.8359
26060	34.8359
26070	33.5625
26080	29.3482
26090	27.4187
26100	24.8373
26110	34.8373
26120	33.5614
26130	29.3253
26140	27.4091
26150	24.8485
26160	34.8485
26170	33.5931
26180	29.3104
26190	27.381
26200	24.8404
26210	34.8404
26220	33.6069
26230	29.3521
26240	27.365
26250	24.838
26260	34.838
26270	33.6069
26280	29.3521
26290	27.365
26300	24.838
26310	34.838
26320	33.6069
26330	29.3521
26340	27.365
26350	24.838
26360	34.838
26370	33.6069
26380	29.3521
26390	27.365
26400	24.838
26410	34.838
26420	33.6108
26430	29.367
26440	27.3944
26450	24.806
26460	34.806
26470	33.5991
26480	29.3781
26490	27.3923
26500	24.7981
26510	34.7981
26520	33.6129
26530	29.4194
26540	27.3746
26550	24.7871
26560	34.7871
26570	33.6516
26580	29.4444
26590	27.3718
26600	24.765
26610	34.765
26620	33.6538
26630	29.4444
26640	27.3718
26650	24.765
26660	34.765
26670	33.6822
26680	29.4634
26690	27.3673
26700	24.7346
26710	34.7346
26720	33.6811
26730	29.4669
26740	27.3793
26750	24.7669
26760	34.7669
26770	33.6441
26780	29.4551
26790	27.3625
26800	24.7304
26810	34.7304
26820	33.6498
26830	29.5148
26840	27.3792
26850	24.7279
26860	34.7279
26870	33.6673
26880	29.5579
26890	27.3474
26900	24.7158
26910	34.7158
26920	33.6724
26930	29.585
26940	27.395
26950	24.6849
26960	34.6849
26970	33.6228
26980	29.5649
26990	27.4004
27000	24.717
27010	34.717
27020	33.6133
27030	29.5507
27040	27.3614
27050	24.7182
27060	34.7182
27070	33.6534
27080	29.5704
27090	27.3491
27100	24.7061
27110	34.7061
27120	33.61
27130	29.6058
27140	27.3667
27150	24.7179
27160	34.7179
27170	33.5651
27180	29.5859
27190	27.3706
27200	24.7412
27210	34.7412
27220	33.5703
27230	29.6125
27240	27.3347
27250	24.7314
27260	34.7314
27270	33.5744
27280	29.6281
27290	27.3347
27300	24.7314
27310	34.7314
27320	33.5744
27330	29.6281
27340	27.3347
27350	24.7314
27360	34.7314
27370	33.5744
27380	29.631
27390	27.3143
27400	24.7239
27410	34.7239
27420	33.5876
27430	29.6701
27440	27.299
27450	24.7216
27460	34.7216
27470	33.5876
27480	29.6701
27490	27.299
27500	24.7216
27510	34.7216
27520	33.574
27530	29.6464
27540	27.3361
27550	24.7336
27560	34.7336
27570	33.5656
27580	29.6311
27590	27.3361
27600	24.7336
27610	34.7336
27620	33.5692
27630	29.6083
27640	27.3272
27650	24.7444
27660	34.7444
27670	33.5992
27680	29.5995
27690	27.3216
27700	24.7324
27710	34.7324
27720	33.5569
27730	29.6341
27740	27.3389
27750	24.7175
27760	34.7175
27770	33.5536
27780	29.6552
27790	27.3834
27800	24.7059
27810	34.7059
27820	33.5587
27830	29.6811
27840	27.3482
27850	24.6964
27860	34.6964
27870	33.5718
27880	29.7222
27890	27.3939
27900	24.6667
27910	34.6667
27920	33.5556
27930	29.7172
27940	27.3939
27950	24.6667
27960	34.6667
27970	33.5556
27980	29.72
27990	27.4042
28000	24.6897
28010	34.6897
28020	33.5081
28030	29.6976
28040	27.4007
28050	24.6796
28060	34.6796
28070	33.5049
28080	29.7183
28090	27.4447
28100	24.668
28110	34.668
28120	33.51
28130	29.7439
28140	27.49
28150	24.6386
28160	34.6386
28170	33.4718
28180	29.7498
28190	27.54
28200	24.64
28210	34.64
28220	33.44
28230	29.74
28240	27.54
28250	24.64
28260	34.64
28270	33.44
28280	29.7427
28290	27.55
28300	24.613
28310	34.613
28320	33.4331
28330	29.7605
28340	27.5818
28350	24.6211
28360	34.6211
28370	33.4072
28380	29.7813
28390	27.5547
28400	24.6322
28410	34.6322
28420	33.4085
28430	29.7469
28440	27.5397
28450	24.6429
28460	34.6429
28470	33.4285
28480	29.7436
28490	27.5394
28500	24.6457
28510	34.6457
28520	33.4287
28530	29.7573
28540	27.566
28550	24.6169
28560	34.6169
28570	33.4185
28580	29.7669
28590	27.5639
28600	24.61
28610	34.61
28620	33.4314
28630	29.8039
28640	27.5505
28650	24.6159
28660	34.6159
28670	33.3893
28680	29.7847
28690	27.5538
28700	24.638
28710	34.638
28720	33.3855
28730	29.7847
28740	27.5538
28750	24.638
28760	34.638
28770	33.3552
28780	29.7704
28790	27.5586
28800	24.668
28810	34.668
28820	33.3398
28830	29.7656
28840	27.5586
28850	24.668
28860	34.668
28870	33.3398
28880	29.7683
28890	27.5391
28900	24.6611
28910	34.6611
28920	33.3528
28930	29.8051
28940	27.5272
28950	24.6495
28960	34.6495
28970	33.3083
28980	29.8058
28990	27.5728
29000	24.6602
29010	34.6602
29020	33.3098
29030	29.7722
29040	27.5581
29050	24.6705
29060	34.6705
29070	33.3421
29080	29.792
29090	27.6015
29100	24.6422
29110	34.6422
29120	33.3304
29130	29.8001
29140	27.6276
29150	24.6139
29160	34.6139
29170	33.3205
29180	29.8025
29190	27.6544
29200	24.6005
29210	34.6005
29220	33.3462
29230	29.7885
29240	27.6731
29250	24.5962
29260	34.5962
29270	33.3462
29280	29.7885
29290	27.6731
29300	24.5962
29310	34.5962
29320	33.3337
29330	29.8227
29340	27.6864
29350	24.5889
29360	34.5889
29370	33.325
29380	29.8759
29390	27.6952
29400	24.5524
29410	34.5524
29420	33.3143
29430	29.8857
29440	27.6952
29450	24.5524
29460	34.5524
29470	33.3143
29480	29.8908
29490	27.7142
29500	24.5489
29510	34.5489
29520	33.2638
29530	29.8861
29540	27.7447
29550	24.5452
29560	34.5452
29570	33.2207
29580	29.8866
29590	27.7883
29600	24.5558
29610	34.5558
29620	33.1844
29630	29.8725
29640	27.7925
29650	24.5849
29660	34.5849
29670	33.1407
29680	29.8539
29690	27.7966
29700	24.6139
29710	34.6139
29720	33.1331
29730	29.8742
29740	27.7942
29750	24.5779
29760	34.5779
29770	33.1332
29780	29.9018
29790	27.814
29800	24.565
29810	34.565
29820	33.1589
29830	29.8879
29840	27.8289
29850	24.5707
29860	34.5707
29870	33.1354
29880	29.9069
29890	27.8026
29900	24.581
29910	34.581
29920	33.1455
29930	29.8977
29940	27.8293
29950	24.564
29960	34.564
29970	33.1709
29980	29.8795
29990	27.8558
30000	24.5471
30010	34.5471
30020	33.1746
30030	29.8593
30040	27.8816
30050	24.5588
30060	34.5588
30070	33.1618
30080	29.837
30090	27.8951
30100	24.5342
30110	34.5342
30120	33.156
30130	29.8532
30140	27.9266
30150	24.5321
30160	34.5321
30170	33.156
30180	29.8532
30190	27.9266
30200	24.5321
30210	34.5321
30220	33.1643
30230	29.8762
30240	27.8938
30250	24.5238
30260	34.5238
30270	33.1851
30280	29.881
30290	27.8467
30300	24.5255
30310	34.5255
30320	33.2037
30330	29.8673
30340	27.848
30350	24.5636
30360	34.5636
30370	33.2
30380	29.837
30390	27.8359
30400	24.566
30410	34.566
30420	33.1949
30430	29.8375
30440	27.8352
30450	24.5509
30460	34.5509
30470	33.1926
30480	29.8559
30490	27.8739
30500	24.5405
30510	34.5405
30520	33.1974
30530	29.8245
30540	27.8597
30550	24.5504
30560	34.5504
30570	33.2276
30580	29.8427
30590	27.8276
30600	24.5422
30610	34.5422
30620	33.2205
30630	29.8539
30640	27.8373
30650	24.5699
30660	34.5699
30670	33.19
30680	29.8435
30690	27.8492
30700	24.5666
30710	34.5666
30720	33.1429
30730	29.8393
30740	27.8763
30750	24.5789
30760	34.5789
30770	33.1049
30780	29.8217
30790	27.8788
30800	24.5989
30810	34.5989
30820	33.0742
30830	29.8085
30840	27.8826
30850	24.6263
30860	34.6263
30870	33.0332
30880	29.7911
30890	27.8863
30900	24.6536
30910	34.6536
30920	33.0228
30930	29.7667
30940	27.878
30950	24.6631
30960	34.6631
30970	33.0496
30980	29.7453
30990	27.8722
31000	24.6746
31010	34.6746
31020	33.0796
31030	29.7168
31040	27.8597
31050	24.6569
31060	34.6569
31070	33.0775
31080	29.735
31090	27.8975
31100	24.6466
31110	34.6466
31120	33.0742
31130	29.735
31140	27.8975
31150	24.6466
31160	34.6466
31170	33.0553
31180	29.7443
31190	27.8697
31200	24.6655
31210	34.6655
31220	33.049
31230	29.7652
31240	27.8439
31250	24.6573
31260	34.6573
31270	33.058
31280	29.7891
31290	27.8383
31300	24.6573
31310	34.6573
31320	33.058
31330	29.7891
31340	27.8396
31350	24.6418
31360	34.6418
31370	33.0559
31380	29.807
31390	27.8772
31400	24.6316
31410	34.6316
31420	33.0526
31430	29.807
31440	27.8772
31450	24.6316
31460	34.6316
31470	33.0688
31480	29.7986
31490	27.8322
31500	24.6329
31510	34.6329
31520	33.0976
31530	29.8193
31540	27.8066
31550	24.6248
31560	34.6248
31570	33.1065
31580	29.8365
31590	27.8009
31600	24.6362
31610	34.6362
31620	33.1359
31630	29.8084
31640	27.7835
31650	24.6361
31660	34.6361
31670	33.1511
31680	29.8435
31690	27.7565
31700	24.6261
31710	34.6261
31720	33.1637
31730	29.8351
31740	27.7816
31750	24.6101
31760	34.6101
31770	33.1449
31780	29.8139
31790	27.7855
31800	24.6367
31810	34.6367
31820	33.1347
31830	29.8211
31840	27.7602
31850	24.6287
31860	34.6287
31870	33.1433
31880	29.8469
31890	27.7633
31900	24.6054
31910	34.6054
31920	33.1379
31930	29.8621
31940	27.7943
31950	24.6106
31960	34.6106
31970	33.1013
31980	29.8451
31990	27.7969
32000	24.6299
32010	34.63
32020	33.106
32030	29.8667
32040	27.7663
32050	24.622
32060	34.622
32070	33.11
32080	29.8797
32090	27.7663
32100	24.622
32110	34.622
32120	33.1131
32130	29.8602
32140	27.7584
32150	24.6312
32160	34.6312
32170	33.1389
32180	29.8479
32190	27.7615
32200	24.6081
32210	34.6081
32220	33.1336
32230	29.863
32240	27.7884
32250	24.6152
32260	34.6152
32270	33.1685
32280	29.8635
32290	27.7474
32300	24.6075
32310	34.6075
32320	33.1741
32330	29.8635
32340	27.7474
32350	24.6075
32360	34.6075
32370	33.1896
32380	29.8552
32390	27.7041
32400	24.6088
32410	34.6088
32420	33.2174
32430	29.8446
32440	27.6963
32450	24.618
32460	34.618
32470	33.2428
32480	29.8348
32490	27.6825
32500	24.6316
32510	34.6316
32520	33.2149
32530	29.8477
32540	27.665
32550	24.6362
32560	34.6362
32570	33.2149
32580	29.8477
32590	27.665
32600	24.6362
32610	34.6362
32620	33.2149
32630	29.8477
32640	27.665
32650	24.6362
32660	34.6362
32670	33.2226
32680	29.869
32690	27.6351
32700	24.6284
32710	34.6284
32720	33.2294
32730	29.8929
32740	27.6107
32750	24.6206
32760	34.6206
32770	33.2378
32780	29.9202
32790	27.5971
32800	24.6341
32810	34.6341
32820	33.2101
32830	29.9328
32840	27.5785
32850	24.6325
32860	34.6325
32870	33.2418
32880	29.9498
32890	27.5753
32900	24.6154
32910	34.6154
32920	33.2517
32930	29.9207
32940	27.5626
32950	24.6244
32960	34.6244
32970	33.254
32980	29.925
32990	27.604
33000	24.6256
33010	34.6256
33020	33.228
33030	29.9168
33040	27.604
33050	24.6256
33060	34.6256
33070	33.228
33080	29.9129
33090	27.6124
33100	24.6555
33110	34.6555
33120	33.2172
33130	29.8673
33140	27.5978
33150	24.6736
33160	34.6736
33170	33.2012
33180	29.8182
33190	27.5868
33200	24.6942
33210	34.6942
33220	33.2142
33230	29.839
33240	27.6238
33250	24.67
33260	34.67
33270	33.2164
33280	29.8765
33290	27.6316
33300	24.6382
33310	34.6382
33320	33.2102
33330	29.8662
33340	27.6242
33350	24.647
33360	34.647
33370	33.2348
33380	29.8544
33390	27.6027
33400	24.6412
33410	34.6412
33420	33.2459
33430	29.8852
33440	27.5914
33450	24.6248
33460	34.6248
33470	33.2437
33480	29.9018
33490	27.6268
33500	24.6154
33510	34.6154
33520	33.2554
33530	29.9428
33540	27.6346
33550	24.584
33560	34.584
33570	33.2211
33580	29.9389
33590	27.6384
33600	24.6091
33610	34.6091
33620	33.2114
33630	29.9163
33640	27.6311
33650	24.6179
33660	34.6179
33670	33.2358
33680	29.9046
33690	27.6342
33700	24.6366
33710	34.6366
33720	33.1981
33730	29.8864
33740	27.6323
33750	24.6351
33760	34.6351
33770	33.1614
33780	29.8867
33790	27.6699
33800	24.644
33810	34.644
33820	33.1553
33830	29.8867
33840	27.6699
33850	24.644
33860	34.644
33870	33.1628
33880	29.8586
33890	27.6575
33900	24.6527
33910	34.6527
33920	33.1826
33930	29.8546
33940	27.6575
33950	24.6527
33960	34.6527
33970	33.1826
33980	29.8546
33990	27.6575
34000	24.6527
34010	34.6527
34020	33.1826
34030	29.8546
34040	27.6587
34050	24.6593
34060	34.6593
34070	33.1482
34080	29.8387
34090	27.6613
34100	24.6774
34110	34.6774
34120	33.1278
34130	29.7988
34140	27.6527
34150	24.7106
34160	34.7106
34170	33.135
34180	29.791
34190	27.6527
34200	24.7106
34210	34.7106
34220	33.138
34230	29.7728
34240	27.6454
34250	24.7191
34260	34.7191
34270	33.1621
34280	29.7614
34290	27.6484
34300	24.7374
34310	34.7374
34320	33.125
34330	29.7436
34340	27.6454
34350	24.7501
34360	34.7501
34370	33.1438
34380	29.712
34390	27.632
34400	24.752
34410	34.752
34420	33.1594
34430	29.7323
34440	27.6038
34450	24.7444
34460	34.7444
34470	33.1777
34480	29.737
34490	27.6274
34500	24.7293
34510	34.7293
34520	33.1847
34530	29.7293
34540	27.6274
34550	24.7293
34560	34.7293
34570	33.1847
34580	29.7293
34590	27.6274
34600	24.7293
34610	34.7293
34620	33.1847
34630	29.7293
34640	27.6285
34650	24.7358
34660	34.7358
34670	33.1508
34680	29.7138
34690	27.6312
34700	24.7536
34710	34.7536
34720	33.1552
34730	29.6864
34740	27.619
34750	24.7619
34760	34.7619
34770	33.1819
34780	29.7027
34790	27.6545
34800	24.7385
34810	34.7385
34820	33.1754
34830	29.6916
34840	27.6686
34850	24.7235
34860	34.7235
34870	33.1912
34880	29.6883
34890	27.6697
34900	24.6965
34910	34.6965
34920	33.1968
34930	29.7323
34940	27.6837
34950	24.6871
34960	34.6871
34970	33.2267
34980	29.7492
34990	27.6803
35000	24.6708
35010	34.6708
35020	33.2288
35030	29.7492
35040	27.6803
35050	24.6708
35060	34.6708
35070	33.236
35080	29.769
35090	27.6526
35100	24.6635
35110	34.6635
35120	33.2327
35130	29.7892
35140	27.6821
35150	24.6646
35160	34.6646
35170	33.1981
35180	29.7837
35190	27.6755
35200	24.6591
35210	34.6591
35220	33.2087
35230	29.8131
35240	27.6623
35250	24.6718
35260	34.6718
35270	33.2072
35280	29.7984
35290	27.6279
35300	24.6822
35310	34.6822
35320	33.2235
35330	29.7911
35340	27.6507
35350	24.6677
35360	34.6677
35370	33.2065
35380	29.7723
35390	27.6543
35400	24.6914
35410	34.6914
35420	33.1973
35430	29.7788
35440	27.6751
35450	24.6687
35460	34.6687
35470	33.1895
35480	29.7863
35490	27.6733
35500	24.6633
35510	34.6633
35520	33.2
35530	29.8154
35540	27.6615
35550	24.6615
35560	34.6615
35570	33.2
35580	29.8154
35590	27.6615
35600	24.6615
35610	34.6615
35620	33.2
35630	29.8154
35640	27.6615
35650	24.6615
35660	34.6615
35670	33.2141
35680	29.8081
35690	27.684
35700	24.6472
35710	34.6472
35720	33.2209
35730	29.8006
35740	27.684
35750	24.6472
35760	34.6472
35770	33.2209
35780	29.8027
35790	27.6917
35800	24.6648
35810	34.6648
35820	33.1853
35830	29.7856
35840	27.6898
35850	24.6833
35860	34.6833
35870	33.1706
35880	29.7405
35890	27.6794
35900	24.7023
35910	34.7023
35920	33.1756
35930	29.7405
35940	27.6794
35950	24.7023
35960	34.7023
35970	33.1896
35980	29.7334
35990	27.7017
36000	24.688
