10	10
20	2
30	2
40	2
50	2
60	2
70	3.66667
80	7
90	11.3333
100	21.3333
110	16.6667
120	16.6667
130	13.3333
140	16.8333
150	17.5
160	12.5
170	15
180	17.5
190	12.55
200	7.35
210	17.35
220	18.8
230	12
240	14
250	18
260	12
270	14
280	18
290	12
300	8.4
310	18.4
320	20.4
330	5.6
340	15.6
350	19.6
360	4.8
370	14.8
380	19
390	11.6667
400	13.3333
410	18.3333
420	11.6667
430	13.25
440	17.5
450	12.5
460	15
470	17.5
480	12.5
490	15
500	17.5
510	12.5
520	15
530	17.5
540	27.5
550	15
560	17.0833
570	13.3333
580	16.6667
590	16.6667
600	13.3333
610	16.6061
620	16.3636
630	13.6364
640	23.6364
650	22.7273
660	13.6364
670	16.3636
680	26.3636
690	17.0303
700	16.6667
710	13.3333
720	16.6667
730	16.6667
740	13.3846
750	23.3846
760	22.3077
770	13.8462
780	16.1538
790	13.8022
800	23.8022
810	21.4286
820	14.2857
830	15.7143
840	25.7143
850	18.5714
860	15.6786
870	14.375
880	24.375
890	21.25
900	14.375
910	15.625
920	14.3125
930	24.3125
940	21.0556
950	16.0556
960	17.1667
970	27.1667
980	21.9825
990	19.0468
1000	18.5205
1010	28.5205
1020	25.8889
1030	20.0994
1040	21.7205
1050	20.9099
1060	30.9099
1070	28.9099
1080	22.4099
1090	23.5
1100	21.6905
1110	31.6905
1120	19.0476
1130	17.619
1140	16.1905
1150	18.5818
1160	28.5818
1170	21.5569
1180	19.8178
1190	18.5135
1200	28.5135
1210	26.7743
1220	19.8178
1230	21.9917
1240	31.9917
1250	25.0352
1260	23.2961
1270	21.9917
1280	23.4748
1290	21.6574
1300	31.6574
1310	19.2
1320	17.2
1330	16
1340	26
1350	24.237
1360	17.517
1370	20.1096
1380	18.9985
1390	28.9985
1400	27.8874
1410	21.2207
1420	22.963
1430	21.8519
1440	17.037
1450	27.037
1460	20.5093
1470	19.0159
1480	18.3016
1490	28.3016
1500	26.5159
1510	20.4444
1520	23.2192
1530	21.1823
1540	15.5172
1550	25.5172
1560	23.1034
1570	17.5862
1580	19.3103
1590	29.3103
1600	23.7931
1610	21.3793
1620	21.0345
1630	22.7448
1640	32.7448
1650	26.9218
1660	24.9218
1670	24.2552
1680	23.3333
1690	33.3333
1700	27.1979
1710	16.157
1720	17.7699
1730	17.4473
1740	27.4473
1750	24.8667
1760	19.3374
1770	21.1207
1780	31.1207
1790	25.1832
1800	22.9957
1810	22.3707
1820	23.4337
1830	33.4337
1840	27.4053
1850	15.7576
1860	17.8788
1870	16.9697
1880	26.9697
1890	25.1515
1900	18.7879
1910	20.9091
1920	30.9091
1930	24.5455
1940	22.7273
1950	21.8182
1960	23.3333
1970	21.5152
1980	31.5152
1990	19.697
2000	17.8788
2010	16.9697
2020	26.9697
2030	25.1515
2040	18.7879
2050	20.9091
2060	20
2070	30
2080	28.1818
2090	21.8182
2100	23.3333
2110	21.5152
2120	31.5152
2130	19.4296
2140	17.959
2150	16.7825
2160	19.1355
2170	29.1355
2180	22.3708
2190	20.9002
2200	19.7237
2210	29.7237
2220	28.2531
2230	21.4884
2240	23.237
2250	21.5723
2260	15.1429
2270	25.1429
2280	23.1429
2290	16.8571
2300	18.8571
2310	28.8571
2320	22.5714
2330	20.5714
2340	19.7143
2350	29.7143
2360	27.581
2370	21.5667
2380	23.6111
2390	21.1111
2400	15.2778
2410	25.2778
2420	22.7778
2430	16.9444
2440	18.6111
2450	28.6111
2460	22.7778
2470	20.2778
2480	19.7222
2490	21.3889
2500	31.3889
2510	25.5556
2520	23.0556
2530	22.5
2540	32.5
2550	29.9123
2560	24.1228
2570	23.6842
2580	21.0526
2590	15.2632
2600	25.2632
2610	22.6316
2620	16.8421
2630	18.4211
2640	28.4211
2650	22.6316
2660	19.9406
2670	19.6032
2680	29.6032
2690	26.5263
2700	21.1417
2710	22.4238
2720	22.1667
2730	32.1667
2740	29.4938
2750	24.1279
2760	24.3659
2770	21.9268
2780	31.9268
2790	21.6829
2800	18.8258
2810	18.8258
2820	20.2544
2830	30.2544
2840	25.2544
2850	22.3453
2860	22.3453
2870	32.3453
2880	29.3907
2890	24.3907
2900	25.764
2910	35.764
2920	30.9973
2930	28.3306
2940	29.1073
2950	24.4407
2960	21.774
2970	31.774
2980	27.1073
2990	24.4406
3000	24.6629
3010	34.6629
3020	31.9962
3030	27.3295
3040	28.8851
3050	29.1073
3060	39.1073
3070	36.4407
3080	31.774
3090	31.774
3100	29.1073
3110	39.1073
3120	29.5518
3130	26.8851
3140	27.2944
3150	22.7444
3160	20.2
3170	30.2
3180	25.825
3190	23.325
3200	23.731
3210	33.731
3220	31.4096
3230	26.7157
3240	27.193
3250	24.9481
3260	20.2445
3270	30.2445
3280	27.7747
3290	23.3747
3300	24.9747
3310	34.9747
3320	30.5747
3330	27.9747
3340	28.3747
3350	29.9747
3360	39.9747
3370	35.5747
3380	32.9894
3390	32.8699
3400	28.6608
3410	38.6608
3420	32.057
3430	29.8113
3440	20.9434
3450	18.4906
3460	19.0566
3470	29.0566
3480	26.6038
3490	22.4528
3500	24.1509
3510	34.1509
3520	30
3530	27.5472
3540	28.1132
3550	29.0566
3560	26.6038
3570	36.6038
3580	27.7358
3590	25.283
3600	25.8491
3610	35.8491
3620	33.4577
3630	29.464
3640	30.0496
3650	27.8274
3660	23.9385
3670	23.9269
3680	33.9269
3690	27.6969
3700	19.3626
3710	21.2924
3720	22.1696
3730	32.1696
3740	30.0026
3750	26.4442
3760	27.0177
3770	24.604
3780	34.604
3790	26.6729
3800	24.2591
3810	25.2936
3820	27.0177
3830	37.0177
3840	33.5695
3850	31.1557
3860	30.8108
3870	40.8109
3880	32.8798
3890	26.3281
3900	27.2414
3910	23.7931
3920	21.3933
3930	22.3156
3940	32.3156
3950	30.1122
3960	26.3834
3970	25.0953
3980	22.8919
3990	19.1631
4000	29.1631
4010	26.9597
4020	23.2309
4030	25.0953
4040	35.0953
4050	31.3665
4060	29.1631
4070	28.9936
4080	25.2648
4090	23.0736
4100	33.0736
4110	29.3226
4120	27.0275
4130	27.8471
4140	37.8471
4150	35.5521
4160	31.8051
4170	31.7348
4180	29.9008
4190	26.3071
4200	36.3071
4210	35.1562
4220	29.5312
4230	21.4062
4240	23.75
4250	22.0312
4260	18.4375
4270	28.4375
4280	26.6989
4290	23.0824
4300	25.2036
4310	35.2036
4320	31.5672
4330	29.7491
4340	29.0319
4350	25.306
4360	23.6113
4370	33.6113
4380	29.7307
4390	28.0889
4400	28.8351
4410	38.8351
4420	39.2797
4430	34.0947
4440	25.544
4450	23.4783
4460	22.1847
4470	18.1797
4480	28.1797
4490	27.0369
4500	22.894
4510	25.4654
4520	35.4654
4530	31.3226
4540	31.0236
4550	26.1665
4560	22.0236
4570	24.595
4580	34.595
4590	30.585
4600	29.1765
4610	29.8807
4620	30.8184
4630	40.8184
4640	35.5382
4650	27.0629
4660	26.8243
4670	25.1577
4680	21.4077
4690	31.4077
4700	29.7836
4710	25.9001
4720	24.8128
4730	23.3059
4740	19.3333
4750	29.3333
4760	27.7682
4770	23.9026
4780	26.0647
4790	36.0647
4800	32.2809
4810	30.5242
4820	29.6674
4830	25.9571
4840	24.022
4850	34.022
4860	30.422
4870	28.422
4880	29.4672
4890	25.9328
4900	23.767
4910	33.767
4920	30.346
4930	28.6842
4940	22.3684
4950	18.9474
4960	28.9474
4970	26.7105
4980	23.2895
4990	25.1316
5000	26.1856
5010	36.1856
5020	34.1474
5030	30.6859
5040	29.2122
5050	27.2891
5060	37.2891
5070	29.3148
5080	27.3148
5090	28.0256
5100	24.5256
5110	22.5207
5120	32.5207
5130	28.8917
5140	27.0398
5150	26.0623
5160	22.3586
5170	20.4875
5180	30.4875
5190	26.8729
5200	25.1656
5210	26.1412
5220	36.1412
5230	34.4339
5240	30.8973
5250	30.1855
5260	28.4782
5270	24.9416
5280	34.9416
5290	35.122
5300	29.5122
5310	21.4634
5320	23.7805
5330	22.0732
5340	18.5366
5350	28.5366
5360	26.8293
5370	23.2927
5380	25.4878
5390	35.4878
5400	31.9512
5410	30.2439
5420	29.2696
5430	25.7928
5440	23.9312
5450	33.9312
5460	30.5577
5470	28.63
5480	29.3976
5490	26.0241
5500	36.0241
5510	30.1205
5520	26.747
5530	24.8193
5540	22.901
5550	19.4484
5560	29.4484
5570	27.6627
5580	24.0912
5590	26.2341
5600	36.2341
5610	32.6627
5620	30.8769
5630	30.1523
5640	26.5809
5650	24.8027
5660	34.8027
5670	31.2124
5680	29.3519
5690	29.3596
5700	25.755
5710	23.8945
5720	33.8945
5730	30.2899
5740	28.7209
5750	22.907
5760	19.3023
5770	29.3023
5780	27.4228
5790	23.7992
5800	25.8446
5810	26.7537
5820	36.7537
5830	34.8219
5840	31.1671
5850	29.856
5860	28.0269
5870	38.0269
5880	29.6
5890	27.8022
5900	28.2032
5910	24.4444
5920	22.4984
5930	32.4984
5940	28.8317
5950	26.8317
5960	25.7789
5970	22.1673
5980	20.0288
5990	30.0288
6000	26.5123
6010	24.3145
6020	25.3035
6030	35.3035
6040	33.0656
6050	29.5172
6060	29.7121
6070	27.4541
6080	23.9057
6090	33.9057
6100	31.6476
6110	28.0992
6120	28.4946
6130	38.4946
6140	32.1065
6150	24.1237
6160	24.474
6170	22.0272
6180	18.623
6190	20.3251
6200	30.3251
6210	27.0149
6220	24.3833
6230	25.5412
6240	35.5412
6250	32.9096
6260	29.6465
6270	29.1952
6280	26.5636
6290	23.3005
6300	33.3005
6310	30.6689
6320	27.4241
6330	28.5509
6340	25.7746
6350	22.6496
6360	32.6496
6370	29.8371
6380	26.7215
6390	25.4631
6400	22.7159
6410	32.7159
6420	25.3422
6430	22.6149
6440	23.9167
6450	25.4828
6460	35.4828
6470	32.2828
6480	29.6828
6490	30.6391
6500	40.6391
6510	32.9283
6520	26.253
6530	26.6337
6540	23.2673
6550	20.7921
6560	21.8812
6570	31.8812
6580	29.2914
6590	26.0561
6600	26.2891
6610	23.642
6620	20.4067
6630	30.4067
6640	27.7597
6650	24.5244
6660	26.093
6670	36.093
6680	32.8577
6690	30.2106
6700	31.3871
6710	28.1518
6720	25.5048
6730	35.5048
6740	32.2627
6750	29.5915
6760	28.3269
6770	25.0577
6780	35.0577
6790	28.1346
6800	24.8654
6810	25.2885
6820	22.5962
6830	19.3269
6840	29.3269
6850	26.6346
6860	23.3654
6870	24.9038
6880	34.9038
6890	31.6346
6900	28.9423
6910	30.2885
6920	27.0203
6930	24.315
6940	34.3149
6950	31.0131
6960	28.2772
6970	28.2255
6980	24.9184
6990	22.2262
7000	32.2262
7010	28.7683
7020	26.1514
7030	25.9853
7040	35.9853
7050	28.0414
7060	21.2189
7070	22.247
7080	23.8357
7090	24.8638
7100	34.8638
7110	32.247
7120	28.789
7130	30.3778
7140	27.761
7150	37.761
7160	29.8461
7170	27.1381
7180	27.3327
7190	23.9994
7200	21.2216
7210	31.2216
7220	27.8883
7230	25.1105
7240	25.9259
7250	22.5926
7260	19.8148
7270	29.8148
7280	26.53
7290	23.7306
7300	25.0034
7310	35.0034
7320	32.1852
7330	29.0943
7340	30.2618
7350	27.3868
7360	24.3785
7370	34.3785
7380	31.4055
7390	28.4325
7400	28.3784
7410	38.3784
7420	30.9797
7430	23.7983
7440	24.8214
7450	21.6964
7460	18.8393
7470	20.0893
7480	30.0893
7490	27.2321
7500	24.1071
7510	25.5357
7520	35.5357
7530	32.4417
7540	29.4935
7550	29.6942
7560	26.6854
7570	23.6815
7580	33.6815
7590	30.7449
7600	27.587
7610	28.2619
7620	25.3672
7630	22.2135
7640	32.2135
7650	29.2994
7660	26.1098
7670	25.6216
7680	22.6906
7690	32.6906
7700	25.0972
7710	22.2904
7720	23.4768
7730	25.0022
7740	35.0022
7750	31.7819
7760	29.0555
7770	29.905
7780	39.905
7790	32.4
7800	25.2572
7810	26.7227
7820	23.6082
7830	20.8574
7840	22.097
7850	32.097
7860	29.4524
7870	26.3119
7880	25.706
7890	23.0613
7900	19.9208
7910	29.9208
7920	27.2762
7930	24.1357
7940	25.7059
7950	35.706
7960	32.5655
7970	29.9208
7980	30.0035
7990	26.8558
8000	24.2388
8010	34.2388
8020	31.206
8030	28.665
8040	29.1737
8050	26.1409
8060	36.1409
8070	29.4876
8080	26.3168
8090	24.7188
8100	22.2798
8110	19.109
8120	29.109
8130	26.67
8140	23.4993
8150	25.2066
8160	35.2066
8170	32.0359
8180	29.5732
8190	29.0169
8200	25.9347
8210	23.354
8220	33.354
8230	30.2895
8240	27.7089
8250	29.1935
8260	26.129
8270	23.5484
8280	33.5484
8290	30.4839
8300	27.9133
8310	25.3435
8320	35.3435
8330	27.7752
8340	21.1352
8350	22.3352
8360	24.0218
8370	25.1684
8380	35.1684
8390	32.7875
8400	29.4541
8410	29.0971
8420	26.7161
8430	36.7161
8440	28.9383
8450	26.5574
8460	28.1746
8470	24.8413
8480	22.4617
8490	32.4617
8500	29.2603
8510	26.8384
8520	25.5521
8530	22.4358
8540	20.0396
8550	30.0396
8560	26.7838
8570	24.4582
8580	25.621
8590	35.621
8600	33.2637
8610	30.0657
8620	29.9996
8630	27.5381
8640	24.3842
8650	34.3842
8660	31.8959
8670	28.7956
8680	28.7282
8690	38.7282
8700	31.9343
8710	24.5298
8720	24.5802
8730	21.9847
8740	18.9313
8750	20.5343
8760	30.5344
8770	27.4809
8780	24.8982
8790	26.136
8800	36.136
8810	33.636
8820	30.4542
8830	29.5788
8840	27.0763
8850	23.8836
8860	33.8836
8870	31.3463
8880	28.1373
8890	28.5938
8900	26.0652
8910	22.8823
8920	32.8823
8930	30.2156
8940	27.1045
8950	25.4855
8960	22.8188
8970	32.8188
8980	25.3373
8990	22.6706
9000	23.9299
9010	25.4866
9020	35.4866
9030	32.358
9040	29.6573
9050	30.0825
9060	40.0825
9070	32.5642
9080	25.6604
9090	26.8282
9100	23.6672
9110	21.1492
9120	22.3723
9130	32.3723
9140	29.8543
9150	26.6888
9160	25.7554
9170	23.2374
9180	20.0719
9190	30.0719
9200	27.5718
9210	24.3422
9220	26.0565
9230	36.0565
9240	32.7708
9250	30.3422
9260	30.3178
9270	27.0321
9280	24.6035
9290	34.6035
9300	31.3178
9310	28.8892
9320	29
9330	25.7457
9340	35.7457
9350	29.0496
9360	25.8582
9370	24.8936
9380	22.3404
9390	19.1489
9400	29.1489
9410	26.5957
9420	23.4043
9430	25.0355
9440	35.0355
9450	31.8372
9460	29.2635
9470	29.3733
9480	26.1565
9490	23.5812
9500	33.5812
9510	30.4164
9520	27.7081
9530	28.8351
9540	25.7101
9550	22.9901
9560	32.9901
9570	29.8497
9580	27.3155
9590	25.6838
9600	35.6838
9610	28.1495
9620	21.4372
9630	22.6701
9640	24.3139
9650	25.5468
9660	35.5468
9670	33.0126
9680	29.8594
9690	30.1993
9700	27.795
9710	37.795
9720	30.2274
9730	27.8625
9740	27.9749
9750	24.8244
9760	22.494
9770	32.494
9780	29.3814
9790	27.0635
9800	25.6291
9810	22.5166
9820	20.1987
9830	30.1987
9840	27.0861
9850	24.7682
9860	26.0265
9870	36.0265
9880	33.7915
9890	30.8238
9900	30.079
9910	27.8855
9920	24.925
9930	34.925
9940	32.7784
9950	29.7015
9960	28.9898
9970	38.9898
9980	32.836
9990	25.4001
10000	24.4872
10010	22.3718
10020	19.2949
10030	21.218
10040	31.2179
10050	28.1966
10060	25.9673
10070	27.3048
10080	37.3048
10090	35.0755
10100	32.0819
10110	30.1503
10120	27.921
10130	24.9273
10140	34.9273
10150	32.698
10160	29.69
10170	28.9711
10180	26.8037
10190	23.7024
10200	23.9873
10210	33.9873
10220	27.7624
10230	20.338
10240	22.1618
10250	32.1618
10260	29.143
10270	26.8788
10280	28.3159
10290	25.297
10300	23.0329
10310	33.0329
10320	30.014
10330	27.7499
10340	29.1827
10350	26.1249
10360	23.9144
10370	33.9144
10380	30.7894
10390	29.0625
10400	22.8014
10410	19.7118
10420	29.7118
10430	27.4136
10440	24.3701
10450	26.1714
10460	27.4731
10470	37.4731
10480	35.223
10490	32.26
10500	30.6659
10510	28.4437
10520	38.4437
10530	31.2128
10540	30.804
10550	24.6077
10560	21.7242
10570	23.6261
10580	33.6261
10590	30.7426
10600	29.7546
10610	23.5583
10620	20.6748
10630	22.5754
10640	32.5754
10650	29.725
10660	27.6165
10670	29.0623
10680	30.0306
10690	40.0306
10700	33.878
10710	26.7549
10720	26.9225
10730	24.7796
10740	21.9225
10750	31.9225
10760	29.7718
10770	27.0003
10780	25.709
10790	23.5326
10800	20.8267
10810	30.8267
10820	28.6436
10830	26.0166
10840	27.877
10850	37.877
10860	35.3189
10870	33.1096
10880	31.6352
10890	29.077
10900	26.8677
10910	25.9302
10920	35.9302
10930	29.186
10940	22.9279
10950	24.74
10960	22.2155
10970	20.2155
10980	30.2155
10990	27.7012
11000	25.7012
11010	27.3583
11020	37.3583
11030	35.3583
11040	32.8441
11050	30.8441
11060	28.8429
11070	26.3183
11080	36.3183
11090	35.1534
11100	29.1082
11110	22.3851
11120	24.0685
11130	22.0594
11140	19.4483
11150	29.4483
11160	27.482
11170	24.8416
11180	26.8641
11190	36.8641
11200	34.159
11210	32.2595
11220	30.4881
11230	27.7524
11240	25.888
11250	35.888
11260	33.1256
11270	32.0487
11280	26.3581
11290	23.5973
11300	23.9349
11310	33.9349
11320	28.2113
11330	21.1622
11340	23.2933
11350	24.7687
11360	34.7687
11370	32.9654
11380	30.1785
11390	29.3589
11400	27.5556
11410	24.7687
11420	34.7687
11430	32.9654
11440	30.1785
11450	29.3443
11460	39.3443
11470	33.6066
11480	26.5649
11490	24.5721
11500	22.7931
11510	20.0511
11520	22.2017
11530	32.2017
11540	29.4597
11550	27.6855
11560	29.406
11570	26.664
11580	24.8898
11590	34.8898
11600	32.1431
11610	30.3506
11620	29.5109
11630	26.7449
11640	36.7449
11650	31.0002
11660	29.2553
11670	22.234
11680	20.4255
11690	21.9149
11700	31.9149
11710	30.1064
11720	27.3283
11730	29.1454
11740	27.3869
11750	24.5298
11760	34.5298
11770	32.7837
11780	29.9266
11790	29.1005
11800	39.1005
11810	33.4392
11820	26.2963
11830	24.6561
11840	22.9101
11850	20.0529
11860	22.2222
11870	32.2222
11880	29.3651
11890	27.619
11900	29.0476
11910	29.7355
11920	39.7355
11930	34.0741
11940	26.9312
11950	26.7725
11960	25.0265
11970	22.1693
11980	32.1693
11990	30.4233
12000	27.5661
12010	25.9259
12020	24.1776
12030	21.3115
12040	31.3115
12050	29.5314
12060	26.6518
12070	29.0673
12080	27.2872
12090	24.4077
12100	24.0314
12110	34.0314
12120	28.3246
12130	21.1518
12140	23.2973
12150	33.2973
12160	30.4024
12170	28.5889
12180	29.4232
12190	26.5172
12200	24.6939
12210	34.6939
12220	31.9247
12230	30.0785
12240	29.4949
12250	26.7257
12260	24.8755
12270	34.8755
12280	33.135
12290	26.0273
12300	20.313
12310	21.7416
12320	31.7416
12330	29.9718
12340	27.1539
12350	28.9562
12360	27.2304
12370	24.4363
12380	34.4363
12390	34.928
12400	29.2043
12410	22.2346
12420	24.0909
12430	22.2727
12440	19.5412
12450	29.5412
12460	27.7029
12470	25.1029
12480	27.2029
12490	37.2029
12500	34.5965
12510	32.7278
12520	31.2353
12530	28.6116
12540	26.7304
12550	25.7911
12560	35.7911
12570	28.9946
12580	23.0727
12590	25.1232
12600	22.5616
12610	20.5941
12620	30.5941
12630	28.019
12640	26.019
12650	27.6288
12660	37.6288
12670	35.6288
12680	33.0293
12690	31.7926
12700	29.8411
12710	27.1712
12720	37.1712
12730	34.8544
12740	28.9281
12750	22.0245
12760	24.2347
12770	22.2635
12780	19.5712
12790	29.5712
12800	27.5933
12810	24.9695
12820	26.9695
12830	36.9695
12840	34.3981
12850	32.3981
12860	31.093
12870	28.4885
12880	26.5302
12890	25.8294
12900	35.8294
12910	28.9573
12920	23.0332
12930	25.0711
12940	22.4171
12950	20.4739
12960	30.4739
12970	27.8199
12980	25.8843
12990	27.4101
13000	37.4101
13010	35.5233
13020	32.7874
13030	31.442
13040	29.5552
13050	26.8194
13060	36.8194
13070	34.9057
13080	29.0566
13090	22.0755
13100	24.152
13110	22.2312
13120	19.5392
13130	29.5392
13140	27.5674
13150	24.8913
13160	26.9101
13170	36.9101
13180	34.234
13190	32.2622
13200	30.9946
13210	28.3166
13220	26.3195
13230	25.8002
13240	35.8002
13250	28.9778
13260	22.903
13270	25.0467
13280	22.4299
13290	20.3738
13300	30.3738
13310	27.757
13320	25.7009
13330	27.2897
13340	37.2897
13350	35.2264
13360	32.5963
13370	31.4104
13380	29.3271
13390	26.6863
13400	36.6863
13410	34.9574
13420	28.7665
13430	21.9923
13440	24.2396
13450	22.0737
13460	19.4958
13470	29.4958
13480	27.3652
13490	24.7046
13500	26.6313
13510	36.6312
13520	33.9861
13530	31.827
13540	30.8213
13550	28.2185
13560	26.0267
13570	25.7534
13580	35.7534
13590	28.9498
13600	22.6941
13610	24.2922
13620	25.5251
13630	23.3333
13640	33.3333
13650	26.5297
13660	24.3379
13670	25.9361
13680	35.9361
13690	33.7443
13700	31.1511
13710	31.2956
13720	29.0363
13730	26.4909
13740	36.4909
13750	35
13760	28.6364
13770	21.9091
13780	24.2727
13790	22
13800	19.4545
13810	29.4545
13820	27.1818
13830	24.6364
13840	26.4545
13850	36.4545
13860	33.9091
13870	31.6364
13880	30.7273
13890	28.1818
13900	25.9091
13910	25.7273
13920	35.7273
13930	29
13940	22.6257
13950	24.2885
13960	25.5731
13970	23.2202
13980	33.2202
13990	26.5686
14000	24.205
14010	25.9055
14020	35.9055
14030	33.4731
14040	31.0406
14050	31.2933
14060	28.8593
14070	26.4177
14080	36.4177
14090	35.0524
14100	28.4452
14110	21.8381
14120	23.5367
14130	24.9216
14140	34.9216
14150	28.4901
14160	21.9262
14170	23.7324
14180	25.4504
14190	35.4504
14200	33.1597
14210	30.7368
14220	30.8249
14230	28.5323
14240	26.0863
14250	25.6193
14260	35.6193
14270	29.3036
14280	22.6369
14290	24.9561
14300	22.7175
14310	20.1946
14320	30.1946
14330	28.0112
14340	25.4348
14350	27.3125
14360	37.3125
14370	34.7507
14380	32.5208
14390	31.6118
14400	29.09
14410	26.8292
14420	36.8292
14430	35.0435
14440	28.3478
14450	22
14460	23.6522
14470	24.9565
14480	34.9565
14490	28.6087
14500	21.913
14510	23.7391
14520	25.3913
14530	35.3913
14540	33.1304
14550	30.6087
14560	30.8261
14570	28.5652
14580	26.0435
14590	25.6087
14600	35.6087
14610	29.2609
14620	22.5652
14630	24.9565
14640	22.6957
14650	20.1739
14660	30.1739
14670	27.913
14680	25.3913
14690	27.2174
14700	37.2174
14710	34.6956
14720	32.4348
14730	31.5652
14740	29.0435
14750	26.7826
14760	36.7826
14770	35.0435
14780	28.3551
14790	21.9714
14800	23.6597
14810	24.98
14820	34.98
14830	28.5298
14840	21.9136
14850	23.653
14860	25.3771
14870	35.3771
14880	32.9633
14890	30.5495
14900	30.8401
14910	28.4476
14920	25.9784
14930	25.6223
14940	35.6223
14950	29.1416
14960	22.4793
14970	24.2636
14980	25.8875
14990	35.8875
15000	35.1781
15010	28.7678
15020	22.0132
15030	23.8273
15040	33.8273
15050	31.189
15060	28.9337
15070	29.9661
15080	27.3278
15090	25.0725
15100	24.4255
15110	34.4255
15120	27.5745
15130	21.234
15140	22.8036
15150	24.6542
15160	34.6542
15170	31.9423
15180	29.7389
15190	30.1879
15200	27.476
15210	37.476
15220	31.2048
15230	28.493
15240	27.6695
15250	25.4661
15260	22.7524
15270	32.7524
15280	30.5015
15290	27.8433
15300	26.2082
15310	23.9262
15320	21.2486
15330	31.2486
15340	29.0217
15350	26.2906
15360	28.1393
15370	38.1393
15380	35.4207
15390	33.1516
15400	32.654
15410	29.9762
15420	27.6749
15430	37.6749
15440	35.0659
15450	28.1518
15460	21.7308
15470	23.266
15480	33.266
15490	30.9424
15500	28.2421
15510	26.8146
15520	24.4726
15530	21.7566
15540	31.7566
15550	29.4109
15560	26.6948
15570	28.642
15580	26.2963
15590	23.5802
15600	33.5802
15610	31.2346
15620	28.5185
15630	26.1728
15640	36.1728
15650	29.7119
15660	22.7572
15670	24.5267
15680	26.0529
15690	27.7935
15700	37.7935
15710	35.1295
15720	32.7115
15730	32.4454
15740	29.7578
15750	39.7578
15760	33.2511
15770	30.9388
15780	23.9592
15790	21.5918
15800	23.1193
15810	33.1193
15820	30.8022
15830	28.1193
15840	26.7123
15850	24.3967
15860	21.7088
15870	31.7088
15880	29.37
15890	26.6684
15900	28.4426
15910	38.4426
15920	35.7529
15930	33.374
15940	32.8913
15950	30.2407
15960	27.831
15970	37.831
15980	35.1004
15990	28.2329
16000	21.6867
16010	23.253
16020	33.253
16030	30.8434
16040	28.1928
16050	26.7068
16060	24.2972
16070	21.6466
16080	31.6466
16090	29.2369
16100	26.5931
16110	28.2872
16120	38.2872
16130	35.6872
16140	33.2072
16150	32.788
16160	30.1833
16170	27.7232
16180	37.7232
16190	35.1029
16200	28.2105
16210	21.6368
16220	23.1939
16230	24.8792
16240	34.8792
16250	32.2601
16260	29.7601
16270	27.3479
16280	24.706
16290	34.706
16300	28.0887
16310	25.401
16320	27.668
16330	25.2174
16340	22.5303
16350	32.5303
16360	30.067
16370	27.3611
16380	26.0882
16390	23.6176
16400	20.9117
16410	30.9117
16420	28.4411
16430	25.7353
16440	27.4215
16450	37.4215
16460	34.7272
16470	32.2178
16480	32.0325
16490	29.3763
16500	26.8372
16510	36.8372
16520	35.0795
16530	28.2308
16540	21.4531
16550	23.0485
16560	33.0485
16570	30.4415
16580	27.8314
16590	26.7012
16600	24.1754
16610	21.5499
16620	31.5499
16630	29.0402
16640	26.4123
16650	28.0637
16660	38.0637
16670	35.42
16680	32.8912
16690	32.6024
16700	29.9588
16710	27.43
16720	24.4444
16730	34.4444
16740	27.5862
16750	20.8812
16760	22.4553
16770	24.0762
16780	34.0762
16790	31.4807
16800	28.8853
16810	29.9396
16820	27.3442
16830	37.3442
16840	30.5503
16850	27.9548
16860	27.5573
16870	24.9618
16880	22.367
16890	32.367
16900	29.7601
16910	27.1464
16920	26.2597
16930	23.6505
16940	21.0495
16950	31.0495
16960	28.3703
16970	25.8042
16980	27.3514
16990	37.3514
17000	34.7854
17010	32.1061
17020	32.2903
17030	29.7243
17040	27.0451
17050	37.0451
17060	34.9434
17070	28.1887
17080	21.283
17090	22.9057
17100	32.9057
17110	30.2264
17120	27.6683
17130	26.8249
17140	24.1854
17150	21.6666
17160	31.6666
17170	29.035
17180	26.5162
17190	28.0952
17200	38.0952
17210	35.5764
17220	32.9448
17230	32.7068
17240	30.1849
17250	27.548
17260	24.296
17270	34.296
17280	27.7288
17290	20.8631
17300	22.5796
17310	24.1467
17320	34.1467
17330	31.7214
17340	29.0721
17350	29.6691
17360	27.2437
17370	37.2437
17380	30.3781
17390	27.9527
17400	27.7985
17410	25.1493
17420	22.7245
17430	32.7245
17440	30.0642
17450	27.6198
17460	26.1574
17470	23.4877
17480	21.0259
17490	31.0259
17500	28.406
17510	25.8968
17520	27.4835
17530	37.4835
17540	34.9743
17550	32.3543
17560	32.0177
17570	29.5084
17580	26.8885
17590	36.8885
17600	35.0579
17610	28.3692
17620	21.5276
17630	23.1759
17640	33.1759
17650	30.5386
17660	28.0111
17670	26.7033
17680	24.0659
17690	21.5385
17700	31.5385
17710	28.9011
17720	26.3712
17730	27.9383
17740	37.9383
17750	35.3928
17760	32.7383
17770	32.5222
17780	29.9797
17790	27.3435
17800	37.3435
17810	35.0827
17820	28.416
17830	21.6044
17840	23.2711
17850	24.8653
17860	34.8653
17870	32.3653
17880	29.7566
17890	27.1739
17900	24.6529
17910	34.6529
17920	27.8868
17930	25.3236
17940	26.9482
17950	28.5748
17960	38.5748
17970	36.0402
17980	33.4143
17990	32.9597
18000	42.9597
18010	36.2691
18020	29.4345
18030	26.7266
18040	24.2086
18050	21.5827
18060	23.2374
18070	33.2374
18080	30.6115
18090	28.0935
18100	26.6187
18110	23.9928
18120	21.4748
18130	31.4748
18140	28.858
18150	26.3066
18160	27.9195
18170	37.9195
18180	35.3388
18190	32.7582
18200	32.3519
18210	29.765
18220	27.1723
18230	25.694
18240	35.694
18250	28.8968
18260	22.0996
18270	23.7011
18280	33.7011
18290	31.1032
18300	28.5053
18310	27.153
18320	24.554
18330	21.9494
18340	31.9494
18350	29.3345
18360	26.7197
18370	28.3098
18380	38.3098
18390	35.7068
18400	33.0552
18410	32.8487
18420	30.2783
18430	27.6028
18440	37.6028
18450	33.2888
18460	26.5118
18470	19.5887
18480	21.1971
18490	22.7355
18500	32.7355
18510	30.1481
18520	27.4558
18530	29.0642
18540	39.0642
18550	36.3719
18560	33.7845
18570	31.6167
18580	28.9244
18590	26.3369
18600	36.3369
18610	35.1399
18620	28.2152
18630	21.4247
18640	22.9525
18650	32.9525
18660	30.3483
18670	27.64
18680	26.5312
18690	23.903
18700	21.2269
18710	31.2269
18720	28.5625
18730	25.8981
18740	27.4547
18750	37.4547
18760	34.8513
18770	32.1709
18780	32.1645
18790	29.5872
18800	26.9088
18810	36.9088
18820	35.023
18830	28.2948
18840	21.3085
18850	22.9524
18860	24.4578
18870	34.4578
18880	31.8858
18890	29.1895
18900	27.2778
18910	24.6839
18920	34.6839
18930	27.7164
18940	25.1653
18950	26.6619
18960	28.2946
18970	38.2946
18980	35.5364
18990	33.0307
19000	32.6067
19010	29.8365
19020	39.8365
19030	33.2148
19040	29.2264
19050	22.1919
19060	19.7115
19070	21.188
19080	31.188
19090	28.7048
19100	25.9119
19110	27.6092
19120	37.6092
19130	34.7664
19140	32.3249
19150	31.2693
19160	28.4284
19170	25.9993
19180	25.737
19190	35.737
19200	28.537
19210	22.0037
19220	23.4056
19230	25.1484
19240	35.1484
19250	32.2771
19260	29.9009
19270	27.9487
19280	37.9487
19290	30.787
19300	24.2853
19310	26.6667
19320	23.7954
19330	21.4191
19340	22.8383
19350	32.8383
19360	30.4234
19370	27.5944
19380	26.7164
19390	24.2822
19400	21.4532
19410	31.4532
19420	29.019
19430	26.1901
19440	27.9006
19450	37.9006
19460	35.0585
19470	32.6474
19480	32.581
19490	29.6958
19500	27.3023
19510	37.3023
19520	33.512
19530	26.3244
19540	19.7851
19550	21.1857
19560	31.1857
19570	28.7753
19580	25.874
19590	27.592
19600	28.9836
19610	38.9836
19620	36.5564
19630	33.6438
19640	31.9585
19650	29.5124
19660	39.5124
19670	32.3373
19680	30.6452
19690	24
19700	21.129
19710	22.8064
19720	32.8064
19730	29.9355
19740	27.4516
19750	26.8065
19760	23.9392
19770	21.466
19780	31.466
19790	28.5399
19800	26.0962
19810	27.4789
19820	37.4789
19830	35.0351
19840	32.1091
19850	32.2545
19860	29.8108
19870	26.8921
19880	24.35
19890	34.35
19900	27.7929
19910	20.4852
19920	22.216
19930	32.216
19940	29.2352
19950	26.8314
19960	28.1775
19970	29.5237
19980	27.1198
19990	37.1198
20000	29.8096
20010	27.4479
20020	27.5625
20030	24.5688
20040	22.244
20050	32.244
20060	29.2396
20070	26.9356
20080	26.4192
20090	36.4192
20100	29.0224
20110	22.6415
20120	23.9499
20130	25.7314
20140	27.0605
20150	37.0605
20160	34.7188
20170	31.7124
20180	32.0675
20190	42.0675
20200	35.6378
20210	28.2424
20220	24.9527
20230	22.6498
20240	19.5864
20250	21.3999
20260	31.3999
20270	28.2867
20280	26.0226
20290	27.2804
20300	37.2804
20310	35.0265
20320	31.8816
20330	31.5071
20340	29.2814
20350	26.1157
20360	36.1157
20370	34.7723
20380	28.4547
20390	20.8846
20400	22.7226
20410	23.9362
20420	33.9362
20430	31.6583
20440	28.5216
20450	27.3057
20460	25.0075
20470	35.0075
20480	27.5015
20490	25.1723
20500	26.4417
20510	28.2064
20520	38.2064
20530	35.1104
20540	32.7574
20550	32.1429
20560	29.0469
20570	39.0469
20580	32.5763
20590	29.5666
20600	22.1053
20610	19.7523
20620	21.0217
20630	31.0217
20640	28.6687
20650	25.5728
20660	27.3356
20670	37.3356
20680	34.268
20690	31.8606
20700	31.6556
20710	28.6004
20720	26.1883
20730	25.6197
20740	35.6197
20750	28.1964
20760	21.632
20770	22.9204
20780	24.6382
20790	34.6381
20800	31.5707
20810	29.1474
20820	28.0982
20830	38.0982
20840	30.6842
20850	24.0893
20860	26.5174
20870	23.4899
20880	21.0128
20890	22.3278
20900	32.3278
20910	29.8405
20920	26.801
20930	26.7279
20940	24.2355
20950	21.196
20960	31.196
20970	28.7036
20980	25.6641
20990	27.3358
21000	37.3358
21010	34.2963
21020	31.7968
21030	31.9711
21040	28.9632
21050	26.4177
21060	36.4177
21070	33.6667
21080	26.3412
21090	19.6466
21100	21.0322
21110	31.0322
21120	28.5623
21130	25.6406
21140	27.3239
21150	28.7249
21160	38.7249
21170	36.2024
21180	33.3195
21190	32.1465
21200	29.6191
21210	39.6191
21220	32.5188
21230	30.5075
21240	23.791
21250	20.9851
21260	22.6269
21270	32.6269
21280	29.8209
21290	27.2836
21300	27.1045
21310	24.2985
21320	21.7612
21330	31.7612
21340	28.9552
21350	26.4179
21360	27.8806
21370	37.8806
21380	35.3433
21390	32.5373
21400	31.8806
21410	29.3433
21420	26.5373
21430	24.5053
21440	34.5053
21450	27.8285
21460	20.7426
21470	22.434
21480	32.434
21490	29.615
21500	27.1521
21510	28.6061
21520	30.2975
21530	40.2975
21540	37.4785
21550	35.0156
21560	33.0572
21570	43.0572
21580	35.9652
21590	29.348
21600	26.3798
21610	23.5608
21620	21.1004
21630	22.5341
21640	32.5341
21650	30.108
21660	27.2382
21670	27.1337
21680	24.7076
21690	21.8378
21700	31.8378
21710	29.4118
21720	26.5419
21730	28.0769
21740	38.0769
21750	31.5333
21760	24.323
21770	25.1622
21780	22.7729
21790	19.8525
21800	21.5929
21810	31.5929
21820	28.6644
21830	26.3477
21840	27.726
21850	37.726
21860	35.4189
21870	32.4564
21880	32.2134
21890	29.9327
21900	26.9502
21910	36.9502
21920	34.6606
21930	28.3268
21940	21.0063
21950	22.8668
21960	24.204
21970	34.204
21980	31.9947
21990	29.0005
22000	27.8198
22010	25.6105
22020	35.6105
22030	28.2849
22040	26.0756
22050	27.3837
22060	24.3895
22070	22.1802
22080	32.1802
22090	29.186
22100	26.9746
22110	26.7496
22120	23.7461
22130	21.5207
22140	31.5207
22150	28.5149
22160	26.2895
22170	27.6189
22180	37.6189
22190	35.3935
22200	32.3877
22210	31.7341
22220	29.5121
22230	26.5163
22240	24.498
22250	34.498
22260	28.1291
22270	20.838
22280	22.6548
22290	32.6548
22300	29.6522
22310	27.4108
22320	28.7327
22330	30.5723
22340	40.5723
22350	37.6021
22360	35.345
22370	33.4011
22380	43.4011
22390	36.144
22400	29.8011
22410	26.3714
22420	23.4286
22430	21.1714
22440	22.5429
22450	32.5429
22460	30.2821
22470	27.3326
22480	27.2895
22490	25.0168
22500	22.0622
22510	32.0622
22520	29.7895
22530	26.8349
22540	27.9545
22550	37.9545
22560	31.5909
22570	24.3182
22580	25.2273
22590	22.9545
22600	20
22610	21.8182
22620	31.8182
22630	28.8636
22640	26.6002
22650	27.9584
22660	37.9584
22670	35.755
22680	32.7889
22690	32.5824
22700	30.3796
22710	27.41
22720	24.4986
22730	34.4986
22740	28.2064
22750	20.9031
22760	22.7593
22770	24.1221
22780	34.1221
22790	31.9373
22800	28.9961
22810	30.6669
22820	28.4654
22830	38.4654
22840	31.2467
22850	30.2235
22860	23.9106
22870	21.0056
22880	22.8605
22890	32.8605
22900	29.9914
22910	27.7909
22920	27.6641
22930	24.7926
22940	22.6011
22950	32.6011
22960	29.7677
22970	27.6011
22980	28.1142
22990	25.2808
23000	35.2808
23010	29.0811
23020	26.2002
23030	26.124
23040	23.991
23050	21.1089
23060	31.1089
23070	28.9447
23080	26.0994
23090	27.8782
23100	25.6959
23110	22.8459
23120	32.8459
23130	30.6374
23140	27.8275
23150	26.892
23160	24.6606
23170	34.6606
23180	27.5697
23190	25.3573
23200	27.1761
23210	24.3189
23220	22.1211
23230	32.1211
23240	29.2613
23250	27.0548
23260	27.0899
23270	24.221
23280	22.0079
23290	32.0079
23300	29.1297
23310	26.9344
23320	28.0737
23330	25.1582
23340	35.1582
23350	28.9184
23360	26.0088
23370	26.1131
23380	23.8929
23390	21.0124
23400	31.0124
23410	28.7842
23420	25.9037
23430	27.8261
23440	25.5978
23450	22.7174
23460	32.7174
23470	30.4891
23480	27.6041
23490	26.8463
23500	24.6435
23510	34.6435
23520	27.4077
23530	25.2126
23540	27.1553
23550	24.224
23560	22.0177
23570	32.0177
23580	29.0797
23590	26.8695
23600	27.0625
23610	24.1499
23620	21.9292
23630	31.9292
23640	29.0606
23650	26.8354
23660	27.9625
23670	25.0938
23680	35.0938
23690	28.7936
23700	25.9249
23710	26.193
23720	23.9647
23730	21.1098
23740	31.1098
23750	28.8371
23760	26.0028
23770	27.7559
23780	25.4832
23790	22.649
23800	32.649
23810	30.3762
23820	27.542
23830	26.9519
23840	24.6852
23850	34.6852
23860	27.5954
23870	25.3408
23880	27.0027
23890	24.191
23900	21.9353
23910	31.9353
23920	29.0948
23930	26.8726
23940	27.2529
23950	24.3958
23960	22.1736
23970	32.1736
23980	29.3164
23990	27.0942
24000	27.8836
24010	25.0265
24020	35.0265
24030	28.7204
24040	25.9309
24050	26.3461
24060	24.1093
24070	21.3176
24080	31.3176
24090	29.0716
24100	26.3491
24110	27.7033
24120	25.452
24130	22.7294
24140	32.7294
24150	30.4781
24160	27.7556
24170	27.1204
24180	24.8691
24190	34.8691
24200	27.9058
24210	25.6544
24220	27.0157
24230	24.2932
24240	22.0419
24250	32.0419
24260	29.3271
24270	27.0496
24280	27.2653
24290	24.576
24300	22.2783
24310	32.2783
24320	29.589
24330	27.2914
24340	27.8851
24350	25.1958
24360	35.1958
24370	28.799
24380	26.1077
24390	26.3106
24400	24.0662
24410	21.3649
24420	31.3649
24430	29.1311
24440	26.4239
24450	27.841
24460	25.6326
24470	22.8865
24480	32.8865
24490	30.6844
24500	27.9371
24510	27.0515
24520	24.8384
24530	34.8384
24540	27.8281
24550	25.6116
24560	27.0884
24570	24.3261
24580	22.0991
24590	32.0991
24600	29.3299
24610	27.0991
24620	27.2056
24630	24.4322
24640	22.1915
24650	32.1915
24660	29.4109
24670	27.166
24680	27.9592
24690	25.1786
24700	35.1786
24710	28.852
24720	26.0714
24730	26.25
24740	24.0021
24750	21.2345
24760	31.2345
24770	28.9444
24780	26.1963
24790	27.7881
24800	25.498
24810	22.7499
24820	32.7499
24830	30.4598
24840	27.7117
24850	27.0229
24860	24.7178
24870	34.7178
24880	27.7527
24890	25.4177
24900	27.0305
24910	24.3147
24920	21.9787
24930	31.9787
24940	29.2352
24950	26.9314
24960	27.1686
24970	24.412
24980	22.1165
24990	32.1165
25000	29.3135
25010	27.0407
25020	27.932
25030	25.1289
25040	35.1289
25050	28.7653
25060	25.9623
25070	26.2374
25080	23.9646
25090	21.1631
25100	31.1631
25110	28.9099
25120	26.0636
25130	27.7377
25140	25.4959
25150	22.6452
25160	32.6452
25170	30.4198
25180	27.6057
25190	26.9392
25200	24.7282
25210	34.7282
25220	27.6502
25230	25.4139
25240	27.123
25250	24.3411
25260	22.0854
25270	32.0854
25280	29.3035
25290	27.0478
25300	27.1178
25310	24.3358
25320	22.0802
25330	32.0802
25340	29.2896
25350	27.0503
25360	28.0327
25370	25.2077
25380	35.2077
25390	28.9077
25400	26.0933
25410	26.1924
25420	23.9558
25430	21.1947
25440	31.1947
25450	28.9558
25460	26.1932
25470	27.7899
25480	25.5402
25490	22.7679
25500	32.7679
25510	30.5154
25520	27.7421
25530	27.0343
25540	24.7715
25550	34.7715
25560	27.7271
25570	25.4611
25580	27.0451
25590	24.2575
25600	21.9816
25610	31.9816
25620	29.1875
25630	26.9081
25640	27.1816
25650	24.372
25660	22.1137
25670	32.1137
25680	29.2775
25690	27.0281
25700	27.9218
25710	25.0821
25720	35.0821
25730	28.7362
25740	25.8894
25750	26.2287
25760	23.9651
25770	21.1142
25780	31.1142
25790	28.8381
25800	25.981
25810	27.7032
25820	25.4271
25830	22.57
25840	32.57
25850	30.2939
25860	27.4368
25870	26.9734
25880	24.7072
25890	34.7072
25900	27.523
25910	25.2766
25920	27.029
25930	24.1304
25940	21.8855
25950	31.8855
25960	29.0066
25970	26.7175
25980	27.1604
25990	24.2936
26000	22.001
26010	32.001
26020	29.1233
26030	26.8211
26040	27.8707
26050	24.993
26060	34.993
26070	28.5619
26080	25.715
26090	26.2219
26100	23.8774
26110	21.0308
26120	31.0308
26130	28.6783
26140	25.8212
26150	27.6753
26160	25.3181
26170	22.4569
26180	32.4569
26190	30.0774
26200	27.2508
26210	26.9638
26220	24.5648
26230	34.5648
26240	27.4697
26250	25.047
26260	26.9478
26270	24.1516
26280	21.7108
26290	31.7108
26300	28.9051
26310	26.481
26320	27.0979
26330	24.2611
26340	21.8497
26350	31.8497
26360	29.0108
26370	26.5929
26380	27.8019
26390	24.9548
26400	34.9548
26410	28.3901
26420	25.5363
26430	26.208
26440	23.8088
26450	20.9215
26460	30.9215
26470	28.5271
26480	25.6438
26490	27.6355
26500	25.2082
26510	22.351
26520	32.351
26530	29.9154
26540	27.0613
26550	26.9376
26560	24.4706
26570	34.4706
26580	27.3678
26590	24.8912
26600	26.9166
26610	24.1133
26620	21.6281
26630	31.6281
26640	28.8606
26650	26.3723
26660	27
26670	24.2326
26680	21.7442
26690	31.7442
26700	28.9767
26710	26.4884
26720	27.8372
26730	25.0663
26740	35.0663
26750	28.4035
26760	25.6258
26770	26.1806
26780	23.6779
26790	20.9119
26800	30.9119
26810	28.3715
26820	25.6232
26830	27.2629
26840	37.2629
26850	34.5041
26860	31.981
26870	31.237
26880	28.4489
26890	25.9378
26900	35.9378
26910	33.994
26920	26.9335
26930	20.2362
26940	21.7041
26950	23.3568
26960	33.3568
26970	30.5772
26980	28.0143
26990	29.4816
27000	26.7128
27010	36.7128
27020	29.9622
27030	27.1933
27040	26.1785
27050	23.6156
27060	20.8467
27070	30.8467
27080	28.2745
27090	25.5221
27100	27.1203
27110	37.1203
27120	34.3805
27130	31.7778
27140	31.1486
27150	28.4047
27160	25.794
27170	35.794
27180	33.9773
27190	26.9773
27200	20.1591
27210	21.6591
27220	23.25
27230	33.25
27240	30.5
27250	27.8864
27260	29.3864
27270	39.3864
27280	36.7464
27290	34.0254
27300	32.759
27310	30.106
27320	27.3849
27330	24.7846
27340	34.7846
27350	27.9138
27360	20.9524
27370	22.517
27380	32.517
27390	29.7855
27400	27.1496
27410	28.6428
27420	30.2265
27430	40.2265
27440	37.4643
27450	34.8342
27460	33.6076
27470	30.8374
27480	40.8374
27490	33.9905
27500	29.7757
27510	22.763
27520	20.0954
27530	21.601
27540	31.601
27550	28.9268
27560	26.1891
27570	27.7215
27580	37.7215
27590	35.0085
27600	32.2955
27610	31.849
27620	29.1353
27630	26.4182
27640	36.4182
27650	33.9757
27660	27.0114
27670	20.0471
27680	21.565
27690	23.0828
27700	33.0828
27710	30.3596
27720	27.6364
27730	29.1543
27740	39.1543
27750	36.4054
27760	33.7105
27770	32.6428
27780	29.8811
27790	27.1862
27800	24.8107
27810	34.8107
27820	27.7951
27830	20.8686
27840	22.3608
27850	32.3608
27860	29.6632
27870	26.8955
27880	28.4255
27890	29.9111
27900	39.9111
27910	37.206
27920	34.4344
27930	33.4115
27940	30.7064
27950	40.7064
27960	33.6775
27970	29.7118
27980	22.7716
27990	20
28000	21.5299
28010	31.5299
28020	28.7583
28030	26.0532
28040	27.5375
28050	37.5375
28060	34.8521
28070	32.0424
28080	31.7382
28090	29.0612
28100	26.2527
28110	36.2527
28120	33.9649
28130	27.0893
28140	19.959
28150	21.5264
28160	22.9603
28170	32.9603
28180	30.2871
28190	27.4677
28200	29.0096
28210	39.0095
28220	36.2033
28230	33.5103
28240	32.5187
28250	29.7555
28260	27.0582
28270	24.8531
28280	34.8531
28290	27.8452
28300	20.9306
28310	22.4339
28320	32.4339
28330	29.7542
28340	27.0091
28350	28.5559
28360	30.0592
28370	40.0592
28380	37.3794
28390	34.6343
28400	33.4641
28410	30.7718
28420	40.7718
28430	33.806
28440	29.7391
28450	22.7826
28460	20.0652
28470	21.5962
28480	31.5962
28490	28.8413
28500	26.1515
28510	27.6482
28520	37.6482
28530	34.9657
28540	32.1885
28550	31.7715
28560	29.1091
28570	26.316
28580	36.316
28590	33.9635
28600	27.0442
28610	20.0247
28620	21.5582
28630	23.0476
28640	33.0476
28650	30.3651
28660	27.6281
28670	29.1798
28680	39.1798
28690	36.4427
28700	33.7703
28710	32.5504
28720	29.8133
28730	27.1409
28740	24.8491
28750	34.8491
28760	27.8644
28770	20.9626
28780	22.4647
28790	32.4647
28800	29.7823
28810	27.0355
28820	29.2324
28830	26.55
28840	23.8032
28850	33.8032
28860	31.1208
28870	28.374
28880	26.953
28890	24.257
28900	21.5293
28910	31.5293
28920	28.8098
28930	26.0903
28940	27.6017
28950	24.8699
28960	34.8699
28970	27.9378
28980	25.1814
28990	26.2393
29000	23.5488
29010	20.7777
29020	30.7777
29030	28.1124
29040	25.3193
29050	26.8758
29060	36.8758
29070	34.0971
29080	31.4259
29090	30.8117
29100	28.0729
29110	25.3977
29120	35.3977
29130	34.0764
29140	27.0913
29150	20.1911
29160	21.6985
29170	23.2475
29180	33.2475
29190	30.4855
29200	27.8372
29210	29.1807
29220	26.4053
29230	36.4053
29240	29.5386
29250	26.7578
29260	26.2939
29270	23.6357
29280	20.8509
29290	30.8509
29300	28.1926
29310	25.4078
29320	26.969
29330	36.969
29340	34.1842
29350	31.526
29360	30.7595
29370	27.9747
29380	25.3165
29390	35.3165
29400	34.0928
29410	27.0464
29420	20.1663
29430	21.6539
29440	23.1907
29450	33.1907
29460	30.4328
29470	27.7381
29480	29.1399
29490	26.3699
29500	36.3699
29510	29.4703
29520	26.6761
29530	26.2815
29540	23.611
29550	20.8276
29560	30.8276
29570	28.1232
29580	25.3559
29590	26.8863
29600	36.8863
29610	34.1262
29620	31.4
29630	30.7037
29640	27.9631
29650	25.2229
29660	35.2229
29670	34.0861
29680	27.15
29690	20.15
29700	21.6916
29710	23.1899
29720	33.1899
29730	30.4963
29740	27.7992
29750	29.0985
29760	26.4014
29770	36.4014
29780	29.4781
29790	26.7607
29800	26.3182
29810	23.6474
29820	20.9144
29830	30.9144
29840	28.2414
29850	25.5032
29860	27.0496
29870	37.0496
29880	34.3073
29890	31.6269
29900	30.7748
29910	28.0392
29920	25.3709
29930	35.3709
29940	34.0369
29950	27.0697
29960	20.1821
29970	21.7089
29980	23.2426
29990	33.2426
30000	30.5432
30010	27.8438
30020	29.2464
30030	26.5556
30040	36.5556
30050	29.5878
30060	26.9143
30070	26.2857
30080	23.551
30090	20.8776
30100	30.8776
30110	28.1429
30120	25.4694
30130	26.9796
30140	36.9796
30150	34.2967
30160	31.5776
30170	30.8674
30180	28.1586
30190	25.451
30200	35.451
30210	34.0369
30220	27.1169
30230	20.125
30240	21.6697
30250	23.1741
30260	33.1741
30270	30.5237
30280	27.7706
30290	29.2422
30300	26.6107
30310	36.6107
30320	29.6045
30330	27.0018
30340	26.2364
30350	23.4743
30360	20.8937
30370	30.8937
30380	28.1316
30390	25.5509
30400	27.0429
30410	37.0429
30420	34.4622
30430	31.7001
30440	31.1051
30450	28.5346
30460	25.7913
30470	35.7913
30480	33.9437
30490	27.2032
30500	20.219
30510	21.8589
30520	23.3448
30530	33.3448
30540	30.8147
30550	28.0436
30560	29.3605
30570	26.8354
30580	36.8354
30590	29.8239
30600	27.3089
30610	26.3673
30620	23.6105
30630	21.1055
30640	31.1055
30650	28.3166
30660	25.8266
30670	27.3007
30680	37.3007
30690	34.808
30700	32.0139
30710	30.9578
30720	28.4578
30730	25.6585
30740	35.6585
30750	33.9353
30760	27.2591
30770	20.263
30780	21.9231
30790	23.4251
30800	33.4251
30810	30.9152
30820	28.1681
30830	29.3874
30840	26.8775
30850	36.8775
30860	29.8814
30870	27.3715
30880	26.3241
30890	23.5771
30900	21.0672
30910	31.0672
30920	28.3181
30930	25.8027
30940	27.2987
30950	37.2987
30960	34.779
30970	32.0231
30980	31.074
30990	28.5543
31000	25.7984
31010	35.7984
31020	33.937
31030	27.2441
31040	20.2379
31050	21.9013
31060	23.414
31070	33.414
31080	30.919
31090	28.1881
31100	29.335
31110	26.8285
31120	36.8285
31130	29.879
31140	27.3496
31150	26.3726
31160	23.6667
31170	21.1373
31180	31.1373
31190	28.4314
31200	25.902
31210	27.7059
31220	24.9983
31230	22.4598
31240	32.4598
31250	29.7788
31260	27.2152
31270	27.1055
31280	24.4244
31290	34.4245
31300	27.673
31310	24.992
31320	26.8102
31330	24.2466
31340	21.5659
31350	31.5659
31360	28.9962
31370	26.3062
31380	27.0626
31390	24.4879
31400	21.8044
31410	31.8044
31420	29.2558
31430	26.5904
31440	27.7023
31450	25.1537
31460	35.1537
31470	28.2829
31480	25.7004
31490	26.3121
31500	23.6713
31510	21.0888
31520	31.0888
31530	28.448
31540	25.8655
31550	27.7476
31560	25.1068
31570	22.5255
31580	32.5255
31590	29.9108
31600	27.3189
31610	27.0088
31620	24.4169
31630	34.4169
31640	27.6199
31650	25.0418
31660	26.9537
31670	24.3282
31680	21.7606
31690	31.7606
31700	29.1465
31710	26.5736
31720	27.0228
31730	24.4458
31740	21.8689
31750	31.8689
31760	29.2968
31770	26.7328
31780	27.7408
31790	25.188
31800	35.188
31810	28.4509
31820	25.8982
31830	26.3916
31840	23.8388
31850	21.286
31860	31.286
31870	28.7332
31880	26.176
31890	27.7327
31900	25.1992
31910	22.613
31920	32.613
31930	30.0842
31940	27.498
31950	27.1456
31960	24.6169
31970	34.6169
31980	27.8352
31990	25.3065
32000	26.8777
32010	24.2782
32020	21.767
32030	31.767
32040	29.1475
32050	26.6427
32060	27.1705
32070	24.5477
32080	22.0362
32090	32.0362
32100	29.4077
32110	26.8934
32120	27.7333
32130	25.1048
32140	35.1048
32150	28.419
32160	25.7905
32170	26.3619
32180	23.8476
32190	21.219
32200	31.219
32210	28.7048
32220	26.0762
32230	27.6952
32240	25.181
32250	22.5524
32260	32.5524
32270	30.0381
32280	27.4095
32290	27.1238
32300	24.6064
32310	34.6064
32320	27.7593
32330	25.2356
32340	26.8691
32350	24.2315
32360	21.707
32370	31.707
32380	29.0846
32390	26.5846
32400	27.1981
32410	24.5845
32420	22.0845
32430	32.0845
32440	29.4708
32450	26.9708
32460	27.6894
32470	25.0758
32480	35.0758
32490	28.387
32500	25.7972
32510	26.4287
32520	23.8956
32530	21.3058
32540	31.3058
32550	28.7727
32560	26.1829
32570	27.656
32580	25.1229
32590	22.5375
32600	32.5375
32610	30.017
32620	27.3944
32630	27.1922
32640	24.6828
32650	34.6828
32660	27.8581
32670	25.33
32680	26.821
32690	24.2221
32700	21.6798
32710	31.6798
32720	29.0809
32730	26.5385
32740	27.2128
32750	24.6139
32760	22.0716
32770	32.0716
32780	29.4774
32790	26.9176
32800	27.6558
32810	25.0806
32820	35.0806
32830	28.3137
32840	25.737
32850	26.4318
32860	23.8491
32870	21.2648
32880	31.2648
32890	28.6805
32900	26.095
32910	27.6433
32920	25.0966
32930	22.5033
32940	32.5033
32950	29.966
32960	27.3718
32970	27.1488
32980	24.6044
32990	34.6044
33000	27.8015
33010	25.255
33020	26.859
33030	24.2661
33040	21.6959
33050	31.6959
33060	29.1171
33070	26.5382
33080	27.1415
33090	24.5679
33100	21.999
33110	31.999
33120	29.4344
33130	26.8699
33140	27.7675
33150	25.203
33160	35.203
33170	28.4502
33180	25.8856
33190	26.3469
33200	23.7801
33210	21.2248
33220	31.2248
33230	28.6281
33240	26.0867
33250	27.7729
33260	25.1747
33270	22.6394
33280	32.6394
33290	30.0659
33300	27.5475
33310	27.0789
33320	24.4947
33330	34.4947
33340	27.8265
33350	25.221
33360	26.9358
33370	24.4404
33380	21.8341
33390	31.8341
33400	29.3532
33410	26.7708
33420	27.089
33430	24.6149
33440	22.024
33450	32.024
33460	29.5743
33470	26.96
33480	27.7716
33490	25.3219
33500	35.3219
33510	28.5028
33520	26.0531
33530	26.3985
33540	23.7843
33550	21.3346
33560	31.3346
33570	28.7203
33580	26.2706
33590	27.8245
33600	25.2102
33610	22.7575
33620	32.7575
33630	30.1263
33640	27.6993
33650	27.1749
33660	24.5289
33670	34.5289
33680	27.9574
33690	25.3065
33700	26.8801
33710	24.4437
33720	21.7891
33730	31.7891
33740	29.3506
33750	26.6913
33760	27.0925
33770	24.6468
33780	21.9838
33790	31.9838
33800	29.5426
33810	26.8629
33820	27.7269
33830	25.3037
33840	35.3037
33850	28.3779
33860	25.9585
33870	26.4075
33880	23.6871
33890	21.2864
33900	31.2864
33910	28.5608
33920	26.1588
33930	27.8185
33940	25.0863
33950	22.6762
33960	32.6762
33970	29.9424
33980	27.5323
33990	27.1583
34000	24.4245
34010	34.4245
34020	27.8777
34030	25.1439
34040	26.8345
34050	24.4245
34060	21.6906
34070	31.6906
34080	29.2806
34090	26.5468
34100	27.0504
34110	24.6403
34120	21.9065
34130	31.9065
34140	29.4964
34150	26.7626
34160	27.6978
34170	25.2878
34180	35.2878
34190	28.3094
34200	25.8993
34210	26.4029
34220	23.6691
34230	21.259
34240	31.259
34250	28.5252
34260	26.1151
34270	27.8058
34280	25.0704
34290	22.6519
34300	32.6519
34310	29.941
34320	27.4993
34330	27.147
34340	24.4513
34350	34.4513
34360	27.8532
34370	25.1878
34380	26.9052
34390	24.4544
34400	21.7882
34410	31.7882
34420	29.3175
34430	26.6746
34440	27.0385
34450	24.5549
34460	21.9181
34470	31.9181
34480	29.4582
34490	26.8378
34500	27.7559
34510	25.296
34520	35.296
34530	28.4689
34540	26.009
34550	26.3993
34560	23.779
34570	21.3201
34580	31.3201
34590	28.714
34600	26.2229
34610	27.7969
34620	25.199
34630	22.7079
34640	32.7079
34650	30.11
34660	27.6189
34670	27.153
34680	24.5552
34690	34.5552
34700	27.9055
34710	25.2902
34720	26.8774
34730	24.4085
34740	21.7798
34750	31.7798
34760	29.316
34770	26.6698
34780	27.0967
34790	24.6499
34800	21.9903
34810	31.9903
34820	29.5435
34830	26.8839
34840	27.7305
34850	25.2837
34860	35.2837
34870	28.4043
34880	25.9596
34890	26.3833
34900	23.7355
34910	21.3016
34920	31.3016
34930	28.6561
34940	26.2252
34950	27.8707
34960	25.2008
34970	22.7888
34980	32.7888
34990	30.1128
35000	27.703
35010	27.1345
35020	24.4351
35030	34.4351
35040	27.9149
35050	25.2084
35060	26.8895
35070	24.5081
35080	21.7793
35090	31.7793
35100	29.4109
35110	26.6741
35120	27.0179
35130	24.6461
35140	21.9037
35150	31.9037
35160	29.5261
35170	26.7813
35180	27.7448
35190	25.3671
35200	35.3671
35210	28.3741
35220	25.9965
35230	26.3811
35240	23.6358
35250	21.2546
35260	31.2546
35270	28.5019
35280	26.1152
35290	27.8596
35300	25.1075
35310	22.7322
35320	32.7322
35330	29.9718
35340	27.628
35350	27.1038
35360	24.3508
35370	34.3508
35380	27.8618
35390	25.1235
35400	26.9151
35410	24.5407
35420	21.8017
35430	31.8017
35440	29.408
35450	26.6918
35460	26.975
35470	24.5722
35480	21.8618
35490	31.8618
35500	29.4266
35510	26.7323
35520	27.8084
35530	25.3732
35540	35.3732
35550	28.4275
35560	26.0137
35570	26.3289
35580	23.6047
35590	21.1909
35600	31.1909
35610	28.4668
35620	26.053
35630	27.8966
35640	25.1724
35650	22.7627
35660	32.7627
35670	30.0502
35680	27.6061
35690	27.0599
35700	24.3576
35710	34.3576
35720	27.7705
35730	25.0515
35740	26.9107
35750	24.488
35760	21.756
35770	31.756
35780	29.3334
35790	26.6014
35800	26.9588
35810	24.5361
35820	21.8041
35830	31.8041
35840	29.39
35850	26.6539
35860	27.7499
35870	25.3698
35880	35.3698
35890	28.3835
35900	26.0034
35910	26.387
35920	23.6473
35930	21.2671
35940	31.2671
35950	28.5274
35960	26.1432
35970	27.8574
35980	25.1351
35990	22.7248
36000	32.7248
