10	10
20	2
30	2
40	2
50	2
60	2
70	4.5
80	14.5
90	16
100	15
110	25
120	20
130	15
140	15
150	25
160	20
170	15
180	25
190	20
200	16.25
210	16.25
220	26.25
230	27.5
240	22.5
250	20
260	30
270	25
280	22.5
290	22.5
300	17.5
310	20
320	30
330	25
340	22.5
350	22.5
360	17.5
370	20
380	30
390	25
400	22.5
410	22.5
420	17.5
430	20.0714
440	30.0714
450	28.9286
460	25.4286
470	24
480	25.4286
490	35.4286
500	34.2857
510	31.2143
520	27.9286
530	25
540	35
550	32.5
560	30.1389
570	28.0556
580	23.4722
590	33.4722
600	32.2222
610	31.1111
620	27.8778
630	24.8333
640	26.4556
650	25
660	23
670	25
680	26
690	26
700	36
710	31
720	29
730	27
740	27
750	37
760	32.5455
770	25.6364
780	26.3636
790	27.2727
800	25.8333
810	22.6515
820	32.6515
830	30.1515
840	30
850	30
860	27.5
870	21.9231
880	24.2308
890	34.2308
900	34.7436
910	32.4359
920	27.1062
930	23.9451
940	25.1978
950	24.4835
960	34.4835
970	34.2857
980	32.75
990	29.0893
1000	24.7321
1010	25.3571
1020	25.9821
1030	35.9821
1040	32.7904
1050	30.6029
1060	28.5993
1070	25.8824
1080	26.4706
1090	24.7059
1100	22.9739
1110	25.4052
1120	26.7974
1130	36.7974
1140	32.7778
1150	28.8889
1160	24.9556
1170	26.8222
1180	36.8222
1190	33.8222
1200	29
1210	24
1220	26.4881
1230	27.6167
1240	27.2524
1250	24.2857
1260	24.7619
1270	23.3333
1280	33.3333
1290	30
1300	30.4762
1310	29.0476
1320	27.619
1330	24.2857
1340	24.6926
1350	23.4199
1360	23.7532
1370	25.5714
1380	27.3896
1390	37.3896
1400	34.7592
1410	32.4704
1420	29.1542
1430	24.3478
1440	34.3478
1450	29.1304
1460	28.6957
1470	26.5217
1480	27.3913
1490	25.2174
1500	24.7826
1510	22.6087
1520	23.4783
1530	25.6522
1540	26.5217
1550	36.5217
1560	34.3478
1570	32.6087
1580	29.5652
1590	24.3478
1600	34.3478
1610	29.1304
1620	28.6957
1630	26.5217
1640	27.4122
1650	25.0504
1660	25.0748
1670	22.4
1680	22.8
1690	25.6
1700	26
1710	36
1720	33.2
1730	32.4
1740	29.6
1750	25.2
1760	22.4
1770	22.8
1780	25.6
1790	26
1800	36
1810	33.2
1820	32.2646
1830	29.6369
1840	25.4585
1850	23.0769
1860	23.8462
1870	26.1786
1880	26.8242
1890	25.5989
1900	23.9286
1910	33.9286
1920	31.0714
1930	30.3571
1940	28.9483
1950	26.1798
1960	22.8079
1970	24.532
1980	25.8621
1990	25.4828
2000	25.1862
2010	23.7414
2020	33.7414
2030	30.408
2040	30.3333
2050	28.3333
2060	26.3583
2070	22.9
2080	23.625
2090	25.625
2100	25.3125
2110	35.3125
2120	32.8125
2130	29.6875
2140	25.9375
2150	26.5625
2160	24.0625
2170	23.75
2180	24.3693
2190	25.0795
2200	35.0795
2210	30.7528
2220	30
2230	27.8788
2240	26.9697
2250	22.4242
2260	23.3333
2270	25.7576
2280	24.8485
2290	34.8485
2300	32.7273
2310	30
2320	25.4545
2330	26.3636
2340	24.2424
2350	23.3333
2360	24.2424
2370	25.1515
2380	35.1515
2390	30.6061
2400	30
2410	27.8788
2420	26.9804
2430	22.5633
2440	23.0214
2450	25.5882
2460	25
2470	35
2480	32.0588
2490	29.7059
2500	25.5882
2510	25.8824
2520	25.5882
2530	24.9952
2540	34.9952
2550	32.5
2560	29.8037
2570	25.7496
2580	26.2162
2590	24.3243
2600	23.7838
2610	24.3243
2620	25.4054
2630	35.4054
2640	31.3514
2650	30
2660	28.1027
2670	26.6216
2680	22.5973
2690	23.5973
2700	26
2710	25.4744
2720	25.5085
2730	23.6329
2740	33.6329
2750	29.9744
2760	30
2770	28.2927
2780	26.557
2790	23.0891
2800	24.6081
2810	25.5814
2820	25.814
2830	25.3209
2840	24.0894
2850	34.0894
2860	31.4568
2870	29.7778
2880	28.2222
2890	26.2222
2900	23.775
2910	25.075
2920	25.35
2930	25.975
2940	25.625
2950	23.9405
2960	33.9405
2970	31.202
2980	30.0553
2990	28.6267
3000	26.3265
3010	23.2653
3020	24.6771
3030	25.5798
3040	26.0656
3050	25.4902
3060	23.7255
3070	33.7255
3080	31.2187
3090	30.3612
3100	28.7492
3110	25.9615
3120	23.6538
3130	25
3140	25.3846
3150	26.1538
3160	25.5769
3170	24.0385
3180	34.0385
3190	31.7308
3200	30.1615
3210	28.5888
3220	26.1734
3230	23.8182
3240	25.0909
3250	25.0839
3260	25.9088
3270	25.7088
3280	23.8596
3290	33.8596
3300	31.9298
3310	30.3509
3320	28.4413
3330	25.8953
3340	23.815
3350	25.171
3360	25.0847
3370	25.9322
3380	25.7627
3390	24.2373
3400	34.2373
3410	32.0339
3420	29.8305
3430	28.3051
3440	26.0751
3450	23.9328
3460	25.3944
3470	25.3333
3480	26.3333
3490	25.5
3500	24.1667
3510	34.1667
3520	32.1667
3530	30.1667
3540	28.8333
3550	25.8333
3560	23.8333
3570	25.3333
3580	25.3333
3590	26.3333
3600	25.5
3610	24.1667
3620	34.1667
3630	32.1667
3640	30.1667
3650	28.8333
3660	25.8333
3670	23.8333
3680	25.3098
3690	25.3492
3700	26.4574
3710	25.7377
3720	23.9344
3730	33.9344
3740	32.1967
3750	30.4996
3760	28.5207
3770	25.3968
3780	23.9683
3790	24.9206
3800	25.4095
3810	35.4095
3820	34.3643
3830	30.2081
3840	25.3125
3850	25.1652
3860	35.1652
3870	34.3537
3880	30.5384
3890	25.4545
3900	24.8485
3910	34.8485
3920	34.2424
3930	30.6061
3940	25.4545
3950	24.8485
3960	34.8485
3970	34.2424
3980	30.6381
3990	25.4055
4000	24.9492
4010	34.9492
4020	33.9706
4030	30.7353
4040	25.2832
4050	25.0597
4060	35.0597
4070	33.7748
4080	30.8571
4090	25.1429
4100	25.1429
4110	35.1429
4120	33.7143
4130	30.8571
4140	25.1429
4150	25.14
4160	35.14
4170	33.7726
4180	31.0205
4190	24.9296
4200	25.0704
4210	35.0704
4220	33.8247
4230	30.7074
4240	25.5912
4250	25.8333
4260	25.8333
4270	24.7131
4280	24.7371
4290	34.7371
4300	31.1572
4310	29.589
4320	28.6301
4330	26.3081
4340	36.3081
4350	29.105
4360	29.6643
4370	28.9333
4380	26.2667
4390	36.2667
4400	28.9055
4410	29.6545
4420	28.7868
4430	26.3636
4440	36.3636
4450	28.8312
4460	29.7403
4470	28.7013
4480	26.3636
4490	36.3636
4500	28.8312
4510	29.7403
4520	28.7125
4530	26.2979
4540	36.2979
4550	29.0495
4560	29.6203
4570	28.8608
4580	26.2025
4590	36.2025
4600	29.1139
4610	29.6203
4620	28.8608
4630	26.1994
4640	36.1994
4650	29.1919
4660	29.4046
4670	28.75
4680	26.25
4690	36.25
4700	29.375
4710	29.375
4720	28.75
4730	26.25
4740	36.25
4750	29.375
4760	29.3457
4770	28.6226
4780	26.2689
4790	36.2689
4800	29.7561
4810	29.3902
4820	28.4146
4830	26.2195
4840	36.2195
4850	29.7561
4860	29.3902
4870	28.4146
4880	26.2166
4890	36.2166
4900	29.8285
4910	29.1857
4920	28.3133
4930	26.2651
4940	36.2651
4950	30
4960	29.1566
4970	28.3133
4980	26.2651
4990	36.2651
5000	29.9712
5010	29.2146
5020	28.509
5030	26.2353
5040	36.2353
5050	29.7647
5060	29.1398
5070	28.586
5080	26.3021
5090	36.3021
5100	30
5110	28.9535
5120	28.4884
5130	26.2791
5140	36.2791
5150	30
5160	28.9535
5170	28.4884
5180	26.2791
5190	36.2791
5200	30
5210	28.9535
5220	28.4884
5230	26.2791
5240	36.2791
5250	30
5260	28.9535
5270	28.4884
5280	26.2791
5290	36.2791
5300	29.9982
5310	29.0783
5320	28.5003
5330	26.1798
5340	36.1798
5350	29.8876
5360	29.223
5370	28.582
5380	26.2884
5390	36.2884
5400	29.6667
5410	29.1111
5420	28.5382
5430	26.3482
5440	36.3482
5450	29.7988
5460	29.3407
5470	28.3517
5480	26.2611
5490	36.2611
5500	29.8457
5510	29.1567
5520	28.2609
5530	26.3073
5540	36.3073
5550	30.1986
5560	29.2229
5570	28.2105
5580	26.1053
5590	36.1053
5600	30.3614
5610	29.211
5620	28.2814
5630	25.9794
5640	35.9794
5650	30.5155
5660	29.1753
5670	28.3505
5680	25.9794
5690	35.9794
5700	30.5155
5710	29.1753
5720	28.3505
5730	25.9794
5740	35.9794
5750	30.5155
5760	29.1753
5770	28.3505
5780	25.9794
5790	35.9794
5800	30.5155
5810	29.1753
5820	28.3505
5830	25.9769
5840	35.9769
5850	30.379
5860	29.1059
5870	28.3673
5880	26.1225
5890	36.1224
5900	30.2804
5910	28.9622
5920	28.3637
5930	26.3
5940	36.3
5950	30.3
5960	28.7695
5970	28.2986
5980	26.3556
5990	36.3556
6000	30.4951
6010	28.6139
6020	28.2023
6030	26.3491
6040	36.3491
6050	30.6069
6060	28.8235
6070	28.0392
6080	26.2722
6090	36.2722
6100	30.6438
6110	28.6638
6120	27.9612
6130	26.3158
6140	36.3158
6150	30.8942
6160	28.8924
6170	28
6180	26.0952
6190	36.0952
6200	30.897
6210	28.909
6220	28.0672
6230	25.9813
6240	35.9813
6250	31.028
6260	28.8785
6270	28.1308
6280	25.9813
6290	35.9813
6300	31.028
6310	28.8785
6320	28.1308
6330	25.9813
6340	35.9813
6350	31.028
6360	28.8785
6370	28.1308
6380	25.9791
6390	35.9791
6400	31.0784
6410	28.7256
6420	28.0556
6430	26.0141
6440	36.0141
6450	31.3017
6460	28.6699
6470	27.8182
6480	26
6490	36
6500	31.4545
6510	28.7273
6520	27.8182
6530	26
6540	36
6550	31.4545
6560	28.7004
6570	27.8188
6580	26.0518
6590	36.0518
6600	31.6216
6610	28.5586
6620	27.7477
6630	26.036
6640	36.036
6650	31.6216
6660	28.5586
6670	27.7477
6680	26.0429
6690	36.0429
6700	31.6774
6710	28.6819
6720	27.9464
6730	25.8974
6740	35.8974
6750	31.5403
6760	28.7256
6770	28.1579
6780	25.8772
6790	35.8772
6800	31.4211
6810	28.5916
6820	28.1147
6830	25.913
6840	35.913
6850	31.5652
6860	28.5144
6870	28.0352
6880	26.0099
6890	36.0099
6900	31.6102
6910	28.4746
6920	27.8849
6930	25.9436
6940	35.9436
6950	31.6143
6960	28.5714
6970	28.0672
6980	25.8824
6990	35.8824
7000	31.5966
7010	28.5714
7020	28.0672
7030	25.8803
7040	35.8803
7050	31.6398
7060	28.4359
7070	28
7080	25.9167
7090	35.9167
7100	31.75
7110	28.4167
7120	28
7130	25.9167
7140	35.9167
7150	31.75
7160	28.4255
7170	28.0329
7180	25.9975
7190	35.9975
7200	31.5702
7210	28.3471
7220	28.0232
7230	26.0865
7240	36.0865
7250	31.5141
7260	28.1301
7270	27.9675
7280	26.185
7290	36.185
7300	31.5957
7310	28.2438
7320	28.1452
7330	26.0465
7340	36.0465
7350	31.5745
7360	28.3297
7370	28
7380	26
7390	36
7400	31.616
7410	28.3167
7420	27.9613
7430	26.0317
7440	36.0317
7450	31.746
7460	28.2625
7470	27.9678
7480	25.919
7490	35.919
7500	31.7323
7510	28.3465
7520	28.1043
7530	25.8749
7540	35.8749
7550	31.911
7560	28.4615
7570	28.0769
7580	25.7692
7590	35.7692
7600	31.9231
7610	28.4615
7620	28.0769
7630	25.7674
7640	35.7674
7650	31.9614
7660	28.5594
7670	27.9389
7680	25.7252
7690	35.7252
7700	31.961
7710	28.5427
7720	27.9425
7730	25.8647
7740	35.8647
7750	31.9549
7760	28.4155
7770	27.8513
7780	25.9486
7790	35.9486
7800	31.9853
7810	28.3824
7820	27.7237
7830	25.9796
7840	35.9796
7850	31.8407
7860	28.3212
7870	27.7372
7880	26.0584
7890	36.0584
7900	31.8248
7910	28.3212
7920	27.7372
7930	26.0567
7940	36.0567
7950	31.8623
7960	28.4154
7970	27.6087
7980	26.0145
7990	36.0145
8000	31.8623
8010	28.5216
8020	27.5431
8030	26.0714
8040	36.0714
8050	31.7857
8060	28.5789
8070	27.4302
8080	26.0405
8090	36.0405
8100	31.844
8110	28.7234
8120	27.3759
8130	26.0284
8140	36.0284
8150	31.844
8160	28.7234
8170	27.3759
8180	26.0338
8190	36.0338
8200	31.8874
8210	28.8204
8220	27.5352
8230	25.9155
8240	35.9155
8250	31.831
8260	28.8028
8270	27.5352
8280	25.9155
8290	35.9155
8300	31.831
8310	28.8028
8320	27.5352
8330	25.9155
8340	35.9155
8350	31.831
8360	28.8101
8370	27.5646
8380	25.9838
8390	35.9838
8400	31.6783
8410	28.7413
8420	27.5524
8430	26.014
8440	36.014
8450	31.6783
8460	28.7413
8470	27.5524
8480	26.014
8490	36.014
8500	31.6783
8510	28.7413
8520	27.5524
8530	26.014
8540	36.014
8550	31.6783
8560	28.7413
8570	27.5524
8580	26.014
8590	36.014
8600	31.6783
8610	28.7413
8620	27.5524
8630	26.014
8640	36.014
8650	31.6783
8660	28.7413
8670	27.5524
8680	26.014
8690	36.014
8700	31.6783
8710	28.7413
8720	27.5417
8730	26.0224
8740	36.0224
8750	31.7505
8760	28.8889
8770	27.4306
8780	25.9706
8790	35.9706
8800	31.7718
8810	28.776
8820	27.3793
8830	25.9984
8840	35.9984
8850	31.7672
8860	28.7158
8870	27.3973
8880	26.0959
8890	36.0959
8900	31.726
8910	28.7424
8920	27.2989
8930	26.0544
8940	36.0544
8950	31.7687
8960	28.8505
8970	27.3078
8980	25.9575
8990	35.9575
9000	31.7568
9010	28.9189
9020	27.4252
9030	25.9755
9040	35.9755
9050	31.6941
9060	29
9070	27.3333
9080	25.997
9090	35.997
9100	31.6104
9110	29.0404
9120	27.2368
9130	26.0526
9140	36.0526
9150	31.5789
9160	29.0789
9170	27.2368
9180	26.0526
9190	36.0526
9200	31.5922
9210	29.12
9220	27.3197
9230	25.9477
9240	35.9477
9250	31.5686
9260	29.1308
9270	27.3875
9280	25.9852
9290	35.9852
9300	31.6883
9310	29.026
9320	27.3437
9330	25.9381
9340	35.9381
9350	31.7696
9360	28.9744
9370	27.4359
9380	25.8945
9390	35.8945
9400	31.8598
9410	28.9499
9420	27.2785
9430	25.8909
9440	35.8909
9450	32.0002
9460	29.0728
9470	27.4214
9480	25.7862
9490	35.7862
9500	31.9618
9510	29.0961
9520	27.5002
9530	25.6875
9540	35.6875
9550	31.9375
9560	29.1377
9570	27.5287
9580	25.7241
9590	35.7241
9600	31.8519
9610	29.1975
9620	27.4691
9630	25.7407
9640	35.7407
9650	31.8519
9660	29.1975
9670	27.4691
9680	25.7379
9690	35.7379
9700	31.9134
9710	29.1717
9720	27.3171
9730	25.7317
9740	35.7317
9750	32.0122
9760	29.2073
9770	27.3171
9780	25.7317
9790	35.7317
9800	32.0122
9810	29.2073
9820	27.3171
9830	25.7317
9840	35.7317
9850	32.0122
9860	29.1893
9870	27.3192
9880	25.7676
9890	35.7676
9900	32.1212
9910	29.0909
9920	27.2756
9930	25.7771
9940	35.7771
9950	32.0005
9960	29.0361
9970	27.2892
9980	25.8434
9990	35.8434
10000	31.988
10010	29.0361
10020	27.2892
10030	25.8434
10040	35.8434
10050	31.988
10060	29.0361
10070	27.2892
10080	25.8434
10090	35.8434
10100	31.9576
10110	29.0322
10120	27.3232
10130	25.9281
10140	35.9281
10150	31.8563
10160	28.982
10170	27.3054
10180	25.9281
10190	35.9281
10200	31.8563
10210	28.982
10220	27.2963
10230	25.9353
10240	35.9353
10250	31.917
10260	29.1071
10270	27.2024
10280	25.8915
10290	35.8915
10300	31.8224
10310	29.0688
10320	27.2189
10330	25.9763
10340	35.9763
10350	31.7751
10360	29.0533
10370	27.2189
10380	25.9763
10390	35.9763
10400	31.7751
10410	29.0533
10420	27.2189
10430	25.9763
10440	35.9763
10450	31.7751
10460	29.0652
10470	27.2696
10480	25.9498
10490	35.9498
10500	31.6374
10510	29.0643
10520	27.3595
10530	25.9719
10540	35.9719
10550	31.6977
10560	29.186
10570	27.2674
10580	25.9276
10590	35.9276
10600	31.7457
10610	29.1623
10620	27.1264
10630	25.9183
10640	35.9183
10650	31.8684
10660	29.1009
10670	27.0857
10680	25.9429
10690	35.9429
10700	31.954
10710	29.1217
10720	27.0051
10730	25.9091
10740	35.9091
10750	31.9886
10760	29.2045
10770	26.9886
10780	25.9091
10790	35.9091
10800	31.9886
10810	29.2045
10820	26.9914
10830	25.9269
10840	35.9269
10850	31.876
10860	29.1525
10870	27.0056
10880	25.9875
10890	35.9875
10900	31.7866
10910	29.1161
10920	27.0225
10930	26.0662
10940	36.0662
10950	31.6646
10960	29.0651
10970	27.0391
10980	26.1452
10990	36.1453
11000	31.6314
11010	29.0853
11020	26.9602
11030	26.1111
11040	36.1111
11050	31.6667
11060	29.1777
11070	26.9161
11080	26.1399
11090	36.1399
11100	31.5934
11110	29.2308
11120	26.8626
11130	26.1111
11140	36.1111
11150	31.6519
11160	29.4022
11170	26.9022
11180	26.0314
11190	36.0314
11200	31.5561
11210	29.3662
11220	26.9189
11230	26.1081
11240	36.1081
11250	31.5135
11260	29.3514
11270	26.9189
11280	26.1081
11290	36.1081
11300	31.5135
11310	29.3514
11320	26.9189
11330	26.1081
11340	36.1081
11350	31.5135
11360	29.3618
11370	26.8917
11380	26.008
11390	36.008
11400	31.5508
11410	29.5187
11420	26.9519
11430	25.9893
11440	35.9893
11450	31.5508
11460	29.5187
11470	26.9519
11480	25.9923
11490	35.9923
11500	31.5113
11510	29.5531
11520	27.0899
11530	25.9788
11540	35.9788
11550	31.4286
11560	29.5238
11570	27.0899
11580	25.9788
11590	35.9788
11600	31.4239
11610	29.4939
11620	27.1649
11630	25.9896
11640	35.9896
11650	31.4063
11660	29.4163
11670	27.2121
11680	25.9459
11690	35.9459
11700	31.4948
11710	29.3814
11720	27.268
11730	25.9278
11740	35.9278
11750	31.4948
11760	29.3814
11770	27.268
11780	25.9278
11790	35.9278
11800	31.4948
11810	29.3814
11820	27.268
11830	25.9318
11840	35.9318
11850	31.5269
11860	29.4496
11870	27.3846
11880	25.8462
11890	35.8462
11900	31.5076
11910	29.4116
11920	27.4264
11930	25.7868
11940	35.7868
11950	31.5736
11960	29.3909
11970	27.4619
11980	25.7868
11990	35.7868
12000	31.5736
12010	29.3909
12020	27.4643
12030	25.7428
12040	35.7428
12050	31.5755
12060	29.4444
12070	27.5758
12080	25.7047
12090	35.7047
12100	31.617
12110	29.4211
12120	27.45
12130	25.7026
12140	35.7026
12150	31.7553
12160	29.5756
12170	27.4752
12180	25.5941
12190	35.5941
12200	31.7517
12210	29.5801
12220	27.3832
12230	25.5882
12240	35.5882
12250	31.8627
12260	29.6126
12270	27.3745
12280	25.5202
12290	35.5202
12300	31.8537
12310	29.6585
12320	27.4658
12330	25.5285
12340	35.5285
12350	31.757
12360	29.6116
12370	27.4757
12380	25.5825
12390	35.5825
12400	31.7476
12410	29.6116
12420	27.4757
12430	25.5802
12440	35.5802
12450	31.7045
12460	29.6362
12470	27.4038
12480	25.625
12490	35.625
12500	31.6827
12510	29.6635
12520	27.4038
12530	25.625
12540	35.625
12550	31.6827
12560	29.6726
12570	27.379
12580	25.654
12590	35.654
12600	31.619
12610	29.7143
12620	27.3286
12630	25.6317
12640	35.6317
12650	31.6689
12660	29.8585
12670	27.3585
12680	25.5696
12690	35.5696
12700	31.6794
12710	29.919
12720	27.4648
12730	25.4918
12740	35.4918
12750	31.6667
12760	29.9614
12770	27.3832
12780	25.4673
12790	35.4673
12800	31.6822
12810	30
12820	27.3832
12830	25.4673
12840	35.4673
12850	31.6822
12860	30.0043
12870	27.404
12880	25.403
12890	35.403
12900	31.6744
12910	30.0465
12920	27.4884
12930	25.3953
12940	35.3953
12950	31.6744
12960	30.0465
12970	27.4884
12980	25.3942
12990	35.3942
13000	31.6095
13010	30.0128
13020	27.5
13030	25.463
13040	35.463
13050	31.5741
13060	30
13070	27.5
13080	25.463
13090	35.463
13100	31.5741
13110	30
13120	27.5
13130	25.463
13140	35.463
13150	31.5741
13160	30.0043
13170	27.5204
13180	25.51
13190	35.51
13200	31.4747
13210	29.9539
13220	27.5069
13230	25.5516
13240	35.5516
13250	31.4324
13260	30
13270	27.4429
13280	25.5708
13290	35.5708
13300	31.4155
13310	30
13320	27.4429
13330	25.5708
13340	35.5708
13350	31.4155
13360	30
13370	27.4429
13380	25.5708
13390	35.5708
13400	31.4245
13410	30.0266
13420	27.5004
13430	25.5
13440	35.5
13450	31.4091
13460	30.0455
13470	27.5455
13480	25.5
13490	35.5
13500	31.4091
13510	30.0455
13520	27.5387
13530	25.5063
13540	35.5063
13550	31.4562
13560	30.1357
13570	27.4661
13580	25.4785
13590	35.4785
13600	31.4754
13610	30.1927
13620	27.5676
13630	25.4032
13640	35.4032
13650	31.4866
13660	30.1542
13670	27.4554
13680	25.4018
13690	35.4018
13700	31.5625
13710	30.1786
13720	27.4554
13730	25.4018
13740	35.4018
13750	31.5625
13760	30.1786
13770	27.4554
13780	25.4018
13790	35.4018
13800	31.5625
13810	30.1786
13820	27.4576
13830	25.4169
13840	35.4169
13850	31.617
13860	30.0889
13870	27.4222
13880	25.4222
13890	35.4222
13900	31.6444
13910	30.0889
13920	27.4222
13930	25.4212
13940	35.4212
13950	31.6665
13960	30.0123
13970	27.3894
13980	25.4425
13990	35.4425
14000	31.7425
14010	30.0518
14020	27.3825
14030	25.3509
14040	35.3509
14050	31.7544
14060	30.1182
14070	27.4144
14080	25.3783
14090	35.3783
14100	31.8341
14110	30.0437
14120	27.3821
14130	25.3337
14140	35.3337
14150	31.8343
14160	30.087
14170	27.4783
14180	25.3043
14190	35.3043
14200	31.8261
14210	30.087
14220	27.4783
14230	25.3043
14240	35.3043
14250	31.8261
14260	30.087
14270	27.4783
14280	25.3043
14290	35.3043
14300	31.8343
14310	30.1124
14320	27.4163
14330	25.2814
14340	35.2814
14350	31.8615
14360	30.1812
14370	27.3812
14380	25.31
14390	35.31
14400	31.8026
14410	30.2146
14420	27.3413
14430	25.3364
14440	35.3364
14450	31.8541
14460	30.1282
14470	27.3077
14480	25.3409
14490	35.3409
14500	31.9011
14510	30.178
14520	27.234
14530	25.3214
14540	35.3214
14550	31.9601
14560	30.3152
14570	27.2574
14580	25.2321
14590	35.2321
14600	31.9272
14610	30.3568
14620	27.3358
14630	25.2301
14640	35.2301
14650	31.841
14660	30.3347
14670	27.364
14680	25.2301
14690	35.2301
14700	31.841
14710	30.3347
14720	27.364
14730	25.2301
14740	35.2301
14750	31.841
14760	30.3347
14770	27.364
14780	25.2291
14790	35.2291
14800	31.8612
14810	30.2619
14820	27.3333
14830	25.25
14840	35.25
14850	31.9167
14860	30.25
14870	27.3333
14880	25.25
14890	35.25
14900	31.9244
14910	30.2742
14920	27.3865
14930	25.1867
14940	35.1867
14950	31.9087
14960	30.2778
14970	27.4296
14980	25.2132
14990	35.2132
15000	31.9835
15010	30.2066
15020	27.3967
15030	25.2066
15040	35.2066
15050	31.9835
15060	30.2066
15070	27.3967
15080	25.2087
15090	35.2087
15100	32.0268
15110	30.3059
15120	27.418
15130	25.123
15140	35.1229
15150	32.0082
15160	30.3279
15170	27.418
15180	25.123
15190	35.123
15200	31.9947
15210	30.3466
15220	27.3837
15230	25.1626
15240	35.1626
15250	31.9512
15260	30.3696
15270	27.3762
15280	25.1076
15290	35.1076
15300	31.9433
15310	30.4049
15320	27.4536
15330	25.1292
15340	35.1292
15350	31.9104
15360	30.2811
15370	27.4297
15380	25.1807
15390	35.1807
15400	31.9277
15410	30.2811
15420	27.4297
15430	25.1797
15440	35.1797
15450	31.9469
15460	30.2113
15470	27.4
15480	25.2
15490	35.2
15500	32.0074
15510	30.1556
15520	27.3832
15530	25.2191
15540	35.2191
15550	32.0717
15560	30.1195
15570	27.3705
15580	25.2191
15590	35.2191
15600	32.0717
15610	30.1195
15620	27.3666
15630	25.2383
15640	35.2383
15650	32.1574
15660	30.1186
15670	27.2727
15680	25.2204
15690	35.2204
15700	32.1964
15710	30.1686
15720	27.3622
15730	25.1556
15740	35.1556
15750	32.202
15760	30.1353
15770	27.2656
15780	25.1562
15790	35.1562
15800	32.2796
15810	30.1363
15820	27.2996
15830	25.1163
15840	35.1163
15850	32.3256
15860	30.12
15870	27.3432
15880	25.0638
15890	35.0638
15900	32.3166
15910	30.1544
15920	27.417
15930	25.0386
15940	35.0386
15950	32.3597
15960	30.1149
15970	27.4713
15980	25.0192
15990	35.0192
16000	32.3755
16010	30.1149
16020	27.4713
16030	25.022
16040	35.022
16050	32.3967
16060	30.1633
16070	27.5573
16080	24.9618
16090	34.9618
16100	32.3664
16110	30.1527
16120	27.5573
16130	24.9618
16140	34.9618
16150	32.3664
16160	30.1601
16170	27.5914
16180	24.9508
16190	34.9508
16200	32.2727
16210	30.1515
16220	27.6459
16230	24.968
16240	34.968
16250	32.3092
16260	30.2264
16270	27.5849
16280	24.9415
16290	34.9415
16300	32.336
16310	30.2044
16320	27.4906
16330	24.9429
16340	34.9429
16350	32.4139
16360	30.2679
16370	27.4254
16380	24.9254
16390	34.9254
16400	32.4254
16410	30.2985
16420	27.4254
16430	24.9254
16440	34.9254
16450	32.4254
16460	30.2872
16470	27.4275
16480	24.9498
16490	34.9498
16500	32.4907
16510	30.223
16520	27.3978
16530	24.9442
16540	34.9442
16550	32.4907
16560	30.223
16570	27.3978
16580	24.947
16590	34.947
16600	32.511
16610	30.2697
16620	27.4815
16630	24.888
16640	34.888
16650	32.4979
16660	30.3019
16670	27.417
16680	24.8708
16690	34.8708
16700	32.5156
16710	30.2912
16720	27.4017
16730	24.8897
16740	34.8897
16750	32.5735
16760	30.261
16770	27.3552
16780	24.8772
16790	34.8772
16800	32.6007
16810	30.3297
16820	27.3279
16830	24.8846
16840	34.8846
16850	32.6422
16860	30.2555
16870	27.2993
16880	24.8896
16890	34.8896
16900	32.6802
16910	30.2976
16920	27.2364
16930	24.8718
16940	34.8718
16950	32.7068
16960	30.2641
16970	27.2101
16980	24.8913
16990	34.8913
17000	32.7659
17010	30.2964
17020	27.2065
17030	24.8201
17040	34.8201
17050	32.7698
17060	30.3597
17070	27.2302
17080	24.8201
17090	34.8201
17100	32.7698
17110	30.3597
17120	27.2321
17130	24.8327
17140	34.8327
17150	32.81
17160	30.2867
17170	27.2043
17180	24.837
17190	34.8369
17200	32.7946
17210	30.3016
17220	27.153
17230	24.8772
17240	34.8772
17250	32.8101
17260	30.4056
17270	27.1731
17280	24.8057
17290	34.8057
17300	32.8033
17310	30.4057
17320	27.1103
17330	24.807
17340	34.807
17350	32.8772
17360	30.4105
17370	27.0903
17380	24.8302
17390	34.8302
17400	32.9371
17410	30.3496
17420	27.0666
17430	24.8076
17440	34.8076
17450	32.8612
17460	30.3472
17470	27.1528
17480	24.8247
17490	34.8247
17500	32.8769
17510	30.3269
17520	27.069
17530	24.8276
17540	34.8276
17550	32.931
17560	30.3448
17570	27.069
17580	24.8276
17590	34.8276
17600	32.9368
17610	30.3068
17620	27.0556
17630	24.8454
17640	34.8454
17650	32.9897
17660	30.2749
17670	27.0447
17680	24.8454
17690	34.8454
17700	32.9897
17710	30.2749
17720	27.0433
17730	24.833
17740	34.833
17750	32.9459
17760	30.3401
17770	27.0748
17780	24.8291
17790	34.8291
17800	32.9397
17810	30.3794
17820	27.017
17830	24.8127
17840	34.8127
17850	32.8994
17860	30.3816
17870	27.027
17880	24.8649
17890	34.8649
17900	32.8716
17910	30.3716
17920	27.027
17930	24.8649
17940	34.8649
17950	32.8716
17960	30.375
17970	27.043
17980	24.8197
17990	34.8197
18000	32.862
18010	30.404
18020	27.1079
18030	24.798
18040	34.798
18050	32.7893
18060	30.4013
18070	27.1906
18080	24.8152
18090	34.8152
18100	32.7903
18110	30.343
18120	27.1667
18130	24.8333
18140	34.8333
18150	32.8333
18160	30.3333
18170	27.1667
18180	24.8333
18190	34.8333
18200	32.85
18210	30.3359
18220	27.1506
18230	24.7855
18240	34.7855
18250	32.9043
18260	30.363
18270	27.1617
18280	24.7855
18290	34.7855
18300	32.9043
18310	30.363
18320	27.1617
18330	24.7855
18340	34.7855
18350	32.9043
18360	30.363
18370	27.1617
18380	24.7855
18390	34.7855
18400	32.9043
18410	30.363
18420	27.1617
18430	24.7847
18440	34.7847
18450	32.8558
18460	30.3385
18470	27.1711
18480	24.8355
18490	34.8355
18500	32.8345
18510	30.2927
18520	27.1581
18530	24.8525
18540	34.8525
18550	32.8852
18560	30.2656
18570	27.1171
18580	24.8413
18590	34.8413
18600	32.9085
18610	30.3268
18620	27.0949
18630	24.8202
18640	34.8202
18650	32.9416
18660	30.2922
18670	27.1429
18680	24.8044
18690	34.8044
18700	32.9683
18710	30.3298
18720	27.0874
18730	24.7896
18740	34.7896
18750	32.9773
18760	30.356
18770	27.0874
18780	24.7896
18790	34.7896
18800	32.9773
18810	30.356
18820	27.0874
18830	24.7896
18840	34.7896
18850	32.9773
18860	30.3625
18870	27.1178
18880	24.7808
18890	34.7808
18900	32.8939
18910	30.3537
18920	27.1738
18930	24.775
18940	34.775
18950	32.8243
18960	30.3514
18970	27.2524
18980	24.7915
18990	34.7915
19000	32.8252
19010	30.2958
19020	27.2293
19030	24.8089
19040	34.8089
19050	32.8662
19060	30.2866
19070	27.2293
19080	24.8089
19090	34.8089
19100	32.8653
19110	30.286
19120	27.2324
19130	24.8113
19140	34.8113
19150	32.8616
19160	30.2893
19170	27.2181
19180	24.834
19190	34.834
19200	32.8125
19210	30.3125
19220	27.1875
19230	24.8438
19240	34.8438
19250	32.8125
19260	30.3125
19270	27.1875
19280	24.8438
19290	34.8438
19300	32.8125
19310	30.3125
19320	27.1875
19330	24.843
19340	34.843
19350	32.826
19360	30.3486
19370	27.134
19380	24.8287
19390	34.8287
19400	32.8349
19410	30.3738
19420	27.134
19430	24.8287
19440	34.8287
19450	32.8349
19460	30.3707
19470	27.122
19480	24.8714
19490	34.8714
19500	32.8395
19510	30.3395
19520	27.0679
19530	24.8765
19540	34.8765
19550	32.8395
19560	30.3395
19570	27.0679
19580	24.8758
19590	34.8758
19600	32.8528
19610	30.2859
19620	27.0462
19630	24.8908
19640	34.8908
19650	32.9187
19660	30.2594
19670	26.9725
19680	24.893
19690	34.893
19700	32.9664
19710	30.2752
19720	26.9725
19730	24.893
19740	34.893
19750	32.9664
19760	30.2814
19770	26.9587
19780	24.8415
19790	34.8415
19800	32.9787
19810	30.3647
19820	26.9881
19830	24.8476
19840	34.8476
19850	32.9427
19860	30.3927
19870	26.9486
19880	24.864
19890	34.864
19900	32.9305
19910	30.3927
19920	26.9486
19930	24.8633
19940	34.8633
19950	32.9434
19960	30.3402
19970	26.9277
19980	24.8795
19990	34.8795
20000	32.9659
20010	30.3282
20020	26.9463
20030	24.9249
20040	34.9249
20050	32.9129
20060	30.3033
20070	26.9092
20080	24.9145
20090	34.9145
20100	32.9341
20110	30.3593
20120	26.8835
20130	24.9245
20140	34.9245
20150	32.8989
20160	30.3869
20170	26.8452
20180	24.9398
20190	34.9398
20200	32.8998
20210	30.4213
20220	26.7953
20230	24.9251
20240	34.9251
20250	32.9208
20260	30.3935
20270	26.7751
20280	24.9408
20290	34.9408
20300	32.9586
20310	30.3846
20320	26.7751
20330	24.9408
20340	34.9408
20350	32.9586
20360	30.3876
20370	26.7894
20380	24.901
20390	34.901
20400	32.9499
20410	30.413
20420	26.8453
20430	24.9068
20440	34.9068
20450	32.8883
20460	30.3824
20470	26.8529
20480	24.9427
20490	34.9427
20500	32.9107
20510	30.4531
20520	26.8713
20530	24.8823
20540	34.8823
20550	32.8519
20560	30.446
20570	26.8805
20580	24.9271
20590	34.9271
20600	32.8378
20610	30.4223
20620	26.9079
20630	24.8986
20640	34.8985
20650	32.8696
20660	30.4087
20670	26.9413
20680	24.929
20690	34.929
20700	32.8035
20710	30.3757
20720	26.9364
20730	24.9422
20740	34.9422
20750	32.8035
20760	30.3757
20770	26.9364
20780	24.9423
20790	34.9423
20800	32.802
20810	30.3738
20820	26.9429
20830	24.9422
20840	34.9422
20850	32.8125
20860	30.3218
20870	26.9231
20880	24.9573
20890	34.9573
20900	32.849
20910	30.3134
20920	26.9231
20930	24.9573
20940	34.9573
20950	32.849
20960	30.3134
20970	26.9231
20980	24.9573
20990	34.9573
21000	32.849
21010	30.3134
21020	26.9189
21030	24.9613
21040	34.9613
21050	32.875
21060	30.3693
21070	26.875
21080	24.9447
21090	34.9447
21100	32.8967
21110	30.4377
21120	26.8927
21130	24.8857
21140	34.8857
21150	32.8523
21160	30.4634
21170	26.8539
21180	24.9157
21190	34.9157
21200	32.8418
21210	30.4464
21220	26.8434
21230	24.93
21240	34.93
21250	32.8852
21260	30.4202
21270	26.8347
21280	24.93
21290	34.93
21300	32.8852
21310	30.4202
21320	26.8363
21330	24.9395
21340	34.9395
21350	32.9162
21360	30.3631
21370	26.8156
21380	24.9463
21390	34.9463
21400	32.9478
21410	30.3983
21420	26.8802
21430	24.9012
21440	34.9012
21450	32.9487
21460	30.3738
21470	26.8144
21480	24.903
21490	34.903
21500	32.977
21510	30.3849
21520	26.8318
21530	24.9447
21540	34.9447
21550	32.9282
21560	30.3674
21570	26.8243
21580	24.9269
21590	34.9269
21600	32.8767
21610	30.411
21620	26.8468
21630	24.9119
21640	34.9119
21650	32.8992
21660	30.4905
21670	26.8665
21680	24.8767
21690	34.8767
21700	32.8484
21710	30.4701
21720	26.875
21730	24.9178
21740	34.9178
21750	32.7864
21760	30.4417
21770	26.8835
21780	24.9593
21790	34.9594
21800	32.7642
21810	30.4336
21820	26.8835
21830	24.9593
21840	34.9594
21850	32.7642
21860	30.4363
21870	26.8586
21880	24.9499
21890	34.9499
21900	32.7838
21910	30.4865
21920	26.8354
21930	24.9266
21940	34.9266
21950	32.8063
21960	30.5645
21970	26.8548
21980	24.8939
21990	34.8939
22000	32.7709
22010	30.5776
22020	26.9251
22030	24.893
22040	34.893
22050	32.7273
22060	30.5615
22070	26.9251
22080	24.893
22090	34.893
22100	32.7273
22110	30.5615
22120	26.9251
22130	24.893
22140	34.893
22150	32.7273
22160	30.5534
22170	26.9272
22180	24.9106
22190	34.9106
22200	32.7733
22210	30.5067
22220	26.9081
22230	24.9158
22240	34.9158
22250	32.718
22260	30.4787
22270	26.9149
22280	24.9468
22290	34.9468
22300	32.7128
22310	30.4787
22320	26.9149
22330	24.9488
22340	34.9488
22350	32.7271
22360	30.5119
22370	26.9761
22380	24.9072
22390	34.9072
22400	32.6916
22410	30.501
22420	26.9924
22430	24.9471
22440	34.9471
22450	32.6455
22460	30.4762
22470	26.9841
22480	24.9471
22490	34.9471
22500	32.6455
22510	30.4762
22520	26.987
22530	24.9336
22540	34.9336
22550	32.5892
22560	30.4737
22570	27.0526
22580	24.9474
22590	34.9474
22600	32.5789
22610	30.4737
22620	27.0526
22630	24.9467
22640	34.9467
22650	32.5906
22660	30.4277
22670	27.0341
22680	24.9606
22690	34.9606
22700	32.6292
22710	30.3908
22720	27.0239
22730	24.9738
22740	34.9738
22750	32.6702
22760	30.3665
22770	27.0157
22780	24.9738
22790	34.9738
22800	32.6702
22810	30.3665
22820	27.0133
22830	24.9552
22840	34.9552
22850	32.6925
22860	30.4427
22870	27.0312
22880	24.9238
22890	34.9238
22900	32.6963
22910	30.4752
22920	27.0909
22930	24.8825
22940	34.8825
22950	32.6375
22960	30.448
22970	27.0984
22980	24.9223
22990	34.9223
23000	32.6029
23010	30.4375
23020	27.1141
23030	24.9612
23040	34.9612
23050	32.5581
23060	30.4134
23070	27.1059
23080	24.9612
23090	34.9612
23100	32.5581
23110	30.4134
23120	27.1073
23130	24.9701
23140	34.9701
23150	32.505
23160	30.3866
23170	27.1134
23180	25.0019
23190	35.0019
23200	32.5142
23210	30.4188
23220	27.1722
23230	24.9634
23240	34.9634
23250	32.5077
23260	30.4434
23270	27.2308
23280	24.9231
23290	34.9231
23300	32.4737
23310	30.4329
23320	27.246
23330	24.9616
23340	34.9616
23350	32.4297
23360	30.4015
23370	27.2395
23380	24.9783
23390	34.9783
23400	32.4745
23410	30.3571
23420	27.217
23430	24.987
23440	34.987
23450	32.4464
23460	30.3807
23470	27.1827
23480	25.0019
23490	35.0019
23500	32.4506
23510	30.4124
23520	27.2405
23530	24.9639
23540	34.9639
23550	32.4443
23560	30.4366
23570	27.298
23580	24.9242
23590	34.9242
23600	32.4286
23610	30.4012
23620	27.2877
23630	24.937
23640	34.937
23650	32.4685
23660	30.3803
23670	27.2561
23680	24.9284
23690	34.9284
23700	32.4874
23710	30.4271
23720	27.2375
23730	24.9334
23740	34.9334
23750	32.4359
23760	30.401
23770	27.2431
23780	24.9643
23790	34.9643
23800	32.4449
23810	30.4322
23820	27.3
23830	24.9244
23840	34.9244
23850	32.3888
23860	30.4062
23870	27.3067
23880	24.9626
23890	34.9626
23900	32.3605
23910	30.4106
23920	27.2864
23930	24.9876
23940	34.9876
23950	32.3325
23960	30.4143
23970	27.272
23980	25.0038
23990	35.0038
24000	32.3762
24010	30.3713
24020	27.2525
24030	25
24040	35
24050	32.3762
24060	30.3713
24070	27.2525
24080	24.9994
24090	34.9994
24100	32.3406
24110	30.3528
24120	27.2593
24130	25.0358
24140	35.0358
24150	32.2968
24160	30.2844
24170	27.2482
24180	25.086
24190	35.086
24200	32.3096
24210	30.2703
24220	27.2482
24230	25.086
24240	35.086
24250	32.3096
24260	30.2652
24270	27.2609
24280	25.1273
24290	35.1273
24300	32.2983
24310	30.1956
24320	27.2397
24330	25.1219
24340	35.1219
24350	32.2479
24360	30.1946
24370	27.2993
24380	25.1332
24390	35.1332
24400	32.2497
24410	30.2229
24420	27.2573
24430	25.1214
24440	35.1214
24450	32.2573
24460	30.2427
24470	27.2573
24480	25.1214
24490	35.1214
24500	32.2491
24510	30.2132
24520	27.2616
24530	25.1691
24540	35.1691
24550	32.2464
24560	30.1714
24570	27.2237
24580	25.1604
24590	35.1604
24600	32.2651
24610	30.2169
24620	27.2061
24630	25.1648
24640	35.1648
24650	32.2931
24660	30.1683
24670	27.1875
24680	25.1677
24690	35.1677
24700	32.3188
24710	30.1963
24720	27.1463
24730	25.1559
24740	35.1559
24750	32.3261
24760	30.2158
24770	27.1463
24780	25.1559
24790	35.1559
24800	32.3347
24810	30.2035
24820	27.1676
24830	25.1313
24840	35.1313
24850	32.3628
24860	30.1837
24870	27.1852
24880	25.1465
24890	35.1465
24900	32.4048
24910	30.1429
24920	27.1667
24930	25.1429
24940	35.1429
24950	32.4048
24960	30.1429
24970	27.1667
24980	25.1441
24990	35.1441
25000	32.4289
25010	30.2007
25020	27.1801
25030	25.096
25040	35.096
25050	32.441
25060	30.2706
25070	27.1934
25080	25.0472
25090	35.0472
25100	32.4211
25110	30.2943
25120	27.1744
25130	25.0704
25140	35.0704
25150	32.3944
25160	30.3074
25170	27.1705
25180	25.0387
25190	35.0387
25200	32.3888
25210	30.3279
25220	27.2131
25230	25.0351
25240	35.0351
25250	32.3888
25260	30.3279
25270	27.2131
25280	25.0369
25290	35.0369
25300	32.4018
25310	30.3572
25320	27.2664
25330	25.0012
25340	35.0012
25350	32.3625
25360	30.3622
25370	27.3256
25380	25
25390	35
25400	32.3297
25410	30.3624
25420	27.2928
25430	24.9884
25440	34.9884
25450	32.3434
25460	30.3896
25470	27.2975
25480	24.9724
25490	34.9724
25500	32.3788
25510	30.3695
25520	27.321
25530	24.9654
25540	34.9654
25550	32.3788
25560	30.3695
25570	27.321
25580	24.9654
25590	34.9654
25600	32.3788
25610	30.3695
25620	27.321
25630	24.966
25640	34.966
25650	32.3687
25660	30.3409
25670	27.3624
25680	24.9771
25690	34.9771
25700	32.3664
25710	30.2956
25720	27.3529
25730	24.9886
25740	34.9886
25750	32.4027
25760	30.2768
25770	27.356
25780	24.9578
25790	34.9578
25800	32.3973
25810	30.2968
25820	27.3996
25830	24.9703
25840	34.9703
25850	32.377
25860	30.2273
25870	27.3864
25880	24.9989
25890	34.9989
25900	32.4069
25910	30.2141
25920	27.3303
25930	25
25940	35
25950	32.4434
25960	30.2262
25970	27.3303
25980	25
25990	35
26000	32.4356
26010	30.2371
26020	27.3726
26030	25
26040	35
26050	32.3874
26060	30.2274
26070	27.3977
26080	24.9697
26090	34.9697
26100	32.382
26110	30.2472
26120	27.436
26130	24.9775
26140	34.9775
26150	32.4293
26160	30.2461
26170	27.3825
26180	24.9659
26190	34.9659
26200	32.4486
26210	30.2719
26220	27.3438
26230	24.9554
26240	34.9554
26250	32.4554
26260	30.2902
26270	27.3438
26280	24.9554
26290	34.9554
26300	32.4437
26310	30.2877
26320	27.3568
26330	24.9889
26340	34.9889
26350	32.4053
26360	30.2716
26370	27.37
26380	24.9823
26390	34.9823
26400	32.3503
26410	30.2661
26420	27.4048
26430	24.9812
26440	34.9812
26450	32.3256
26460	30.3084
26470	27.4229
26480	24.9796
26490	34.9796
26500	32.325
26510	30.3359
26520	27.4725
26530	24.944
26540	34.944
26550	32.3276
26560	30.3165
26570	27.4179
26580	24.9453
26590	34.9453
26600	32.3671
26610	30.3039
26620	27.4088
26630	24.9563
26640	34.9563
26650	32.4017
26660	30.2772
26670	27.403
26680	24.9706
26690	34.9706
26700	32.4401
26710	30.2397
26720	27.3879
26730	24.9565
26740	34.9565
26750	32.3946
26760	30.2386
26770	27.4403
26780	24.968
26790	34.968
26800	32.3766
26810	30.2747
26820	27.4569
26830	24.9564
26840	34.9564
26850	32.3589
26860	30.2426
26870	27.4409
26880	24.9677
26890	34.9677
26900	32.3909
26910	30.2492
26920	27.4683
26930	24.9356
26940	34.9356
26950	32.382
26960	30.2531
26970	27.4702
26980	24.9423
26990	34.9423
27000	32.4359
27010	30.2564
27020	27.437
27030	24.9434
27040	34.9434
27050	32.4604
27060	30.2132
27070	27.42
27080	24.9467
27090	34.9467
27100	32.4733
27110	30.2132
27120	27.42
27130	24.9483
27140	34.9483
27150	32.485
27160	30.24
27170	27.4681
27180	24.9149
27190	34.9149
27200	32.4681
27210	30.234
27220	27.4681
27230	24.9149
27240	34.9149
27250	32.4681
27260	30.2382
27270	27.4874
27280	24.9089
27290	34.9089
27300	32.4153
27310	30.2331
27320	27.5233
27330	24.9048
27340	34.9049
27350	32.3711
27360	30.2321
27370	27.5738
27380	24.9166
27390	34.9166
27400	32.344
27410	30.2428
27420	27.6261
27430	24.9154
27440	34.9154
27450	32.2806
27460	30.2155
27470	27.631
27480	24.9476
27490	34.9476
27500	32.2642
27510	30.2096
27520	27.631
27530	24.9476
27540	34.9476
27550	32.2642
27560	30.2053
27570	27.6122
27580	24.9542
27590	34.9542
27600	32.3173
27610	30.2088
27620	27.5783
27630	24.9481
27640	34.9481
27650	32.3183
27660	30.207
27670	27.5776
27680	24.9498
27690	34.9498
27700	32.3303
27710	30.233
27720	27.624
27730	24.9168
27740	34.9168
27750	32.2842
27760	30.2119
27770	27.6289
27780	24.9485
27790	34.9485
27800	32.268
27810	30.2062
27820	27.6289
27830	24.9485
27840	34.9485
27850	32.268
27860	30.1999
27870	27.6299
27880	24.962
27890	34.962
27900	32.3045
27910	30.1646
27920	27.6101
27930	24.962
27940	34.962
27950	32.3243
27960	30.2053
27970	27.577
27980	24.9476
27990	34.9476
28000	32.3001
28010	30.1545
28020	27.5665
28030	24.9898
28040	34.9898
28050	32.3108
28060	30.1432
28070	27.5665
28080	24.9898
28090	34.9898
28100	32.3145
28110	30.1552
28120	27.5924
28130	24.9592
28140	34.9592
28150	32.3061
28160	30.1611
28170	27.6314
28180	24.9666
28190	34.9666
28200	32.2921
28210	30.1217
28220	27.6471
28230	24.9696
28240	34.9696
28250	32.2921
28260	30.1217
28270	27.6471
28280	24.9696
28290	34.9696
28300	32.2921
28310	30.1217
28320	27.6471
28330	24.9685
28340	34.9685
28350	32.2721
28360	30.0717
28370	27.6364
28380	25.0101
28390	35.0101
28400	32.2936
28410	30.0622
28420	27.6242
28430	24.9799
28440	34.9799
28450	32.3293
28460	30.0823
28470	27.6395
28480	25.001
28490	35.001
28500	32.2846
28510	30.0601
28520	27.6363
28530	24.9931
28540	34.9931
28550	32.2839
28560	30.08
28570	27.68
28580	24.98
28590	34.98
28600	32.28
28610	30.08
28620	27.68
28630	24.98
28640	34.98
28650	32.28
28660	30.08
28670	27.68
28680	24.98
28690	34.98
28700	32.2835
28710	30.0579
28720	27.6713
28730	24.99
28740	34.99
28750	32.3154
28760	30.0438
28770	27.6545
28780	24.9563
28790	34.9563
28800	32.326
28810	30.0994
28820	27.671
28830	24.9534
28840	34.9534
28850	32.3451
28860	30.1389
28870	27.6389
28880	24.9395
28890	34.9395
28900	32.3216
28910	30.1472
28920	27.6087
28930	24.9605
28940	34.9605
28950	32.3123
28960	30.1581
28970	27.6087
28980	24.9605
28990	34.9605
29000	32.3123
29010	30.1581
29020	27.6087
29030	24.9605
29040	34.9605
29050	32.3123
29060	30.1619
29070	27.6264
29080	24.9548
29090	34.9548
29100	32.2638
29110	30.1575
29120	27.6545
29130	24.9637
29140	34.9637
29150	32.2828
29160	30.1965
29170	27.6228
29180	24.9504
29190	34.9504
29200	32.2507
29210	30.1819
29220	27.6275
29230	24.9804
29240	34.9804
29250	32.2353
29260	30.1765
29270	27.6275
29280	24.9804
29290	34.9804
29300	32.2353
29310	30.1765
29320	27.6275
29330	24.9804
29340	34.9804
29350	32.2353
29360	30.1784
29370	27.6362
29380	24.9541
29390	34.9541
29400	32.2309
29410	30.1957
29420	27.6712
29430	24.9511
29440	34.9511
29450	32.2309
29460	30.1957
29470	27.6712
29480	24.9525
29490	34.9525
29500	32.2418
29510	30.2202
29520	27.7148
29530	24.9214
29540	34.9214
29550	32.1984
29560	30.2003
29570	27.7193
29580	24.9513
29590	34.9513
29600	32.1731
29610	30.1927
29620	27.7302
29630	24.9805
29640	34.9805
29650	32.1401
29660	30.1729
29670	27.7418
29680	24.9877
29690	34.9877
29700	32.1277
29710	30.1354
29720	27.7582
29730	24.9809
29740	34.9809
29750	32.15
29760	30.1156
29770	27.7842
29780	24.9706
29790	34.9706
29800	32.1669
29810	30.0821
29820	27.7692
29830	24.9803
29840	34.9803
29850	32.2011
29860	30.0436
29870	27.7543
29880	24.9904
29890	34.9904
29900	32.2265
29910	30.0384
29920	27.7543
29930	24.9904
29940	34.9904
29950	32.2265
29960	30.0345
29970	27.7635
29980	25.0231
29990	35.0231
30000	32.218
30010	29.9809
30020	27.7438
30030	25.0287
30040	35.0287
30050	32.218
30060	29.9809
30070	27.7438
30080	25.0287
30090	35.0287
30100	32.218
30110	29.9809
30120	27.7438
30130	25.0282
30140	35.0282
30150	32.2268
30160	30.0032
30170	27.7099
30180	25.0191
30190	35.0191
30200	32.2263
30210	30.0284
30220	27.7445
30230	25.019
30240	35.019
30250	32.1863
30260	30.0151
30270	27.7393
30280	25.0248
30290	35.0248
30300	32.2348
30310	30.0189
30320	27.7083
30330	25.0189
30340	35.0189
30350	32.2348
30360	30.0189
30370	27.7083
30380	25.0185
30390	35.0185
30400	32.2076
30410	30.0051
30420	27.7127
30430	25.0473
30440	35.0473
30450	32.1928
30460	30
30470	27.7127
30480	25.0473
30490	35.0473
30500	32.183
30510	29.998
30520	27.7232
30530	25.0755
30540	35.0755
30550	32.1509
30560	29.983
30570	27.7253
30580	25.05
30590	35.05
30600	32.1469
30610	30
30620	27.7599
30630	25.0537
30640	35.0537
30650	32.1089
30660	29.9812
30670	27.7632
30680	25.0761
30690	35.0761
30700	32.0891
30710	29.9913
30720	27.809
30730	25.0744
30740	35.0744
30750	32.0332
30760	29.9676
30770	27.8131
30780	25.1028
30790	35.1028
30800	32.0187
30810	29.9626
30820	27.8131
30830	25.1028
30840	35.1028
30850	32.0187
30860	29.9644
30870	27.7951
30880	25.0962
30890	35.0962
30900	32.0336
30910	30
30920	27.777
30930	25.0961
30940	35.0961
30950	32.052
30960	30.0372
30970	27.7467
30980	25.0847
30990	35.0847
31000	32.0677
31010	30.0824
31020	27.7551
31030	25.0459
31040	35.0459
31050	32.0329
31060	30.0791
31070	27.7593
31080	25.0741
31090	35.0741
31100	32.0123
31110	30.0829
31120	27.7926
31130	25.0738
31140	35.0738
31150	31.9742
31160	30.0738
31170	27.8044
31180	25.0738
31190	35.0738
31200	31.9742
31210	30.0738
31220	27.8016
31230	25.0766
31240	35.0767
31250	31.9925
31260	30.1105
31270	27.7716
31280	25.0654
31290	35.0654
31300	32.0081
31310	30.1017
31320	27.7982
31330	25.0454
31340	35.0454
31350	32.027
31360	30.0599
31370	27.7839
31380	25.0549
31390	35.0549
31400	32.0513
31410	30.0549
31420	27.7839
31430	25.0549
31440	35.0549
31450	32.0513
31460	30.0567
31470	27.7663
31480	25.0486
31490	35.0486
31500	32.0658
31510	30.0914
31520	27.7486
31530	25.0485
31540	35.0485
31550	32.0838
31560	30.1277
31570	27.719
31580	25.0356
31590	35.0356
31600	32.0627
31610	30.1354
31620	27.6909
31630	25.0545
31640	35.0545
31650	32.0545
31660	30.1455
31670	27.6909
31680	25.0545
31690	35.0545
31700	32.0611
31710	30.1359
31720	27.6568
31730	25.0543
31740	35.0543
31750	32.1014
31760	30.1467
31770	27.653
31780	25.0299
31790	35.0299
31800	32.0976
31810	30.1628
31820	27.6826
31830	25.0299
31840	35.0299
31850	32.1154
31860	30.1986
31870	27.6534
31880	25.0181
31890	35.0181
31900	32.1119
31910	30.1986
31920	27.6534
31930	25.0176
31940	35.0176
31950	32.1203
31960	30.2194
31970	27.6216
31980	25.009
31990	35.009
32000	32.1261
32010	30.2342
32020	27.6216
32030	25.009
32040	35.009
32050	32.1261
32060	30.2359
32070	27.6297
32080	25.028
32090	35.028
32100	32.0863
32110	30.2158
32120	27.6268
32130	25.0423
32140	35.0423
32150	32.1075
32160	30.1795
32170	27.6122
32180	25.0444
32190	35.0444
32200	32.1268
32210	30.2003
32220	27.5806
32230	25.0358
32240	35.0358
32250	32.1326
32260	30.2151
32270	27.5806
32280	25.0358
32290	35.0358
32300	32.1358
32310	30.2255
32320	27.555
32330	25.0268
32340	35.0268
32350	32.1467
32360	30.2521
32370	27.5322
32380	25.0206
32390	35.0206
32400	32.1607
32410	30.2857
32420	27.5179
32430	25.0179
32440	35.0179
32450	32.1607
32460	30.2857
32470	27.5179
32480	25.0174
32490	35.0174
32500	32.169
32510	30.3063
32520	27.4866
32530	25.0102
32540	35.0102
32550	32.1847
32560	30.3431
32570	27.5267
32580	24.9822
32590	34.9822
32600	32.1708
32610	30.3381
32620	27.5267
32630	24.9822
32640	34.9822
32650	32.1708
32660	30.3381
32670	27.5267
32680	24.9822
32690	34.9822
32700	32.1708
32710	30.3381
32720	27.5276
32730	24.9885
32740	34.9885
32750	32.1348
32760	30.3197
32770	27.5311
32780	25.0089
32790	35.0089
32800	32.1314
32810	30.3197
32820	27.5311
32830	25.0089
32840	35.0089
32850	32.1314
32860	30.3197
32870	27.5311
32880	25.0089
32890	35.0089
32900	32.1346
32910	30.33
32920	27.5536
32930	24.9823
32940	34.9823
32950	32.1277
32960	30.3402
32970	27.5869
32980	24.9772
32990	34.9772
33000	32.0848
33010	30.3357
33020	27.6148
33030	24.9823
33040	34.9823
33050	32.0848
33060	30.3357
33070	27.6148
33080	24.9814
33090	34.9814
33100	32.0677
33110	30.2915
33120	27.6056
33130	25.0172
33140	35.0172
33150	32.0523
33160	30.2685
33170	27.6098
33180	25.0439
33190	35.0439
33200	32.045
33210	30.2542
33220	27.6244
33230	25.0263
33240	35.0263
33250	32.0665
33260	30.2452
33270	27.6357
33280	25.0263
33290	35.0263
33300	32.0665
33310	30.2452
33320	27.6349
33330	25.0203
33340	35.0203
33350	32.104
33360	30.2613
33370	27.6307
33380	25
33390	35
33400	32.108
33410	30.2613
33420	27.6307
33430	25
33440	35
33450	32.108
33460	30.2613
33470	27.6307
33480	25
33490	35
33500	32.1112
33510	30.2419
33520	27.6231
33530	25.0087
33540	35.0087
33550	32.1391
33560	30.2277
33570	27.6252
33580	24.9853
33590	34.9853
33600	32.1354
33610	30.2431
33620	27.6562
33630	24.9826
33640	34.9826
33650	32.1354
33660	30.2431
33670	27.6562
33680	24.9839
33690	34.9839
33700	32.1452
33710	30.2648
33720	27.695
33730	24.9567
33740	34.9567
33750	32.1317
33760	30.26
33770	27.695
33780	24.9567
33790	34.9567
33800	32.1348
33810	30.2406
33820	27.6874
33830	24.9654
33840	34.9654
33850	32.1626
33860	30.2266
33870	27.6652
33880	24.9595
33890	34.9595
33900	32.1762
33910	30.2591
33920	27.6511
33930	24.9568
33940	34.9568
33950	32.1762
33960	30.2591
33970	27.6511
33980	24.9564
33990	34.9564
34000	32.1513
34010	30.2462
34020	27.6552
34030	24.9828
34040	34.9828
34050	32.1379
34060	30.2414
34070	27.6552
34080	24.9828
34090	34.9828
34100	32.129
34110	30.2394
34120	27.6649
34130	25.0086
34140	35.0086
34150	32.0998
34160	30.2254
34170	27.6669
34180	25.0267
34190	35.0267
34200	32.0619
34210	30.2062
34220	27.6641
34230	25.0404
34240	35.0404
34250	32.0273
34260	30.1887
34270	27.6672
34280	25.0596
34290	35.0596
34300	32.0321
34310	30.1588
34320	27.6541
34330	25.0689
34340	35.0689
34350	32.0481
34360	30.1333
34370	27.6831
34380	25.0767
34390	35.0767
34400	32.0474
34410	30.1003
34420	27.6756
34430	25.085
34440	35.085
34450	32.0748
34460	30.0867
34470	27.6776
34480	25.0621
34490	35.0621
34500	32.0713
34510	30.1019
34520	27.7088
34530	25.0654
34540	35.0654
34550	32.0371
34560	30.0847
34570	27.7119
34580	25.0839
34590	35.0839
34600	32.0177
34610	30.043
34620	27.7027
34630	25.1191
34640	35.1191
34650	32.0446
34660	30.026
34670	27.7273
34680	25.101
34690	35.101
34700	32.0539
34710	30.0168
34720	27.7273
34730	25.101
34740	35.101
34750	32.0539
34760	30.0201
34770	27.7186
34780	25.0724
34790	35.0724
34800	32.0638
34810	30.0671
34820	27.7324
34830	25.0697
34840	35.0697
34850	32.0803
34860	30.1005
34870	27.7052
34880	25.0578
34890	35.0578
34900	32.0927
34910	30.0909
34920	27.6628
34930	25.0597
34940	35.0597
34950	32.1296
34960	30.1212
34970	27.7
34980	25.0333
34990	35.0333
35000	32.1227
35010	30.1362
35020	27.697
35030	25
35040	35
35050	32.1262
35060	30.1677
35070	27.6918
35080	24.9943
35090	34.9943
35100	32.1393
35110	30.199
35120	27.6766
35130	24.9803
35140	34.9803
35150	32.1551
35160	30.2479
35170	27.686
35180	24.9583
35190	34.9583
35200	32.125
35210	30.2356
35220	27.6898
35230	24.9831
35240	34.9831
35250	32.0885
35260	30.2187
35270	27.6936
35280	25.0082
35290	35.0082
35300	32.0788
35310	30.1958
35320	27.6863
35330	25.0164
35340	35.0164
35350	32.1053
35360	30.1825
35370	27.6652
35380	25.0108
35390	35.0108
35400	32.1182
35410	30.2135
35420	27.6527
35430	25.014
35440	35.014
35450	32.0851
35460	30.1967
35470	27.6557
35480	25.0328
35490	35.0328
35500	32.082
35510	30.1967
35520	27.6557
35530	25.0324
35540	35.0324
35550	32.0896
35560	30.2156
35570	27.6268
35580	25.0245
35590	35.0245
35600	32.0949
35610	30.2291
35620	27.6268
35630	25.0245
35640	35.0245
35650	32.0949
35660	30.2241
35670	27.6276
35680	25.0352
35690	35.0352
35700	32.1242
35710	30.1961
35720	27.6144
35730	25.0327
35740	35.0327
35750	32.1242
35760	30.1961
35770	27.6144
35780	25.0327
35790	35.0327
35800	32.1242
35810	30.1961
35820	27.6144
35830	25.0323
35840	35.0323
35850	32.1318
35860	30.1677
35870	27.602
35880	25.0408
35890	35.0408
35900	32.1478
35910	30.1709
35920	27.5879
35930	25.0569
35940	35.0569
35950	32.1301
35960	30.1804
35970	27.5845
35980	25.035
35990	35.035
36000	32.1266
