10	5
20	5
30	5
40	5
50	5
60	5
70	7.5
80	12.5
90	22.5
100	20
110	15
120	15
130	25
140	20
150	15
160	15
170	15
180	25
190	20
200	15.5
210	13.3333
220	16.6667
230	16.6667
240	13.3333
250	16
260	15
270	25
280	20
290	15
300	15
310	14.9
320	24.9
330	21.8
340	19.8
350	21.8
360	31.8
370	30
380	24
390	18
400	20
410	22
420	32
430	30
440	24.2
450	19.0667
460	22.4
470	32.4
480	32.4
490	32.1667
500	28.8333
510	26.6667
520	36.6667
530	30
540	26.6667
550	26.6667
560	26.1905
570	26.5476
580	24.4048
590	34.4048
600	27.2619
610	28.5714
620	27.1429
630	24.2857
640	24.2857
650	25.7143
660	35.7143
670	28.5714
680	28.5714
690	27.1429
700	24.2857
710	24.2857
720	25.7143
730	35.7143
740	28.0714
750	28.375
760	27.9107
770	22.9107
780	23.75
790	23.75
800	23.75
810	33.75
820	28.75
830	28.75
840	28.75
850	23.75
860	23.75
870	23.75
880	23.75
890	33.75
900	28.75
910	28.75
920	28.75
930	24.3056
940	22.3611
950	32.3611
960	29.0278
970	27.9167
980	29.0278
990	25.6944
1000	25.5556
1010	35.5556
1020	32.2222
1030	28.8889
1040	25.5556
1050	22.2222
1060	25.5556
1070	35.5556
1080	32.2222
1090	31.1111
1100	29.8333
1110	27.9444
1120	23.9722
1130	33.9722
1140	31.6667
1150	28.3333
1160	28.3333
1170	25.8333
1180	25.8333
1190	23.3333
1200	33.3333
1210	33.3333
1220	30.1282
1230	27.5
1240	25.4808
1250	26.25
1260	24.6154
1270	25.3517
1280	35.3516
1290	33.4396
1300	30.0549
1310	26.4286
1320	25.7143
1330	35.7143
1340	31.581
1350	30.4952
1360	28.0381
1370	25.3333
1380	35.3333
1390	32
1400	28.6667
1410	28
1420	26
1430	25.3333
1440	24.6667
1450	24
1460	26.0375
1470	25.5875
1480	25.3042
1490	23.125
1500	25.625
1510	25.625
1520	25.6691
1530	23.4081
1540	24.8088
1550	25.2941
1560	25.8824
1570	24.1176
1580	24.7451
1590	24.781
1600	25.6699
1610	24.4444
1620	25.5556
1630	24.4444
1640	25.6508
1650	24.4365
1660	25.1825
1670	23.8095
1680	25.2381
1690	25.7143
1700	35.7143
1710	34.026
1720	30.1299
1730	24.5455
1740	25.4545
1750	35.4545
1760	34.17
1770	30.747
1780	25.2253
1790	24.7826
1800	34.7826
1810	33.913
1820	30.8278
1830	25.5602
1840	25.3177
1850	35.3177
1860	33.8462
1870	30.3846
1880	25.0659
1890	25.1648
1900	35.1648
1910	34.1703
1920	30
1930	25.7143
1940	25
1950	35
1960	33.7438
1970	29.7537
1980	25.8621
1990	25.5172
2000	35.5172
2010	33.6092
2020	29.092
2030	25.6667
2040	25.6667
2050	35.6667
2060	33.8022
2070	28.9763
2080	25.8839
2090	26.129
2100	36.129
2110	33.2258
2120	28.7977
2130	26.129
2140	25.9873
2150	35.9873
2160	32.4242
2170	28.7879
2180	26.7082
2190	25.8883
2200	35.8883
2210	32.7662
2220	28.5714
2230	27.1429
2240	25.7143
2250	35.7143
2260	32.4444
2270	28.3968
2280	27.2222
2290	26.1111
2300	36.1111
2310	32.2222
2320	28.3333
2330	27.2222
2340	26.1111
2350	36.1111
2360	32.1287
2370	28.0292
2380	27.2456
2390	26.5789
2400	36.5789
2410	32.1053
2420	27.6687
2430	27.2233
2440	26.191
2450	36.191
2460	32.0513
2470	27.9487
2480	27.7077
2490	25.9192
2500	35.9192
2510	32.0494
2520	28.25
2530	28.25
2540	25.75
2550	35.75
2560	31.6463
2570	28.0976
2580	28.2927
2590	26.0976
2600	36.0976
2610	31.6028
2620	27.6655
2630	28.0952
2640	26.1905
2650	36.1905
2660	31.8268
2670	27.7749
2680	27.9178
2690	26.8182
2700	25
2710	24.0909
2720	24.0409
2730	25.2626
2740	26.2646
2750	36.2646
2760	32.8889
2770	29.5556
2780	25.1111
2790	26.2222
2800	36.2222
2810	32.8889
2820	29.5556
2830	25.1111
2840	26.2222
2850	36.2222
2860	32.6903
2870	29.6974
2880	25.7447
2890	26.1702
2900	36.1702
2910	32.039
2920	29.4326
2930	25.8333
2940	26.4583
2950	36.4583
2960	31.875
2970	29.375
2980	25.8333
2990	26.4583
3000	36.4583
3010	31.875
3020	29.375
3030	25.8333
3040	26.4583
3050	36.4583
3060	31.875
3070	29.375
3080	25.8333
3090	26.4583
3100	36.4583
3110	31.875
3120	29.375
3130	25.8333
3140	26.4583
3150	36.4583
3160	32.1083
3170	29.3083
3180	25.4
3190	26.4
3200	36.4
3210	32.5098
3220	29.6627
3230	25.8824
3240	26.0784
3250	36.0784
3260	32.3952
3270	29.7383
3280	25.6222
3290	25.9615
3300	35.9615
3310	32.5
3320	30.0236
3330	25.3991
3340	25.8745
3350	35.8745
3360	32.6415
3370	30.3774
3380	25.283
3390	25.8491
3400	35.8491
3410	32.6415
3420	30.3774
3430	25.283
3440	25.8491
3450	35.8491
3460	32.6415
3470	30.3774
3480	25.283
3490	25.8491
3500	35.8491
3510	32.6415
3520	30.3774
3530	25.283
3540	25.8491
3550	35.8491
3560	32.6415
3570	30.3774
3580	25.283
3590	25.8491
3600	35.8491
3610	32.6415
3620	30.3075
3630	25.297
3640	25.9504
3650	35.9504
3660	32.963
3670	30
3680	25.232
3690	25.8713
3700	35.8713
3710	32.7797
3720	29.6491
3730	25.614
3740	25.9649
3750	35.9649
3760	32.9854
3770	30.0952
3780	25.7627
3790	25.5932
3800	35.5932
3810	32.7202
3820	30.2584
3830	26.2295
3840	25.5738
3850	35.5738
3860	32.3638
3870	30.1401
3880	26.3316
3890	25.8064
3900	35.8064
3910	32.0968
3920	30
3930	26.2903
3940	25.8064
3950	35.8064
3960	32.0968
3970	30
3980	26.3034
3990	25.8628
4000	35.8628
4010	32.2967
4020	29.6825
4030	26.1905
4040	25.873
4050	35.873
4060	32.4653
4070	29.8859
4080	26.5625
4090	25.625
4100	35.625
4110	32.4255
4120	29.5793
4130	26.4615
4140	25.6923
4150	35.6923
4160	32.6778
4170	29.4728
4180	26.6145
4190	25.5224
4200	35.5224
4210	32.8358
4220	29.3492
4230	26.7186
4240	25.6069
4250	35.6069
4260	33.0882
4270	29.1176
4280	26.5962
4290	25.6487
4300	35.6487
4310	33.3845
4320	29.1429
4330	26.2857
4340	25.5714
4350	35.5714
4360	33.4286
4370	29.1429
4380	26.2857
4390	25.5714
4400	35.5714
4410	33.2153
4420	29.0503
4430	26.338
4440	25.7746
4450	35.7746
4460	33.1268
4470	28.8627
4480	26.2852
4490	25.8333
4500	35.8333
4510	33.3333
4520	28.77
4530	26.3213
4540	25.6336
4550	35.6336
4560	33.2877
4570	28.9041
4580	26.5551
4590	25.6721
4600	35.6721
4610	33.1204
4620	29.0667
4630	26.4
4640	25.7333
4650	35.7333
4660	33.0667
4670	29.0667
4680	26.4
4690	25.7333
4700	35.7333
4710	33.1983
4720	29.4165
4730	26.4935
4740	25.4545
4750	35.4545
4760	33.0396
4770	29.4662
4780	26.5724
4790	25.641
4800	35.641
4810	32.8205
4820	29.359
4830	26.5385
4840	25.641
4850	35.641
4860	32.8205
4870	29.359
4880	26.5577
4890	25.5686
4900	35.5686
4910	32.9596
4920	29.25
4930	26.75
4940	25.5
4950	35.5
4960	33.0617
4970	29.4136
4980	27.037
4990	25.3086
5000	35.3086
5010	33.082
5020	29.6981
5030	27.1084
5040	25.0602
5050	35.0602
5060	33.0121
5070	29.759
5080	27.1084
5090	25.0602
5100	35.0602
5110	33.012
5120	29.7902
5130	27.0524
5140	25.146
5150	35.146
5160	32.8235
5170	29.8824
5180	26.9412
5190	25.1765
5200	35.1765
5210	32.8235
5220	29.8824
5230	26.9412
5240	25.1765
5250	35.1765
5260	32.9371
5270	30.1744
5280	27.0115
5290	24.9425
5300	34.9425
5310	33.0345
5320	30.3103
5330	27
5340	24.7778
5350	34.7778
5360	33.0647
5370	30.387
5380	27.2159
5390	24.7826
5400	34.7826
5410	32.8261
5420	30.3261
5430	27.2826
5440	24.7826
5450	34.7826
5460	32.8261
5470	30.3261
5480	27.291
5490	24.6862
5500	34.6862
5510	32.8145
5520	30.4301
5530	27.5269
5540	24.6237
5550	34.6237
5560	32.6333
5570	30.3466
5580	27.5532
5590	24.7872
5600	34.7872
5610	32.4984
5620	30.4913
5630	27.6289
5640	24.7423
5650	34.7423
5660	32.3505
5670	30.4429
5680	27.7728
5690	24.8
5700	34.8
5710	32.3
5720	30.3119
5730	27.849
5740	24.9134
5750	34.9134
5760	32.0792
5770	30.198
5780	27.8071
5790	25.0008
5800	35.0008
5810	32.2944
5820	30.1942
5830	27.5728
5840	24.9515
5850	34.9515
5860	32.3301
5870	30.1942
5880	27.5728
5890	24.9515
5900	34.9515
5910	32.473
5920	30.2601
5930	27.5472
5940	24.8113
5950	34.8113
5960	32.5835
5970	30.2345
5980	27.3714
5990	24.8148
6000	34.8148
6010	32.7778
6020	30.2892
6030	27.362
6040	24.9193
6050	34.9193
6060	32.5688
6070	30.1835
6080	27.3395
6090	24.9541
6100	34.9541
6110	32.5688
6120	30.1835
6130	27.3395
6140	24.9541
6150	34.9541
6160	32.5688
6170	30.1835
6180	27.3395
6190	24.9541
6200	34.9541
6210	32.432
6220	30.1143
6230	27.3636
6240	25.0909
6250	35.0909
6260	32.4
6270	30.0455
6280	27.1955
6290	25.0893
6300	35.0893
6310	32.5893
6320	30.1003
6330	27.1883
6340	25.1881
6350	35.1881
6360	32.3894
6370	30
6380	27.1486
6390	25.2289
6400	35.2289
6410	32.4714
6420	30.1754
6430	27.0175
6440	25.1754
6450	35.1754
6460	32.3714
6470	30.2178
6480	27.2414
6490	25.1724
6500	35.1724
6510	32.2856
6520	30.2785
6530	27.4359
6540	25.0427
6550	35.0427
6560	32.2396
6570	30.1578
6580	27.3981
6590	25.0847
6600	35.0847
6610	32.3729
6620	30.0951
6630	27.4153
6640	25.1787
6650	35.1787
6660	32.1849
6670	30
6680	27.4013
6690	25.2428
6700	35.2428
6710	32.2892
6720	29.8333
6730	27.3333
6740	25.25
6750	35.25
6760	32.376
6770	29.938
6780	27.1901
6790	25.2066
6800	35.2066
6810	32.4387
6820	30.103
6830	27.3771
6840	25.082
6850	35.082
6860	32.3936
6870	30.1345
6880	27.4874
6890	24.9594
6900	34.9593
6910	32.3577
6920	30.1321
6930	27.561
6940	25.0102
6950	35.0102
6960	32.5
6970	30
6980	27.506
6990	25.032
7000	35.032
7010	32.598
7020	29.84
7030	27.44
7040	25.04
7050	35.04
7060	32.64
7070	29.84
7080	27.44
7090	25.04
7100	35.04
7110	32.6794
7120	29.9403
7130	27.3016
7140	25
7150	35
7160	32.6984
7170	30
7180	27.3016
7190	25
7200	35
7210	32.6984
7220	30
7230	27.3016
7240	25
7250	35
7260	32.6984
7270	30
7280	27.3016
7290	25
7300	35
7310	32.6984
7320	30
7330	27.3016
7340	25
7350	35
7360	32.7372
7370	30.0987
7380	27.4803
7390	24.8819
7400	34.8819
7410	32.5978
7420	29.884
7430	27.4419
7440	25.0388
7450	35.0388
7460	32.6509
7470	29.8956
7480	27.546
7490	24.9231
7500	34.9231
7510	32.6154
7520	29.8946
7530	27.6151
7540	24.9712
7550	34.9712
7560	32.7481
7570	29.771
7580	27.5573
7590	24.9618
7600	34.9618
7610	32.7481
7620	29.771
7630	27.5573
7640	24.9618
7650	34.9618
7660	32.6712
7670	29.8112
7680	27.4436
7690	25.0376
7700	35.0376
7710	32.6686
7720	29.72
7730	27.3881
7740	25.0746
7750	35.0746
7760	32.7902
7770	29.6673
7780	27.2493
7790	25.0735
7800	35.0735
7810	32.9412
7820	29.6888
7830	27.2432
7840	25.0176
7850	35.0176
7860	33.0435
7870	29.6377
7880	27.3242
7890	24.9348
7900	34.9348
7910	33.0351
7920	29.7122
7930	27.482
7940	24.8921
7950	34.8921
7960	33.0216
7970	29.7122
7980	27.482
7990	24.8921
8000	34.8921
8010	32.9471
8020	29.5382
8030	27.4468
8040	25.0355
8050	35.0355
8060	32.9634
8070	29.4642
8080	27.3537
8090	25.1389
8100	35.1389
8110	32.9861
8120	29.4444
8130	27.2917
8140	25.1389
8150	35.1389
8160	32.9861
8170	29.4444
8180	27.2917
8190	25.1389
8200	35.1389
8210	32.9861
8220	29.4444
8230	27.2917
8240	25.1389
8250	35.1389
8260	32.9861
8270	29.4444
8280	27.2917
8290	25.1389
8300	35.1389
8310	32.8817
8320	29.3961
8330	27.3103
8340	25.2414
8350	35.2414
8360	32.8276
8370	29.3793
8380	27.3103
8390	25.2414
8400	35.2414
8410	32.8276
8420	29.3976
8430	27.3779
8440	25.221
8450	35.221
8460	32.6531
8470	29.3878
8480	27.483
8490	25.2381
8500	35.2381
8510	32.6531
8520	29.3878
8530	27.483
8540	25.2381
8550	35.2381
8560	32.6871
8570	29.2728
8580	27.4324
8590	25.2703
8600	35.2703
8610	32.7703
8620	29.2568
8630	27.4324
8640	25.2703
8650	35.2703
8660	32.757
8670	29.221
8680	27.5282
8690	25.298
8700	35.298
8710	32.7152
8720	29.1568
8730	27.5148
8740	25.1798
8750	35.1798
8760	32.7451
8770	29.3464
8780	27.5715
8790	25.1109
8800	35.1109
8810	32.7984
8820	29.5484
8830	27.6129
8840	25.0323
8850	35.0323
8860	32.8056
8870	29.6307
8880	27.7564
8890	24.9359
8900	34.9359
8910	32.7874
8920	29.5056
8930	27.707
8940	24.9682
8950	34.9682
8960	32.8662
8970	29.4904
8980	27.707
8990	24.9682
9000	34.9682
9010	32.8662
9020	29.4673
9030	27.7062
9040	25.0077
9050	35.0077
9060	32.9747
9070	29.3671
9080	27.667
9090	24.9687
9100	34.9687
9110	33.0426
9120	29.3125
9130	27.75
9140	24.9375
9150	34.9375
9160	32.9678
9170	29.269
9180	27.764
9190	25.0311
9200	35.0311
9210	32.9787
9220	29.4147
9230	27.7914
9240	24.908
9250	34.908
9260	32.9312
9270	29.5221
9280	27.8149
9290	24.8795
9300	34.8795
9310	32.8313
9320	29.5862
9330	27.8604
9340	24.9473
9350	34.9473
9360	32.6946
9370	29.521
9380	27.8485
9390	24.9942
9400	34.9942
9410	32.5705
9420	29.4643
9430	27.8571
9440	25.0595
9450	35.0595
9460	32.5595
9470	29.4643
9480	27.8571
9490	25.0595
9500	35.0595
9510	32.5595
9520	29.4643
9530	27.8571
9540	25.0595
9550	35.0595
9560	32.5714
9570	29.504
9580	27.7697
9590	25.0296
9600	35.0296
9610	32.6035
9620	29.564
9630	27.7506
9640	25.0661
9650	35.0661
9660	32.7059
9670	29.4706
9680	27.71
9690	25.0062
9700	35.0062
9710	32.7009
9720	29.5322
9730	27.8363
9740	24.9708
9750	34.9708
9760	32.6312
9770	29.3912
9780	27.8035
9790	25.0867
9800	35.0867
9810	32.6875
9820	29.2662
9830	27.7586
9840	25.1149
9850	35.1149
9860	32.7581
9870	29.2605
9880	27.7536
9890	25.1124
9900	35.1124
9910	32.7528
9920	29.2697
9930	27.7528
9940	25.1124
9950	35.1124
9960	32.7528
9970	29.2697
9980	27.7567
9990	25.1346
10000	35.1346
10010	32.8206
10020	29.162
10030	27.7095
10040	25.1397
10050	35.1397
10060	32.8765
10070	29.2349
10080	27.8333
10090	25.0556
10100	35.0556
10110	32.7772
10120	29.091
10130	27.8022
10140	25.1648
10150	35.1648
10160	32.813
10170	29.1038
10180	27.7215
10190	25.1366
10200	35.1366
10210	32.8415
10220	29.1606
10230	27.7039
10240	25.1697
10250	35.1697
10260	32.9348
10270	29.0761
10280	27.6667
10290	25.114
10300	35.114
10310	32.9294
10320	29.1351
10330	27.7838
10340	25.0811
10350	35.0811
10360	32.9451
10370	29.2058
10380	27.9032
10390	25
10400	35
10410	32.9291
10420	29.103
10430	27.861
10440	25.0267
10450	35.0267
10460	32.9829
10470	29.1582
10480	27.8802
10490	25
10500	35
10510	32.8947
10520	29.1987
10530	27.8402
10540	25.0126
10550	35.0126
10560	33.0208
10570	29.2188
10580	27.752
10590	25.0258
10600	35.0258
10610	33.1282
10620	29.2268
10630	27.6289
10640	25
10650	35
10660	33.1687
10670	29.1401
10680	27.5897
10690	25.0256
10700	35.0256
10710	33.1528
10720	29.0934
10730	27.602
10740	25.102
10750	35.102
10760	33.1122
10770	29.0816
10780	27.602
10790	25.102
10800	35.102
10810	33.1122
10820	29.0816
10830	27.602
10840	25.102
10850	35.102
10860	33.1122
10870	29.0816
10880	27.5903
10890	25.1068
10900	35.1068
10910	33.1572
10920	29.1878
10930	27.5127
10940	25.0761
10950	35.0761
10960	33.1713
10970	29.2542
10980	27.6263
10990	25
11000	35
11010	33.1552
11020	29.3082
11030	27.5377
11040	24.9749
11050	34.9749
11060	33.1846
11070	29.3255
11080	27.4429
11090	24.9751
11100	34.9751
11110	33.2836
11120	29.3601
11130	27.4376
11140	25.0305
11150	35.0305
11160	33.1683
11170	29.3069
11180	27.4327
11190	25.0243
11200	35.0243
11210	33.22
11220	29.2647
11230	27.5
11240	25
11250	35
11260	33.1839
11270	29.2947
11280	27.4272
11290	25.0485
11300	35.0485
11310	33.1553
11320	29.3204
11330	27.4272
11340	25.0485
11350	35.0485
11360	33.1645
11370	29.3536
11380	27.3573
11390	25.0242
11400	35.0242
11410	33.1884
11420	29.4269
11430	27.367
11440	24.9576
11450	34.9576
11460	33.1731
11470	29.4712
11480	27.4554
11490	24.9709
11500	34.9709
11510	33.2293
11520	29.378
11530	27.4163
11540	24.9761
11550	34.9761
11560	33.2759
11570	29.44
11580	27.3333
11590	24.9524
11600	34.9524
11610	33.3514
11620	29.5178
11630	27.3239
11640	24.8826
11650	34.8826
11660	33.3974
11670	29.5103
11680	27.3673
11690	24.8372
11700	34.8372
11710	33.4419
11720	29.4948
11730	27.3492
11740	24.8201
11750	34.8201
11760	33.4722
11770	29.5833
11780	27.3044
11790	24.8194
11800	34.8194
11810	33.5113
11820	29.6774
11830	27.235
11840	24.7926
11850	34.7926
11860	33.4313
11870	29.6444
11880	27.2477
11890	24.8624
11900	34.8624
11910	33.4154
11920	29.6917
11930	27.3516
11940	24.7945
11950	34.7945
11960	33.3509
11970	29.6747
11980	27.3773
11990	24.8636
12000	34.8636
12010	33.2727
12020	29.6261
12030	27.3866
12040	24.9429
12050	34.9429
12060	33.2432
12070	29.5045
12080	27.3423
12090	24.955
12100	34.955
12110	33.2432
12120	29.5045
12130	27.3423
12140	24.955
12150	34.955
12160	33.1746
12170	29.4728
12180	27.3543
12190	25.0224
12200	35.0224
12210	33.1602
12220	29.3858
12230	27.3214
12240	25.0446
12250	35.0446
12260	33.2143
12270	29.375
12280	27.3214
12290	25.0446
12300	35.0446
12310	33.2143
12320	29.375
12330	27.3214
12340	25.0446
12350	35.0446
12360	33.2143
12370	29.375
12380	27.3246
12390	25.0043
12400	35.0043
12410	33.2086
12420	29.4222
12430	27.4222
12440	24.9778
12450	34.9778
12460	33.2208
12470	29.4796
12480	27.3451
12490	24.9558
12500	34.9558
12510	33.1626
12520	29.4821
12530	27.3568
12540	25.022
12550	35.022
12560	33.1361
12570	29.4223
12580	27.3375
12590	25.0439
12600	35.0439
12610	33.2018
12620	29.386
12630	27.3246
12640	25.0439
12650	35.0439
12660	33.2018
12670	29.386
12680	27.3246
12690	25.0439
12700	35.0439
12710	33.2018
12720	29.386
12730	27.3246
12740	25.0439
12750	35.0439
12760	33.2018
12770	29.386
12780	27.3246
12790	25.0439
12800	35.0439
12810	33.2429
12820	29.3688
12830	27.2174
12840	25.0435
12850	35.0435
12860	33.2861
12870	29.3386
12880	27.2235
12890	25.1293
12900	35.1293
12910	33.2759
12920	29.2792
12930	27.2412
12940	25.117
12950	35.117
12960	33.1624
12970	29.2735
12980	27.3107
12990	25.0894
13000	35.0894
13010	33.1572
13020	29.3191
13030	27.4043
13040	25.0638
13050	35.0638
13060	33.1048
13070	29.345
13080	27.3418
13090	25.1055
13100	35.1055
13110	33.0163
13120	29.3378
13130	27.3529
13140	25.1681
13150	35.1681
13160	32.9913
13170	29.2811
13180	27.3344
13190	25.1883
13200	35.1883
13210	33.0544
13220	29.2318
13230	27.322
13240	25.2134
13250	35.2134
13260	33.125
13270	29.1667
13280	27.2976
13290	25.1865
13300	35.1865
13310	33.0327
13320	29.1736
13330	27.3967
13340	25.2066
13350	35.2066
13360	33.0165
13370	29.1736
13380	27.3967
13390	25.2066
13400	35.2066
13410	33.0366
13420	29.1043
13430	27.3663
13440	25.2263
13450	35.2263
13460	33.0944
13470	29.1233
13480	27.4218
13490	25.1639
13500	35.1639
13510	33.0738
13520	29.1303
13530	27.4175
13540	25.1724
13550	35.1724
13560	33.1707
13570	29.1463
13580	27.3577
13590	25.1626
13600	35.1626
13610	33.1707
13620	29.1463
13630	27.3577
13640	25.1626
13650	35.1626
13660	33.1707
13670	29.1463
13680	27.3577
13690	25.1626
13700	35.1626
13710	33.1288
13720	29.0513
13730	27.3387
13740	25.2419
13750	35.2419
13760	33.1208
13770	29.0283
13780	27.3611
13790	25.3012
13800	35.3012
13810	33.0522
13820	28.996
13830	27.3494
13840	25.3012
13850	35.3012
13860	33.0522
13870	28.996
13880	27.343
13890	25.3198
13900	35.3198
13910	33.1352
13920	29.004
13930	27.251
13940	25.2988
13950	35.2988
13960	33.1474
13970	29.004
13980	27.251
13990	25.2988
14000	35.2988
14010	33.1667
14020	28.9379
14030	27.2222
14040	25.3175
14050	35.3175
14060	33.198
14070	28.9528
14080	27.1879
14090	25.3543
14100	35.3543
14110	33.1496
14120	28.9875
14130	27.1455
14140	25.283
14150	35.283
14160	33.1641
14170	29.1016
14180	27.1786
14190	25.2766
14200	35.2766
14210	33.1983
14220	29.1829
14230	27.1206
14240	25.2529
14250	35.2529
14260	33.2094
14270	29.2342
14280	27.0543
14290	25.2326
14300	35.2326
14310	33.2356
14320	29.3144
14330	26.9884
14340	25.2124
14350	35.2124
14360	33.2506
14370	29.3702
14380	26.9339
14390	25.1923
14400	35.1923
14410	33.2692
14420	29.4284
14430	26.9427
14440	25.1387
14450	35.1387
14460	33.2567
14470	29.4636
14480	27.0143
14490	25.0991
14500	35.0991
14510	33.2516
14520	29.5038
14530	27.0992
14540	25.0763
14550	35.0763
14560	33.2623
14570	29.5532
14580	27.0342
14590	25.057
14600	35.057
14610	33.2301
14620	29.6038
14630	26.9811
14640	25.0943
14650	35.0943
14660	33.1846
14670	29.6181
14680	27.0032
14690	25.1504
14700	35.1504
14710	33.1203
14720	29.5865
14730	26.9925
14740	25.1504
14750	35.1504
14760	33.1203
14770	29.5865
14780	26.9869
14790	25.1678
14800	35.1678
14810	33.0738
14820	29.6269
14830	26.9403
14840	25.1866
14850	35.1866
14860	33.0777
14870	29.6749
14880	27.026
14890	25.1301
14900	35.1301
14910	33.084
14920	29.7604
14930	27.048
14940	25.0554
14950	35.0553
14960	33.0698
14970	29.7371
14980	27.0326
14990	25.0735
15000	35.0735
15010	33.125
15020	29.7108
15030	27.0409
15040	25.0227
15050	35.0227
15060	33.1136
15070	29.7436
15080	27.1062
15090	25.0183
15100	35.0183
15110	33.1136
15120	29.7436
15130	27.1062
15140	25.0183
15150	35.0183
15160	33.1136
15170	29.7436
15180	27.1062
15190	25.0183
15200	35.0183
15210	33.1136
15220	29.7436
15230	27.1062
15240	25.0183
15250	35.0183
15260	33.1136
15270	29.7436
15280	27.1062
15290	25.0183
15300	35.0183
15310	33.1136
15320	29.7485
15330	27.0702
15340	25.0043
15350	35.0043
15360	33.1387
15370	29.8175
15380	27.0521
15390	24.9953
15400	34.9953
15410	33.0996
15420	29.7473
15430	27.1119
15440	25.0181
15450	35.0181
15460	33.1047
15470	29.7473
15480	27.1119
15490	25.0181
15500	35.0181
15510	33.1047
15520	29.7473
15530	27.1119
15540	25.0181
15550	35.0181
15560	33.0897
15570	29.7022
15580	27.1176
15590	25.0896
15600	35.0896
15610	33.0824
15620	29.6416
15630	27.0968
15640	25.0896
15650	35.0896
15660	33.0824
15670	29.6416
15680	27.0995
15690	25.057
15700	35.057
15710	33.0781
15720	29.6786
15730	27.1786
15740	25.0357
15750	35.0357
15760	33.0714
15770	29.6786
15780	27.1786
15790	25.0357
15800	35.0357
15810	33.0344
15820	29.5922
15830	27.1631
15840	25.1064
15850	35.1064
15860	33.0565
15870	29.5984
15880	27.2116
15890	25.053
15900	35.053
15910	33.0389
15920	29.6113
15930	27.2438
15940	25.053
15950	35.053
15960	33.0389
15970	29.6113
15980	27.2464
15990	25.0668
16000	35.0668
16010	33.0806
16020	29.5423
16030	27.2183
16040	25.0704
16050	35.0704
16060	33.1154
16070	29.4823
16080	27.193
16090	25.0877
16100	35.0877
16110	33.1547
16120	29.4804
16130	27.1972
16140	25.0865
16150	35.0865
16160	33.1554
16170	29.5045
16180	27.2445
16190	25.0345
16200	35.0345
16210	33.1379
16220	29.5172
16230	27.2759
16240	25.0345
16250	35.0345
16260	33.1379
16270	29.5172
16280	27.2759
16290	25.0345
16300	35.0345
16310	33.1379
16320	29.5172
16330	27.2759
16340	25.0345
16350	35.0345
16360	33.1379
16370	29.5172
16380	27.2759
16390	25.0345
16400	35.0345
16410	33.1379
16420	29.5172
16430	27.2759
16440	25.0345
16450	35.0345
16460	33.117
16470	29.5131
16480	27.2953
16490	25.0859
16500	35.0859
16510	33.0584
16520	29.4845
16530	27.2852
16540	25.0859
16550	35.0859
16560	33.0584
16570	29.4845
16580	27.2852
16590	25.0859
16600	35.0859
16610	33.0584
16620	29.4845
16630	27.2852
16640	25.0859
16650	35.0859
16660	33.0749
16670	29.4262
16680	27.2603
16690	25.1027
16700	35.1027
16710	33.1328
16720	29.4622
16730	27.3379
16740	25.0512
16750	35.0512
16760	33.1123
16770	29.4771
16780	27.3842
16790	25
16800	35
16810	33.0952
16820	29.4821
16830	27.4317
16840	25.0587
16850	35.0587
16860	33.0743
16870	29.3919
16880	27.4059
16890	25.0635
16900	35.0635
16910	33.0393
16920	29.3311
16930	27.4582
16940	25.0836
16950	35.0836
16960	33.0435
16970	29.3311
16980	27.4582
16990	25.0836
17000	35.0836
17010	33.0755
17020	29.4178
17030	27.4751
17040	25.0166
17050	35.0166
17060	33.049
17070	29.417
17080	27.5229
17090	25.0329
17100	35.0329
17110	33.0263
17120	29.375
17130	27.5329
17140	25.0329
17150	35.0329
17160	33.0263
17170	29.375
17180	27.5329
17190	25.0329
17200	35.0329
17210	33.0263
17220	29.375
17230	27.5329
17240	25.0329
17250	35.0329
17260	32.9765
17270	29.352
17280	27.541
17290	25.082
17300	35.082
17310	32.9667
17320	29.3868
17330	27.4837
17340	25.0654
17350	35.0654
17360	32.9802
17370	29.3753
17380	27.469
17390	25.0814
17400	35.0814
17410	33.0293
17420	29.353
17430	27.4753
17440	25.1175
17450	35.1175
17460	32.9545
17470	29.3182
17480	27.4601
17490	25.1328
17500	35.1328
17510	32.9835
17520	29.3851
17530	27.411
17540	25.1133
17550	35.1133
17560	32.9443
17570	29.4045
17580	27.3633
17590	25.1447
17600	35.1447
17610	32.8776
17620	29.3988
17630	27.3718
17640	25.1923
17650	35.1923
17660	32.8714
17670	29.3988
17680	27.3548
17690	25.1429
17700	35.1429
17710	32.9206
17720	29.4328
17730	27.3808
17740	25.1779
17750	35.1779
17760	32.8481
17770	29.3987
17780	27.3734
17790	25.1899
17800	35.1899
17810	32.8481
17820	29.3987
17830	27.3734
17840	25.1899
17850	35.1899
17860	32.8163
17870	29.4176
17880	27.327
17890	25.2201
17900	35.2201
17910	32.7829
17920	29.493
17930	27.352
17940	25.2025
17950	35.2025
17960	32.7476
17970	29.5226
17980	27.3072
17990	25.1863
18000	35.1863
18010	32.764
18020	29.5652
18030	27.2981
18040	25.1863
18050	35.1863
18060	32.764
18070	29.5652
18080	27.2981
18090	25.1863
18100	35.1863
18110	32.764
18120	29.5652
18130	27.2981
18140	25.1863
18150	35.1863
18160	32.8098
18170	29.5919
18180	27.2923
18190	25.1385
18200	35.1385
18210	32.7997
18220	29.5258
18230	27.2783
18240	25.1988
18250	35.1988
18260	32.8255
18270	29.4972
18280	27.3064
18290	25.1672
18300	35.1672
18310	32.8571
18320	29.4873
18330	27.2949
18340	25.1552
18350	35.1552
18360	32.8788
18370	29.5455
18380	27.275
18390	25.124
18400	35.124
18410	32.8757
18420	29.577
18430	27.3414
18440	25.1057
18450	35.1057
18460	32.8394
18470	29.5042
18480	27.3273
18490	25.1652
18500	35.1652
18510	32.8676
18520	29.5282
18530	27.3952
18540	25.1198
18550	35.1198
18560	32.8502
18570	29.5411
18580	27.4357
18590	25.0746
18600	35.0746
18610	32.8358
18620	29.5413
18630	27.4626
18640	25.0929
18650	35.0929
18660	32.8869
18670	29.494
18680	27.4426
18690	25.101
18700	35.101
18710	32.9225
18720	29.4362
18730	27.4184
18740	25.1039
18750	35.1039
18760	32.8929
18770	29.4154
18780	27.426
18790	25.1479
18800	35.1479
18810	32.8253
18820	29.3876
18830	27.4336
18840	25.1917
18850	35.1917
18860	32.8082
18870	29.4006
18880	27.4733
18890	25.1471
18900	35.1471
18910	32.7941
18920	29.4157
18930	27.5144
18940	25.1063
18950	35.1063
18960	32.7859
18970	29.4428
18980	27.5681
18990	25.1142
19000	35.1142
19010	32.7248
19020	29.4152
19030	27.5731
19040	25.1462
19050	35.1462
19060	32.7193
19070	29.4152
19080	27.5731
19090	25.1462
19100	35.1462
19110	32.7482
19120	29.4033
19130	27.6163
19140	25.1163
19150	35.1163
19160	32.7616
19170	29.3895
19180	27.6163
19190	25.1163
19200	35.1163
19210	32.7616
19220	29.3973
19230	27.6011
19240	25.0649
19250	35.0649
19260	32.7746
19270	29.4798
19280	27.6341
19290	25.0807
19300	35.0807
19310	32.7492
19320	29.3966
19330	27.6149
19340	25.1149
19350	35.1149
19360	32.7728
19370	29.4337
19380	27.6791
19390	25.0716
19400	35.0716
19410	32.7507
19420	29.4269
19430	27.6791
19440	25.0716
19450	35.0716
19460	32.7563
19470	29.4463
19480	27.6372
19490	25.0571
19500	35.0571
19510	32.7714
19520	29.4857
19530	27.6286
19540	25.0571
19550	35.0571
19560	32.7714
19570	29.4857
19580	27.6286
19590	25.0571
19600	35.0571
19610	32.7714
19620	29.4857
19630	27.6286
19640	25.0571
19650	35.0571
19660	32.7714
19670	29.4857
19680	27.6286
19690	25.0571
19700	35.0571
19710	32.7994
19720	29.4737
19730	27.6705
19740	25.0284
19750	35.0284
19760	32.818
19770	29.4284
19780	27.6573
19790	25.0425
19800	35.0425
19810	32.8612
19820	29.4051
19830	27.6487
19840	25.0425
19850	35.0425
19860	32.8612
19870	29.4051
19880	27.6487
19890	25.0425
19900	35.0425
19910	32.8612
19920	29.4051
19930	27.6487
19940	25.0425
19950	35.0425
19960	32.8612
19970	29.4051
19980	27.6487
19990	25.0425
20000	35.0425
20010	32.8323
20020	29.4217
20030	27.7183
20040	25.0423
20050	35.0423
20060	32.7942
20070	29.3769
20080	27.7052
20090	25.0562
20100	35.0562
20110	32.8371
20120	29.3577
20130	27.6682
20140	25.0454
20150	35.0454
20160	32.8571
20170	29.4118
20180	27.651
20190	25.028
20200	35.028
20210	32.8879
20220	29.3872
20230	27.688
20240	25.0139
20250	35.0139
20260	32.8969
20270	29.3872
20280	27.688
20290	25.0139
20300	35.0139
20310	32.8969
20320	29.3872
20330	27.688
20340	25.0139
20350	35.0139
20360	32.9023
20370	29.4061
20380	27.6473
20390	25
20400	35
20410	32.9167
20420	29.4444
20430	27.6389
20440	25
20450	35
20460	32.9167
20470	29.4444
20480	27.6409
20490	25.0111
20500	35.0111
20510	32.8584
20520	29.4183
20530	27.6454
20540	25.0416
20550	35.0415
20560	32.88
20570	29.4069
20580	27.5758
20590	25.0413
20600	35.0413
20610	32.8919
20620	29.4376
20630	27.6438
20640	25.0411
20650	35.0411
20660	32.8599
20670	29.4126
20680	27.6677
20690	25.0136
20700	35.0136
20710	32.8883
20720	29.4005
20730	27.6839
20740	25.0136
20750	35.0136
20760	32.8883
20770	29.4005
20780	27.6796
20790	24.9919
20800	34.9919
20810	32.91
20820	29.4851
20830	27.6965
20840	24.9594
20850	34.9594
20860	32.8997
20870	29.4851
20880	27.6965
20890	24.9594
20900	34.9594
20910	32.8997
20920	29.4851
20930	27.6965
20940	24.9594
20950	34.9594
20960	32.8938
20970	29.5181
20980	27.7074
20990	24.9462
21000	34.9462
21010	32.8495
21020	29.543
21030	27.7151
21040	24.9462
21050	34.9462
21060	32.8495
21070	29.543
21080	27.7151
21090	24.9462
21100	34.9462
21110	32.8495
21120	29.543
21130	27.7151
21140	24.9462
21150	34.9462
21160	32.8348
21170	29.5923
21180	27.7333
21190	24.9333
21200	34.9333
21210	32.8
21220	29.6
21230	27.7333
21240	24.9333
21250	34.9333
21260	32.8
21270	29.6
21280	27.7333
21290	24.9333
21300	34.9333
21310	32.8
21320	29.6
21330	27.7333
21340	24.9333
21350	34.9333
21360	32.8
21370	29.6
21380	27.7333
21390	24.9333
21400	34.9333
21410	32.8
21420	29.6
21430	27.7333
21440	24.9333
21450	34.9333
21460	32.7597
21470	29.5808
21480	27.7394
21490	24.9734
21500	34.9734
21510	32.7523
21520	29.5288
21530	27.7188
21540	24.9867
21550	34.9867
21560	32.7743
21570	29.5369
21580	27.6942
21590	25.0132
21600	35.0132
21610	32.7441
21620	29.5522
21630	27.6769
21640	25.0128
21650	35.0128
21660	32.7415
21670	29.5561
21680	27.6762
21690	25.0131
21700	35.0131
21710	32.7415
21720	29.5561
21730	27.6762
21740	25.0131
21750	35.0131
21760	32.767
21770	29.5448
21780	27.6104
21790	25.013
21800	35.013
21810	32.8052
21820	29.5584
21830	27.6104
21840	25.013
21850	35.013
21860	32.7895
21870	29.5551
21880	27.6244
21890	25.0518
21900	35.0518
21910	32.7461
21920	29.5405
21930	27.6418
21940	25.045
21950	35.045
21960	32.6804
21970	29.5361
21980	27.6804
21990	25.0515
22000	35.0515
22010	32.6804
22020	29.5361
22030	27.6804
22040	25.0515
22050	35.0515
22060	32.6931
22070	29.5691
22080	27.7378
22090	25.0129
22100	35.0129
22110	32.6862
22120	29.5958
22130	27.7949
22140	24.9744
22150	34.9744
22160	32.6717
22170	29.6068
22180	27.8288
22190	24.9361
22200	34.9361
22210	32.6598
22220	29.6069
22230	27.8512
22240	24.9521
22250	34.9521
22260	32.7041
22270	29.5663
22280	27.8316
22290	24.949
22300	34.949
22310	32.7041
22320	29.5663
22330	27.8316
22340	24.949
22350	34.949
22360	32.6907
22370	29.6128
22380	27.8481
22390	24.9367
22400	34.9367
22410	32.6582
22420	29.6203
22430	27.8481
22440	24.9367
22450	34.9367
22460	32.6632
22470	29.6371
22480	27.8816
22490	24.899
22500	34.899
22510	32.6515
22520	29.6465
22530	27.904
22540	24.899
22550	34.899
22560	32.6515
22570	29.6465
22580	27.9
22590	24.8793
22600	34.8793
22610	32.6725
22620	29.7236
22630	27.9146
22640	24.8492
22650	34.8492
22660	32.6755
22670	29.7553
22680	27.8697
22690	24.8371
22700	34.8371
22710	32.6817
22720	29.7744
22730	27.8697
22740	24.8371
22750	34.8371
22760	32.6866
22770	29.7459
22780	27.8578
22790	24.85
22800	34.85
22810	32.725
22820	29.7282
22830	27.8621
22840	24.8783
22850	34.8783
22860	32.6683
22870	29.7008
22880	27.8589
22890	24.8758
22900	34.8758
22910	32.6145
22920	29.7022
22930	27.9156
22940	24.8883
22950	34.8883
22960	32.6176
22970	29.6593
22980	27.896
22990	24.901
23000	34.901
23010	32.6606
23020	29.6107
23030	27.8765
23040	24.9136
23050	34.9136
23060	32.6962
23070	29.6214
23080	27.8402
23090	24.9015
23100	34.9015
23110	32.7094
23120	29.6584
23130	27.8076
23140	24.8924
23150	34.8924
23160	32.7273
23170	29.7052
23180	27.7849
23190	24.902
23200	34.902
23210	32.7791
23220	29.7066
23230	27.7262
23240	24.89
23250	34.89
23260	32.7503
23270	29.6888
23280	27.7317
23290	24.9268
23300	34.9268
23310	32.7317
23320	29.6829
23330	27.7317
23340	24.9268
23350	34.9268
23360	32.717
23370	29.6796
23380	27.7447
23390	24.9635
23400	34.9635
23410	32.6764
23420	29.6594
23430	27.7372
23440	24.9635
23450	34.9635
23460	32.6764
23470	29.6594
23480	27.7372
23490	24.9635
23500	34.9635
23510	32.6764
23520	29.6594
23530	27.7372
23540	24.9635
23550	34.9635
23560	32.6518
23570	29.5999
23580	27.724
23590	25.0121
23600	35.0121
23610	32.6634
23620	29.5884
23630	27.724
23640	25.0121
23650	35.0121
23660	32.673
23670	29.6206
23680	27.7207
23690	24.9639
23700	34.9639
23710	32.6747
23720	29.6689
23730	27.7224
23740	24.922
23750	34.922
23760	32.6858
23770	29.7362
23780	27.7403
23790	24.9186
23800	34.9186
23810	32.7077
23820	29.7847
23830	27.7033
23840	24.9043
23850	34.9043
23860	32.715
23870	29.7432
23880	27.685
23890	24.9165
23900	34.9165
23910	32.7562
23920	29.7676
23930	27.7381
23940	24.881
23950	34.881
23960	32.7427
23970	29.7776
23980	27.7033
23990	24.8694
24000	34.8694
24010	32.7553
24020	29.8012
24030	27.6958
24040	24.8844
24050	34.8844
24060	32.7962
24070	29.763
24080	27.6777
24090	24.8815
24100	34.8815
24110	32.7962
24120	29.763
24130	27.6777
24140	24.8815
24150	34.8815
24160	32.819
24170	29.752
24180	27.7123
24190	24.8585
24200	34.8585
24210	32.8058
24220	29.7531
24230	27.6761
24240	24.8826
24250	34.8826
24260	32.7792
24270	29.762
24280	27.6887
24290	24.918
24300	34.918
24310	32.74
24320	29.7424
24330	27.6815
24340	24.918
24350	34.918
24360	32.74
24370	29.7424
24380	27.6779
24390	24.9299
24400	34.9299
24410	32.7124
24420	29.7669
24430	27.6457
24440	24.9417
24450	34.9417
24460	32.6688
24470	29.7498
24480	27.6512
24490	24.9767
24500	34.9767
24510	32.6512
24520	29.7442
24530	27.6512
24540	24.9767
24550	34.9767
24560	32.6512
24570	29.7442
24580	27.6512
24590	24.9767
24600	34.9767
24610	32.6512
24620	29.7386
24630	27.6624
24640	25.0173
24650	35.0173
24660	32.6389
24670	29.6759
24680	27.6406
24690	25.0024
24700	35.0024
24710	32.637
24720	29.6998
24730	27.6905
24740	24.9885
24750	34.9885
24760	32.6442
24770	29.729
24780	27.6498
24790	24.977
24800	34.977
24810	32.6724
24820	29.8047
24830	27.6606
24840	24.9312
24850	34.9312
24860	32.6557
24870	29.8023
24880	27.6291
24890	24.9658
24900	34.9658
24910	32.6651
24920	29.7924
24930	27.5965
24940	24.9405
24950	34.9405
24960	32.7149
24970	29.819
24980	27.6051
24990	24.9503
25000	34.9503
25010	32.6951
25020	29.7523
25030	27.5901
25040	24.9775
25050	34.9775
25060	32.7137
25070	29.7807
25080	27.5506
25090	24.9663
25100	34.9663
25110	32.7191
25120	29.7978
25130	27.5506
25140	24.9663
25150	34.9663
25160	32.7191
25170	29.7978
25180	27.5506
25190	24.9663
25200	34.9663
25210	32.7191
25220	29.7894
25230	27.5505
25240	24.9803
25250	34.9803
25260	32.7579
25270	29.7534
25280	27.5369
25290	24.9954
25300	34.9954
25310	32.738
25320	29.6875
25330	27.5223
25340	25.0223
25350	35.0223
25360	32.7447
25370	29.6897
25380	27.5221
25390	25.0221
25400	35.0221
25410	32.7542
25420	29.7184
25430	27.5717
25440	24.989
25450	34.989
25460	32.7373
25470	29.713
25480	27.5717
25490	24.989
25500	34.989
25510	32.7373
25520	29.713
25530	27.5717
25540	24.989
25550	34.989
25560	32.7373
25570	29.713
25580	27.5684
25590	24.9714
25600	34.9714
25610	32.7553
25620	29.7802
25630	27.5824
25640	24.9451
25650	34.9451
25660	32.7579
25670	29.7422
25680	27.5658
25690	24.9561
25700	34.9561
25710	32.7851
25720	29.7368
25730	27.5658
25740	24.9561
25750	34.9561
25760	32.7851
25770	29.7368
25780	27.5658
25790	24.9561
25800	34.9561
25810	32.7851
25820	29.7425
25830	27.5547
25840	24.918
25850	34.918
25860	32.7948
25870	29.8035
25880	27.5731
25890	24.9236
25900	34.9236
25910	32.8405
25920	29.8043
25930	27.5217
25940	24.913
25950	34.913
25960	32.8478
25970	29.8043
25980	27.5217
25990	24.913
26000	34.913
26010	32.8478
26020	29.8043
26030	27.5217
26040	24.913
26050	34.913
26060	32.8478
26070	29.8043
26080	27.5217
26090	24.913
26100	34.913
26110	32.8478
26120	29.7992
26130	27.5325
26140	24.897
26150	34.897
26160	32.8788
26170	29.7836
26180	27.5557
26190	24.9005
26200	34.9005
26210	32.8333
26220	29.7624
26230	27.5594
26240	24.9244
26250	34.9244
26260	32.7967
26270	29.7466
26280	27.5647
26290	24.9569
26300	34.9569
26310	32.7906
26320	29.7042
26330	27.5484
26340	24.9677
26350	34.9677
26360	32.8084
26370	29.6718
26380	27.5504
26390	25.0107
26400	35.0107
26410	32.8051
26420	29.6309
26430	27.5479
26440	25.0478
26450	35.0478
26460	32.7932
26470	29.5736
26480	27.5267
26490	25.0533
26500	35.0533
26510	32.7932
26520	29.5736
26530	27.5267
26540	25.0533
26550	35.0533
26560	32.7715
26570	29.5219
26580	27.5159
26590	25.0955
26600	35.0955
26610	32.7813
26620	29.5117
26630	27.5159
26640	25.0955
26650	35.0955
26660	32.7727
26670	29.4852
26680	27.5179
26690	25.1374
26700	35.1374
26710	32.7696
26720	29.4503
26730	27.5053
26740	25.1374
26750	35.1374
26760	32.7696
26770	29.4503
26780	27.5053
26790	25.1374
26800	35.1374
26810	32.7696
26820	29.4503
26830	27.5053
26840	25.1374
26850	35.1374
26860	32.78
26870	29.4776
26880	27.4684
26890	25.1266
26900	35.1266
26910	32.7635
26920	29.5059
26930	27.437
26940	25.1471
26950	35.1471
26960	32.7521
26970	29.5168
26980	27.437
26990	25.1471
27000	35.1471
27010	32.7521
27020	29.5168
27030	27.437
27040	25.1471
27050	35.1471
27060	32.7521
27070	29.5168
27080	27.4385
27090	25.1553
27100	35.1553
27110	32.7775
27120	29.4759
27130	27.4214
27140	25.1572
27150	35.1572
27160	32.7986
27170	29.4402
27180	27.4059
27190	25.1674
27200	35.1674
27210	32.8346
27220	29.3996
27230	27.3904
27240	25.1775
27250	35.1775
27260	32.8642
27270	29.4088
27280	27.4186
27290	25.1458
27300	35.1458
27310	32.8542
27320	29.4167
27330	27.4375
27340	25.1458
27350	35.1458
27360	32.8542
27370	29.4167
27380	27.4375
27390	25.1458
27400	35.1458
27410	32.8542
27420	29.4167
27430	27.4375
27440	25.1458
27450	35.1458
27460	32.8644
27470	29.4436
27480	27.4844
27490	25.1143
27500	35.1143
27510	32.8584
27520	29.4655
27530	27.5311
27540	25.083
27550	35.083
27560	32.8379
27570	29.486
27580	27.5401
27590	25.0722
27600	35.0722
27610	32.8041
27620	29.5052
27630	27.5464
27640	25.0722
27650	35.0722
27660	32.8041
27670	29.5052
27680	27.5464
27690	25.0722
27700	35.0722
27710	32.8041
27720	29.5052
27730	27.5464
27740	25.0722
27750	35.0722
27760	32.8034
27770	29.5083
27780	27.546
27790	25.0716
27800	35.0716
27810	32.8016
27820	29.5092
27830	27.546
27840	25.0716
27850	35.0716
27860	32.8056
27870	29.4862
27880	27.5367
27890	25.0816
27900	35.0816
27910	32.8367
27920	29.4748
27930	27.5201
27940	25.0964
27950	35.0964
27960	32.8049
27970	29.4919
27980	27.5
27990	25.1016
28000	35.1016
28010	32.8049
28020	29.4919
28030	27.5
28040	25.1016
28050	35.1016
28060	32.8049
28070	29.4919
28080	27.5
28090	25.1016
28100	35.1016
28110	32.8149
28120	29.518
28130	27.5456
28140	25.071
28150	35.071
28160	32.7949
28170	29.5016
28180	27.5181
28190	25.1008
28200	35.1008
28210	32.8024
28220	29.4886
28230	27.4999
28240	25.1131
28250	35.1131
28260	32.837
28270	29.4567
28280	27.4818
28290	25.1204
28300	35.1204
28310	32.8131
28320	29.479
28330	27.4549
28340	25.1303
28350	35.1303
28360	32.7854
28370	29.4906
28380	27.4251
28390	25.1497
28400	35.1497
28410	32.7445
28420	29.4869
28430	27.4303
28440	25.1793
28450	35.1793
28460	32.733
28470	29.4597
28480	27.4214
28490	25.1889
28500	35.1889
28510	32.7634
28520	29.4433
28530	27.4155
28540	25.1889
28550	35.1889
28560	32.7634
28570	29.4433
28580	27.4155
28590	25.1889
28600	35.1889
28610	32.7634
28620	29.4433
28630	27.4155
28640	25.1889
28650	35.1889
28660	32.7733
28670	29.4691
28680	27.381
28690	25.1786
28700	35.1786
28710	32.7876
28720	29.5097
28730	27.4257
28740	25.1485
28750	35.1485
28760	32.7762
28770	29.5183
28780	27.4525
28790	25.1186
28800	35.1186
28810	32.7668
28820	29.5257
28830	27.4704
28840	25.1186
28850	35.1186
28860	32.7668
28870	29.5257
28880	27.4673
28890	25.1282
28900	35.1282
28910	32.7435
28920	29.5472
28930	27.4409
28940	25.1378
28950	35.1378
28960	32.746
28970	29.5725
28980	27.4853
28990	25.1081
29000	35.1081
29010	32.7013
29020	29.5538
29030	27.4902
29040	25.1373
29050	35.1373
29060	32.6863
29070	29.549
29080	27.4902
29090	25.1373
29100	35.1373
29110	32.6863
29120	29.5542
29130	27.4802
29140	25.1513
29150	35.1513
29160	32.6562
29170	29.5703
29180	27.4609
29190	25.1562
29200	35.1562
29210	32.6562
29220	29.5703
29230	27.4609
29240	25.1562
29250	35.1562
29260	32.6368
29270	29.5814
29280	27.4319
29290	25.1751
29300	35.1751
29310	32.6362
29320	29.6164
29330	27.3981
29340	25.1651
29350	35.1651
29360	32.6408
29370	29.6311
29380	27.3981
29390	25.1651
29400	35.1651
29410	32.6408
29420	29.6336
29430	27.4077
29440	25.1865
29450	35.1865
29460	32.5969
29470	29.6124
29480	27.4031
29490	25.1938
29500	35.1938
29510	32.5969
29520	29.6124
29530	27.4031
29540	25.1938
29550	35.1938
29560	32.568
29570	29.5985
29580	27.4081
29590	25.2224
29600	35.2224
29610	32.5532
29620	29.5938
29630	27.4081
29640	25.2224
29650	35.2224
29660	32.5456
29670	29.6042
29680	27.3908
29690	25.2408
29700	35.2408
29710	32.5241
29720	29.61
29730	27.389
29740	25.2736
29750	35.2736
29760	32.5144
29770	29.5585
29780	27.3704
29790	25.2783
29800	35.2783
29810	32.5144
29820	29.5585
29830	27.3704
29840	25.2783
29850	35.2783
29860	32.5144
29870	29.5585
29880	27.3704
29890	25.2783
29900	35.2783
29910	32.5339
29920	29.5504
29930	27.3231
29940	25.2772
29950	35.2772
29960	32.5621
29970	29.5602
29980	27.3231
29990	25.2772
30000	35.2772
30010	32.5621
30020	29.5557
30030	27.3326
30040	25.3096
30050	35.3096
30060	32.5524
30070	29.5048
30080	27.3143
30090	25.3143
30100	35.3143
30110	32.5524
30120	29.5048
30130	27.3143
30140	25.3143
30150	35.3143
30160	32.5524
30170	29.5048
30180	27.3143
30190	25.3143
30200	35.3143
30210	32.5435
30220	29.4836
30230	27.2727
30240	25.3409
30250	35.3409
30260	32.5607
30270	29.4674
30280	27.2644
30290	25.3497
30300	35.3497
30310	32.5898
30320	29.4543
30330	27.2684
30340	25.3232
30350	35.3232
30360	32.5849
30370	29.4717
30380	27.2976
30390	25.3223
30400	35.3223
30410	32.6023
30420	29.5104
30430	27.2693
30440	25.3107
30450	35.3107
30460	32.5989
30470	29.5104
30480	27.2693
30490	25.3107
30500	35.3107
30510	32.6084
30520	29.5347
30530	27.2368
30540	25.3008
30550	35.3008
30560	32.6166
30570	29.5615
30580	27.2624
30590	25.272
30600	35.272
30610	32.6079
30620	29.5664
30630	27.2982
30640	25.2776
30650	35.2776
30660	32.5933
30670	29.5336
30680	27.3134
30690	25.2799
30700	35.2799
30710	32.5933
30720	29.5336
30730	27.3134
30740	25.2799
30750	35.2799
30760	32.6027
30770	29.5576
30780	27.2812
30790	25.27
30800	35.27
30810	32.6165
30820	29.5956
30830	27.2491
30840	25.2602
30850	35.2602
30860	32.6208
30870	29.6097
30880	27.2491
30890	25.2602
30900	35.2602
30910	32.6208
30920	29.6097
30930	27.2491
30940	25.2602
30950	35.2602
30960	32.6208
30970	29.6097
30980	27.2491
30990	25.2602
31000	35.2602
31010	32.6208
31020	29.6097
31030	27.2491
31040	25.2602
31050	35.2602
31060	32.6395
31070	29.6017
31080	27.2778
31090	25.2407
31100	35.2407
31110	32.6667
31120	29.5847
31130	27.3063
31140	25.2214
31150	35.2214
31160	32.679
31170	29.5549
31180	27.2982
31190	25.2302
31200	35.2302
31210	32.7072
31220	29.5396
31230	27.2928
31240	25.2302
31250	35.2302
31260	32.7072
31270	29.5396
31280	27.2942
31290	25.2134
31300	35.2134
31310	32.7056
31320	29.5588
31330	27.3346
31340	25.2022
31350	35.2022
31360	32.7022
31370	29.5588
31380	27.3346
31390	25.2022
31400	35.2022
31410	32.6931
31420	29.5929
31430	27.3492
31440	25.192
31450	35.192
31460	32.6764
31470	29.5895
31480	27.3148
31490	25.1913
31500	35.1913
31510	32.714
31520	29.6064
31530	27.3042
31540	25.1789
31550	35.1789
31560	32.6812
31570	29.6377
31580	27.3215
31590	25.1952
31600	35.1952
31610	32.6654
31620	29.5848
31630	27.3105
31640	25.2166
31650	35.2166
31660	32.6805
31670	29.608
31680	27.2793
31690	25.2072
31700	35.2072
31710	32.6847
31720	29.6216
31730	27.2793
31740	25.2072
31750	35.2072
31760	32.6739
31770	29.6193
31780	27.2894
31790	25.2338
31800	35.2338
31810	32.6439
31820	29.5977
31830	27.2842
31840	25.2446
31850	35.2446
31860	32.675
31870	29.5691
31880	27.2711
31890	25.2424
31900	35.2424
31910	32.675
31920	29.5691
31930	27.2711
31940	25.2424
31950	35.2424
31960	32.6573
31970	29.5795
31980	27.2451
31990	25.2594
32000	35.2594
32010	32.6476
32020	29.5886
32030	27.2451
32040	25.2594
32050	35.2594
32060	32.6369
32070	29.5863
32080	27.2551
32090	25.2857
32100	35.2857
32110	32.6071
32120	29.5737
32130	27.2589
32140	25.2607
32150	35.2607
32160	32.6025
32170	29.59
32180	27.2865
32190	25.26
32200	35.26
32210	32.6189
32220	29.6263
32230	27.2598
32240	25.2491
32250	35.2491
32260	32.5891
32270	29.6136
32280	27.2647
32290	25.2753
32300	35.2753
32310	32.549
32320	29.5966
32330	27.2695
32340	25.3014
32350	35.3014
32360	32.5355
32370	29.5922
32380	27.2695
32390	25.3014
32400	35.3014
32410	32.5355
32420	29.5879
32430	27.2783
32440	25.2872
32450	35.2872
32460	32.5618
32470	29.576
32480	27.2941
32490	25.291
32500	35.291
32510	32.5997
32520	29.5775
32530	27.2535
32540	25.2817
32550	35.2817
32560	32.6145
32570	29.6001
32580	27.2935
32590	25.2548
32600	35.2548
32610	32.5748
32620	29.5833
32630	27.2982
32640	25.2807
32650	35.2807
32660	32.565
32670	29.5592
32680	27.2905
32690	25.289
32700	35.289
32710	32.5919
32720	29.5447
32730	27.2855
32740	25.289
32750	35.289
32760	32.5919
32770	29.5447
32780	27.288
32790	25.2797
32800	35.2797
32810	32.5544
32820	29.5462
32830	27.3298
32840	25.288
32850	35.288
32860	32.522
32870	29.5339
32880	27.3345
32890	25.3136
32900	35.3136
32910	32.5087
32920	29.5296
32930	27.3345
32940	25.3136
32950	35.3136
32960	32.5055
32970	29.5195
32980	27.3114
32990	25.338
33000	35.338
33010	32.513
33020	29.5147
33030	27.2964
33040	25.338
33050	35.338
33060	32.513
33070	29.5147
33080	27.2976
33090	25.3221
33100	35.3221
33110	32.5118
33120	29.5329
33130	27.3356
33140	25.3114
33150	35.3114
33160	32.5175
33170	29.5552
33180	27.3057
33190	25.3022
33200	35.3022
33210	32.5216
33220	29.5682
33230	27.3057
33240	25.3022
33250	35.3022
33260	32.5216
33270	29.5682
33280	27.3057
33290	25.3022
33300	35.3022
33310	32.5216
33320	29.5618
33330	27.3057
33340	25.3125
33350	35.3125
33360	32.5517
33370	29.5345
33380	27.2931
33390	25.3103
33400	35.3103
33410	32.5517
33420	29.5345
33430	27.2931
33440	25.3103
33450	35.3103
33460	32.5261
33470	29.5223
33480	27.2978
33490	25.3356
33500	35.3356
33510	32.505
33520	29.5502
33530	27.3116
33540	25.3253
33550	35.3253
33560	32.4798
33570	29.5448
33580	27.289
33590	25.3492
33600	35.3492
33610	32.4872
33620	29.5359
33630	27.2572
33640	25.3524
33650	35.3524
33660	32.5297
33670	29.5416
33680	27.2351
33690	25.361
33700	35.361
33710	32.5155
33720	29.4924
33730	27.225
33740	25.3807
33750	35.3807
33760	32.5048
33770	29.4518
33780	27.2175
33790	25.4132
33800	35.4132
33810	32.5213
33820	29.4654
33830	27.2559
33840	25.3872
33850	35.3872
33860	32.4984
33870	29.4592
33880	27.2653
33890	25.4118
33900	35.4118
33910	32.4706
33920	29.4476
33930	27.2688
33940	25.3881
33950	35.3881
33960	32.4664
33970	29.4631
33980	27.2973
33990	25.4001
34000	35.4001
34010	32.4682
34020	29.4491
34030	27.2621
34040	25.409
34050	35.409
34060	32.4708
34070	29.4491
34080	27.2621
34090	25.409
34100	35.409
34110	32.4708
34120	29.4491
34130	27.2621
34140	25.409
34150	35.409
34160	32.4644
34170	29.4583
34180	27.294
34190	25.4077
34200	35.4077
34210	32.4293
34220	29.4552
34230	27.296
34240	25.4189
34250	35.4189
34260	32.4046
34270	29.4693
34280	27.2815
34290	25.4292
34300	35.4292
34310	32.3705
34320	29.4536
34330	27.2848
34340	25.447
34350	35.447
34360	32.3762
34370	29.4255
34380	27.2727
34390	25.4545
34400	35.4545
34410	32.4053
34420	29.443
34430	27.3102
34440	25.429
34450	35.429
34460	32.3927
34470	29.4389
34480	27.3102
34490	25.429
34500	35.429
34510	32.3927
34520	29.4411
34530	27.3184
34540	25.447
34550	35.447
34560	32.3558
34570	29.4234
34580	27.3147
34590	25.453
34600	35.453
34610	32.3558
34620	29.4234
34630	27.3147
34640	25.453
34650	35.453
34660	32.3731
34670	29.4661
34680	27.3235
34690	25.4187
34700	35.4187
34710	32.3645
34720	29.4745
34730	27.3235
34740	25.4187
34750	35.4187
34760	32.3645
34770	29.4745
34780	27.3235
34790	25.4187
34800	35.4187
34810	32.3645
34820	29.4745
34830	27.3235
34840	25.4187
34850	35.4187
34860	32.3645
34870	29.4745
34880	27.321
34890	25.4263
34900	35.4263
34910	32.3463
34920	29.4926
34930	27.2995
34940	25.4337
34950	35.4337
34960	32.3249
34970	29.4533
34980	27.292
34990	25.4649
35000	35.4649
35010	32.3413
35020	29.4176
35030	27.2801
35040	25.4723
35050	35.4723
35060	32.3616
35070	29.4137
35080	27.2801
35090	25.4723
35100	35.4723
35110	32.3616
35120	29.4179
35130	27.2718
35140	25.4426
35150	35.4426
35160	32.3701
35170	29.4643
35180	27.2865
35190	25.4458
35200	35.4458
35210	32.3521
35220	29.4822
35230	27.2654
35240	25.4531
35250	35.4531
35260	32.3394
35270	29.4643
35280	27.2303
35290	25.475
35300	35.475
35310	32.351
35320	29.4686
35330	27.2303
35340	25.475
35350	35.475
35360	32.351
35370	29.4686
35380	27.2303
35390	25.475
35400	35.475
35410	32.351
35420	29.4668
35430	27.2221
35440	25.455
35450	35.455
35460	32.3878
35470	29.4872
35480	27.2276
35490	25.4487
35500	35.4487
35510	32.3878
35520	29.4872
35530	27.2276
35540	25.4487
35550	35.4487
35560	32.3962
35570	29.4599
35580	27.216
35590	25.456
35600	35.456
35610	32.4091
35620	29.4862
35630	27.2293
35640	25.4459
35650	35.4459
35660	32.3885
35670	29.4904
35680	27.2293
35690	25.4459
35700	35.4459
35710	32.3885
35720	29.4904
35730	27.2293
35740	25.4459
35750	35.4459
35760	32.3885
35770	29.4904
35780	27.2257
35790	25.4471
35800	35.4471
35810	32.4035
35820	29.5231
35830	27.2019
35840	25.4372
35850	35.4372
35860	32.4089
35870	29.5436
35880	27.1746
35890	25.4286
35900	35.4286
35910	32.4127
35920	29.5556
35930	27.1746
35940	25.4286
35950	35.4286
35960	32.4193
35970	29.5483
35980	27.145
35990	25.4272
36000	35.4272
