10	10
20	2
30	2
40	2
50	2
60	2
70	5.33333
80	15.3333
90	19.6667
100	20.6667
110	20
120	20
130	19.9167
140	20.6667
150	30.6667
160	22.5
170	22.5
180	22.5
190	17.5
200	20
210	30
220	25
230	22.5
240	22.5
250	17.5
260	19.25
270	29.25
280	24.25
290	24.25
300	23.3333
310	18.0476
320	28.0476
330	25.4762
340	22.619
350	20
360	30
370	27.1429
380	22.5
390	21.5714
400	20
410	18.75
420	28.75
430	27.5
440	24.9
450	19.6
460	20
470	30
480	28
490	22
500	19.9615
510	20.8462
520	19.2308
530	20
540	30
550	27.6923
560	22.2308
570	20.5385
580	22.3333
590	20.3333
600	22.3333
610	32.3333
620	30.8
630	27.2778
640	26.3111
650	26.3111
660	27.2222
670	37.2222
680	33.4211
690	28.924
700	22.7134
710	24.8187
720	25.345
730	35.345
740	32.8082
750	32.4924
760	28.9713
770	27.5
780	25.5
790	25
800	22.4762
810	23.5905
820	33.5905
830	28.7238
840	29.2
850	27.7714
860	26.3325
870	26.7474
880	27.7847
890	37.7847
900	32.1325
910	26.5217
920	24.3722
930	22.5374
940	25.5409
950	35.5409
960	33.5409
970	29.5409
980	29.9409
990	27.8668
1000	26.5037
1010	25.9259
1020	35.9259
1030	29.6296
1040	26.3729
1050	26.2708
1060	23.8889
1070	25.1724
1080	35.1724
1090	32.7586
1100	30.3448
1110	25.8621
1120	23.4483
1130	25.1724
1140	26.8966
1150	26.5517
1160	24.4828
1170	34.4828
1180	27.931
1190	29.6552
1200	29.3103
1210	26.9021
1220	36.9021
1230	30.3014
1240	27.7208
1250	26.6385
1260	36.6385
1270	36.129
1280	29.4204
1290	25.5091
1300	24.3952
1310	22.2077
1320	32.2077
1330	32.2077
1340	29.9302
1350	29.0921
1360	27.9167
1370	37.9167
1380	30.947
1390	26.3636
1400	25.7475
1410	23.1035
1420	25.4596
1430	26.3889
1440	23.8889
1450	33.8889
1460	30.4294
1470	28.1096
1480	27.1547
1490	27.5676
1500	25.4054
1510	23.2176
1520	33.2176
1530	30.8051
1540	27.9801
1550	28.5064
1560	25.8748
1570	25.3077
1580	35.3077
1590	32.8704
1600	30.39
1610	26.4103
1620	24.1026
1630	24.8718
1640	26.5228
1650	24.6154
1660	34.6154
1670	31.2195
1680	29.5122
1690	28.5366
1700	26.5965
1710	25.1286
1720	24.0055
1730	25
1740	35
1750	30.4545
1760	29.5455
1770	28.1818
1780	26.8182
1790	36.8182
1800	28.6364
1810	29.5455
1820	28.1919
1830	26.8889
1840	36.8889
1850	28.2545
1860	29.3333
1870	28.2222
1880	26.8861
1890	36.8861
1900	31.5944
1910	30.3444
1920	28.9625
1930	38.9625
1940	34.1973
1950	28.9677
1960	26.5867
1970	25.3061
1980	23.6735
1990	24.4824
2000	26.1918
2010	36.1918
2020	30.8988
2030	27.6
2040	28.6
2050	27.2
2060	37.2
2070	31.6717
2080	30.4792
2090	26.1396
2100	24.9057
2110	25.8491
2120	25.0943
2130	23.7736
2140	33.7736
2150	34.3396
2160	30
2170	26.4151
2180	25.0943
2190	24.2882
2200	24.9914
2210	26.1818
2220	36.1818
2230	31.6364
2240	27.4545
2250	28.3636
2260	27.4545
2270	37.4545
2280	32.1818
2290	30.3636
2300	25.7841
2310	24.9172
2320	26.2795
2330	25.0295
2340	23.3929
2350	33.3929
2360	32.1084
2370	31.5049
2380	28.8547
2390	26.8966
2400	21.7241
2410	24.8276
2420	26.5517
2430	25.1724
2440	23.1034
2450	25.5172
2460	26.8966
2470	26.5601
2480	36.5601
2490	31.5295
2500	27.0317
2510	28.2258
2520	27.0968
2530	37.0968
2540	32.4193
2550	30.3226
2560	25.4839
2570	24.8387
2580	26.4516
2590	25.3226
2600	23.222
2610	33.222
2620	32.2048
2630	31.181
2640	28.7302
2650	26.8254
2660	22.245
2670	24.6677
2680	26.1161
2690	25.3348
2700	23.5938
2710	26.0881
2720	36.0881
2730	31.92
2740	28.5478
2750	26.5152
2760	26.0606
2770	25.1637
2780	26.1033
2790	25.7476
2800	35.7476
2810	31.3433
2820	31.6418
2830	27.9104
2840	24.4823
2850	34.4823
2860	32.465
2870	28.7461
2880	27.4286
2890	26
2900	25.7143
2910	23.5714
2920	26.1429
2930	36.1429
2940	32.4286
2950	28.7143
2960	26.5714
2970	26.2857
2980	25.1429
2990	26
3000	25.7143
3010	35.7143
3020	31.0789
3030	30.8704
3040	29.5256
3050	26.6197
3060	26.4789
3070	23.8028
3080	24.7887
3090	34.7887
3100	31.2676
3110	30.2817
3120	27.6056
3130	26.338
3140	36.338
3150	29.4366
3160	29.2958
3170	28.3099
3180	27.0423
3190	37.0423
3200	30.1964
3210	27.6315
3220	28.2508
3230	26.7123
3240	36.7123
3250	30.274
3260	27.9552
3270	28.3999
3280	26.8284
3290	36.8284
3300	30
3310	27.8378
3320	28.3784
3330	26.8919
3340	36.8919
3350	30
3360	27.8378
3370	28.3784
3380	26.8858
3390	36.8858
3400	30.075
3410	28.0036
3420	28.1333
3430	26.7882
3440	36.7882
3450	30.0436
3460	28.2182
3470	27.9221
3480	26.8831
3490	36.8831
3500	29.9753
3510	28.1792
3520	27.9264
3530	27.0886
3540	37.0886
3550	30
3560	27.9747
3570	27.8481
3580	27.0886
3590	37.0886
3600	30
3610	27.9747
3620	27.8531
3630	27.0163
3640	37.0163
3650	29.8065
3660	28.0247
3670	28.1481
3680	27.037
3690	37.037
3700	29.7531
3710	28.0247
3720	28.1481
3730	27.045
3740	37.045
3750	29.9832
3760	28.1561
3770	28.0952
3780	26.7857
3790	36.7857
3800	30.119
3810	28.2143
3820	28.0952
3830	26.7857
3840	36.7857
3850	30.119
3860	28.2227
3870	27.9817
3880	26.7333
3890	36.7333
3900	30.2353
3910	28.4706
3920	27.8757
3930	26.7558
3940	36.7558
3950	30.1636
3960	28.6207
3970	27.7011
3980	26.7816
3990	36.7816
4000	30.1149
4010	28.6207
4020	27.7012
4030	26.7994
4040	36.7994
4050	30.2009
4060	28.7798
4070	27.9545
4080	26.5909
4090	36.5909
4100	30.1359
4110	28.6333
4120	27.9009
4130	26.6292
4140	36.6292
4150	30.3371
4160	28.5219
4170	27.9088
4180	26.7864
4190	36.7864
4200	30.3297
4210	28.2418
4220	27.8022
4230	26.8132
4240	36.8132
4250	30.3297
4260	28.2418
4270	27.8022
4280	26.8084
4290	36.8084
4300	30.3894
4310	28.0707
4320	27.7174
4330	26.8432
4340	36.8431
4350	30.4084
4360	27.9836
4370	27.7419
4380	26.9892
4390	36.9892
4400	30.3015
4410	28.0192
4420	27.916
4430	26.9474
4440	36.9474
4450	30.1053
4460	28.015
4470	27.9346
4480	26.7496
4490	36.7496
4500	30.2062
4510	28.3505
4520	28.0331
4530	26.7184
4540	36.7184
4550	30.3279
4560	28.5714
4570	27.8571
4580	26.6483
4590	36.6483
4600	30.3812
4610	28.7128
4620	28.0808
4630	26.4646
4640	36.4646
4650	30.303
4660	28.6869
4670	28.0808
4680	26.4646
4690	36.4646
4700	30.3224
4710	28.7434
4720	27.9325
4730	26.4
4740	36.4
4750	30.4
4760	28.9068
4770	27.8064
4780	26.3588
4790	36.3588
4800	30.4951
4810	29.1089
4820	27.7197
4830	26.3001
4840	36.3001
4850	30.4437
4860	29.3269
4870	27.7885
4880	26.25
4890	36.25
4900	30.3846
4910	29.3269
4920	27.7885
4930	26.2456
4940	36.2456
4950	30.2632
4960	29.2645
4970	27.8095
4980	26.381
4990	36.381
5000	30.2088
5010	29.2895
5020	27.6717
5030	26.3208
5040	36.3208
5050	30.283
5060	29.412
5070	27.6482
5080	26.3761
5090	36.3761
5100	30.4673
5110	29.2523
5120	27.563
5130	26.3709
5140	36.3709
5150	30.5742
5160	29.4444
5170	27.4074
5180	26.2963
5190	36.2963
5200	30.5556
5210	29.4444
5220	27.4074
5230	26.3106
5240	36.3106
5250	30.6218
5260	29.5678
5270	27.6147
5280	26.1468
5290	36.1468
5300	30.5675
5310	29.5903
5320	27.4837
5330	26.0909
5340	36.0909
5350	30.6364
5360	29.7273
5370	27.4545
5380	26.0909
5390	36.0909
5400	30.6364
5410	29.7273
5420	27.4545
5430	26.0909
5440	36.0909
5450	30.6364
5460	29.7273
5470	27.4545
5480	26.1048
5490	36.1048
5500	30.7004
5510	29.8464
5520	27.6577
5530	25.9459
5540	35.9459
5550	30.6306
5560	29.8198
5570	27.6577
5580	25.9459
5590	35.9459
5600	30.6306
5610	29.8198
5620	27.6577
5630	25.9459
5640	35.9459
5650	30.6306
5660	29.8313
5670	27.7251
5680	25.9052
5690	35.9052
5700	30.4425
5710	29.823
5720	27.8716
5730	25.9704
5740	35.9704
5750	30.3811
5760	29.913
5770	27.7391
5780	26.005
5790	36.005
5800	30.3436
5810	29.82
5820	27.8814
5830	26.013
5840	36.013
5850	30.3824
5860	29.6038
5870	27.8151
5880	26.0504
5890	36.0504
5900	30.5197
5910	29.4912
5920	27.7775
5930	26.0833
5940	36.0833
5950	30.6667
5960	29.4222
5970	27.7806
5980	26.1583
5990	36.1583
6000	30.4959
6010	29.3388
6020	27.7686
6030	26.1983
6040	36.1983
6050	30.4959
6060	29.3388
6070	27.7686
6080	26.2109
6090	36.2109
6100	30.5548
6110	29.449
6120	27.9508
6130	26.0656
6140	36.0656
6150	30.4918
6160	29.4262
6170	27.9508
6180	26.0656
6190	36.0656
6200	30.4918
6210	29.4262
6220	27.9508
6230	26.0656
6240	36.0656
6250	30.4918
6260	29.4262
6270	27.9508
6280	26.0656
6290	36.0656
6300	30.4918
6310	29.4262
6320	27.9527
6330	25.9993
6340	35.9993
6350	30.504
6360	29.5122
6370	28.1301
6380	25.935
6390	35.935
6400	30.4878
6410	29.5122
6420	28.1301
6430	25.935
6440	35.935
6450	30.4878
6460	29.5122
6470	28.1301
6480	25.935
6490	35.935
6500	30.5028
6510	29.5555
6520	28.2211
6530	25.8064
6540	35.8064
6550	30.4839
6560	29.6071
6570	28.2602
6580	25.8515
6590	35.8515
6600	30.3968
6610	29.6825
6620	28.1746
6630	25.873
6640	35.873
6650	30.3968
6660	29.6825
6670	28.1746
6680	25.8691
6690	35.8691
6700	30.4368
6710	29.5493
6720	28.1102
6730	25.9173
6740	35.9173
6750	30.6062
6760	29.6308
6770	28.2812
6780	25.7812
6790	35.7812
6800	30.575
6810	29.5683
6820	28.1308
6830	25.7692
6840	35.7692
6850	30.7692
6860	29.6028
6870	28.1098
6880	25.7136
6890	35.7136
6900	30.9091
6910	29.5455
6920	28.1835
6930	25.6215
6940	35.6215
6950	30.9176
6960	29.6241
6970	28.3459
6980	25.5563
6990	35.5563
7000	30.8395
7010	29.6549
7020	28.2222
7030	25.6223
7040	35.6223
7050	30.7539
7060	29.7337
7070	28.1022
7080	25.6934
7090	35.6934
7100	30.7429
7110	29.8194
7120	28.1846
7130	25.5797
7140	35.5797
7150	30.7246
7160	29.8382
7170	28.2657
7180	25.6265
7190	35.6265
7200	30.8633
7210	29.7122
7220	28.2031
7230	25.6329
7240	35.6329
7250	30.7286
7260	29.6429
7270	28.2143
7280	25.7107
7290	35.7107
7300	30.6214
7310	29.5939
7320	28.2269
7330	25.8121
7340	35.8121
7350	30.6025
7360	29.653
7370	28.0986
7380	25.7746
7390	35.7746
7400	30.6338
7410	29.7183
7420	28.0986
7430	25.7746
7440	35.7746
7450	30.6338
7460	29.7112
7470	28.0643
7480	25.699
7490	35.699
7500	30.8276
7510	29.7931
7520	28.0654
7530	25.6887
7540	35.6887
7550	30.7753
7560	29.8639
7570	27.9592
7580	25.7143
7590	35.7143
7600	30.7483
7610	29.8639
7620	27.9592
7630	25.7245
7640	35.7245
7650	30.7949
7660	29.9517
7670	28.1081
7680	25.6081
7690	35.6081
7700	30.7552
7710	29.9676
7720	28.0101
7730	25.5705
7740	35.5705
7750	30.8054
7760	30.0714
7770	27.9251
7780	25.5471
7790	35.5471
7800	30.8667
7810	30.2
7820	27.8617
7830	25.5463
7840	35.5463
7850	30.9399
7860	30.3311
7870	27.7483
7880	25.4967
7890	35.4967
7900	30.9272
7910	30.3311
7920	27.7483
7930	25.4967
7940	35.4967
7950	30.9272
7960	30.3311
7970	27.7483
7980	25.4967
7990	35.4967
8000	30.9387
8010	30.3649
8020	27.8252
8030	25.3947
8040	35.3947
8050	30.9211
8060	30.3947
8070	27.8947
8080	25.3947
8090	35.3947
8100	30.9211
8110	30.3947
8120	27.8947
8130	25.3947
8140	35.3947
8150	30.9211
8160	30.3947
8170	27.8947
8180	25.3947
8190	35.3947
8200	30.9211
8210	30.3947
8220	27.8947
8230	25.3915
8240	35.3915
8250	30.9518
8260	30.4641
8270	27.7778
8280	25.3595
8290	35.3595
8300	30.9916
8310	30.4519
8320	27.7499
8330	25.3896
8340	35.3896
8350	31.1039
8360	30.3938
8370	27.6688
8380	25.3677
8390	35.3677
8400	31.1613
8410	30.5161
8420	27.6146
8430	25.3738
8440	35.3738
8450	31.2366
8460	30.3846
8470	27.5641
8480	25.3815
8490	35.3815
8500	31.1966
8510	30.3381
8520	27.5796
8530	25.4777
8540	35.4777
8550	31.1465
8560	30.3185
8570	27.5796
8580	25.4777
8590	35.4777
8600	31.1194
8610	30.3133
8620	27.6164
8630	25.5696
8640	35.5696
8650	31.0127
8660	30.2612
8670	27.6441
8680	25.5442
8690	35.5442
8700	30.875
8710	30.25
8720	27.7531
8730	25.5987
8740	35.5987
8750	30.8323
8760	30.0617
8770	27.7161
8780	25.6853
8790	35.6853
8800	30.8258
8810	30.0971
8820	27.8659
8830	25.6707
8840	35.6707
8850	30.7317
8860	30.061
8870	27.8659
8880	25.6707
8890	35.6707
8900	30.7426
8910	30.0925
8920	27.7783
8930	25.6364
8940	35.6364
8950	30.7879
8960	30.1676
8970	27.7628
8980	25.6752
8990	35.6752
9000	30.9036
9010	30.0602
9020	27.7123
9030	25.68
9040	35.68
9050	30.9758
9060	29.9401
9070	27.6647
9080	25.6886
9090	35.6886
9100	31.018
9110	29.9401
9120	27.6647
9130	25.6886
9140	35.6886
9150	31.018
9160	29.9401
9170	27.6647
9180	25.6886
9190	35.6886
9200	31.0033
9210	29.8727
9220	27.6728
9230	25.7988
9240	35.7988
9250	31.0059
9260	29.7633
9270	27.6331
9280	25.7988
9290	35.7988
9300	31.0059
9310	29.7633
9320	27.636
9330	25.8321
9340	35.8321
9350	30.9652
9360	29.5906
9370	27.6023
9380	25.9126
9390	35.9126
9400	31.0624
9410	29.7327
9420	27.6301
9430	25.7749
9440	35.7749
9450	30.9928
9460	29.7933
9470	27.5429
9480	25.8286
9490	35.8286
9500	30.9816
9510	29.7681
9520	27.5186
9530	25.8523
9540	35.8523
9550	31.0795
9560	29.7236
9570	27.4703
9580	25.8828
9590	35.8828
9600	31.0112
9610	29.7753
9620	27.4171
9630	25.853
9640	35.853
9650	31.0169
9660	29.8324
9670	27.5419
9680	25.8159
9690	35.8159
9700	30.9709
9710	29.8668
9720	27.6796
9730	25.7985
9740	35.7985
9750	30.9109
9760	29.8951
9770	27.5824
9780	25.7692
9790	35.7692
9800	30.9341
9810	29.9451
9820	27.5824
9830	25.7692
9840	35.7692
9850	30.9341
9860	29.9487
9870	27.6036
9880	25.6944
9890	35.6944
9900	30.929
9910	30
9920	27.7049
9930	25.6831
9940	35.6831
9950	30.929
9960	30
9970	27.7049
9980	25.6804
9990	35.6804
10000	30.8574
10010	29.9617
10020	27.7174
10030	25.7691
10040	35.7691
10050	30.8525
10060	30.0159
10070	27.8378
10080	25.6757
10090	35.6757
10100	30.8108
10110	30
10120	27.8378
10130	25.6757
10140	35.6757
10150	30.8108
10160	29.9909
10170	27.8626
10180	25.6372
10190	35.6372
10200	30.9091
10210	29.9465
10220	27.9157
10230	25.6306
10240	35.6306
10250	30.8084
10260	29.8936
10270	27.9255
10280	25.6915
10290	35.6915
10300	30.7979
10310	29.8936
10320	27.9255
10330	25.6889
10340	35.6889
10350	30.8237
10360	29.8036
10370	27.8836
10380	25.7143
10390	35.7143
10400	30.8995
10410	29.7884
10420	27.8836
10430	25.7143
10440	35.7143
10450	30.8995
10460	29.7884
10470	27.8836
10480	25.7143
10490	35.7143
10500	30.8995
10510	29.7884
10520	27.8836
10530	25.7143
10540	35.7143
10550	30.8995
10560	29.7884
10570	27.8836
10580	25.7171
10590	35.7171
10600	30.8919
10610	29.7321
10620	27.9688
10630	25.7266
10640	35.7266
10650	30.9106
10660	29.7451
10670	27.8756
10680	25.6995
10690	35.6995
10700	30.9508
10710	29.7654
10720	27.9119
10730	25.641
10740	35.641
10750	31.0256
10760	29.7317
10770	27.9525
10780	25.6737
10790	35.6737
10800	31.1224
10810	29.6429
10820	27.9082
10830	25.6633
10840	35.6633
10850	31.1224
10860	29.6429
10870	27.9082
10880	25.6583
10890	35.6583
10900	31.1704
10910	29.6143
10920	27.7778
10930	25.6617
10940	35.6617
10950	31.3196
10960	29.7685
10970	27.8
10980	25.55
10990	35.55
11000	31.3
11010	29.8
11020	27.8
11030	25.55
11040	35.55
11050	31.3
11060	29.8068
11070	27.8377
11080	25.5297
11090	35.5297
11100	31.1881
11110	29.802
11120	27.9208
11130	25.5446
11140	35.5446
11150	31.1881
11160	29.802
11170	27.9208
11180	25.5471
11190	35.5471
11200	31.1785
11210	29.749
11220	28
11230	25.5586
11240	35.5586
11250	31.1935
11260	29.7612
11270	27.9126
11280	25.534
11290	35.534
11300	31.2219
11310	29.8318
11320	27.9684
11330	25.4589
11340	35.4589
11350	31.2077
11360	29.8648
11370	28.0111
11380	25.4237
11390	35.4237
11400	31.1429
11410	29.9524
11420	28.044
11430	25.4381
11440	35.4381
11450	31.1944
11460	30.0474
11470	27.9621
11480	25.4005
11490	35.4005
11500	31.2066
11510	29.9665
11520	27.9245
11530	25.4222
11540	35.4222
11550	31.2952
11560	30.0042
11570	27.8404
11580	25.3991
11590	35.3991
11600	31.3146
11610	30.0469
11620	27.8404
11630	25.3991
11640	35.3991
11650	31.3146
11660	30.0361
11670	27.8443
11680	25.4298
11690	35.4298
11700	31.4019
11710	29.9533
11720	27.8037
11730	25.4206
11740	35.4206
11750	31.4019
11760	29.9533
11770	27.8037
11780	25.4183
11790	35.4183
11800	31.423
11810	29.874
11820	27.7674
11830	25.4443
11840	35.4443
11850	31.5599
11860	29.8932
11870	27.7523
11880	25.367
11890	35.367
11900	31.5856
11910	29.9055
11920	27.7784
11930	25.4338
11940	35.4338
11950	31.5068
11960	29.8693
11970	27.7974
11980	25.4158
11990	35.4158
12000	31.4027
12010	29.8643
12020	27.8755
12030	25.4072
12040	35.4072
12050	31.4581
12060	29.8206
12070	27.9372
12080	25.3812
12090	35.3812
12100	31.4798
12110	29.8206
12120	27.9372
12130	25.3789
12140	35.3789
12150	31.4999
12160	29.8699
12170	27.8571
12180	25.3571
12190	35.3571
12200	31.5134
12210	29.8848
12220	27.7996
12230	25.4185
12240	35.4185
12250	31.5419
12260	29.877
12270	27.747
12280	25.3862
12290	35.3862
12300	31.4783
12310	29.9565
12320	27.7826
12330	25.3913
12340	35.3913
12350	31.4783
12360	29.9565
12370	27.7826
12380	25.3913
12390	35.3913
12400	31.4783
12410	29.9565
12420	27.7826
12430	25.387
12440	35.387
12450	31.4396
12460	29.8528
12470	27.7586
12480	25.4741
12490	35.4741
12500	31.4727
12510	29.8508
12520	27.6972
12530	25.4506
12540	35.4506
12550	31.5021
12560	29.9142
12570	27.6824
12580	25.4506
12590	35.4506
12600	31.5021
12610	29.9142
12620	27.6855
12630	25.4413
12640	35.4414
12650	31.4714
12660	29.8305
12670	27.7542
12680	25.464
12690	35.464
12700	31.5022
12710	29.7591
12720	27.7215
12730	25.4811
12740	35.4811
12750	31.5237
12760	29.6476
12770	27.6987
12780	25.5649
12790	35.5649
12800	31.5481
12810	29.6234
12820	27.6987
12830	25.5649
12840	35.5649
12850	31.5481
12860	29.6294
12870	27.6765
12880	25.4935
12890	35.4935
12900	31.5768
12910	29.751
12920	27.7198
12930	25.5013
12940	35.5013
12950	31.5443
12960	29.6296
12970	27.6955
12980	25.5536
12990	35.5536
13000	31.5087
13010	29.6019
13020	27.7049
13030	25.6128
13040	35.6128
13050	31.4942
13060	29.5218
13070	27.6735
13080	25.6327
13090	35.6327
13100	31.5335
13110	29.5083
13120	27.6966
13130	25.6911
13140	35.6911
13150	31.4634
13160	29.4623
13170	27.6861
13180	25.7166
13190	35.7166
13200	31.5385
13210	29.3927
13220	27.6497
13230	25.7275
13240	35.7275
13250	31.628
13260	29.3976
13270	27.5502
13280	25.7009
13290	35.7009
13300	31.5929
13310	29.3714
13320	27.56
13330	25.76
13340	35.76
13350	31.56
13360	29.36
13370	27.56
13380	25.76
13390	35.76
13400	31.5497
13410	29.3807
13420	27.5262
13430	25.7936
13440	35.7936
13450	31.5079
13460	29.4076
13470	27.4637
13480	25.7787
13490	35.7787
13500	31.5415
13510	29.4862
13520	27.4318
13530	25.7385
13540	35.7385
13550	31.544
13560	29.5276
13570	27.5197
13580	25.7087
13590	35.7087
13600	31.5354
13610	29.5276
13620	27.5197
13630	25.7068
13640	35.7068
13650	31.5536
13660	29.4623
13670	27.4902
13680	25.7255
13690	35.7255
13700	31.6078
13710	29.451
13720	27.4902
13730	25.7255
13740	35.7255
13750	31.6078
13760	29.451
13770	27.4902
13780	25.7255
13790	35.7255
13800	31.6078
13810	29.451
13820	27.4902
13830	25.7255
13840	35.7255
13850	31.6078
13860	29.451
13870	27.4902
13880	25.7255
13890	35.7255
13900	31.6078
13910	29.451
13920	27.4902
13930	25.7255
13940	35.7255
13950	31.6078
13960	29.451
13970	27.4902
13980	25.7255
13990	35.7255
14000	31.5977
14010	29.4088
14020	27.4965
14030	25.7977
14040	35.7977
14050	31.5953
14060	29.3385
14070	27.4708
14080	25.7977
14090	35.7977
14100	31.5953
14110	29.3385
14120	27.4708
14130	25.7977
14140	35.7977
14150	31.5953
14160	29.3385
14170	27.4708
14180	25.7977
14190	35.7977
14200	31.5953
14210	29.3385
14220	27.4708
14230	25.7977
14240	35.7977
14250	31.5953
14260	29.3385
14270	27.4708
14280	25.7977
14290	35.7977
14300	31.5953
14310	29.3385
14320	27.4708
14330	25.7977
14340	35.7977
14350	31.5953
14360	29.3414
14370	27.4856
14380	25.7441
14390	35.7441
14400	31.5891
14410	29.3798
14420	27.5552
14430	25.7435
14440	35.7435
14450	31.6301
14460	29.4595
14470	27.4903
14480	25.7183
14490	35.7183
14500	31.6646
14510	29.4473
14520	27.5479
14530	25.6705
14540	35.6705
14550	31.6858
14560	29.4253
14570	27.5479
14580	25.6705
14590	35.6705
14600	31.6858
14610	29.4253
14620	27.5479
14630	25.6705
14640	35.6705
14650	31.6858
14660	29.4309
14670	27.5275
14680	25.6917
14690	35.6917
14700	31.635
14710	29.4677
14720	27.4905
14730	25.7034
14740	35.7034
14750	31.635
14760	29.4677
14770	27.4905
14780	25.7056
14790	35.7056
14800	31.6266
14810	29.4309
14820	27.5564
14830	25.7108
14840	35.7108
14850	31.5837
14860	29.4167
14870	27.5
14880	25.7463
14890	35.7463
14900	31.5672
14910	29.4403
14920	27.5
14930	25.7463
14940	35.7463
14950	31.5672
14960	29.4457
14970	27.4802
14980	25.7666
14990	35.7666
15000	31.5185
15010	29.4815
15020	27.4453
15030	25.7881
15040	35.7881
15050	31.4471
15060	29.4465
15070	27.4539
15080	25.8359
15090	35.8359
15100	31.4638
15110	29.4959
15120	27.5368
15130	25.7759
15140	35.7759
15150	31.4754
15160	29.4735
15170	27.5912
15180	25.7299
15190	35.7299
15200	31.5087
15210	29.4349
15220	27.5241
15230	25.7246
15240	35.7246
15250	31.5942
15260	29.4565
15270	27.5
15280	25.7246
15290	35.7246
15300	31.5942
15310	29.4565
15320	27.499
15330	25.7515
15340	35.7515
15350	31.6041
15360	29.4265
15370	27.4194
15380	25.7689
15390	35.7689
15400	31.5652
15410	29.4031
15420	27.4286
15430	25.8198
15440	35.8198
15450	31.5524
15460	29.3341
15470	27.4021
15480	25.8363
15490	35.8363
15500	31.6135
15510	29.3637
15520	27.3939
15530	25.7597
15540	35.7597
15550	31.6254
15560	29.4346
15570	27.4205
15580	25.7597
15590	35.7597
15600	31.6254
15610	29.4346
15620	27.4187
15630	25.7759
15640	35.7759
15650	31.7031
15660	29.4386
15670	27.3333
15680	25.7544
15690	35.7544
15700	31.7193
15710	29.4386
15720	27.3333
15730	25.7581
15740	35.7581
15750	31.6955
15760	29.4628
15770	27.4216
15780	25.7491
15790	35.7491
15800	31.6286
15810	29.4051
15820	27.4275
15830	25.8132
15840	35.8131
15850	31.6263
15860	29.3451
15870	27.4181
15880	25.7655
15890	35.7655
15900	31.6207
15910	29.3793
15920	27.4836
15930	25.7305
15940	35.7305
15950	31.6227
15960	29.4158
15970	27.5601
15980	25.7028
15990	35.7028
16000	31.6309
16010	29.455
16020	27.5
16030	25.6849
16040	35.6849
16050	31.6438
16060	29.4863
16070	27.5
16080	25.6849
16090	35.6849
16100	31.6438
16110	29.4863
16120	27.5
16130	25.6849
16140	35.6849
16150	31.6438
16160	29.4888
16170	27.4688
16180	25.6722
16190	35.6722
16200	31.6724
16210	29.5563
16220	27.4411
16230	25.6752
16240	35.6752
16250	31.6061
16260	29.5238
16270	27.449
16280	25.7179
16290	35.7179
16300	31.5758
16310	29.5466
16320	27.5338
16330	25.7079
16340	35.7079
16350	31.4753
16360	29.5046
16370	27.5421
16380	25.7576
16390	35.7576
16400	31.4478
16410	29.4949
16420	27.5421
16430	25.7576
16440	35.7576
16450	31.4478
16460	29.4897
16470	27.5576
16480	25.8094
16490	35.8094
16500	31.4381
16510	29.398
16520	27.5251
16530	25.8194
16540	35.8194
16550	31.4381
16560	29.398
16570	27.5251
16580	25.8163
16590	35.8163
16600	31.4694
16610	29.3811
16620	27.4419
16630	25.8124
16640	35.8124
16650	31.5437
16660	29.44
16670	27.3841
16680	25.7947
16690	35.7947
16700	31.5563
16710	29.4702
16720	27.3841
16730	25.7947
16740	35.7947
16750	31.5563
16760	29.475
16770	27.3668
16780	25.7368
16790	35.7368
16800	31.5789
16810	29.5724
16820	27.4013
16830	25.7237
16840	35.7237
16850	31.5789
16860	29.5724
16870	27.4013
16880	25.7222
16890	35.7222
16900	31.5941
16910	29.5178
16920	27.377
16930	25.7362
16940	35.7362
16950	31.6544
16960	29.454
16970	27.3529
16980	25.7516
16990	35.7516
17000	31.7048
17010	29.4106
17020	27.3396
17030	25.7655
17040	35.7655
17050	31.759
17060	29.3859
17070	27.3541
17080	25.7506
17090	35.7506
17100	31.6828
17110	29.3851
17120	27.411
17130	25.7605
17140	35.7605
17150	31.6828
17160	29.3851
17170	27.411
17180	25.7605
17190	35.7605
17200	31.6828
17210	29.3851
17220	27.411
17230	25.764
17240	35.764
17250	31.7189
17260	29.3754
17270	27.4598
17280	25.7235
17290	35.7235
17300	31.7363
17310	29.3569
17320	27.4598
17330	25.7235
17340	35.7235
17350	31.7363
17360	29.3593
17370	27.4304
17380	25.7114
17390	35.7114
17400	31.7628
17410	29.4231
17420	27.4046
17430	25.7141
17440	35.7141
17450	31.7004
17460	29.393
17470	27.4121
17480	25.7493
17490	35.7493
17500	31.6506
17510	29.3722
17520	27.4204
17530	25.7996
17540	35.7996
17550	31.6599
17560	29.3536
17570	27.4684
17580	25.7595
17590	35.7595
17600	31.6772
17610	29.3354
17620	27.4684
17630	25.7595
17640	35.7595
17650	31.6772
17660	29.333
17670	27.4542
17680	25.796
17690	35.796
17700	31.6928
17710	29.3103
17720	27.3981
17730	25.7994
17740	35.7994
17750	31.6928
17760	29.3103
17770	27.3981
17780	25.7994
17790	35.7994
17800	31.6928
17810	29.3103
17820	27.3981
17830	25.8027
17840	35.8027
17850	31.7278
17860	29.3885
17870	27.4143
17880	25.7321
17890	35.7321
17900	31.7238
17910	29.4429
17920	27.4073
17930	25.6656
17940	35.6656
17950	31.7337
17960	29.5046
17970	27.4303
17980	25.6656
17990	35.6656
18000	31.7337
18010	29.5046
18020	27.4303
18030	25.6656
18040	35.6656
18050	31.7337
18060	29.5046
18070	27.4303
18080	25.6642
18090	35.6642
18100	31.6922
18110	29.4843
18120	27.4383
18130	25.7084
18140	35.7084
18150	31.6808
18160	29.5104
18170	27.3846
18180	25.6923
18190	35.6923
18200	31.6791
18210	29.5371
18220	27.4027
18230	25.7362
18240	35.7362
18250	31.6258
18260	29.5045
18270	27.4071
18280	25.7133
18290	35.7133
18300	31.6768
18310	29.4817
18320	27.439
18330	25.7012
18340	35.7012
18350	31.6768
18360	29.4817
18370	27.439
18380	25.6984
18390	35.6984
18400	31.65
18410	29.4115
18420	27.4242
18430	25.7576
18440	35.7576
18450	31.6667
18460	29.3939
18470	27.4242
18480	25.7576
18490	35.7576
18500	31.6718
18510	29.4109
18520	27.3815
18530	25.7402
18540	35.7402
18550	31.6918
18560	29.4584
18570	27.3833
18580	25.6987
18590	35.6987
18600	31.6867
18610	29.4879
18620	27.4398
18630	25.6928
18640	35.6928
18650	31.6867
18660	29.4879
18670	27.4398
18680	25.6974
18690	35.6974
18700	31.7065
18710	29.5282
18720	27.5075
18730	25.6456
18740	35.6456
18750	31.6817
18760	29.5195
18770	27.5075
18780	25.6456
18790	35.6456
18800	31.6867
18810	29.5362
18820	27.5429
18830	25.5988
18840	35.5988
18850	31.6766
18860	29.5531
18870	27.5863
18880	25.5581
18890	35.5581
18900	31.6716
18910	29.5821
18920	27.6425
18930	25.5609
18940	35.5609
18950	31.7059
18960	29.5238
18970	27.619
18980	25.5655
18990	35.5655
19000	31.7262
19010	29.5238
19020	27.619
19030	25.5655
19040	35.5655
19050	31.7262
19060	29.5238
19070	27.619
19080	25.5655
19090	35.5655
19100	31.736
19110	29.5094
19120	27.6413
19130	25.5325
19140	35.5325
19150	31.7751
19160	29.5014
19170	27.6469
19180	25.4819
19190	35.4819
19200	31.7941
19210	29.5882
19220	27.6772
19230	25.4792
19240	35.4792
19250	31.7367
19260	29.5601
19270	27.6833
19280	25.5132
19290	35.5132
19300	31.7302
19310	29.5601
19320	27.6833
19330	25.5176
19340	35.5176
19350	31.7491
19360	29.599
19370	27.7485
19380	25.4678
19390	35.4678
19400	31.73
19410	29.6068
19420	27.7826
19430	25.4227
19440	35.4227
19450	31.7201
19460	29.6165
19470	27.789
19480	25.4314
19490	35.4314
19500	31.7971
19510	29.6232
19520	27.7391
19530	25.4203
19540	35.4203
19550	31.7971
19560	29.6232
19570	27.7391
19580	25.4203
19590	35.4203
19600	31.7971
19610	29.6232
19620	27.7391
19630	25.4174
19640	35.4174
19650	31.7707
19660	29.5553
19670	27.7233
19680	25.4755
19690	35.4755
19700	31.7962
19710	29.5249
19720	27.6701
19730	25.4728
19740	35.4728
19750	31.8625
19760	29.5458
19770	27.6723
19780	25.461
19790	35.461
19800	31.7949
19810	29.5442
19820	27.7208
19830	25.4701
19840	35.4701
19850	31.7949
19860	29.5442
19870	27.7208
19880	25.4744
19890	35.4744
19900	31.8131
19910	29.5819
19920	27.7841
19930	25.4247
19940	35.4247
19950	31.8023
19960	29.6058
19970	27.7337
19980	25.4108
19990	35.4108
20000	31.8053
20010	29.646
20020	27.7828
20030	25.4085
20040	35.4085
20050	31.7465
20060	29.6358
20070	27.8135
20080	25.4351
20090	35.4351
20100	31.6854
20110	29.6067
20120	27.809
20130	25.4494
20140	35.4494
20150	31.6854
20160	29.6067
20170	27.809
20180	25.4481
20190	35.4481
20200	31.6979
20210	29.5598
20220	27.7871
20230	25.4608
20240	35.4608
20250	31.7491
20260	29.5051
20270	27.7654
20280	25.4749
20290	35.4749
20300	31.7923
20310	29.4682
20320	27.7533
20330	25.4875
20340	35.4875
20350	31.8384
20360	29.4429
20370	27.7437
20380	25.4875
20390	35.4875
20400	31.8384
20410	29.4429
20420	27.7444
20430	25.4956
20440	35.4956
20450	31.8701
20460	29.3889
20470	27.7222
20480	25.5
20490	35.5
20500	31.8889
20510	29.3889
20520	27.7222
20530	25.5028
20540	35.5028
20550	31.9188
20560	29.4575
20570	27.7348
20580	25.442
20590	35.442
20600	31.9106
20610	29.4906
20620	27.6954
20630	25.427
20640	35.427
20650	31.9284
20660	29.5337
20670	27.6607
20680	25.4173
20690	35.4173
20700	31.9506
20710	29.5879
20720	27.638
20730	25.4201
20740	35.4201
20750	31.9814
20760	29.5342
20770	27.6164
20780	25.4275
20790	35.4274
20800	32.0291
20810	29.5251
20820	27.6567
20830	25.3992
20840	35.3992
20850	32.0608
20860	29.5458
20870	27.7174
20880	25.3533
20890	35.3533
20900	32.0424
20910	29.5099
20920	27.7059
20930	25.3659
20940	35.3659
20950	32.0867
20960	29.479
20970	27.6987
20980	25.3834
20990	35.3834
21000	32.1351
21010	29.4324
21020	27.6757
21030	25.3784
21040	35.3784
21050	32.1351
21060	29.4324
21070	27.6757
21080	25.3771
21090	35.3771
21100	32.1467
21110	29.4631
21120	27.628
21130	25.3626
21140	35.3626
21150	32.1678
21160	29.4431
21170	27.6075
21180	25.3763
21190	35.3763
21200	32.2009
21210	29.4221
21220	27.6434
21230	25.3867
21240	35.3867
21250	32.1867
21260	29.3887
21270	27.6635
21280	25.4118
21290	35.4118
21300	32.1277
21310	29.3617
21320	27.6602
21330	25.4333
21340	35.4333
21350	32.0751
21360	29.3369
21370	27.6658
21380	25.4642
21390	35.4642
21400	32.069
21410	29.3369
21420	27.6658
21430	25.4669
21440	35.4669
21450	32.0971
21460	29.3288
21470	27.7045
21480	25.4354
21490	35.4354
21500	32.1192
21510	29.3019
21520	27.6558
21530	25.4331
21540	35.4331
21550	32.1785
21560	29.3118
21570	27.6399
21580	25.4499
21590	35.4499
21600	32.2251
21610	29.267
21620	27.6178
21630	25.445
21640	35.445
21650	32.2251
21660	29.267
21670	27.6178
21680	25.4464
21690	35.4464
21700	32.2636
21710	29.2893
21720	27.6104
21730	25.4013
21740	35.4013
21750	32.2501
21760	29.2819
21770	27.6166
21780	25.4404
21790	35.4404
21800	32.228
21810	29.2746
21820	27.6166
21830	25.4404
21840	35.4404
21850	32.228
21860	29.2786
21870	27.6027
21880	25.4554
21890	35.4554
21900	32.1907
21910	29.3041
21920	27.5773
21930	25.4639
21940	35.4639
21950	32.1907
21960	29.3041
21970	27.5773
21980	25.4627
21990	35.4627
22000	32.2018
22010	29.2617
22020	27.5578
22030	25.4731
22040	35.4731
22050	32.2124
22060	29.1959
22070	27.5448
22080	25.5243
22090	35.5243
22100	32.2291
22110	29.1963
22120	27.5086
22130	25.5102
22140	35.5102
22150	32.2449
22160	29.2367
22170	27.4767
22180	25.5009
22190	35.5009
22200	32.2646
22210	29.2875
22220	27.4561
22230	25.5035
22240	35.5035
22250	32.2141
22260	29.264
22270	27.4619
22280	25.533
22290	35.533
22300	32.2081
22310	29.264
22320	27.4619
22330	25.5368
22340	35.5368
22350	32.2241
22360	29.2983
22370	27.519
22380	25.4937
22390	35.4937
22400	32.2066
22410	29.3056
22420	27.4832
22430	25.4798
22440	35.4798
22450	32.2222
22460	29.3434
22470	27.4747
22480	25.4798
22490	35.4798
22500	32.2222
22510	29.3434
22520	27.4753
22530	25.487
22540	35.487
22550	32.1721
22560	29.3199
22570	27.4811
22580	25.514
22590	35.514
22600	32.1428
22610	29.2624
22620	27.4687
22630	25.5639
22640	35.5639
22650	32.1554
22660	29.2481
22670	27.4687
22680	25.5639
22690	35.5639
22700	32.1594
22710	29.2625
22720	27.4983
22730	25.525
22740	35.525
22750	32.15
22760	29.275
22770	27.525
22780	25.525
22790	35.525
22800	32.15
22810	29.275
22820	27.525
22830	25.525
22840	35.525
22850	32.15
22860	29.275
22870	27.525
22880	25.5238
22890	35.5238
22900	32.1608
22910	29.3038
22920	27.4813
22930	25.5112
22940	35.5112
22950	32.1696
22960	29.3267
22970	27.4813
22980	25.5112
22990	35.5112
23000	32.1736
23010	29.3409
23020	27.4461
23030	25.4975
23040	35.4975
23050	32.1891
23060	29.3819
23070	27.457
23080	25.4869
23090	35.4869
23100	32.1287
23110	29.3812
23120	27.4987
23130	25.5068
23140	35.5068
23150	32.1813
23160	29.3842
23170	27.4384
23180	25.494
23190	35.494
23200	32.1846
23210	29.4293
23220	27.4572
23230	25.4756
23240	35.4756
23250	32.1182
23260	29.4216
23270	27.4634
23280	25.5122
23290	35.5122
23300	32.0976
23310	29.4146
23320	27.4634
23330	25.5122
23340	35.5122
23350	32.0976
23360	29.4146
23370	27.4634
23380	25.5122
23390	35.5122
23400	32.0976
23410	29.4146
23420	27.4646
23430	25.4994
23440	35.4994
23450	32.1252
23460	29.3932
23470	27.5
23480	25.4854
23490	35.4854
23500	32.1359
23510	29.3932
23520	27.5
23530	25.4854
23540	35.4854
23550	32.1359
23560	29.3932
23570	27.5
23580	25.4854
23590	35.4854
23600	32.1359
23610	29.3932
23620	27.5
23630	25.4854
23640	35.4854
23650	32.1359
23660	29.3951
23670	27.5093
23680	25.4525
23690	35.4525
23700	32.1308
23710	29.4189
23720	27.5545
23730	25.4479
23740	35.4479
23750	32.1308
23760	29.4189
23770	27.5545
23780	25.4516
23790	35.4516
23800	32.146
23810	29.4513
23820	27.6087
23830	25.4095
23840	35.4095
23850	32.0926
23860	29.4285
23870	27.6145
23880	25.4458
23890	35.4458
23900	32.0761
23910	29.3968
23920	27.6043
23930	25.4567
23940	35.4567
23950	32.1154
23960	29.3787
23970	27.5834
23980	25.4156
23990	35.4156
24000	32.1292
24010	29.4498
24020	27.6077
24030	25.4067
24040	35.4067
24050	32.1292
24060	29.4498
24070	27.6077
24080	25.4067
24090	35.4067
24100	32.1292
24110	29.4498
24120	27.6077
24130	25.4103
24140	35.4103
24150	32.1442
24160	29.4817
24170	27.6611
24180	25.3699
24190	35.3699
24200	32.1241
24210	29.4749
24220	27.6611
24230	25.3699
24240	35.3699
24250	32.1241
24260	29.4749
24270	27.6611
24280	25.3699
24290	35.3699
24300	32.1241
24310	29.4749
24320	27.6622
24330	25.3578
24340	35.3578
24350	32.151
24360	29.4537
24370	27.696
24380	25.348
24390	35.348
24400	32.1763
24410	29.4854
24420	27.7488
24430	25.3069
24440	35.3069
24450	32.1664
24460	29.4393
24470	27.7305
24480	25.3192
24490	35.3191
24500	32.2023
24510	29.446
24520	27.7582
24530	25.283
24540	35.283
24550	32.1934
24560	29.4593
24570	27.7614
24580	25.2749
24590	35.2749
24600	32.2118
24610	29.5059
24620	27.7417
24630	25.2518
24640	35.2518
24650	32.2119
24660	29.5305
24670	27.7934
24680	25.2336
24690	35.2336
24700	32.2164
24710	29.4914
24720	27.7752
24730	25.2459
24740	35.2459
24750	32.2482
24760	29.4848
24770	27.7752
24780	25.2459
24790	35.2459
24800	32.2379
24810	29.4839
24820	27.7886
24830	25.2804
24840	35.2804
24850	32.1963
24860	29.4592
24870	27.7911
24880	25.3178
24890	35.3178
24900	32.186
24910	29.3953
24920	27.7657
24930	25.3302
24940	35.3302
24950	32.2095
24960	29.4432
24970	27.7262
24980	25.3109
24990	35.3109
25000	32.2237
25010	29.431
25020	27.6674
25030	25.3141
25040	35.3141
25050	32.2872
25060	29.5027
25070	27.6782
25080	25.2644
25090	35.2644
25100	32.2657
25110	29.5164
25120	27.6915
25130	25.2982
25140	35.2982
25150	32.2248
25160	29.4903
25170	27.6854
25180	25.3131
25190	35.3131
25200	32.2654
25210	29.4508
25220	27.6659
25230	25.3089
25240	35.3089
25250	32.2654
25260	29.4508
25270	27.6659
25280	25.3112
25290	35.3112
25300	32.2891
25310	29.4434
25320	27.6993
25330	25.2847
25340	35.2847
25350	32.3007
25360	29.4305
25370	27.6993
25380	25.2847
25390	35.2847
25400	32.3113
25410	29.4329
25420	27.6842
25430	25.2489
25440	35.2489
25450	32.3529
25460	29.457
25470	27.6923
25480	25.2489
25490	35.2489
25500	32.3529
25510	29.457
25520	27.6923
25530	25.2489
25540	35.2489
25550	32.3529
25560	29.457
25570	27.6923
25580	25.2511
25590	35.2511
25600	32.3761
25610	29.4497
25620	27.7252
25630	25.2241
25640	35.2241
25650	32.3562
25660	29.422
25670	27.7303
25680	25.2584
25690	35.2584
25700	32.3371
25710	29.4157
25720	27.7303
25730	25.2584
25740	35.2584
25750	32.3371
25760	29.4125
25770	27.7407
25780	25.2944
25790	35.2944
25800	32.3266
25810	29.3512
25820	27.7164
25830	25.3064
25840	35.3064
25850	32.349
25860	29.3973
25870	27.6786
25880	25.2924
25890	35.2924
25900	32.3667
25910	29.4525
25920	27.6889
25930	25.2478
25940	35.2478
25950	32.3692
25960	29.4963
25970	27.7384
25980	25.2106
25990	35.2106
26000	32.3503
26010	29.49
26020	27.7384
26030	25.2106
26040	35.2106
26050	32.3503
26060	29.4885
26070	27.757
26080	25.2167
26090	35.2167
26100	32.3348
26110	29.4493
26120	27.7736
26130	25.2247
26140	35.2247
26150	32.3567
26160	29.4945
26170	27.7363
26180	25.2077
26190	35.2077
26200	32.3212
26210	29.4799
26220	27.7412
26230	25.2445
26240	35.2445
26250	32.3161
26260	29.5029
26270	27.7899
26280	25.2079
26290	35.2079
26300	32.2976
26310	29.4967
26320	27.7899
26330	25.2079
26340	35.2079
26350	32.2976
26360	29.4984
26370	27.7699
26380	25.2005
26390	35.2005
26400	32.3144
26410	29.5415
26420	27.7511
26430	25.1965
26440	35.1965
26450	32.3144
26460	29.5415
26470	27.7511
26480	25.1998
26490	35.1998
26500	32.3278
26510	29.5704
26520	27.7996
26530	25.1623
26540	35.1623
26550	32.3183
26560	29.5279
26570	27.7826
26580	25.1739
26590	35.1739
26600	32.3448
26610	29.5108
26620	27.8112
26630	25.1836
26640	35.1836
26650	32.3326
26660	29.4833
26670	27.8268
26680	25.1547
26690	35.1547
26700	32.3276
26710	29.5043
26720	27.8669
26730	25.1574
26740	35.1574
26750	32.2845
26760	29.4839
26770	27.871
26780	25.1806
26790	35.1806
26800	32.2587
26810	29.4937
26820	27.8373
26830	25.2034
26840	35.2034
26850	32.2484
26860	29.5075
26870	27.8373
26880	25.2034
26890	35.2034
26900	32.2517
26910	29.5195
26920	27.8067
26930	25.1923
26940	35.1923
26950	32.265
26960	29.5465
26970	27.8009
26980	25.2064
26990	35.2064
27000	32.3028
27010	29.5096
27020	27.7809
27030	25.2068
27040	35.2068
27050	32.3241
27060	29.5532
27070	27.7447
27080	25.1904
27090	35.1904
27100	32.3279
27110	29.5177
27120	27.7282
27130	25.2006
27140	35.2006
27150	32.3654
27160	29.5357
27170	27.6907
27180	25.1907
27190	35.1907
27200	32.3667
27210	29.5325
27220	27.6941
27230	25.2321
27240	35.2321
27250	32.3629
27260	29.4937
27270	27.6793
27280	25.2321
27290	35.2321
27300	32.3629
27310	29.4937
27320	27.6793
27330	25.2321
27340	35.2321
27350	32.3629
27360	29.4937
27370	27.6793
27380	25.2331
27390	35.2331
27400	32.3553
27410	29.4728
27420	27.7149
27430	25.239
27440	35.239
27450	32.3277
27460	29.4648
27470	27.6827
27480	25.261
27490	35.261
27500	32.3206
27510	29.4899
27520	27.6531
27530	25.25
27540	35.25
27550	32.3333
27560	29.5208
27570	27.6458
27580	25.25
27590	35.25
27600	32.3333
27610	29.5208
27620	27.6468
27630	25.2623
27640	35.2623
27650	32.3145
27660	29.4606
27670	27.6349
27680	25.2925
27690	35.2925
27700	32.3078
27710	29.4745
27720	27.686
27730	25.2893
27740	35.2893
27750	32.2727
27760	29.4628
27770	27.686
27780	25.2893
27790	35.2893
27800	32.2792
27810	29.4861
27820	27.681
27830	25.2469
27840	35.2469
27850	32.284
27860	29.5267
27870	27.6955
27880	25.2469
27890	35.2469
27900	32.284
27910	29.5267
27920	27.6955
27930	25.2469
27940	35.2469
27950	32.284
27960	29.5267
27970	27.6955
27980	25.2459
27990	35.2459
28000	32.2925
28010	29.4925
28020	27.6797
28030	25.2546
28040	35.2546
28050	32.3005
28060	29.4963
28070	27.6483
28080	25.2761
28090	35.2761
28100	32.2904
28110	29.5092
28120	27.6483
28130	25.2761
28140	35.2761
28150	32.2904
28160	29.5092
28170	27.6483
28180	25.2761
28190	35.2761
28200	32.2904
28210	29.5092
28220	27.6467
28230	25.2801
28240	35.2801
28250	32.3108
28260	29.551
28270	27.6122
28280	25.2643
28290	35.2643
28300	32.3146
28310	29.5741
28320	27.5764
28330	25.2576
28340	35.2576
28350	32.3343
28360	29.6197
28370	27.622
28380	25.2236
28390	35.2236
28400	32.3202
28410	29.6252
28420	27.646
28430	25.1927
28440	35.1927
28450	32.3124
28460	29.6349
28470	27.6673
28480	25.1927
28490	35.1927
28500	32.3124
28510	29.6349
28520	27.6678
28530	25.1765
28540	35.1765
28550	32.3123
28560	29.6559
28570	27.7126
28580	25.1609
28590	35.1609
28600	32.316
28610	29.622
28620	27.697
28630	25.1707
28640	35.1707
28650	32.3154
28660	29.6025
28670	27.7016
28680	25.2016
28690	35.2016
28700	32.3015
28710	29.5759
28720	27.6932
28730	25.2113
28740	35.2113
28750	32.334
28760	29.5573
28770	27.6861
28780	25.2113
28790	35.2113
28800	32.334
28810	29.5573
28820	27.6871
28830	25.2012
28840	35.2012
28850	32.2938
28860	29.5591
28870	27.7355
28880	25.2104
28890	35.2104
28900	32.2846
28910	29.5591
28920	27.7355
28930	25.2084
28940	35.2084
28950	32.2652
28960	29.5682
28970	27.7046
28980	25.2295
28990	35.2295
29000	32.2586
29010	29.592
29020	27.7281
29030	25.1992
29040	35.1992
29050	32.251
29060	29.5971
29070	27.7507
29080	25.2124
29090	35.2123
29100	32.2863
29110	29.5626
29120	27.7341
29130	25.1929
29140	35.1929
29150	32.2863
29160	29.5833
29170	27.7778
29180	25.1815
29190	35.1815
29200	32.2939
29210	29.6096
29220	27.8218
29230	25.1515
29240	35.1515
29250	32.2893
29260	29.6301
29270	27.8656
29280	25.1186
29290	35.1186
29300	32.2639
29310	29.6237
29320	27.8769
29330	25.1479
29340	35.1479
29350	32.2288
29360	29.607
29370	27.8773
29380	25.1669
29390	35.1669
29400	32.185
29410	29.5866
29420	27.8749
29430	25.1675
29440	35.1675
29450	32.1461
29460	29.5882
29470	27.9216
29480	25.1745
29490	35.1745
29500	32.1184
29510	29.5969
29520	27.8906
29530	25.1943
29540	35.1943
29550	32.1176
29560	29.5766
29570	27.8752
29580	25.2047
29590	35.2047
29600	32.1473
29610	29.582
29620	27.8474
29630	25.1946
29640	35.1945
29650	32.1595
29660	29.6065
29670	27.842
29680	25.2074
29690	35.2074
29700	32.1942
29710	29.5728
29720	27.8257
29730	25.2097
29740	35.2097
29750	32.2156
29760	29.5349
29770	27.8101
29780	25.2122
29790	35.2122
29800	32.2019
29810	29.5219
29820	27.8143
29830	25.2398
29840	35.2398
29850	32.2019
29860	29.506
29870	27.7649
29880	25.2408
29890	35.2408
29900	32.2381
29910	29.5291
29920	27.7375
29930	25.2308
29940	35.2308
29950	32.25
29960	29.5534
29970	27.7324
29980	25.2434
29990	35.2434
30000	32.2841
30010	29.5202
30020	27.7159
30030	25.2399
30040	35.2399
30050	32.2841
30060	29.5202
30070	27.7159
30080	25.2399
30090	35.2399
30100	32.2841
30110	29.5202
30120	27.7159
30130	25.2399
30140	35.2399
30150	32.2841
30160	29.5202
30170	27.7159
30180	25.2399
30190	35.2399
30200	32.2841
30210	29.5202
30220	27.7159
30230	25.2399
30240	35.2399
30250	32.2841
30260	29.5216
30270	27.7233
30280	25.2583
30290	35.2583
30300	32.2414
30310	29.5019
30320	27.7193
30330	25.2776
30340	35.2776
30350	32.2817
30360	29.5038
30370	27.6718
30380	25.2662
30390	35.2662
30400	32.298
30410	29.4721
30420	27.6571
30430	25.2743
30440	35.2743
30450	32.3055
30460	29.4756
30470	27.6281
30480	25.2941
30490	35.2941
30500	32.296
30510	29.4877
30520	27.6281
30530	25.2941
30540	35.2941
30550	32.296
30560	29.4906
30570	27.6426
30580	25.2867
30590	35.2867
30600	32.2495
30610	29.4896
30620	27.6734
30630	25.2967
30640	35.2967
30650	32.2685
30660	29.5283
30670	27.6415
30680	25.2821
30690	35.2821
30700	32.2381
30710	29.5157
30720	27.646
30730	25.3126
30740	35.3126
30750	32.208
30760	29.5229
30770	27.6923
30780	25.3096
30790	35.3096
30800	32.1793
30810	29.5227
30820	27.7144
30830	25.2809
30840	35.2809
30850	32.1723
30860	29.5347
30870	27.7241
30880	25.2923
30890	35.2923
30900	32.1455
30910	29.5522
30920	27.7052
30930	25.2985
30940	35.2985
30950	32.1455
30960	29.5522
30970	27.7052
30980	25.2985
30990	35.2985
31000	32.1455
31010	29.5522
31020	27.7052
31030	25.2985
31040	35.2985
31050	32.1455
31060	29.5522
31070	27.7052
31080	25.2985
31090	35.2985
31100	32.1485
31110	29.5627
31120	27.7271
31130	25.27
31140	35.27
31150	32.1415
31160	29.5731
31170	27.7297
31180	25.2636
31190	35.2636
31200	32.1561
31210	29.6097
31220	27.7138
31230	25.2602
31240	35.2602
31250	32.1561
31260	29.6097
31270	27.7138
31280	25.2593
31290	35.2593
31300	32.164
31310	29.6305
31320	27.6809
31330	25.2495
31340	35.2495
31350	32.1785
31360	29.6164
31370	27.6667
31380	25.2593
31390	35.2593
31400	32.2066
31410	29.6215
31420	27.6885
31430	25.2311
31440	35.2311
31450	32.1996
31460	29.6331
31470	27.6982
31480	25.2424
31490	35.2424
31500	32.1731
31510	29.6501
31520	27.6804
31530	25.2393
31540	35.2393
31550	32.1367
31560	29.6514
31570	27.7248
31580	25.2468
31590	35.2468
31600	32.1362
31610	29.6719
31620	27.6923
31630	25.2381
31640	35.2381
31650	32.1429
31660	29.6886
31670	27.6923
31680	25.2381
31690	35.2381
31700	32.1376
31710	29.698
31720	27.677
31730	25.2555
31740	35.2555
31750	32.1168
31760	29.708
31770	27.6642
31780	25.2555
31790	35.2555
31800	32.1168
31810	29.708
31820	27.6647
31830	25.2609
31840	35.2609
31850	32.137
31860	29.6721
31870	27.6503
31880	25.2641
31890	35.2641
31900	32.1494
31910	29.6721
31920	27.6503
31930	25.2669
31940	35.2668
31950	32.1607
31960	29.6962
31970	27.6909
31980	25.2364
31990	35.2364
32000	32.1483
32010	29.672
32020	27.6833
32030	25.245
32040	35.245
32050	32.1779
32060	29.6552
32070	27.677
32080	25.245
32090	35.245
32100	32.1779
32110	29.6552
32120	27.676
32130	25.254
32140	35.254
32150	32.16
32160	29.6745
32170	27.6492
32180	25.2631
32190	35.2631
32200	32.1783
32210	29.6882
32220	27.6439
32230	25.2329
32240	35.2329
32250	32.2018
32260	29.7143
32270	27.6122
32280	25.2244
32290	35.2244
32300	32.2031
32310	29.7398
32320	27.5974
32330	25.2415
32340	35.2415
32350	32.1825
32360	29.7522
32370	27.5989
32380	25.2347
32390	35.2347
32400	32.139
32410	29.7504
32420	27.6297
32430	25.2459
32440	35.2459
32450	32.1036
32460	29.7331
32470	27.6335
32480	25.2669
32490	35.2669
32500	32.0996
32510	29.7331
32520	27.6335
32530	25.2652
32540	35.2652
32550	32.0828
32560	29.7408
32570	27.6064
32580	25.2837
32590	35.2837
32600	32.0773
32610	29.7616
32620	27.6273
32630	25.2566
32640	35.2566
32650	32.0708
32660	29.7659
32670	27.6476
32680	25.2683
32690	35.2683
32700	32.1025
32710	29.735
32720	27.6325
32730	25.265
32740	35.265
32750	32.1025
32760	29.735
32770	27.6325
32780	25.2677
32790	35.2677
32800	32.1135
32810	29.7582
32820	27.672
32830	25.2363
32840	35.2363
32850	32.082
32860	29.7606
32870	27.645
32880	25.2548
32890	35.2548
32900	32.0738
32910	29.7715
32920	27.645
32930	25.2548
32940	35.2548
32950	32.0738
32960	29.7676
32970	27.6466
32980	25.2664
32990	35.2664
33000	32.1053
33010	29.7368
33020	27.6324
33030	25.2735
33040	35.2735
33050	32.09
33060	29.6853
33070	27.6224
33080	25.2963
33090	35.2963
33100	32.0739
33110	29.6735
33120	27.6265
33130	25.322
33140	35.322
33150	32.0668
33160	29.688
33170	27.5958
33180	25.3136
33190	35.3136
33200	32.0787
33210	29.6953
33220	27.6092
33230	25.2951
33240	35.2951
33250	32.1007
33260	29.6888
33270	27.6283
33280	25.3117
33290	35.3117
33300	32.0624
33310	29.6707
33320	27.6252
33330	25.3152
33340	35.3152
33350	32.0995
33360	29.6897
33370	27.6207
33380	25.2923
33390	35.2923
33400	32.0798
33410	29.678
33420	27.6248
33430	25.3184
33440	35.3184
33450	32.0654
33460	29.673
33470	27.6248
33480	25.3184
33490	35.3184
33500	32.0681
33510	29.6825
33520	27.6004
33530	25.3093
33540	35.3093
33550	32.079
33560	29.7092
33570	27.6012
33580	25.3256
33590	35.3256
33600	32.0412
33610	29.6913
33620	27.5977
33630	25.324
33640	35.324
33650	32.0589
33660	29.7436
33670	27.6068
33680	25.2991
33690	35.2991
33700	32.0513
33710	29.7436
33720	27.6068
33730	25.2975
33740	35.2975
33750	32.0352
33760	29.751
33770	27.5809
33780	25.3152
33790	35.3152
33800	32.03
33810	29.7709
33820	27.5569
33830	25.3061
33840	35.3061
33850	32.0408
33860	29.7972
33870	27.5577
33880	25.3223
33890	35.3223
33900	32.0034
33910	29.7793
33920	27.5556
33930	25.336
33940	35.336
33950	32.0224
33960	29.7458
33970	27.5424
33980	25.3382
33990	35.3382
34000	32.0107
34010	29.7342
34020	27.5465
34030	25.3655
34040	35.3655
34050	32.0146
34060	29.7232
34070	27.5717
34080	25.3457
34090	35.3457
34100	32.0236
34110	29.7133
34120	27.5717
34130	25.3457
34140	35.3457
34150	32.0236
34160	29.712
34170	27.5862
34180	25.35
34190	35.35
34200	32.0134
34210	29.6812
34220	27.5998
34230	25.3421
34240	35.3421
34250	32.0308
34260	29.7324
34270	27.6087
34280	25.3169
34290	35.3169
34300	32.0005
34310	29.7211
34320	27.6127
34330	25.3406
34340	35.3406
34350	32.001
34360	29.7068
34370	27.5707
34380	25.3411
34390	35.3411
34400	32.0326
34410	29.7263
34420	27.5472
34430	25.3322
34440	35.3322
34450	32.0432
34460	29.7507
34470	27.5409
34480	25.3308
34490	35.3308
34500	32.0462
34510	29.7525
34520	27.5417
34530	25.3349
34540	35.3349
34550	32.0646
34560	29.7199
34570	27.5288
34580	25.3377
34590	35.3377
34600	32.0758
34610	29.7199
34620	27.5288
34630	25.3377
34640	35.3377
34650	32.0758
34660	29.7199
34670	27.5288
34680	25.3377
34690	35.3377
34700	32.0758
34710	29.7199
34720	27.5288
34730	25.3377
34740	35.3377
34750	32.0758
34760	29.7162
34770	27.5303
34780	25.3484
34790	35.3484
34800	32.1053
34810	29.6875
34820	27.516
34830	25.3581
34840	35.3581
34850	32.1075
34860	29.6727
34870	27.4795
34880	25.3707
34890	35.3707
34900	32.1216
34910	29.6943
34920	27.5163
34930	25.3431
34940	35.3431
34950	32.1078
34960	29.6895
34970	27.5163
34980	25.3431
34990	35.3431
35000	32.1058
35010	29.6809
35020	27.5386
35030	25.3496
35040	35.3496
35050	32.0976
35060	29.6597
35070	27.5299
35080	25.3439
35090	35.3439
35100	32.1104
35110	29.6916
35120	27.515
35130	25.344
35140	35.344
35150	32.1268
35160	29.7245
35170	27.4878
35180	25.3315
35190	35.3315
35200	32.1301
35210	29.6973
35220	27.4757
35230	25.3398
35240	35.3398
35250	32.1521
35260	29.6926
35270	27.4757
35280	25.3398
35290	35.3398
35300	32.1547
35310	29.7016
35320	27.453
35330	25.3312
35340	35.3312
35350	32.1648
35360	29.7278
35370	27.4602
35380	25.3248
35390	35.3248
35400	32.1256
35410	29.7262
35420	27.4867
35430	25.3332
35440	35.3332
35450	32.1419
35460	29.7588
35470	27.4598
35480	25.3208
35490	35.3208
35500	32.1451
35510	29.7768
35520	27.4318
35530	25.3114
35540	35.3115
35550	32.1357
35560	29.7535
35570	27.424
35580	25.344
35590	35.344
35600	32.1465
35610	29.7529
35620	27.4016
35630	25.3355
35640	35.3355
35650	32.1565
35660	29.7775
35670	27.4025
35680	25.3506
35690	35.3506
35700	32.1212
35710	29.7608
35720	27.3991
35730	25.3619
35740	35.3619
35750	32.1373
35760	29.793
35770	27.3726
35780	25.3488
35790	35.3488
35800	32.1188
35810	29.7999
35820	27.3492
35830	25.3667
35840	35.3667
35850	32.0994
35860	29.8196
35870	27.3892
35880	25.3639
35890	35.3639
35900	32.0753
35910	29.8188
35920	27.3671
35930	25.3555
35940	35.3555
35950	32.0853
35960	29.842
35970	27.3618
35980	25.3555
35990	35.3555
36000	32.0853
