10	5
20	5
30	5
40	5
50	5
60	5
70	7.5
80	12.5
90	15
100	25
110	20
120	15
130	15
140	25
150	18.6667
160	16.6667
170	13.3333
180	16.6667
190	16.6667
200	13.5
210	23.5
220	20
230	15
240	15
250	14.875
260	24.875
270	22.25
280	21
290	23.5
300	33.5
310	32.25
320	31.1667
330	29.9306
340	29.1389
350	25.5556
360	22.2222
370	23.3333
380	23.2667
390	23.6333
400	33.6333
410	31.6333
420	31.4333
430	29.4333
440	27.4333
450	26
460	36
470	34
480	28
490	24
500	25
510	23.3636
520	33.3636
530	32.4545
540	31.5455
550	30.4545
560	29.5152
570	39.5152
580	35.803
590	28.5
600	25.1667
610	25
620	25
630	25
640	35
650	33.3333
660	30
670	26.6667
680	24.8718
690	25.1795
700	25.7436
710	35.7436
720	34.6154
730	32.3077
740	28.5231
750	22.8308
760	23.0359
770	33.0359
780	33.0359
790	33.0359
800	29.7859
810	27.5333
820	24.7
830	34.7
840	32.5
850	26.875
860	24.3934
870	26.3272
880	36.3272
890	34.2831
900	29.4118
910	24.7059
920	25.8726
930	35.8726
940	34.3562
950	30.1242
960	23.8889
970	25.5556
980	35.5556
990	34.4444
1000	30.5556
1010	23.8889
1020	25.5556
1030	35.5556
1040	34.5778
1050	30.3333
1060	23.2333
1070	25.5
1080	35.5
1090	33.5
1100	29.5
1110	25.5
1120	26.5
1130	26
1140	25.5
1150	35.5
1160	33.5
1170	29.5
1180	25.5
1190	26.5
1200	26
1210	25.5
1220	35.5
1230	33.5
1240	29.5
1250	25.5
1260	26.5
1270	26
1280	25.4929
1290	35.4929
1300	32.8595
1310	29.3429
1320	25.7143
1330	25.7143
1340	25.7143
1350	25.7143
1360	35.7143
1370	32.381
1380	29.0476
1390	25.7143
1400	25.7143
1410	25.7143
1420	25.7143
1430	35.7143
1440	32.381
1450	29.0476
1460	25.7489
1470	25.961
1480	26.4545
1490	23.6364
1500	33.6364
1510	30.9091
1520	30
1530	27.2727
1540	26.3636
1550	36.3636
1560	30.4545
1570	27.7273
1580	26.7121
1590	27.25
1600	25.1591
1610	23.3333
1620	25
1630	26.25
1640	25.8494
1650	24.4295
1660	34.4295
1670	32.266
1680	28.8462
1690	28.0769
1700	26.5247
1710	36.5247
1720	31.5577
1730	29.4615
1740	25.3571
1750	26.45
1760	36.45
1770	31.8929
1780	29.8762
1790	26.3333
1800	26.3333
1810	36.3333
1820	31.3333
1830	29.6667
1840	26.3333
1850	26.3333
1860	36.3333
1870	31.3333
1880	29.725
1890	26.1875
1900	25.7375
1910	35.7375
1920	31.5625
1930	30.3125
1940	27.1213
1950	25.9522
1960	25.0993
1970	24.4118
1980	25
1990	25.5882
2000	25
2010	24.4118
2020	25
2030	25.5882
2040	25
2050	24.4118
2060	25
2070	25.5882
2080	25
2090	24.4118
2100	25
2110	25.5882
2120	24.916
2130	24.4336
2140	25.1832
2150	26
2160	24.5714
2170	24.2857
2180	25.1683
2190	26.1143
2200	24.8762
2210	23.8889
2220	25
2230	26.1111
2240	25.03
2250	24.024
2260	24.6306
2270	25.9459
2280	25.1351
2290	24.3243
2300	24.6202
2310	26.0512
2320	24.7795
2330	24.2105
2340	24.7368
2350	26.3158
2360	24.7947
2370	24.1026
2380	24.9132
2390	26
2400	25
2410	24
2420	25
2430	26
2440	25
2450	24
2460	25
2470	26
2480	25.0524
2490	23.9024
2500	25.1595
2510	25.7143
2520	25.2381
2530	23.8095
2540	25.1861
2550	25.8139
2560	25.6234
2570	23.8636
2580	24.7727
2590	25.6818
2600	25.6818
2610	23.8636
2620	24.7727
2630	25.6818
2640	25.6818
2650	23.8636
2660	24.704
2670	25.6838
2680	25.8172
2690	24.2222
2700	24.4444
2710	25.5556
2720	25.7121
2730	24.2444
2740	24.5942
2750	25.8696
2760	25.4348
2770	24.1304
2780	24.5856
2790	25.9547
2800	25.6531
2810	23.8298
2820	24.4681
2830	25.9574
2840	25.766
2850	23.6463
2860	24.4016
2870	26.0417
2880	26.0417
2890	23.5417
2900	24.4117
2910	25.915
2920	25.675
2930	23.6
2940	24.8
2950	26
2960	25.6
2970	23.6
2980	24.8
2990	26
3000	25.6
3010	23.6
3020	24.8173
3030	25.8031
3040	25.5255
3050	23.7255
3060	25.098
3070	25.6863
3080	25.5287
3090	23.6552
3100	24.7703
3110	25.6604
3120	25.8491
3130	23.7736
3140	24.717
3150	25.6604
3160	25.8491
3170	23.7736
3180	24.717
3190	25.6604
3200	25.8491
3210	23.7736
3220	24.717
3230	25.6604
3240	25.8491
3250	23.7736
3260	24.717
3270	25.6604
3280	25.8491
3290	23.7736
3300	24.717
3310	25.6604
3320	25.7932
3330	23.7959
3340	24.84
3350	25.9259
3360	25.5556
3370	23.7037
3380	24.831
3390	25.9987
3400	25.7414
3410	23.4545
3420	24.7273
3430	26
3440	25.8539
3450	23.3965
3460	24.8529
3470	25.7895
3480	25.9649
3490	23.3333
3500	24.8578
3510	25.7901
3520	26.0672
3530	23.6207
3540	24.6552
3550	25.6897
3560	25.983
3570	23.6429
3580	24.7686
3590	25.9322
3600	25.7627
3610	23.5593
3620	24.7605
3630	25.765
3640	25.6972
3650	23.6667
3660	25
3670	25.6667
3680	25.6831
3690	23.7519
3700	25.1705
3710	25.4098
3720	25.5738
3730	23.7705
3740	25.2597
3750	25.4791
3760	25.7382
3770	23.5484
3780	25.1613
3790	25.4839
3800	25.8218
3810	23.6318
3820	25.3246
3830	25.2381
3840	25.7143
3850	23.6508
3860	25.3968
3870	25.2381
3880	25.7143
3890	23.6508
3900	25.3968
3910	25.2381
3920	25.7143
3930	23.6508
3940	25.3968
3950	25.2381
3960	25.7143
3970	23.6508
3980	25.3968
3990	25.2381
4000	25.7143
4010	23.6508
4020	25.3968
4030	25.2381
4040	25.7143
4050	23.6508
4060	25.3968
4070	25.2381
4080	25.7143
4090	23.6508
4100	25.3968
4110	25.2381
4120	25.7143
4130	23.6508
4140	25.3968
4150	25.2381
4160	25.7292
4170	23.7316
4180	25.1801
4190	25.1562
4200	25.7812
4210	23.9062
4220	25.1082
4230	25.162
4240	25.8736
4250	24.1538
4260	24.9231
4270	25.0769
4280	25.8462
4290	24.1538
4300	24.9231
4310	25.0769
4320	25.8462
4330	24.1538
4340	24.9231
4350	25.0769
4360	25.8462
4370	24.1538
4380	24.9231
4390	25.0769
4400	25.7995
4410	24.1692
4420	25.0224
4430	25.303
4440	25.6061
4450	24.0909
4460	25
4470	25.303
4480	25.6061
4490	24.0909
4500	25
4510	25.303
4520	25.6061
4530	24.0909
4540	25
4550	25.303
4560	25.6061
4570	24.0909
4580	25
4590	25.303
4600	25.6061
4610	24.0909
4620	25
4630	25.303
4640	25.6346
4650	24.0321
4660	25.1016
4670	25.1471
4680	25.7353
4690	23.9706
4700	25.1471
4710	25.1471
4720	25.7353
4730	23.9706
4740	25.1471
4750	25.1471
4760	25.7187
4770	24.128
4780	25.1901
4790	25.0704
4800	25.493
4810	24.2254
4820	25.236
4830	25.0006
4840	25.2518
4850	24.2466
4860	25.4795
4870	25.0685
4880	25.2188
4890	24.3117
4900	25.6157
4910	24.8649
4920	25.1351
4930	24.3243
4940	25.6574
4950	24.8122
4960	25.3099
4970	24.4156
4980	25.5844
4990	24.6753
5000	25.3367
5010	24.4765
5020	25.4056
5030	24.6154
5040	25.3846
5050	24.6154
5060	25.3846
5070	24.6154
5080	25.3846
5090	24.6154
5100	25.3846
5110	24.6154
5120	25.3963
5130	24.6748
5140	25.2103
5150	24.557
5160	25.443
5170	24.8101
5180	25.2136
5190	24.4998
5200	25.2246
5210	24.8148
5220	25.4321
5230	24.5679
5240	25.2078
5250	24.7562
5260	25.5091
5270	24.4578
5280	25.3012
5290	24.6988
5300	25.5276
5310	24.4158
5320	25.4508
5330	24.7674
5340	25.4651
5350	24.3023
5360	25.4397
5370	24.8272
5380	25.379
5390	24.4318
5400	25.3409
5410	24.8864
5420	25.3516
5430	24.4854
5440	25.1862
5450	24.8315
5460	25.3933
5470	24.6067
5480	25.1685
5490	24.8315
5500	25.3933
5510	24.6067
5520	25.1685
5530	24.8315
5540	25.3933
5550	24.6067
5560	25.1685
5570	24.8315
5580	25.3933
5590	24.6067
5600	25.1685
5610	24.8315
5620	25.3933
5630	24.6067
5640	25.1685
5650	24.8315
5660	25.3933
5670	24.6067
5680	25.1685
5690	24.8315
5700	25.3933
5710	24.6067
5720	25.1685
5730	24.8315
5740	25.3933
5750	24.6067
5760	25.1685
5770	24.8315
5780	25.3933
5790	24.6067
5800	25.1685
5810	24.8315
5820	25.3933
5830	24.6067
5840	25.179
5850	24.8821
5860	25.5069
5870	24.4444
5880	25.1111
5890	24.8889
5900	25.5324
5910	24.5058
5920	25.2942
5930	24.8913
5940	25.3261
5950	24.4565
5960	25.303
5970	24.7969
5980	25.3538
5990	24.6809
6000	25.3191
6010	24.6809
6020	25.329
6030	24.7299
6040	25.1747
6050	24.6316
6060	25.3684
6070	24.8421
6080	25.1779
6090	24.7275
6100	25.3315
6110	24.6392
6120	25.1546
6130	24.8454
6140	25.3608
6150	24.6392
6160	25.1546
6170	24.8454
6180	25.3608
6190	24.6392
6200	25.1546
6210	24.8454
6220	25.3608
6230	24.6392
6240	25.1546
6250	24.8454
6260	25.3297
6270	24.6463
6280	25.2199
6290	25
6300	25.2041
6310	24.5918
6320	25.2229
6330	24.9502
6340	25.2718
6350	24.5
6360	25.3
6370	24.9
6380	25.2796
6390	24.5537
6400	25.462
6410	24.902
6420	25.098
6430	24.5098
6440	25.5075
6450	24.856
6460	24.9344
6470	24.5192
6480	25.6731
6490	24.9038
6500	24.9038
6510	24.5192
6520	25.6731
6530	24.9038
6540	24.9038
6550	24.5192
6560	25.6815
6570	24.9482
6580	25.0053
6590	24.381
6600	25.6191
6610	24.9524
6620	25.0661
6630	24.4692
6640	25.5813
6650	24.7664
6660	25.0467
6670	24.5794
6680	25.5872
6690	24.6873
6700	25.0747
6710	24.7706
6720	25.5963
6730	24.5872
6740	25.0545
6750	24.6847
6760	25.5605
6770	24.6364
6780	25.1818
6790	24.6364
6800	25.5536
6810	24.5528
6820	25.1494
6830	24.6847
6840	25.6757
6850	24.5045
6860	25.1435
6870	24.7257
6880	25.765
6890	24.375
6900	25.0893
6910	24.7321
6920	25.8115
6930	24.2944
6940	25.058
6950	24.7788
6960	25.9292
6970	24.2478
6980	25.0603
6990	24.7355
7000	25.7696
7010	24.2609
7020	25.2174
7030	24.7826
7040	25.7469
7050	24.3033
7060	25.3066
7070	24.6552
7080	25.6897
7090	24.3103
7100	25.3448
7110	24.6552
7120	25.6897
7130	24.3103
7140	25.3448
7150	24.6552
7160	25.6897
7170	24.3103
7180	25.3448
7190	24.6552
7200	25.6897
7210	24.3103
7220	25.3183
7230	24.6606
7240	25.7411
7250	24.4444
7260	25.2137
7270	24.6154
7280	25.7001
7290	24.4515
7300	25.2677
7310	24.7458
7320	25.5932
7330	24.4068
7340	25.2542
7350	24.7458
7360	25.5932
7370	24.4068
7380	25.2542
7390	24.7458
7400	25.5932
7410	24.4068
7420	25.2542
7430	24.7458
7440	25.5932
7450	24.4068
7460	25.2283
7470	24.7507
7480	25.6444
7490	24.5378
7500	25.1261
7510	24.7059
7520	25.6303
7530	24.5378
7540	25.1261
7550	24.7059
7560	25.6303
7570	24.5378
7580	25.1339
7590	24.7441
7600	25.5139
7610	24.5
7620	25.1667
7630	24.8333
7640	25.5077
7650	24.5395
7660	25.0541
7670	24.7934
7680	25.5372
7690	24.6281
7700	25.0413
7710	24.7934
7720	25.5372
7730	24.6281
7740	25.0413
7750	24.7934
7760	25.5372
7770	24.6281
7780	25.0413
7790	24.7934
7800	25.5372
7810	24.6281
7820	25.0492
7830	24.7159
7840	25.5052
7850	24.6721
7860	25.1639
7870	24.6721
7880	25.4918
7890	24.6721
7900	25.1639
7910	24.6721
7920	25.4918
7930	24.6721
7940	25.147
7950	24.7144
7960	25.4294
7970	24.7581
7980	25.0806
7990	24.7581
8000	25.4107
8010	24.6834
8020	25.0524
8030	24.8
8040	25.52
8050	24.64
8060	25.0476
8070	24.8361
8080	25.4098
8090	24.6032
8100	25.0794
8110	24.9206
8120	25.388
8130	24.6822
8140	25.1052
8150	24.8837
8160	25.2713
8170	24.7287
8180	25.1237
8190	24.9187
8200	25.166
8210	24.6923
8220	25.1538
8230	25
8240	25.1538
8250	24.6923
8260	25.1538
8270	25
8280	25.1538
8290	24.6923
8300	25.138
8310	25.038
8320	25.2814
8330	24.697
8340	25
8350	25
8360	25.3103
8370	24.7322
8380	25.0789
8390	24.8872
8400	25.2632
8410	24.7368
8420	25.1128
8430	24.8872
8440	25.2632
8450	24.7368
8460	25.1128
8470	24.8872
8480	25.2703
8490	24.667
8500	25.0861
8510	24.9254
8520	25.3731
8530	24.6269
8540	25.0817
8550	24.9588
8560	25.449
8570	24.5185
8580	25.037
8590	24.963
8600	25.4885
8610	24.4508
8620	25.0111
8630	25
8640	25.5882
8650	24.4118
8660	25
8670	25
8680	25.5882
8690	24.4118
8700	25
8710	25
8720	25.5659
8730	24.418
8740	25.0474
8750	25.1095
8760	25.4745
8770	24.3796
8780	25.0433
8790	25.04
8800	25.4468
8810	24.4203
8820	25.1449
8830	25
8840	25.4348
8850	24.4203
8860	25.1449
8870	25
8880	25.4348
8890	24.4203
8900	25.1363
8910	24.9676
8920	25.5245
8930	24.4681
8940	25.1064
8950	24.8936
8960	25.5103
8970	24.4738
8980	25.1516
8990	25
9000	25.4225
9010	24.4366
9020	25.1473
9030	25.0313
9040	25.3262
9050	24.4056
9060	25.1748
9070	25.1049
9080	25.3147
9090	24.4056
9100	25.1748
9110	25.1049
9120	25.3147
9130	24.4056
9140	25.1535
9150	25.108
9160	25.3586
9170	24.5139
9180	25.0694
9190	25.0694
9200	25.3472
9210	24.5139
9220	25.0694
9230	25.0694
9240	25.3472
9250	24.5139
9260	25.076
9270	25.1001
9280	25.4181
9290	24.4138
9300	25.0345
9310	25.1034
9320	25.4342
9330	24.357
9340	25.0543
9350	25.2381
9360	25.4422
9370	24.2857
9380	25.0196
9390	25.2697
9400	25.3916
9410	24.3624
9420	24.9664
9430	25.302
9440	25.3491
9450	24.3681
9460	25.0097
9470	25.4
9480	25.2667
9490	24.3333
9500	25.0123
9510	25.3644
9520	25.1532
9530	24.3421
9540	25.1316
9550	25.3947
9560	25.1256
9570	24.3189
9580	25.0605
9590	25.4839
9600	25.1613
9610	24.3226
9620	25.0441
9630	25.4491
9640	25.2054
9650	24.2675
9660	25.0955
9670	25.414
9680	25.2106
9690	24.2154
9700	25.1126
9710	25.5346
9720	25.2201
9730	24.1509
9740	25.1
9750	25.5612
9760	25.1354
9770	24.125
9780	25.125
9790	25.625
9800	25.1315
9810	24.1554
9820	25.189
9830	25.5279
9840	25.0932
9850	24.1615
9860	25.1982
9870	25.5297
9880	25.1336
9890	24.2593
9900	25.1235
9910	25.4938
9920	25.1298
9930	24.2031
9940	25.1009
9950	25.5215
9960	25.2147
9970	24.1718
9980	25.0976
9990	25.4621
10000	25.193
10010	24.2073
10020	25.1829
10030	25.4268
10040	25.1829
10050	24.2073
10060	25.1829
10070	25.4268
10080	25.1829
10090	24.2073
10100	25.1884
10110	25.3681
10120	25.1615
10130	24.2424
10140	25.2727
10150	25.3333
10160	25.1515
10170	24.2424
10180	25.2727
10190	25.3333
10200	25.1515
10210	24.2424
10220	25.2727
10230	25.3333
10240	25.1515
10250	24.2424
10260	25.2727
10270	25.3333
10280	25.1398
10290	24.1926
10300	25.2873
10310	25.4491
10320	25.1497
10330	24.1317
10340	25.2747
10350	25.3915
10360	25.1289
10370	24.1667
10380	25.3571
10390	25.3571
10400	25.1076
10410	24.2003
10420	25.4529
10430	25.3529
10440	25
10450	24.1765
10460	25.4575
10470	25.381
10480	25.1003
10490	24.186
10500	25.3488
10510	25.3488
10520	25.1222
10530	24.2141
10540	25.2688
10550	25.3179
10560	25.1445
10570	24.2775
10580	25.2601
10590	25.3179
10600	25.1445
10610	24.2775
10620	25.2601
10630	25.3179
10640	25.1561
10650	24.2526
10660	25.1599
10670	25.3143
10680	25.2571
10690	24.2857
10700	25.1481
10710	25.339
10720	25.1798
10730	24.2614
10740	25.1705
10750	25.3977
10760	25.1595
10770	24.2933
10780	25.1288
10790	25.4494
10800	25.1124
10810	24.3258
10820	25.1124
10830	25.4494
10840	25.1124
10850	24.3258
10860	25.1124
10870	25.4494
10880	25.1181
10890	24.3527
10900	25.1701
10910	25.3631
10920	25.0838
10930	24.3575
10940	25.2006
10950	25.3873
10960	25.1423
10970	24.2778
10980	25.1667
10990	25.3889
11000	25.1559
11010	24.3089
11020	25.126
11030	25.4396
11040	25.1099
11050	24.3407
11060	25.0931
11070	25.4412
11080	25.1454
11090	24.4262
11100	25.0273
11110	25.4098
11120	25.1422
11130	24.4522
11140	25.0839
11150	25.3261
11160	25.1087
11170	24.4565
11180	25.1023
11190	25.3746
11200	25.1272
11210	24.4385
11220	25.0267
11230	25.4011
11240	25.1446
11250	24.4149
11260	25.0629
11270	25.3439
11280	25.1852
11290	24.3915
11300	25.0843
11310	25.3668
11320	25.2401
11330	24.3158
11340	25.0526
11350	25.3684
11360	25.2632
11370	24.3158
11380	25.0526
11390	25.3684
11400	25.2632
11410	24.3158
11420	25.0575
11430	25.391
11440	25.1918
11450	24.2932
11460	25.0785
11470	25.445
11480	25.1678
11490	24.2976
11500	25.1117
11510	25.5208
11520	25.1042
11530	24.2708
11540	25.1089
11550	25.543
11560	25.1587
11570	24.1969
11580	25.0777
11590	25.544
11600	25.1813
11610	24.1969
11620	25.0777
11630	25.544
11640	25.1813
11650	24.1969
11660	25.0824
11670	25.5659
11680	25.2353
11690	24.1237
11700	25.0515
11710	25.567
11720	25.2682
11730	24.174
11740	25.0349
11750	25.4592
11760	25.2551
11770	24.2347
11780	25.0401
11790	25.4822
11800	25.3399
11810	24.2424
11820	24.9495
11830	25.4545
11840	25.3385
11850	24.2469
11860	24.982
11870	25.5276
11880	25.2764
11890	24.2211
11900	24.9841
11910	25.5001
11920	25.31
11930	24.1791
11940	25.0249
11950	25.4726
11960	25.3234
11970	24.1791
11980	25.0249
11990	25.4726
12000	25.3234
12010	24.1791
12020	25.0249
12030	25.4726
12040	25.3234
12050	24.1791
12060	25.0249
12070	25.4726
12080	25.3137
12090	24.1389
12100	25.0387
12110	25.5665
12120	25.3202
12130	24.0887
12140	25.0291
12150	25.5185
12160	25.3024
12170	24.1176
12180	25.098
12190	25.4902
12200	25.2796
12210	24.1222
12220	25.129
12230	25.561
12240	25.2195
12250	24.0976
12260	25.1306
12270	25.5343
12280	25.2528
12290	24.058
12300	25.1691
12310	25.5072
12320	25.2514
12330	24.0625
12340	25.1993
12350	25.5769
12360	25.1923
12370	24.0385
12380	25.2007
12390	25.6174
12400	25.1778
12410	23.9524
12420	25.1905
12430	25.6667
12440	25.1865
12450	23.938
12460	25.2502
12470	25.6808
12480	25.1643
12490	23.8967
12500	25.2436
12510	25.6818
12520	25.1948
12530	23.972
12540	25.1869
12550	25.6542
12560	25.1918
12570	23.93
12580	25.1694
12590	25.6744
12600	25.2558
12610	23.907
12620	25.1628
12630	25.6744
12640	25.2558
12650	23.907
12660	25.1628
12670	25.6744
12680	25.2558
12690	23.907
12700	25.1628
12710	25.6744
12720	25.2558
12730	23.907
12740	25.1668
12750	25.6938
12760	25.1931
12770	23.8889
12780	25.1852
12790	25.7407
12800	25.19
12810	23.912
12820	25.2323
12830	25.6682
12840	25.1613
12850	23.9171
12860	25.2574
12870	25.6876
12880	25.0995
12890	23.8991
12900	25.2752
12910	25.7339
12920	25.0917
12930	23.8991
12940	25.2752
12950	25.7339
12960	25.0917
12970	23.8991
12980	25.2609
12990	25.7349
13000	25.1218
13010	23.9726
13020	25.2055
13030	25.7078
13040	25.1056
13050	23.9994
13060	25.2799
13070	25.7014
13080	25.0226
13090	23.9819
13100	25.28
13110	25.7024
13120	25.0525
13130	24.0541
13140	25.2252
13150	25.6757
13160	25.045
13170	24.0541
13180	25.2252
13190	25.6757
13200	25.045
13210	24.0541
13220	25.2252
13230	25.6757
13240	25.045
13250	24.0541
13260	25.2252
13270	25.6757
13280	25.045
13290	24.0541
13300	25.2252
13310	25.6757
13320	25.045
13330	24.0541
13340	25.2292
13350	25.6318
13360	25.0298
13370	24.0807
13380	25.2915
13390	25.6054
13400	25.0271
13410	24.1025
13420	25.3368
13430	25.5357
13440	25
13450	24.1071
13460	25.3472
13470	25.4942
13480	25.0145
13490	24.2035
13500	25.354
13510	25.4425
13520	25.0046
13530	24.1631
13540	25.3369
13550	25.4626
13560	25.0661
13570	24.141
13580	25.3304
13590	25.4626
13600	25.0661
13610	24.141
13620	25.3304
13630	25.4626
13640	25.0706
13650	24.1623
13660	25.3749
13670	25.3947
13680	25.0439
13690	24.1667
13700	25.3986
13710	25.3527
13720	25.029
13730	24.1921
13740	25.4585
13750	25.3275
13760	25.0352
13770	24.1941
13780	25.4248
13790	25.2586
13800	25.0862
13810	24.2241
13820	25.4176
13830	25.2605
13840	25.1143
13850	24.2918
13860	25.3648
13870	25.236
13880	25.1116
13890	24.3124
13900	25.4082
13910	25.1709
13920	25.0855
13930	24.3162
13940	25.4141
13950	25.173
13960	25.1133
13970	24.383
13980	25.3617
13990	25.1489
14000	25.1064
14010	24.383
14020	25.3617
14030	25.1489
14040	25.1064
14050	24.383
14060	25.3655
14070	25.1086
14080	25.0916
14090	24.4068
14100	25.4237
14110	25.0847
14120	25.0847
14130	24.4068
14140	25.4237
14150	25.0847
14160	25.0847
14170	24.4068
14180	25.4275
14190	25.1038
14200	25.0279
14210	24.3882
14220	25.443
14230	25.1477
14240	25.0296
14250	24.4278
14260	25.4271
14270	25.0628
14280	25.0209
14290	24.477
14300	25.4431
14310	25.0233
14320	25.0066
14330	24.5
14340	25.5
14350	25
14360	25.0041
14370	24.4613
14380	25.4837
14390	25.0207
14400	25.0622
14410	24.4398
14420	25.4809
14430	25.0396
14440	25.1058
14450	24.3802
14460	25.4545
14470	25.0413
14480	25.1321
14490	24.3617
14500	25.48
14510	25
14520	25.1639
14530	24.3443
14540	25.4954
14550	25.0186
14560	25.1087
14570	24.3265
14580	25.5102
14590	25.0612
14600	25.0939
14610	24.2923
14620	25.5188
14630	25.1417
14640	25.1012
14650	24.251
14660	25.5061
14670	25.1417
14680	25.1012
14690	24.251
14700	25.5061
14710	25.1417
14720	25.1012
14730	24.251
14740	25.5061
14750	25.1417
14760	25.1012
14770	24.251
14780	25.5096
14790	25.1599
14800	25.0469
14810	24.2339
14820	25.5242
14830	25.2016
14840	25.0485
14850	24.2163
14860	25.4524
14870	25.2
14880	25.12
14890	24.24
14900	25.44
14910	25.2
14920	25.12
14930	24.24
14940	25.44
14950	25.2
14960	25.12
14970	24.24
14980	25.44
14990	25.2
15000	25.12
15010	24.24
15020	25.44
15030	25.2
15040	25.12
15050	24.24
15060	25.44
15070	25.2
15080	25.1161
15090	24.226
15100	25.3937
15110	25.2569
15120	25.1383
15130	24.2292
15140	25.379
15150	25.2743
15160	25.0852
15170	24.2126
15180	25.3937
15190	25.315
15200	25.0787
15210	24.2126
15220	25.3937
15230	25.315
15240	25.0787
15250	24.2126
15260	25.3972
15270	25.3323
15280	25.026
15290	24.1961
15300	25.4118
15310	25.3725
15320	25.0121
15330	24.2181
15340	25.3814
15350	25.4086
15360	24.9805
15370	24.2412
15380	25.3611
15390	25.4269
15400	25.0472
15410	24.2471
15420	25.2896
15430	25.4054
15440	25.0619
15450	24.2656
15460	25.2365
15470	25.3846
15480	25.0769
15490	24.3077
15500	25.2308
15510	25.3846
15520	25.0769
15530	24.3077
15540	25.2308
15550	25.3846
15560	25.0769
15570	24.3077
15580	25.2308
15590	25.3846
15600	25.0769
15610	24.3077
15620	25.2308
15630	25.3846
15640	25.0769
15650	24.3077
15660	25.2308
15670	25.3846
15680	25.0809
15690	24.2724
15700	25.2164
15710	25.4023
15720	25.1341
15730	24.2529
15740	25.2142
15750	25.3654
15760	25.1207
15770	24.2748
15780	25.2672
15790	25.3435
15800	25.1032
15810	24.2779
15820	25.2908
15830	25.3992
15840	25.057
15850	24.2586
15860	25.2886
15870	25.4157
15880	25.097
15890	24.2045
15900	25.2652
15910	25.4167
15920	25.1063
15930	24.1733
15940	25.2743
15950	25.4887
15960	25.1128
15970	24.1353
15980	25.2632
15990	25.4887
16000	25.1128
16010	24.1353
16020	25.2632
16030	25.4887
16040	25.1017
16050	24.1386
16060	25.2864
16070	25.5431
16080	25.0562
16090	24.1199
16100	25.2875
16110	25.5229
16120	24.9936
16130	24.1264
16140	25.3532
16150	25.539
16160	24.9892
16170	24.1622
16180	25.3393
16190	25.4613
16200	24.9815
16210	24.2066
16220	25.3538
16230	25.4772
16240	25.0206
16250	24.1544
16260	25.3309
16270	25.4779
16280	25.0406
16290	24.1722
16300	25.3681
16310	25.4212
16320	25.0183
16330	24.1758
16340	25.3878
16350	25.4372
16360	24.9694
16370	24.1606
16380	25.4015
16390	25.4745
16400	24.9711
16410	24.1956
16420	25.3876
16430	25.3986
16440	24.9638
16450	24.2391
16460	25.3986
16470	25.3986
16480	24.9638
16490	24.2391
16500	25.3986
16510	25.3986
16520	24.9638
16530	24.2391
16540	25.3986
16550	25.3986
16560	24.9638
16570	24.2391
16580	25.4049
16590	25.3797
16600	24.9037
16610	24.2446
16620	25.4676
16630	25.3957
16640	24.8921
16650	24.2446
16660	25.4676
16670	25.3957
16680	24.8921
16690	24.2446
16700	25.4596
16710	25.4128
16720	24.9543
16730	24.25
16740	25.3929
16750	25.3929
16760	24.9538
16770	24.2528
16780	25.4146
16790	25.4448
16800	24.911
16810	24.2349
16820	25.4155
16830	25.4757
16840	24.9018
16850	24.1696
16860	25.4064
16870	25.5124
16880	24.9154
16890	24.1373
16900	25.3925
16910	25.5282
16920	24.9648
16930	24.1197
16940	25.3873
16950	25.5282
16960	24.9648
16970	24.1197
16980	25.3873
16990	25.5282
17000	24.9582
17010	24.1397
17020	25.4439
17030	25.5245
17040	24.8951
17050	24.1259
17060	25.4576
17070	25.4908
17080	24.8837
17090	24.1463
17100	25.5052
17110	25.4704
17120	24.878
17130	24.1463
17140	25.5052
17150	25.4704
17160	24.878
17170	24.1463
17180	25.5052
17190	25.4704
17200	24.878
17210	24.1463
17220	25.5052
17230	25.4704
17240	24.8715
17250	24.1658
17260	25.4775
17270	25.5017
17280	24.8443
17290	24.1869
17300	25.4701
17310	25.5168
17320	24.7986
17330	24.1724
17340	25.4828
17350	25.5517
17360	24.7831
17370	24.1751
17380	25.5034
17390	25.6014
17400	24.7423
17410	24.1581
17420	25.4983
17430	25.6014
17440	24.7423
17450	24.1581
17460	25.4983
17470	25.6014
17480	24.7323
17490	24.1608
17500	25.5188
17510	25.6507
17520	24.6918
17530	24.1438
17540	25.5166
17550	25.6176
17560	24.6812
17570	24.1638
17580	25.5631
17590	25.5973
17600	24.6733
17610	24.1987
17620	25.5692
17630	25.5743
17640	24.6284
17650	24.223
17660	25.5772
17670	25.589
17680	24.6652
17690	24.1751
17700	25.5556
17710	25.5892
17720	24.6838
17730	24.1441
17740	25.5419
17750	25.604
17760	24.7315
17770	24.1275
17780	25.5322
17790	25.5874
17800	24.7002
17810	24.186
17820	25.5482
17830	25.5814
17840	24.6844
17850	24.186
17860	25.5482
17870	25.5814
17880	24.6844
17890	24.186
17900	25.5539
17910	25.5639
17920	24.6309
17930	24.1914
17940	25.6106
17950	25.5776
17960	24.6205
17970	24.1914
17980	25.6106
17990	25.5776
18000	24.6205
18010	24.1914
18020	25.6106
18030	25.5776
18040	24.6205
18050	24.1914
18060	25.6106
18070	25.5776
18080	24.6109
18090	24.1939
18100	25.63
18110	25.625
18120	24.5724
18130	24.1776
18140	25.625
18150	25.625
18160	24.5724
18170	24.1776
18180	25.625
18190	25.625
18200	24.5796
18210	24.1629
18220	25.6438
18230	25.5882
18240	24.6078
18250	24.1503
18260	25.6461
18270	25.6036
18280	24.5881
18290	24.1883
18300	25.6169
18310	25.6169
18320	24.5686
18330	24.1907
18340	25.6359
18350	25.6634
18360	24.5307
18370	24.1748
18380	25.6338
18390	25.6774
18400	24.5663
18410	24.129
18420	25.6129
18430	25.6774
18440	24.5842
18450	24.1444
18460	25.6447
18470	25.627
18480	24.5659
18490	24.1479
18500	25.6518
18510	25.6421
18520	24.5467
18530	24.1853
18540	25.623
18550	25.655
18560	24.5403
18570	24.2004
18580	25.578
18590	25.6369
18600	24.5541
18610	24.2357
18620	25.576
18630	25.6507
18640	24.589
18650	24.1905
18660	25.5556
18670	25.6508
18680	24.594
18690	24.1928
18700	25.5743
18710	25.6962
18720	24.557
18730	24.1772
18740	25.5696
18750	25.6962
18760	24.557
18770	24.1772
18780	25.5696
18790	25.6962
18800	24.557
18810	24.1772
18820	25.5696
18830	25.6962
18840	24.557
18850	24.1772
18860	25.575
18870	25.6793
18880	24.5066
18890	24.1824
18900	25.6289
18910	25.6918
18920	24.4969
18930	24.1824
18940	25.6289
18950	25.6918
18960	24.4969
18970	24.1824
18980	25.6191
18990	25.6929
19000	24.519
19010	24.232
19020	25.5799
19030	25.674
19040	24.5141
19050	24.232
19060	25.5799
19070	25.674
19080	24.5141
19090	24.232
19100	25.5799
19110	25.674
19120	24.5141
19130	24.232
19140	25.5799
19150	25.674
19160	24.5086
19170	24.2489
19180	25.5544
19190	25.7009
19200	24.486
19210	24.2679
19220	25.5506
19230	25.6843
19240	24.511
19250	24.2415
19260	25.5728
19270	25.6656
19280	24.5236
19290	24.256
19300	25.6034
19310	25.6173
19320	24.5062
19330	24.2593
19340	25.6103
19350	25.6318
19360	24.5616
19370	24.2638
19380	25.5521
19390	25.6135
19400	24.5685
19410	24.2521
19420	25.5881
19430	25.6231
19440	24.5593
19450	24.2249
19460	25.5858
19470	25.6373
19480	24.6136
19490	24.2296
19500	25.5287
19510	25.6193
19520	24.617
19530	24.204
19540	25.5345
19550	25.6757
19560	24.6246
19570	24.1742
19580	25.5281
19590	25.6886
19600	24.6574
19610	24.1317
19620	25.509
19630	25.6886
19640	24.6707
19650	24.1317
19660	25.509
19670	25.6886
19680	24.6707
19690	24.1317
19700	25.509
19710	25.6886
19720	24.6707
19730	24.1317
19740	25.509
19750	25.6886
19760	24.6707
19770	24.1317
19780	25.509
19790	25.6886
19800	24.6707
19810	24.1317
19820	25.5116
19830	25.6597
19840	24.6614
19850	24.1493
19860	25.5522
19870	25.6418
19880	24.66
19890	24.1218
19900	25.5401
19910	25.6548
19920	24.7024
19930	24.1071
19940	25.5315
19950	25.6399
19960	24.7456
19970	24.1298
19980	25.5162
19990	25.6047
20000	24.7439
20010	24.1462
20020	25.4926
20030	25.6305
20040	24.7214
20050	24.1642
20060	25.4864
20070	25.6431
20080	24.683
20090	24.152
20100	25.4971
20110	25.6725
20120	24.6816
20130	24.166
20140	25.5262
20150	25.6268
20160	24.6647
20170	24.1691
20180	25.5394
20190	25.6268
20200	24.6647
20210	24.1691
20220	25.5394
20230	25.6268
20240	24.6679
20250	24.183
20260	25.4985
20270	25.6105
20280	24.6802
20290	24.2151
20300	25.4942
20310	25.6105
20320	24.6802
20330	24.2151
20340	25.4942
20350	25.6105
20360	24.6834
20370	24.2289
20380	25.5231
20390	25.5652
20400	24.6667
20410	24.2319
20420	25.5387
20430	25.5778
20440	24.6288
20450	24.2197
20460	25.5491
20470	25.6069
20480	24.6223
20490	24.2088
20500	25.583
20510	25.616
20520	24.6132
20530	24.1834
20540	25.5898
20550	25.6285
20560	24.6445
20570	24.1429
20580	25.5714
20590	25.6286
20600	24.6571
20610	24.1429
20620	25.5714
20630	25.6286
20640	24.6571
20650	24.1429
20660	25.5739
20670	25.6409
20680	24.6199
20690	24.1311
20700	25.584
20710	25.6695
20720	24.6154
20730	24.1311
20740	25.584
20750	25.6695
20760	24.6154
20770	24.1311
20780	25.5865
20790	25.6818
20800	24.5783
20810	24.1193
20820	25.5966
20830	25.7102
20840	24.5802
20850	24.1463
20860	25.5847
20870	25.6497
20880	24.5763
20890	24.1808
20900	25.5868
20910	25.6235
20920	24.5874
20930	24.2416
20940	25.5899
20950	25.5899
20960	24.5787
20970	24.2416
20980	25.5899
20990	25.5899
21000	24.5787
21010	24.2416
21020	25.5923
21030	25.6021
21040	24.5422
21050	24.2297
21060	25.6022
21070	25.6303
21080	24.5409
21090	24.2038
21100	25.5908
21110	25.6425
21120	24.581
21130	24.1899
21140	25.5866
21150	25.6425
21160	24.581
21170	24.1899
21180	25.5866
21190	25.6425
21200	24.581
21210	24.1899
21220	25.5866
21230	25.6425
21240	24.581
21250	24.1899
21260	25.589
21270	25.6545
21280	24.6116
21290	24.1504
21300	25.571
21310	25.6546
21320	24.627
21330	24.1637
21340	25.5319
21350	25.6389
21360	24.6389
21370	24.1944
21380	25.5302
21390	25.6509
21400	24.6027
21410	24.1828
21420	25.5402
21430	25.6787
21440	24.6044
21450	24.1704
21460	25.5564
21470	25.6474
21480	24.6281
21490	24.1598
21500	25.5671
21510	25.6208
21520	24.6197
21530	24.1758
21540	25.6044
21550	25.6044
21560	24.6154
21570	24.1758
21580	25.6044
21590	25.6044
21600	24.6154
21610	24.1758
21620	25.5982
21630	25.6173
21640	24.6643
21650	24.1803
21660	25.5464
21670	25.6011
21680	24.6721
21690	24.1803
21700	25.5464
21710	25.6011
21720	24.6721
21730	24.1803
21740	25.5488
21750	25.5748
21760	24.6637
21770	24.1962
21780	25.5858
21790	25.5586
21800	24.6624
21810	24.2091
21820	25.5476
21830	25.5435
21840	24.6739
21850	24.2391
21860	25.5435
21870	25.5435
21880	24.6739
21890	24.2391
21900	25.5435
21910	25.5435
21920	24.6739
21930	24.2391
21940	25.5435
21950	25.5435
21960	24.6739
21970	24.2391
21980	25.5435
21990	25.5435
22000	24.6739
22010	24.2391
22020	25.5435
22030	25.5435
22040	24.6739
22050	24.2391
22060	25.5435
22070	25.5435
22080	24.6739
22090	24.2391
22100	25.5458
22110	25.5553
22120	24.6384
22130	24.2276
22140	25.5556
22150	25.5827
22160	24.6371
22170	24.2026
22180	25.5446
22190	25.5946
22200	24.6757
22210	24.1892
22220	25.5344
22230	25.6072
22240	24.659
22250	24.2204
22260	25.5108
22270	25.6183
22280	24.6535
22290	24.2332
22300	25.4731
22310	25.6032
22320	24.6649
22330	24.2627
22340	25.4715
22350	25.5774
22360	24.6566
22370	24.2781
22380	25.508
22390	25.5615
22400	24.6476
22410	24.2926
22420	25.4867
22430	25.5851
22440	24.6277
22450	24.3085
22460	25.4834
22470	25.5711
22480	24.6484
22490	24.2857
22500	25.5026
22510	25.5556
22520	24.6561
22530	24.2857
22540	25.5026
22550	25.5556
22560	24.6561
22570	24.2857
22580	25.505
22590	25.5671
22600	24.6848
22610	24.248
22620	25.4881
22630	25.5673
22640	24.6889
22650	24.25
22660	25.5039
22670	25.6053
22680	24.6579
22690	24.2368
22700	25.5023
22710	25.6166
22720	24.6865
22730	24.1995
22740	25.4856
22750	25.6168
22760	24.701
22770	24.1753
22780	25.4751
22790	25.6283
22800	24.7382
22810	24.1623
22820	25.4653
22830	25.6039
22840	24.7478
22850	24.2188
22860	25.4688
22870	25.5729
22880	24.7424
22890	24.1948
22900	25.4584
22910	25.5844
22920	24.7792
22930	24.1818
22940	25.4591
22950	25.6068
22960	24.7731
22970	24.1344
22980	25.4522
22990	25.6331
23000	24.7832
23010	24.1107
23020	25.4419
23030	25.6443
23040	24.8196
23050	24.0979
23060	25.4381
23070	25.6443
23080	24.8196
23090	24.0979
23100	25.4381
23110	25.6443
23120	24.8251
23130	24.0868
23140	25.4537
23150	25.6154
23160	24.8462
23170	24.0769
23180	25.4579
23190	25.6381
23200	24.8571
23210	24.0712
23220	25.4198
23230	25.6489
23240	24.8601
23250	24.0712
23260	25.4198
23270	25.6489
23280	24.8601
23290	24.0712
23300	25.4242
23310	25.6351
23320	24.8183
23330	24.0759
23340	25.4684
23350	25.6456
23360	24.8129
23370	24.0528
23380	25.4583
23390	25.6566
23400	24.8485
23410	24.0404
23420	25.4545
23430	25.6566
23440	24.8485
23450	24.0404
23460	25.4545
23470	25.6566
23480	24.8466
23490	24.0319
23500	25.4246
23510	25.6892
23520	24.8622
23530	24.0351
23540	25.4079
23550	25.7005
23560	24.846
23570	24.0648
23580	25.3865
23590	25.7107
23600	24.8406
23610	24.0769
23620	25.3519
23630	25.6965
23640	24.8507
23650	24.1045
23660	25.3504
23670	25.6723
23680	24.8427
23690	24.1191
23700	25.3846
23710	25.6576
23720	24.8315
23730	24.1212
23740	25.3997
23750	25.6931
23760	24.802
23770	24.1089
23780	25.3982
23790	25.7036
23800	24.7694
23810	24.0988
23820	25.4074
23830	25.7284
23840	24.7654
23850	24.0988
23860	25.4074
23870	25.7284
23880	24.7654
23890	24.0988
23900	25.4074
23910	25.7284
23920	24.7654
23930	24.0988
23940	25.4074
23950	25.7284
23960	24.7654
23970	24.0988
23980	25.4074
23990	25.7284
24000	24.7654
24010	24.0988
24020	25.404
24030	25.7499
24040	24.7765
24050	24.0931
24060	25.3676
24070	25.7598
24080	24.7848
24090	24.0826
24100	25.3241
24110	25.7561
24120	24.8293
24130	24.0976
24140	25.3192
24150	25.7664
24160	24.8555
24170	24.0633
24180	25.3041
24190	25.7664
24200	24.8662
24210	24.0633
24220	25.3041
24230	25.7664
24240	24.8662
24250	24.0633
24260	25.2987
24270	25.7771
24280	24.8505
24290	24.092
24300	25.2785
24310	25.7869
24320	24.8479
24330	24.1154
24340	25.2695
24350	25.7349
24360	24.8434
24370	24.1446
24380	25.2696
24390	25.7355
24400	24.8596
24410	24.1827
24420	25.2404
24430	25.7212
24440	24.8584
24450	24.1943
24460	25.2073
24470	25.7074
24480	24.8681
24490	24.2206
24500	25.2038
24510	25.7074
24520	24.8681
24530	24.2206
24540	25.2038
24550	25.7074
24560	24.8611
24570	24.2226
24580	25.2187
24590	25.7416
24600	24.8325
24610	24.2105
24620	25.2175
24630	25.7517
24640	24.8009
24650	24.2005
24660	25.2267
24670	25.7757
24680	24.7971
24690	24.2005
24700	25.2267
24710	25.7757
24720	24.7971
24730	24.2005
24740	25.2215
24750	25.7861
24760	24.8389
24770	24.2043
24780	25.1781
24790	25.772
24800	24.8456
24810	24.2043
24820	25.1781
24830	25.772
24840	24.8456
24850	24.2043
24860	25.1803
24870	25.7819
24880	24.8142
24890	24.1943
24900	25.1896
24910	25.8057
24920	24.8036
24930	24.1962
24940	25.2043
24950	25.8392
24960	24.7754
24970	24.1844
24980	25.2009
24990	25.8392
25000	24.7754
25010	24.1844
25020	25.2009
25030	25.8392
25040	24.778
25050	24.1627
25060	25.192
25070	25.8491
25080	24.8113
25090	24.1509
25100	25.1887
25110	25.8491
25120	24.8113
25130	24.1509
25140	25.1887
25150	25.8491
25160	24.8191
25170	24.1521
25180	25.1714
25190	25.808
25200	24.8478
25210	24.1686
25220	25.1798
25230	25.8274
25240	24.842
25250	24.1259
25260	25.1748
25270	25.8508
25280	24.851
25290	24.1372
25300	25.1428
25310	25.8372
25320	24.8605
25330	24.1628
25340	25.1395
25350	25.8372
25360	24.8605
25370	24.1628
25380	25.1395
25390	25.8372
25400	24.8537
25410	24.1647
25420	25.154
25430	25.8701
25440	24.826
25450	24.1531
25460	25.1529
25470	25.8797
25480	24.7954
25490	24.1435
25500	25.162
25510	25.9028
25520	24.7901
25530	24.1355
25540	25.136
25550	25.931
25560	24.8046
25570	24.1379
25580	25.1264
25590	25.931
25600	24.8046
25610	24.1379
25620	25.1264
25630	25.931
25640	24.8005
25650	24.1189
25660	25.1322
25670	25.9725
25680	24.8055
25690	24.0961
25700	25.1259
25710	25.9725
25720	24.8055
25730	24.0961
25740	25.1259
25750	25.9725
25760	24.808
25770	24.1072
25780	25.0945
25790	25.9589
25800	24.8174
25810	24.1324
25820	25.0913
25830	25.9589
25840	24.8174
25850	24.1324
25860	25.0913
25870	25.9589
25880	24.8224
25890	24.1227
25900	25.1062
25910	25.9318
25920	24.8409
25930	24.1136
25940	25.1087
25950	25.9414
25960	24.8263
25970	24.1403
25980	25.0905
25990	25.9502
26000	24.819
26010	24.1403
26020	25.0905
26030	25.9502
26040	24.819
26050	24.1403
26060	25.0905
26070	25.9502
26080	24.819
26090	24.1403
26100	25.0905
26110	25.9502
26120	24.82
26130	24.1434
26140	25.0885
26150	25.9417
26160	24.8206
26170	24.148
26180	25.0828
26190	25.9419
26200	24.8358
26210	24.1834
26220	25.0559
26230	25.9284
26240	24.8258
26250	24.1853
26260	25.07
26270	25.9598
26280	24.7991
26290	24.1741
26300	25.071
26310	25.9469
26320	24.7626
26330	24.1778
26340	25.1111
26350	25.9556
26360	24.7556
26370	24.1778
26380	25.1111
26390	25.9556
26400	24.7556
26410	24.1778
26420	25.1083
26430	25.9431
26440	24.7875
26450	24.1943
26460	25.0993
26470	25.9161
26480	24.7976
26490	24.1953
26500	25.0836
26510	25.8772
26520	24.8246
26530	24.2105
26540	25.085
26550	25.8955
26560	24.8339
26570	24.2048
26580	25.0545
26590	25.9041
26600	24.8303
26610	24.2066
26620	25.0682
26630	25.9348
26640	24.8043
26650	24.1957
26660	25.0652
26670	25.9348
26680	24.8043
26690	24.1957
26700	25.0652
26710	25.9348
26720	24.8043
26730	24.1957
26740	25.0652
26750	25.9348
26760	24.8043
26770	24.1957
26780	25.0652
26790	25.9348
26800	24.8043
26810	24.1957
26820	25.0652
26830	25.9348
26840	24.8068
26850	24.2061
26860	25.0355
26870	25.9219
26880	24.8156
26890	24.2299
26900	25.0345
26910	25.9308
26920	24.8389
26930	24.1991
26940	25.0216
26950	25.9307
26960	24.8485
26970	24.1991
26980	25.0216
26990	25.9307
27000	24.8485
27010	24.1991
27020	25.0256
27030	25.9182
27040	24.8646
27050	24.181
27060	25.0431
27070	25.9052
27080	24.8754
27090	24.1718
27100	25.0059
27110	25.9013
27120	24.9142
27130	24.1846
27140	25.0039
27150	25.8889
27160	24.8787
27170	24.188
27180	25.0427
27190	25.8974
27200	24.8741
27210	24.1685
27220	25.0349
27230	25.9062
27240	24.9041
27250	24.1578
27260	25.0359
27270	25.9236
27280	24.8986
27290	24.1189
27300	25.0318
27310	25.9448
27320	24.9068
27330	24.1292
27340	25.0537
27350	25.911
27360	24.8941
27370	24.1314
27380	25.0655
27390	25.9197
27400	24.866
27410	24.1226
27420	25.074
27430	25.9408
27440	24.8672
27450	24.1136
27460	25.0373
27470	25.9368
27480	24.9053
27490	24.1263
27500	25.027
27510	25.9456
27520	24.9418
27530	24.13
27540	24.9895
27550	25.9329
27560	24.9415
27570	24.1318
27580	25.0028
27590	25.9623
27600	24.9163
27610	24.1213
27620	24.9955
27630	25.971
27640	24.9026
27650	24.1458
27660	24.9792
27670	25.9792
27680	24.9004
27690	24.137
27700	24.9932
27710	25.9544
27720	24.917
27730	24.1286
27740	25
27750	25.9544
27760	24.917
27770	24.1286
27780	25
27790	25.9544
27800	24.9193
27810	24.1387
27820	25.0214
27830	25.9213
27840	24.9068
27850	24.1408
27860	25.0311
27870	25.9213
27880	24.9068
27890	24.1408
27900	25.0311
27910	25.9213
27920	24.9068
27930	24.1408
27940	25.0311
27950	25.9213
27960	24.9068
27970	24.1408
27980	25.0329
27990	25.9298
28000	24.8794
28010	24.1322
28020	25.0413
28030	25.9504
28040	24.8724
28050	24.144
28060	25.0756
28070	25.9465
28080	24.8354
28090	24.1358
28100	25.0842
28110	25.9549
28120	24.8082
28130	24.1273
28140	25.0924
28150	25.9754
28160	24.8049
28170	24.1273
28180	25.0924
28190	25.9754
28200	24.8049
28210	24.1273
28220	25.0916
28230	25.9721
28240	24.8073
28250	24.1344
28260	25.0917
28270	25.9674
28280	24.8065
28290	24.1344
28300	25.0917
28310	25.9674
28320	24.8065
28330	24.1344
28340	25.0935
28350	25.9757
28360	24.8285
28370	24.1057
28380	25.0813
28390	25.9756
28400	24.8419
28410	24.0971
28420	25.046
28430	25.9717
28440	24.8785
28450	24.1093
28460	25.0423
28470	25.9799
28480	24.8517
28490	24.101
28500	25.0505
28510	26
28520	24.8507
28530	24.0826
28540	25.0431
28550	26.0081
28560	24.879
28570	24.0726
28580	25.0421
28590	26.0162
28600	24.9006
28610	24.0443
28620	25.0302
28630	26.0161
28640	24.9095
28650	24.0443
28660	25.0302
28670	26.0161
28680	24.9095
28690	24.0443
28700	25.0302
28710	26.0161
28720	24.9095
28730	24.0443
28740	25.0302
28750	26.0161
28760	24.9117
28770	24.0541
28780	25.0509
28790	25.9839
28800	24.8996
28810	24.0562
28820	25.0558
28830	25.9922
28840	24.8865
28850	24.08
28860	25.04
28870	26
28880	24.8742
28890	24.0818
28900	25.0526
28910	26.0279
28920	24.8503
28930	24.0719
28940	25.0499
28950	26.0279
28960	24.8503
28970	24.0719
28980	25.0499
28990	26.0279
29000	24.8547
29010	24.0635
29020	25.063
29030	26.004
29040	24.8708
29050	24.0557
29060	25.0696
29070	26.004
29080	24.8708
29090	24.0557
29100	25.0696
29110	26.004
29120	24.873
29130	24.0654
29140	25.0424
29150	25.9921
29160	24.881
29170	24.0873
29180	25.0415
29190	26.0001
29200	24.8547
29210	24.0792
29220	25.0495
29230	26.0198
29240	24.8537
29250	24.0889
29260	25.0699
29270	25.9881
29280	24.8419
29290	24.0909
29300	25.0808
29310	25.9686
29320	24.8355
29330	24.1026
29340	25.1085
29350	25.9566
29360	24.8345
29370	24.1121
29380	25.0814
29390	25.9449
29400	24.8425
29410	24.1339
29420	25.0805
29430	25.9529
29440	24.8637
29450	24.1061
29460	25.0688
29470	25.9529
29480	24.8745
29490	24.1157
29500	25.0419
29510	25.9412
29520	24.8824
29530	24.1373
29540	25.041
29550	25.9492
29560	24.9034
29570	24.1096
29580	25.0294
29590	25.9491
29600	24.9162
29610	24.1013
29620	25.0423
29630	25.9259
29640	24.9318
29650	24.0936
29660	25.0487
29670	25.9259
29680	24.9318
29690	24.0936
29700	25.0487
29710	25.9259
29720	24.936
29730	24.0854
29740	25.015
29750	25.9223
29760	24.9709
29770	24.0971
29780	25.0115
29790	25.9303
29800	24.945
29810	24.0891
29820	25.0194
29830	25.9496
29840	24.9419
29850	24.0891
29860	25.0194
29870	25.9496
29880	24.9419
29890	24.0891
29900	25.0211
29910	25.9575
29920	24.9625
29930	24.0619
29940	25.0097
29950	25.9574
29960	24.971
29970	24.0619
29980	25.0097
29990	25.9574
30000	24.971
30010	24.0619
30020	25.0114
30030	25.9653
30040	24.9452
30050	24.0541
30060	25.0193
30070	25.9846
30080	24.9442
30090	24.0635
30100	25.0392
30110	25.9538
30120	24.9326
30130	24.0655
30140	25.0516
30150	25.9426
30160	24.9007
30170	24.0691
30180	25.0864
30190	25.9501
30200	24.8944
30210	24.0691
30220	25.0864
30230	25.9501
30240	24.8944
30250	24.0691
30260	25.0864
30270	25.9501
30280	24.8944
30290	24.0691
30300	25.0864
30310	25.9501
30320	24.8944
30330	24.0691
30340	25.0864
30350	25.9501
30360	24.8944
30370	24.0691
30380	25.0864
30390	25.9501
30400	24.8944
30410	24.0691
30420	25.0864
30430	25.9501
30440	24.8889
30450	24.0708
30460	25.0984
30470	25.977
30480	24.8659
30490	24.0613
30500	25.0975
30510	25.9848
30520	24.8406
30530	24.0535
30540	25.1052
30550	26.0038
30560	24.8396
30570	24.0629
30580	25.0789
30590	25.9924
30600	24.8473
30610	24.084
30620	25.0763
30630	25.9924
30640	24.8473
30650	24.084
30660	25.0763
30670	25.9924
30680	24.8473
30690	24.084
30700	25.0763
30710	25.9924
30720	24.8473
30730	24.084
30740	25.0781
30750	25.9735
30760	24.8412
30770	24.0952
30780	25.1048
30790	25.9619
30800	24.8381
30810	24.0952
30820	25.1048
30830	25.9619
30840	24.8381
30850	24.0952
30860	25.1082
30870	25.9509
30880	24.8069
30890	24.0987
30900	25.1423
30910	25.9583
30920	24.8029
30930	24.0814
30940	25.1352
30950	25.9659
30960	24.8295
30970	24.072
30980	25.1267
30990	25.9661
31000	24.8424
31010	24.1021
31020	25.104
31030	25.9546
31040	24.8414
31050	24.1113
31060	25.1233
31070	25.9245
31080	24.8302
31090	24.1132
31100	25.1338
31110	25.9323
31120	24.8053
31130	24.1055
31140	25.1412
31150	25.951
31160	24.8044
31170	24.0883
31180	25.1342
31190	25.9586
31200	24.8308
31210	24.0789
31220	25.1333
31230	25.9401
31240	24.8248
31250	24.0901
31260	25.1595
31270	25.9287
31280	24.8218
31290	24.0901
31300	25.1595
31310	25.9287
31320	24.8218
31330	24.0901
31340	25.1628
31350	25.918
31360	24.7911
31370	24.0935
31380	25.1963
31390	25.9252
31400	24.7817
31410	24.078
31420	25.2007
31430	25.959
31440	24.7858
31450	24.0596
31460	25.1914
31470	25.9409
31480	24.7926
31490	24.1002
31500	25.1948
31510	25.9184
31520	24.7866
31530	24.1002
31540	25.1948
31550	25.9184
31560	24.7866
31570	24.1002
31580	25.1965
31590	25.926
31600	24.8067
31610	24.0741
31620	25.1852
31630	25.9259
31640	24.8115
31650	24.0588
31660	25.1896
31670	25.9594
31680	24.8155
31690	24.0406
31700	25.1804
31710	25.9414
31720	24.8221
31730	24.0809
31740	25.1838
31750	25.9191
31760	24.8162
31770	24.0809
31780	25.1838
31790	25.9191
31800	24.8162
31810	24.0809
31820	25.1838
31830	25.9191
31840	24.8162
31850	24.0809
31860	25.1838
31870	25.9191
31880	24.8182
31890	24.0898
31900	25.1585
31910	25.9083
31920	24.8257
31930	24.1101
31940	25.1576
31950	25.8902
31960	24.8198
31970	24.1209
31980	25.1831
31990	25.8791
32000	24.8136
32010	24.1313
32020	25.1693
32030	25.8942
32040	24.7993
32050	24.1423
32060	25.1659
32070	25.9017
32080	24.8189
32090	24.1166
32100	25.1548
32110	25.9016
32120	24.8217
32130	24.1181
32140	25.1662
32150	25.9273
32160	24.8
32170	24.1091
32180	25.1636
32190	25.9273
32200	24.8
32210	24.1091
32220	25.1636
32230	25.9273
32240	24.7948
32250	24.1106
32260	25.1749
32270	25.9528
32280	24.7731
32290	24.1016
32300	25.1756
32310	25.9677
32320	24.7689
32330	24.0687
32340	25.1718
32350	25.9855
32360	24.774
32370	24.0687
32380	25.1718
32390	25.9855
32400	24.774
32410	24.0687
32420	25.1734
32430	25.9929
32440	24.7935
32450	24.0433
32460	25.1625
32470	25.9928
32480	24.7983
32490	24.0285
32500	25.1668
32510	26.0252
32520	24.8022
32530	24.0108
32540	25.1619
32550	26.0252
32560	24.8022
32570	24.0108
32580	25.1619
32590	26.0252
32600	24.8042
32610	24.0196
32620	25.1802
32630	25.9964
32640	24.7935
32650	24.0215
32660	25.1901
32670	25.9787
32680	24.7878
32690	24.0323
32700	25.2151
32710	25.9677
32720	24.7869
32730	24.041
32740	25.1903
32750	25.9571
32760	24.7943
32770	24.0608
32780	25.1878
32790	25.9571
32800	24.7943
32810	24.0608
32820	25.1878
32830	25.9571
32840	24.7983
32850	24.0532
32860	25.1565
32870	25.9537
32880	24.8307
32890	24.0642
32900	25.146
32910	25.9539
32920	24.8427
32930	24.0925
32940	25.1246
32950	25.9431
32960	24.8399
32970	24.0925
32980	25.1246
32990	25.9431
33000	24.8399
33010	24.0925
33020	25.1246
33030	25.9431
33040	24.8399
33050	24.0925
33060	25.1246
33070	25.9431
33080	24.8399
33090	24.0925
33100	25.1246
33110	25.9431
33120	24.8399
33130	24.0925
33140	25.1261
33150	25.9255
33160	24.8341
33170	24.103
33180	25.151
33190	25.9147
33200	24.8352
33210	24.1202
33220	25.1447
33230	25.8761
33240	24.8319
33250	24.1416
33260	25.152
33270	25.8834
33280	24.8509
33290	24.1166
33300	25.1413
33310	25.8834
33320	24.8555
33330	24.1267
33340	25.1704
33350	25.8803
33360	24.8239
33370	24.1197
33380	25.1761
33390	25.8803
33400	24.8239
33410	24.1197
33420	25.1761
33430	25.8803
33440	24.8208
33450	24.1297
33460	25.1628
33470	25.8947
33480	24.807
33490	24.1404
33500	25.1595
33510	25.902
33520	24.8259
33530	24.1156
33540	25.1489
33550	25.9019
33560	24.8336
33570	24.1156
33580	25.1489
33590	25.9019
33600	24.8336
33610	24.1156
33620	25.152
33630	25.9164
33640	24.8293
33650	24.0838
33660	25.1483
33670	25.9337
33680	24.8342
33690	24.0838
33700	25.1483
33710	25.9337
33720	24.8342
33730	24.0838
33740	25.1483
33750	25.9337
33760	24.8342
33770	24.0838
33780	25.1483
33790	25.9337
33800	24.8292
33810	24.0853
33820	25.1592
33830	25.9582
33840	24.8084
33850	24.0767
33860	25.1529
33870	25.9655
33880	24.8389
33890	24.0799
33900	25.1215
33910	25.9549
33920	24.8387
33930	24.0814
33940	25.1324
33950	25.9792
33960	24.818
33970	24.0728
33980	25.13
33990	25.9792
34000	24.818
34010	24.0728
34020	25.13
34030	25.9792
34040	24.818
34050	24.0728
34060	25.13
34070	25.9792
34080	24.818
34090	24.0728
34100	25.13
34110	25.9792
34120	24.818
34130	24.0728
34140	25.13
34150	25.9792
34160	24.82
34170	24.0812
34180	25.1477
34190	25.9516
34200	24.8097
34210	24.083
34220	25.1534
34230	25.9418
34240	24.7932
34250	24.1136
34260	25.1635
34270	25.938
34280	24.7868
34290	24.1219
34300	25.1398
34310	25.9278
34320	24.7938
34330	24.1409
34340	25.1375
34350	25.9278
34360	24.7938
34370	24.1409
34380	25.1375
34390	25.9278
34400	24.7908
34410	24.1267
34420	25.1417
34430	25.9589
34440	24.7945
34450	24.1096
34460	25.14
34470	25.949
34480	24.7666
34490	24.1126
34500	25.1706
34510	25.9556
34520	24.7562
34530	24.1141
34540	25.1812
34550	25.9796
34560	24.7359
34570	24.1056
34580	25.1819
34590	25.9698
34600	24.749
34610	24.0917
34620	25.1952
34630	25.9593
34640	24.7557
34650	24.0762
34660	25.1888
34670	25.9661
34680	24.7797
34690	24.0678
34700	25.1894
34710	25.9564
34720	24.7926
34730	24.0541
34740	25.2027
34750	25.9459
34760	24.7973
34770	24.0541
34780	25.2027
34790	25.9459
34800	24.7973
34810	24.0541
34820	25.2057
34830	25.9363
34840	24.7697
34850	24.0572
34860	25.2357
34870	25.9428
34880	24.7662
34890	24.0419
34900	25.2292
34910	25.9496
34920	24.7899
34930	24.0336
34940	25.2269
34950	25.9496
34960	24.7899
34970	24.0336
34980	25.2269
34990	25.9496
35000	24.787
35010	24.0433
35020	25.214
35030	25.9632
35040	24.7739
35050	24.0536
35060	25.2109
35070	25.97
35080	24.7519
35090	24.0468
35100	25.2174
35110	25.9866
35120	24.751
35130	24.055
35140	25.2344
35150	25.9599
35160	24.7412
35170	24.0568
35180	25.2383
35190	25.9437
35200	24.7474
35210	24.0932
35220	25.2413
35230	25.9235
35240	24.744
35250	24.1012
35260	25.2183
35270	25.9136
35280	24.7508
35290	24.1196
35300	25.2138
35310	25.9044
35320	24.7748
35330	24.1322
35340	25.2066
35350	25.8843
35360	24.7769
35370	24.1322
35380	25.2066
35390	25.8843
35400	24.7769
35410	24.1322
35420	25.2044
35430	25.8982
35440	24.7842
35450	24.1283
35460	25.1809
35470	25.9046
35480	24.788
35490	24.1362
35500	25.1977
35510	25.8785
35520	24.7783
35530	24.1379
35540	25.2082
35550	25.8692
35560	24.7515
35570	24.1408
35580	25.2373
35590	25.8756
35600	24.75
35610	24.1565
35620	25.2313
35630	25.8401
35640	24.7471
35650	24.1762
35660	25.2315
35670	25.8404
35680	24.7583
35690	24.202
35700	25.2117
35710	25.8306
35720	24.7557
35730	24.202
35740	25.2117
35750	25.8306
35760	24.7557
35770	24.202
35780	25.2146
35790	25.8442
35800	24.7519
35810	24.1721
35820	25.211
35830	25.8604
35840	24.7565
35850	24.1721
35860	25.211
35870	25.8604
35880	24.7565
35890	24.1721
35900	25.2125
35910	25.8671
35920	24.7351
35930	24.1653
35940	25.2188
35950	25.8833
35960	24.7326
35970	24.1653
35980	25.2188
35990	25.8833
36000	24.7326
