10	10
20	5
30	5
40	5
50	5
60	5
70	10
80	16.6667
90	20
100	20
110	30
120	26.6667
130	23.3333
140	19.3333
150	20.5
160	20.5
170	30.5
180	27.5
190	22.5
200	20.15
210	30.15
220	27.05
230	25.05
240	22
250	20
260	17.8667
270	27.8667
280	24.0667
290	24.0667
300	23.3333
310	18.3333
320	28.3333
330	25.9524
340	23.0952
350	20
360	30
370	27.1429
380	22.7857
390	21.1429
400	19
410	20
420	21
430	31
440	25.2909
450	23.7818
460	20
470	19.0909
480	20.9091
490	20
500	30
510	25.4545
520	24.5455
530	20
540	19.0909
550	20.9091
560	19.7902
570	29.7902
580	24.6154
590	23.0769
600	21.5385
610	20.044
620	18.7527
630	28.7527
640	25.8956
650	25
660	20.7143
670	17.8571
680	27.8571
690	27.1429
700	24.2857
710	21.4286
720	20.7143
730	30.7143
740	23.5714
750	22.8571
760	22.1429
770	19.2857
780	29.2857
790	25
800	22.0982
810	21.7857
820	22.1875
830	19.0625
840	29.0625
850	29.6875
860	26.5486
870	25.5486
880	25.7153
890	35.7153
900	27.9375
910	27.9375
920	37.9375
930	34.6042
940	32.9375
950	29.6042
960	26.2708
970	26.1111
980	26.2865
990	36.2865
1000	29.2105
1010	25.7895
1020	23.1579
1030	20.5263
1040	24.2105
1050	24.8947
1060	34.8947
1070	28.6842
1080	28.6842
1090	26.6842
1100	24.6842
1110	27.1842
1120	28.1842
1130	38.1842
1140	32.1842
1150	33
1160	30.4318
1170	25.7864
1180	35.7864
1190	25.4864
1200	24.5773
1210	23.6682
1220	21.5427
1230	23.2664
1240	24.9173
1250	34.9173
1260	30.5173
1270	29.3173
1280	28.1496
1290	27.0296
1300	27.3831
1310	37.3831
1320	33.8462
1330	28.4615
1340	22.3654
1350	24.0742
1360	23.1676
1370	33.1676
1380	33.1676
1390	31.739
1400	27.5247
1410	26.95
1420	26.5667
1430	24.6667
1440	21.3333
1450	23.3333
1460	24.3333
1470	24.6364
1480	34.6364
1490	33.7879
1500	31.6667
1510	29.5455
1520	27.2834
1530	26.4786
1540	24.5624
1550	21.7647
1560	23.8235
1570	25
1580	25.3866
1590	27.2185
1600	26.8571
1610	24.2857
1620	21.7143
1630	31.7143
1640	31.2635
1650	28.8492
1660	26.5222
1670	27.5
1680	26.3889
1690	24.1667
1700	21.9444
1710	23.6111
1720	24.4444
1730	25.2778
1740	35.2778
1750	34.1667
1760	32.0249
1770	29.6491
1780	26.9152
1790	26.3158
1800	24.7368
1810	22.1053
1820	24.1538
1830	25.5661
1840	26.2787
1850	27.1795
1860	25.8974
1870	24.6513
1880	22.4051
1890	32.4051
1900	31.3205
1910	29.3205
1920	27.3205
1930	27.25
1940	26.25
1950	24.25
1960	22.25
1970	24
1980	25
1990	25.9714
2000	27.0786
2010	25.8857
2020	24.2857
2030	22.8571
2040	32.8571
2050	31.4286
2060	30
2070	28.5714
2080	27.1429
2090	25.7143
2100	24.2857
2110	22.8571
2120	24.2857
2130	25.7143
2140	27.1429
2150	27.1429
2160	25.7143
2170	24.3189
2180	22.9435
2190	32.9435
2200	31.701
2210	29.608
2220	28.4452
2230	27.2093
2240	26.0837
2250	23.8765
2260	22.4879
2270	24.4879
2280	25.1545
2290	26.5058
2300	27.1745
2310	26.3291
2320	24.2553
2330	22.3404
2340	32.3404
2350	31.2766
2360	29.3617
2370	27.4468
2380	27.234
2390	26.1702
2400	24.2553
2410	22.3404
2420	24.0598
2430	25.2043
2440	26.4109
2450	26.875
2460	26.0417
2470	24.3631
2480	22.5808
2490	32.5808
2500	31.9022
2510	30.4736
2520	28.2287
2530	26.7347
2540	26.1384
2550	24.5241
2560	22.42
2570	24.62
2580	25.62
2590	26.62
2600	26.8
2610	26.4
2620	24.4
2630	22.4
2640	32.4
2650	32
2660	30
2670	28
2680	26.8
2690	26.4
2700	24.4
2710	22.4
2720	24.5723
2730	25.4723
2740	26.7377
2750	27.1154
2760	26.3462
2770	24.0646
2780	22.5697
2790	32.5697
2800	31.9427
2810	29.1125
2820	27.7917
2830	27.1698
2840	26.5629
2850	23.8099
2860	22.6097
2870	24.2764
2880	24.8319
2890	26.4788
2900	27.4246
2910	26.1706
2920	23.3929
2930	22.6786
2940	32.6786
2950	31.25
2960	28.3929
2970	27.6786
2980	27.6786
2990	26.25
3000	23.3929
3010	22.6786
3020	24.085
3030	24.5862
3040	26.3664
3050	36.3664
3060	34.6422
3070	32.2284
3080	30
3090	26.2069
3100	36.2069
3110	31.5517
3120	26.0345
3130	25
3140	26.2218
3150	26.9798
3160	36.9798
3170	35.6259
3180	32.0339
3190	27.6271
3200	22.3729
3210	24.2373
3220	34.2373
3230	32.7119
3240	30.5085
3250	29.661
3260	26.1017
3270	36.1017
3280	31.6949
3290	26.4407
3300	25.5932
3310	26.9492
3320	27.4576
3330	37.4576
3340	31.9718
3350	28.548
3360	24.3333
3370	24.8333
3380	26.877
3390	27.5874
3400	25.9016
3410	23.4426
3420	22.9508
3430	32.9508
3440	31.0566
3450	28.688
3460	28.3146
3470	27.9032
3480	25.6452
3490	23.3871
3500	23.0292
3510	23.8989
3520	24.8172
3530	26.722
3540	36.722
3550	34.6585
3560	33.1746
3570	28.0952
3580	24.6032
3590	34.6032
3600	29.5238
3610	27.4603
3620	26.6916
3630	27.6535
3640	25.4496
3650	23.6923
3660	23.2308
3670	24
3680	25.2308
3690	35.2308
3700	35.3665
3710	32.1946
3720	27.3529
3730	22.6471
3740	24.5993
3750	34.5993
3760	32.9625
3770	31.3683
3780	29.7101
3790	25.942
3800	35.942
3810	31.4493
3820	26.9565
3830	25.942
3840	27.2464
3850	25.6522
3860	24.0704
3870	23.107
3880	24.5066
3890	25.9352
3900	35.9352
3910	35.1429
3920	31.5587
3930	27.2436
3940	23.2515
3950	25.0323
3960	35.0323
3970	33.5254
3980	32.0659
3990	28.4228
4000	24.8167
4010	34.8167
4020	30
4030	29.1892
4040	28.371
4050	27.1018
4060	25.1776
4070	24.2857
4080	23.3766
4090	24.4156
4100	26.2338
4110	36.2338
4120	35.4036
4130	31.9744
4140	26.8354
4150	22.9114
4160	24.9367
4170	34.9367
4180	32.7848
4190	32.1519
4200	28.2278
4210	24.9367
4220	34.9367
4230	29.7468
4240	28.6076
4250	27.9747
4260	27.3418
4270	25.1899
4280	24.0611
4290	23.4714
4300	24.1573
4310	25.9073
4320	35.9073
4330	35.375
4340	32.2045
4350	26.6373
4360	22.9722
4370	24.8241
4380	34.8241
4390	32.4784
4400	32.1078
4410	28.5772
4420	25.0798
4430	35.0798
4440	29.2683
4450	28.5366
4460	27.824
4470	27.6254
4480	24.8423
4490	23.9286
4500	23.4524
4510	23.8095
4520	25.5952
4530	35.5952
4540	35.4639
4550	32.2947
4560	26.6667
4570	22.8736
4580	24.9425
4590	34.9425
4600	32.5287
4610	32.069
4620	28.2759
4630	25.0575
4640	35.0575
4650	29.6108
4660	28.6703
4670	28.2158
4680	27.2727
4690	25
4700	24.0664
4710	23.65
4720	24.5248
4730	26.0978
4740	36.0978
4750	35.0562
4760	32.1348
4770	26.9663
4780	22.9213
4790	25.1685
4800	35.1685
4810	33.0337
4820	32.0312
4830	28.0331
4840	24.9057
4850	34.9057
4860	29.8889
4870	28.7778
4880	28.0959
4890	27.251
4900	25.151
4910	24.2391
4920	23.3696
4930	24.2391
4940	26.087
4950	36.087
4960	35.2525
4970	31.7532
4980	26.6667
4990	23.2258
5000	25.1613
5010	35.1613
5020	33.1183
5030	31.828
5040	28.3871
5050	24.9462
5060	34.9462
5070	29.8925
5080	29.1398
5090	28.3871
5100	27.0968
5110	25.0538
5120	24.2777
5130	23.5622
5140	24.6036
5150	26.3058
5160	36.3058
5170	35.1064
5180	31.8085
5190	26.9149
5200	23.0851
5210	25.1064
5220	35.1064
5230	33.1915
5240	31.9944
5250	28.1383
5260	25.0461
5270	35.0461
5280	30.1031
5290	28.9691
5300	28.6598
5310	27.1134
5320	25.1546
5330	24.0206
5340	23.7113
5350	24.7423
5360	26.3918
5370	36.3918
5380	34.8454
5390	31.9588
5400	27.0103
5410	23.0928
5420	25.4129
5430	35.4129
5440	33.3323
5450	31.5152
5460	27.8788
5470	25.2525
5480	35.2525
5490	30.101
5500	29.1919
5510	28.8889
5520	26.2626
5530	36.2626
5540	31.104
5550	27.4355
5560	27.5425
5570	27.0588
5580	24.902
5590	23.9216
5600	24.1248
5610	25.0455
5620	26.0381
5630	36.0381
5640	32.4272
5650	30.2913
5660	25.2226
5670	26.0223
5680	36.0223
5690	32.5163
5700	30.4808
5710	25.0962
5720	25.9615
5730	35.9615
5740	32.5513
5750	30.0458
5760	25.7143
5770	26.6667
5780	36.6667
5790	33.3836
5800	27.4753
5810	25.6604
5820	26.6981
5830	36.6981
5840	33.5297
5850	27.4322
5860	25.5028
5870	26.6667
5880	36.6667
5890	33.7037
5900	27.4987
5910	25.4242
5920	26.7467
5930	36.7467
5940	33.6937
5950	27.4775
5960	25.3218
5970	26.7831
5980	36.7831
5990	33.5024
6000	27.4107
6010	25.3571
6020	26.875
6030	36.875
6040	33.4821
6050	27.4107
6060	25.3571
6070	26.875
6080	36.875
6090	33.5295
6100	27.278
6110	25.3097
6120	26.9027
6130	36.9027
6140	33.6143
6150	27.2399
6160	25.466
6170	26.8966
6180	36.8966
6190	33.5345
6200	27.1552
6210	25.5172
6220	26.8966
6230	36.8966
6240	33.5345
6250	27.1552
6260	25.5172
6270	26.8966
6280	36.8966
6290	33.5345
6300	27.1552
6310	25.5172
6320	26.8966
6330	36.8966
6340	33.5802
6350	27.2848
6360	25.7265
6370	26.7521
6380	36.7521
6390	33.5933
6400	27.2657
6410	25.8824
6420	26.6387
6430	36.6387
6440	33.5641
6450	27.2268
6460	25.9352
6470	26.75
6480	36.75
6490	33.4167
6500	27.1801
6510	25.958
6520	26.8292
6530	36.8292
6540	33.2231
6550	27.1074
6560	25.9559
6570	26.8844
6580	36.8844
6590	33.0513
6600	27.0492
6610	25.9836
6620	26.9672
6630	36.9672
6640	33.0781
6650	27.1725
6660	26.1789
6670	26.8293
6680	36.8293
6690	33.0527
6700	27.2758
6710	26.0484
6720	26.7742
6730	36.7742
6740	33.0821
6750	27.4015
6760	26.1618
6770	26.64
6780	36.64
6790	33.04
6800	27.44
6810	26.24
6820	26.64
6830	36.64
6840	33.04
6850	27.44
6860	26.2453
6870	26.562
6880	36.562
6890	33.0332
6900	27.5397
6910	26.4286
6920	26.5079
6930	36.5079
6940	32.9863
6950	27.4935
6960	26.5891
6970	26.5116
6980	36.5116
6990	32.8336
7000	27.4013
7010	26.6154
7020	26.6154
7030	36.6154
7040	32.7692
7050	27.3846
7060	26.6154
7070	26.6154
7080	36.6154
7090	32.7692
7100	27.3846
7110	26.6154
7120	26.6154
7130	36.6154
7140	32.7692
7150	27.3846
7160	26.6074
7170	26.5683
7180	36.5683
7190	32.6802
7200	27.594
7210	26.6917
7220	26.5414
7230	36.5414
7240	32.6731
7250	27.7028
7260	26.8657
7270	26.4179
7280	36.4179
7290	32.5047
7300	27.6457
7310	26.8889
7320	26.5185
7330	36.5185
7340	32.4354
7350	27.6061
7360	26.7932
7370	26.5942
7380	36.5942
7390	32.4638
7400	27.6087
7410	26.7391
7420	26.5942
7430	36.5942
7440	32.4638
7450	27.6087
7460	26.7438
7470	26.6179
7480	36.6179
7490	32.5545
7500	27.482
7510	26.6906
7520	26.6187
7530	36.6187
7540	32.5277
7550	27.5483
7560	26.8794
7570	26.5957
7580	36.5957
7590	32.3508
7600	27.3724
7610	26.8531
7620	26.7133
7630	36.7133
7640	32.4093
7650	27.449
7660	26.8474
7670	26.5517
7680	36.5517
7690	32.4138
7700	27.5862
7710	26.8966
7720	26.5517
7730	36.5517
7740	32.4138
7750	27.5862
7760	26.8966
7770	26.5517
7780	36.5517
7790	32.4138
7800	27.5862
7810	26.8966
7820	26.5517
7830	36.5517
7840	32.3155
7850	27.5489
7860	26.9178
7870	26.6438
7880	36.6438
7890	32.2029
7900	27.3936
7910	26.8919
7920	26.7568
7930	36.7568
7940	32.2607
7950	27.3472
7960	26.9524
7970	26.6667
7980	36.6667
7990	32.3333
8000	27.3333
8010	27
8020	26.6667
8030	36.6667
8040	32.3333
8050	27.3333
8060	27.0041
8070	26.6886
8080	36.6886
8090	32.4179
8100	27.2185
8110	26.9536
8120	26.6887
8130	36.6887
8140	32.3941
8150	27.0857
8160	26.9281
8170	26.7974
8180	36.7974
8190	32.4183
8200	27.0588
8210	26.9281
8220	26.7974
8230	36.7974
8240	32.4332
8250	27.1097
8260	26.834
8270	26.7532
8280	36.7532
8290	32.4675
8300	27.2274
8310	26.8777
8320	26.717
8330	36.717
8340	32.3077
8350	27.2436
8360	26.972
8370	26.7326
8380	36.7326
8390	32.3701
8400	27.3885
8410	26.879
8420	26.6879
8430	36.6879
8440	32.393
8450	27.4817
8460	26.7722
8470	26.6456
8480	36.6456
8490	32.4409
8500	27.6236
8510	26.6667
8520	26.6038
8530	36.6038
8540	32.417
8550	27.6704
8560	26.7026
8570	26.6875
8580	36.6875
8590	32.3125
8600	27.625
8610	26.6875
8620	26.6875
8630	36.6875
8640	32.3125
8650	27.625
8660	26.6956
8670	26.7277
8680	36.7277
8690	32.2661
8700	27.4691
8710	26.6667
8720	26.7901
8730	36.7901
8740	32.3195
8750	27.3752
8760	26.6258
8770	26.8098
8780	36.8098
8790	32.3926
8800	27.362
8810	26.6258
8820	26.8098
8830	36.8098
8840	32.4206
8850	27.3464
8860	26.5134
8870	26.7879
8880	36.7879
8890	32.5455
8900	27.4031
8910	26.4233
8920	26.7556
8930	36.7556
8940	32.5904
8950	27.5301
8960	26.3895
8970	26.6882
8980	36.6882
8990	32.5875
9000	27.6048
9010	26.5269
9020	26.6467
9030	36.6467
9040	32.6084
9050	27.6918
9060	26.4286
9070	26.6071
9080	36.6071
9090	32.5338
9100	27.7057
9110	26.4497
9120	26.6864
9130	36.6864
9140	32.4986
9150	27.6311
9160	26.4255
9170	26.7059
9180	36.7059
9190	32.5882
9200	27.597
9210	26.3524
9220	26.6749
9230	36.6749
9240	32.6316
9250	27.7193
9260	26.3023
9270	26.6678
9280	36.6678
9290	32.6866
9300	27.8488
9310	26.2209
9320	26.6279
9330	36.6279
9340	32.6744
9350	27.8488
9360	26.2209
9370	26.6279
9380	36.6279
9390	32.7067
9400	27.9325
9410	26.3584
9420	26.5318
9430	36.5318
9440	32.6717
9450	27.8589
9460	26.3354
9470	26.5517
9480	36.5517
9490	32.7586
9500	27.8331
9510	26.2928
9520	26.4361
9530	36.4361
9540	32.7841
9550	28.0114
9560	26.3636
9570	26.4205
9580	36.4205
9590	32.7841
9600	28.0114
9610	26.3636
9620	26.4205
9630	36.4205
9640	32.7841
9650	28.0114
9660	26.3636
9670	26.4205
9680	36.4205
9690	32.733
9700	28.0599
9710	26.5169
9720	26.4045
9730	36.4045
9740	32.6404
9750	28.0337
9760	26.5169
9770	26.4045
9780	36.4045
9790	32.6404
9800	28.0222
9810	26.5437
9820	26.4875
9830	36.4875
9840	32.6111
9850	27.8889
9860	26.5
9870	26.5
9880	36.5
9890	32.6111
9900	27.8889
9910	26.5
9920	26.5
9930	36.5
9940	32.5623
9950	27.9371
9960	26.4286
9970	26.5385
9980	36.5385
9990	32.5884
10000	27.9599
10010	26.5217
10020	26.4674
10030	36.4674
10040	32.6087
10050	27.9348
10060	26.5217
10070	26.4674
10080	36.4674
10090	32.6087
10100	27.9157
10110	26.5212
10120	26.494
10130	36.494
10140	32.7027
10150	27.8378
10160	26.4901
10170	26.4342
10180	36.4342
10190	32.6994
10200	27.9032
10210	26.6129
10220	26.3979
10230	36.3978
10240	32.6105
10250	27.873
10260	26.631
10270	26.4706
10280	36.4706
10290	32.49
10300	27.8311
10310	26.6489
10320	26.5426
10330	36.5426
10340	32.4468
10350	27.8191
10360	26.6489
10370	26.5426
10380	36.5426
10390	32.4468
10400	27.8082
10410	26.5943
10420	26.5412
10430	36.5412
10440	32.5789
10450	27.8421
10460	26.5142
10470	26.5278
10480	36.5278
10490	32.6286
10500	27.9581
10510	26.4398
10520	26.4921
10530	36.4921
10540	32.6467
10550	28.0328
10560	26.5625
10570	26.4062
10580	36.4062
10590	32.6328
10600	27.9393
10610	26.5285
10620	26.4249
10630	36.4249
10640	32.6644
10650	27.9249
10660	26.5589
10670	26.4948
10680	36.4948
10690	32.5773
10700	27.8941
10710	26.5714
10720	26.4174
10730	36.4174
10740	32.5641
10750	27.9487
10760	26.6583
10770	26.363
10780	36.363
10790	32.6096
10800	28.1218
10810	26.7005
10820	26.2944
10830	36.2944
10840	32.5434
10850	28.0129
10860	26.6834
10870	26.3819
10880	36.3819
10890	32.5905
10900	28.0613
10910	26.6
10920	26.35
10930	36.35
10940	32.6109
10950	28.0474
10960	26.5794
10970	26.3682
10980	36.3682
10990	32.6866
11000	28.0244
11010	26.5416
11020	26.3928
11030	36.3928
11040	32.6108
11050	28.0788
11060	26.5025
11070	26.4039
11080	36.4039
11090	32.6108
11100	28.0788
11110	26.5025
11120	26.4039
11130	36.4039
11140	32.6379
11150	28.1486
11160	26.4216
11170	26.3725
11180	36.3726
11190	32.6738
11200	28.2554
11210	26.3415
11220	26.3415
11230	36.3415
11240	32.6829
11250	28.2927
11260	26.3415
11270	26.3415
11280	36.3415
11290	32.6829
11300	28.2894
11310	26.3899
11320	26.3418
11330	36.3418
11340	32.6442
11350	28.2212
11360	26.4457
11370	26.3621
11380	36.3621
11390	32.7034
11400	28.134
11410	26.4115
11420	26.3636
11430	36.3636
11440	32.7532
11450	28.0588
11460	26.381
11470	26.381
11480	36.381
11490	32.8095
11500	28.0476
11510	26.381
11520	26.381
11530	36.381
11540	32.8198
11550	27.9978
11560	26.3621
11570	26.3981
11580	36.3981
11590	32.891
11600	27.9621
11610	26.3507
11620	26.3981
11630	36.3981
11640	32.891
11650	27.9621
11660	26.3507
11670	26.3981
11680	36.3981
11690	32.891
11700	27.9621
11710	26.3507
11720	26.3981
11730	36.3981
11740	32.891
11750	27.9621
11760	26.3507
11770	26.3981
11780	36.3981
11790	32.891
11800	27.9621
11810	26.3507
11820	26.3981
11830	36.3981
11840	32.9012
11850	27.9127
11860	26.332
11870	26.4151
11880	36.4151
11890	32.9717
11900	27.861
11910	26.3206
11920	26.4382
11930	36.4382
11940	33.0516
11950	27.7934
11960	26.2803
11970	26.4331
11980	36.4331
11990	33.0941
12000	27.8972
12010	26.215
12020	26.4019
12030	36.4019
12040	33.1089
12050	27.9644
12060	26.3256
12070	26.3256
12080	36.3256
12090	33.0265
12100	27.8555
12110	26.3134
12120	26.4055
12130	36.4055
12140	33.0513
12150	27.869
12160	26.2494
12170	26.3761
12180	36.3761
12190	33.0734
12200	27.9268
12210	26.2615
12220	26.3303
12230	36.3303
12240	33.1364
12250	27.9091
12260	26.3182
12270	26.3182
12280	36.3182
12290	33.1364
12300	27.9091
12310	26.3182
12320	26.3182
12330	36.3182
12340	33.1839
12350	27.9038
12360	26.3964
12370	26.2613
12380	36.2613
12390	33.2216
12400	27.9475
12410	26.3229
12420	26.2332
12430	36.2332
12440	33.238
12450	27.9355
12460	26.3055
12470	26.25
12480	36.25
12490	33.3036
12500	27.8864
12510	26.2947
12520	26.2724
12530	36.2724
12540	33.3778
12550	27.8222
12560	26.2697
12570	26.2237
12580	36.2237
12590	33.3725
12600	27.8761
12610	26.3717
12620	26.1947
12630	36.1947
12640	33.3854
12650	27.9397
12660	26.4758
12670	26.1233
12680	36.1234
12690	33.348
12700	27.9295
12710	26.4758
12720	26.1233
12730	36.1233
12740	33.357
12750	27.9628
12760	26.5372
12770	26.0526
12780	36.0526
12790	33.3333
12800	27.9741
12810	26.5351
12820	26.0545
12830	36.0545
12840	33.4348
12850	28
12860	26.4713
12870	26.0599
12880	36.0599
12890	33.5229
12900	28.0172
12910	26.3793
12920	26.0345
12930	36.0345
12940	33.5559
12950	28.0787
12960	26.4807
12970	25.9657
12980	35.9657
12990	33.4766
13000	27.9772
13010	26.4681
13020	26.0426
13030	36.0426
13040	33.5063
13050	27.9456
13060	26.3924
13070	26.0338
13080	36.0338
13090	33.5865
13100	27.9812
13110	26.3295
13120	26.0136
13130	36.0136
13140	33.6134
13150	28.0672
13160	26.3025
13170	26.0084
13180	36.0084
13190	33.6134
13200	28.0672
13210	26.3025
13220	26.0084
13230	36.0084
13240	33.6134
13250	28.0672
13260	26.3025
13270	26.0084
13280	36.0084
13290	33.6134
13300	28.0672
13310	26.3025
13320	26.0084
13330	36.0084
13340	33.6134
13350	28.0672
13360	26.3025
13370	26.0084
13380	36.0084
13390	33.6134
13400	28.0672
13410	26.3025
13420	26.0084
13430	36.0084
13440	33.6134
13450	28.0672
13460	26.3025
13470	26.0084
13480	36.0084
13490	33.6134
13500	28.0672
13510	26.3025
13520	26.0084
13530	36.0084
13540	33.6548
13550	28.1863
13560	26.3333
13570	25.9167
13580	35.9167
13590	33.5624
13600	28.1841
13610	26.3485
13620	25.9751
13630	35.9751
13640	33.527
13650	28.1743
13660	26.3485
13670	25.9751
13680	35.9751
13690	33.527
13700	28.1806
13710	26.3076
13720	25.9556
13730	35.9556
13740	33.5537
13750	28.2645
13760	26.281
13770	25.9504
13780	35.9504
13790	33.5537
13800	28.2645
13810	26.281
13820	25.9504
13830	35.9504
13840	33.5741
13850	28.3226
13860	26.214
13870	25.9259
13880	35.9259
13890	33.5802
13900	28.3539
13910	26.214
13920	25.9259
13930	35.9259
13940	33.5964
13950	28.3413
13960	26.1426
13970	25.9184
13980	35.9184
13990	33.6735
14000	28.3736
14010	26.0826
14020	25.8993
14030	35.8993
14040	33.6992
14050	28.4553
14060	26.0478
14070	25.8959
14080	35.8959
14090	33.7333
14100	28.5425
14110	25.9919
14120	25.8704
14130	35.8704
14140	33.6636
14150	28.5182
14160	26.0081
14170	25.9274
14180	35.9274
14190	33.629
14200	28.5081
14210	26.0081
14220	25.9274
14230	35.9274
14240	33.6369
14250	28.5378
14260	25.9535
14270	25.9036
14280	35.9036
14290	33.6546
14300	28.6004
14310	25.965
14320	25.8449
14330	35.8449
14340	33.64
14350	28.64
14360	26.043
14370	25.8018
14380	35.8018
14390	33.6339
14400	28.6853
14410	26.1355
14420	25.7769
14430	35.7769
14440	33.6042
14450	28.6517
14460	26.063
14470	25.8268
14480	35.8268
14490	33.6602
14500	28.7697
14510	26.0938
14520	25.7422
14530	35.7422
14540	33.6328
14550	28.7891
14560	26.0938
14570	25.7422
14580	35.7422
14590	33.6328
14600	28.7891
14610	26.0938
14620	25.7422
14630	35.7422
14640	33.6328
14650	28.7891
14660	26.0938
14670	25.7422
14680	35.7422
14690	33.6328
14700	28.7891
14710	26.0938
14720	25.7422
14730	35.7422
14740	33.6517
14750	28.7258
14760	26.07
14770	25.7588
14780	35.7588
14790	33.7152
14800	28.7695
14810	26.1628
14820	25.6977
14830	35.6977
14840	33.6896
14850	28.7879
14860	26.1101
14870	25.6757
14880	35.6757
14890	33.7066
14900	28.8282
14910	26.1016
14920	25.6969
14930	35.6969
14940	33.7692
14950	28.7692
14960	26.0713
14970	25.7073
14980	35.7073
14990	33.8443
15000	28.7786
15010	25.9924
15020	25.687
15030	35.687
15040	33.7969
15050	28.755
15060	26.0076
15070	25.7414
15080	35.7414
15090	33.7249
15100	28.7739
15110	25.9623
15120	25.7736
15130	35.7736
15140	33.6981
15150	28.7925
15160	25.9623
15170	25.7736
15180	35.7736
15190	33.6981
15200	28.7905
15210	25.9474
15220	25.7225
15230	35.7225
15240	33.7687
15250	28.8433
15260	25.9701
15270	25.709
15280	35.709
15290	33.7687
15300	28.8433
15310	25.9701
15320	25.709
15330	35.709
15340	33.7864
15350	28.8943
15360	25.9108
15370	25.6877
15380	35.6877
15390	33.7918
15400	28.9219
15410	25.9108
15420	25.6877
15430	35.6877
15440	33.7763
15450	28.946
15460	25.9886
15470	25.6827
15480	35.6827
15490	33.69
15500	28.9353
15510	26.0344
15520	25.7213
15530	35.7213
15540	33.6029
15550	28.8971
15560	26.0213
15570	25.7369
15580	35.7369
15590	33.6339
15600	28.9744
15610	25.9707
15620	25.7143
15630	35.7143
15640	33.644
15650	29.0241
15660	25.9124
15670	25.6934
15680	35.6934
15690	33.6496
15700	29.0511
15710	25.9124
15720	25.6934
15730	35.6934
15740	33.6496
15750	29.0511
15760	25.9124
15770	25.6934
15780	35.6934
15790	33.6496
15800	29.0511
15810	25.9124
15820	25.6934
15830	35.6934
15840	33.6496
15850	29.0511
15860	25.9124
15870	25.6934
15880	35.6934
15890	33.6496
15900	29.0511
15910	25.9124
15920	25.6934
15930	35.6934
15940	33.6671
15950	29.1005
15960	26
15970	25.6364
15980	35.6364
15990	33.6364
16000	29.0909
16010	26
16020	25.6364
16030	35.6364
16040	33.6433
16050	29.1168
16060	26.0525
16070	25.5797
16080	35.5797
16090	33.6232
16100	29.1357
16110	26.1063
16120	25.5278
16130	35.5278
16140	33.6101
16150	29.1697
16160	26.1733
16170	25.5235
16180	35.5235
16190	33.6101
16200	29.1697
16210	26.1733
16220	25.5235
16230	35.5235
16240	33.6443
16250	29.1584
16260	26.2366
16270	25.4839
16280	35.4839
16290	33.6728
16300	29.1878
16310	26.3214
16320	25.4286
16330	35.4286
16340	33.6429
16350	29.1786
16360	26.3214
16370	25.4286
16380	35.4286
16390	33.6429
16400	29.1837
16410	26.2869
16420	25.4134
16430	35.4134
16440	33.6655
16450	29.2527
16460	26.2633
16470	25.4093
16480	35.4093
16490	33.6655
16500	29.2527
16510	26.2633
16520	25.4093
16530	35.4093
16540	33.6655
16550	29.2527
16560	26.2633
16570	25.4093
16580	35.4093
16590	33.6821
16600	29.1936
16610	26.2411
16620	25.4255
16630	35.4255
16640	33.7018
16650	29.1812
16660	26.2636
16670	25.477
16680	35.477
16690	33.6396
16700	29.157
16710	26.2203
16720	25.4619
16730	35.4619
16740	33.662
16750	29.2254
16760	26.1999
16770	25.4703
16780	35.4703
16790	33.586
16800	29.193
16810	26.2105
16820	25.5088
16830	35.5088
16840	33.5257
16850	29.1699
16860	26.2238
16870	25.5594
16880	35.5594
16890	33.53
16900	29.2541
16910	26.25
16920	25.4861
16930	35.4861
16940	33.5069
16950	29.2708
16960	26.25
16970	25.4861
16980	35.4861
16990	33.5069
17000	29.2758
17010	26.2684
17020	25.4367
17030	35.4367
17040	33.4948
17050	29.308
17060	26.3245
17070	25.4346
17080	35.4346
17090	33.5241
17100	29.3793
17110	26.2759
17120	25.4138
17130	35.4138
17140	33.4813
17150	29.4015
17160	26.3699
17170	25.411
17180	35.411
17190	33.4056
17200	29.3485
17210	26.4407
17220	25.4237
17230	35.4237
17240	33.3898
17250	29.322
17260	26.4407
17270	25.4237
17280	35.4237
17290	33.3898
17300	29.3268
17310	26.4585
17320	25.3757
17330	35.3757
17340	33.3784
17350	29.3581
17360	26.5229
17370	25.384
17380	35.384
17390	33.3063
17400	29.3266
17410	26.532
17420	25.4209
17430	35.4209
17440	33.3159
17450	29.371
17460	26.4765
17470	25.4027
17480	35.4027
17490	33.2877
17500	29.3172
17510	26.4667
17520	25.4667
17530	35.4667
17540	33.3
17550	29.3
17560	26.4667
17570	25.4667
17580	35.4667
17590	33.3
17600	29.3093
17610	26.5014
17620	25.4551
17630	35.4551
17640	33.2119
17650	29.3046
17660	26.5588
17670	25.4756
17680	35.4756
17690	33.1417
17700	29.2739
17710	26.5677
17720	25.5116
17730	35.5116
17740	33.0858
17750	29.2518
17760	26.5789
17770	25.5592
17780	35.5592
17790	33.0756
17800	29.1886
17810	26.5574
17820	25.5738
17830	35.5738
17840	33.1148
17850	29.1803
17860	26.5574
17870	25.5738
17880	35.5738
17890	33.1148
17900	29.1894
17910	26.5911
17920	25.5619
17930	35.5619
17940	33.0293
17950	29.1857
17960	26.645
17970	25.57
17980	35.57
17990	33.0293
18000	29.1857
18010	26.645
18020	25.57
18030	35.57
18040	33.0456
18050	29.2289
18060	26.7208
18070	25.5195
18080	35.5195
18090	32.9872
18100	29.2419
18110	26.8065
18120	25.5161
18130	35.5161
18140	32.9162
18150	29.2224
18160	26.8254
18170	25.5627
18180	35.5627
18190	32.8617
18200	29.2005
18210	26.833
18220	25.597
18230	35.597
18240	32.7885
18250	29.1667
18260	26.8316
18270	25.5909
18280	35.5909
18290	32.7192
18300	29.172
18310	26.9108
18320	25.6051
18330	35.6051
18340	32.7558
18350	29.203
18360	26.9085
18370	25.552
18380	35.552
18390	32.7454
18400	29.2317
18410	26.8652
18420	25.5799
18430	35.5799
18440	32.7337
18450	29.2692
18460	26.9085
18470	25.5312
18480	35.5312
18490	32.7188
18500	29.2812
18510	26.9375
18520	25.5312
18530	35.5312
18540	32.7188
18550	29.2812
18560	26.9375
18570	25.5312
18580	35.5312
18590	32.7188
18600	29.2812
18610	26.9375
18620	25.5312
18630	35.5312
18640	32.7506
18650	29.27
18660	26.9876
18670	25.4969
18680	35.4969
18690	32.7954
18700	29.2435
18710	27.037
18720	25.463
18730	35.463
18740	32.8149
18750	29.2497
18760	26.9932
18770	25.4462
18780	35.4462
18790	32.8308
18800	29.2811
18810	26.9848
18820	25.464
18830	35.464
18840	32.8834
18850	29.2331
18860	26.9585
18870	25.4341
18880	35.4341
18890	32.908
18900	29.3293
18910	26.9817
18920	25.3963
18930	35.3963
18940	32.9115
18950	29.3692
18960	27.0517
18970	25.3495
18980	35.3495
18990	32.8875
19000	29.3617
19010	27.0517
19020	25.3495
19030	35.3495
19040	32.8754
19050	29.379
19060	27.1106
19070	25.3474
19080	35.3474
19090	32.8097
19100	29.3656
19110	27.1299
19120	25.3474
19130	35.3474
19140	32.8097
19150	29.3656
19160	27.1299
19170	25.3474
19180	35.3474
19190	32.8097
19200	29.3656
19210	27.1299
19220	25.3474
19230	35.3474
19240	32.8248
19250	29.405
19260	27.1988
19270	25.3012
19280	35.3012
19290	32.8162
19300	29.4368
19310	27.2673
19320	25.2553
19330	35.2553
19340	32.7808
19350	29.3924
19360	27.2709
19370	25.3134
19380	35.3134
19390	32.7761
19400	29.3473
19410	27.2685
19420	25.2716
19430	35.2716
19440	32.7679
19450	29.375
19460	27.3257
19470	25.2907
19480	35.2907
19490	32.7419
19500	29.2899
19510	27.3077
19520	25.3254
19530	35.3254
19540	32.7663
19550	29.3286
19560	27.3746
19570	25.2802
19580	35.2802
19590	32.7728
19600	29.3102
19610	27.4194
19620	25.2493
19630	35.2493
19640	32.7742
19650	29.2603
19660	27.4223
19670	25.3061
19680	35.3061
19690	32.7697
19700	29.2062
19710	27.3757
19720	25.3116
19730	35.3116
19740	32.8406
19750	29.2174
19760	27.3354
19770	25.3154
19780	35.3154
19790	32.7801
19800	29.1908
19810	27.341
19820	25.3468
19830	35.3468
19840	32.7746
19850	29.1908
19860	27.341
19870	25.3468
19880	35.3468
19890	32.746
19900	29.1228
19910	27.3276
19920	25.4023
19930	35.4023
19940	32.7644
19950	29.1291
19960	27.3664
19970	25.3582
19980	35.3582
19990	32.7507
20000	29.1404
20010	27.3925
20020	25.3582
20030	35.3582
20040	32.7507
20050	29.1404
20060	27.3925
20070	25.3582
20080	35.3582
20090	32.7507
20100	29.1404
20110	27.3925
20120	25.3582
20130	35.3582
20140	32.7651
20150	29.1781
20160	27.4571
20170	25.3143
20180	35.3143
20190	32.7002
20200	29.152
20210	27.4644
20220	25.3561
20230	35.3561
20240	32.6611
20250	29.1422
20260	27.4798
20270	25.3977
20280	35.3977
20290	32.6136
20300	29.1231
20310	27.4853
20320	25.3577
20330	35.3577
20340	32.6062
20350	29.1501
20360	27.5354
20370	25.3541
20380	35.3541
20390	32.6062
20400	29.1501
20410	27.5354
20420	25.3541
20430	35.3541
20440	32.6062
20450	29.1501
20460	27.5354
20470	25.3541
20480	35.3541
20490	32.593
20500	29.205
20510	27.5562
20520	25.3371
20530	35.3371
20540	32.5453
20550	29.2294
20560	27.5304
20570	25.3631
20580	35.3631
20590	32.514
20600	29.2458
20610	27.514
20620	25.3631
20630	35.3631
20640	32.514
20650	29.2458
20660	27.514
20670	25.3631
20680	35.3631
20690	32.514
20700	29.2458
20710	27.514
20720	25.3631
20730	35.3631
20740	32.514
20750	29.2458
20760	27.514
20770	25.3631
20780	35.3631
20790	32.514
20800	29.2458
20810	27.514
20820	25.3631
20830	35.3631
20840	32.5089
20850	29.2306
20860	27.4758
20870	25.4017
20880	35.4017
20890	32.5208
20900	29.2244
20910	27.4515
20920	25.4017
20930	35.4017
20940	32.5208
20950	29.2244
20960	27.4472
20970	25.4146
20980	35.4146
20990	32.4896
21000	29.2562
21010	27.4105
21020	25.427
21030	35.427
21040	32.4936
21050	29.2098
21060	27.3901
21070	25.4396
21080	35.4396
21090	32.5275
21100	29.2033
21110	27.3901
21120	25.4396
21130	35.4396
21140	32.5169
21150	29.2189
21160	27.3654
21170	25.4645
21180	35.4645
21190	32.4863
21200	29.2422
21210	27.3763
21220	25.4554
21230	35.4554
21240	32.4185
21250	29.2391
21260	27.4185
21270	25.462
21280	35.462
21290	32.4185
21300	29.2391
21310	27.4185
21320	25.462
21330	35.462
21340	32.3784
21350	29.2205
21360	27.4255
21370	25.5014
21380	35.5014
21390	32.3577
21400	29.2141
21410	27.4255
21420	25.5014
21430	35.5014
21440	32.3577
21450	29.2141
21460	27.4255
21470	25.5014
21480	35.5014
21490	32.3577
21500	29.2141
21510	27.4255
21520	25.5014
21530	35.5014
21540	32.3577
21550	29.2141
21560	27.4255
21570	25.5014
21580	35.5014
21590	32.3577
21600	29.2141
21610	27.4255
21620	25.5014
21630	35.5014
21640	32.3577
21650	29.2141
21660	27.4255
21670	25.5014
21680	35.5014
21690	32.3577
21700	29.2141
21710	27.4255
21720	25.5014
21730	35.5014
21740	32.3577
21750	29.2141
21760	27.4255
21770	25.5014
21780	35.5014
21790	32.3577
21800	29.2141
21810	27.4255
21820	25.5014
21830	35.5014
21840	32.3577
21850	29.2141
21860	27.4255
21870	25.5014
21880	35.5014
21890	32.3577
21900	29.2141
21910	27.4255
21920	25.5014
21930	35.5014
21940	32.3322
21950	29.1502
21960	27.4124
21970	25.5526
21980	35.5526
21990	32.3592
22000	29.173
22010	27.3656
22020	25.5376
22030	35.5376
22040	32.3498
22050	29.1905
22060	27.3803
22070	25.5764
22080	35.5764
22090	32.3056
22100	29.1689
22110	27.3727
22120	25.5764
22130	35.5764
22140	32.3056
22150	29.1689
22160	27.3684
22170	25.5885
22180	35.5885
22190	32.2765
22200	29.2
22210	27.3333
22220	25.6
22230	35.6
22240	32.2808
22250	29.235
22260	27.3936
22270	25.5585
22280	35.5585
22290	32.2217
22300	29.2105
22310	27.4005
22320	25.5968
22330	35.5968
22340	32.2129
22350	29.1928
22360	27.35
22370	25.5937
22380	35.5937
22390	32.2691
22400	29.2153
22410	27.3606
22420	25.5844
22430	35.5844
22440	32.2047
22450	29.2126
22460	27.3974
22470	25.5685
22480	35.5685
22490	32.2288
22500	29.295
22510	27.4151
22520	25.5352
22530	35.5352
22540	32.247
22550	29.2851
22560	27.4545
22570	25.5065
22580	35.5065
22590	32.2871
22600	29.2629
22610	27.3902
22620	25.5039
22630	35.5039
22640	32.3104
22650	29.2734
22660	27.4043
22670	25.5412
22680	35.5412
22690	32.268
22700	29.2526
22710	27.3969
22720	25.5412
22730	35.5412
22740	32.268
22750	29.2526
22760	27.4006
22770	25.5274
22780	35.5274
22790	32.2991
22800	29.2308
22810	27.4359
22820	25.5128
22830	35.5128
22840	32.3212
22850	29.2643
22860	27.4936
22870	25.4731
22880	35.4731
22890	32.3286
22900	29.2486
22910	27.5318
22920	25.4453
22930	35.4453
22940	32.3516
22950	29.2256
22960	27.483
22970	25.443
22980	35.443
22990	32.4051
23000	29.2405
23010	27.4684
23020	25.443
23030	35.443
23040	32.4051
23050	29.2405
23060	27.4719
23070	25.4296
23080	35.4296
23090	32.3519
23100	29.2443
23110	27.5315
23120	25.4408
23130	35.4408
23140	32.3055
23150	29.227
23160	27.5377
23170	25.4774
23180	35.4774
23190	32.2864
23200	29.2211
23210	27.5377
23220	25.4774
23230	35.4774
23240	32.2917
23250	29.1931
23260	27.5261
23270	25.4887
23280	35.4887
23290	32.3308
23300	29.1729
23310	27.5188
23320	25.4887
23330	35.4887
23340	32.3308
23350	29.1729
23360	27.5188
23370	25.4887
23380	35.4887
23390	32.3308
23400	29.1729
23410	27.5188
23420	25.4887
23430	35.4887
23440	32.344
23450	29.1308
23460	27.5
23470	25.5
23480	35.5
23490	32.3881
23500	29.0831
23510	27.4813
23520	25.5112
23530	35.5112
23540	32.419
23550	29.0773
23560	27.4813
23570	25.5112
23580	35.5112
23590	32.419
23600	29.0748
23610	27.4675
23620	25.5419
23630	35.5419
23640	32.4257
23650	29.0594
23660	27.4257
23670	25.5446
23680	35.5446
23690	32.4257
23700	29.0594
23710	27.4257
23720	25.5446
23730	35.5446
23740	32.4153
23750	29.0343
23760	27.4693
23770	25.5528
23780	35.5528
23790	32.4079
23800	29.0172
23810	27.4693
23820	25.5528
23830	35.5528
23840	32.4079
23850	29.0172
23860	27.4693
23870	25.5528
23880	35.5528
23890	32.4079
23900	29.0172
23910	27.4693
23920	25.5528
23930	35.5528
23940	32.4079
23950	29.0172
23960	27.4693
23970	25.5528
23980	35.5528
23990	32.4079
24000	29.0172
24010	27.4693
24020	25.5528
24030	35.5528
24040	32.4079
24050	29.0172
24060	27.4693
24070	25.5528
24080	35.5528
24090	32.3717
24100	29.0008
24110	27.4755
24120	25.5882
24130	35.5882
24140	32.3581
24150	29.012
24160	27.4397
24170	25.5746
24180	35.5746
24190	32.3716
24200	29.0497
24210	27.4445
24220	25.5398
24230	35.5398
24240	32.3659
24250	29.0732
24260	27.4895
24270	25.5142
24280	35.5142
24290	32.3646
24300	29.0998
24310	27.5426
24320	25.4988
24330	35.4988
24340	32.3243
24350	29.0833
24360	27.5485
24370	25.534
24380	35.534
24390	32.3186
24400	29.1097
24410	27.5061
24420	25.5206
24430	35.5206
24440	32.3245
24450	29.1283
24460	27.5061
24470	25.5206
24480	35.5206
24490	32.3245
24500	29.1194
24510	27.5056
24520	25.5346
24530	35.5346
24540	32.3671
24550	29.0821
24560	27.4824
24570	25.5333
24580	35.5333
24590	32.39
24600	29.1325
24610	27.4458
24620	25.5181
24630	35.5181
24640	32.3982
24650	29.0922
24660	27.4279
24670	25.5288
24680	35.5288
24690	32.3925
24700	29.0703
24710	27.4341
24720	25.5635
24730	35.5635
24740	32.3741
24750	29.0647
24760	27.4341
24770	25.5635
24780	35.5635
24790	32.3741
24800	29.0711
24810	27.4571
24820	25.5552
24830	35.5552
24840	32.315
24850	29.0692
24860	27.494
24870	25.5609
24880	35.5609
24890	32.315
24900	29.0692
24910	27.494
24920	25.5609
24930	35.5609
24940	32.315
24950	29.0692
24960	27.494
24970	25.5609
24980	35.5609
24990	32.28
25000	29.0531
25010	27.5
25020	25.5952
25030	35.5952
25040	32.2619
25050	29.0476
25060	27.5
25070	25.5952
25080	35.5952
25090	32.2619
25100	29.0476
25110	27.5
25120	25.5952
25130	35.5952
25140	32.2619
25150	29.0476
25160	27.5016
25170	25.6042
25180	35.6042
25190	32.2918
25200	29.0024
25210	27.4822
25220	25.6057
25230	35.6057
25240	32.304
25250	29.0024
25260	27.4822
25270	25.6057
25280	35.6057
25290	32.3166
25300	28.9628
25310	27.4645
25320	25.6161
25330	35.6161
25340	32.346
25350	28.9573
25360	27.4645
25370	25.6161
25380	35.6161
25390	32.346
25400	28.955
25410	27.4512
25420	25.6447
25430	35.6447
25440	32.3529
25450	28.9412
25460	27.4118
25470	25.6471
25480	35.6471
25490	32.3529
25500	28.9412
25510	27.4118
25520	25.6471
25530	35.6471
25540	32.3654
25550	28.9021
25560	27.3944
25570	25.6573
25580	35.6573
25590	32.36
25600	28.8813
25610	27.4005
25620	25.6909
25630	35.6909
25640	32.3282
25650	28.8735
25660	27.4131
25670	25.7243
25680	35.7243
25690	32.2897
25700	28.8583
25710	27.4177
25720	25.6908
25730	35.6908
25740	32.2844
25750	28.8811
25760	27.4608
25770	25.6964
25780	35.6964
25790	32.3137
25800	28.8372
25810	27.4419
25820	25.6977
25830	35.6977
25840	32.338
25850	28.7988
25860	27.4246
25870	25.7077
25880	35.7077
25890	32.3912
25900	28.7865
25910	27.3672
25920	25.7044
25930	35.7044
25940	32.4249
25950	28.7991
25960	27.3672
25970	25.7044
25980	35.7044
25990	32.4249
26000	28.7991
26010	27.3672
26020	25.7044
26030	35.7044
26040	32.4249
26050	28.7991
26060	27.3719
26070	25.7002
26080	35.7002
26090	32.4053
26100	28.7615
26110	27.4083
26120	25.711
26130	35.711
26140	32.4083
26150	28.7615
26160	27.4083
26170	25.711
26180	35.711
26190	32.3869
26200	28.709
26210	27.3973
26220	25.7534
26230	35.7534
26240	32.4021
26250	28.6737
26260	27.3868
26270	25.7631
26280	35.7631
26290	32.4374
26300	28.6592
26310	27.3912
26320	25.7303
26330	35.7303
26340	32.4318
26350	28.6818
26360	27.4318
26370	25.7273
26380	35.7273
26390	32.4318
26400	28.6818
26410	27.4318
26420	25.7273
26430	35.7273
26440	32.4439
26450	28.7126
26460	27.483
26470	25.6916
26480	35.6916
26490	32.4383
26500	28.7381
26510	27.5339
26520	25.6561
26530	35.6561
26540	32.4256
26550	28.7489
26560	27.5008
26570	25.6433
26580	35.6433
26590	32.4379
26600	28.781
26610	27.4944
26620	25.6433
26630	35.6433
26640	32.4379
26650	28.781
26660	27.4944
26670	25.6433
26680	35.6433
26690	32.4379
26700	28.781
26710	27.4944
26720	25.6433
26730	35.6433
26740	32.4167
26750	28.7292
26760	27.4831
26770	25.6854
26780	35.6854
26790	32.406
26800	28.7349
26810	27.5392
26820	25.6823
26830	35.6823
26840	32.3809
26850	28.7161
26860	27.5583
26870	25.657
26880	35.657
26890	32.4053
26900	28.7002
26910	27.5717
26920	25.6696
26930	35.6696
26940	32.4444
26950	28.6667
26960	27.5556
26970	25.6667
26980	35.6667
26990	32.4444
27000	28.6667
27010	27.5556
27020	25.6667
27030	35.6667
27040	32.4562
27050	28.6302
27060	27.5388
27070	25.6763
27080	35.6763
27090	32.5067
27100	28.6191
27110	27.4834
27120	25.6733
27130	35.6733
27140	32.5386
27150	28.6313
27160	27.4834
27170	25.6733
27180	35.6733
27190	32.5386
27200	28.6313
27210	27.4834
27220	25.6733
27230	35.6733
27240	32.5386
27250	28.6313
27260	27.4849
27270	25.6815
27280	35.6815
27290	32.4933
27300	28.6123
27310	27.489
27320	25.7048
27330	35.7048
27340	32.4683
27350	28.5624
27360	27.4781
27370	25.7456
27380	35.7456
27390	32.4897
27400	28.5169
27410	27.4617
27420	25.7549
27430	35.7549
27440	32.5036
27450	28.5102
27460	27.4734
27470	25.786
27480	35.786
27490	32.4672
27500	28.4856
27510	27.4666
27520	25.7981
27530	35.7981
27540	32.5054
27550	28.4532
27560	27.451
27570	25.7952
27580	35.7952
27590	32.5054
27600	28.4532
27610	27.451
27620	25.7952
27630	35.7952
27640	32.517
27650	28.483
27660	27.5
27670	25.7609
27680	35.7609
27690	32.5115
27700	28.508
27710	27.462
27720	25.7484
27730	35.7484
27740	32.5163
27750	28.5249
27760	27.462
27770	25.7484
27780	35.7484
27790	32.5163
27800	28.528
27810	27.4398
27820	25.7388
27830	35.7388
27840	32.5325
27850	28.5714
27860	27.4257
27870	25.7439
27880	35.7439
27890	32.5593
27900	28.5313
27910	27.4082
27920	25.7451
27930	35.7451
27940	32.5816
27950	28.5608
27960	27.4569
27970	25.7112
27980	35.7112
27990	32.5443
28000	28.5718
28010	27.5107
28020	25.7082
28030	35.7082
28040	32.5027
28050	28.5756
28060	27.4907
28070	25.7265
28080	35.7265
28090	32.4786
28100	28.5897
28110	27.4786
28120	25.7265
28130	35.7265
28140	32.4786
28150	28.5897
28160	27.4786
28170	25.7265
28180	35.7265
28190	32.4786
28200	28.5897
28210	27.4786
28220	25.7265
28230	35.7265
28240	32.4586
28250	28.6052
28260	27.4468
28270	25.7447
28280	35.7447
28290	32.4581
28300	28.5822
28310	27.431
28320	25.7537
28330	35.7537
28340	32.4761
28350	28.5527
28360	27.4326
28370	25.7928
28380	35.7928
28390	32.4736
28400	28.526
28410	27.4406
28420	25.7846
28430	35.7846
28440	32.4211
28450	28.5263
28460	27.4751
28470	25.7699
28480	35.7699
28490	32.4201
28500	28.5504
28510	27.521
28520	25.7563
28530	35.7563
28540	32.4383
28550	28.5448
28560	27.5523
28570	25.7322
28580	35.7322
28590	32.4477
28600	28.5356
28610	27.5523
28620	25.7322
28630	35.7322
28640	32.4477
28650	28.5356
28660	27.5523
28670	25.7322
28680	35.7322
28690	32.4477
28700	28.528
28710	27.5516
28720	25.7439
28730	35.7439
28740	32.4843
28750	28.4969
28760	27.5365
28770	25.7411
28780	35.7411
28790	32.4843
28800	28.4969
28810	27.5365
28820	25.7411
28830	35.7411
28840	32.5064
28850	28.4914
28860	27.4844
28870	25.738
28880	35.738
28890	32.5058
28900	28.4901
28910	27.4896
28920	25.7676
28930	35.7676
28940	32.4896
28950	28.4855
28960	27.4896
28970	25.7676
28980	35.7676
28990	32.4896
29000	28.4809
29010	27.4987
29020	25.7493
29030	35.7493
29040	32.5207
29050	28.4711
29060	27.5234
29070	25.7324
29080	35.7324
29090	32.5451
29100	28.4568
29110	27.5514
29120	25.7202
29130	35.7202
29140	32.5429
29150	28.5001
29160	27.5665
29170	25.7055
29180	35.7055
29190	32.5153
29200	28.5072
29210	27.5665
29220	25.7055
29230	35.7055
29240	32.5196
29250	28.5218
29260	27.5364
29270	25.6939
29280	35.6939
29290	32.5306
29300	28.551
29310	27.5306
29320	25.6939
29330	35.6939
29340	32.5306
29350	28.551
29360	27.532
29370	25.675
29380	35.675
29390	32.5294
29400	28.5743
29410	27.5764
29420	25.6619
29430	35.6619
29440	32.5255
29450	28.5743
29460	27.5764
29470	25.6619
29480	35.6619
29490	32.5468
29500	28.5688
29510	27.6065
29520	25.6389
29530	35.6389
29540	32.56
29550	28.5743
29560	27.5767
29570	25.6275
29580	35.6275
29590	32.5709
29600	28.6061
29610	27.5501
29620	25.6188
29630	35.6188
29640	32.5859
29650	28.6465
29660	27.532
29670	25.6253
29680	35.6253
29690	32.6296
29700	28.6519
29710	27.4849
29720	25.6137
29730	35.6137
29740	32.6462
29750	28.6792
29760	27.5301
29770	25.5823
29780	35.5823
29790	32.6409
29800	28.6417
29810	27.515
29820	25.5912
29830	35.5912
29840	32.6695
29850	28.6515
29860	27.5417
29870	25.56
29880	35.56
29890	32.66
29900	28.6628
29910	27.5694
29920	25.5315
29930	35.5315
29940	32.6547
29950	28.6826
29960	27.6001
29970	25.5305
29980	35.5305
29990	32.6732
30000	28.7251
30010	27.5697
30020	25.5179
30030	35.5179
30040	32.6897
30050	28.7787
30060	27.5794
30070	25.4762
30080	35.4762
30090	32.6887
30100	28.8163
30110	27.6238
30120	25.4455
30130	35.4455
30140	32.6696
30150	28.8022
30160	27.596
30170	25.4724
30180	35.4724
30190	32.6772
30200	28.7949
30210	27.5876
30220	25.456
30230	35.456
30240	32.7059
30250	28.7843
30260	27.6078
30270	25.451
30280	35.451
30290	32.7059
30300	28.7843
30310	27.6078
30320	25.451
30330	35.451
30340	32.7159
30350	28.8106
30360	27.6517
30370	25.4207
30380	35.4207
30390	32.6715
30400	28.7934
30410	27.6562
30420	25.4492
30430	35.4492
30440	32.6682
30450	28.7951
30460	27.6442
30470	25.4175
30480	35.4175
30490	32.699
30500	28.8209
30510	27.6398
30520	25.3821
30530	35.3821
30540	32.7079
30550	28.8781
30560	27.6564
30570	25.3863
30580	35.3863
30590	32.6857
30600	28.9017
30610	27.6301
30620	25.395
30630	35.395
30640	32.688
30650	28.9274
30660	27.6731
30670	25.3654
30680	35.3654
30690	32.6925
30700	28.9741
30710	27.682
30720	25.3257
30730	35.3257
30740	32.682
30750	28.9847
30760	27.682
30770	25.3257
30780	35.3257
30790	32.682
30800	28.9804
30810	27.6906
30820	25.3102
30830	35.3102
30840	32.7099
30850	28.9695
30860	27.7125
30870	25.3202
30880	35.3202
30890	32.6936
30900	28.9164
30910	27.6996
30920	25.3422
30930	35.3422
30940	32.6996
30950	28.9164
30960	27.6996
30970	25.3422
30980	35.3422
30990	32.7092
31000	28.9416
31010	27.666
31020	25.3321
31030	35.3321
31040	32.7021
31050	28.9544
31060	27.6761
31070	25.3598
31080	35.3598
31090	32.6705
31100	28.942
31110	27.6794
31120	25.3805
31130	35.3805
31140	32.6276
31150	28.9225
31160	27.6749
31170	25.3875
31180	35.3875
31190	32.6276
31200	28.9225
31210	27.6749
31220	25.3875
31230	35.3875
31240	32.6284
31250	28.9287
31260	27.6735
31270	25.3846
31280	35.3846
31290	32.6083
31300	28.943
31310	27.7196
31320	25.3832
31330	35.3832
31340	32.5833
31350	28.9476
31360	27.7443
31370	25.3545
31380	35.3545
31390	32.5746
31400	28.9578
31410	27.77
31420	25.3283
31430	35.3283
31440	32.5698
31450	28.9758
31460	27.8026
31470	25.3259
31480	35.3259
31490	32.5698
31500	28.9758
31510	27.8026
31520	25.3259
31530	35.3259
31540	32.5698
31550	28.9758
31560	27.8026
31570	25.3259
31580	35.3259
31590	32.5698
31600	28.9758
31610	27.8026
31620	25.3259
31630	35.3259
31640	32.5736
31650	28.9887
31660	27.7751
31670	25.316
31680	35.316
31690	32.5836
31700	29.0106
31710	27.7778
31720	25.301
31730	35.301
31740	32.6111
31750	29
31760	27.7963
31770	25.2963
31780	35.2963
31790	32.6111
31800	29
31810	27.7963
31820	25.2963
31830	35.2963
31840	32.6205
31850	28.969
31860	27.7819
31870	25.305
31880	35.305
31890	32.6526
31900	28.9894
31910	27.7491
31920	25.2952
31930	35.2952
31940	32.6496
31950	29.0145
31960	27.7316
31970	25.3125
31980	35.3125
31990	32.6287
32000	29.0307
32010	27.7105
32020	25.2794
32030	35.2794
32040	32.6374
32050	29.0843
32060	27.7314
32070	25.2653
32080	35.2653
32090	32.6584
32100	29.0693
32110	27.7555
32120	25.2555
32130	35.2555
32140	32.6734
32150	29.0934
32160	27.796
32170	25.2277
32180	35.2277
32190	32.6776
32200	29.0826
32210	27.7495
32220	25.2269
32230	35.2269
32240	32.7078
32250	29.1051
32260	27.7228
32270	25.2174
32280	35.2174
32290	32.7174
32300	29.1353
32310	27.7347
32320	25.2121
32330	35.2121
32340	32.6715
32350	29.1336
32360	27.7617
32370	25.2166
32380	35.2166
32390	32.6715
32400	29.1336
32410	27.7617
32420	25.2166
32430	35.2166
32440	32.6715
32450	29.1336
32460	27.7617
32470	25.2166
32480	35.2166
32490	32.6626
32500	29.1146
32510	27.7917
32520	25.2244
32530	35.2244
32540	32.65
32550	29.1127
32560	27.7747
32570	25.2415
32580	35.2415
32590	32.6297
32600	29.1234
32610	27.7639
32620	25.2415
32630	35.2415
32640	32.6297
32650	29.1234
32660	27.7651
32670	25.2485
32680	35.2485
32690	32.5927
32700	29.1071
32710	27.7679
32720	25.2679
32730	35.2679
32740	32.5717
32750	29.065
32760	27.758
32770	25.3025
32780	35.3025
32790	32.5891
32800	29.0804
32810	27.7975
32820	25.2753
32830	35.2753
32840	32.5791
32850	29.0886
32860	27.7713
32870	25.266
32880	35.266
32890	32.5887
32900	29.1159
32910	27.7744
32920	25.2854
32930	35.2854
32940	32.5487
32950	29.0973
32960	27.7711
32970	25.299
32980	35.299
32990	32.5705
33000	29.0636
33010	27.7562
33020	25.3004
33030	35.3004
33040	32.5885
33050	29.0869
33060	27.7954
33070	25.2734
33080	35.2734
33090	32.5839
33100	29.1061
33110	27.7641
33120	25.2641
33130	35.2641
33140	32.5951
33150	29.1123
33160	27.7298
33170	25.2632
33180	35.2632
33190	32.6316
33200	29.1252
33210	27.7277
33220	25.2824
33230	35.2824
33240	32.5919
33250	29.1068
33260	27.7233
33270	25.289
33280	35.289
33290	32.5919
33300	29.1068
33310	27.7233
33320	25.289
33330	35.289
33340	32.5659
33350	29.0949
33360	27.7273
33370	25.3147
33380	35.3147
33390	32.5524
33400	29.0909
33410	27.7273
33420	25.3147
33430	35.3147
33440	32.556
33450	29.1029
33460	27.7015
33470	25.3054
33480	35.3054
33490	32.5654
33500	29.1321
33510	27.6869
33520	25.3175
33530	35.3175
33540	32.5391
33550	29.1478
33560	27.6708
33570	25.3059
33580	35.3059
33590	32.538
33600	29.1667
33610	27.7083
33620	25.2951
33630	35.2951
33640	32.5524
33650	29.1602
33660	27.6644
33670	25.2941
33680	35.2941
33690	32.5866
33700	29.1922
33710	27.6339
33720	25.285
33730	35.285
33740	32.5804
33750	29.2035
33760	27.643
33770	25.3103
33780	35.3103
33790	32.5517
33800	29.188
33810	27.6283
33820	25.2896
33830	35.2896
33840	32.59
33850	29.211
33860	27.6329
33870	25.283
33880	35.283
33890	32.59
33900	29.211
33910	27.6329
33920	25.283
33930	35.283
33940	32.59
33950	29.211
33960	27.6329
33970	25.283
33980	35.283
33990	32.5987
34000	29.182
34010	27.6199
34020	25.2911
34030	35.2911
34040	32.6233
34050	29.1898
34060	27.6427
34070	25.265
34080	35.265
34090	32.6154
34100	29.1966
34110	27.6581
34120	25.265
34130	35.265
34140	32.6154
34150	29.1966
34160	27.6593
34170	25.2495
34180	35.2495
34190	32.6141
34200	29.215
34210	27.6962
34220	25.2389
34230	35.2389
34240	32.6195
34250	29.2373
34260	27.6661
34270	25.23
34280	35.23
34290	32.5981
34300	29.2386
34310	27.6701
34320	25.2551
34330	35.2551
34340	32.585
34350	29.2347
34360	27.6701
34370	25.2551
34380	35.2551
34390	32.585
34400	29.237
34410	27.6782
34420	25.2738
34430	35.2738
34440	32.5467
34450	29.219
34460	27.6752
34470	25.2647
34480	35.2647
34490	32.5455
34500	29.2373
34510	27.7119
34520	25.2542
34530	35.2542
34540	32.5424
34550	29.2373
34560	27.7119
34570	25.2542
34580	35.2542
34590	32.5424
34600	29.2373
34610	27.7119
34620	25.2542
34630	35.2542
34640	32.5492
34650	29.2299
34660	27.679
34670	25.2534
34680	35.2534
34690	32.5845
34700	29.2382
34710	27.6595
34720	25.2753
34730	35.2753
34740	32.5882
34750	29.2269
34760	27.6326
34770	25.2904
34780	35.2904
34790	32.5741
34800	29.1792
34810	27.6214
34820	25.3099
34830	35.3099
34840	32.5796
34850	29.1792
34860	27.6214
34870	25.3099
34880	35.3099
34890	32.5796
34900	29.1792
34910	27.6214
34920	25.3099
34930	35.3099
34940	32.583
34950	29.1907
34960	27.6437
34970	25.2843
34980	35.2843
34990	32.5753
35000	29.2018
35010	27.6749
35020	25.2792
35030	35.2792
35040	32.5333
35050	29.2
35060	27.7
35070	25.2833
35080	35.2833
35090	32.5333
35100	29.2
35110	27.7
35120	25.2833
35130	35.2833
35140	32.5333
35150	29.2
35160	27.7
35170	25.2833
35180	35.2833
35190	32.5418
35200	29.2218
35210	27.6705
35220	25.2745
35230	35.2745
35240	32.5525
35250	29.2274
35260	27.6848
35270	25.257
35280	35.257
35290	32.5705
35300	29.2228
35310	27.7028
35320	25.2753
35330	35.2753
35340	32.5331
35350	29.2053
35360	27.6998
35370	25.2664
35380	35.2664
35390	32.532
35400	29.2231
35410	27.7355
35420	25.2562
35430	35.2562
35440	32.5373
35450	29.1952
35460	27.7228
35470	25.264
35480	35.264
35490	32.5745
35500	29.1852
35510	27.7467
35520	25.2467
35530	35.2467
35540	32.5856
35550	29.1889
35560	27.7225
35570	25.2381
35580	35.2381
35590	32.5944
35600	29.2118
35610	27.7176
35620	25.2381
35630	35.2381
35640	32.5944
35650	29.2118
35660	27.7138
35670	25.2396
35680	35.2396
35690	32.6096
35700	29.2459
35710	27.6885
35720	25.2295
35730	35.2295
35740	32.6231
35750	29.2396
35760	27.6471
35770	25.2288
35780	35.2288
35790	32.6716
35800	29.2634
35810	27.6423
35820	25.2033
35830	35.2033
35840	32.6732
35850	29.2664
35860	27.6509
35870	25.2273
35880	35.2273
35890	32.6461
35900	29.2554
35910	27.6539
35920	25.2046
35930	35.2046
35940	32.6418
35950	29.2707
35960	27.6797
35970	25.2105
35980	35.2105
35990	32.6765
36000	29.273
