10	10
20	2
30	2
40	2
50	2
60	2
70	3.66667
80	7
90	17
100	18
110	13.3333
120	16.6667
130	16.6667
140	26.6667
150	16.6667
160	16.6667
170	26.6667
180	16.6667
190	16.6667
200	26.6667
210	18.8
220	21.2
230	31.2
240	29.2
250	29.6
260	28.0571
270	38.0571
280	31.4571
290	24.8
300	34.8
310	31.9429
320	31.2
330	29.5714
340	39.5714
350	33.4
360	31
370	41
380	36.1636
390	30.7455
400	25.2182
410	35.2182
420	34.3091
430	29.7636
440	39.7636
450	34.8571
460	33.3636
470	29
480	39
490	29.2857
500	28.5714
510	27.8571
520	37.8571
530	36.4286
540	32.1429
550	24.2857
560	23.5714
570	33.5714
580	32.1429
590	27.8571
600	37.8571
610	36.4286
620	33.6518
630	29.1339
640	39.1339
650	30.3125
660	29.0625
670	39.0625
680	36.25
690	33.125
700	28.125
710	23.125
720	33.125
730	31.875
740	41.875
750	38.2243
760	35.3309
770	45.3309
780	38.4338
790	27.0588
800	37.0588
810	33.085
820	31.5359
830	28.0261
840	24.4444
850	34.4444
860	33.3333
870	30
880	40
890	34.4444
900	31.1111
910	41.1111
920	34.6023
930	28.269
940	38.269
950	35.3918
960	32.6316
970	42.6316
980	34.0718
990	28.1005
1000	38.1005
1010	34.8158
1020	31.3636
1030	41.3636
1040	35
1050	28.6364
1060	38.6364
1070	35
1080	31.3636
1090	41.3636
1100	35.2045
1110	28.4811
1120	38.4811
1130	35.5833
1140	30.8333
1150	40.8333
1160	36.0064
1170	28.9327
1180	38.9327
1190	35.6827
1200	31.8846
1210	41.8846
1220	37.7821
1230	31.8177
1240	41.8177
1250	36.0527
1260	34.8632
1270	44.8632
1280	39.541
1290	33.8447
1300	43.8447
1310	38.0003
1320	36.1632
1330	46.1632
1340	42.231
1350	36.3944
1360	46.3944
1370	40.7299
1380	39.046
1390	49.046
1400	45.4977
1410	40.0138
1420	50.0138
1430	44.5299
1440	40.9677
1450	37.4194
1460	33.8992
1470	43.8992
1480	35.2782
1490	30.0685
1500	40.0686
1510	38.7823
1520	35.6838
1530	45.6838
1540	39.0133
1550	34.2709
1560	44.2709
1570	43.3277
1580	40.6004
1590	50.6004
1600	44.2368
1610	39.6914
1620	35.4545
1630	34.5294
1640	44.5294
1650	39.787
1660	32.8458
1670	42.8458
1680	36.2112
1690	35.623
1700	45.623
1710	40.9171
1720	36.5053
1730	46.5053
1740	42.3877
1750	40.8824
1760	36.1765
1770	32.0588
1780	42.0588
1790	37.6471
1800	33.5294
1810	28.8235
1820	29.982
1830	31.567
1840	41.567
1850	40.2075
1860	36.1716
1870	35.8333
1880	34.1667
1890	44.1667
1900	38.845
1910	34.6053
1920	44.6053
1930	36.0965
1940	34.9393
1950	44.9393
1960	40.6511
1970	36.1032
1980	46.1032
1990	42.2267
2000	39.919
2010	49.919
2020	42.996
2030	40.5128
2040	36.1538
2050	32.3077
2060	42.3077
2070	38
2080	31.2179
2090	41.2179
2100	38.1154
2110	34.5577
2120	33.5577
2130	31.5577
2140	41.5577
2150	40.3077
2160	39.0577
2170	35.3077
2180	34
2190	32.0488
2200	42.0488
2210	38.7134
2220	34.4573
2230	28.2927
2240	28.5366
2250	38.5366
2260	37.561
2270	35.3659
2280	31.9512
2290	32.1951
2300	33.4146
2310	43.4146
2320	41.2195
2330	37.8049
2340	36.0976
2350	34.3902
2360	44.3902
2370	39.0244
2380	34.3902
2390	28.2927
2400	28.5366
2410	29.7561
2420	39.7561
2430	37.561
2440	34.1463
2450	34.3902
2460	33.4146
2470	33.6585
2480	43.6585
2490	40.2439
2500	38.5366
2510	36.8293
2520	33.6585
2530	43.6585
2540	36.5854
2550	30.4878
2560	30.7317
2570	29.7561
2580	30
2590	40
2600	36.5854
2610	36.8293
2620	35.8537
2630	33.6585
2640	32.9268
2650	42.9268
2660	41.2195
2670	39.5122
2680	36.3415
2690	31.7073
2700	41.7073
2710	32.9268
2720	33.1893
2730	31.9535
2740	29.8978
2750	29.3833
2760	39.3833
2770	39.8595
2780	37.9769
2790	36.1496
2800	32.6424
2810	42.6424
2820	30.7243
2830	40.7243
2840	37.6744
2850	33.7209
2860	43.7209
2870	34.186
2880	31.3953
2890	41.3953
2900	39.7674
2910	36.7442
2920	46.7442
2930	40
2940	36.0465
2950	46.0465
2960	42.093
2970	40.9302
2980	50.9302
2990	44.186
3000	40.2326
3010	50.2326
3020	46.2902
3030	40.101
3040	36.3187
3050	30.7505
3060	40.7505
3070	34.7727
3080	33.4486
3090	29.9783
3100	29.4427
3110	30.6877
3120	40.6877
3130	39.8182
3140	36.7969
3150	35.6942
3160	34.6161
3170	31.7299
3180	41.7299
3190	38.9362
3200	33.6077
3210	29.4936
3220	28.6962
3230	38.6962
3240	38.594
3250	35.594
3260	33.594
3270	32.594
3280	42.594
3290	30.3
3300	40.3
3310	36.3
3320	31.9
3330	41.9
3340	36.5
3350	32.2
3360	42.2
3370	40.2
3380	35.7553
3390	45.7553
3400	42.6545
3410	37.2227
3420	47.2227
3430	44.4776
3440	40.6903
3450	50.6903
3460	47.2886
3470	41.6892
3480	51.6892
3490	42.7088
3500	35.4254
3510	45.4254
3520	39.0103
3530	32.8611
3540	32.6792
3550	30.6558
3560	40.6558
3570	39.8392
3580	37.9428
3590	47.9428
3600	42.8928
3610	40.0357
3620	50.0357
3630	43.9971
3640	40.6488
3650	36.9919
3660	46.9919
3670	39.698
3680	49.698
3690	42.8397
3700	34.1773
3710	44.1773
3720	40.7982
3730	36.2689
3740	46.2689
3750	42.4758
3760	37.993
3770	47.993
3780	45.8621
3790	41.3793
3800	36.2069
3810	46.2069
3820	36.8966
3830	32.4138
3840	42.4138
3850	37.931
3860	36.5517
3870	46.5517
3880	40
3890	37.5862
3900	47.5862
3910	43.1034
3920	41.0345
3930	37.2414
3940	47.2414
3950	40.1724
3960	35.6897
3970	31.2069
3980	27.4138
3990	29.8276
4000	39.8276
4010	39.4828
4020	37.4138
4030	33.6207
4040	33.2773
4050	31.9334
4060	41.9334
4070	39.6283
4080	34.6184
4090	28.3051
4100	28.9799
4110	38.9799
4120	38.5582
4130	35.9692
4140	32.5862
4150	33.3333
4160	32.3273
4170	42.3273
4180	39.3913
4190	34.506
4200	28.0492
4210	29.0299
4220	39.0299
4230	38.4394
4240	36.2594
4250	31.8712
4260	32.9032
4270	32.2581
4280	42.2581
4290	39.6774
4300	35.1613
4310	27.7419
4320	28.871
4330	38.871
4340	38.2993
4350	36.2678
4360	31.8761
4370	33.0525
4380	32.5397
4390	42.5397
4400	39.2307
4410	35.0082
4420	27.9859
4430	29.3566
4440	39.3566
4450	38.4191
4460	36.7004
4470	32.6379
4480	32.6562
4490	32.3438
4500	42.3438
4510	39.2188
4520	35.1209
4530	28.3022
4540	29.7692
4550	39.7692
4560	38.9764
4570	36.6688
4580	32.7897
4590	32.6007
4600	32.5058
4610	42.5058
4620	39.7231
4630	35.1515
4640	27.8788
4650	29.5455
4660	39.5455
4670	38.9394
4680	36.8182
4690	32.4242
4700	32.4269
4710	32.4808
4720	42.4808
4730	39.4911
4740	34.8414
4750	44.8414
4760	35.8824
4770	36.1765
4780	46.1765
4790	41.4706
4800	36.0294
4810	46.0294
4820	41.9356
4830	40.4868
4840	35.896
4850	45.896
4860	40.7662
4870	35.5072
4880	31.6041
4890	27.1652
4900	29.9373
4910	39.9373
4920	39.2012
4930	37.7727
4940	33.487
4950	33.1429
4960	32
4970	42
4980	39.1429
4990	34.8571
5000	44.8571
5010	36.5714
5020	35.4286
5030	45.4286
5040	41.1429
5050	36.1429
5060	46.1429
5070	42.3984
5080	41.0826
5090	36.744
5100	46.744
5110	40.3885
5120	35.8511
5130	31.9717
5140	27.4466
5150	30.4895
5160	40.4895
5170	39.8228
5180	38.043
5190	48.043
5200	42.2509
5210	40.0711
5220	38.0404
5230	32.9088
5240	42.9088
5250	36.1066
5260	32.5439
5270	30.6714
5280	30.0709
5290	40.0709
5300	39.7702
5310	37.8933
5320	47.8933
5330	41.9471
5340	40.3128
5350	38
5360	33.0111
5370	43.0111
5380	36.0714
5390	32.6631
5400	30.8113
5410	40.8113
5420	38.6268
5430	38.1764
5440	36.4222
5450	46.4222
5460	40.994
5470	38.4146
5480	36.7073
5490	46.7073
5500	42.0732
5510	35.4878
5520	32.3171
5530	27.6829
5540	30.3637
5550	40.3637
5560	39.8163
5570	38.2113
5580	48.2113
5590	42.975
5600	40.3672
5610	37.7489
5620	33.0795
5630	43.0795
5640	35.8462
5650	32.9762
5660	31.0714
5670	30.3571
5680	40.3571
5690	39.6429
5700	37.7381
5710	47.7381
5720	42.7583
5730	40.1857
5740	37.7445
5750	32.9966
5760	42.9966
5770	36
5780	33.3015
5790	31.5813
5800	41.5813
5810	38.9123
5820	38.43
5830	36.8021
5840	46.8021
5850	42.1509
5860	38.4884
5870	36.8605
5880	46.8605
5890	41.9767
5900	35.2326
5910	32.6744
5920	28.1395
5930	30.6977
5940	40.6977
5950	40.2326
5960	38.6047
5970	48.6047
5980	43.9535
5990	40.3488
6000	37.3256
6010	32.7907
6020	42.7907
6030	36.0465
6040	33.4884
6050	31.8605
6060	30.6977
6070	40.6977
6080	40.247
6090	38.6725
6100	48.6726
6110	43.6942
6120	40.1449
6130	37.2414
6140	32.8929
6150	42.8929
6160	36.1897
6170	32.8774
6180	31.6415
6190	41.6415
6200	39.0423
6210	38.4084
6220	36.9399
6230	33.0104
6240	30.8889
6250	40.8889
6260	40.1802
6270	37.413
6280	33.5449
6290	27.0956
6300	37.0956
6310	37.8565
6320	37.0213
6330	35.5585
6340	31.9229
6350	31.2397
6360	41.2397
6370	39.8947
6380	37.2849
6390	33.3071
6400	27.0271
6410	37.0271
6420	37.2653
6430	36.9561
6440	35.1076
6450	31.6085
6460	31.3752
6470	41.3752
6480	39.7086
6490	37.449
6500	33.372
6510	26.792
6520	36.792
6530	37.2184
6540	37.1816
6550	35.6816
6560	31.6816
6570	31
6580	41
6590	39.6
6600	37.6
6610	47.6
6620	40.8
6630	32.3735
6640	42.3735
6650	40.8216
6660	38.9588
6670	48.9588
6680	42.4608
6690	38.3431
6700	35.4902
6710	33.7255
6720	31.9608
6730	41.9608
6740	35.5373
6750	31.5272
6760	41.5272
6770	39.6213
6780	37.6762
6790	47.6762
6800	41.7061
6810	37.9106
6820	47.9106
6830	44.2542
6840	40.4262
6850	36.6355
6860	46.6355
6870	38.2697
6880	31.8119
6890	41.8119
6900	40.1838
6910	38.5918
6920	48.5918
6930	42.6551
6940	38.3887
6950	35.149
6960	33.6612
6970	31.7273
6980	41.7273
6990	36.0032
7000	31.9481
7010	41.9481
7020	40.2175
7030	37.8961
7040	47.8961
7050	42.4062
7060	38.5393
7070	48.5393
7080	44.6192
7090	40.4425
7100	36.221
7110	46.221
7120	38.2068
7130	32.0072
7140	42.0072
7150	39.6102
7160	37.6794
7170	47.6794
7180	42.2174
7190	38.3215
7200	35.9063
7210	33.6032
7220	31.3094
7230	41.3094
7240	35.9857
7250	32.2138
7260	42.2138
7270	39.502
7280	37.2986
7290	47.2986
7300	41.919
7310	38.2479
7320	48.2479
7330	45.0598
7340	40.3361
7350	36.2185
7360	46.2185
7370	37.9832
7380	32.1008
7390	42.1008
7400	39.4958
7410	37.395
7420	47.395
7430	41.7647
7440	38.1513
7450	36.0504
7460	33.4454
7470	31.3445
7480	41.3445
7490	35.7143
7500	32.1008
7510	42.1008
7520	39.5166
7530	37.3369
7540	47.3369
7550	41.8617
7560	38.0406
7570	48.0406
7580	45.0413
7590	40.5785
7600	36.1157
7610	46.1157
7620	38.1818
7630	31.9835
7640	41.9835
7650	39.6237
7660	37.1269
7670	47.1269
7680	41.9258
7690	37.8187
7700	36.017
7710	33.84
7720	31.1928
7730	41.1928
7740	36.1542
7750	31.6935
7760	41.6936
7770	39.502
7780	37.0212
7790	47.0212
7800	42.2197
7810	37.4578
7820	47.4578
7830	45.015
7840	40.6193
7850	35.9249
7860	45.9249
7870	38.8189
7880	31.7418
7890	41.7418
7900	39.303
7910	36.6053
7920	46.6053
7930	42.0645
7940	37.5426
7950	36.2703
7960	33.6549
7970	30.7846
7980	40.7846
7990	36.3566
8000	31.938
8010	41.938
8020	39.3798
8030	36.3566
8040	46.3566
8050	41.938
8060	37.5194
8070	47.5194
8080	45.4264
8090	40.7752
8100	35.5814
8110	45.5814
8120	38.7597
8130	31.9563
8140	41.9563
8150	39.2872
8160	36.38
8170	46.38
8180	41.7433
8190	37.5448
8200	36.4885
8210	33.6641
8220	30.8397
8230	40.8397
8240	36.1832
8250	31.9847
8260	41.9847
8270	39.1603
8280	36.3359
8290	46.3359
8300	41.6794
8310	37.4809
8320	47.4809
8330	44.6565
8340	41.8321
8350	51.8321
8360	44.7521
8370	37.5913
8380	47.5914
8390	38.7882
8400	33.6283
8410	43.6283
8420	41.0217
8430	36.0673
8440	46.0673
8450	42.2135
8460	38.9303
8470	48.9303
8480	46.3704
8490	41.2593
8500	34.6667
8510	44.6667
8520	38.5926
8530	33.037
8540	43.037
8550	37.8929
8560	35.4729
8570	45.4729
8580	41.7559
8590	38.4977
8600	48.4977
8610	43.024
8620	40.6395
8630	36.2669
8640	32.6503
8650	42.6503
8660	37.2597
8670	31.5256
8680	41.5256
8690	39.3176
8700	35.818
8710	45.818
8720	42.3511
8730	36.7308
8740	46.7308
8750	44.3447
8760	40.9424
8770	50.9424
8780	32.356
8790	42.356
8800	34.0836
8810	31.6207
8820	41.6207
8830	36.1
8840	34.146
8850	44.146
8860	38.3301
8870	35.7216
8880	45.7216
8890	42.5175
8900	39.3182
8910	49.3182
8920	43.5004
8930	40.7373
8940	35.9687
8950	32.9371
8960	42.9371
8970	37.2836
8980	31.3709
8990	41.3709
9000	38.5805
9010	35.6442
9020	45.6442
9030	42.2843
9040	36.5124
9050	46.5124
9060	43.4514
9070	40.6733
9080	50.6733
9090	32.5033
9100	42.5034
9110	34.332
9120	31.2365
9130	41.2365
9140	36.068
9150	33.9456
9160	43.9456
9170	38.4354
9180	35.3741
9190	45.3741
9200	42.2812
9210	38.8361
9220	48.8361
9230	43.3888
9240	40.3952
9250	50.3952
9260	46.5605
9270	41
9280	51
9290	43.2692
9300	35.147
9310	45.147
9320	37.5483
9330	34.3775
9340	44.3775
9350	41.2358
9360	35.7219
9370	45.7219
9380	42.2119
9390	39.0993
9400	37.947
9410	34.8344
9420	44.8344
9430	36.755
9440	33.2195
9450	43.2195
9460	37.9575
9470	34.8952
9480	44.8952
9490	39.492
9500	35.6837
9510	45.6837
9520	42.5295
9530	39.5528
9540	49.5528
9550	44.2503
9560	40.5073
9570	50.5073
9580	46.3477
9590	40.8925
9600	35.9197
9610	45.9197
9620	37.8825
9630	31.6498
9640	41.6498
9650	38.5405
9660	35.5292
9670	45.5292
9680	40.1446
9690	36.2984
9700	46.2984
9710	43.2215
9720	40.1446
9730	50.1446
9740	44.7714
9750	40.9502
9760	50.9502
9770	46.3366
9780	41.1454
9790	51.1454
9800	43.3758
9810	35.5414
9820	45.5414
9830	37.1975
9840	34.2038
9850	44.2038
9860	40.828
9870	35.5495
9880	45.5495
9890	41.8278
9900	38.6606
9910	48.6606
9920	45.3624
9930	40.1805
9940	37.2303
9950	33.5953
9960	30.1328
9970	40.1328
9980	36.889
9990	31.8198
10000	41.8198
10010	38.2859
10020	34.766
10030	44.766
10040	41.2744
10050	36.2993
10060	46.2993
10070	42.8496
10080	39.1282
10090	49.1281
10100	45.7203
10110	40.838
10120	50.838
10130	46.6332
10140	40.7606
10150	34.7531
10160	44.7531
10170	39.2273
10180	31.8786
10190	41.8786
10200	38.2891
10210	34.4164
10220	44.4164
10230	41.2457
10240	36.2457
10250	46.2457
10260	42.7091
10270	38.8067
10280	37.8058
10290	34.6641
10300	29.7274
10310	39.7274
10320	36.0552
10330	31.988
10340	41.988
10350	38.9759
10360	34.1566
10370	44.1566
10380	40.4217
10390	36.3253
10400	46.3253
10410	43.2195
10420	38.4446
10430	48.4446
10440	44.7782
10450	40.7662
10460	50.7662
10470	47.0744
10480	41.605
10490	34.4778
10500	44.4778
10510	38.631
10520	31.9643
10530	41.9643
10540	38.75
10550	34.1071
10560	44.1071
10570	40.5357
10580	36.25
10590	46.25
10600	43.0357
10610	38.3929
10620	48.3929
10630	44.8214
10640	40.5132
10650	37.6624
10660	34.4807
10670	29.8883
10680	39.8883
10690	36.3905
10700	31.8343
10710	41.8343
10720	38.6982
10730	34.142
10740	44.142
10750	40.6509
10760	36.0947
10770	46.0947
10780	42.9586
10790	38.4024
10800	48.4024
10810	44.9112
10820	40.355
10830	50.355
10840	46.8887
10850	41.5034
10860	34.4578
10870	44.4578
10880	38.6046
10890	31.9186
10900	41.9186
10910	38.6628
10920	34.0116
10930	44.0116
10940	40.407
10950	36.1115
10960	46.1115
10970	42.8876
10980	38.0836
10990	48.0836
11000	44.551
11010	40.3314
11020	37.8035
11030	34.6243
11040	29.711
11050	39.711
11060	36.185
11070	31.9653
11080	41.9653
11090	38.7861
11100	33.8728
11110	43.8728
11120	40.3546
11130	36.0648
11140	46.0648
11150	42.931
11160	38.0835
11170	48.0834
11180	44.6429
11190	40.0907
11200	50.0907
11210	46.964
11220	41.7341
11230	34.5143
11240	44.5143
11250	38.9282
11260	31.7575
11270	41.7575
11280	38.5466
11290	33.8749
11300	43.8749
11310	40.5933
11320	35.9631
11330	45.9632
11340	42.4874
11350	37.8987
11360	47.8987
11370	44.7054
11380	40.0688
11390	37.8434
11400	34.1585
11410	29.7207
11420	39.7207
11430	36.6723
11440	31.9646
11450	41.9646
11460	38.2852
11470	33.9519
11480	43.9519
11490	40.9758
11500	36.3497
11510	46.3497
11520	42.7459
11530	38.1603
11540	48.1603
11550	45.2558
11560	40.7102
11570	50.7102
11580	47.1553
11590	41.044
11600	34.1209
11610	44.1209
11620	39.1209
11630	32.1978
11640	42.1978
11650	38.3517
11660	33.8462
11670	43.8462
11680	40.989
11690	36.4835
11700	46.4835
11710	42.6374
11720	38.145
11730	37.4424
11740	34.6435
11750	30.0397
11760	40.0397
11770	36.0326
11780	31.6848
11790	41.6848
11800	39.013
11810	34.4179
11820	44.4179
11830	40.253
11840	35.7369
11850	45.7369
11860	43.1563
11870	38.6401
11880	48.6401
11890	44.4466
11900	39.9305
11910	49.9305
11920	46.6129
11930	41.9355
11940	35
11950	45
11960	38.4409
11970	31.5054
11980	41.5054
11990	38.9247
12000	34.4086
12010	44.4086
12020	40.2151
12030	35.7054
12040	45.7054
12050	43.0191
12060	38.5482
12070	48.5482
12080	44.4243
12090	39.9858
12100	37.4332
12110	34.5989
12120	30.1604
12130	40.1604
12140	36.0503
12150	31.5472
12160	41.5472
12170	38.7539
12180	34.3743
12190	44.3743
12200	40.3391
12210	35.5944
12220	45.5944
12230	42.8689
12240	38.5655
12250	48.5655
12260	44.5972
12270	39.6766
12280	49.6766
12290	46.5609
12300	41.746
12310	35.0794
12320	45.0794
12330	38.7965
12340	31.4166
12350	41.4166
12360	38.5481
12370	34.3263
12380	44.3263
12390	40.4315
12400	35.5894
12410	45.5894
12420	42.6421
12430	38.4315
12440	48.4315
12450	44.5061
12460	39.7181
12470	37.4139
12480	34.3451
12490	30.2604
12500	40.2604
12510	36.2222
12520	31.4173
12530	41.4173
12540	38.349
12550	34.3593
12560	44.3593
12570	40.2907
12580	35.4068
12590	45.4068
12600	42.4059
12610	38.4884
12620	48.4884
12630	44.1833
12640	39.3761
12650	49.3761
12660	46.6265
12670	41.5385
12680	35.3963
12690	45.3963
12700	38.5857
12710	31.4424
12720	41.4424
12730	38.3604
12740	34.6606
12750	44.6606
12760	40.2497
12770	35.6735
12780	45.6735
12790	42.6377
12800	38.9819
12810	48.9819
12820	44.4669
12830	39.9641
12840	37.2919
12850	34.3216
12860	30.4523
12870	40.4523
12880	35.9799
12890	31.5075
12900	41.5075
12910	38.5427
12920	34.6734
12930	44.6734
12940	40.1495
12950	35.7491
12960	45.7491
12970	42.6431
12980	38.9117
12990	48.9117
13000	44.21
13010	39.9171
13020	49.9171
13030	46.6445
13040	41.3778
13050	35.4025
13060	45.4025
13070	38.1559
13080	31.6224
13090	41.6224
13100	38.3871
13110	34.5692
13120	44.5692
13130	39.8932
13140	35.645
13150	45.645
13160	42.4689
13170	38.7128
13180	48.7128
13190	44.0786
13200	39.7372
13210	37.4146
13220	34.2515
13230	30.5043
13240	40.5043
13250	35.9033
13260	31.6059
13270	41.6059
13280	38.2143
13290	34.5427
13300	44.5427
13310	39.8478
13320	35.6289
13330	45.6289
13340	42.3019
13350	38.6193
13360	48.6193
13370	43.8793
13380	39.7288
13390	49.7288
13400	46.875
13410	41.3942
13420	35.2404
13430	45.2404
13440	38.0769
13450	31.5865
13460	41.5865
13470	38.2998
13480	34.423
13490	44.423
13500	39.6601
13510	35.6963
13520	45.6963
13530	42.3313
13540	38.3977
13550	48.3977
13560	43.611
13570	39.6773
13580	37.6783
13590	34.3364
13600	30.35
13610	40.35
13620	35.4656
13630	31.6432
13640	41.6432
13650	38.3518
13660	34.1933
13670	44.1933
13680	39.3794
13690	35.705
13700	45.705
13710	42.3096
13720	38.0771
13730	48.0771
13740	43.2864
13750	39.612
13760	49.612
13770	46.2166
13780	41.9841
13790	51.9841
13800	47.6279
13810	40.3721
13820	34.4061
13830	44.4061
13840	38.7144
13850	32.1863
13860	42.1863
13870	37.5205
13880	33.6956
13890	43.6956
13900	40.1473
13910	36.0459
13920	46.0459
13930	41.3915
13940	37.5666
13950	47.5666
13960	44.0182
13970	39.9168
13980	49.9168
13990	45.2625
14000	41.4376
14010	37.8802
14020	34.3318
14030	30.2304
14040	40.2304
14050	35.576
14060	31.7512
14070	41.7511
14080	38.244
14090	34.07
14100	44.07
14110	39.5272
14120	35.5546
14130	45.5546
14140	42.1299
14150	37.8833
14160	47.8833
14170	43.3628
14180	39.3902
14190	49.3902
14200	45.9859
14210	41.7717
14220	51.7717
14230	47.6928
14240	40.8214
14250	34.2899
14260	44.2899
14270	38.7323
14280	32.0382
14290	42.0382
14300	37.6491
14310	33.5314
14320	43.5314
14330	40.2283
14340	35.8391
14350	45.8391
14360	41.45
14370	37.3376
14380	47.3376
14390	44.0594
14400	39.7081
14410	49.7081
14420	45.1306
14430	41.0766
14440	37.7928
14450	34.5495
14460	30.2252
14470	40.2252
14480	35.6437
14490	31.5516
14500	41.5516
14510	38.3793
14520	34.1531
14530	44.1531
14540	39.6952
14550	35.5156
14560	45.5156
14570	42.2656
14580	38.1176
14590	48.1176
14600	43.7302
14610	39.5596
14620	49.5596
14630	47.0188
14640	41.3506
14650	34.978
14660	44.978
14670	38.3488
14680	31.6488
14690	41.6488
14700	38.07
14710	34.1652
14720	44.1652
14730	40.0167
14740	35.6063
14750	45.6063
14760	41.9818
14770	38.0953
14780	48.0953
14790	43.933
14800	39.5877
14810	37.8069
14820	34.1261
14830	30.1724
14840	40.1724
14850	35.9888
14860	31.6972
14870	41.6972
14880	37.8743
14890	34.0281
14900	44.0281
14910	39.9851
14920	35.5904
14930	45.5904
14940	41.8903
14950	37.9663
14960	47.9663
14970	44.0169
14980	39.5517
14990	49.5517
15000	45.8149
15010	42.0649
15020	52.0649
15030	47.5527
15040	41.1532
15050	34.3165
15060	44.3165
15070	38.1405
15080	32.2361
15090	42.2361
15100	38.1281
15110	33.6384
15120	43.6384
15130	39.8065
15140	36.2104
15150	46.2104
15160	42.1603
15170	37.6273
15180	47.6273
15190	43.8521
15200	40.0816
15210	38.2377
15220	34.2213
15230	29.7131
15240	39.7131
15250	35.9426
15260	32.1721
15270	42.1721
15280	38.1748
15290	33.6962
15300	43.6962
15310	39.9726
15320	36.0134
15330	46.0134
15340	42.0542
15350	37.6052
15360	47.6052
15370	43.8909
15380	39.9317
15390	49.9318
15400	46.0289
15410	41.5463
15420	51.5463
15430	47.2051
15440	41.129
15450	34.7581
15460	44.7581
15470	38.6694
15480	31.7339
15490	41.7339
15500	37.9435
15510	33.8959
15520	43.8959
15530	40.1287
15540	35.6465
15550	45.6465
15560	41.907
15570	37.6901
15580	47.6901
15590	43.9552
15600	39.4973
15610	37.9116
15620	34.1749
15630	29.9656
15640	39.9656
15650	36.2563
15660	31.6831
15670	41.6831
15680	38.0031
15690	33.8431
15700	43.8431
15710	40.1631
15720	35.5231
15730	45.5231
15740	41.8246
15750	37.6797
15760	47.6797
15770	44.0324
15780	39.4371
15790	49.4371
15800	45.5781
15810	41.4894
15820	51.4894
15830	47.4399
15840	41.5849
15850	34.4048
15860	44.4048
15870	38.2937
15880	31.9048
15890	41.9048
15900	38.3333
15910	33.5714
15920	43.5714
15930	39.7818
15940	35.6903
15950	45.6903
15960	42.1918
15970	37.328
15980	47.328
15990	43.6038
16000	39.3873
16010	38.0195
16020	34.6268
16030	29.8438
16040	39.8438
16050	36.0156
16060	31.7188
16070	41.7188
16080	38.3594
16090	33.5938
16100	43.5938
16110	39.7656
16120	35.4688
16130	45.4688
16140	42.1094
16150	37.3438
16160	47.3438
16170	43.5336
16180	39.1478
16190	49.1478
16200	45.8317
16210	41.1235
16220	51.1235
16230	47.3978
16240	41.2382
16250	34.3884
16260	44.3884
16270	38.9147
16280	31.8311
16290	41.8311
16300	37.8262
16310	33.3377
16320	43.3377
16330	40.1753
16340	35.6461
16350	45.6461
16360	41.5185
16370	37.0448
16380	47.0448
16390	43.7731
16400	39.3456
16410	49.3456
16420	45.1471
16430	40.7197
16440	37.8244
16450	34.542
16460	30.1145
16470	40.1145
16480	35.916
16490	31.4885
16500	41.4885
16510	38.2061
16520	33.7786
16530	43.7786
16540	39.5221
16550	35.122
16560	45.122
16570	41.8817
16580	37.5091
16590	47.5091
16600	43.0788
16610	38.7334
16620	48.7334
16630	45.5433
16640	41.2251
16650	51.2251
16660	46.6409
16670	42.3765
16680	52.3765
16690	47.197
16700	41.6917
16710	35.1128
16720	45.1128
16730	38.0075
16740	31.4286
16750	41.4286
16760	38.1203
16770	33.9142
16780	43.9142
16790	39.2754
16800	35.096
16810	45.096
16820	41.6274
16830	37.4745
16840	47.4745
16850	42.8904
16860	38.764
16870	48.764
16880	45.1217
16890	41.0172
16900	38.4328
16910	33.8806
16920	29.7761
16930	39.7761
16940	36.1022
16950	32.0117
16960	42.0117
16970	37.4919
16980	33.4276
16990	43.4276
17000	39.6088
17010	35.5254
17020	45.5254
17030	40.9586
17040	36.9861
17050	46.9861
17060	43.2742
17070	39.0874
17080	49.0874
17090	44.5709
17100	40.5717
17110	50.5717
17120	47.3358
17130	41.4964
17140	34.8905
17150	44.8905
17160	38.0292
17170	31.6788
17180	41.6788
17190	38.1022
17200	33.8686
17210	43.8686
17220	39.4161
17230	35.4015
17240	45.4015
17250	41.8248
17260	37.5912
17270	47.5912
17280	43.1387
17290	39.1241
17300	37.9528
17310	34.3852
17320	30.1697
17330	40.1697
17340	35.7531
17350	31.7818
17360	41.7818
17370	38.2709
17380	34.1148
17390	44.1148
17400	39.5771
17410	35.664
17420	45.664
17430	42.202
17440	38.0971
17450	48.0971
17460	43.3952
17470	39.5323
17480	49.5323
17490	46.0631
17500	42.0342
17510	52.0342
17520	47.7237
17530	40.6452
17540	34.3369
17550	44.3369
17560	38.5305
17570	32.2222
17580	42.2222
17590	37.5986
17600	33.6201
17610	43.6201
17620	40.0717
17630	36.0932
17640	46.0932
17650	41.4695
17660	37.491
17670	47.491
17680	43.9426
17690	39.9642
17700	49.9642
17710	45.3405
17720	41.362
17730	37.8136
17740	34.2652
17750	30.2867
17760	40.2867
17770	35.6631
17780	31.6846
17790	41.6846
17800	38.1362
17810	34.1577
17820	44.1577
17830	39.534
17840	35.5556
17850	45.5556
17860	42.0233
17870	38.0698
17880	48.0698
17890	43.4896
17900	39.3468
17910	49.3468
17920	45.7916
17930	41.8878
17940	51.8878
17950	47.7311
17960	40.7829
17970	34.3416
17980	44.3416
17990	38.3986
18000	32.2064
18010	42.2064
18020	37.6868
18030	33.5985
18040	43.5985
18050	39.8645
18060	36.0142
18070	46.0142
18080	41.5419
18090	37.4993
18100	47.4993
18110	43.6695
18120	39.8397
18130	49.8397
18140	45.3716
18150	41.3332
18160	37.8623
18170	34.0529
18180	30.2516
18190	40.2516
18200	35.8405
18210	31.8176
18220	41.8176
18230	38.0947
18240	34.2265
18250	44.2265
18260	39.9158
18270	35.7677
18280	45.7677
18290	42.1122
18300	38.2547
18310	48.2547
18320	43.989
18330	39.7232
18340	49.7232
18350	46.0869
18360	42.2407
18370	52.2407
18380	47.5694
18390	40.9524
18400	34.2617
18410	44.2617
18420	38.4252
18430	32.3611
18440	42.3611
18450	38.1944
18460	33.8194
18470	43.8195
18480	40.2778
18490	36.5278
18500	46.5278
18510	42.379
18520	37.9663
18530	47.9663
18540	44.3471
18550	40.6777
18560	38.2069
18570	34.1379
18580	29.6552
18590	39.6552
18600	36
18610	32.3448
18620	42.3448
18630	38.2759
18640	33.7931
18650	43.7931
18660	40.1379
18670	36.4828
18680	46.4828
18690	42.4138
18700	37.931
18710	47.931
18720	44.2759
18730	40.6207
18740	50.6207
18750	46.5154
18760	41.9795
18770	51.9795
18780	46.8307
18790	40.9931
18800	35.1712
18810	45.1712
18820	38.6301
18830	31.6096
18840	41.6096
18850	38.0479
18860	34.4863
18870	44.4863
18880	40.3082
18890	35.7192
18900	45.7192
18910	42.1575
18920	38.5959
18930	48.5959
18940	44.4178
18950	39.8288
18960	37.5
18970	33.9384
18980	30.3767
18990	40.3767
19000	36.1986
19010	31.6096
19020	41.6096
19030	38.0479
19040	34.4863
19050	44.4863
19060	40.3404
19070	35.6989
19080	45.6989
19090	42.2141
19100	38.7448
19110	48.7448
19120	44.6112
19130	39.9423
19140	49.9423
19150	46.6178
19160	40.9492
19170	35.2881
19180	45.2881
19190	38.678
19200	31.5932
19210	41.5932
19220	38.1695
19230	34.7326
19240	44.7326
19250	40.5154
19260	35.9002
19270	45.9002
19280	42.518
19290	38.9408
19300	48.9408
19310	44.7715
19320	40.0877
19330	37.3102
19340	33.9716
19350	30.4423
19360	40.4423
19370	36.323
19380	31.4794
19390	41.4794
19400	38.1908
19410	34.7008
19420	44.7008
19430	40.6069
19440	35.7075
19450	45.7075
19460	42.4234
19470	38.892
19480	48.892
19490	44.8263
19500	39.9652
19510	49.9652
19520	46.5886
19530	41.1371
19540	35.2174
19550	45.2174
19560	38.8294
19570	31.505
19580	41.505
19590	38.277
19600	34.6633
19610	44.6632
19620	40.544
19630	35.6089
19640	45.6089
19650	42.4608
19660	38.8521
19670	48.8521
19680	44.7313
19690	39.8232
19700	37.2521
19710	34.1553
19720	30.4092
19730	40.4092
19740	36.3667
19750	31.3816
19760	41.3816
19770	38.3039
19780	34.5108
19790	44.5108
19800	40.5359
19810	35.5851
19820	45.5851
19830	42.4048
19840	38.6343
19850	48.6343
19860	44.6671
19870	39.7162
19880	49.7162
19890	46.6275
19900	41.2719
19910	35.1056
19920	45.1056
19930	38.8562
19940	31.4826
19950	41.4826
19960	38.3176
19970	34.3616
19980	44.3616
19990	40.386
20000	35.6327
20010	45.6327
20020	42.3659
20030	38.4116
20040	48.4116
20050	44.4724
20060	39.7627
20070	37.5161
20080	34.1613
20090	30.2258
20100	40.2258
20110	36.2903
20120	31.5806
20130	41.5806
20140	38.1902
20150	34.2994
20160	44.2994
20170	40.2781
20180	35.6627
20190	45.6627
20200	42.2012
20210	38.355
20220	48.355
20230	44.3166
20240	39.7012
20250	49.7012
20260	46.8953
20270	41.1159
20280	34.9915
20290	44.9915
20300	38.6581
20310	31.6652
20320	41.6652
20330	38.073
20340	34.2968
20350	44.2968
20360	40.1688
20370	35.6504
20380	45.6504
20390	42.0221
20400	38.2896
20410	48.2896
20420	44.1906
20430	39.7183
20440	37.6895
20450	33.9142
20460	30.2252
20470	40.2252
20480	36.1709
20490	31.7405
20500	41.7405
20510	37.8797
20520	34.2089
20530	44.2089
20540	40.1582
20550	35.7279
20560	45.7278
20570	41.8671
20580	38.1962
20590	48.1962
20600	44.1355
20610	39.7294
20620	49.7294
20630	45.8077
20640	42.2027
20650	52.2027
20660	47.6101
20670	41.1006
20680	34.3711
20690	44.3711
20700	38.0818
20710	32.2327
20720	42.2327
20730	38.098
20740	33.7897
20750	43.7897
20760	39.759
20770	36.0869
20780	46.0869
20790	42.0244
20800	37.7744
20810	47.7744
20820	43.7119
20830	40.0244
20840	38.1875
20850	34.125
20860	29.875
20870	39.875
20880	35.8125
20890	32.125
20900	42.125
20910	38.0148
20920	33.787
20930	43.787
20940	39.761
20950	36.1161
20960	46.1161
20970	41.9105
20980	37.7049
20990	47.7049
21000	43.6862
21010	40.0414
21020	50.0414
21030	45.8505
21040	41.6669
21050	51.6669
21060	47.2743
21070	40.9627
21080	34.8758
21090	44.8758
21100	38.354
21110	31.8323
21120	41.8323
21130	37.8571
21140	34.0683
21150	44.0683
21160	39.9068
21170	35.7453
21180	45.7453
21190	41.7702
21200	37.9814
21210	47.9814
21220	43.8199
21230	39.6584
21240	37.9193
21250	33.9488
21260	30.1657
21270	40.1657
21280	36.0247
21290	31.891
21300	41.891
21310	37.7733
21320	34.0272
21330	44.0272
21340	39.9241
21350	35.7356
21360	45.7356
21370	41.6543
21380	37.9506
21390	47.9506
21400	43.8765
21410	39.6172
21420	49.6172
21430	45.5432
21440	41.8395
21450	51.8395
21460	47.5697
21470	41.1931
21480	34.4929
21490	44.4929
21500	37.9755
21510	32.0859
21520	42.0859
21530	38.0982
21540	33.7423
21550	43.7423
21560	39.5705
21570	35.9509
21580	45.9509
21590	41.9632
21600	37.6074
21610	47.6074
21620	43.4356
21630	39.8194
21640	38.2273
21650	34.1809
21660	29.8507
21670	39.8507
21680	35.7047
21690	32.1377
21700	42.1377
21710	38.0351
21720	33.7567
21730	43.7567
21740	39.4884
21750	35.9518
21760	45.9518
21770	41.8664
21780	37.5981
21790	47.5981
21800	43.3298
21810	39.7932
21820	49.7932
21830	45.7079
21840	41.4396
21850	51.4396
21860	47.3487
21870	40.714
21880	34.8601
21890	44.8601
21900	38.46
21910	31.8541
21920	41.8541
21930	37.6527
21940	33.9549
21950	43.9549
21960	39.8756
21970	35.6063
21980	45.6063
21990	41.5002
22000	37.8084
22010	47.8083
22020	43.6758
22030	39.3552
22040	49.3552
22050	45.2136
22060	41.6159
22070	38.356
22080	34.1135
22090	29.8214
22100	39.8214
22110	35.7282
22120	32.0879
22130	42.0879
22140	37.8375
22150	33.5942
22160	43.5942
22170	39.4976
22180	35.8288
22190	45.8288
22200	41.6555
22210	37.3193
22220	47.3193
22230	43.1738
22240	39.4773
22250	49.4773
22260	45.3527
22270	41.0586
22280	51.0586
22290	47.4154
22300	40.9655
22310	34.9336
22320	44.9336
22330	38.3284
22340	31.6932
22350	41.6932
22360	37.5783
22370	33.9006
22380	43.9006
22390	39.7246
22400	35.3841
22410	45.3841
22420	41.2321
22430	37.611
22440	47.611
22450	43.3197
22460	39.0174
22470	49.0174
22480	44.8895
22490	41.2848
22500	38.4302
22510	34.1323
22520	29.8355
22530	39.8355
22540	35.7267
22550	32.147
22560	42.1471
22570	37.7123
22580	33.4514
22590	43.4514
22600	39.378
22610	35.8324
22620	45.8324
22630	41.4324
22640	37.0393
22650	47.0393
22660	43.02
22670	39.5328
22680	49.5328
22690	45.065
22700	40.5823
22710	50.5823
22720	47.2483
22730	40.9094
22740	35.1566
22750	45.1567
22760	38.3429
22770	31.5463
22780	41.5463
22790	37.4346
22800	33.9142
22810	43.9142
22820	39.5519
22830	35.1963
22840	45.1963
22850	40.954
22860	37.4721
22870	47.4721
22880	43.1505
22890	38.8357
22900	48.8357
22910	44.4636
22920	41.02
22930	38.4736
22940	34.1942
22950	29.9327
22960	39.9327
22970	35.4632
22980	32.0004
22990	42.0004
23000	37.6658
23010	33.4849
23020	43.4849
23030	39.0391
23040	35.6137
23050	45.6137
23060	41.2043
23070	36.9691
23080	46.9691
23090	42.5798
23100	39.0724
23110	49.0724
23120	44.6992
23130	40.493
23140	50.493
23150	46.1198
23160	42.5822
23170	52.5822
23180	47.9128
23190	41.1209
23200	34.5812
23210	44.5812
23220	37.746
23230	32.0222
23240	42.0222
23250	37.5769
23260	33.4189
23270	43.4189
23280	39.0135
23290	35.4735
23300	45.4735
23310	41.0933
23320	36.8784
23330	46.8784
23340	42.4982
23350	38.9445
23360	48.9445
23370	44.5487
23380	40.3611
23390	38.2032
23400	33.8769
23410	30.2466
23420	40.2466
23430	35.794
23440	31.5944
23450	41.5944
23460	37.3255
23470	33.719
23480	43.719
23490	39.2514
23500	35.0085
23510	45.0085
23520	40.7786
23530	37.2091
23540	47.2091
23550	42.6719
23560	38.4678
23570	48.4678
23580	44.1407
23590	40.6081
23600	50.6081
23610	46.1103
23620	41.9447
23630	51.9447
23640	47.6488
23650	40.7859
23660	35.0332
23670	45.0332
23680	38.1823
23690	31.6284
23700	41.6284
23710	37.2283
23720	33.6495
23730	43.6495
23740	39.2881
23750	35.007
23760	45.007
23770	40.5367
23780	37.0277
23790	47.0277
23800	42.7273
23810	38.4333
23820	48.4333
23830	43.9915
23840	40.5186
23850	38.4813
23860	34.2191
23870	29.9632
23880	39.9632
23890	35.4133
23900	31.9733
23910	41.9733
23920	37.7333
23930	33.4933
23940	43.4933
23950	38.9333
23960	35.4933
23970	45.4933
23980	41.2785
23990	36.9967
24000	46.9967
24010	42.5011
24020	38.9732
24030	48.9732
24040	44.8088
24050	40.4852
24060	50.4852
24070	46.0024
24080	42.4746
24090	52.4746
24100	47.8515
24110	41.3263
24120	34.6154
24130	44.6154
24140	37.7188
24150	31.9291
24160	41.9291
24170	37.7958
24180	33.4239
24190	43.4239
24200	39.0112
24210	35.4024
24220	45.4024
24230	41.3435
24240	36.8894
24250	46.8894
24260	42.5524
24270	39.0091
24280	49.0091
24290	44.9934
24300	40.5052
24310	38.0577
24320	33.727
24330	30.1837
24340	40.1837
24350	36.168
24360	31.6798
24370	41.6798
24380	37.3491
24390	33.8058
24400	43.8058
24410	39.79
24420	35.3018
24430	45.3018
24440	40.9592
24450	37.4253
24460	47.4253
24470	43.4316
24480	38.9725
24490	48.9725
24500	44.5103
24510	41.0119
24520	51.0119
24530	47.7519
24540	41.4709
24550	34.6475
24560	44.6475
24570	37.6571
24580	31.8967
24590	41.8967
24600	37.9789
24610	33.5983
24620	43.5983
24630	39.067
24640	35.4733
24650	45.4733
24660	41.567
24670	37.192
24680	47.192
24690	42.6677
24700	39.0318
24710	49.0318
24720	45.1502
24730	40.8069
24740	38.2341
24750	33.7259
24760	30.0364
24770	40.0364
24780	36.1093
24790	31.8346
24800	41.8346
24810	37.261
24820	33.6176
24830	43.6176
24840	39.6641
24850	35.4005
24860	45.4005
24870	40.8518
24880	37.1664
24890	47.1664
24900	43.1442
24910	38.9539
24920	48.9539
24930	44.4676
24940	40.6808
24950	50.6808
24960	47.647
24970	41.3077
24980	34.7979
24990	44.7979
25000	37.9415
25010	31.8083
25020	41.8083
25030	37.7005
25040	33.5731
25050	43.5731
25060	39.1638
25070	35.3737
25080	45.3737
25090	41.289
25100	37.0604
25110	47.0604
25120	42.6396
25130	38.9049
25140	48.9049
25150	44.7492
25160	40.5927
25170	38.2845
25180	33.8479
25190	30.0943
25200	40.0943
25210	35.8586
25220	31.7677
25230	41.7677
25240	37.3858
25250	33.6153
25260	43.6153
25270	39.4028
25280	35.1962
25290	45.1962
25300	40.8386
25310	37.0854
25320	47.0854
25330	42.8788
25340	38.6723
25350	48.6723
25360	44.2885
25370	40.4946
25380	50.4946
25390	46.3474
25400	42.2121
25410	52.2121
25420	47.7472
25430	40.9232
25440	34.8059
25450	44.8059
25460	38.35
25470	31.728
25480	41.728
25490	37.2806
25500	33.5007
25510	43.5007
25520	39.4329
25530	35.2184
25540	45.2184
25550	40.7047
25560	36.9391
25570	46.9391
25580	42.8743
25590	38.6628
25600	48.6628
25610	44.1641
25620	40.3314
25630	38.2865
25640	34.2564
25650	30.0866
25660	40.0866
25670	35.6425
25680	31.7113
25690	41.7113
25700	37.6059
25710	33.5063
25720	43.5063
25730	39.1217
25740	35.0741
25750	45.0741
25760	41
25770	36.926
25780	46.926
25790	42.5556
25800	38.4815
25810	48.4815
25820	44.4075
25830	40.3334
25840	50.3334
25850	45.963
25860	41.8889
25870	51.8889
25880	47.6807
25890	41.2401
25900	34.7864
25910	44.7864
25920	38.0751
25930	31.7199
25940	41.7199
25950	37.5739
25960	33.4337
25970	43.4337
25980	39.1579
25990	35.0572
26000	45.0572
26010	40.9459
26020	36.789
26030	46.789
26040	42.5481
26050	38.4598
26060	48.4598
26070	44.3624
26080	40.1058
26090	38.2804
26100	34.0979
26110	30.073
26120	40.073
26130	35.9239
26140	31.6347
26150	41.6347
26160	37.5027
26170	33.3765
26180	43.3765
26190	39.2843
26200	34.9918
26210	44.9918
26220	40.8302
26230	36.6615
26240	46.6615
26250	42.6231
26260	38.3612
26270	48.3612
26280	44.1577
26290	39.9472
26300	49.9471
26310	45.8914
26320	41.6978
26330	51.6978
26340	47.8577
26350	41.1694
26360	34.6329
26370	44.6329
26380	38.2745
26390	31.7548
26400	41.7548
26410	37.3353
26420	33.1952
26430	43.1952
26440	39.1497
26450	35.0264
26460	45.0264
26470	40.6293
26480	36.5228
26490	46.5228
26500	42.4275
26510	38.3377
26520	48.3377
26530	43.8444
26540	39.7685
26550	49.7685
26560	45.6927
26570	41.6169
26580	38.5071
26590	34.006
26600	29.9246
26610	39.9246
26620	35.8952
26630	31.7929
26640	41.7929
26650	37.2517
26660	33.134
26670	43.134
26680	39.1685
26690	35.0674
26700	45.0674
26710	40.4373
26720	36.3528
26730	46.3528
26740	42.4309
26750	38.3793
26760	48.3793
26770	43.6716
26780	39.5127
26790	49.5127
26800	45.6664
26810	41.6269
26820	51.6269
26830	46.8766
26840	42.6771
26850	52.6771
26860	47.6102
26870	41.5313
26880	35.1276
26890	45.1276
26900	37.9118
26910	31.3369
26920	41.3369
26930	37.5683
26940	33.5269
26950	43.5269
26960	38.8019
26970	34.5018
26980	44.5018
26990	40.7782
27000	36.7881
27010	46.7881
27020	42.0014
27030	37.753
27040	47.753
27050	44.0794
27060	40.135
27070	50.135
27080	45.3736
27090	41.0342
27100	37.9863
27110	34.3571
27120	30.3832
27130	40.3832
27140	35.5503
27150	31.2798
27160	41.2798
27170	37.7058
27180	33.7257
27190	43.7257
27200	38.7942
27210	34.5476
27220	44.5476
27230	40.986
27240	37.0134
27250	47.0134
27260	42.0819
27270	37.8353
27280	47.8353
27290	44.2737
27300	40.3011
27310	50.3011
27320	45.373
27330	41.135
27340	51.135
27350	47.4366
27360	41.6384
27370	35.2392
27380	45.2392
27390	37.8588
27400	31.2756
27410	41.2756
27420	37.7449
27430	33.6674
27440	43.6674
27450	38.7698
27460	34.5532
27470	44.5532
27480	41.0133
27490	36.9288
27500	46.9288
27510	42.0179
27520	37.7719
27530	47.7719
27540	44.2695
27550	40.2375
27560	50.2375
27570	45.2712
27580	40.9791
27590	37.9551
27600	34.4719
27610	30.4494
27620	40.4494
27630	35.5055
27640	31.1782
27650	41.1782
27660	37.6335
27670	33.6737
27680	43.6737
27690	38.8075
27700	34.4263
27710	44.4263
27720	40.8335
27730	36.8335
27740	46.8335
27750	42.011
27760	37.6429
27770	47.6429
27780	44.093
27790	40.0223
27800	50.0223
27810	45.1659
27820	40.8455
27830	50.8455
27840	47.5105
27850	41.6115
27860	35.2369
27870	45.2369
27880	37.9573
27890	31.2283
27900	41.2283
27910	37.52
27920	33.5361
27930	43.5361
27940	38.7391
27950	34.4022
27960	44.4022
27970	40.7429
27980	36.6973
27990	46.6973
28000	41.8749
28010	37.5824
28020	47.5824
28030	43.8354
28040	39.8179
28050	49.8179
28060	45.0145
28070	40.735
28080	38.1223
28090	34.3668
28100	30.3493
28110	40.3493
28120	35.5459
28130	31.2664
28140	41.2664
28150	37.5109
28160	33.4935
28170	43.4935
28180	38.7007
28190	34.4368
28200	44.4368
28210	40.7063
28220	36.5887
28230	46.5887
28240	41.8281
28250	37.5952
28260	47.5952
28270	43.7859
28280	39.699
28290	49.699
28300	44.9705
28310	40.7685
28320	50.7685
28330	47.7057
28340	41.6052
28350	35.0542
28360	45.0542
28370	37.8959
28380	31.3449
28390	41.3449
28400	37.5488
28410	33.3623
28420	43.3623
28430	38.6551
28440	34.4685
28450	44.4685
28460	40.6725
28470	36.4885
28480	46.4885
28490	41.7946
28500	37.6259
28510	47.6259
28520	43.7382
28530	39.5849
28540	49.5849
28550	44.9227
28560	40.7091
28570	38.2314
28580	34.3619
28590	30.2406
28600	40.2406
28610	35.6117
28620	31.2944
28630	41.2944
28640	37.4612
28650	33.3745
28660	43.3745
28670	38.7038
28680	34.3741
28690	44.3741
28700	40.5676
28710	36.5031
28720	46.5031
28730	41.7934
28740	37.4708
28750	47.4708
28760	43.6673
28770	39.6109
28780	49.6109
28790	44.9201
28800	40.5224
28810	50.5224
28820	47.6193
28830	41.5279
28840	35.1249
28850	45.1249
28860	38.0486
28870	31.2821
28880	41.2821
28890	37.4359
28900	33.3333
28910	43.3333
28920	38.7179
28930	34.359
28940	44.359
28950	40.5128
28960	36.4103
28970	46.4103
28980	41.7949
28990	37.4359
29000	47.4359
29010	43.5897
29020	39.4872
29030	49.4872
29040	44.8718
29050	40.5128
29060	38.2053
29070	34.37
29080	30.2438
29090	40.2438
29100	35.6709
29110	31.2553
29120	41.2553
29130	37.4681
29140	33.2979
29150	43.2979
29160	38.7447
29170	34.3191
29180	44.3191
29190	40.5417
29200	36.3865
29210	46.3865
29220	41.8591
29230	37.3368
29240	47.3368
29250	43.5885
29260	39.3998
29270	49.3998
29280	44.9032
29290	40.4116
29300	50.4116
29310	47.6716
29320	41.6058
29330	35.0157
29340	45.0157
29350	38.1395
29360	31.2736
29370	41.2736
29380	37.4712
29390	33.2252
29400	43.2252
29410	38.7043
29420	34.3044
29430	44.3043
29440	40.5359
29450	36.2622
29460	46.2622
29470	41.7359
29480	37.3385
29490	47.3384
29500	43.5296
29510	39.2734
29520	49.2734
29530	44.775
29540	40.4078
29550	38.2814
29560	34.3756
29570	30.1493
29580	40.1493
29590	35.6813
29600	31.3417
29610	41.3417
29620	37.3795
29630	33.1656
29640	43.1656
29650	38.7002
29660	34.3606
29670	44.3606
29680	40.4081
29690	36.2091
29700	46.2091
29710	41.7689
29720	37.3338
29730	47.3338
29740	43.4104
29750	39.1785
29760	49.1785
29770	44.7684
29780	40.3634
29790	50.3634
29800	46.4691
29810	42.1417
29820	52.1417
29830	48.0883
29840	41.3078
29850	34.5434
29860	44.5434
29870	38.3718
29880	31.6223
29890	41.6223
29900	37.1525
29910	32.802
29920	42.802
29930	38.928
29940	34.6175
29950	44.6175
29960	40.2026
29970	35.7951
29980	45.7951
29990	41.894
30000	37.6255
30010	47.6255
30020	43.1293
30030	38.7516
30040	48.7516
30050	44.8792
30060	40.568
30070	38.6417
30080	34.1681
30090	29.8215
30100	39.8215
30110	35.9791
30120	31.6473
30130	41.6473
30140	37.0824
30150	32.7364
30160	42.7364
30170	38.9263
30180	34.6278
30190	44.6278
30200	40.0805
30210	35.6736
30220	45.6736
30230	41.8918
30240	37.6227
30250	47.6227
30260	42.9915
30270	38.6063
30280	48.6063
30290	44.8358
30300	40.5735
30310	50.5735
30320	45.9454
30330	41.5352
30340	51.5352
30350	47.7481
30360	41.7041
30370	35.092
30380	45.092
30390	38.0458
30400	31.1748
30410	41.1748
30420	37.3872
30430	33.2034
30440	43.2034
30450	38.5557
30460	34.1243
30470	44.1243
30480	40.2901
30490	36.0848
30500	46.0848
30510	41.5099
30520	37.0565
30530	47.0565
30540	43.2104
30550	38.9998
30560	48.9998
30570	44.4189
30580	39.9538
30590	38.2707
30600	34.4817
30610	30.2414
30620	40.2414
30630	35.6338
30640	31.1469
30650	41.1469
30660	37.3843
30670	33.1388
30680	43.1388
30690	38.541
30700	34.0686
30710	44.0686
30720	40.2286
30730	36.0118
30740	46.0118
30750	41.4031
30760	36.9598
30770	46.9598
30780	43.1275
30790	38.9391
30800	48.9391
30810	44.2396
30820	39.8251
30830	49.8251
30840	46.0205
30850	41.8605
30860	51.8605
30870	47.0704
30880	42.6848
30890	52.6848
30900	47.7691
30910	41.6966
30920	35.2119
30930	45.2119
30940	37.8989
30950	31.1491
30960	41.1491
30970	37.2923
30980	33.1834
30990	43.1834
31000	38.3872
31010	34.0778
31020	44.0778
31030	40.1545
31040	35.9902
31050	45.9902
31060	41.2405
31070	36.9713
31080	46.9713
31090	43.068
31100	38.9242
31110	48.9242
31120	44.1664
31130	39.9418
31140	38.3083
31150	34.4597
31160	30.266
31170	40.266
31180	35.5002
31190	31.2597
31200	41.2597
31210	37.3501
31220	33.2047
31230	43.2047
31240	38.4891
31250	34.2538
31260	44.2538
31270	40.2917
31280	36.0842
31290	46.0842
31300	41.4071
31310	37.1997
31320	47.1997
31330	43.2271
31340	39.0197
31350	49.0197
31360	44.3521
31370	40.1586
31380	50.1586
31390	46.2087
31400	41.9118
31410	51.9118
31420	48.2069
31430	41.1456
31440	34.5616
31450	44.5616
31460	38.3463
31470	31.5879
31480	41.5879
31490	37.0083
31500	32.7832
31510	42.7832
31520	38.9169
31530	34.4703
31540	44.4703
31550	39.9072
31560	35.6936
31570	45.6936
31580	41.8295
31590	37.3852
31600	47.3852
31610	42.8339
31620	38.5685
31630	48.5685
31640	44.7291
31650	40.3128
31660	50.3128
31670	45.7413
31680	41.4551
31690	38.3581
31700	34.5455
31710	30.1547
31720	40.1547
31730	35.5319
31740	31.2573
31750	41.2573
31760	37.4521
31770	33.0454
31780	43.0454
31790	38.4564
31800	34.1352
31810	44.1352
31820	40.378
31830	35.9271
31840	45.9271
31850	41.3607
31860	37.0254
31870	47.0254
31880	43.2682
31890	38.8173
31900	48.8173
31910	44.2508
31920	39.9156
31930	49.9156
31940	46.161
31950	41.6868
31960	51.6868
31970	48.1907
31980	41.218
31990	34.5192
32000	44.5192
32010	38.4886
32020	31.5063
32030	41.5063
32040	37.0059
32050	32.7448
32060	42.7448
32070	38.9355
32080	34.3476
32090	44.3476
32100	39.8837
32110	35.654
32120	45.654
32130	41.7726
32140	37.2028
32150	47.2028
32160	42.7477
32170	38.5221
32180	48.5221
32190	44.6455
32200	40.0854
32210	50.0854
32220	45.6492
32230	41.3493
32240	38.4334
32250	34.5881
32260	30.0655
32270	40.0655
32280	35.6755
32290	31.3118
32300	41.3118
32310	37.5182
32320	33.0453
32330	43.0453
32340	38.6005
32350	34.2552
32360	44.2552
32370	40.4878
32380	36.0423
32390	46.0423
32400	41.6059
32410	37.1741
32420	47.1741
32430	43.4327
32440	39.0145
32450	49.0145
32460	44.6055
32470	40.0875
32480	50.0875
32490	46.3635
32500	41.959
32510	51.959
32520	48.1664
32530	41.3611
32540	34.4163
32550	44.4163
32560	38.4157
32570	31.6263
32580	41.6263
32590	37.2467
32600	32.6452
32610	42.6452
32620	38.9578
32630	34.5963
32640	44.5963
32650	40.1401
32660	35.5662
32670	45.5662
32680	41.8576
32690	37.523
32700	47.523
32710	43.0847
32720	38.5381
32730	48.5381
32740	44.7425
32750	40.4349
32760	50.4349
32770	46.0236
32780	41.502
32790	38.2927
32800	34.4465
32810	30.1501
32820	40.1501
32830	35.7411
32840	31.2195
32850	41.2195
32860	37.3532
32870	33.0274
32880	43.0274
32890	38.6633
32900	34.196
32910	44.196
32920	40.2695
32930	35.9411
32940	45.9411
32950	41.6305
32960	37.1054
32970	47.1054
32980	43.1389
32990	38.8372
33000	48.8372
33010	44.5355
33020	40.0104
33030	50.0104
33040	46.0526
33050	41.7642
33060	51.7642
33070	48.1829
33080	41.4153
33090	34.4884
33100	44.4884
33110	38.2528
33120	31.5568
33130	41.5568
33140	37.2235
33150	32.6679
33160	42.6679
33170	38.779
33180	34.4457
33190	44.4457
33200	40.1124
33210	35.5591
33220	45.5591
33230	41.6346
33240	37.3168
33250	47.3168
33260	43.0077
33270	38.4813
33280	48.4813
33290	44.5179
33300	40.2265
33310	50.2265
33320	45.8424
33330	41.3428
33340	38.3615
33350	34.4239
33360	30.1587
33370	40.1587
33380	35.6876
33390	31.2043
33400	41.2043
33410	37.2617
33420	33.0676
33430	43.0676
33440	38.5647
33450	34.037
33460	44.037
33470	40.0963
33480	35.9403
33490	45.9403
33500	41.4666
33510	36.8922
33520	46.8922
33530	42.9265
33540	38.7323
33550	48.7323
33560	44.3061
33570	39.7706
33580	49.7706
33590	45.7815
33600	41.5738
33610	51.5738
33620	48.2701
33630	41.4465
33640	34.4998
33650	44.4998
33660	38.1151
33670	31.5636
33680	41.5636
33690	37.1732
33700	32.6445
33710	42.6445
33720	38.6066
33730	34.376
33740	44.376
33750	40.033
33760	35.477
33770	45.477
33780	41.4726
33790	37.1631
33800	47.1631
33810	42.8507
33820	38.3301
33830	48.3301
33840	44.2943
33850	39.9244
33860	49.9244
33870	45.6542
33880	41.1677
33890	38.4685
33900	34.4144
33910	30.036
33920	40.036
33930	35.7743
33940	31.3009
33950	41.3009
33960	37.2679
33970	32.8074
33980	42.8074
33990	38.5355
34000	34.088
34010	44.088
34020	40.0802
34030	35.6457
34040	45.6457
34050	41.3276
34060	36.906
34070	46.906
34080	42.8337
34090	38.4251
34100	48.4251
34110	44.0968
34120	39.7011
34130	49.7011
34140	45.6361
34150	41.2532
34160	51.2532
34170	46.8604
34180	42.4626
34190	52.4626
34200	47.9307
34210	41.6014
34220	34.9132
34230	44.9132
34240	38.1089
34250	31.3089
34260	41.3089
34270	37.2482
34280	32.9608
34290	42.9608
34300	38.5842
34310	34.2119
34320	44.2119
34330	40.1672
34340	35.8098
34350	45.8098
34360	41.425
34370	37.0311
34380	47.0311
34390	43.034
34400	38.7164
34410	48.7164
34420	44.31
34430	39.9079
34440	38.4324
34450	34.464
34460	30.0792
34470	40.0792
34480	35.662
34490	31.3025
34500	41.3025
34510	37.2779
34520	32.937
34530	42.937
34540	38.499
34550	34.1707
34560	44.1707
34570	40.0788
34580	35.7631
34590	45.7631
34600	41.3588
34610	37.0156
34620	47.0156
34630	42.864
34640	38.5983
34650	48.5983
34660	44.2444
34670	39.8465
34680	49.8465
34690	45.7268
34700	41.5107
34710	51.5107
34720	48.1376
34730	41.4427
34740	34.6302
34750	44.6302
34760	38.1913
34770	31.5064
34780	41.5064
34790	37.2211
34800	32.8357
34810	42.8357
34820	38.7712
34830	34.3982
34840	44.3982
34850	40.0944
34860	35.7339
34870	45.7339
34880	41.6938
34890	37.3437
34900	47.3437
34910	42.9936
34920	38.6435
34930	48.6435
34940	44.6054
34950	40.2508
34960	50.2508
34970	45.9213
34980	41.6002
34990	38.4928
35000	34.4041
35010	30
35020	40
35030	35.6995
35040	31.399
35050	41.399
35060	37.3081
35070	32.9106
35080	42.9106
35090	38.6249
35100	34.264
35110	44.264
35120	40.1974
35130	35.8247
35140	45.8247
35150	41.5016
35160	37.1413
35170	47.1413
35180	43.0989
35190	38.7235
35200	48.7235
35210	44.3837
35220	40.0481
35230	50.0481
35240	46.0298
35250	41.6035
35260	51.6035
35270	48.1048
35280	41.3265
35290	34.6312
35300	44.6312
35310	38.3063
35320	31.5053
35330	41.5053
35340	37.0437
35350	32.7592
35360	42.7592
35370	38.7954
35380	34.3932
35390	44.3932
35400	39.9406
35410	35.6142
35420	45.6142
35430	41.6893
35440	37.2524
35450	47.2524
35460	42.8156
35470	38.4811
35480	48.4811
35490	44.5605
35500	40.1323
35510	50.1323
35520	45.6424
35530	41.3287
35540	38.4158
35550	34.5233
35560	30.1282
35570	40.1282
35580	35.5777
35590	31.2224
35600	41.2224
35610	37.3762
35620	33.0251
35630	43.0251
35640	38.3939
35650	34.0549
35660	44.0549
35670	40.2244
35680	35.8854
35690	45.8854
35700	41.2413
35710	36.9023
35720	46.9023
35730	43.0796
35740	38.7528
35750	48.7528
35760	44.0448
35770	39.73
35780	49.73
35790	45.9229
35800	41.6082
35810	51.6082
35820	46.8874
35830	42.5727
35840	52.5727
35850	47.8712
35860	41.7356
35870	34.9998
35880	44.9998
35890	37.8752
35900	31.235
35910	41.235
35920	37.3927
35930	32.9944
35940	42.9944
35950	38.2761
35960	34.0596
35970	44.0596
35980	40.2541
35990	35.7893
36000	45.7893
