10	10
20	2
30	2
40	2
50	2
60	2
70	3.66667
80	7
90	17
100	18
110	13.3333
120	16.6667
130	16.6667
140	26.6667
150	18.8
160	17.6
170	27.6
180	25.6
190	23.6
200	33.6
210	30
220	24
230	18
240	28
250	26
260	23.9714
270	33.9714
280	31.1714
290	41.1714
300	34.0286
310	25.8571
320	35.8571
330	33.4821
340	29.875
350	29.4821
360	39.4821
370	34.4821
380	31.2778
390	41.2778
400	34.4444
410	30.3333
420	40.3333
430	30
440	26.6667
450	36.6667
460	35.5556
470	32.2222
480	28.8889
490	26.8081
500	36.8081
510	32.9293
520	30.7273
530	40.7273
540	33.6364
550	29.0909
560	39.0909
570	34.8485
580	32.1212
590	42.1212
600	35.4545
610	30
620	26.7179
630	36.7179
640	33.641
650	27.7949
660	37.7949
670	32.4103
680	31.4462
690	41.4462
700	36.8103
710	29.6615
720	39.6615
730	33.3333
740	31.2627
750	41.2627
760	34.6588
770	29.6627
780	39.6627
790	35.2941
800	31.1765
810	41.1765
820	33.5294
830	29.4118
840	39.4118
850	35.2941
860	31.2026
870	41.2026
880	33.915
890	28.4379
900	38.4379
910	35
920	31.6901
930	41.6901
940	35.345
950	29.1462
960	39.1462
970	33.6842
980	31.0737
990	41.0737
1000	35.5737
1010	30.2053
1020	40.2053
1030	32.5
1040	30.519
1050	40.519
1060	35.781
1070	29.6381
1080	39.6381
1090	32.381
1100	30.9524
1110	40.9524
1120	36.6667
1130	29.5238
1140	39.5238
1150	32.381
1160	30.9524
1170	40.9524
1180	36.6667
1190	29.5238
1200	39.5238
1210	32.381
1220	30.8788
1230	40.8788
1240	36.8312
1250	30.1039
1260	40.1039
1270	33.6364
1280	30
1290	40
1300	36.3636
1310	30
1320	40
1330	33.6364
1340	30
1350	40
1360	36.3636
1370	30
1380	40
1390	33.6364
1400	30.0198
1410	40.0198
1420	35.6877
1430	30.0949
1440	40.0949
1450	34.3478
1460	31.2591
1470	41.2591
1480	32.6539
1490	30.167
1500	40.167
1510	35.6
1520	31.2
1530	41.2
1540	32
1550	30
1560	40
1570	35.6
1580	31.1415
1590	41.1415
1600	32.2123
1610	30.4585
1620	40.4585
1630	36.5385
1640	30.3846
1650	40.3846
1660	31.9231
1670	30.3846
1680	40.3846
1690	36.5385
1700	30.4046
1710	40.4046
1720	32.1937
1730	30.8832
1740	40.8832
1750	35.5556
1760	30
1770	40
1780	32.2222
1790	31.1111
1800	41.1111
1810	35.5556
1820	29.9668
1830	39.9668
1840	31.8799
1850	31.1775
1860	41.1775
1870	36.5517
1880	30
1890	40
1900	31.3793
1910	31.0345
1920	41.0345
1930	36.5517
1940	30
1950	40
1960	31.3793
1970	31.0345
1980	41.0345
1990	36.5517
2000	30.0184
2010	40.0184
2020	31.6253
2030	31.1609
2040	29.3333
2050	26.0292
2060	36.0292
2070	31.3667
2080	28.5
2090	27.25
2100	37.25
2110	34.375
2120	30.3125
2130	40.3125
2140	35.3125
2150	28.4375
2160	38.4375
2170	34.375
2180	31.2614
2190	41.2614
2200	36.428
2210	28.8561
2220	38.8561
2230	32.4242
2240	31.5258
2250	41.5258
2260	36.4902
2270	28.5936
2280	38.5936
2290	32.6471
2300	32.0689
2310	42.0689
2320	36.3529
2330	28.0605
2340	38.0605
2350	32.5714
2360	32.2952
2370	42.2952
2380	36.1619
2390	28.3905
2400	38.3905
2410	33.3333
2420	30
2430	28.3333
2440	25.8333
2450	35.8333
2460	32.5
2470	27.5
2480	37.5
2490	35.2632
2500	31.6667
2510	41.6667
2520	37.1053
2530	31.3158
2540	41.3158
2550	34.2105
2560	27.6316
2570	37.6316
2580	34.4737
2590	30.7895
2600	28.1737
2610	26.1737
2620	25.3868
2630	35.3868
2640	29
2650	29
2660	39
2670	35.2174
2680	32.9872
2690	42.9872
2700	34.3488
2710	29.0698
2720	39.0698
2730	32.4248
2740	30.1736
2750	28.9809
2760	25.7778
2770	25.0778
2780	35.0778
2790	29.4972
2800	28.7139
2810	38.7139
2820	36.2139
2830	34.3333
2840	44.3333
2850	35.6344
2860	29.4838
2870	39.4838
2880	33.9022
2890	31.6573
2900	31.0557
2910	41.0557
2920	38.2257
2930	34.4902
2940	44.4902
2950	36.4412
2960	30.8514
2970	40.8514
2980	36.9722
2990	34.533
3000	33.4482
3010	30.7032
3020	40.7031
3030	36.9777
3040	31.2914
3050	31.0953
3060	41.0953
3070	40.1149
3080	37.5395
3090	35.2182
3100	32.581
3110	42.581
3120	39.0772
3130	32.7311
3140	32.7311
3150	42.7311
3160	41.9618
3170	38.8849
3180	36.7695
3190	34.2978
3200	44.2978
3210	40.9277
3220	34.7543
3230	34.1882
3240	44.1882
3250	44.7475
3260	41.5399
3270	35.5022
3280	45.5022
3290	39.6531
3300	33.7736
3310	43.7736
3320	37.9588
3330	28.8145
3340	38.8145
3350	33.1464
3360	32.776
3370	42.776
3380	37.0754
3390	33.9968
3400	30.6702
3410	27.8816
3420	25.518
3430	35.518
3440	34.643
3450	34.5384
3460	44.5384
3470	39.2881
3480	35.48
3490	32.0871
3500	29.5871
3510	27.4443
3520	37.4443
3530	36.73
3540	36.73
3550	46.73
3560	41.6247
3570	37.2546
3580	33.6456
3590	31.4646
3600	29.7405
3610	39.7405
3620	38.6862
3630	39.2269
3640	49.2269
3650	44.4985
3660	38.1599
3670	34.2255
3680	34.4268
3690	32.6758
3700	31.256
3710	41.256
3720	36.9759
3730	30.4839
3740	40.4839
3750	33.1567
3760	33.1183
3770	43.1183
3780	39.6262
3790	35.2637
3800	30.9869
3810	28.1486
3820	27.4477
3830	37.4477
3840	36.1977
3850	35.5727
3860	45.5727
3870	42.3732
3880	38.363
3890	34.4736
3900	30.6274
3910	30.1801
3920	40.1801
3930	39.252
3940	38.4065
3950	48.4065
3960	44.9737
3970	40.5282
3980	37.0954
3990	33.6625
4000	32.9163
4010	42.9163
4020	42.3881
4030	38.9552
4040	35.4889
4050	31.9554
4060	27.2983
4070	37.2983
4080	34.2159
4090	30.4478
4100	26.6914
4110	28.75
4120	28.0724
4130	38.0724
4140	34.4734
4150	30.902
4160	30.0141
4170	40.0141
4180	39.065
4190	35.6197
4200	45.6197
4210	39.5366
4220	32.6352
4230	42.6352
4240	39.2549
4250	38.4099
4260	48.4099
4270	42.3535
4280	35.4521
4290	45.4521
4300	39.3958
4310	38.6915
4320	48.6915
4330	44.607
4340	40.6047
4350	50.6047
4360	44.6413
4370	38.715
4380	48.715
4390	42.0288
4400	41.25
4410	38.0556
4420	48.0556
4430	43.0556
4440	34.5833
4450	44.5833
4460	35.0848
4470	29.387
4480	28.6464
4490	38.6464
4500	37.2004
4510	33.0113
4520	30.1837
4530	26.717
4540	36.717
4550	35.4905
4560	35.2805
4570	45.2805
4580	40.0805
4590	34.0805
4600	44.0804
4610	37.2804
4620	36.8805
4630	46.8805
4640	41.592
4650	35.6587
4660	45.6587
4670	39.0024
4680	38.7141
4690	48.7141
4700	42.8385
4710	37.114
4720	47.114
4730	40.675
4740	39.7659
4750	49.7659
4760	46.2545
4770	40.7333
4780	50.7333
4790	44.006
4800	37.8137
4810	36.9228
4820	46.9228
4830	41.5998
4840	37.9606
4850	31.1767
4860	25.1899
4870	35.1899
4880	32.5538
4890	31.2612
4900	41.2612
4910	38.093
4920	34.0199
4930	44.0199
4940	39.0477
4950	31.6306
4960	41.6306
4970	36.007
4980	35.6128
4990	45.6128
5000	40.8516
5010	32.9805
5020	42.9805
5030	37.1987
5040	37.0324
5050	47.0324
5060	41.9301
5070	35.1704
5080	45.1704
5090	39.51
5100	37.2747
5110	35.0075
5120	33.2455
5130	32.9257
5140	42.9257
5150	37.3814
5160	38.8557
5170	37.2278
5180	34.4371
5190	44.4371
5200	38.7209
5210	29.8837
5220	39.8837
5230	35.9302
5240	30.5814
5250	28.0233
5260	27.5581
5270	37.5581
5280	35.9302
5290	33.1395
5300	27.4419
5310	28.7209
5320	29.4186
5330	39.4186
5340	36.6279
5350	30.9302
5360	31.6333
5370	41.6333
5380	39.4681
5390	36.7715
5400	46.7715
5410	37.5242
5420	33.7189
5430	43.7189
5440	41.2003
5450	38.1986
5460	34.5682
5470	32.7875
5480	42.7875
5490	39.8189
5500	35.0644
5510	45.0644
5520	42.8421
5530	39.9533
5540	49.9533
5550	44.9454
5560	40.1293
5570	50.1293
5580	44.1528
5590	37.1706
5600	47.1706
5610	44.5767
5620	41.9528
5630	38.5642
5640	36.2652
5650	46.2652
5660	30.914
5670	40.914
5680	33.6021
5690	31.2366
5700	29.1936
5710	25.1613
5720	35.1613
5730	32.7957
5740	30.4301
5750	27.957
5760	37.957
5770	35.914
5780	33.5563
5790	43.5563
5800	38.0412
5810	30.8162
5820	40.8162
5830	38.5821
5840	36.001
5850	46.001
5860	37.4727
5870	32.7014
5880	42.7014
5890	37.8752
5900	35.5135
5910	33.1361
5920	30.823
5930	40.823
5940	38.5604
5950	33.2543
5960	33.4584
5970	43.4584
5980	40.6013
5990	38.3564
6000	48.3564
6010	39.989
6020	35.3026
6030	45.3026
6040	43.1146
6050	39.9853
6060	49.9853
6070	41.7818
6080	37.2211
6090	47.2211
6100	42.5583
6110	40.6351
6120	37.3642
6130	34.988
6140	44.988
6150	42.6117
6160	37.7602
6170	37.2277
6180	34.8515
6190	31.6832
6200	41.6832
6210	36.8888
6220	29.0482
6230	39.0482
6240	34.468
6250	32.9798
6260	31.0644
6270	41.0644
6280	34.3191
6290	32.1627
6300	30.0872
6310	40.0872
6320	36.8361
6330	35.0437
6340	45.0437
6350	39.9493
6360	32.7795
6370	42.7795
6380	41.0003
6390	37.821
6400	47.821
6410	39.8093
6420	34.7679
6430	44.7679
6440	40.7622
6450	38.6957
6460	35.6566
6470	33.1239
6480	43.1239
6490	40.9017
6500	37.0128
6510	47.0128
6520	44.5587
6530	41.3714
6540	36.2058
6550	34.7379
6560	44.7379
6570	43.7714
6580	38.7726
6590	33.8532
6600	43.8532
6610	38.1081
6620	32.3216
6630	42.3216
6640	37.2383
6650	29.488
6660	39.488
6670	37.6899
6680	33.7675
6690	43.7675
6700	38.8184
6710	31.2259
6720	41.2259
6730	39.5323
6740	35.733
6750	45.733
6760	40.9158
6770	33.4782
6780	43.4782
6790	41.4224
6800	37.7381
6810	47.7382
6820	43.0013
6830	35.6329
6840	45.6329
6850	43.5276
6860	39.8434
6870	49.8434
6880	45.1066
6890	37.7381
6900	47.7381
6910	46.6667
6920	42.5543
6930	52.5543
6940	44.2008
6950	36.7126
6960	46.7126
6970	34.8318
6980	32.9097
6990	31.2601
7000	27.3932
7010	37.3932
7020	35.127
7030	33.6015
7040	43.6015
7050	39.304
7060	35.6117
7070	45.6117
7080	40.9465
7090	33.777
7100	43.777
7110	41.2185
7120	37.5553
7130	47.5553
7140	42.8475
7150	35.6473
7160	45.6473
7170	43.3672
7180	39.6321
7190	49.6321
7200	44.6389
7210	37.5401
7220	47.5401
7230	46.8339
7240	42.5161
7250	36.4548
7260	46.4548
7270	39.0101
7280	29.36
7290	39.36
7300	36.88
7310	32.96
7320	42.96
7330	38.08
7340	31.28
7350	41.28
7360	38.8
7370	34.88
7380	44.88
7390	40
7400	33.2067
7410	43.2067
7420	40.7646
7430	36.9054
7440	46.9054
7450	41.7091
7460	35.0254
7470	45.0254
7480	42.6818
7490	38.9321
7500	48.932
7510	43.7999
7520	36.7753
7530	46.7753
7540	44.5286
7550	40.8867
7560	50.8867
7570	45.8729
7580	38.5359
7590	48.5359
7600	46.8092
7610	42.6424
7620	52.6424
7630	44.1996
7640	36.8406
7650	46.8406
7660	34.0044
7670	31.7519
7680	41.7519
7690	37.5738
7700	32.8887
7710	42.8887
7720	35.9956
7730	33.6839
7740	43.6839
7750	39.584
7760	34.5934
7770	44.5934
7780	37.6399
7790	35.421
7800	45.421
7810	41.4272
7820	36.5493
7830	46.5493
7840	39.4597
7850	37.3323
7860	47.3323
7870	43.443
7880	38.639
7890	48.639
7900	41.6766
7910	39.6393
7920	49.6393
7930	45.8529
7940	40.7418
7950	50.7418
7960	43.8529
7970	41.5556
7980	37.5556
7990	47.5556
8000	41.4248
8010	33.8322
8020	43.8322
8030	34.2113
8040	32.2849
8050	42.2849
8060	38.1827
8070	33.0787
8080	43.0787
8090	36.3935
8100	34.5527
8110	44.5527
8120	40.5381
8130	35.2097
8140	45.2097
8150	38.5673
8160	36.7425
8170	46.7425
8180	42.7431
8190	37.4499
8200	47.4499
8210	40.6033
8220	38.8485
8230	48.8485
8240	44.9354
8250	39.718
8260	49.718
8270	42.7615
8280	41.4493
8290	37.7594
8300	47.7594
8310	41.5592
8320	33.8585
8330	43.8585
8340	34.1755
8350	32.0892
8360	42.0892
8370	38.2378
8380	33.1604
8390	43.1604
8400	36.4
8410	34.3813
8420	44.3813
8430	40.2385
8440	35.2385
8450	45.2385
8460	38.5242
8470	36.5242
8480	46.5242
8490	42.3434
8500	37.3735
8510	47.3735
8520	40.7323
8530	38.799
8540	48.799
8550	44.3428
8560	39.3592
8570	49.3592
8580	42.8355
8590	40.9864
8600	50.9864
8610	46.5829
8620	41.4018
8630	51.4018
8640	44.994
8650	41.8361
8660	38.1119
8670	48.1119
8680	40.979
8690	50.979
8700	40.8392
8710	31.7483
8720	41.7483
8730	38.0663
8740	33.3141
8750	43.3141
8760	38.0756
8770	31.8963
8780	41.8963
8790	39.4362
8800	35.9441
8810	45.9441
8820	40.7019
8830	34.6542
8840	44.6542
8850	39.403
8860	37.921
8870	47.921
8880	42.7827
8890	36.8444
8900	46.8444
8910	41.3499
8920	39.8174
8930	49.8174
8940	44.7817
8950	38.9511
8960	48.9511
8970	43.532
8980	42.2288
8990	38.6255
9000	33.5609
9010	43.5609
9020	35.0331
9030	29.5364
9040	29.4702
9050	27.947
9060	37.947
9070	34.702
9080	31.7881
9090	29.2053
9100	29.6026
9110	29.0066
9120	39.0066
9130	36.0927
9140	33.5231
9150	32.884
9160	42.884
9170	39.3035
9180	36.5381
9190	46.5381
9200	41.6362
9210	35.5577
9220	45.5577
9230	42.8126
9240	39.0871
9250	49.0871
9260	44.1948
9270	38.0404
9280	48.0404
9290	42.8058
9300	41.0997
9310	51.0997
9320	46.2945
9330	39.9309
9340	49.9309
9350	44.736
9360	42.2727
9370	38.6364
9380	33.8312
9390	43.8312
9400	34.7403
9410	29.5455
9420	39.5455
9430	37.2078
9440	33.5714
9450	29.9351
9460	27.2727
9470	27.4026
9480	37.4026
9490	36.4935
9500	34.8077
9510	44.8077
9520	39.5465
9530	34.6406
9540	44.6406
9550	38.4553
9560	36.9129
9570	46.9129
9580	41.4636
9590	36.5617
9600	46.5617
9610	40.5816
9620	38.8107
9630	48.8107
9640	43.2754
9650	38.5134
9660	48.5134
9670	42.3285
9680	40.6316
9690	50.6316
9700	45.1938
9710	40.3306
9720	50.3306
9730	44.1903
9740	42.0629
9750	38.5267
9760	48.5267
9770	40.6873
9780	50.6873
9790	40.5299
9800	31.5432
9810	41.5432
9820	38.1481
9830	32.963
9840	42.963
9850	37.7778
9860	31.4815
9870	41.4815
9880	38.8272
9890	35.4321
9900	45.4321
9910	40.2469
9920	33.9589
9930	43.959
9940	38.6592
9950	37.2188
9960	47.2188
9970	42.119
9980	35.9309
9990	45.9309
10000	40.3577
10010	38.9872
10020	48.9872
10030	43.9795
10040	37.882
10050	47.882
10060	42.1503
10070	40.8088
10080	50.8088
10090	45.8088
10100	39.7112
10110	49.7112
10120	43.9795
10130	42.0122
10140	38.7805
10150	33.7805
10160	43.7805
10170	35
10180	29.2683
10190	29.2683
10200	27.9268
10210	37.9268
10220	34.5052
10230	31.375
10240	28.9917
10250	29.4472
10260	28.6688
10270	38.6688
10280	35.4688
10290	33.2167
10300	32.48
10310	42.48
10320	39.1193
10330	35.7264
10340	45.7264
10350	41.1008
10360	34.9857
10370	44.9857
10380	41.7063
10390	38.2054
10400	48.2054
10410	43.7433
10420	37.5333
10430	47.5333
10440	41.7067
10450	39.8428
10460	49.8428
10470	45.4388
10480	39.3482
10490	49.3482
10500	43.6683
10510	41.5783
10520	51.5783
10530	47.0118
10540	41.0581
10550	51.0581
10560	45.4511
10570	42.4277
10580	38.2705
10590	33.7166
10600	43.7166
10610	35.1482
10620	29.5995
10630	39.5995
10640	37.1624
10650	32.6297
10660	42.6297
10670	36.8788
10680	31.4997
10690	41.4997
10700	38.8943
10710	34.1627
10720	44.1627
10730	38.5355
10740	33.2625
10750	43.2625
10760	40.7445
10770	35.8052
10780	45.8052
10790	40.1667
10800	34.8505
10810	44.8505
10820	42.4945
10830	37.5412
10840	47.5412
10850	41.9807
10860	36.5212
10870	46.5212
10880	44.0096
10890	39.1277
10900	49.1277
10910	43.536
10920	38.1734
10930	48.1734
10940	45.7821
10950	40.7821
10960	50.7821
10970	45.1299
10980	39.8038
10990	49.8038
11000	47.8261
11010	42.8261
11020	36.3043
11030	30.6522
11040	40.6522
11050	32.7717
11060	30.2785
11070	29.7838
11080	39.7838
11090	35.3663
11100	32.6567
11110	42.6567
11120	37.7472
11130	31.8795
11140	41.8795
11150	39.2273
11160	34.9008
11170	44.9008
11180	40.0621
11190	34.2557
11200	44.2557
11210	39.0944
11220	36.8363
11230	46.8363
11240	42.0069
11250	36.1335
11260	46.1335
11270	41.0222
11280	38.8154
11290	48.8155
11300	44.0652
11310	38.0466
11320	48.0466
11330	43.0159
11340	40.6242
11350	50.6242
11360	45.9524
11370	40.0189
11380	50.0189
11390	44.8721
11400	42.6069
11410	38.1481
11420	33.545
11430	43.545
11440	35.0265
11450	29.7884
11460	39.7884
11470	37.4074
11480	32.8068
11490	42.8068
11500	36.8486
11510	31.6533
11520	41.6533
11530	39.3288
11540	34.8025
11550	44.8025
11560	38.6972
11570	33.5393
11580	43.5393
11590	41.2236
11600	36.6972
11610	46.6972
11620	40.592
11630	35.4341
11640	45.4341
11650	43.1183
11660	38.597
11670	48.597
11680	42.4387
11690	37.365
11700	47.365
11710	44.8896
11720	40.5146
11730	50.5146
11740	44.2646
11750	39.2646
11760	49.2646
11770	34.0625
11780	44.0625
11790	37.3287
11800	31.1485
11810	41.1485
11820	33.5325
11830	31.9088
11840	41.9088
11850	37.6802
11860	31.6039
11870	41.6039
11880	36.4512
11890	33.7341
11900	43.7341
11910	39.4816
11920	33.489
11930	43.489
11940	38.2928
11950	35.7143
11960	45.7143
11970	41.4025
11980	35.542
11990	45.542
12000	40.4106
12010	37.7385
12020	47.7385
12030	43.5513
12040	37.5907
12050	47.5907
12060	42.5168
12070	39.8075
12080	49.8075
12090	45.6203
12100	39.6597
12110	49.6597
12120	44.5858
12130	41.8764
12140	51.8764
12150	47.6892
12160	41.7287
12170	51.7287
12180	48.0788
12190	40.4926
12200	50.4926
12210	43.5716
12220	36.9633
12230	46.9633
12240	35.7915
12250	30.5914
12260	40.5914
12270	38.0283
12280	33.6339
12290	43.6339
12300	37.7353
12310	32.6408
12320	42.6408
12330	40.1463
12340	35.6016
12350	45.6016
12360	39.7638
12370	34.8139
12380	44.8139
12390	42.1934
12400	37.5766
12410	47.5766
12420	41.8386
12430	36.9707
12440	46.9707
12450	44.4102
12460	39.7635
12470	49.7635
12480	44.1001
12490	39.3028
12500	37.9626
12510	35.4315
12520	30.6192
12530	40.6192
12540	35.1292
12550	30.2804
12560	40.2804
12570	37.6831
12580	32.8579
12590	42.8579
12600	37.4971
12610	32.4273
12620	42.4273
12630	39.9268
12640	35.1002
12650	45.1002
12660	39.6981
12670	34.8357
12680	44.8357
12690	42.4692
12700	37.6407
12710	47.6407
12720	42.2865
12730	37.2181
12740	47.2181
12750	44.8171
12760	40.0562
12770	50.0562
12780	44.7718
12790	39.7718
12800	49.7718
12810	47.4619
12820	42.7469
12830	35.4734
12840	45.4734
12850	37.7928
12860	30.456
12870	40.456
12880	37.777
12890	32.9511
12900	42.9511
12910	37.6315
12920	32.8388
12930	42.8388
12940	40.2166
12950	35.3007
12960	45.3007
12970	40.0271
12980	35.3004
12990	45.3004
13000	42.7344
13010	37.6178
13020	47.6178
13030	42.4121
13040	37.7454
13050	47.7455
13060	45.2121
13070	40.0121
13080	50.0121
13090	44.8121
13100	40.1454
13110	38.0889
13120	35.4222
13130	45.4222
13140	38.7111
13150	33.5111
13160	28.8466
13170	26.2045
13180	36.2045
13190	35.6805
13200	32.9248
13210	30.8102
13220	28.253
13230	29.8151
13240	39.8151
13250	37.109
13260	34.9022
13270	32.2384
13280	31.759
13290	31.5923
13300	41.5923
13310	39.3981
13320	36.7795
13330	36.3448
13340	33.5187
13350	33.7795
13360	43.7795
13370	41.1708
13380	40.5217
13390	37.6957
13400	33.087
13410	43.087
13420	36.0435
13430	30.913
13440	40.913
13450	35.5217
13460	33.0036
13470	43.0036
13480	38.4202
13490	33.1797
13500	43.1797
13510	37.8484
13520	35.388
13530	45.388
13540	40.8925
13550	35.4964
13560	45.4964
13570	40.0584
13580	37.6978
13590	47.6978
13600	43.2772
13610	37.8266
13620	47.8266
13630	42.3759
13640	40.019
13650	50.019
13660	45.5204
13670	40.1072
13680	50.1072
13690	44.716
13700	42.309
13710	37.9744
13720	47.9744
13730	40.9933
13740	32.9537
13750	42.9537
13760	34.8729
13770	32.6695
13780	42.6695
13790	38.178
13800	32.6695
13810	42.6695
13820	37.161
13830	34.9576
13840	44.9576
13850	40.4661
13860	34.9576
13870	44.9576
13880	39.4492
13890	37.2458
13900	47.2458
13910	42.7542
13920	37.2458
13930	47.2458
13940	41.7123
13950	39.5243
13960	49.5243
13970	45.0715
13980	39.6154
13990	49.6154
14000	43.9367
14010	42.0576
14020	37.8107
14030	47.8107
14040	41.0719
14050	33.1799
14060	43.1799
14070	35.0209
14080	32.7197
14090	42.7197
14100	38.41
14110	33.0962
14120	43.0962
14130	37.553
14140	35.2774
14150	45.2774
14160	41.0174
14170	35.5174
14180	45.5174
14190	40.0389
14200	37.8143
14210	47.8143
14220	43.4061
14230	37.9704
14240	47.9704
14250	42.5347
14260	40.3356
14270	50.3356
14280	45.8957
14290	40.46
14300	50.46
14310	44.963
14320	42.0599
14330	52.0599
14340	45.8364
14350	39.0496
14360	49.0496
14370	38.5537
14380	30.3306
14390	40.3306
14400	38.1818
14410	33.8017
14420	43.8017
14430	38.4382
14440	32.8376
14450	42.8376
14460	40.5642
14470	36.2313
14480	46.2313
14490	40.8983
14500	35.3618
14510	45.3618
14520	43.0482
14530	38.7742
14540	48.7742
14550	43.2908
14560	37.818
14570	47.818
14580	45.5547
14590	41.143
14600	51.143
14610	45.7228
14620	40.3131
14630	50.3131
14640	47.0219
14650	42.6199
14660	36.3439
14670	46.3439
14680	38.4409
14690	30.5483
14700	40.5483
14710	35.995
14720	33.8509
14730	43.8509
14740	38.4811
14750	33.2104
14760	43.2104
14770	38.6864
14780	36.5913
14790	46.5913
14800	41.1302
14810	35.9209
14820	45.9209
14830	41.2465
14840	39.1999
14850	49.1999
14860	43.8008
14870	38.5245
14880	48.5245
14890	43.8767
14900	41.8798
14910	51.8798
14920	46.5645
14930	41.1426
14940	51.1426
14950	47.4441
14960	40.24
14970	50.24
14980	44.3843
14990	36.5121
15000	46.5121
15010	35.9302
15020	31.2267
15030	30.95
15040	29.0923
15050	39.0923
15060	36.2464
15070	33.9935
15080	31.1418
15090	31.2697
15100	31.0153
15110	41.0153
15120	38.8028
15130	35.8107
15140	35.5765
15150	45.5765
15160	41.8139
15170	39.6398
15180	49.6398
15190	43.8984
15200	38.5984
15210	48.5984
15220	46.8998
15230	42.342
15240	52.342
15250	44.7348
15260	36.4103
15270	46.4103
15280	35.716
15290	31.2168
15300	30.7888
15310	29.1081
15320	39.1081
15330	36.0398
15340	33.9216
15350	30.9631
15360	31.3106
15370	30.8066
15380	40.8066
15390	38.5921
15400	35.6856
15410	35.224
15420	45.224
15430	41.7536
15440	39.442
15450	49.442
15460	44.0237
15470	38.2732
15480	48.2732
15490	46.8056
15500	41.9144
15510	51.9144
15520	44.7431
15530	36.8734
15540	46.8734
15550	35.8568
15560	30.8073
15570	30.6441
15580	29.1812
15590	39.1812
15600	35.9844
15610	33.5315
15620	30.8919
15630	31.2329
15640	30.6887
15650	40.6887
15660	38.2752
15670	35.6812
15680	35.1549
15690	45.1549
15700	41.4707
15710	39.0646
15720	49.0646
15730	43.9519
15740	38.1663
15750	48.1663
15760	46.9656
15770	42.1376
15780	52.1376
15790	44.4255
15800	36.6791
15810	46.6791
15820	35.7836
15830	31.0075
15840	30.8582
15850	28.9911
15860	38.9911
15870	35.9488
15880	33.661
15890	30.8691
15900	31.0178
15910	30.6069
15920	40.6069
15930	38.3556
15940	35.5569
15950	35.1866
15960	45.1866
15970	41.2222
15980	39.0018
15990	49.0018
16000	43.6081
16010	38.0831
16020	48.0831
16030	47.0539
16040	42.4431
16050	52.4431
16060	44.5198
16070	36.469
16080	46.469
16090	35.663
16100	31.1077
16110	30.8268
16120	28.9325
16130	38.9325
16140	35.7619
16150	33.674
16160	30.8553
16170	30.9739
16180	30.3653
16190	40.3653
16200	38.3145
16210	35.5407
16220	34.8857
16230	44.8857
16240	41.1059
16250	38.9738
16260	48.9738
16270	43.6936
16280	37.7663
16290	47.7663
16300	45.5845
16310	41.8391
16320	51.8391
16330	46.5663
16340	40.641
16350	50.641
16360	46.0422
16370	42.3896
16380	38.674
16390	33.2609
16400	43.2609
16410	34.7278
16420	30.1775
16430	40.1775
16440	37.3495
16450	33.6871
16460	30.3354
16470	28.2641
16480	27.9712
16490	37.9712
16500	37.3619
16510	35.5492
16520	45.5492
16530	41.1406
16540	35.6568
16550	45.6567
16560	39.7428
16570	37.9148
16580	47.9148
16590	43.5062
16600	38.0223
16610	48.0223
16620	42.1084
16630	40.2804
16640	50.2804
16650	45.8718
16660	40.3879
16670	50.3879
16680	44.474
16690	41.828
16700	38.0373
16710	48.0373
16720	41.2418
16730	51.2418
16740	40.6308
16750	32.109
16760	42.109
16770	38.0898
16780	33.6976
16790	43.6976
16800	38.3401
16810	32.5748
16820	42.5748
16830	40.4471
16840	35.9791
16850	45.9791
16860	40.6599
16870	34.9152
16880	44.9152
16890	42.794
16900	38.3421
16910	48.3421
16920	43.0581
16930	37.3589
16940	47.3589
16950	45.2868
16960	40.9019
16970	50.9019
16980	45.5697
16990	39.7986
17000	49.7986
17010	46.8785
17020	42.5786
17030	36.4975
17040	46.4975
17050	38.6115
17060	30.2475
17070	40.2475
17080	36.0008
17090	33.8563
17100	43.8563
17110	38.4041
17120	32.7169
17130	42.7169
17140	38.5198
17150	36.4176
17160	46.4176
17170	40.9946
17180	35.1537
17190	45.1537
17200	41.0058
17210	38.9454
17220	48.9454
17230	43.5759
17240	37.5925
17250	47.5925
17260	43.4935
17270	41.361
17280	51.361
17290	46.0445
17300	40.1162
17310	50.1162
17320	47.2129
17330	40.8257
17340	50.8257
17350	44.4048
17360	36.5979
17370	46.5979
17380	35.4296
17390	31.4089
17400	41.4089
17410	39.0378
17420	33.7673
17430	43.7673
17440	37.9137
17450	33.9211
17460	43.9211
17470	41.5888
17480	36.1822
17490	46.1822
17500	40.3828
17510	36.438
17520	46.438
17530	43.9601
17540	38.6104
17550	48.6104
17560	42.8023
17570	38.9324
17580	38.2613
17590	35.5545
17600	45.5545
17610	38.7636
17620	32.9242
17630	29.1233
17640	26.2854
17650	36.2854
17660	35.8174
17670	32.6568
17680	31.1912
17690	28.3854
17700	30.0352
17710	40.0352
17720	36.91
17730	35.4753
17740	32.6133
17750	32.2015
17760	31.7317
17770	41.7317
17780	40.3276
17790	37.4228
17800	37.0389
17810	33.9841
17820	33.5786
17830	43.5786
17840	39.9331
17850	34.4816
17860	44.4816
17870	38.8294
17880	32.2408
17890	42.2408
17900	38.5953
17910	33.14
17920	43.14
17930	37.4699
17940	34.9846
17950	44.9846
17960	41.4634
17970	35.9794
17980	45.9794
17990	40.2664
18000	37.7069
18010	47.7069
18020	44.1384
18030	38.7984
18040	48.7984
18050	43.0821
18060	40.5159
18070	38.9416
18080	35.2288
18090	29.9346
18100	39.9346
18110	34.2484
18120	31.6993
18130	41.6993
18140	37.9783
18150	32.6975
18160	42.6975
18170	37.0419
18180	34.5242
18190	44.5242
18200	40.8523
18210	35.5825
18220	45.5825
18230	40.008
18240	37.4131
18250	47.4131
18260	43.8296
18270	38.5161
18280	48.5161
18290	42.9263
18300	40.3672
18310	50.3672
18320	46.871
18330	41.6558
18340	51.6558
18350	45.9737
18360	41.7631
18370	51.7631
18380	44.9242
18390	39.2806
18400	49.2806
18410	39.1178
18420	30.6711
18430	40.6711
18440	38.0702
18450	34.6629
18460	44.6629
18470	39.6279
18480	33.6964
18490	43.6964
18500	41.1647
18510	37.6837
18520	47.6837
18530	42.6837
18540	36.7344
18550	46.7344
18560	44.208
18570	40.7397
18580	50.7397
18590	45.7697
18600	39.7092
18610	49.7092
18620	46.5312
18630	41.9689
18640	36.2223
18650	46.2223
18660	38.8151
18670	30.0943
18680	40.0943
18690	37.6266
18700	34.0531
18710	44.0531
18720	39.1754
18730	33.1762
18740	43.1762
18750	40.5783
18760	37.0473
18770	47.0473
18780	42.2162
18790	36.1233
18800	46.1233
18810	43.5647
18820	40.0759
18830	50.0759
18840	45.1789
18850	39.0925
18860	49.0925
18870	46.5732
18880	41.9626
18890	51.9626
18900	44.0187
18910	36.5732
18920	46.5732
18930	35.1402
18940	32.6168
18950	42.6168
18960	39.1589
18970	34.2056
18980	44.2056
18990	38.1165
19000	35.619
19010	45.619
19020	42.0927
19030	37.2166
19040	47.2166
19050	41.0639
19060	38.6309
19070	48.6309
19080	45.0984
19090	40.1217
19100	50.1217
19110	44.0352
19120	41.5775
19130	37.1591
19140	47.1591
19150	41.3379
19160	33.7936
19170	43.7936
19180	35.1876
19190	32.914
19200	42.914
19210	39.2133
19220	34.2133
19230	44.2133
19240	38.2987
19250	36.0426
19260	46.0426
19270	42.3231
19280	37.3246
19290	47.3246
19300	41.3608
19310	39.1246
19320	49.1246
19330	45.4412
19340	40.4868
19350	50.4868
19360	44.4382
19370	41.4894
19380	37.234
19390	47.234
19400	41.2766
19410	33.8298
19420	43.8298
19430	35.1064
19440	32.8875
19450	42.8875
19460	39.1999
19470	34.2212
19480	44.2212
19490	38.2308
19500	36.0685
19510	46.0685
19520	42.2962
19530	37.263
19540	47.263
19550	41.2317
19560	39.1148
19570	49.1148
19580	45.388
19590	40.3641
19600	50.3641
19610	44.2298
19620	41.3942
19630	51.3942
19640	45.3293
19650	39.4012
19660	49.4012
19670	39.2814
19680	30.4192
19690	40.4192
19700	38.388
19710	34.7476
19720	44.7476
19730	39.5728
19740	33.4438
19750	43.4438
19760	41.4485
19770	37.8488
19780	47.8487
19790	42.5405
19800	36.4594
19810	46.4594
19820	44.4999
19830	40.8871
19840	50.8871
19850	45.5589
19860	39.5256
19870	49.5256
19880	46.3502
19890	42.4332
19900	36.4392
19910	46.4392
19920	38.5757
19930	29.8813
19940	39.8813
19950	37.9525
19960	34.2433
19970	44.2433
19980	38.9318
19990	32.908
20000	42.908
20010	40.9686
20020	37.2337
20030	47.2337
20040	41.9764
20050	36.0251
20060	46.0251
20070	43.9756
20080	40.1811
20090	50.1811
20100	44.9867
20110	39.0935
20120	49.0935
20130	46.5312
20140	42.2975
20150	52.2975
20160	43.9928
20170	36.355
20180	46.355
20190	35.0877
20200	32.807
20210	42.807
20220	39.1228
20230	34.0351
20240	44.0351
20250	38.0566
20260	35.7415
20270	45.7415
20280	42.1104
20290	37.0957
20300	47.0957
20310	41.057
20320	38.6273
20330	48.6273
20340	45.0489
20350	40.0851
20360	50.0851
20370	44.0928
20380	41.7207
20390	37.1301
20400	47.1301
20410	41.1922
20420	33.7861
20430	43.7861
20440	35.1734
20450	32.6879
20460	42.6879
20470	38.9884
20480	34.0751
20490	44.0751
20500	38.1214
20510	35.6358
20520	45.6358
20530	41.9364
20540	37.0246
20550	47.0246
20560	41.0877
20570	38.5291
20580	48.5291
20590	44.8639
20600	39.995
20610	49.995
20620	44.104
20630	41.5008
20640	51.5008
20650	33.3333
20660	43.3333
20670	36.0451
20680	30.1303
20690	40.1303
20700	35.4735
20710	32.866
20720	42.866
20730	38.0809
20740	32.0924
20750	42.0924
20760	39.5423
20770	35.7887
20780	45.7887
20790	40.9885
20800	35.0129
20810	45.0129
20820	42.4849
20830	38.7621
20840	48.7621
20850	43.8527
20860	37.8743
20870	47.8743
20880	45.382
20890	41.6983
20900	51.6983
20910	46.8265
20920	40.7582
20930	50.7582
20940	46.6667
20950	42.1083
20960	52.1083
20970	43.8483
20980	36.5134
20990	46.5134
21000	35.1208
21010	32.6729
21020	42.6729
21030	38.8733
21040	34.0584
21050	44.0584
21060	38.0667
21070	35.509
21080	45.509
21090	41.7485
21100	36.9162
21110	46.9162
21120	40.9697
21130	38.422
21140	48.422
21150	44.6932
21160	39.778
21170	49.778
21180	43.8457
21190	41.8079
21200	37.1729
21210	47.1729
21220	41.1695
21230	33.7901
21240	43.7901
21250	35.2407
21260	32.5615
21270	42.5615
21280	38.9154
21290	34.0185
21300	44.0185
21310	38.2488
21320	35.5131
21330	45.5131
21340	41.9522
21350	36.9669
21360	46.9669
21370	41.2515
21380	38.5531
21390	48.5531
21400	44.9805
21410	39.9846
21420	49.9845
21430	44.2043
21440	41.8287
21450	37.0635
21460	47.0635
21470	41.1839
21480	33.762
21490	43.762
21500	35.3867
21510	32.6243
21520	42.6243
21530	39.0331
21540	34.116
21550	44.116
21560	38.361
21570	35.6185
21580	45.6185
21590	42.0734
21600	37.0913
21610	47.0913
21620	41.2671
21630	38.5748
21640	48.5748
21650	45.0583
21660	40.0583
21670	50.0583
21680	44.2342
21690	41.5419
21700	51.5419
21710	33.2912
21720	43.2912
21730	35.7912
21740	29.967
21750	39.967
21760	35.1593
21770	32.9945
21780	42.9945
21790	37.9945
21800	32.1677
21810	42.1677
21820	39.5009
21830	35.9363
21840	45.9363
21850	41.0074
21860	35.1072
21870	45.1072
21880	42.4968
21890	38.9101
21900	48.9101
21910	43.8856
21920	38.0233
21930	48.0233
21940	45.4473
21950	41.8974
21960	51.8974
21970	46.892
21980	40.9152
21990	50.9152
22000	46.662
22010	42.0334
22020	52.0334
22030	44.0217
22040	36.3876
22050	46.3876
22060	35.1582
22070	32.657
22080	42.657
22090	39.1939
22100	33.9534
22110	43.9534
22120	38.0787
22130	35.5196
22140	45.5196
22150	42.0928
22160	36.8934
22170	46.8934
22180	41.0614
22190	38.3746
22200	48.3746
22210	44.9839
22220	39.828
22230	49.828
22240	44.0554
22250	41.8388
22260	37.0232
22270	47.0232
22280	41.3102
22290	33.7166
22300	43.7166
22310	35.3743
22320	32.7005
22330	42.7005
22340	39.2129
22350	34.1089
22360	44.1089
22370	38.4399
22380	35.82
22390	45.82
22400	42.2705
22410	37.0994
22420	47.0994
22430	41.4393
22440	38.7861
22450	48.7861
22460	45.339
22470	40.1178
22480	50.1178
22490	44.3974
22500	41.7981
22510	37.0855
22520	47.0855
22530	41.4321
22540	33.6292
22550	43.6292
22560	35.2895
22570	32.7241
22580	42.7241
22590	39.1758
22600	33.9601
22610	43.96
22620	38.2874
22630	35.7548
22640	45.7548
22650	42.109
22660	36.9723
22670	46.9723
22680	41.2784
22690	38.6877
22700	48.6877
22710	45.0208
22720	39.9625
22730	49.9625
22740	44.1676
22750	41.6095
22760	51.6095
22770	48.2713
22780	42.3715
22790	34.7491
22800	44.7491
22810	36.3402
22820	31.7193
22830	41.7193
22840	38.1402
22850	32.9411
22860	42.9411
22870	37.2421
22880	34.6294
22890	44.6294
22900	41.0414
22910	35.8334
22920	45.8334
22930	40.1778
22940	37.5974
22950	47.5974
22960	43.9546
22970	38.7854
22980	48.7854
22990	43.0295
23000	40.4785
23010	38.801
23020	35.1786
23030	30.0255
23040	40.0255
23050	34.2602
23060	31.7092
23070	41.7092
23080	38.0983
23090	32.8882
23100	42.8882
23110	37.1563
23120	34.6372
23130	44.6372
23140	41.0609
23150	35.8131
23160	45.8131
23170	40.1212
23180	37.4816
23190	47.4816
23200	43.9397
23210	38.6546
23220	48.6546
23230	43.0024
23240	40.3948
23250	50.3948
23260	46.8759
23270	41.5341
23280	51.5341
23290	45.8885
23300	41.8987
23310	51.8987
23320	45.0886
23330	39.3165
23340	49.3165
23350	38.8608
23360	30.6076
23370	40.6076
23380	38
23390	34.481
23400	44.481
23410	39.1392
23420	33.4989
23430	43.4989
23440	40.9167
23450	37.3507
23460	47.3507
23470	41.9425
23480	36.3783
23490	46.3783
23500	43.8468
23510	40.2642
23520	50.2642
23530	44.8834
23540	39.3584
23550	49.3584
23560	46.689
23570	42.0236
23580	36.2194
23590	46.2194
23600	38.3246
23610	30.2648
23620	40.2648
23630	37.6522
23640	34.1443
23650	44.1443
23660	38.8481
23670	33.3685
23680	43.3685
23690	40.7873
23700	37.3131
23710	47.3131
23720	42.0551
23730	36.4645
23740	46.4645
23750	43.9147
23760	40.474
23770	50.474
23780	45.2539
23790	39.5926
23800	49.5926
23810	46.586
23820	41.8688
23830	51.8688
23840	43.995
23850	36.2804
23860	46.2804
23870	35.3928
23880	32.7555
23890	42.7555
23900	39.3913
23910	34.2059
23920	44.2059
23930	38.4892
23940	35.8915
23950	45.8915
23960	42.5636
23970	37.3169
23980	47.3169
23990	41.6389
24000	38.949
24010	48.949
24020	45.654
24030	40.3957
24040	50.3957
24050	44.7563
24060	41.7988
24070	37.0025
24080	47.0025
24090	41.5069
24100	33.676
24110	43.676
24120	35.4184
24130	32.6867
24140	42.6867
24150	39.3739
24160	34.1217
24170	44.1217
24180	38.4873
24190	35.7804
24200	45.7804
24210	42.5
24220	37.1827
24230	47.1827
24240	41.4941
24250	38.818
24260	48.818
24270	45.5699
24280	40.2897
24290	50.2897
24300	44.5857
24310	41.8173
24320	36.9277
24330	46.9277
24340	41.4797
24350	33.7174
24360	43.7174
24370	35.4728
24380	32.6054
24390	42.6054
24400	39.3148
24410	34.1523
24420	44.1523
24430	38.449
24440	35.6124
24450	45.6124
24460	42.3538
24470	37.1558
24480	47.1558
24490	41.466
24500	38.6603
24510	48.6603
24520	45.4229
24530	40.1711
24540	50.1711
24550	44.4876
24560	41.6819
24570	51.6819
24580	48.0576
24590	42.6139
24600	34.8201
24610	44.8201
24620	36.5228
24630	31.5853
24640	41.5853
24650	38.3611
24660	33.1306
24670	43.1306
24680	37.3499
24690	34.5799
24700	44.5799
24710	41.4003
24720	36.144
24730	46.144
24740	40.2924
24750	37.5807
24760	47.5807
24770	44.4508
24780	39.1863
24790	49.1863
24800	43.233
24810	40.5515
24820	38.5316
24830	35.4329
24840	30.2046
24850	40.2046
24860	34.1365
24870	31.4905
24880	41.4905
24890	38.4285
24900	33.2428
24910	43.2428
24920	37.0622
24930	34.446
24940	44.446
24950	41.4149
24960	36.265
24970	46.265
24980	39.9991
24990	37.4205
25000	47.4205
25010	44.3538
25020	39.1588
25030	49.1588
25040	42.9514
25050	40.424
25060	50.424
25070	48.0534
25080	42.7952
25090	35.082
25100	45.082
25110	36.0795
25120	31.4608
25130	41.4608
25140	38.4345
25150	33.2001
25160	43.2001
25170	36.9763
25180	34.3889
25190	44.3889
25200	41.3819
25210	36.1372
25220	46.1372
25230	39.8947
25240	37.3176
25250	47.3176
25260	44.3313
25270	39.1166
25280	49.1166
25290	42.7911
25300	40.2329
25310	38.4884
25320	35.5116
25330	30.3023
25340	40.3023
25350	33.943
25360	31.3994
25370	41.3994
25380	38.4477
25390	33.2737
25400	43.2737
25410	36.8595
25420	34.345
25430	44.345
25440	41.3076
25450	36.1687
25460	46.1687
25470	39.7924
25480	37.3069
25490	47.3069
25500	44.2764
25510	39.0339
25520	49.0339
25530	42.6494
25540	40.1926
25550	50.1926
25560	48.0465
25570	42.8802
25580	35.1382
25590	45.1383
25600	35.9447
25610	31.4286
25620	41.4286
25630	38.4332
25640	33.2202
25650	43.2202
25660	36.8
25670	34.3909
25680	44.3909
25690	41.324
25700	36.0517
25710	46.0517
25720	39.6911
25730	37.3223
25740	47.3223
25750	44.1505
25760	38.9131
25770	48.9131
25780	42.59
25790	40.2495
25800	38.6897
25810	35.41
25820	30.2091
25830	40.2091
25840	33.925
25850	31.5275
25860	41.5275
25870	38.2701
25880	33.0993
25890	43.0993
25900	36.8473
25910	34.4241
25920	44.4241
25930	41.1918
25940	35.9191
25950	45.9191
25960	39.6918
25970	37.2827
25980	47.2827
25990	44.0555
26000	38.7827
26010	48.7827
26020	42.5677
26030	40.1047
26040	50.1047
26050	46.9024
26060	41.6643
26070	51.6643
26080	45.5103
26090	41.6112
26100	51.6112
26110	44.8797
26120	39.5745
26130	49.5745
26140	39.1723
26150	30.4321
26160	40.4321
26170	37.8904
26180	34.8157
26190	44.8157
26200	39.4187
26210	33.3384
26220	43.3384
26230	40.8495
26240	37.8244
26250	47.8244
26260	42.4156
26270	36.2732
26280	46.2732
26290	43.84
26300	40.7392
26310	50.7392
26320	45.3458
26330	39.2172
26340	49.2172
26350	46.4357
26360	41.9956
26370	36.6297
26380	46.6297
26390	38.6253
26400	29.8448
26410	39.8448
26420	37.475
26430	34.2767
26440	44.2767
26450	38.8648
26460	32.7945
26470	42.7945
26480	40.4521
26490	37.1856
26500	47.1856
26510	41.8078
26520	35.6714
26530	45.6714
26540	43.3536
26550	40.1085
26560	50.1085
26570	44.7443
26580	38.5854
26590	48.5854
26600	46.4238
26610	42.053
26620	52.053
26630	44.3929
26640	36.468
26650	46.468
26660	34.9227
26670	32.6049
26680	42.6049
26690	39.3598
26700	33.9956
26710	43.9956
26720	37.8426
26730	35.5337
26740	45.5337
26750	42.2201
26760	36.884
26770	46.884
26780	40.7666
26790	38.4848
26800	48.4848
26810	45.1564
26820	39.7442
26830	49.7442
26840	43.6621
26850	41.5465
26860	37.1864
26870	47.1864
26880	41.6723
26890	33.7061
26900	43.7061
26910	34.9652
26920	32.6049
26930	42.6049
26940	39.3339
26950	33.9661
26960	43.9661
26970	37.822
26980	35.4494
26990	45.4494
27000	42.2074
27010	36.8732
27020	46.8732
27030	40.7596
27040	38.3142
27050	48.3142
27060	45.0828
27070	39.7553
27080	49.7552
27090	43.6417
27100	41.1963
27110	51.1963
27120	33.8755
27130	43.8755
27140	35.9935
27150	29.8799
27160	39.8799
27170	35.3603
27180	33.2314
27190	43.2314
27200	37.9004
27210	31.7797
27220	41.7797
27230	39.3039
27240	36.14
27250	46.14
27260	40.7859
27270	34.657
27280	44.657
27290	42.1791
27300	38.9543
27310	48.9543
27320	43.6335
27330	37.5395
27340	47.5394
27350	45.0086
27360	41.7843
27370	51.7843
27380	46.4965
27390	40.4372
27400	50.4372
27410	46.6049
27420	41.8596
27430	51.8596
27440	44.2672
27450	36.4683
27460	46.4683
27470	35.1033
27480	32.4468
27490	42.4468
27500	39.1649
27510	33.9418
27520	43.9418
27530	37.9561
27540	35.3267
27550	45.3268
27560	41.9445
27570	36.7541
27580	46.7541
27590	40.8027
27600	38.1255
27610	48.1255
27620	44.7612
27630	39.5953
27640	49.5953
27650	43.6922
27660	40.9297
27670	38.6615
27680	35.3518
27690	30.1279
27700	40.1279
27710	34.2644
27720	31.4712
27730	41.4712
27740	38.1592
27750	32.9526
27760	42.9526
27770	37.1295
27780	34.2803
27790	44.2803
27800	40.9045
27810	35.7452
27820	45.7452
27830	39.9491
27840	37.0828
27850	47.0828
27860	43.707
27870	38.5478
27880	48.5478
27890	42.7516
27900	39.8854
27910	49.8854
27920	46.5096
27930	41.3503
27940	51.3503
27950	45.5541
27960	41.9958
27970	51.9958
27980	44.8308
27990	39.2332
28000	49.2332
28010	39.0402
28020	30.637
28030	40.637
28040	37.6745
28050	34.3355
28060	44.3355
28070	39.1483
28080	33.4123
28090	43.4123
28100	40.4772
28110	37.1664
28120	47.1664
28130	41.9648
28140	36.1607
28150	46.1607
28160	43.2529
28170	39.9702
28180	49.9702
28190	44.8005
28200	38.9034
28210	48.9034
28220	46.8211
28230	41.7895
28240	36.3158
28250	46.3158
28260	38.6316
28270	30.0632
28280	40.0632
28290	37.1843
28300	33.9025
28310	43.9025
28320	38.7072
28330	32.8426
28340	42.8426
28350	40.0124
28360	36.6791
28370	46.6791
28380	41.459
28390	35.6099
28400	45.6099
28410	42.7699
28420	39.444
28430	49.444
28440	44.2429
28450	38.4193
28460	48.4193
28470	45.486
28480	42.1695
28490	52.1695
28500	46.9632
28510	41.2229
28520	51.2229
28530	46.945
28540	41.8242
28550	51.8242
28560	43.9866
28570	36.2802
28580	46.2802
28590	35.2545
28600	32.3206
28610	42.3206
28620	38.9597
28630	33.7795
28640	43.7795
28650	37.9824
28660	35.0283
28670	45.0283
28680	41.6311
28690	36.4719
28700	46.4719
28710	40.6922
28720	37.7735
28730	47.7735
28740	44.2992
28750	39.1968
28760	49.1968
28770	43.374
28780	40.4993
28790	38.749
28800	35.1888
28810	45.1888
28820	37.6122
28830	31.8163
28840	41.8163
28850	36.8163
28860	33.2245
28870	43.2245
28880	38.1679
28890	32.3821
28900	42.3821
28910	39.542
28920	35.873
28930	45.873
28940	40.847
28950	35.0548
28960	45.0548
28970	42.2408
28980	38.5772
28990	48.5772
29000	43.5772
29010	37.7235
29020	47.7235
29030	44.9186
29040	41.2601
29050	51.2601
29060	46.251
29070	40.3792
29080	50.3792
29090	46.9514
29100	42.0547
29110	36.1741
29120	46.1741
29130	38.6032
29140	30.0405
29150	40.0405
29160	37.2874
29170	33.6842
29180	43.6842
29190	38.6306
29200	32.7035
29210	42.7035
29220	39.9076
29230	36.3473
29240	46.3473
29250	41.3368
29260	35.3781
29270	45.3781
29280	42.5715
29290	39.0444
29300	49.0444
29310	43.9539
29320	38.0183
29330	48.0183
29340	45.2215
29350	41.7004
29360	51.7004
29370	46.6098
29380	40.6742
29390	50.6742
29400	46.9215
29410	41.992
29420	51.992
29430	43.9506
29440	36.3671
29450	46.3671
29460	35.1643
29470	32.3078
29480	42.3078
29490	38.7206
29500	33.6906
29510	43.6906
29520	37.8188
29530	34.9531
29540	44.9531
29550	41.3759
29560	36.3249
29570	46.3249
29580	40.4146
29590	37.5925
29600	47.5925
29610	44.0596
29620	38.9698
29630	48.9698
29640	43.0416
29650	40.2273
29660	38.7824
29670	35.2495
29680	30.1597
29690	40.1597
29700	34.2315
29710	31.4172
29720	41.4172
29730	37.8842
29740	32.7944
29750	42.7944
29760	36.8663
29770	34.0519
29780	44.0519
29790	40.5279
29800	35.3934
29810	45.3934
29820	39.4917
29830	36.7029
29840	46.7029
29850	43.184
29860	38.0498
29870	48.0498
29880	42.1331
29890	39.3014
29900	49.3014
29910	45.7658
29920	40.6916
29930	50.6916
29940	44.6982
29950	41.8919
29960	51.8919
29970	48.3433
29980	42.5401
29990	34.9318
30000	44.9318
30010	36.3189
30020	31.4391
30030	41.4391
30040	37.8184
30050	32.7176
30060	42.7176
30070	36.8015
30080	34.0629
30090	44.0629
30100	40.4002
30110	35.3291
30120	45.329
30130	39.4441
30140	36.6227
30150	46.6227
30160	42.9867
30170	37.8766
30180	47.8766
30190	42.0227
30200	39.2243
30210	49.2243
30220	45.604
30230	40.4572
30240	50.4572
30250	44.6059
30260	42.0944
30270	37.1691
30280	47.1691
30290	41.2942
30300	33.5573
30310	43.5573
30320	35.1069
30330	32.3492
30340	42.3492
30350	38.7139
30360	33.528
30370	43.528
30380	37.7738
30390	35.0579
30400	45.0579
30410	41.4176
30420	36.1714
30430	46.1714
30440	40.4432
30450	37.7442
30460	47.7442
30470	44.1131
30480	38.851
30490	48.851
30500	43.1228
30510	40.4238
30520	50.4238
30530	46.7927
30540	41.5306
30550	51.5306
30560	45.807
30570	42.0451
30580	37.2414
30590	47.2414
30600	41.2651
30610	33.4884
30620	43.4884
30630	35.1644
30640	32.4969
30650	42.497
30660	38.7924
30670	33.5829
30680	43.5829
30690	37.8031
30700	35.1273
30710	45.1273
30720	41.4492
30730	36.2691
30740	46.2691
30750	40.5197
30760	37.7854
30770	47.7854
30780	44.1337
30790	38.8923
30800	48.8923
30810	43.1697
30820	40.453
30830	50.453
30840	46.8113
30850	41.5512
30860	51.5512
30870	45.8287
30880	42.0617
30890	37.2254
30900	47.2254
30910	41.3102
30920	51.3102
30930	40.9634
30940	32.6204
30950	42.6204
30960	37.7842
30970	34.1426
30980	44.1426
30990	38.874
31000	33.1705
31010	43.1705
31020	40.4107
31030	36.8118
31040	46.8118
31050	41.4867
31060	35.8435
31070	45.8435
31080	43.0921
31090	39.4516
31100	49.4516
31110	44.0832
31120	38.4903
31130	48.4903
31140	46.9408
31150	42.104
31160	36.1981
31170	46.1981
31180	38.2751
31190	30.1407
31200	40.1407
31210	37.4743
31220	33.7817
31230	43.7817
31240	38.3936
31250	32.8965
31260	42.8965
31270	40.2561
31280	36.4827
31290	46.4826
31300	41.1349
31310	35.6208
31320	45.6208
31330	42.9253
31340	39.2013
31350	49.2013
31360	43.8894
31370	38.3506
31380	48.3506
31390	45.6474
31400	41.9234
31410	51.9234
31420	46.6115
31430	41.0727
31440	51.0727
31450	46.9754
31460	42.155
31470	52.155
31480	43.8563
31490	35.9924
31500	45.9924
31510	35.2741
31520	32.5709
31530	42.5709
31540	38.8469
31550	33.535
31560	43.535
31570	37.9962
31580	35.2896
31590	45.2896
31600	41.5508
31610	36.2235
31620	46.2235
31630	40.7651
31640	38.0227
31650	48.0227
31660	44.274
31670	38.8868
31680	48.8868
31690	43.4623
31700	40.7458
31710	38.9934
31720	35.2344
31730	29.8459
31740	39.8459
31750	34.3738
31760	31.7009
31770	41.7009
31780	37.9065
31790	32.5421
31800	42.5421
31810	37.0654
31820	34.3925
31830	44.3925
31840	40.6067
31850	35.2006
31860	45.2006
31870	39.748
31880	37.0988
31890	47.0988
31900	43.3386
31910	37.9053
31920	47.9053
31930	42.3884
31940	39.7627
31950	49.7627
31960	45.991
31970	40.5863
31980	50.5863
31990	45.0797
32000	42.1004
32010	52.1004
32020	45.313
32030	39.1492
32040	49.1492
32050	38.6762
32060	30.537
32070	40.537
32080	37.9815
32090	34.0926
32100	44.0926
32110	38.7593
32120	33.2037
32130	43.2037
32140	40.6481
32150	36.7593
32160	46.7593
32170	41.4259
32180	35.8704
32190	45.8704
32200	43.3148
32210	39.4259
32220	49.4259
32230	44.0926
32240	38.539
32250	48.539
32260	46.9854
32270	42.2875
32280	36.1026
32290	46.1027
32300	38.2357
32310	30.1288
32320	40.1288
32330	37.4995
32340	33.6559
32350	43.6559
32360	38.2603
32370	32.7697
32380	42.7697
32390	40.1637
32400	36.3456
32410	46.3456
32420	40.8678
32430	35.4058
32440	45.4058
32450	42.823
32460	39.0303
32470	49.0303
32480	43.4817
32490	38.0481
32500	48.0481
32510	45.4884
32520	41.6366
32530	51.6366
32540	46.1055
32550	40.7002
32560	50.7002
32570	47.0115
32580	42.3869
32590	52.3869
32600	43.9194
32610	35.7143
32620	45.7143
32630	35.2015
32640	32.674
32650	42.674
32660	38.8321
32670	33.2372
32680	43.2372
32690	37.7982
32700	35.2898
32710	45.2898
32720	41.4732
32730	35.9068
32740	45.9068
32750	40.3864
32760	37.9008
32770	47.9009
32780	44.1094
32790	38.5714
32800	48.5714
32810	43.0428
32820	40.58
32830	39.071
32840	35.2907
32850	45.2907
32860	37.1588
32870	31.6772
32880	41.6772
32890	37.1869
32900	33.3596
32910	43.3596
32920	37.7544
32930	32.3079
32940	42.3079
32950	39.9148
32960	36.1125
32970	46.1125
32980	40.4721
32990	34.9903
33000	44.9903
33010	42.6196
33020	38.8422
33030	48.8422
33040	43.185
33050	37.686
33060	47.686
33070	45.3375
33080	41.5851
33090	51.5851
33100	45.8929
33110	40.3588
33120	50.3588
33130	46.7946
33140	42.4073
33150	36.3954
33160	46.3954
33170	38.1236
33180	29.9824
33190	39.9824
33200	37.5749
33210	33.8769
33220	43.8769
33230	38.2467
33240	32.6446
33250	42.6446
33260	40.2568
33270	36.5764
33280	46.5764
33290	40.957
33300	35.3376
33310	45.3376
33320	42.9576
33330	39.2676
33340	49.2676
33350	43.6337
33360	37.9959
33370	47.9959
33380	46.7863
33390	42.3872
33400	52.3872
33410	44.1166
33420	35.8884
33430	45.8884
33440	35.0624
33450	32.656
33460	42.656
33470	38.9661
33480	33.3512
33490	43.3512
33500	37.7362
33510	35.3334
33520	45.3334
33530	41.6195
33540	36.0368
33550	46.0368
33560	40.375
33570	38.0145
33580	48.0145
33590	44.2769
33600	38.6714
33610	48.6714
33620	43.0308
33630	40.687
33640	39.1313
33650	35.4382
33660	29.7864
33670	39.7864
33680	34.127
33690	31.746
33700	41.746
33710	38.0952
33720	32.4339
33730	42.4339
33740	36.7752
33750	34.3719
33760	44.3719
33770	40.7356
33780	35.0953
33790	45.0953
33800	39.4643
33810	37.0053
33820	47.0053
33830	43.3929
33840	37.6994
33850	47.6994
33860	42.093
33870	39.6501
33880	49.6501
33890	46.0473
33900	40.3356
33910	50.3356
33920	44.7292
33930	41.9684
33940	51.9684
33950	45.3779
33960	39.5079
33970	49.5079
33980	38.5589
33990	30.3515
34000	40.3515
34010	37.9086
34020	34.3058
34030	44.3058
34040	38.594
34050	32.9877
34060	42.9877
34070	40.5448
34080	36.942
34090	46.942
34100	41.2339
34110	35.6358
34120	45.6358
34130	43.2067
34140	39.5388
34150	49.5388
34160	43.8619
34170	38.2993
34180	48.2993
34190	46.8891
34200	42.3487
34210	36.3287
34220	46.3287
34230	38.0944
34240	29.9825
34250	39.9825
34260	37.5
34270	33.7587
34280	43.7587
34290	38.1321
34300	32.5869
34310	42.5869
34320	40.1175
34330	36.3946
34340	46.3946
34350	40.7875
34360	35.1999
34370	45.1999
34380	42.7025
34390	39.0219
34400	49.0218
34410	43.3697
34420	37.8218
34430	47.8218
34440	45.3001
34450	41.6305
34460	51.6305
34470	45.9784
34480	40.4305
34490	50.4305
34500	46.9217
34510	42.313
34520	52.313
34530	44.0913
34540	35.84
34550	45.8399
34560	35.0568
34570	32.5535
34580	42.5535
34590	38.9156
34600	33.3086
34610	43.3086
34620	37.6504
34630	35.1
34640	45.1
34650	41.5053
34660	35.9433
34670	45.9433
34680	40.2866
34690	37.6578
34700	47.6578
34710	44.0865
34720	38.5514
34730	48.5514
34740	42.8528
34750	40.2284
34760	50.2284
34770	46.6845
34780	41.1507
34790	51.1507
34800	45.3938
34810	42.0004
34820	37.3196
34830	47.3196
34840	41.5867
34850	33.4651
34860	43.4651
34870	35.0449
34880	32.4296
34890	42.4296
34900	38.9937
34910	33.5065
34920	43.5065
34930	37.7116
34940	35.0969
34950	45.0969
34960	41.6319
34970	36.1588
34980	46.1588
34990	40.3873
35000	37.7922
35010	47.7922
35020	44.3021
35030	38.829
35040	48.829
35050	43.0424
35060	40.4108
35070	50.4108
35080	46.9643
35090	41.4804
35100	51.4804
35110	45.691
35120	41.9696
35130	37.2167
35140	47.2167
35150	41.5412
35160	33.4951
35170	43.4951
35180	35.1017
35190	32.3898
35200	42.3898
35210	38.9661
35220	33.5085
35230	43.5085
35240	37.7458
35250	35.0339
35260	45.0339
35270	41.6102
35280	36.1525
35290	46.1525
35300	40.3898
35310	37.678
35320	47.678
35330	44.2542
35340	38.7966
35350	48.7966
35360	43.0291
35370	40.3017
35380	50.3017
35390	46.9051
35400	41.4875
35410	51.4875
35420	45.672
35430	42.0246
35440	52.0246
35450	44.9628
35460	39.3892
35470	49.3892
35480	38.9026
35490	30.3947
35500	40.3947
35510	37.6072
35520	34.3275
35530	44.3275
35540	38.9575
35550	33.0639
35560	43.0639
35570	40.2636
35580	37.0328
35590	47.0328
35600	41.7072
35610	35.7807
35620	45.7807
35630	42.9593
35640	39.7373
35650	49.7373
35660	44.4151
35670	38.4665
35680	48.4665
35690	46.7956
35700	41.8544
35710	36.45
35720	46.45
35730	38.6
35740	29.9333
35750	39.9333
35760	37.1333
35770	33.9333
35780	43.9333
35790	38.6284
35800	32.616
35810	42.616
35820	39.8416
35830	36.6752
35840	46.6752
35850	41.3215
35860	35.2892
35870	45.2892
35880	42.4974
35890	39.3747
35900	49.3747
35910	43.9799
35920	37.9935
35930	47.9935
35940	45.1917
35950	42.0197
35960	52.0197
35970	46.6455
35980	40.6732
35990	50.6732
36000	46.7937
