10	10
20	5
30	5
40	5
50	5
60	5
70	10
80	15
90	15
100	25
110	20
120	15
130	25
140	21.5
150	20.5
160	30.5
170	31.5
180	30
190	40
200	35
210	30
220	40
230	35
240	30
250	40
260	35.5
270	29.1667
280	39.1667
290	33.6667
300	30
310	26.6667
320	36.6667
330	33.619
340	28.381
350	38.381
360	33.4286
370	32
380	30
390	26.0714
400	36.0714
410	29.1071
420	26.25
430	26.25
440	36.25
450	31.5
460	29.9444
470	39.9444
480	35.9444
490	32.2222
500	42.2222
510	32.2222
520	28.8889
530	38.8889
540	35.5556
550	32.2222
560	42.2222
570	32.2222
580	28.8889
590	38.8889
600	35.5556
610	32.2222
620	42.2222
630	32.0404
640	29.3535
650	39.3535
660	34.202
670	29.6566
680	26.3636
690	26.5909
700	36.5909
710	32.9545
720	27.5
730	37.5
740	35.2143
750	32.7857
760	27.3571
770	23.5714
780	25
790	35
800	33.5714
810	30.7143
820	40.7143
830	33.5714
840	30.7143
850	40.7143
860	33.2857
870	30.6571
880	40.6571
890	34.2
900	30.8667
910	40.8667
920	34.6667
930	32.6667
940	42.6667
950	36
960	27.3333
970	27.3333
980	27.3333
990	24
1000	34
1010	30.6667
1020	30.6667
1030	27.3333
1040	37.3333
1050	33.1216
1060	30.2902
1070	40.2902
1080	32.9176
1090	30
1100	40
1110	35.8824
1120	31.7647
1130	41.7647
1140	30.5882
1150	30
1160	40
1170	35.7941
1180	32.2412
1190	42.2412
1200	32.9706
1210	31.3
1220	41.3
1230	36.1636
1240	34.4545
1250	44.4545
1260	37.4364
1270	34.1818
1280	44.1818
1290	37.8182
1300	36.9091
1310	46.9091
1320	40.5455
1330	36.9091
1340	46.9091
1350	40.6166
1360	39.2016
1370	36.6798
1380	35.6719
1390	45.6719
1400	42.5137
1410	37.0458
1420	35.3774
1430	35.1339
1440	33.6
1450	43.6
1460	36.8
1470	27.6
1480	37.6
1490	35.6
1500	34.4
1510	44.4
1520	38.5659
1530	34.3674
1540	32.7274
1550	42.7274
1560	37.683
1570	32.8681
1580	42.8681
1590	37.8774
1600	37.597
1610	47.597
1620	43.1737
1630	37.9912
1640	47.9912
1650	38.7055
1660	37.2769
1670	37.2769
1680	36.5626
1690	46.5626
1700	40.6412
1710	36.1126
1720	34.9714
1730	34.7857
1740	32.7857
1750	42.7857
1760	38.3333
1770	30.3333
1780	28.3333
1790	38.3333
1800	34.3333
1810	32.3333
1820	42.3333
1830	37.3333
1840	34
1850	44
1860	39
1870	35
1880	45
1890	36.8194
1900	34.9935
1910	33.4774
1920	33.7226
1930	30.7992
1940	40.7992
1950	35.8839
1960	36.5089
1970	46.5089
1980	45.4605
1990	42.2629
2000	52.2629
2010	43.5129
2020	34.7629
2030	34.6875
2040	44.6875
2050	42.1875
2060	39.0625
2070	49.0625
2080	40.3125
2090	33.125
2100	43.125
2110	34.375
2120	31.8309
2130	28.8603
2140	38.8603
2150	35.9853
2160	33.0441
2170	43.0441
2180	39.6119
2190	36.2841
2200	33.6203
2210	29.7043
2220	39.7043
2230	35.99
2240	33.4186
2250	43.4186
2260	41.99
2270	38.2757
2280	48.2757
2290	42.5614
2300	37.1329
2310	33.4186
2320	43.4186
2330	40.8472
2340	39.4186
2350	49.4186
2360	42.1662
2370	39.7345
2380	36.144
2390	46.144
2400	41.6995
2410	39.4773
2420	49.4773
2430	46.9218
2440	42.4773
2450	40.2551
2460	50.2551
2470	45.2551
2480	40.8107
2490	50.8107
2500	47.2222
2510	38.8889
2520	34.4444
2530	30.5746
2540	40.5746
2550	36.9079
2560	32.0965
2570	24.7822
2580	26.8874
2590	36.8874
2600	35.3753
2610	31.8577
2620	41.8577
2630	37.3051
2640	36.0231
2650	32.7064
2660	42.7064
2670	38.8888
2680	37.8112
2690	47.8112
2700	40.3112
2710	36.217
2720	46.217
2730	42.467
2740	38.467
2750	36.467
2760	35.5
2770	34.5
2780	30.5
2790	40.5
2800	34.75
2810	33.75
2820	43.75
2830	36.25
2840	32.7786
2850	31.6286
2860	41.6286
2870	38.8524
2880	32.0857
2890	42.0857
2900	37.8
2910	37.8
2920	47.8
2930	41.1333
2940	37.8
2950	47.8
2960	40.6571
2970	37.3238
2980	36.6667
2990	35.2381
3000	45.2381
3010	40.9524
3020	50.9524
3030	40.8842
3040	32.0011
3050	42.0011
3060	37.3355
3070	33.6991
3080	31.2342
3090	32.1958
3100	30.5286
3110	40.5286
3120	32.8534
3130	34.1867
3140	35.2978
3150	45.2978
3160	41.3782
3170	38.9101
3180	48.9101
3190	41.1276
3200	37.5106
3210	47.5106
3220	43.8936
3230	41.9787
3240	38.3617
3250	48.3617
3260	44.976
3270	42.1605
3280	37.4282
3290	29.9122
3300	39.9122
3310	34.7917
3320	33.125
3330	28.9583
3340	38.9583
3350	35.8333
3360	34.1667
3370	44.1667
3380	36.5234
3390	33.2547
3400	43.2547
3410	38.9035
3420	35.0259
3430	32.3308
3440	42.3308
3450	40.9651
3460	37.2332
3470	47.2332
3480	41.8532
3490	40.6532
3500	37.0599
3510	34.0493
3520	44.0493
3530	30.7729
3540	40.7729
3550	34.1063
3560	29.9349
3570	39.9349
3580	37.3134
3590	32.8213
3600	42.8213
3610	32.4943
3620	32.3119
3630	42.3119
3640	38.8045
3650	35.7088
3660	45.7088
3670	35.6585
3680	34.5575
3690	32.9272
3700	42.9272
3710	39.7878
3720	36.2026
3730	46.2026
3740	39.7752
3750	36.5752
3760	46.5752
3770	43.7024
3780	42.0393
3790	52.0393
3800	45.2733
3810	35.1716
3820	45.1716
3830	44.2302
3840	42.1516
3850	38.5923
3860	48.5923
3870	38.2533
3880	31.3559
3890	41.3559
3900	37.7966
3910	33.5593
3920	43.5593
3930	33.2203
3940	32.3729
3950	31.6949
3960	41.6949
3970	38.1356
3980	33.8585
3990	43.8585
4000	37.6912
4010	34.3184
4020	44.3184
4030	42.2497
4040	39.2497
4050	35.9164
4060	45.9164
4070	37.2497
4080	37.2497
4090	36.4164
4100	35.941
4110	45.941
4120	42.7388
4130	36.2907
4140	34.8153
4150	34.0984
4160	33.6489
4170	43.6489
4180	37.4141
4190	34.2306
4200	44.2306
4210	38.3871
4220	32.9032
4230	42.9032
4240	33.5484
4250	34.8387
4260	44.8387
4270	41.2903
4280	35.8064
4290	45.8064
4300	36.4516
4310	37.7419
4320	47.7419
4330	44.1935
4340	38.75
4350	48.75
4360	39.2565
4370	38.6643
4380	36.9884
4390	46.9884
4400	41.9884
4410	35.6219
4420	45.6219
4430	38.7358
4440	34.3996
4450	44.3996
4460	39.0663
4470	29.8684
4480	30.3854
4490	31.7757
4500	41.7757
4510	39.2757
4520	33.0976
4530	31.4721
4540	33.8587
4550	33.739
4560	43.739
4570	37.5418
4580	33.824
4590	43.824
4600	37.8613
4610	32.8931
4620	42.8931
4630	33.1912
4640	34.1603
4650	44.1603
4660	40.2664
4670	35.5885
4680	45.5885
4690	35.3635
4700	36.4446
4710	46.4446
4720	42.6608
4730	38.0662
4740	48.0662
4750	37.796
4760	38.7865
4770	37.3459
4780	35.1703
4790	45.1703
4800	38.2892
4810	28.2667
4820	26.9333
4830	28.9333
4840	38.9333
4850	35.6
4860	31.2
4870	41.2
4880	37.5894
4890	34.3362
4900	44.3362
4910	41.3585
4920	36.9337
4930	33.761
4940	43.761
4950	37.6839
4960	37.8779
4970	47.8779
4980	41.8285
4990	38.9037
5000	48.9037
5010	44.8296
5020	40.0148
5030	50.0148
5040	40.7555
5050	39.6296
5060	37.9125
5070	35.1194
5080	45.1194
5090	37.6403
5100	28.1999
5110	26.7541
5120	28.9247
5130	28.8373
5140	38.8373
5150	32.6923
5160	30.8702
5170	30.8702
5180	40.8702
5190	37.9571
5200	35.6071
5210	45.6071
5220	41.4251
5230	36.5633
5240	46.5633
5250	36.7711
5260	37.2559
5270	36.645
5280	34.5022
5290	44.5022
5300	37.862
5310	35.8397
5320	36.2906
5330	33.9027
5340	30.7209
5350	40.7209
5360	37.3864
5370	33.0682
5380	29.8864
5390	39.8864
5400	32.3864
5410	32.8409
5420	42.8409
5430	36.3636
5440	34.5455
5450	44.5455
5460	39.5455
5470	35.2273
5480	45.2273
5490	35.4842
5500	35.5347
5510	35.2403
5520	32.9834
5530	29.9647
5540	39.9647
5550	37.6546
5560	37.8438
5570	47.8438
5580	41.1772
5590	39.5859
5600	49.5859
5610	44.8748
5620	40.3038
5630	50.3038
5640	40.5791
5650	39.4725
5660	36.9804
5670	34.8363
5680	44.8363
5690	38.0049
5700	28.4303
5710	26.3251
5720	28.4303
5730	38.4303
5740	35.5123
5750	30.8264
5760	40.8264
5770	36.0342
5780	33.2699
5790	43.2699
5800	40.7808
5810	35.853
5820	33.453
5830	43.453
5840	36.003
5850	36.0815
5860	46.0815
5870	40.4473
5880	37.3407
5890	47.3407
5900	42.6348
5910	37.9289
5920	47.9289
5930	39.1054
5940	39.1054
5950	49.1054
5960	44.3603
5970	39.5662
5980	49.5662
5990	40.9719
6000	40.4231
6010	37.9231
6020	34.8077
6030	44.8077
6040	37.3077
6050	28.8462
6060	26.3462
6070	28.1731
6080	28.1259
6090	38.1259
6100	32.6324
6110	30.3211
6120	30.1324
6130	40.1324
6140	37.641
6150	34.8348
6160	44.8348
6170	40.2003
6180	35.0268
6190	45.0268
6200	35.9614
6210	36.2418
6220	35.1203
6230	32.5034
6240	42.5034
6250	36.6156
6260	34.4751
6270	34.2847
6280	44.2847
6290	41.6744
6300	39.0289
6310	49.0289
6320	44.5844
6330	39.0289
6340	49.0289
6350	40.14
6360	40
6370	37.963
6380	47.963
6390	42.4074
6400	36.6667
6410	46.6667
6420	34.6296
6430	30.1852
6440	40.1852
6450	34.6626
6460	32.1673
6470	42.1673
6480	39.3443
6490	34.6783
6500	44.6783
6510	39.4216
6520	30.9235
6530	40.9235
6540	38.7326
6550	36.9239
6560	34.3113
6570	28.996
6580	29.2662
6590	39.2662
6600	39.1762
6610	36.9239
6620	46.9239
6630	43.2409
6640	38.6832
6650	48.6832
6660	43.1388
6670	35.5869
6680	35.9441
6690	45.9441
6700	44.0691
6710	38.4441
6720	48.4441
6730	43.4441
6740	38.9597
6750	48.9597
6760	43.3983
6770	41.5728
6780	51.5728
6790	46.6901
6800	41.8357
6810	51.8357
6820	43.1756
6830	40.483
6840	38.279
6850	48.279
6860	42.7826
6870	35.7391
6880	26.9565
6890	24.7826
6900	34.7826
6910	35.0435
6920	32.5217
6930	42.5217
6940	38.6087
6950	34
6960	31.4783
6970	41.4783
6980	34.4348
6990	34.6957
7000	44.6957
7010	39.0435
7020	35.1304
7030	45.1304
7040	40.5217
7050	35.913
7060	45.913
7070	37.1304
7080	36.6957
7090	46.6957
7100	42.087
7110	37.4783
7120	47.4783
7130	38.6957
7140	38.2609
7150	48.2609
7160	43.6522
7170	39.0435
7180	49.0435
7190	40.2609
7200	39.8261
7210	49.8261
7220	45.2363
7230	40.5037
7240	50.5037
7250	41.8263
7260	40.6199
7270	38.5345
7280	34.0258
7290	44.0258
7300	36.5771
7310	28.0466
7320	28.132
7330	27.8668
7340	37.8668
7350	35.4736
7360	30.089
7370	27.6958
7380	29.1488
7390	29.2301
7400	39.2301
7410	33.7399
7420	31.4055
7430	31.575
7440	41.575
7450	39.6932
7460	34.0153
7470	44.0153
7480	39.2695
7490	34.5237
7500	44.5237
7510	38.8458
7520	36.9674
7530	46.9674
7540	42.2671
7550	37.5874
7560	47.5874
7570	38.9109
7580	38.3226
7590	48.3226
7600	43.7008
7610	39.0789
7620	49.0789
7630	40.4235
7640	39.8215
7650	49.8215
7660	45.2443
7670	40.6875
7680	50.6875
7690	42.1667
7700	41.0004
7710	38.1853
7720	33.7292
7730	43.7292
7740	36.8964
7750	28.0992
7760	38.0992
7770	36.1157
7780	33.3884
7790	30.8264
7800	40.8264
7810	34.0496
7820	32.0593
7830	42.0593
7840	36.3461
7850	33.764
7860	43.764
7870	39.2637
7880	34.7476
7890	44.7476
7900	35.8766
7910	35.2315
7920	45.2315
7930	40.7153
7940	36.1869
7950	46.1869
7960	37.4308
7970	36.8786
7980	46.8786
7990	42.1453
8000	37.3834
8010	47.3834
8020	38.812
8030	38.3358
8040	48.3358
8050	43.5739
8060	38.8235
8070	48.8235
8080	40.1836
8090	39.5397
8100	49.5397
8110	44.9815
8120	40.4614
8130	50.4614
8140	41.6451
8150	40.8161
8160	38.3568
8170	33.6154
8180	43.6154
8190	36.952
8200	27.9786
8210	28.0247
8220	38.0247
8230	35.7688
8240	33.0495
8250	43.0495
8260	36.5994
8270	31.5994
8280	41.5994
8290	35.7906
8300	33.4562
8310	43.4562
8320	39.3798
8330	34.4418
8340	44.4418
8350	35.2017
8360	34.7057
8370	44.7057
8380	40.8113
8390	35.8587
8400	45.8587
8410	36.5746
8420	36.2888
8430	46.2888
8440	42.5746
8450	37.5746
8460	47.5746
8470	38.2889
8480	37.9846
8490	47.9846
8500	44.1786
8510	39.2983
8520	49.2983
8530	40.2571
8540	39.7035
8550	49.7035
8560	45.6706
8570	40.9983
8580	50.9983
8590	41.8468
8600	40.3487
8610	38.2293
8620	33.9758
8630	43.9758
8640	37.1084
8650	27.8082
8660	28.2175
8670	38.2175
8680	36.2534
8690	33.4402
8700	43.4402
8710	36.4059
8720	32.1283
8730	42.1283
8740	36.1959
8750	34.3313
8760	44.3313
8770	39.3568
8780	35.1834
8790	45.1834
8800	36.0686
8810	35.7789
8820	45.7789
8830	40.9622
8840	36.9524
8850	46.9524
8860	37.9093
8870	37.6283
8880	47.6283
8890	42.7348
8900	38.6398
8910	48.6398
8920	39.8068
8930	39.5008
8940	49.5008
8950	44.5089
8960	40.6628
8970	50.6628
8980	41.8166
8990	40.4487
9000	37.9487
9010	34.1026
9020	44.1026
9030	37.9487
9040	29.1026
9050	26.6026
9060	27.9487
9070	37.9487
9080	35.4204
9090	31.5095
9100	41.5095
9110	36.6329
9120	34.2279
9130	44.2279
9140	40.0496
9150	36.0269
9160	33.6784
9170	43.6784
9180	36.476
9190	37.3565
9200	35.0353
9210	45.0353
9220	38.7794
9230	36.3596
9240	46.3596
9250	41.0471
9260	38.3398
9270	48.3398
9280	44.5305
9290	39.6323
9300	49.6323
9310	41.1305
9320	40.0262
9330	50.0262
9340	46.2463
9350	41.3297
9360	51.3297
9370	43.0106
9380	40.7927
9390	37.9878
9400	34.0854
9410	44.0854
9420	36.5854
9430	28.2927
9440	29.0216
9450	39.0216
9460	36.2367
9470	33.6094
9480	28.4357
9490	26.9205
9500	36.9205
9510	36.7387
9520	34.6175
9530	44.6175
9540	40.0721
9550	36.2539
9560	46.2539
9570	40.9452
9580	32.7963
9590	33.623
9600	43.623
9610	40.9483
9620	37.9787
9630	32.9437
9640	31.5309
9650	41.5309
9660	40.9919
9670	39.0159
9680	49.0159
9690	44.6381
9700	40.9855
9710	50.9855
9720	45.1771
9730	37.213
9740	47.213
9750	46.0479
9760	42.3952
9770	38.024
9780	32.2156
9790	24.2479
9800	34.2479
9810	32.7879
9820	32.2929
9830	42.2929
9840	37.412
9850	33.1027
9860	43.1027
9870	39.1851
9880	33.3922
9890	43.3922
9900	35.602
9910	34.9385
9920	44.9384
9930	41.1139
9940	35.0884
9950	45.0884
9960	37.2461
9970	36.6949
9980	46.6949
9990	43.0213
10000	36.9091
10010	46.9091
10020	39.0803
10030	38.3238
10040	48.3238
10050	44.7297
10060	38.6069
10070	48.6069
10080	40.8814
10090	40.1174
10100	50.1174
10110	46.6018
10120	40.3293
10130	50.3293
10140	42.4874
10150	40.7595
10160	38.2779
10170	34.7951
10180	44.7951
10190	35.9822
10200	27.9575
10210	28.864
10220	38.864
10230	36.5721
10240	33.1439
10250	27.9999
10260	26.764
10270	36.764
10280	35.991
10290	33.8884
10300	43.8884
10310	39.9938
10320	36.2984
10330	46.2984
10340	40.2224
10350	32.1537
10360	32.8675
10370	42.8675
10380	40.7917
10390	37.4584
10400	32.4518
10410	30.8184
10420	40.8185
10430	40.2485
10440	38.1606
10450	48.1606
10460	44.1559
10470	40.3097
10480	50.3097
10490	44.4855
10500	36.3537
10510	36.3182
10520	46.3182
10530	42.5432
10540	38.4032
10550	32.535
10560	24.3784
10570	34.3784
10580	33.044
10590	32.4067
10600	42.4067
10610	37.1935
10620	33.0129
10630	43.0129
10640	39.5477
10650	33.4309
10660	43.4309
10670	35.2053
10680	34.6631
10690	44.6631
10700	41.2695
10710	35.0201
10720	45.0201
10730	36.8912
10740	36.1455
10750	46.1455
10760	42.8122
10770	36.6217
10780	46.6217
10790	38.5265
10800	37.7328
10810	47.7328
10820	44.3995
10830	38.209
10840	48.209
10850	40.1138
10860	39.3202
10870	49.3201
10880	45.9868
10890	39.7963
10900	49.7963
10910	41.7011
10920	40.7937
10930	38.2011
10940	34.8724
10950	44.8724
10960	36.0176
10970	27.7974
10980	37.7974
10990	37.0549
11000	33.7917
11010	43.7917
11020	37.6864
11030	29.3706
11040	39.3706
11050	38.6338
11060	35.3753
11070	45.3753
11080	39.3037
11090	31.0423
11100	41.0423
11110	40.0733
11120	36.8796
11130	46.8796
11140	40.8587
11150	32.6388
11160	42.6388
11170	41.644
11180	38.4503
11190	48.4503
11200	42.4293
11210	34.2094
11220	44.2094
11230	43.2147
11240	40.0256
11250	50.0256
11260	44.038
11270	35.6948
11280	36.2557
11290	35.3182
11300	45.3182
11310	40.7292
11320	34.7917
11330	26.3542
11340	25.4167
11350	35.4167
11360	34.8081
11370	32.4846
11380	42.4846
11390	37.969
11400	34.7106
11410	44.7106
11420	38.9535
11430	30.4473
11440	40.4473
11450	39.2626
11460	36.7184
11470	33.7082
11480	28.402
11490	29.4225
11500	39.4225
11510	39.0143
11520	36.7694
11530	46.7694
11540	42.4587
11550	39.0075
11560	49.0075
11570	43.4428
11580	35.1469
11590	45.1469
11600	44.1689
11610	40.8215
11620	50.8215
11630	45.2483
11640	36.9544
11650	46.9544
11660	46.0009
11670	42.8184
11680	37.913
11690	32.3596
11700	42.3596
11710	31.0945
11720	30.1493
11730	29.801
11740	39.801
11750	36.5672
11760	31.393
11770	41.393
11780	38.2587
11790	32.7363
11800	42.7363
11810	37.5622
11820	34.3284
11830	44.3284
11840	41.194
11850	35.6716
11860	45.6716
11870	37.4627
11880	36.1194
11890	46.1194
11900	42.9916
11910	37.4897
11920	47.4897
11930	39.3348
11940	37.8069
11950	47.8069
11960	44.7376
11970	39.292
11980	49.292
11990	41.1732
12000	39.589
12010	49.589
12020	46.5389
12030	41.0755
12040	51.0755
12050	42.9402
12060	40.82
12070	37.4625
12080	34.547
12090	44.547
12100	37.4064
12110	29.128
12120	39.128
12130	36.264
12140	33.0115
12150	30.7785
12160	40.7785
12170	35.8271
12180	32.963
12190	42.963
12200	37.6717
12210	34.4193
12220	44.4193
12230	41.6038
12240	36.1669
12250	46.1669
12260	37.7939
12270	36.4502
12280	46.4502
12290	43.6729
12300	38.2944
12310	48.2944
12320	39.7847
12330	38.4605
12340	48.4605
12350	45.6806
12360	40.3237
12370	50.3237
12380	42.1346
12390	40.6292
12400	37.2558
12410	34.4968
12420	44.4968
12430	36.6509
12440	28.5406
12450	38.5406
12460	36.9568
12470	34.1026
12480	44.1026
12490	38.8817
12500	30.8536
12510	40.8536
12520	39.3043
12530	36.3465
12540	46.3465
12550	41.1353
12560	33.1034
12570	43.1034
12580	41.5935
12590	38.7
12600	48.7
12610	43.3695
12620	35.2291
12630	45.2291
12640	43.7441
12650	41.0011
12660	51.0011
12670	45.5968
12680	37.4317
12690	47.4317
12700	33.3486
12710	43.3486
12720	38.578
12730	33.1651
12740	43.1651
12750	31.9725
12760	31.3761
12770	41.3761
12780	38.7156
12790	33.3027
12800	43.3027
12810	35.1153
12820	33.5707
12830	43.5707
12840	40.9458
12850	35.588
12860	45.588
12870	37.2416
12880	35.7496
12890	45.7496
12900	43.014
12910	37.7261
12920	47.7261
12930	39.4631
12940	38.0232
12950	48.0232
12960	45.0734
12970	39.8548
12980	49.8548
12990	41.6428
13000	40.7048
13010	37.4247
13020	34.4293
13030	44.4293
13040	36.7568
13050	28.3784
13060	38.3784
13070	37.027
13080	34.0541
13090	44.0541
13100	38.9189
13110	30.5405
13120	40.5405
13130	39.1892
13140	36.2162
13150	46.2162
13160	41.0811
13170	32.7027
13180	42.7027
13190	41.3514
13200	38.3784
13210	48.3784
13220	43.2436
13230	34.8831
13240	44.8831
13250	43.4909
13260	40.4892
13270	50.4892
13280	45.3653
13290	37.071
13300	47.071
13310	33.637
13320	43.637
13330	38.2599
13340	33.1938
13350	43.1938
13360	31.9163
13370	31.4978
13380	41.4978
13390	38.2819
13400	33.2192
13410	43.2192
13420	34.9111
13430	33.5728
13440	43.5728
13450	40.4082
13460	35.4115
13470	45.4115
13480	37.0212
13490	35.5885
13500	45.5885
13510	42.4814
13520	37.5404
13530	47.5404
13540	39.2606
13550	37.7871
13560	47.7871
13570	44.5575
13580	39.4925
13590	49.4925
13600	41.3107
13610	39.8821
13620	49.8821
13630	46.6354
13640	41.5705
13650	51.5705
13660	43.4094
13670	40.8628
13680	37.4859
13690	34.2128
13700	44.2128
13710	36.6215
13720	28.5397
13730	38.5397
13740	37.1118
13750	33.7223
13760	43.7223
13770	38.5409
13780	30.5889
13790	40.5889
13800	39.0671
13810	35.6945
13820	45.6945
13830	40.5685
13840	32.6693
13850	42.6693
13860	41.0727
13870	37.7113
13880	47.7113
13890	42.5853
13900	34.6861
13910	44.6861
13920	43.0895
13930	39.7281
13940	49.7281
13950	44.6021
13960	36.7029
13970	46.7029
13980	33.6975
13990	43.6975
14000	38.1092
14010	32.9832
14020	42.9832
14030	32.1008
14040	31.4706
14050	41.4706
14060	38.1092
14070	32.9832
14080	42.9832
14090	35.084
14100	33.4874
14110	43.4874
14120	40.1033
14130	34.9952
14140	44.9952
14150	37.1422
14160	35.5836
14170	45.5836
14180	42.0337
14190	36.9179
14200	46.9179
14210	39.1394
14220	37.629
14230	47.629
14240	44.1064
14250	38.8744
14260	48.8744
14270	41.1698
14280	39.7072
14290	49.7072
14300	46.0208
14310	40.8519
14320	50.8519
14330	43.2206
14340	41.1962
14350	37.6446
14360	34.0083
14370	44.0083
14380	36.3636
14390	28.7603
14400	38.7603
14410	37.1074
14420	33.4748
14430	43.4748
14440	38.3061
14450	30.7798
14460	40.7798
14470	38.9965
14480	35.4738
14490	45.4738
14500	40.1609
14510	32.7399
14520	42.7399
14530	40.9784
14540	37.509
14550	47.509
14560	42.0804
14570	34.6927
14580	44.6927
14590	42.9376
14600	39.4655
14610	49.4655
14620	44.0167
14630	36.7411
14640	46.7411
14650	44.8996
14660	41.3548
14670	51.3548
14680	45.8283
14690	38.7242
14700	48.7242
14710	33.68
14720	43.68
14730	38.0134
14740	32.3397
14750	42.3397
14760	32.5106
14770	31.5544
14780	41.5544
14790	38.168
14800	32.3911
14810	42.3911
14820	35.419
14830	33.4668
14840	43.4668
14850	40.0865
14860	34.3274
14870	44.3274
14880	37.25
14890	35.3349
14900	45.3349
14910	42.0016
14920	36.2873
14930	46.2873
14940	39.1444
14950	37.2397
14960	47.2397
14970	43.891
14980	38.2118
14990	48.2118
15000	41.1522
15010	39.1358
15020	49.1358
15030	45.6774
15040	40.0375
15050	50.0375
15060	43.0708
15070	41.0605
15080	51.0605
15090	47.6549
15100	41.8412
15110	51.8412
15120	44.9409
15130	41.6508
15140	37.6953
15150	34.3057
15160	44.3057
15170	35.7429
15180	28.9117
15190	38.9117
15200	36.9865
15210	33.477
15220	43.477
15230	37.5324
15240	30.8269
15250	40.8269
15260	38.7806
15270	35.3443
15280	45.3443
15290	39.3597
15300	32.6802
15310	42.6802
15320	40.6155
15330	37.2101
15340	47.2101
15350	41.3031
15360	34.542
15370	44.542
15380	42.3643
15390	39.0462
15400	49.0462
15410	43.0774
15420	36.347
15430	46.3471
15440	44.2158
15450	40.9485
15460	50.9485
15470	44.9566
15480	38.1074
15490	48.1074
15500	33.6312
15510	43.6312
15520	38.1939
15530	32.2243
15540	42.2243
15550	32.5285
15560	31.4517
15570	41.4517
15580	38.1905
15590	32.1959
15600	42.1959
15610	35.2827
15620	33.3233
15630	43.3233
15640	39.9865
15650	33.947
15660	43.947
15670	37.1963
15680	35.1517
15690	45.1517
15700	41.7688
15710	35.7094
15720	45.7094
15730	38.9807
15740	36.9384
15750	46.9384
15760	43.5745
15770	37.5477
15780	47.5477
15790	40.8738
15800	38.876
15810	48.876
15820	45.5615
15830	39.4722
15840	49.4722
15850	42.8599
15860	40.9042
15870	50.9042
15880	47.62
15890	41.4577
15900	51.4577
15910	44.8525
15920	41.662
15930	37.704
15940	34.2419
15950	44.2419
15960	36.5118
15970	29.9273
15980	29.167
15990	39.167
16000	35.193
16010	34.0458
16020	30.3035
16030	26.7656
16040	28.8305
16050	38.8305
16060	37.6633
16070	33.9843
16080	30.3153
16090	30.4232
16100	31.5023
16110	41.5023
16120	37.8333
16130	34.1642
16140	34.2721
16150	33.121
16160	32.1956
16170	42.1956
16180	38.5559
16190	38.6922
16200	37.4019
16210	33.7818
16220	32.8955
16230	42.8955
16240	42.5221
16250	40.5795
16260	37.0714
16270	30.7857
16280	40.7857
16290	31.7857
16300	31.7857
16310	30.5357
16320	26.9643
16330	26.1123
16340	36.1123
16350	36.1251
16360	34.8976
16370	31.3628
16380	27.6618
16390	29.6945
16400	39.6945
16410	38.513
16420	35.0434
16430	31.2817
16440	31.211
16450	32.3048
16460	42.3048
16470	38.8943
16480	35.1406
16490	34.963
16500	33.8715
16510	33.1673
16520	43.1673
16530	39.4349
16540	39.8592
16550	37.6056
16560	47.6056
16570	41.5493
16580	33.797
16590	43.797
16600	34.6158
16610	32.294
16620	42.294
16630	36.3369
16640	32.9126
16650	42.9126
16660	36.4907
16670	34.1368
16680	44.1368
16690	38.2418
16700	34.8644
16710	44.8644
16720	38.3707
16730	35.9451
16740	45.9451
16750	40.1054
16760	36.7743
16770	46.7743
16780	40.3378
16790	37.8616
16800	47.8616
16810	41.8933
16820	38.6004
16830	48.6004
16840	42.2422
16850	39.8325
16860	49.8325
16870	43.7613
16880	40.3536
16890	50.3536
16900	44.1075
16910	41.6702
16920	51.6702
16930	45.6847
16940	42.1693
16950	52.1693
16960	45.9919
16970	42.5939
16980	38.0205
16990	48.0205
17000	39.3857
17010	33.6177
17020	43.6177
17030	34.744
17040	32.2526
17050	42.2526
17060	36.2862
17070	32.7839
17080	42.7839
17090	36.6403
17100	34.0223
17110	44.0223
17120	38.1102
17130	34.6538
17140	44.6538
17150	38.565
17160	35.7862
17170	45.7862
17180	39.917
17190	36.4745
17200	46.4745
17210	40.3823
17220	37.6698
17230	47.6698
17240	41.7699
17250	38.2359
17260	48.2359
17270	42.1617
17280	39.5104
17290	49.5104
17300	43.6637
17310	39.9745
17320	49.9745
17330	43.954
17340	41.3448
17350	51.3448
17360	45.5448
17370	41.7448
17380	51.7448
17390	45.7448
17400	42.7
17410	37.9979
17420	47.9979
17430	39.5794
17440	49.5794
17450	41.2077
17460	32.4265
17470	42.4265
17480	37.7518
17490	32.0208
17500	42.0208
17510	38.2963
17520	32.1938
17530	42.1938
17540	39.4911
17550	33.8284
17560	43.8284
17570	40.1784
17580	34.011
17590	44.011
17600	41.3856
17610	35.8097
17620	45.8097
17630	42.0924
17640	35.9516
17650	45.9516
17660	43.3614
17670	37.8204
17680	47.8204
17690	44.0499
17700	37.9188
17710	47.9188
17720	45.3286
17730	39.7876
17740	49.7876
17750	46.0171
17760	39.886
17770	49.886
17780	47.8042
17790	42.2793
17800	35.4176
17810	45.4176
17820	39.3887
17830	30.6209
17840	40.6209
17850	35.1366
17860	32.4033
17870	42.4033
17880	38.7054
17890	32.5149
17900	42.5149
17910	37.0582
17920	34.3663
17930	44.3663
17940	40.7129
17950	34.5327
17960	44.5327
17970	38.9483
17980	36.2859
17990	46.2859
18000	42.6496
18010	36.4808
18020	46.4808
18030	40.9022
18040	38.1965
18050	48.1965
18060	44.5873
18070	38.4595
18080	48.4595
18090	42.9314
18100	40.0727
18110	50.0727
18120	46.5075
18130	40.4317
18140	50.4317
18150	44.9594
18160	42.0152
18170	52.0152
18180	49.0428
18190	42.9083
18200	52.9083
18210	42.4471
18220	34.5343
18230	44.5343
18240	37.4123
18250	31.3476
18260	41.3476
18270	37.5977
18280	32.328
18290	31.5553
18300	28.7805
18310	38.7805
18320	37.34
18330	34.6688
18340	31.2227
18350	30.5207
18360	31.3094
18370	41.3094
18380	38.6966
18390	35.304
18400	34.5118
18410	33.0244
18420	32.9615
18430	42.9615
18440	39.5967
18450	38.7476
18460	37.2696
18470	34.691
18480	33.9992
18490	43.9992
18500	42.9253
18510	39.918
18520	36.0792
18530	31.014
18540	41.014
18550	32.3511
18560	31.5361
18570	29.9373
18580	27.3981
18590	26.7398
18600	36.7398
18610	35.9248
18620	34.3296
18630	31.8022
18640	28.422
18650	29.7936
18660	39.7936
18670	38.2311
18680	35.7311
18690	32.2936
18700	31.5124
18710	32.2624
18720	42.2624
18730	39.7624
18740	36.3374
18750	35.5397
18760	33.9535
18770	34.0348
18780	44.0348
18790	40.7221
18800	40.2173
18810	37.2242
18820	33.2331
18830	43.2331
18840	35.93
18850	30
18860	29.1995
18870	27.4805
18880	27.5507
18890	37.5507
18900	34.3142
18910	33.545
18920	31.8569
18930	29.4152
18940	28.7975
18950	38.7975
18960	37.9534
18970	36.3326
18980	33.9496
18990	30.6574
19000	31.9174
19010	41.9174
19020	40.3271
19030	37.9796
19040	34.7107
19050	33.7437
19060	34.1814
19070	44.1814
19080	40.3092
19090	35.5319
19100	29.4841
19110	26.3607
19120	36.3607
19130	34.7383
19140	32.4589
19150	29.1255
19160	28.2171
19170	28.8915
19180	38.8915
19190	36.6418
19200	33.2176
19210	32.3415
19220	30.7084
19230	30.9361
19240	40.9361
19250	37.542
19260	36.5964
19270	34.8846
19280	32.7225
19290	32.0318
19300	42.0318
19310	41.0708
19320	39.3591
19330	37.197
19340	33.8314
19350	33.3323
19360	43.3323
19370	40.1995
19380	36.1742
19390	31.6168
19400	25.4491
19410	35.4491
19420	34.521
19430	32.8443
19440	30.7186
19450	27.2455
19460	28.5017
19470	38.5017
19480	36.7949
19490	34.711
19500	31.1845
19510	30.3214
19520	30.9166
19530	40.9166
19540	38.863
19550	35.3214
19560	34.4583
19570	32.7023
19580	33.0587
19590	43.0587
19600	39.5323
19610	38.6019
19620	36.8731
19630	34.8553
19640	34.0563
19650	44.0563
19660	42.9715
19670	39.8153
19680	35.7771
19690	31.3898
19700	41.3898
19710	32.2958
19720	31.3678
19730	29.7083
19740	27.7614
19750	26.7892
19760	36.7892
19770	35.8991
19780	34.2868
19790	32.2802
19800	28.4972
19810	29.8156
19820	39.8156
19830	38.2023
19840	36.1349
19850	32.4146
19860	31.6275
19870	32.2973
19880	42.2973
19890	40.2116
19900	36.4478
19910	35.6851
19920	34.0571
19930	34.4046
19940	44.4046
19950	40.5719
19960	40.038
19970	37.1795
19980	33.1503
19990	43.1503
20000	36.3632
20010	29.7294
20020	29.0524
20030	27.2655
20040	27.6978
20050	37.6978
20060	33.8616
20070	33.1813
20080	31.4204
20090	29.4309
20100	28.3451
20110	38.3451
20120	37.6195
20130	35.8796
20140	33.9164
20150	30.1175
20160	31.4811
20170	41.4811
20180	39.6809
20190	37.772
20200	34.0356
20210	33.1808
20220	33.6893
20230	43.6893
20240	41.8098
20250	38.1224
20260	37.2632
20270	35.4235
20280	34.4789
20290	44.4789
20300	40.1167
20310	33.6897
20320	30.6914
20330	26.5182
20340	36.5182
20350	34.58
20360	30.8159
20370	30.0013
20380	28.2036
20390	28.653
20400	38.653
20410	34.889
20420	34.0774
20430	32.2896
20440	30.298
20450	29.3138
20460	39.3138
20470	38.5295
20480	36.7648
20490	34.72
20500	30.9945
20510	32.367
20520	42.367
20530	40.6023
20540	38.5609
20550	34.8469
20560	34.0776
20570	34.3189
20580	44.3189
20590	40.0838
20600	35.6704
20610	29.2458
20620	26.3408
20630	36.3408
20640	34.4693
20650	32.4581
20660	28.7672
20670	28.0285
20680	28.4978
20690	38.4978
20700	36.544
20710	32.794
20720	32.0948
20730	30.1675
20740	30.6423
20750	40.6423
20760	36.8389
20770	36.0654
20780	34.1889
20790	32.2831
20800	31.2509
20810	41.2509
20820	40.5029
20830	38.6572
20840	36.6757
20850	32.9115
20860	33.2014
20870	43.2014
20880	40.3342
20890	36.1538
20900	31.8132
20910	25.3297
20920	35.3297
20930	34.6154
20940	32.8022
20950	30.8517
20960	27.1154
20970	28.544
20980	38.544
20990	36.7308
21000	34.7802
21010	31.044
21020	30.3275
21030	30.8841
21040	40.8841
21050	38.9538
21060	35.2484
21070	34.4265
21080	32.6463
21090	33.1193
21100	43.1193
21110	39.4438
21120	38.5341
21130	36.7855
21140	34.9003
21150	33.9713
21160	43.9713
21170	42.9235
21180	39.8087
21190	35.7104
21200	31.4481
21210	41.4481
21220	32.3224
21230	31.3934
21240	29.6448
21250	27.7596
21260	26.8291
21270	36.8291
21280	35.8711
21290	34.1595
21300	32.2187
21310	28.6317
21320	29.8268
21330	39.8268
21340	38.154
21350	36.1377
21360	32.5794
21370	31.6038
21380	32.2807
21390	42.2807
21400	40.2335
21410	36.6262
21420	35.6737
21430	34.0521
21440	34.4298
21450	44.4298
21460	40.7952
21470	40.1271
21480	37.015
21490	33.0997
21500	43.0997
21510	36.3073
21520	29.973
21530	29.0566
21540	27.4663
21550	27.8706
21560	37.8706
21570	34.2588
21580	33.3423
21590	31.752
21600	29.7574
21610	28.8672
21620	38.8672
21630	37.9619
21640	36.3897
21650	34.3154
21660	30.7401
21670	32.0319
21680	42.0319
21690	40.4455
21700	38.3862
21710	34.8676
21720	33.905
21730	34.1176
21740	44.1176
21750	40.1604
21760	35.7219
21770	29.5187
21780	26.3636
21790	36.3636
21800	34.737
21810	32.7158
21820	29.1606
21830	28.2196
21840	28.9396
21850	38.9396
21860	36.9441
21870	33.3112
21880	32.3935
21890	30.8164
21900	31.2419
21910	41.2419
21920	37.5451
21930	36.6408
21940	35.0717
21950	33.1036
21960	32.1462
21970	42.1462
21980	41.2419
21990	39.6728
22000	37.7047
22010	34.0079
22020	33.1915
22030	43.1915
22040	40.0974
22050	36.234
22060	31.9053
22070	25.426
22080	35.426
22090	34.4472
22100	32.9291
22110	31.0338
22120	27.2953
22130	28.5325
22140	38.5325
22150	36.923
22160	35.0528
22170	31.3433
22180	30.4078
22190	31.0495
22200	41.0495
22210	39.2074
22220	35.5232
22230	34.6022
22240	32.8916
22250	33.4179
22260	43.4179
22270	39.7337
22280	38.8155
22290	37.0749
22300	35.2483
22310	34.3261
22320	44.3261
22330	42.8871
22340	39.8081
22350	35.6435
22360	31.4851
22370	41.4851
22380	32.409
22390	31.4142
22400	29.6359
22410	27.8299
22420	26.9562
22430	36.9562
22440	35.9861
22450	34.2368
22460	32.3569
22470	28.7798
22480	30.007
22490	40.007
22500	38.2576
22510	36.3777
22520	32.8028
22530	31.8442
22540	32.4588
22550	42.4588
22560	40.4935
22570	36.9519
22580	36.01
22590	34.307
22600	34.4428
22610	44.4428
22620	40.0098
22630	33.8342
22640	30.6197
22650	26.6367
22660	36.6367
22670	34.6094
22680	31.1664
22690	30.0553
22700	28.4274
22710	28.815
22720	38.815
22730	35.3783
22740	34.2672
22750	32.6393
22760	30.6231
22770	29.8683
22780	39.8683
22790	38.8102
22800	37.2556
22810	35.2043
22820	31.7428
22830	32.9223
22840	42.9223
22850	41.3838
22860	39.3325
22870	35.871
22880	34.8433
22890	34.0504
22900	44.0504
22910	40.2225
22920	35.7862
22930	29.6675
22940	26.3191
22950	36.3191
22960	34.8213
22970	32.8186
22980	29.4183
22990	28.1938
23000	29.0101
23010	39.0101
23020	37.0203
23030	33.6274
23040	32.403
23050	30.9234
23060	31.3303
23070	41.3303
23080	37.9151
23090	36.65
23100	35.2159
23110	33.2869
23120	32.5274
23130	42.5274
23140	41.2438
23150	39.8393
23160	37.9339
23170	34.3896
23180	33.3165
23190	43.3165
23200	39.7975
23210	36.1266
23220	31.8481
23230	25.5943
23240	35.5943
23250	34.3392
23260	32.8903
23270	31.015
23280	27.5049
23290	28.5139
23300	38.5139
23310	36.9982
23320	35.0912
23330	31.6341
23340	30.4532
23350	31.2069
23360	41.2069
23370	39.2723
23380	35.83
23390	34.6491
23400	33.0913
23410	33.543
23420	43.543
23430	40.066
23440	38.9013
23450	37.3661
23460	35.4614
23470	34.6329
23480	44.633
23490	42.9345
23500	39.5833
23510	35.6964
23520	31.3466
23530	41.3466
23540	32.4985
23550	31.3683
23560	29.7879
23570	27.8398
23580	27.0936
23590	37.0936
23600	35.9073
23610	34.3596
23620	32.3844
23630	28.9092
23640	29.9983
23650	39.9983
23660	38.4924
23670	36.4975
23680	32.9587
23690	31.8404
23700	32.6553
23710	42.6553
23720	40.6841
23730	37.0733
23740	35.977
23750	34.5164
23760	34.4828
23770	44.4828
23780	40.1401
23790	33.7184
23800	30.4462
23810	26.7427
23820	36.7427
23830	34.7329
23840	31.0019
23850	29.9887
23860	28.6194
23870	28.9672
23880	38.9672
23890	35.1867
23900	34.2138
23910	32.8806
23920	30.8221
23930	29.736
23940	39.736
23950	38.7871
23960	37.4639
23970	35.4288
23980	31.5771
23990	32.8365
24000	42.8365
24010	41.4288
24020	39.42
24030	35.5689
24040	34.6125
24050	34.0152
24060	44.0152
24070	40.3865
24080	36.0386
24090	29.372
24100	26.1836
24110	36.1836
24120	34.8309
24130	32.8744
24140	28.9855
24150	27.9952
24160	28.913
24170	38.913
24180	36.9565
24190	33.0676
24200	32.0789
24210	30.7333
24220	31.126
24230	41.126
24240	37.2658
24250	36.302
24260	34.9767
24270	32.9285
24280	31.8442
24290	41.8442
24300	40.8803
24310	39.555
24320	37.5068
24330	33.6514
24340	33.1566
24350	43.1566
24360	40
24370	36.4096
24380	31.9524
24390	25.3332
24400	35.3332
24410	34.3857
24420	32.9842
24430	30.9649
24440	27.1435
24450	28.3992
24460	38.3992
24470	36.998
24480	35.0024
24490	31.2134
24500	30.3021
24510	31.1894
24520	41.1894
24530	39.199
24540	35.41
24550	34.4988
24560	33.1079
24570	33.5155
24580	43.5155
24590	39.7266
24600	38.8153
24610	37.4244
24620	35.4352
24630	34.4185
24640	44.4185
24650	42.6811
24660	39.5325
24670	35.9189
24680	31.599
24690	41.599
24700	32.3866
24710	31.4081
24720	30.0716
24730	28.1384
24740	27.1599
24750	37.1599
24760	36.1814
24770	34.8449
24780	32.9117
24790	29.1885
24800	30.4047
24810	40.4047
24820	39.0886
24830	37.1195
24840	33.3545
24850	32.4282
24860	33.4015
24870	43.4015
24880	41.417
24890	37.6593
24900	36.6607
24910	35.4047
24920	34.4786
24930	44.4786
24940	40.1291
24950	33.6551
24960	30.4527
24970	26.8553
24980	36.8553
24990	34.9274
25000	31.2346
25010	30.1699
25020	28.8492
25030	29.3227
25040	39.3227
25050	35.6557
25060	34.5859
25070	33.2859
25080	31.2859
25090	30.3682
25100	40.3682
25110	39.3094
25120	38.0153
25130	36.0153
25140	32.3682
25150	33.1528
25160	43.1528
25170	39.8574
25180	36.3351
25190	31.9789
25200	25.5504
25210	35.5504
25220	34.4299
25230	33.1579
25240	31.2291
25250	27.5526
25260	28.6741
25270	38.6741
25280	37.3423
25290	35.4264
25300	31.7582
25310	30.6601
25320	31.5946
25330	41.5946
25340	39.6865
25350	36.0399
25360	34.9069
25370	33.6141
25380	34.1257
25390	44.1257
25400	40.5255
25410	39.9899
25420	36.6085
25430	33.093
25440	43.093
25450	36.5197
25460	30.232
25470	29.0951
25480	27.8422
25490	28.3759
25500	38.3759
25510	34.8028
25520	33.6685
25530	32.4234
25540	30.6041
25550	29.6866
25560	39.6866
25570	38.5755
25580	37.3513
25590	35.5539
25600	31.8545
25610	32.9836
25620	42.9836
25630	41.7827
25640	39.9983
25650	36.2759
25660	35.2835
25670	31.9362
25680	41.9362
25690	38.5517
25700	34.3465
25710	27.9408
25720	26.7504
25730	36.7504
25740	35.623
25750	33.811
25760	30.1643
25770	28.9257
25780	30.0266
25790	40.0266
25800	38.2147
25810	34.5679
25820	33.3294
25830	32.2055
25840	32.756
25850	42.756
25860	39.1092
25870	37.8707
25880	36.7446
25890	34.924
25900	34.0495
25910	44.0495
25920	42.7283
25930	39.2027
25940	35.8102
25950	31.5735
25960	41.5735
25970	32.6189
25980	31.3653
25990	30.2289
26000	28.2977
26010	27.4862
26020	37.4862
26030	36.1818
26040	35.0661
26050	33.1613
26060	29.6699
26070	30.5803
26080	40.5803
26090	39.4848
26100	37.6021
26110	34.1406
26120	32.7153
26130	33.6652
26140	43.6652
26150	40.362
26160	36.1086
26170	29.9548
26180	26.2443
26190	36.2443
26200	35.1584
26210	33.2805
26220	29.819
26230	28.3937
26240	29.5244
26250	39.5244
26260	37.6567
26270	34.1474
26280	32.7421
26290	31.6812
26300	32.2021
26310	42.2021
26320	38.6697
26330	37.285
26340	36.2435
26350	34.3066
26360	33.4951
26370	43.4951
26380	42.7715
26390	39.1377
26400	35.8261
26410	31.5281
26420	41.5281
26430	32.6517
26440	31.3034
26450	30.1798
26460	28.2697
26470	27.4842
26480	37.4842
26490	36.1126
26500	35.0179
26510	33.1494
26520	29.6147
26530	30.4867
26540	40.4867
26550	39.4222
26560	37.516
26570	34.0049
26580	32.621
26590	33.7812
26600	43.7812
26610	41.8494
26620	38.3623
26630	36.9982
26640	35.8352
26650	32.6048
26660	42.6048
26670	38.2759
26680	32.1234
26690	28.5123
26700	27.5123
26710	37.5123
26720	35.516
26730	32.0817
26740	30.7619
26750	29.698
26760	30.1192
26770	40.1193
26780	36.7046
26790	35.3964
26800	34.3099
26810	32.3365
26820	31.6048
26830	41.6048
26840	40.3001
26850	39.222
26860	37.2629
26870	33.7884
26880	33.1416
26890	43.1416
26900	39.6005
26910	36.3221
26920	31.9833
26930	25.7949
26940	35.7949
26950	34.501
26960	33.4289
26970	31.485
26980	27.9582
26990	28.9404
27000	38.9404
27010	37.8901
27020	35.9562
27030	32.3983
27040	31.1415
27050	32.3181
27060	42.3181
27070	40.3094
27080	36.7723
27090	35.5277
27100	34.5015
27110	34.4323
27120	44.4323
27130	40.0218
27140	33.7802
27150	30.2941
27160	27.0747
27170	37.0747
27180	35.0895
27190	31.5819
27200	30.3633
27210	29.3674
27220	29.7433
27230	39.7433
27240	36.2609
27250	35.0653
27260	34.0884
27270	32.03
27280	31.2609
27290	41.2609
27300	39.9928
27310	39.0384
27320	36.996
27330	33.562
27340	33.1182
27350	43.1182
27360	39.5315
27370	36.4363
27380	31.9222
27390	25.8531
27400	35.8531
27410	34.514
27420	33.6069
27430	31.5119
27440	28.1215
27450	29.0556
27460	39.0556
27470	38.1631
27480	36.0011
27490	32.639
27500	31.3253
27510	32.6287
27520	42.6287
27530	40.4178
27540	37.1028
27550	35.8367
27560	35.0003
27570	34.4436
27580	44.4436
27590	39.7818
27600	33.8395
27610	30.2355
27620	27.2586
27630	37.2586
27640	35.063
27650	31.8032
27660	30.3897
27670	29.5992
27680	29.8567
27690	39.8567
27700	36.5898
27710	35.1864
27720	34.4316
27730	32.1976
27740	31.5581
27750	41.5581
27760	40.1532
27770	39.4349
27780	37.1587
27790	33.9172
27800	33.1354
27810	43.1354
27820	39.4249
27830	36.5509
27840	31.7633
27850	25.9272
27860	35.9272
27870	34.513
27880	33.7188
27890	31.4175
27900	28.2873
27910	29.1276
27920	39.1276
27930	38.3083
27940	36.0183
27950	32.8881
27960	31.4385
27970	32.7831
27980	42.7831
27990	40.4931
28000	37.3629
28010	35.9133
28020	35.094
28030	34.4538
28040	44.4538
28050	39.7059
28060	33.9496
28070	30.2101
28080	27.2269
28090	37.2269
28100	34.9442
28110	31.8326
28120	30.3524
28130	29.4892
28140	29.6984
28150	39.6984
28160	36.6231
28170	35.1168
28180	34.2381
28190	31.9996
28200	31.5394
28210	41.5394
28220	40.0252
28230	39.1266
28240	36.9156
28250	33.8806
28260	33.2917
28270	43.2917
28280	39.4224
28290	36.2788
28300	31.68
28310	26.094
28320	36.0939
28330	34.5794
28340	33.5859
28350	31.4565
28360	28.5031
28370	29.2357
28380	39.2357
28390	38.2626
28400	36.1533
28410	33.2214
28420	31.6391
28430	32.8042
28440	42.8042
28450	40.7174
28460	37.8095
28470	36.2227
28480	35.1917
28490	34.2745
28500	44.2745
28510	39.7119
28520	34.2798
28530	30.3292
28540	27.1193
28550	37.1193
28560	34.9794
28570	32.1193
28580	30.4953
28590	29.4929
28600	29.7452
28610	39.7452
28620	36.9078
28630	35.3062
28640	34.3219
28650	32.1108
28660	31.8088
28670	41.8088
28680	40.2276
28690	39.2645
28700	37.0734
28710	34.1704
28720	33.3098
28730	43.3098
28740	39.4367
28750	36.1963
28760	31.5951
28770	26.135
28780	36.135
28790	34.5808
28800	33.5378
28810	31.3701
28820	28.4867
28830	29.2434
28840	39.2434
28850	38.2004
28860	36.0327
28870	33.1493
28880	31.5951
28890	32.7607
28900	42.7607
28910	40.593
28920	37.7096
28930	36.1554
28940	35.1125
28950	34.2945
28960	44.2945
28970	39.6932
28980	34.2331
28990	30.3681
29000	27.1172
29010	37.1172
29020	34.9391
29030	32.1013
29040	30.5228
29050	29.4455
29060	29.6894
29070	39.6894
29080	36.8845
29090	35.2992
29100	34.2219
29110	32.0268
29120	31.7824
29130	41.7824
29140	40.206
29150	39.0829
29160	36.9071
29170	34.1282
29180	33.3671
29190	43.3671
29200	39.4929
29210	36.1055
29220	31.501
29230	26.1658
29240	36.1658
29250	34.6128
29260	33.411
29270	31.2599
29280	28.5068
29290	29.2761
29300	39.2761
29310	38.0413
29320	35.8955
29330	33.1425
29340	31.604
29350	32.6173
29360	42.6173
29370	40.4901
29380	37.7084
29390	36.2063
29400	34.9159
29410	34.2136
29420	44.2136
29430	39.7067
29440	34.3004
29450	30.5281
29460	27.002
29470	37.002
29480	34.9296
29490	32.0523
29500	30.5835
29510	29.3159
29520	29.6579
29530	39.6579
29540	36.7843
29550	35.3233
29560	34.0679
29570	31.9391
29580	31.658
29590	41.658
29600	40.2122
29610	38.9673
29620	36.8187
29630	33.9673
29640	33.3333
29650	43.3333
29660	39.6011
29670	36.0823
29680	31.5167
29690	26.1135
29700	36.1135
29710	34.6907
29720	33.368
29730	31.2438
29740	28.4181
29750	29.2799
29760	39.2799
29770	37.9572
29780	35.8354
29790	33.0174
29800	31.606
29810	32.5637
29820	42.5637
29830	40.4637
29840	37.6589
29850	36.2725
29860	34.9452
29870	34.1682
29880	44.1682
29890	39.7012
29900	34.2829
29910	30.6574
29920	27.0319
29930	37.0319
29940	34.9801
29950	32.1315
29960	30.7782
29970	29.4037
29980	29.7733
29990	39.7733
30000	36.9466
30010	35.6146
30020	34.1832
30030	32.1554
30040	31.8969
30050	41.8969
30060	40.5649
30070	39.1335
30080	37.1071
30090	34.2907
30100	33.3104
30110	43.3104
30120	39.7313
30130	35.9325
30140	31.5287
30150	26.161
30160	36.161
30170	34.8179
30180	33.3473
30190	31.3907
30200	28.5439
30210	29.4629
30220	39.4629
30230	37.9674
30240	36.0494
30250	33.1558
30260	31.8373
30270	32.6081
30280	42.6081
30290	40.7131
30300	37.8402
30310	36.5435
30320	34.9511
30330	34.0678
30340	44.0678
30350	39.7727
30360	34.372
30370	30.8611
30380	26.8885
30390	36.8885
30400	34.9511
30410	32.1331
30420	30.8806
30430	29.2368
30440	29.6874
30450	39.6874
30460	36.8609
30470	35.6465
30480	33.9798
30490	32.0149
30500	31.7425
30510	41.7425
30520	40.5557
30530	38.8826
30540	36.9176
30550	34.0771
30560	33.3092
30570	43.3092
30580	39.8934
30590	35.8987
30600	31.5589
30610	26.1743
30620	36.1743
30630	35.0174
30640	33.38
30650	31.3808
30660	28.5901
30670	29.6764
30680	39.6764
30690	38.0656
30700	36.077
30710	33.2495
30720	32.0526
30730	32.7857
30740	42.7857
30750	40.8254
30760	38.0019
30770	36.7467
30780	35.186
30790	34.0653
30800	44.0653
30810	39.711
30820	34.3638
30830	30.8716
30840	26.9482
30850	36.9482
30860	34.952
30870	32.1881
30880	30.9597
30890	29.3474
30900	29.7505
30910	39.7505
30920	36.9866
30930	35.7582
30940	34.1459
30950	32.1497
30960	31.9386
30970	41.9386
30980	40.6998
30990	39.0951
31000	37.1113
31010	34.3655
31020	33.3333
31030	43.3333
31040	39.7701
31050	35.8621
31060	31.4943
31070	26.2069
31080	36.2069
31090	34.9042
31100	33.3142
31110	31.341
31120	28.6015
31130	29.5594
31140	39.5594
31150	37.9693
31160	35.9912
31170	33.2663
31180	31.9852
31190	32.6774
31200	42.6773
31210	40.6544
31220	37.966
31230	36.7129
31240	35.0352
31250	34.0404
31260	44.0404
31270	39.6381
31280	34.4405
31290	30.9612
31300	26.8677
31310	36.8677
31320	34.8882
31330	32.2456
31340	31.0289
31350	29.2418
31360	29.6601
31370	39.6601
31380	37.0175
31390	35.8007
31400	34.0137
31410	32.0365
31420	31.9224
31430	41.9224
31440	40.7057
31450	38.9186
31460	36.9414
31470	34.2988
31480	33.365
31490	43.365
31500	39.9049
31510	35.7605
31520	31.3873
31530	26.232
31540	36.232
31550	35.0547
31560	33.2449
31570	31.2411
31580	28.6702
31590	29.7478
31600	39.7478
31610	37.933
31620	35.9292
31630	33.3583
31640	32.2038
31650	32.7569
31660	42.7569
31670	40.7671
31680	38.2157
31690	36.9893
31700	35.1968
31710	33.9623
31720	43.9623
31730	39.5849
31740	34.5283
31750	31.0566
31760	26.9057
31770	36.9057
31780	34.9245
31790	32.3774
31800	31.1509
31810	29.3585
31820	29.7736
31830	39.7736
31840	37.2264
31850	36
31860	34.2075
31870	32.2264
31880	32.1882
31890	42.1882
31900	40.9698
31910	39.1903
31920	37.2267
31930	34.7032
31940	33.3144
31950	43.3144
31960	39.8761
31970	35.7646
31980	31.4319
31990	26.3341
32000	36.3341
32010	35.1579
32020	33.4225
32030	31.4307
32040	28.8604
32050	29.9298
32060	39.9298
32070	38.2037
32080	36.1962
32090	33.6259
32100	32.4626
32110	33.0813
32120	43.0813
32130	41.0824
32140	38.4714
32150	37.8323
32160	34.4569
32170	44.4569
32180	38.0583
32190	33.6848
32200	28.5299
32210	27.4039
32220	27.9833
32230	37.9833
32240	36.0238
32250	33.415
32260	32.3047
32270	30.4762
32280	30.924
32290	40.924
32300	38.3307
32310	37.2299
32320	35.3829
32330	33.4426
32340	33.368
32350	43.368
32360	42.7805
32370	39.4666
32380	35.2621
32390	30.9502
32400	40.9502
32410	33.2402
32420	32.1601
32430	30.3352
32440	28.4171
32450	28.2868
32460	38.2868
32470	37.2067
32480	35.3769
32490	33.4442
32500	30.8048
32510	31.9695
32520	41.9695
32530	40.0957
32540	38.1335
32550	35.5315
32560	34.4668
32570	33.9323
32580	43.9323
32590	39.6303
32600	35.3257
32610	30.2495
32620	26.951
32630	36.951
32640	35.0484
32650	33.1481
32660	30.5992
32670	29.5158
32680	30.0156
32690	40.0156
32700	38.1528
32710	35.5609
32720	34.4366
32730	32.5912
32740	33.0838
32750	43.0838
32760	40.5316
32770	39.3594
32780	37.5475
32790	35.6246
32800	33.8315
32810	43.8315
32820	38.7963
32830	35.4113
32840	31.2614
32850	26.8921
32860	36.8921
32870	34.3693
32880	33.2176
32890	31.426
32900	29.4524
32910	29.4241
32920	39.4241
32930	38.2976
32940	36.4665
32950	34.5358
32960	31.967
32970	33.0715
32980	43.0715
32990	41.2717
33000	39.3198
33010	36.7292
33020	35.5072
33030	32.1377
33040	42.1377
33050	38.0072
33060	33.6594
33070	28.5507
33080	27.4108
33090	37.4108
33100	35.6436
33110	33.6996
33120	31.1268
33130	29.9152
33140	30.5119
33150	40.5119
33160	38.577
33170	36.0092
33180	34.7976
33190	33.0436
33200	33.4957
33210	43.4957
33220	40.9278
33230	40.2893
33240	36.8354
33250	32.7306
33260	42.7306
33270	36.0217
33280	30.9403
33290	29.7288
33300	27.9747
33310	28.4263
33320	38.4263
33330	35.8671
33340	34.615
33350	32.8774
33360	30.9641
33370	30.9275
33380	40.9275
33390	39.6194
33400	37.8988
33410	36.0022
33420	33.4797
33430	33.3694
33440	43.3694
33450	39.7477
33460	35.6937
33470	31.4234
33480	26.3964
33490	36.3964
33500	35.0479
33510	33.3434
33520	31.4144
33530	28.9086
33540	29.8438
33550	39.8438
33560	38.1591
33570	36.2132
33580	33.689
33590	32.3881
33600	33.0691
33610	43.0691
33620	41.1516
33630	38.6068
33640	37.3164
33650	35.6677
33660	33.9068
33670	43.9068
33680	39.6057
33690	34.552
33700	31.0036
33710	27.0251
33720	37.0251
33730	35.1075
33740	32.565
33750	31.2807
33760	29.5977
33770	30.0785
33780	40.0785
33790	37.5562
33800	36.2881
33810	34.577
33820	32.6467
33830	32.6445
33840	42.6445
33850	41.3945
33860	39.7001
33870	37.7155
33880	35.2267
33890	33.2997
33900	43.2997
33910	39.8217
33920	35.8042
33930	31.3722
33940	26.41
33950	36.41
33960	35.198
33970	33.4543
33980	31.4461
33990	28.9791
34000	29.9886
34010	39.9886
34020	38.2806
34030	36.3125
34040	33.8125
34050	32.5514
34060	33.1871
34070	43.1871
34080	41.2158
34090	38.7158
34100	37.9228
34110	34.4068
34120	44.4068
34130	37.9716
34140	33.6235
34150	28.6467
34160	27.3997
34170	27.9888
34180	37.9888
34190	36.0096
34200	33.4956
34210	32.2872
34220	30.5538
34230	30.9613
34240	40.9613
34250	38.3988
34260	37.2064
34270	35.4931
34280	33.5176
34290	33.4477
34300	43.4477
34310	42.7797
34320	39.3531
34330	35.2972
34340	30.9257
34350	40.9257
34360	33.2869
34370	32.1207
34380	30.3713
34390	28.4375
34400	28.3343
34410	38.3343
34420	37.1918
34430	35.4441
34440	33.5265
34450	30.8309
34460	31.9275
34470	41.9275
34480	40.2038
34490	38.3147
34500	35.5858
34510	34.4073
34520	33.8128
34530	43.8128
34540	39.7747
34550	35.5286
34560	30.2426
34570	26.828
34580	36.828
34590	35.1373
34600	33.2774
34610	30.4889
34620	29.3297
34630	29.9881
34640	39.9881
34650	38.1196
34660	35.3424
34670	34.2133
34680	32.4892
34690	32.9715
34700	42.9715
34710	40.2212
34720	39.0617
34730	37.3533
34740	35.4772
34750	33.9587
34760	43.9587
34770	38.6747
34780	35.2496
34790	31.2048
34800	26.9535
34810	36.9535
34820	34.2199
34830	33.0096
34840	31.3165
34850	29.4556
34860	29.2838
34870	39.2837
34880	38.0322
34890	36.326
34900	34.4813
34910	31.7826
34920	32.7946
34930	42.7946
34940	41.0479
34950	39.1903
34960	36.5091
34970	35.2883
34980	33.8356
34990	43.8356
35000	39.7627
35010	35.4884
35020	30.2942
35030	26.7875
35040	36.7875
35050	35.0781
35060	33.1998
35070	30.5311
35080	29.2587
35090	29.9051
35100	39.9051
35110	38.0451
35120	35.3361
35130	34.0593
35140	32.3472
35150	32.8874
35160	42.8874
35170	40.2173
35180	38.9078
35190	37.1731
35200	35.3534
35210	33.9796
35220	43.9796
35230	38.7755
35240	35.206
35250	31.1303
35260	26.9143
35270	36.9143
35280	34.2636
35290	32.9732
35300	31.2597
35310	29.3803
35320	29.2714
35330	39.2714
35340	37.9246
35350	36.2297
35360	34.3626
35370	31.7466
35380	32.6795
35390	42.6795
35400	40.9459
35410	39.0371
35420	36.454
35430	35.1413
35440	33.8426
35450	43.8426
35460	39.6993
35470	35.43
35480	30.3541
35490	26.796
35500	36.796
35510	34.9916
35520	33.1029
35530	30.5396
35540	29.2411
35550	29.7976
35560	39.7976
35570	37.9089
35580	35.3457
35590	34.0472
35600	32.2419
35610	32.7213
35620	42.7213
35630	40.1842
35640	38.9169
35650	37.0682
35660	35.1358
35670	33.9005
35680	43.9005
35690	38.8363
35700	35.3392
35710	31.1409
35720	26.8461
35730	36.8461
35740	34.2862
35750	33.0288
35760	31.181
35770	29.2445
35780	29.2278
35790	39.2278
35800	37.959
35810	36.1059
35820	34.1694
35830	31.6485
35840	32.6335
35850	42.6335
35860	40.7804
35870	38.8438
35880	36.3229
35890	35.0542
35900	33.9065
35910	43.9065
35920	39.6828
35930	35.3589
35940	30.3339
35950	26.8126
35960	36.8126
35970	34.9671
35980	33.042
35990	30.5374
36000	29.2041
