10	10
20	2
30	2
40	2
50	2
60	2
70	2
80	2
90	2
100	2
110	2
120	2
130	4.5
140	14.5
150	16
160	15
170	25
180	20
190	15
200	25
210	21.3333
220	19.3333
230	29.3333
240	26.6667
250	23.3333
260	20
270	30
280	26.6667
290	23.3333
300	33.3333
310	26.6667
320	23.6667
330	33.6667
340	23
350	22.5
360	22.5
370	32.5
380	23.1
390	20.7
400	30.7
410	30
420	24
430	18
440	28
450	26
460	24
470	34
480	30
490	24
500	17.8667
510	27.8667
520	27.0667
530	27.0667
540	37.0667
550	34.6667
560	31.3333
570	41.3333
580	34.6667
590	30
600	26.6667
610	36.6667
620	33.8333
630	29.1667
640	39.1667
650	35.5
660	30
670	40
680	35.3
690	29.5
700	39.5
710	32.7
720	30
730	40
740	34.8
750	31.3333
760	41.3333
770	32.1333
780	28.8
790	26.6667
800	36.6667
810	33.8462
820	31.2821
830	41.2821
840	36.9231
850	33.0769
860	43.0769
870	34.7912
880	25.4396
890	26.6703
900	36.6703
910	35.2418
920	30.956
930	40.956
940	36.619
950	34.1905
960	44.1905
970	34.1905
980	25.4588
990	27.2941
1000	37.2941
1010	36.0941
1020	33.5294
1030	27.0588
1040	37.0588
1050	30.4853
1060	28.3324
1070	28.4588
1080	38.4588
1090	35
1100	29
1110	39
1120	31.5
1130	29.5
1140	29
1150	39
1160	35.0667
1170	28.581
1180	38.581
1190	31.5214
1200	28.6643
1210	28.5714
1220	27.2294
1230	37.2294
1240	30.671
1250	25
1260	35
1270	32.7273
1280	42.7273
1290	40
1300	36.3636
1310	30
1320	25
1330	35
1340	32.8518
1350	29.417
1360	25.7292
1370	35.7292
1380	30.0771
1390	29.6423
1400	39.6423
1410	37.8696
1420	31.7609
1430	41.7609
1440	34.7138
1450	29.5833
1460	22.8526
1470	32.8526
1480	34.2756
1490	33.2308
1500	27.8462
1510	37.8462
1520	29.2906
1530	27.9801
1540	37.9801
1550	33.1083
1560	43.1083
1570	38.2934
1580	32.8094
1590	42.8094
1600	39.5147
1610	33.3946
1620	43.3946
1630	30.6897
1640	26.2069
1650	25.1724
1660	35.1724
1670	30
1680	30.3448
1690	29.292
1700	39.292
1710	34.3471
1720	32.0299
1730	42.0299
1740	36.3333
1750	30.3333
1760	40.3333
1770	28.3333
1780	27.6667
1790	37.6667
1800	34.3333
1810	29.6667
1820	39.6667
1830	36.4667
1840	34.5792
1850	44.5792
1860	35.9292
1870	26.5625
1880	36.5625
1890	31.6231
1900	26.2822
1910	25.2708
1920	35.2708
1930	33.4527
1940	43.4526
1950	38.7747
1960	35.4345
1970	30.3297
1980	40.3297
1990	35.4286
2000	32.5095
2010	42.5095
2020	34.1754
2030	26.4111
2040	36.4111
2050	32.5222
2060	28.0778
2070	38.0778
2080	35.5778
2090	34.4444
2100	30
2110	23.3333
2120	33.3333
2130	30.8333
2140	26.3889
2150	36.3889
2160	32.5
2170	31.6667
2180	41.6667
2190	36.464
2200	34.3018
2210	30.1502
2220	23.7838
2230	33.7838
2240	30.1996
2250	26.0236
2260	36.0236
2270	33.009
2280	31.727
2290	27.368
2300	37.368
2310	35.9128
2320	32.7949
2330	42.7949
2340	35.1692
2350	25.75
2360	35.75
2370	32.0402
2380	28.1768
2390	38.1768
2400	34.6683
2410	33.6585
2420	30
2430	23.9024
2440	33.9024
2450	30.4878
2460	26.8293
2470	36.8293
2480	33.3284
2490	32.8213
2500	29.6075
2510	39.6075
2520	36.4651
2530	32.5116
2540	42.5116
2550	36.186
2560	28.1054
2570	38.1054
2580	34.5984
2590	31.2651
2600	41.2651
2610	37.9318
2620	36.6966
2630	46.6966
2640	40.6966
2650	30.6966
2660	40.6966
2670	34.6966
2680	34.03
2690	30.6966
2700	31.8078
2710	41.8078
2720	38.5744
2730	35.5078
2740	28.8411
2750	38.8411
2760	38.8411
2770	38.8411
2780	35.5078
2790	34.4777
2800	44.4777
2810	41.5185
2820	38.4573
2830	48.4573
2840	41.2634
2850	40.2041
2860	36.9388
2870	46.9388
2880	37.3469
2890	35.102
2900	45.102
2910	38.0033
2920	31.8057
2930	41.8057
2940	32.4686
2950	32.8686
2960	31.6827
2970	41.6827
2980	39.0019
2990	37.0432
3000	47.0432
3010	42.3373
3020	35.765
3030	29.9733
3040	39.9733
3050	38.5971
3060	38.7857
3070	35.9556
3080	35.6518
3090	45.6518
3100	41.3509
3110	38.8181
3120	33.2353
3130	32.3636
3140	30.7273
3150	30.5455
3160	40.5455
3170	35.0909
3180	34.1818
3190	29.6364
3200	26.9091
3210	24.6007
3220	34.6006
3230	32.5844
3240	32.5844
3250	42.5844
3260	37.4378
3270	35.0995
3280	45.0995
3290	43.3424
3300	38.5442
3310	48.5442
3320	40.5947
3330	31.535
3340	41.535
3350	39.5707
3360	37.3673
3370	34.4859
3380	44.4859
3390	44.1596
3400	42.1162
3410	38.0812
3420	31.7695
3430	41.7695
3440	40.89
3450	36.2121
3460	33.2348
3470	43.2348
3480	37.3395
3490	35.9677
3500	45.9677
3510	38.5484
3520	29.1935
3530	39.1935
3540	35.6452
3550	34.0323
3560	31.1393
3570	41.1393
3580	40.6682
3590	39.2028
3600	35.8049
3610	29.9319
3620	39.9319
3630	38.5033
3640	38.8889
3650	36.1905
3660	46.1905
3670	40.6349
3680	36.3671
3690	32.4266
3700	26.6726
3710	27.9018
3720	37.9018
3730	33.8393
3740	31.3393
3750	41.3393
3760	40.4018
3770	39.1518
3780	36.6518
3790	46.6518
3800	42.8336
3810	41.4775
3820	38.5249
3830	33.2408
3840	43.2408
3850	40.7576
3860	36.3765
3870	34.3141
3880	44.3141
3890	39.5701
3900	35.3795
3910	45.3795
3920	38.3979
3930	30.3018
3940	40.3018
3950	37.8812
3960	36.7048
3970	34.3518
3980	44.3518
3990	41.103
4000	39.9913
4010	49.9913
4020	44.1895
4030	37.8562
4040	36.6667
4050	32.9379
4060	42.9379
4070	37.1325
4080	47.1325
4090	42.7433
4100	37.8175
4110	47.8175
4120	39.006
4130	29.9683
4140	39.9683
4150	38.8571
4160	38.3544
4170	35.5683
4180	45.5683
4190	41.3873
4200	40.0762
4210	50.0762
4220	44.1344
4230	36.5129
4240	46.5129
4250	45.0213
4260	41.0876
4270	35.5032
4280	31.6804
4290	41.6804
4300	34.2923
4310	31.6913
4320	41.6913
4330	35.6117
4340	35.5101
4350	32.7884
4360	42.7885
4370	39.2451
4380	37.557
4390	47.557
4400	41.5311
4410	34.2953
4420	44.2953
4430	42.2309
4440	39.548
4450	37.7973
4460	35.6022
4470	45.6022
4480	44.1463
4490	38.2927
4500	31.2195
4510	29.0244
4520	28.7787
4530	38.7787
4540	32.9977
4550	30.5383
4560	28.4578
4570	38.4578
4580	35.9277
4590	35.8242
4600	45.8242
4610	40.7924
4620	36.1212
4630	46.1212
4640	37.0843
4650	37.2164
4660	47.2164
4670	45.6726
4680	40.9496
4690	50.9496
4700	42.0939
4710	37.4137
4720	36.0333
4730	33.9627
4740	43.9627
4750	38.5862
4760	34.5455
4770	44.5455
4780	37.1016
4790	32.8639
4800	42.8639
4810	34.6272
4820	34.5148
4830	44.5148
4840	39.6833
4850	35.526
4860	45.526
4870	37.3238
4880	37.2114
4890	47.2114
4900	42.4349
4910	38.0229
4920	48.0229
4930	39.9892
4940	39.9892
4950	49.9892
4960	45.4803
4970	40.7276
4980	50.7276
4990	42.6738
5000	40.2151
5010	50.2151
5020	45.8591
5030	40.4301
5040	50.4301
5050	40.7767
5060	29.9062
5070	39.9062
5080	35.2871
5090	34.7774
5100	44.7774
5110	40.2356
5120	32.5514
5130	42.5514
5140	38.0251
5150	37.2882
5160	47.2882
5170	42.7619
5180	35.102
5190	45.102
5200	40.6955
5210	39.7336
5220	49.7336
5230	44.9201
5240	37.6123
5250	47.6123
5260	43.1987
5270	41.9011
5280	38.9947
5290	34.2857
5300	44.2857
5310	34.2471
5320	29.4563
5330	29.8024
5340	39.8024
5350	37.1253
5360	32.6047
5370	30.1782
5380	28.0508
5390	38.0508
5400	36.2861
5410	35.6802
5420	45.6802
5430	40.9957
5440	36.3351
5450	46.3351
5460	38.4207
5470	37.9165
5480	47.9165
5490	43.395
5500	38.7387
5510	48.7387
5520	40.5326
5530	40.3223
5540	38.2857
5550	48.2857
5560	41.619
5570	34.2857
5580	44.2857
5590	32.9524
5600	32.6667
5610	42.6667
5620	38.381
5630	33.5238
5640	43.5238
5650	35.2381
5660	34.9446
5670	44.9446
5680	40.706
5690	35.9213
5700	45.9213
5710	37.7822
5720	37.0233
5730	47.0233
5740	42.816
5750	38.3083
5760	48.3083
5770	40.1509
5780	39.1434
5790	49.1434
5800	44.877
5810	40.6323
5820	50.6323
5830	42.1439
5840	40.5455
5850	37.8182
5860	47.8182
5870	41.2727
5880	51.2727
5890	42.3636
5900	30.7412
5910	40.7412
5920	37.8296
5930	33.7224
5940	43.7224
5950	38.407
5960	32
5970	42
5980	40.6486
5990	36.5946
6000	46.5946
6010	38.2162
6020	34.1386
6030	44.1386
6040	42.6498
6050	38.7408
6060	48.7408
6070	40.6606
6080	36.3243
6090	46.3243
6100	44.6429
6110	40.8376
6120	50.8376
6130	42.7845
6140	38.4255
6150	48.4255
6160	46.9838
6170	43.0142
6180	37.5914
6190	47.5914
6200	36.8696
6210	29.8261
6220	39.8261
6230	35.7391
6240	33.913
6250	30.5217
6260	28.3522
6270	38.3522
6280	36.6893
6290	32.0533
6300	32.1388
6310	42.1388
6320	38.9515
6330	37.3023
6340	47.3023
6350	39.9575
6360	35.1844
6370	45.1844
6380	43.2894
6390	40.2913
6400	50.2913
6410	43.1809
6420	38.236
6430	48.236
6440	43.75
6450	42.2698
6460	38.1664
6470	48.1664
6480	41.7376
6490	33.8843
6500	29.5158
6510	25.4199
6520	35.4199
6530	35.0412
6540	34.2592
6550	44.2592
6560	40.1129
6570	33.0397
6580	43.0397
6590	37.43
6600	36.6982
6610	46.6982
6620	42.5519
6630	35.4787
6640	45.4787
6650	39.869
6660	39.1373
6670	49.1373
6680	44.9909
6690	37.9178
6700	47.9178
6710	42.308
6720	41.3008
6730	38.7871
6740	48.7871
6750	41.7575
6760	32.9509
6770	27.423
6780	28.1488
6790	26.8699
6800	36.8699
6810	35.2101
6820	32.3646
6830	30.8446
6840	40.8446
6850	37.9468
6860	36.3384
6870	46.3384
6880	41.0671
6890	33.6802
6900	43.6802
6910	41.8692
6920	39.1717
6930	49.1717
6940	44.0969
6950	36.4394
6960	46.4394
6970	42.3622
6980	41.5864
6990	51.5864
7000	46.6711
7010	38.7586
7020	48.7586
7030	44.4836
7040	41.8473
7050	39.4949
7060	34.4282
7070	44.4282
7080	34.8925
7090	30.3788
7100	40.3788
7110	35.2432
7120	33.0685
7130	30.7935
7140	28.7397
7150	26.7097
7160	36.7097
7170	36.7849
7180	36.4089
7190	46.4089
7200	41.3713
7210	34.5292
7220	32.1232
7230	42.1232
7240	40.0931
7250	37.9879
7260	47.9879
7270	43.5518
7280	38.6646
7290	48.6646
7300	40.6194
7310	40.4511
7320	38.3459
7330	48.3459
7340	41.5394
7350	34.0964
7360	44.0964
7370	33.2219
7380	32.6037
7390	42.6037
7400	38.3815
7410	33.2704
7420	43.2704
7430	35.4926
7440	34.826
7450	44.826
7460	40.6037
7470	35.4926
7480	45.4926
7490	37.7148
7500	37.0482
7510	47.0482
7520	42.826
7530	37.7148
7540	47.7148
7550	39.9371
7560	39.2704
7570	49.2704
7580	44.9977
7590	39.9218
7600	49.9218
7610	42.229
7620	40.7497
7630	38.3811
7640	48.3811
7650	41.2907
7660	33.8437
7670	43.8437
7680	33.3606
7690	32.8497
7700	42.8497
7710	37.9717
7720	32.9886
7730	42.9886
7740	35.5487
7750	35.0974
7760	45.0974
7770	40.3148
7780	35.0974
7790	45.0974
7800	37.7061
7810	37.2713
7820	47.2713
7830	42.5011
7840	37.1924
7850	47.1924
7860	39.8783
7870	39.5023
7880	49.5023
7890	44.7882
7900	39.2801
7910	49.2801
7920	42.09
7930	40.8732
7940	38.3679
7950	48.3679
7960	42.8234
7970	52.8234
7980	42.3194
7990	32.4146
8000	42.4146
8010	35.0545
8020	34.4399
8030	44.4399
8040	39.1909
8050	31.9224
8060	41.9224
8070	37.1645
8080	36.6476
8090	46.6476
8100	41.3028
8110	33.8351
8120	43.8351
8130	39.2668
8140	38.7419
8150	48.7419
8160	43.3943
8170	35.9929
8180	45.9929
8190	41.4934
8200	40.6754
8210	50.6754
8220	45.3033
8230	38.2117
8240	48.2117
8250	43.6171
8260	42.1622
8270	39.3919
8280	33.9865
8290	43.9865
8300	34.1216
8310	29.527
8320	29.2568
8330	28.3108
8340	38.3108
8350	34.1216
8360	31.9724
8370	29.1825
8380	29.9593
8390	28.5099
8400	38.5099
8410	36.5099
8420	33.8432
8430	32.3766
8440	42.3766
8450	39.3099
8460	37.3099
8470	47.3099
8480	42.1299
8490	34.9903
8500	44.9903
8510	42.8671
8520	39.6108
8530	49.6108
8540	44.6206
8550	37.6765
8560	47.6765
8570	43.1285
8580	41.4378
8590	51.4378
8600	46.5066
8610	39.673
8620	49.673
8630	45.2198
8640	42.6152
8650	38.965
8660	33.7994
8670	43.7994
8680	34.3577
8690	30.0623
8700	40.0623
8710	37.5623
8720	33.6583
8730	29.9026
8740	27.9222
8750	27.9779
8760	37.9779
8770	37.0225
8780	35.1766
8790	45.1766
8800	40.5536
8810	35.6979
8820	45.6979
8830	39.3531
8840	37.581
8850	47.581
8860	42.7709
8870	37.9607
8880	47.9607
8890	41.6316
8900	39.8607
8910	49.8607
8920	45.0832
8930	40.3212
8940	50.3212
8950	43.7586
8960	41.6352
8970	37.9874
8980	47.9874
8990	40.8176
9000	50.8176
9010	41.195
9020	31.8325
9030	41.8325
9040	38.2152
9050	33.3331
9060	43.3331
9070	38.7005
9080	32.209
9090	42.209
9100	39.7478
9110	36.2275
9120	46.2275
9130	41.3441
9140	34.955
9150	44.955
9160	40.0865
9170	38.5753
9180	48.5753
9190	43.4133
9200	37.1171
9210	47.1171
9220	42.3022
9230	40.8208
9240	50.8208
9250	45.6356
9260	39.3476
9270	49.3476
9280	44.4173
9290	42.123
9300	38.7808
9310	33.681
9320	43.681
9330	34.7853
9340	29.6933
9350	29.6319
9360	28.2209
9370	38.2209
9380	34.7436
9390	32.1187
9400	29.4637
9410	30.0375
9420	29.3708
9430	39.3708
9440	36.6618
9450	33.8875
9460	33.3039
9470	43.3039
9480	39.9804
9490	37.4056
9500	47.4056
9510	41.9393
9520	36.1808
9530	46.1808
9540	43.7131
9550	40.132
9560	50.132
9570	44.529
9580	38.8628
9590	48.8628
9600	43.8457
9610	42.3127
9620	38.7766
9630	33.3515
9640	43.3515
9650	34.9748
9660	29.9441
9670	39.9441
9680	37.174
9690	33.2777
9700	30.2775
9710	27.8838
9720	27.7689
9730	37.7689
9740	37.7114
9750	34.7804
9760	32.4241
9770	29.7804
9780	31.7344
9790	41.7344
9800	38.8034
9810	36.447
9820	33.8034
9830	33.7459
9840	33.4011
9850	43.4011
9860	41.0644
9870	38.4696
9880	37.801
9890	34.7685
9900	30.7955
9910	40.7955
9920	36.1134
9930	31.0628
9940	41.0628
9950	35.4926
9960	33.668
9970	43.668
9980	38.8476
9990	33.7045
10000	43.7045
10010	38.0415
10020	36.2964
10030	46.2964
10040	41.5588
10050	36.5001
10060	46.5001
10070	40.8013
10080	38.855
10090	48.855
10100	44.1991
10110	39.224
10120	49.224
10130	43.6121
10140	41.4
10150	51.4
10160	46.7919
10170	41.9236
10180	51.9236
10190	46.2437
10200	41.994
10210	37.8229
10220	47.8229
10230	40.6338
10240	33.4581
10250	43.4581
10260	35.1659
10270	32.7746
10280	42.7746
10290	38.1533
10300	33.397
10310	43.397
10320	37.885
10330	35.3044
10340	45.3044
10350	40.8651
10360	35.9854
10370	45.9854
10380	40.4418
10390	37.7434
10400	47.7434
10410	43.4577
10420	38.537
10430	48.537
10440	42.9815
10450	40.2831
10460	50.2831
10470	45.9973
10480	41.0767
10490	51.0767
10500	45.5212
10510	42.2751
10520	52.2751
10530	45.3439
10540	38.6772
10550	48.6772
10560	38.7831
10570	30.6349
10580	40.6349
10590	37.9365
10600	33.6508
10610	43.6508
10620	38.7302
10630	33.1746
10640	43.1746
10650	40.4939
10660	36.1588
10670	46.1588
10680	41.1382
10690	35.713
10700	45.713
10710	43.1562
10720	38.6348
10730	48.6348
10740	43.606
10750	38.2775
10760	48.2775
10770	45.7621
10780	41.0501
10790	51.0501
10800	46.1962
10810	41.0722
10820	51.0722
10830	47.3352
10840	42.5447
10850	35.3491
10860	45.3491
10870	38.1786
10880	30.6582
10890	40.6582
10900	37.7376
10910	33.1229
10920	43.1229
10930	38.5576
10940	33.4012
10950	43.4012
10960	40.4186
10970	35.7907
10980	45.7907
10990	41.3714
11000	36.0639
11010	46.0639
11020	43.1875
11030	38.5265
11040	48.5265
11050	44.1886
11060	38.6662
11070	48.6662
11080	45.8304
11090	41.2035
11100	51.2035
11110	46.8751
11120	41.3527
11130	51.3527
11140	47.3632
11150	42.3881
11160	52.3881
11170	42.8856
11180	36.1692
11190	46.1692
11200	35.4726
11210	32.6368
11220	42.6368
11230	38.0099
11240	33.6665
11250	43.6665
11260	38.1749
11270	35.3751
11280	45.3751
11290	40.8134
11300	36.2589
11310	46.2589
11320	40.8134
11330	38.0411
11340	48.0411
11350	43.4866
11360	38.9172
11370	48.9173
11380	43.5021
11390	40.7655
11400	50.7655
11410	46.2756
11420	41.4825
11430	38.5597
11440	33.2204
11450	43.2204
11460	38.4385
11470	34.0196
11480	44.0196
11490	36.5306
11500	31.1674
11510	41.1674
11520	38.5604
11530	34.2061
11540	44.2061
11550	39.2683
11560	33.7356
11570	43.7356
11580	41.2682
11590	36.8601
11600	46.8601
11610	41.8601
11620	36.2832
11630	46.2832
11640	43.8793
11650	39.4563
11660	49.4563
11670	44.4348
11680	38.8144
11690	48.8144
11700	47.0665
11710	42.6919
11720	35.9901
11730	45.9901
11740	38.3806
11750	29.9709
11760	39.9709
11770	37.7895
11780	33.3589
11790	43.3589
11800	38.3859
11810	32.4229
11820	42.4229
11830	40.3035
11840	35.9334
11850	45.9334
11860	40.9768
11870	34.8904
11880	44.8904
11890	42.9263
11900	38.4818
11910	48.4818
11920	43.4818
11930	37.3707
11940	47.3707
11950	45.4263
11960	40.9713
11970	50.9713
11980	45.9978
11990	39.9276
12000	49.9276
12010	46.9189
12020	42.2678
12030	52.2678
12040	44.3427
12050	36.961
12060	46.961
12070	35.6435
12080	31.0564
12090	41.0564
12100	38.9463
12110	34.0839
12120	44.0839
12130	38.1206
12140	33.539
12150	43.539
12160	41.4519
12170	36.6291
12180	46.6291
12190	40.4815
12200	35.9493
12210	45.9493
12220	43.94
12230	39.0652
12240	49.0652
12250	43.0349
12260	38.3683
12270	37.6945
12280	35.2228
12290	45.2228
12300	39.4152
12310	33.3482
12320	28.6161
12330	26.1161
12340	36.1161
12350	35.4018
12360	33.6161
12370	43.6161
12380	38.8682
12390	33.9058
12400	43.9058
12410	37.7583
12420	36.0543
12430	46.0543
12440	41.1871
12450	36.3198
12460	46.3198
12470	40.1251
12480	38.4437
12490	48.4437
12500	43.5532
12510	38.7045
12520	48.7045
12530	42.5539
12540	40.9127
12550	50.9127
12560	45.8237
12570	41.0403
12580	51.0403
12590	44.9606
12600	41.8093
12610	38.2895
12620	48.2895
12630	40.4825
12640	50.4825
12650	40.8333
12660	32.1053
12670	42.1053
12680	38.5965
12690	33.3333
12700	43.3333
12710	38.5965
12720	32.5439
12730	42.5439
12740	39.8346
12750	36.3418
12760	46.3418
12770	41.4765
12780	35.4811
12790	45.4811
12800	40.2945
12810	38.782
12820	48.782
12830	43.7201
12840	37.7943
12850	47.7943
12860	42.6835
12870	41.1547
12880	51.1547
12890	46.109
12900	40.0968
12910	50.0968
12920	45.1064
12930	42.168
12940	38.6145
12950	33.6564
12960	43.6564
12970	34.7639
12980	29.8326
12990	29.8904
13000	28.3222
13010	38.3222
13020	34.6657
13030	32.2726
13040	29.8836
13050	30.2369
13060	29.2545
13070	39.2545
13080	36.9496
13090	34.6614
13100	33.6445
13110	43.6445
13120	40.0004
13130	37.7123
13140	47.7123
13150	42.9665
13160	36.435
13170	46.435
13180	44.1697
13190	40.5519
13200	50.5519
13210	45.8601
13220	39.1512
13230	49.1512
13240	44.4677
13250	42.2363
13260	38.6498
13270	33.9662
13280	43.9662
13290	34.4726
13300	29.789
13310	39.789
13320	37.5527
13330	33.9662
13340	30.0457
13350	27.8228
13360	28.0574
13370	38.0574
13380	36.965
13390	35.1399
13400	45.1399
13410	40.5323
13420	35.945
13430	45.945
13440	39.2377
13450	37.2704
13460	47.2704
13470	42.7704
13480	38.2704
13490	48.2704
13500	41.5204
13510	39.5204
13520	49.5204
13530	45.0344
13540	40.5684
13550	50.5684
13560	43.7508
13570	41.5091
13580	37.6132
13590	47.6132
13600	40.8531
13610	50.8531
13620	41.716
13630	32.101
13640	42.101
13650	37.9932
13660	33.6908
13670	43.6908
13680	39.2481
13690	32.5142
13700	42.5142
13710	40.465
13720	36.2027
13730	46.2027
13740	41.6945
13750	34.9732
13760	44.9732
13770	42.924
13780	38.6617
13790	48.6617
13800	44.1535
13810	37.4322
13820	47.4322
13830	46.7623
13840	42.5
13850	36.4344
13860	46.4344
13870	39.5082
13880	30
13890	40
13900	35.7377
13910	33.6885
13920	43.6885
13930	39.1803
13940	32.459
13950	42.459
13960	38.1967
13970	36.1475
13980	46.1475
13990	41.6393
14000	34.918
14010	44.918
14020	40.6557
14030	38.6066
14040	48.6066
14050	44.0984
14060	37.3805
14070	47.3805
14080	43.1405
14090	41.1183
14100	51.1184
14110	46.4461
14120	39.7843
14130	49.7843
14140	45.6023
14150	42.5086
14160	38.5436
14170	33.9024
14180	43.9024
14190	34.245
14200	30.1158
14210	40.1158
14220	38.1953
14230	33.6085
14240	43.6085
14250	36.6045
14260	32.5154
14270	42.5154
14280	40.6126
14290	36.0377
14300	46.0377
14310	39.0105
14320	34.9385
14330	44.9385
14340	43.066
14350	38.5381
14360	48.5381
14370	41.3699
14380	37.3546
14390	47.3546
14400	45.3773
14410	40.9078
14420	50.9078
14430	43.8175
14440	39.8033
14450	49.8033
14460	47.3013
14470	42.7444
14480	36.7761
14490	29.8197
14500	25.6432
14510	35.6432
14520	33.5343
14530	32.2644
14540	42.2644
14550	38.3818
14560	34.113
14570	44.113
14580	39.4754
14590	32.6241
14600	42.6241
14610	40.7726
14620	36.5602
14630	46.5602
14640	41.8933
14650	35.1084
14660	45.1084
14670	43.3035
14680	39.147
14690	49.147
14700	44.5377
14710	37.6304
14720	47.6304
14730	46.4719
14740	42.3708
14750	36.706
14760	46.706
14770	39.732
14780	29.8069
14790	39.8069
14800	35.7645
14810	33.9455
14820	43.9455
14830	39.4633
14840	32.4205
14850	42.4205
14860	38.4127
14870	36.5061
14880	46.5061
14890	42.0314
14900	34.9886
14910	44.9886
14920	40.9808
14930	39.0742
14940	49.0742
14950	44.5995
14960	37.5589
14970	47.5589
14980	43.571
14990	41.689
15000	51.689
15010	47.0614
15020	40.0791
15030	50.0791
15040	46.8198
15050	40.5695
15060	50.5695
15070	44.7952
15080	37.7644
15090	47.7644
15100	34.8413
15110	30.972
15120	40.972
15130	39.1982
15140	34.6519
15150	44.6519
15160	37.397
15170	33.6108
15180	43.6108
15190	41.7163
15200	37.0635
15210	47.0635
15220	39.9141
15230	36.2032
15240	46.2032
15250	44.1302
15260	39.518
15270	49.518
15280	42.4337
15290	38.7748
15300	37.8455
15310	35.5321
15320	45.5321
15330	39.4798
15340	32.3614
15350	28.7568
15360	26.4926
15370	36.4926
15380	35.0338
15390	32.9978
15400	42.9978
15410	39.3392
15420	34.7067
15430	44.7067
15440	37.6407
15450	35.53
15460	45.53
15470	41.7494
15480	37.0549
15490	47.0549
15500	40.1033
15510	38.0587
15520	48.0587
15530	44.2297
15540	39.5085
15550	49.5085
15560	42.5409
15570	40.5081
15580	50.5081
15590	46.7099
15600	42.0305
15610	52.0305
15620	44.9162
15630	41.3744
15640	51.3744
15650	45.3216
15660	39.3636
15670	49.3636
15680	39.7436
15690	29.7436
15700	39.7436
15710	37.6557
15720	34.0293
15730	44.0293
15740	39.282
15750	32.1579
15760	42.1579
15770	40.0979
15780	36.5114
15790	46.5114
15800	41.6208
15810	34.5406
15820	44.5406
15830	42.4967
15840	38.9201
15850	48.9201
15860	44.044
15870	36.9356
15880	46.9356
15890	44.9471
15900	41.2752
15910	51.2752
15920	46.4926
15930	39.3187
15940	49.3187
15950	46.4855
15960	42.5362
15970	36.558
15980	46.558
15990	39.3116
16000	29.2754
16010	39.2754
16020	37.3188
16030	33.6232
16040	43.6232
16050	38.8296
16060	31.6887
16070	41.6887
16080	39.7838
16090	35.9982
16100	45.9982
16110	41.1061
16120	34.0557
16130	44.0557
16140	42.1852
16150	38.3723
16160	48.3723
16170	43.4802
16180	36.4298
16190	46.4298
16200	44.5593
16210	40.7464
16220	50.7464
16230	45.8596
16240	38.8256
16250	48.8256
16260	46.5375
16270	42.5564
16280	52.5564
16290	44.2026
16300	36.9093
16310	46.9093
16320	34.152
16330	32.1455
16340	42.1455
16350	38.4394
16360	33.6712
16370	43.6712
16380	36.4267
16390	34.4623
16400	44.4623
16410	40.8049
16420	36.0892
16430	46.0892
16440	38.8347
16450	36.9127
16460	46.9127
16470	43.3037
16480	38.6402
16490	48.6402
16500	41.4467
16510	39.3902
16520	49.3902
16530	45.8372
16540	41.2424
16550	51.2424
16560	44.0093
16570	41.3124
16580	37.0877
16590	47.0877
16600	41.3841
16610	34.3573
16620	44.3573
16630	34.2672
16640	32.1008
16650	42.1008
16660	38.6914
16670	33.9218
16680	43.9218
16690	36.771
16700	34.6456
16710	44.6456
16720	41.2658
16730	36.4226
16740	46.4226
16750	39.2797
16760	37.1571
16770	47.1571
16780	43.7351
16790	38.836
16800	48.836
16810	41.7959
16820	39.7503
16830	49.7503
16840	46.2895
16850	41.2862
16860	51.2862
16870	44.3634
16880	41.4433
16890	37.2509
16900	47.2509
16910	41.6151
16920	34.055
16930	44.055
16940	34.321
16950	32.1236
16960	42.1235
16970	38.7764
16980	33.8036
16990	43.8036
17000	36.8128
17010	34.5372
17020	44.5372
17030	41.1314
17040	36.2216
17050	46.2216
17060	39.2885
17070	37.0547
17080	47.0547
17090	43.6127
17100	38.5975
17110	48.5975
17120	41.7162
17130	39.5128
17140	49.5128
17150	46.0891
17160	41.0382
17170	51.0382
17180	44.1682
17190	41.5073
17200	51.5073
17210	45.2854
17220	39.5388
17230	49.5388
17240	39.3603
17250	29.798
17260	39.798
17270	37.6768
17280	34.1414
17290	44.1414
17300	38.9698
17310	32.219
17320	42.219
17330	40.1236
17340	36.6246
17350	46.6246
17360	41.3026
17370	34.608
17380	44.608
17390	42.553
17400	39.0992
17410	49.0992
17420	43.6477
17430	36.9922
17440	46.9922
17450	44.952
17460	41.5072
17470	51.5072
17480	46.0626
17490	39.4237
17500	49.4237
17510	46.5503
17520	42.5356
17530	36.7
17540	46.7
17550	38.7237
17560	29.3333
17570	39.3333
17580	37.381
17590	33.8501
17600	43.8501
17610	38.3585
17620	31.6844
17630	41.6844
17640	39.7875
17650	36.3118
17660	46.3118
17670	40.8763
17680	34.2718
17690	44.2718
17700	42.3193
17710	38.9216
17720	48.9216
17730	43.5628
17740	37.0526
17750	47.0526
17760	45.0761
17770	41.7326
17780	51.7326
17790	46.2424
17800	39.7718
17810	49.7718
17820	46.3072
17830	42.3529
17840	52.3529
17850	44.5752
17860	36.5033
17870	46.5033
17880	34.5425
17890	32.5817
17900	42.5817
17910	39.2484
17920	33.7582
17930	43.7582
17940	37.2876
17950	35.3268
17960	45.3268
17970	41.9935
17980	36.5033
17990	46.5033
18000	40.0327
18010	38.0719
18020	48.0719
18030	44.753
18040	39.2314
18050	49.2314
18060	42.8321
18070	40.7737
18080	38.8961
18090	35.6494
18100	45.6494
18110	37.4675
18120	31.1039
18130	41.1039
18140	37.0189
18150	33.7857
18160	43.7857
18170	38.1078
18180	31.7874
18190	41.7874
18200	39.7544
18210	36.564
18220	46.564
18230	40.8689
18240	34.4431
18250	44.4431
18260	42.4258
18270	39.2912
18280	49.2912
18290	43.6791
18300	37.1566
18310	47.1566
18320	46.3141
18330	42.1795
18340	36.9231
18350	46.9231
18360	38.75
18370	29.4551
18380	39.4551
18390	37.3443
18400	34.2249
18410	44.2249
18420	38.6786
18430	32.1816
18440	42.1816
18450	40.1094
18460	36.8945
18470	46.8945
18480	41.28
18490	34.8355
18500	44.8355
18510	42.8017
18520	39.5749
18530	49.5749
18540	43.9368
18550	37.5445
18560	47.5445
18570	46.381
18580	42.381
18590	52.381
18600	44.6032
18610	36.381
18620	46.381
18630	34.5239
18640	32.5504
18650	42.5504
18660	39.2746
18670	33.5784
18680	43.5784
18690	37.1055
18700	35.2203
18710	45.2203
18720	41.9278
18730	36.1839
18740	46.1839
18750	39.659
18760	37.8594
18770	47.8594
18780	44.5752
18790	38.8669
18800	48.867
18810	42.2409
18820	41.1932
18830	37.4738
18840	47.4738
18850	42.0259
18860	33.7602
18870	43.7602
18880	34.3608
18890	32.6417
18900	42.6417
18910	39.4481
18920	33.8443
18930	43.8443
18940	37.1261
18950	35.4233
18960	45.4233
18970	42.2344
18980	36.6307
18990	46.6307
19000	39.9125
19010	38.2097
19020	48.2097
19030	45.0208
19040	39.4171
19050	49.4171
19060	42.6988
19070	41.0836
19080	37.4303
19090	47.4303
19100	42.0433
19110	33.839
19120	43.839
19130	34.3344
19140	32.6316
19150	42.6316
19160	39.4522
19170	33.8757
19180	43.8757
19190	37.107
19200	35.316
19210	45.316
19220	42.2083
19230	36.7006
19240	46.7006
19250	39.9006
19260	38.0853
19270	48.0853
19280	44.9823
19290	39.4359
19300	49.4359
19310	42.6677
19320	40.8807
19330	50.8807
19340	48.4069
19350	42.7897
19360	35.32
19370	28.6345
19380	38.6345
19390	34.7866
19400	31.8293
19410	30.8537
19420	26.9817
19430	29.0549
19440	39.0549
19450	36.0976
19460	35.1253
19470	31.2204
19480	31.3269
19490	30.9886
19500	40.9886
19510	40.0464
19520	36.0646
19530	35.7303
19540	45.7303
19550	41.9005
19560	40.7151
19570	37.5844
19580	34.6657
19590	44.6657
19600	29.8804
19610	39.8804
19620	36.074
19630	32.9758
19640	42.9758
19650	34.9367
19660	29.7457
19670	39.7457
19680	37.8618
19690	34.8313
19700	44.8313
19710	39.2985
19720	32.5181
19730	42.5181
19740	40.5254
19750	37.5731
19760	47.5731
19770	42.1107
19780	35.4174
19790	45.4174
19800	43.4031
19810	40.4985
19820	50.4985
19830	44.9032
19840	38.2597
19850	48.2597
19860	46.0947
19870	42.1221
19880	52.1221
19890	44.9702
19900	36.6369
19910	46.6369
19920	34.494
19930	32.5298
19940	42.5298
19950	39.679
19960	33.9802
19970	43.9802
19980	37.2873
19990	35.3525
20000	45.3525
20010	42.523
20020	36.9014
20030	46.9014
20040	40.1463
20050	38.3052
20060	48.3052
20070	45.4062
20080	39.8486
20090	49.8486
20100	43.1492
20110	41.0057
20120	37.2807
20130	47.2807
20140	41.6667
20150	34.3567
20160	27.6901
20170	27.8947
20180	27.4854
20190	37.4854
20200	36.6667
20210	32.7778
20220	32.3684
20230	42.3684
20240	38.6629
20250	37.5299
20260	34.5814
20270	31.5181
20280	41.5181
20290	40.3553
20300	38.6704
20310	48.6704
20320	45.7288
20330	40.078
20340	50.078
20350	43.2687
20360	40.896
20370	37.341
20380	47.341
20390	41.7341
20400	34.3931
20410	27.5723
20420	27.8726
20430	37.8726
20440	34.9116
20450	33.7622
20460	43.7622
20470	38.4911
20480	36.7715
20490	46.7715
20500	41.2211
20510	34.454
20520	44.454
20530	41.4179
20540	39.763
20550	49.763
20560	44.1808
20570	37.4079
20580	47.4079
20590	44.2589
20600	42.5652
20610	38.9797
20620	33.3914
20630	43.3914
20640	33.9168
20650	30.8215
20660	30.3959
20670	40.3959
20680	36.7236
20690	32.7834
20700	31.901
20710	28.9066
20720	38.9066
20730	37.7161
20740	35.9991
20750	45.9991
20760	42.9103
20770	37.4241
20780	47.4241
20790	40.6063
20800	38.8095
20810	48.8094
20820	45.7477
20830	40.3558
20840	50.3558
20850	43.4827
20860	41.068
20870	37.1594
20880	47.1594
20890	41.98
20900	34.082
20910	44.082
20920	34.4176
20930	32.4519
20940	42.4519
20950	39.5129
20960	34.1
20970	44.1
20980	37.2264
20990	35.2414
21000	45.2414
21010	42.2335
21020	36.9018
21030	46.9018
21040	40.1047
21050	38.0888
21060	48.0888
21070	45.0972
21080	39.6451
21090	49.6451
21100	42.878
21110	40.878
21120	50.878
21130	48.2466
21140	42.7945
21150	35.4795
21160	28.7123
21170	38.7123
21180	34.7123
21190	31.8356
21200	30.6598
21210	40.6598
21220	35.4599
21230	35.1818
21240	33.2052
21250	29.2686
21260	39.2686
21270	38.3219
21280	35.4623
21290	34.4054
21300	44.4054
21310	40.3794
21320	39.4074
21330	49.4074
21340	43.9301
21350	37.305
21360	47.305
21370	46.207
21380	42.2404
21390	52.2404
21400	44.801
21410	36.6451
21420	46.6451
21430	34.3717
21440	32.4709
21450	42.4709
21460	39.389
21470	33.8102
21480	43.8102
21490	37.1219
21500	35.2529
21510	45.2529
21520	42.1125
21530	36.4818
21540	46.4818
21550	39.8381
21560	38.0008
21570	48.0007
21580	44.8953
21590	39.1465
21600	49.1465
21610	42.5471
21620	41.1974
21630	37.3889
21640	34.2414
21650	44.2414
21660	36.8206
21670	30.2653
21680	29.764
21690	39.764
21700	35.8034
21710	34.731
21720	31.7288
21730	28.6682
21740	38.6682
21750	37.5864
21760	35.5547
21770	45.5547
21780	42.5732
21790	36.9003
21800	46.9003
21810	40.2777
21820	38.246
21830	48.246
21840	45.2645
21850	39.5916
21860	49.5916
21870	42.9835
21880	40.9677
21890	50.9677
21900	48.4004
21910	42.611
21920	35.3444
21930	28.7828
21940	38.7828
21950	34.7325
21960	31.5225
21970	30.5278
21980	40.5278
21990	35.505
22000	34.9401
22010	32.7916
22020	29.074
22030	39.074
22040	38.3757
22050	35.1707
22060	34.2417
22070	44.2417
22080	39.915
22090	39.2657
22100	49.2657
22110	43.3737
22120	36.9799
22130	46.9799
22140	44.6873
22150	41.9335
22160	51.9335
22170	46.0754
22180	39.5914
22190	49.5914
22200	46.323
22210	41.951
22220	51.951
22230	45.042
22240	36.5216
22250	46.5216
22260	34.5453
22270	32.2329
22280	42.2329
22290	39.4637
22300	33.6175
22310	43.6175
22320	37.156
22330	34.8483
22340	44.8483
22350	42.0899
22360	36.2707
22370	46.2707
22380	39.7631
22390	37.3802
22400	47.3802
22410	44.6815
22420	38.9296
22430	48.9296
22440	42.3252
22450	39.9536
22460	38.6514
22470	35.5603
22480	45.5603
22490	38.6968
22500	32.0104
22510	29.5696
22520	26.5316
22530	36.5316
22540	35.3924
22550	32.7848
22560	42.7848
22570	39.7468
22580	35.2152
22590	31.2911
22600	30.7848
22610	30.3544
22620	40.3544
22630	39.2152
22640	36.7595
22650	46.7595
22660	43.6974
22670	39.0203
22680	35.1524
22690	34.699
22700	34.2018
22710	44.2018
22720	43.0325
22730	39.2065
22740	34.598
22750	31.407
22760	26.809
22770	36.809
22780	32.99
22790	32.5628
22800	29.3719
22810	28.9447
22820	27.8906
22830	37.8906
22840	37.4832
22850	34.3305
22860	33.2305
22870	43.2305
22880	38.5328
22890	38.1666
22900	48.1666
22910	42.4408
22920	35.8233
22930	45.8233
22940	43.1088
22950	40.6563
22960	50.6563
22970	44.9697
22980	38.3936
22990	48.3936
23000	46.494
23010	41.6687
23020	51.6687
23030	44.9906
23040	36.6514
23050	46.6514
23060	34.6535
23070	31.8838
23080	31.3985
23090	28.9361
23100	38.9361
23110	35.1179
23120	34.5032
23130	31.4264
23140	31.0073
23150	29.9694
23160	39.9694
23170	39.3783
23180	36.3273
23190	35.303
23200	45.303
23210	40.6658
23220	39.9875
23230	49.9875
23240	44.3528
23250	37.8646
23260	47.8646
23270	45.2812
23280	42.5048
23290	52.5048
23300	46.8124
23310	40.3935
23320	50.3935
23330	46.5966
23340	41.9019
23350	51.9019
23360	44.7561
23370	36.4788
23380	46.4788
23390	34.6418
23400	32.0743
23410	42.0743
23420	39.2249
23430	33.4649
23440	43.4649
23450	37.1475
23460	34.5435
23470	44.5435
23480	41.6206
23490	35.9305
23500	45.9305
23510	39.6594
23520	37.0201
23530	47.0201
23540	44.0904
23550	38.4034
23560	48.4034
23570	42.1486
23580	39.5272
23590	38.8069
23600	35.7622
23610	45.7622
23620	38.3464
23630	32.1328
23640	29.5434
23650	26.5307
23660	36.5307
23670	35.5768
23680	32.032
23690	31.5697
23700	28.5889
23710	29.8408
23720	39.8408
23730	36.2714
23740	35.8293
23750	32.8728
23760	31.8416
23770	31.004
23780	41.004
23790	40.5818
23800	37.6502
23810	36.6396
23820	33.0032
23830	33.208
23840	32.8787
23850	42.8787
23860	38.3237
23870	34.7127
23880	29.3317
23890	26.4439
23900	28.1384
23910	38.1384
23920	34.5346
23930	33.5561
23940	30.6683
23950	30.2864
23960	29.4098
23970	39.4098
23980	38.447
23990	35.5837
24000	34.7266
24010	44.7266
24020	40.0629
24030	39.0808
24040	49.0808
24050	43.6742
24060	37.4182
24070	47.4182
24080	44.8766
24090	41.6225
24100	51.6225
24110	46.2305
24120	39.9835
24130	49.9835
24140	46.6983
24150	42.0665
24160	52.0665
24170	44.3943
24180	36.4371
24190	46.4371
24200	34.7743
24210	32.2328
24220	42.2328
24230	38.9786
24240	33.5867
24250	43.5867
24260	37.3461
24270	34.8144
24280	44.8144
24290	41.4864
24300	36.1249
24310	46.1249
24320	39.8991
24330	37.3971
24340	47.3971
24350	44.0532
24360	38.7281
24370	48.7281
24380	42.416
24390	39.9337
24400	49.9337
24410	46.6004
24420	41.2812
24430	51.2812
24440	44.9756
24450	41.7107
24460	37.1627
24470	47.1627
24480	41.6334
24490	33.7972
24500	43.7972
24510	34.8164
24520	32.3724
24530	42.3724
24540	39.0009
24550	33.7467
24560	43.7467
24570	37.4977
24580	35.0829
24590	45.0829
24600	41.6911
24610	36.4726
24620	46.4726
24630	40.1346
24640	37.7402
24650	47.7402
24660	44.36
24670	39.1487
24680	49.1487
24690	42.8107
24700	40.4163
24710	50.4163
24720	33.8615
24730	43.8615
24740	36.1192
24750	29.792
24760	39.792
24770	35.2631
24780	33.0224
24790	43.0224
24800	37.8509
24810	31.5619
24820	41.562
24830	39.0741
24840	35.6398
24850	45.6398
24860	40.5037
24870	34.2528
24880	44.2528
24890	41.7941
24900	38.3607
24910	48.3607
24920	43.2436
24930	37.0305
24940	47.0305
24950	44.6008
24960	41.1987
24970	51.1987
24980	45.9894
24990	39.8034
25000	49.8034
25010	46.5814
25020	42.093
25030	52.093
25040	44.2326
25050	36.4913
25060	46.4913
25070	34.9256
25080	32.5238
25090	42.5238
25100	39.0293
25110	33.8553
25120	43.8553
25130	37.7068
25140	35.317
25150	45.317
25160	41.8135
25170	36.6454
25180	46.6453
25190	40.5279
25200	38.0907
25210	48.0907
25220	44.5174
25230	39.4134
25240	49.4134
25250	43.3395
25260	40.8684
25270	38.8222
25280	35.2425
25290	30.1386
25300	40.1386
25310	34.0647
25320	31.5935
25330	41.5935
25340	38.0232
25350	32.9103
25360	42.9103
25370	36.8202
25380	34.3093
25390	44.3093
25400	40.8262
25410	35.6612
25420	45.6612
25430	39.5824
25440	37.0814
25450	47.0814
25460	43.6291
25470	38.3981
25480	48.3981
25490	42.356
25500	39.7786
25510	49.7786
25520	46.357
25530	41.1608
25540	51.1608
25550	45.1553
25560	41.8655
25570	51.8655
25580	44.9459
25590	39.3276
25600	49.3276
25610	39.1205
25620	30.3878
25630	40.3878
25640	37.6917
25650	34.3371
25660	44.3371
25670	39.2225
25680	33.1608
25690	43.1608
25700	40.3613
25710	37.046
25720	47.046
25730	41.9872
25740	35.8824
25750	45.8824
25760	43.0156
25770	39.7424
25780	49.7424
25790	44.7086
25800	38.5912
25810	48.5912
25820	46.8188
25830	41.7844
25840	36.3269
25850	46.3269
25860	38.8414
25870	29.9775
25880	39.9775
25890	37.0337
25900	33.8202
25910	43.8202
25920	38.8539
25930	32.6742
25940	42.6742
25950	39.7303
25960	36.5169
25970	46.5169
25980	41.5506
25990	35.3708
26000	45.3708
26010	42.4299
26020	39.1884
26030	49.1884
26040	44.2423
26050	38.0903
26060	48.0903
26070	45.1784
26080	41.8679
26090	51.8679
26100	46.8747
26110	40.7589
26120	50.7589
26130	46.8462
26140	41.7846
26150	51.7846
26160	44.0843
26170	36.5709
26180	46.5709
26190	35.1339
26200	32.1429
26210	42.1429
26220	38.8839
26230	33.8839
26240	43.8839
26250	37.8185
26260	34.7925
26270	44.7925
26280	41.5533
26290	36.5811
26300	46.5811
26310	40.5514
26320	37.4653
26330	47.4653
26340	44.1666
26350	39.2278
26360	49.2278
26370	43.2337
26380	40.1323
26390	38.552
26400	35.2383
26410	45.2383
26420	37.8492
26430	31.8847
26440	41.8847
26450	36.5188
26460	33.2151
26470	43.2151
26480	38.3198
26490	32.3665
26500	42.3665
26510	39.2147
26520	35.8265
26530	45.8265
26540	40.9443
26550	35.0263
26560	45.0263
26570	41.9035
26580	38.5206
26590	48.5206
26600	43.5587
26610	37.6339
26620	47.6339
26630	44.5401
26640	41.1866
26650	51.1866
26660	46.2576
26670	40.2776
26680	50.2776
26690	47.0242
26700	41.6757
26710	36.1319
26720	46.1319
26730	38.7511
26740	30.1456
26750	40.1456
26760	36.9766
26770	33.5777
26780	43.5777
26790	38.7016
26800	32.8003
26810	42.8003
26820	39.597
26830	36.2219
26840	46.2219
26850	41.2912
26860	35.4124
26870	45.4124
26880	42.1987
26890	38.8591
26900	48.8591
26910	43.9495
26920	37.9845
26930	47.9845
26940	44.8172
26950	41.5292
26960	51.5292
26970	46.5541
26980	40.5651
26990	50.5651
27000	47.0471
27010	41.7554
27020	51.7554
27030	43.9741
27040	36.4363
27050	46.4363
27060	35.1836
27070	32.095
27080	42.095
27090	38.7526
27100	33.6863
27110	43.6863
27120	37.7702
27130	34.7056
27140	44.7056
27150	41.3788
27160	36.2385
27170	46.2385
27180	40.4032
27190	37.3049
27200	47.3049
27210	43.9483
27220	38.799
27230	48.799
27240	43.0191
27250	39.938
27260	38.6326
27270	35.3045
27280	30.1428
27290	40.1428
27300	34.3965
27310	31.3433
27320	41.3433
27330	38.0384
27340	32.8145
27350	42.8145
27360	37.0789
27370	34.0299
27380	44.0299
27390	40.6918
27400	35.4841
27410	45.4841
27420	39.7764
27430	36.7552
27440	46.7552
27450	43.3509
27460	38.1594
27470	48.1594
27480	42.4573
27490	39.436
27500	49.436
27510	46.0178
27520	40.8111
27530	50.8111
27540	45.0862
27550	42.1353
27560	52.1353
27570	44.9019
27580	39.1799
27590	49.1799
27600	38.9374
27610	30.6526
27620	40.6526
27630	37.772
27640	34.2648
27650	44.2648
27660	39.0472
27670	33.4104
27680	43.4104
27690	40.5473
27700	37.0852
27710	47.0852
27720	41.8143
27730	36.1621
27740	46.1621
27750	43.2602
27760	39.8573
27770	49.8573
27780	44.5755
27790	38.9179
27800	48.9179
27810	46.9326
27820	41.8965
27830	36.2276
27840	46.2276
27850	38.3498
27860	30.1457
27870	40.1457
27880	37.291
27890	33.8123
27900	43.8123
27910	38.4717
27920	32.8862
27930	42.8862
27940	39.9944
27950	36.4737
27960	46.4737
27970	41.1881
27980	35.6615
27990	45.6615
28000	42.7348
28010	39.1973
28020	49.1973
28030	43.9472
28040	38.3294
28050	48.3294
28060	45.4293
28070	41.9194
28080	51.9194
28090	46.7006
28100	40.9961
28110	50.9961
28120	46.9765
28130	41.8945
28140	51.8945
28150	43.9225
28160	36.2061
28170	46.2061
28180	35.321
28190	32.2871
28200	42.2871
28210	38.8424
28220	33.6917
28230	43.6917
28240	38.0141
28250	34.9538
28260	44.9538
28270	41.5364
28280	36.4084
28290	46.4084
28300	40.6895
28310	37.6557
28320	47.6557
28330	44.2655
28340	39.0546
28350	49.0546
28360	43.3189
28370	40.3116
28380	38.6869
28390	35.3212
28400	45.3212
28410	37.5917
28420	31.7765
28430	41.7765
28440	36.6556
28450	33.3491
28460	43.3491
28470	38.1118
28480	32.2751
28490	42.2751
28500	39.27
28510	35.9854
28520	45.9854
28530	40.7653
28540	34.9324
28550	44.9324
28560	41.9281
28570	38.6919
28580	48.6919
28590	43.4305
28600	37.5409
28610	47.5409
28620	44.5886
28630	41.3075
28640	51.3075
28650	46.0979
28660	40.1698
28670	50.1698
28680	46.9261
28690	41.8363
28700	36.3291
28710	46.3291
28720	38.5967
28730	30.0319
28740	40.0319
28750	37.0134
28760	33.7464
28770	43.7464
28780	38.5671
28790	32.6707
28800	42.6707
28810	39.6428
28820	36.3739
28830	46.3739
28840	41.2292
28850	35.3194
28860	45.3194
28870	42.2549
28880	38.9506
28890	48.9506
28900	43.8389
28910	37.8876
28920	47.8876
28930	44.8638
28940	41.612
28950	51.612
28960	46.4417
28970	40.4351
28980	50.4351
28990	46.9215
29000	41.7878
29010	51.7878
29020	44.1847
29030	36.444
29040	46.444
29050	35.0688
29060	32.1043
29070	42.1043
29080	38.9127
29090	33.7238
29100	43.7238
29110	37.6133
29120	34.6722
29130	44.6722
29140	41.4957
29150	36.3192
29160	46.3192
29170	40.2016
29180	37.2604
29190	47.2604
29200	44.0839
29210	38.9075
29220	48.9075
29230	42.7898
29240	39.841
29250	38.621
29260	35.4553
29270	30.2962
29280	40.2962
29290	34.2074
29300	31.1742
29310	41.1742
29320	38.0235
29330	32.8767
29340	42.8767
29350	36.7906
29360	33.7573
29370	43.7573
29380	40.6067
29390	35.4599
29400	45.4599
29410	39.3738
29420	36.3405
29430	46.3405
29440	43.1984
29450	38.0078
29460	48.0078
29470	41.9479
29480	38.9401
29490	48.9401
29500	45.7846
29510	40.5651
29520	50.5651
29530	44.5365
29540	41.554
29550	51.554
29560	48.2278
29570	42.8215
29580	35.0247
29590	45.0247
29600	36.3619
29610	31.2493
29620	41.2493
29630	38.0315
29640	32.7064
29650	42.7064
29660	36.771
29670	33.8661
29680	43.8661
29690	40.5726
29700	35.2411
29710	45.2411
29720	39.3391
29730	36.4571
29740	46.4571
29750	43.1109
29760	37.7918
29770	47.7918
29780	41.8923
29790	39.0124
29800	49.0124
29810	45.6286
29820	40.3267
29830	50.3267
29840	44.4555
29850	42.1042
29860	37.1042
29870	47.1042
29880	41.4286
29890	33.5907
29900	43.5907
29910	35.0818
29920	32.2325
29930	42.2325
29940	38.813
29950	33.4531
29960	43.4531
29970	37.6195
29980	34.795
29990	44.795
30000	41.4013
30010	35.9555
30020	45.9555
30030	40.1478
30040	37.3401
30050	47.3401
30060	43.9555
30070	38.494
30080	48.494
30090	42.6908
30100	39.8909
30110	49.8909
30120	46.523
30130	40.9917
30140	50.9917
30150	45.2152
30160	42.0629
30170	37.1412
30180	47.1411
30190	41.6389
30200	33.5057
30210	43.5057
30220	35.0868
30230	32.3119
30240	42.3119
30250	39.0008
30260	33.5174
30270	43.5174
30280	37.7025
30290	34.9635
30300	44.9635
30310	41.5677
30320	36.1131
30330	46.1132
30340	40.3177
30350	37.5904
30360	47.5904
30370	44.1813
30380	38.7273
30390	48.7273
30400	42.9423
30410	40.2274
30420	50.2274
30430	46.7435
30440	41.3186
30450	51.3186
30460	45.5634
30470	42.055
30480	37.251
30490	47.251
30500	41.4202
30510	51.4202
30520	40.917
30530	32.5263
30540	42.5263
30550	37.7784
30560	34.2394
30570	44.2394
30580	38.925
30590	33.17
30600	43.17
30610	40.4788
30620	36.8854
30630	46.8854
30640	41.5697
30650	35.8565
30660	45.8565
30670	43.1816
30680	39.6136
30690	49.6136
30700	44.2611
30710	38.5772
30720	48.5772
30730	46.9329
30740	42.0542
30750	36.2583
30760	46.2583
30770	38.318
30780	30.0563
30790	40.0563
30800	37.3189
30810	33.7993
30820	43.7993
30830	38.3803
30840	32.7378
30850	42.7378
30860	39.9902
30870	36.4777
30880	46.4777
30890	41.0764
30900	35.4567
30910	45.4567
30920	42.6212
30930	39.1339
30940	49.1339
30950	43.7612
30960	38.1705
30970	48.1705
30980	45.2577
30990	41.7883
31000	51.7883
31010	46.4265
31020	40.8421
31030	50.8421
31040	47.0136
31050	41.9554
31060	51.9554
31070	44.0116
31080	36.1118
31090	46.1118
31100	35.2407
31110	32.3538
31120	42.3538
31130	38.9197
31140	33.6029
31150	43.603
31160	37.9628
31170	35.1017
31180	45.1017
31190	41.6567
31200	36.3846
31210	46.3846
31220	40.6984
31230	37.8846
31240	47.8846
31250	44.3787
31260	39.1627
31270	49.1627
31280	43.424
31290	40.6553
31300	38.7922
31310	35.2155
31320	30.039
31330	40.039
31340	34.3281
31350	31.5932
31360	41.5932
31370	37.931
31380	32.7247
31390	42.7247
31400	37.0734
31410	34.3559
31420	44.3559
31430	40.6996
31440	35.4395
31450	45.4395
31460	39.8342
31470	37.0829
31480	47.0829
31490	43.4762
31500	38.1626
31510	48.1626
31520	42.5132
31530	39.773
31540	49.773
31550	46.2008
31560	40.896
31570	50.896
31580	45.2669
31590	42.0951
31600	52.0951
31610	45.0522
31620	39.184
31630	49.184
31640	38.8505
31650	30.5383
31660	40.5383
31670	37.7961
31680	34.194
31690	44.194
31700	38.9819
31710	33.235
31720	43.235
31730	40.4474
31740	36.8698
31750	46.8698
31760	41.6813
31770	35.9542
31780	45.9542
31790	43.1355
31800	39.5628
31810	49.5628
31820	44.3779
31830	38.627
31840	48.627
31850	46.9488
31860	42.012
31870	36.2007
31880	46.2007
31890	38.5045
31900	30.0712
31910	40.0712
31920	37.2892
31930	33.7594
31940	43.7594
31950	38.5179
31960	32.7398
31970	42.7398
31980	39.9669
31990	36.4428
32000	46.4428
32010	41.2013
32020	35.4231
32030	45.4231
32040	42.6503
32050	39.1262
32060	49.1262
32070	43.8874
32080	38.0881
32090	48.0881
32100	45.329
32110	41.8234
32120	51.8234
32130	46.6118
32140	40.7622
32150	50.7622
32160	46.906
32170	42.0484
32180	52.0484
32190	43.9421
32200	36.2332
32210	46.2332
32220	35.1473
32230	32.4392
32240	42.4392
32250	38.7641
32260	33.6219
32270	43.6219
32280	37.8585
32290	35.1028
32300	45.1028
32310	41.3794
32320	36.273
32330	46.273
32340	40.5283
32350	37.7624
32360	47.7624
32370	44.043
32380	38.9101
32390	48.9101
32400	43.184
32410	40.4369
32420	38.9027
32430	35.198
32440	45.198
32450	37.4685
32460	31.807
32470	41.807
32480	36.889
32490	33.1642
32500	43.1642
32510	37.9703
32520	32.359
32530	42.359
32540	39.4819
32550	35.7812
32560	45.7812
32570	40.614
32580	35.03
32590	45.03
32600	42.0827
32610	38.3985
32620	48.3985
32630	43.2406
32640	37.6616
32650	47.6616
32660	44.7177
32670	41.0078
32680	51.0078
32690	45.8671
32700	40.3105
32710	50.3105
32720	47.1474
32730	42.0569
32740	36.0321
32750	46.0321
32760	38.3581
32770	30.1916
32780	40.1916
32790	37.23
32800	33.5366
32810	43.5366
32820	38.3798
32830	32.8049
32840	42.8049
32850	39.8363
32860	36.1564
32870	46.1564
32880	41.0321
32890	35.4179
32900	45.4179
32910	42.4023
32920	38.7699
32930	48.7699
32940	43.6339
32950	37.97
32960	47.97
32970	44.9942
32980	41.3956
32990	51.3956
33000	46.2399
33010	40.5651
33020	50.5651
33030	47.1112
33040	41.9498
33050	51.9498
33060	43.8328
33070	36.1717
33080	46.1717
33090	35.3022
33100	32.2453
33110	42.2452
33120	38.6701
33130	33.5406
33140	43.5406
33150	37.8789
33160	34.8298
33170	44.8298
33180	41.2706
33190	36.1633
33200	46.1633
33210	40.4441
33220	37.3813
33230	47.3813
33240	43.8455
33250	38.7642
33260	48.7642
33270	43.0671
33280	39.9518
33290	38.7435
33300	35.2151
33310	30.1377
33320	40.1377
33330	34.4152
33340	31.3112
33350	41.3112
33360	37.8022
33370	32.7506
33380	42.7506
33390	36.9864
33400	33.9049
33410	43.9049
33420	40.3333
33430	35.3075
33440	45.3075
33450	39.5704
33460	36.5113
33470	46.5113
33480	42.8601
33490	37.8601
33500	47.8601
33510	42.1157
33520	39.0789
33530	49.0789
33540	45.434
33550	40.4596
33560	50.4596
33570	44.6648
33580	41.6391
33590	51.6391
33600	48.359
33610	42.4444
33620	34.968
33630	44.968
33640	36.5518
33650	31.3682
33660	41.3682
33670	37.7485
33680	32.6973
33690	42.6973
33700	36.9294
33710	33.926
33720	43.926
33730	40.3083
33740	35.255
33750	45.255
33760	39.4781
33770	36.5133
33780	46.5133
33790	42.8657
33800	37.7893
33810	47.7893
33820	41.9999
33830	39.0627
33840	49.0627
33850	45.4124
33860	40.336
33870	50.336
33880	44.5466
33890	42.2071
33900	37.1138
33910	47.1138
33920	41.1885
33930	33.5993
33940	43.5993
33950	35.1783
33960	32.2411
33970	42.2411
33980	38.5908
33990	33.5144
34000	43.5144
34010	37.725
34020	34.7878
34030	44.7878
34040	41.1292
34050	36.0368
34060	46.0368
34070	40.2821
34080	37.3807
34090	47.3807
34100	43.6633
34110	38.5445
34120	48.5445
34130	42.8258
34140	39.9502
34150	49.9502
34160	46.1699
34170	41.0766
34180	51.0766
34190	45.3186
34200	42.1962
34210	37.2007
34220	47.2007
34230	41.1467
34240	33.5582
34250	43.5582
34260	35.1433
34270	32.2934
34280	42.2934
34290	38.5356
34300	33.4669
34310	43.4669
34320	37.6368
34330	34.8039
34340	44.8039
34350	41.0601
34360	36.0239
34370	46.0239
34380	40.1982
34390	37.3247
34400	47.3247
34410	43.5382
34420	38.524
34430	48.524
34440	42.6893
34450	39.8372
34460	49.8372
34470	46.0967
34480	41.0608
34490	51.0608
34500	45.1788
34510	42.1709
34520	37.1333
34530	47.1333
34540	41.15
34550	51.15
34560	41.15
34570	32.6
34580	42.6
34590	37.5532
34600	33.8604
34610	43.8604
34620	38.8767
34630	32.9983
34640	42.9983
34650	40.1293
34660	36.4422
34670	46.4422
34680	41.4509
34690	35.5606
34700	45.5606
34710	42.7524
34720	39.0581
34730	49.0581
34740	44.0259
34750	38.0939
34760	48.0939
34770	45.3279
34780	41.6475
34790	51.6475
34800	46.5661
34810	40.6683
34820	50.6683
34830	47.0066
34840	42.1546
34850	36.1513
34860	46.1513
34870	38.5362
34880	30.0013
34890	40.0013
34900	37.2413
34910	33.5366
34920	43.5366
34930	38.4598
34940	32.5941
34950	42.5941
34960	39.7943
34970	36.112
34980	46.112
34990	41.06
35000	35.1255
35010	45.1255
35020	42.3387
35030	38.6665
35040	48.6665
35050	43.6173
35060	37.6829
35070	47.6829
35080	44.896
35090	41.2239
35100	51.2239
35110	46.1747
35120	40.2403
35130	50.2403
35140	47.0164
35150	42.0984
35160	52.0984
35170	43.8689
35180	36.3135
35190	46.3135
35200	35.0785
35210	32.3038
35220	42.3038
35230	38.5622
35240	33.5397
35250	43.5397
35260	37.6422
35270	34.8884
35280	44.8884
35290	41.0711
35300	36.0671
35310	46.0671
35320	40.1656
35330	37.4447
35340	47.4447
35350	43.6624
35360	38.6136
35370	48.6136
35380	42.6852
35390	39.9816
35400	49.9816
35410	46.2031
35420	41.1563
35430	51.1563
35440	45.1981
35450	42.043
35460	37.2376
35470	47.2376
35480	41.1944
35490	33.6498
35500	43.6498
35510	35.0177
35520	32.288
35530	42.288
35540	38.5798
35550	33.5146
35560	43.5146
35570	37.5201
35580	34.7979
35590	44.7979
35600	41.1119
35610	36.0404
35620	46.0404
35630	40.0378
35640	37.3361
35650	47.3361
35660	43.6689
35670	38.5477
35680	48.5477
35690	42.5542
35700	39.8563
35710	49.8563
35720	46.1924
35730	41.0483
35740	51.0483
35750	45.0715
35760	42.036
35770	37.2413
35780	47.2413
35790	41.3052
35800	33.5564
35810	43.5564
35820	34.9693
35830	32.3327
35840	42.3327
35850	38.6375
35860	33.376
35870	43.376
35880	37.4753
35890	34.8546
35900	44.8546
35910	41.1814
35920	35.8753
35930	45.8753
35940	39.9409
35950	37.3403
35960	47.3403
35970	43.6778
35980	38.3963
35990	48.3963
36000	42.4505
