10	0
20	0
30	0
40	0
50	0
60	-0.409091
70	0
80	0
90	0
100	0
110	0
120	-0.340909
130	0
140	0
150	0
160	0
170	0
180	-0.288462
190	0
200	0
210	0
220	0
230	0
240	-0.247253
250	0
260	0
270	0
280	0
290	0
300	-0.214286
310	0
320	0
330	0
340	0
350	0
360	-0.1875
370	0
380	0
390	0
400	0
410	0
420	-0.3125
430	0.277778
440	0.833333
450	1.38889
460	1.94444
470	5
480	10
490	2.11111
500	2.66667
510	7.66667
520	9.88889
530	5.55556
540	2.94737
550	6.83041
560	9.89474
570	6.73684
580	3.57895
590	8.84211
600	11.5789
610	4.21053
620	9.71053
630	11.5526
640	9.05263
650	10.5
660	7.89286
670	5.46429
680	11.1786
690	12.9643
700	10.1071
710	11.5357
720	12.8571
730	9.94156
740	11.0758
750	16.9848
760	5.95887
770	11.868
780	14.1407
790	10.032
800	11.5537
810	13.5178
820	10.9091
830	12.5652
840	18.6522
850	11.7609
860	15.4167
870	12.6413
880	10.183
890	13.0163
900	19.2663
910	15.8913
920	17.0833
930	14.1667
940	13.75
950	20
960	12.5
970	15.4617
980	12.63
990	14.23
1000	15.7067
1010	12.5067
1020	14.1067
1030	16.0532
1040	12.9317
1050	14.4701
1060	16.2794
1070	12.8178
1080	14.3563
1090	16.2031
1100	12.8142
1110	14.2957
1120	16.4125
1130	12.7088
1140	14.1903
1150	16.342
1160	12.7057
1170	14.1343
1180	16.5364
1190	12.6079
1200	14.0364
1210	16.4378
1220	12.5093
1230	13.9378
1240	16.4378
1250	12.5093
1260	13.9378
1270	16.4618
1280	12.5961
1290	10.9273
1300	17.8239
1310	13.686
1320	14.9741
1330	10.8052
1340	7.79943
1350	14.7994
1360	19.0799
1370	13.6132
1380	14.9466
1390	18.7592
1400	14.4259
1410	10.8
1420	17.8
1430	13.4667
1440	15.1333
1450	10.8
1460	7.6
1470	11.9333
1480	18.9333
1490	8.93333
1500	11.8946
1510	18.9914
1520	13.7312
1530	16.529
1540	12.6581
1550	9.88387
1560	13.0433
1570	20.2308
1580	11.2066
1590	14.5554
1600	21.7429
1610	17.2429
1620	19.2147
1630	15.7516
1640	17.7544
1650	19.2566
1660	15.6203
1670	17.4384
1680	19.1913
1690	15.5549
1700	17.3731
1710	17.2727
1720	13.6364
1730	15.4545
1740	17.2727
1750	13.6123
1760	11.0802
1770	14.803
1780	22.156
1790	17.2148
1800	19.2121
1810	15.3445
1820	17.1631
1830	17.3382
1840	14.2827
1850	16.5049
1860	18.8922
1870	15.7971
1880	18.0676
1890	20.5457
1900	18.1772
1910	20.8088
1920	22.629
1930	20.2606
1940	22.8922
1950	24.2079
1960	21.8395
1970	24.4711
1980	25.7869
1990	23.4003
2000	24.7861
2010	32.4784
2020	24.9528
2030	24.2969
2040	21.7328
2050	22.1778
2060	19.6835
2070	22.1835
2080	23.1468
2090	20.3968
2100	21.0508
2110	28.8557
2120	21.0002
2130	20.8184
2140	18.3793
2150	21.0623
2160	22.9818
2170	20.5323
2180	23.2907
2190	25.3128
2200	22.6937
2210	25.3128
2220	27.7181
2230	25.0991
2240	26.0035
2250	33.8606
2260	26.0035
2270	23.3333
2280	20.7043
2290	19.0831
2300	26.99
2310	18.9834
2320	22.1905
2330	19.3998
2340	21.9579
2350	24.7096
2360	22.0595
2370	22.6673
2380	20.445
2390	21.3546
2400	29.3546
2410	22.0256
2420	24.0653
2430	21.7697
2440	23.6315
2450	31.675
2460	24.0663
2470	23.3566
2480	20.9764
2490	22.9033
2500	30.9884
2510	16.5796
2520	24.6647
2530	22.1271
2540	22.8361
2550	20.3767
2560	22.119
2570	19.67
2580	22.5271
2590	24.5732
2600	22.1242
2610	30.2875
2620	30.2875
2630	22.5323
2640	24.4861
2650	22.0833
2660	24.8833
2670	26.3718
2680	23.7718
2690	31.9718
2700	31.2722
2710	23.2722
2720	21.4443
2730	18.7894
2740	16.0443
2750	19.5149
2760	27.7502
2770	25.0152
2780	26.9831
2790	24.1592
2800	24.6287
2810	32.8979
2820	24.4364
2830	25.2294
2840	22.3607
2850	25.0022
2860	26.9514
2870	23.9325
2880	24.5845
2890	32.9482
2900	24.3475
2910	22.014
2920	19.1049
2930	17.5643
2940	25.9279
2950	23.0246
2960	25.5943
2970	22.7672
2980	23.6323
2990	32.0533
3000	23.6323
3010	25.4807
3020	22.7009
3030	25.6319
3040	27.2202
3050	24.634
3060	24.7286
3070	33.2031
3080	25.0652
3090	24.5227
3100	21.8108
3110	24.6922
3120	27.7056
3130	24.9912
3140	25.3329
3150	22.7304
3160	23.4147
3170	31.9147
3180	23.9147
3190	25.6904
3200	23.1904
3210	24.6904
3220	22.1904
3230	25.1904
3240	25.6667
3250	23.1618
3260	25.0175
3270	33.5421
3280	25.4339
3290	26.0044
3300	23.3767
3310	23.9754
3320	32.5238
3330	24.2224
3340	26.2189
3350	23.477
3360	25.2163
3370	22.4651
3380	23.2355
3390	31.807
3400	23.3323
3410	25.4788
3420	22.6172
3430	24.5415
3440	33.1569
3450	17.3099
3460	25.9253
3470	23.156
3480	25.518
3490	22.7424
3500	23.8354
3510	32.4718
3520	23.9203
3530	25.1562
3540	22.2654
3550	25.1335
3560	27.3726
3570	24.8726
3580	24.7514
3590	22.2514
3600	25.3396
3610	26.2137
3620	23.7355
3630	27.0213
3640	28.4692
3650	26.3263
3660	29.612
3670	30.1324
3680	27.9895
3690	36.7038
3700	35.2899
3710	27.7185
3720	26.1471
3730	24.0042
3740	23.5714
3750	32.2857
3760	24.7143
3770	27
3780	24.8571
3790	27.1429
3800	25
3810	25.7143
3820	34.4286
3830	26.8571
3840	26.5714
3850	24.4286
3860	24.5714
3870	33.2857
3880	25.7143
3890	27.2857
3900	25.1429
3910	24.8571
3920	33.5714
3930	26
3940	27.2857
3950	25.1429
3960	26.7143
3970	24.566
3980	24.293
3990	33.0254
4000	25.3626
4010	25.5507
4020	23.2972
4030	25.6916
4040	23.438
4050	25.8093
4060	34.5417
4070	19.0423
4080	27.7746
4090	25.5246
4100	25.422
4110	23.3687
4120	24.4299
4130	33.197
4140	25.9367
4150	27.0664
4160	25.1869
4170	25.3622
4180	34.146
4190	27.1189
4200	27.7853
4210	26.0253
4220	27.1966
4230	36.0124
4240	19.8677
4250	28.6835
4260	28.6558
4270	21.6805
4280	24.4339
4290	22.6834
4300	25.2182
4310	34.0494
4320	26.9065
4330	25.8832
4340	24.1387
4350	26.0201
4360	24.3951
4370	25.9315
4380	34.8065
4390	27.9437
4400	28.4275
4410	26.9332
4420	25.7911
4430	24.3453
4440	26.103
4450	35.0316
4460	28.3893
4470	28.8138
4480	27.2662
4490	27.5602
4500	36.4888
4510	19.3822
4520	28.3357
4530	29.6384
4540	22.8909
4550	25.2436
4560	23.7284
4570	25.1913
4580	34.1568
4590	27.3315
4600	27.5388
4610	25.9296
4620	26.5721
4630	24.98
4640	28.6163
4650	29.5435
4660	27.839
4670	27.6616
4680	36.6388
4690	19.6399
4700	28.6287
4710	26.8676
4720	26.7775
4730	24.9797
4740	26.8456
4750	35.8456
4760	28.7137
4770	28.5154
4780	26.8487
4790	26.4869
4800	24.8169
4810	25.793
4820	34.804
4830	27.7278
4840	28.9736
4850	27.2154
4860	27.2769
4870	25.5345
4880	25.6395
4890	34.6613
4900	27.3786
4910	27.6464
4920	25.7965
4930	27.967
4940	36.9993
4950	29.6388
4960	29.5376
4970	27.6021
4980	26.8992
4990	35.9418
5000	28.4991
5010	28.9345
5020	26.9132
5030	26.3164
5040	35.359
5050	27.8058
5060	29.3751
5070	27.3538
5080	26.8085
5090	35.8511
5100	28.2979
5110	28.8318
5120	26.8112
5130	26.3015
5140	35.3541
5150	27.6699
5160	29.3086
5170	27.2014
5180	26.7499
5190	35.8124
5200	28.0552
5210	28.714
5220	26.5227
5230	26.1742
5240	35.2558
5250	27.4854
5260	29.3002
5270	27.1573
5280	26.9503
5290	36.0503
5300	28.3221
5310	28.4567
5320	26.3567
5330	26.341
5340	35.441
5350	27.7489
5360	29.1649
5370	27.177
5380	27.1163
5390	36.2425
5400	28.7668
5410	28.5191
5420	26.5771
5430	26.9132
5440	36.0478
5450	28.4516
5460	29.8506
5470	27.8281
5480	27.3246
5490	36.4755
5500	29.0851
5510	28.3999
5520	26.6074
5530	26.73
5540	35.881
5550	28.6168
5560	30.1887
5570	28.3962
5580	28.1085
5590	37.2752
5600	30.0328
5610	28.8548
5620	27.0956
5630	26.8929
5640	36.0596
5650	28.8373
5660	30.5505
5670	28.7912
5680	27.8704
5690	37.037
5700	29.8148
5710	28.7993
5720	27.0569
5730	26.9997
5740	36.1815
5750	20.8747
5760	30.0566
5770	28.33
5780	28.7145
5790	26.9495
5800	27.1428
5810	36.332
5820	29.0347
5830	29.1748
5840	27.373
5850	26.4865
5860	24.6847
5870	26.9369
5880	36.1261
5890	28.8317
5900	29.3891
5910	27.6122
5920	28.7427
5930	26.9728
5940	26.1532
5950	35.3637
5960	28.0864
5970	27.5278
5980	25.6857
5990	28.7302
6000	37.9408
6010	30.5744
6020	31.3397
6030	30.2937
6040	22.8426
6050	32.06
6060	32.6293
6070	25.151
6080	26.5217
6090	24.6087
6100	25.913
6110	35.1304
6120	27.6522
6130	29.2174
6140	27.3043
6150	27.913
6160	26
6170	27.3913
6180	36.6087
6190	29.1311
6200	27.0519
6210	25.1035
6220	27.6493
6230	36.8735
6240	21.2432
6250	30.474
6260	31.9288
6270	24.2891
6280	24.5793
6290	22.528
6300	24.2072
6310	33.4445
6320	25.7366
6330	29.0025
6340	26.8839
6350	28.3773
6360	26.2523
6370	35.5023
6380	35.6291
6390	27.8621
6400	27.8178
6410	25.7345
6420	27.044
6430	36.3002
6440	17.9897
6450	27.2459
6460	25.0971
6470	27.9647
6480	25.8087
6490	27.8068
6500	37.081
6510	29.3395
6520	29.5701
6530	27.554
6540	26.585
6550	24.5672
6560	25.8084
6570	35.0884
6580	27.3737
6590	29.4113
6600	27.3313
6610	28.6608
6620	26.5808
6630	25.76
6640	35.04
6650	27.28
6660	27.76
6670	25.6777
6680	28.8063
6690	38.0976
6700	30.51
6710	30.9726
6720	29.9506
6730	22.4828
6740	26.1546
6750	27.6379
6760	25.6848
6770	34.9817
6780	35.6496
6790	28.0715
6800	27.9823
6810	26.0292
6820	26.7188
6830	36.0156
6840	20.0988
6850	29.4012
6860	27.4365
6870	28.5494
6880	26.5339
6890	26.4064
6900	35.7087
6910	28.0343
6920	29.5635
6930	27.548
6940	28.9147
6950	26.8992
6960	25.7364
6970	35.0388
6980	27.3643
6990	28.1395
7000	26.124
7010	28.4496
7020	26.4341
7030	28.062
7040	37.3643
7050	29.6899
7060	27.3643
7070	25.3488
7080	26.9767
7090	24.9591
7100	27.2877
7110	36.5954
7120	28.8729
7130	29.6705
7140	27.5936
7150	26.4773
7160	35.785
7170	19.8769
7180	29.1846
7190	27.1077
7200	28.7231
7210	26.643
7220	27.879
7230	37.1972
7240	29.4563
7250	28.4507
7260	26.4022
7270	27.8332
7280	37.1616
7290	29.4618
7300	29.745
7310	27.7301
7320	27.6427
7330	25.6285
7340	26.8769
7350	36.2102
7360	28.6547
7370	29.5139
7380	27.586
7390	26.9001
7400	24.9913
7410	26.8843
7420	36.2274
7430	28.7092
7440	29.2256
7450	27.3273
7460	28.7628
7470	38.1106
7480	20.0457
7490	29.3935
7500	30.8829
7510	23.2737
7520	25.6558
7530	23.6758
7540	26.0837
7550	35.4362
7560	27.7383
7570	28.0006
7580	26.0071
7590	27.5899
7600	25.6614
7610	27.2697
7620	36.6268
7630	29.0568
7640	29.8267
7650	27.8625
7660	26.9953
7670	25.0095
7680	26.6764
7690	36.0514
7700	28.4295
7710	29.3041
7720	27.4291
7730	28.7005
7740	38.0755
7750	20.3894
7760	29.7687
7770	31.6295
7780	24.2269
7790	26.3161
7800	35.6954
7810	28.3178
7820	28.5737
7830	26.7426
7840	28.6098
7850	37.9934
7860	21.134
7870	30.5217
7880	30.8457
7890	23.3364
7900	26.1634
7910	24.2586
7920	26.5509
7930	35.9387
7940	28.3877
7950	27.483
7960	25.5782
7970	27.619
7980	25.7122
7990	29.4726
8000	30.7039
8010	28.7445
8020	29.3078
8030	38.6997
8040	19.23
8050	28.6219
8060	26.6624
8070	27.9324
8080	25.973
8090	28.0676
8100	37.4595
8110	29.826
8120	30.4405
8130	29.7533
8140	39.1493
8150	25.7439
8160	27.8665
8170	25.8531
8180	27.9866
8190	25.9732
8200	35.3691
8210	35.1007
8220	27.3825
8230	27.1812
8240	25.1678
8250	27.3154
8260	36.7114
8270	28.9933
8280	29.9329
8290	27.9187
8300	27.6532
8310	37.0532
8320	29.2875
8330	29.979
8340	27.9123
8350	29.2844
8360	38.6844
8370	30.8844
8380	28.2667
8390	26.2
8400	27.5976
8410	37.0055
8420	29.2202
8430	29.8689
8440	27.8295
8450	29.2763
8460	38.6842
8470	30.9211
8480	28.4347
8490	26.3953
8500	27.8947
8510	37.3026
8520	29.5395
8530	29.7384
8540	27.7085
8550	29.1637
8560	38.5793
8570	30.852
8580	28.4901
8590	26.4763
8600	28.0635
8610	37.4829
8620	29.8257
8630	29.9804
8640	28.0442
8650	29.0508
8660	38.4738
8670	30.9302
8680	28.7446
8690	26.8856
8700	28.2829
8710	37.706
8720	30.206
8730	30
8740	28.141
8750	29.2308
8760	38.6538
8770	31.1549
8780	29.0454
8790	27.154
8800	28.2597
8810	37.6864
8820	30.1068
8830	29.9506
8840	28.0398
8850	29.172
8860	38.5987
8870	31.0191
8880	28.9809
8890	27.0693
8900	28.2184
8910	37.6488
8920	30.0235
8930	29.9166
8940	27.9539
8950	29.1317
8960	38.5657
8970	30.8623
8980	28.908
8990	26.8954
9000	28.1253
9010	37.5628
9020	29.8118
9030	29.8122
9040	27.7497
9050	29.03
9060	38.4675
9070	30.6571
9080	28.8138
9090	26.7703
9100	28.1062
9110	37.5506
9120	29.7728
9130	29.9036
9140	27.8666
9150	29.2593
9160	38.7037
9170	30.9259
9180	28.642
9190	26.6036
9200	28.0282
9210	37.4794
9220	29.7246
9230	29.7775
9240	27.764
9250	29.2422
9260	38.7
9270	30.9786
9280	28.8587
9290	26.8707
9300	28.4466
9310	37.9076
9320	30.1821
9330	29.5193
9340	27.4834
9350	28.9578
9360	26.9193
9370	27.0359
9380	36.5034
9390	28.8341
9400	30.535
9410	28.6415
9420	29.0015
9430	38.4752
9440	19.6819
9450	29.1556
9460	31.0371
9470	23.4932
9480	26.9872
9490	36.464
9500	28.9031
9510	29.9964
9520	28.0778
9530	27.7558
9540	37.2326
9550	29.6187
9560	30.3682
9570	28.4668
9580	28.0862
9590	37.569
9600	21.2112
9610	30.6969
9620	31.5592
9630	23.9366
9640	26.5385
9650	24.5957
9660	26.291
9670	35.7767
9680	28.1195
9690	28
9700	26.0571
9710	28.3429
9720	26.3985
9730	28.1705
9740	37.6591
9750	29.9683
9760	29.7565
9770	27.7679
9780	27
9790	25.0114
9800	28.7614
9810	30.2841
9820	28.2955
9830	29.2614
9840	38.75
9850	31.0239
9860	30.8585
9870	30.1317
9880	39.6233
9890	26.0784
9900	28.4306
9910	26.395
9920	28.2497
9930	26.2275
9940	35.7247
9950	36.6068
9960	28.8414
9970	26.8365
9980	24.8234
9990	27.2692
10000	36.7692
10010	20.8255
10020	30.3255
10030	28.27
10040	29.2552
10050	27.1997
10060	26.1944
10070	35.6944
10080	27.8611
10090	29.5842
10100	27.5409
10110	29.2997
10120	27.3107
10130	28.1484
10140	37.6512
10150	29.9164
10160	27.7931
10170	25.8041
10180	28.3425
10190	26.3536
10200	30.1105
10210	31.3265
10220	29.3356
10230	28.9029
10240	38.4084
10250	19.3769
10260	28.8824
10270	26.85
10280	28.6532
10290	26.6349
10300	30.3849
10310	31.5096
10320	29.4985
10330	29.1816
10340	38.6951
10350	19.6741
10360	29.1876
10370	27.2417
10380	29.1666
10390	27.2207
10400	28.9405
10410	26.9946
10420	36.5081
10430	35.7514
10440	28.0757
10450	26.9205
10460	24.9899
10470	27.7149
10480	37.2362
10490	21.1402
10500	30.6614
10510	28.8
10520	28.8529
10530	26.9687
10540	26.4372
10550	35.961
10560	28.342
10570	30.4391
10580	28.5343
10590	29.6825
10600	27.7778
10610	27.7778
10620	37.3016
10630	29.683
10640	28.0994
10650	26.1701
10660	29.0383
10670	27.091
10680	28.5412
10690	38.07
10700	30.4093
10710	29.3165
10720	27.4317
10730	27.0345
10740	25.1487
10750	28.9613
10760	31.121
10770	29.2981
10780	29.9348
10790	39.466
10800	31.966
10810	30.5353
10820	30.2132
10830	39.7469
10840	26.6399
10850	29.1557
10860	27.3933
10870	28.9836
10880	27.2086
10890	36.7447
10900	36.0699
10910	28.5956
10920	27.2773
10930	25.4722
10940	28.0434
10950	37.5843
10960	21.6494
10970	31.1903
10980	31.509
10990	24.0595
11000	25.0059
11010	23.2049
11020	27.0628
11030	29.729
11040	27.9007
11050	29.2581
11060	38.8035
11070	31.2583
11080	31.0484
11090	29.1797
11100	28.0889
11110	37.6366
11120	30.0524
11130	30.3159
11140	28.4064
11150	28.8673
11160	38.4151
11170	22.5626
11180	32.1148
11190	32.1763
11200	24.6794
11210	24.8553
11220	23.0643
11230	26.9449
11240	29.7612
11250	27.9701
11260	30
11270	28.209
11280	37.7612
11290	36.8674
11300	29.4118
11310	26.9757
11320	25.2023
11330	28.0675
11340	37.6241
11350	21.553
11360	31.1096
11370	29.3362
11380	29.5764
11390	27.803
11400	26.275
11410	35.836
11420	28.4071
11430	30.5041
11440	28.748
11450	30.0955
11460	28.3394
11470	28.6486
11480	38.2095
11490	30.7949
11500	28.1463
11510	26.3902
11520	28.9268
11530	27.1707
11540	28.8293
11550	38.3902
11560	30.9756
11570	30.2927
11580	28.5357
11590	27.1327
11600	25.4245
11610	27.9789
11620	37.5442
11630	30.2978
11640	30.8913
11650	29.2484
11660	29.6694
11670	39.2388
11680	19.9796
11690	29.549
11700	27.9222
11710	29.7984
11720	28.1716
11730	29.5407
11740	27.9139
11750	37.4833
11760	36.5263
11770	29.3014
11780	27.1791
11790	25.5334
11800	28.2221
11810	37.7936
11820	21.709
11830	31.2825
11840	29.6311
11850	29.7735
11860	28.1621
11870	26.6132
11880	36.1867
11890	28.9829
11900	30.6527
11910	29.0413
11920	30.237
11930	28.6256
11940	28.8144
11950	38.3898
11960	31.1756
11970	28.4381
11980	26.7871
11990	29.1251
12000	27.4732
12010	28.968
12020	38.5455
12030	31.2525
12040	30.4579
12050	28.7677
12060	27.3334
12070	25.6416
12080	28.0276
12090	37.609
12100	30.3728
12110	30.9346
12120	29.3531
12130	29.4704
12140	39.0537
12150	20.2314
12160	29.8147
12170	28.1944
12180	29.8887
12190	28.2677
12200	29.5093
12210	27.8767
12220	37.4619
12230	36.4123
12240	29.1312
12250	27.4281
12260	25.7761
12270	28.3086
12280	37.8957
12290	21.7703
12300	31.3575
12310	32.2523
12320	25.0503
12330	25.0997
12340	23.4558
12350	27.4284
12360	30.0137
12370	28.3684
12380	30.2996
12390	39.8923
12400	32.6447
12410	31.9301
12420	30.3004
12430	28.0701
12440	37.6647
12450	30.3951
12460	30.9532
12470	29.2865
12480	29.6491
12490	39.2455
12500	31.9702
12510	32.2067
12520	31.8947
12530	24.675
12540	25.2857
12550	34.8839
12560	27.6562
12570	30.0449
12580	28.3932
12590	28.6822
12600	38.2804
12610	31.0037
12620	31.6593
12630	30.0075
12640	28.4375
12650	38.0357
12660	30.7589
12670	31.072
12680	29.4161
12690	29.3779
12700	38.9779
12710	23.0886
12720	32.6886
12730	32.2706
12740	24.9352
12750	25.2951
12760	23.5694
12770	27.5075
12780	29.9241
12790	28.1974
12800	30.0524
12810	39.6577
12820	32.2817
12830	32.5923
12840	31.2441
12850	23.8747
12860	27.8107
12870	29.7507
12880	28.142
12890	28.9515
12900	38.5602
12910	31.3438
12920	30.1051
12930	28.5366
12940	29.4618
12950	39.0755
12960	31.951
12970	30.5448
12980	28.9997
12990	29.901
13000	28.356
13010	37.9697
13020	36.9528
13030	29.8283
13040	30.86
13050	29.2977
13060	28.8797
13070	38.4951
13080	19.266
13090	28.8847
13100	27.3093
13110	29.56
13120	27.9922
13130	29.9439
13140	39.5625
13150	32.4028
13160	30.9617
13170	30.3904
13180	40.0122
13190	27.2782
13200	29.3042
13210	27.7491
13220	29.8025
13230	28.2659
13240	37.8893
13250	37.7786
13260	30.7074
13270	27.8742
13280	26.3679
13290	28.4519
13300	38.0753
13310	31.0042
13320	32.1339
13330	30.6276
13340	29.7071
13350	39.3305
13360	32.2594
13370	30.5858
13380	29.0789
13390	30.218
13400	28.7186
13410	28.3158
13420	37.9424
13430	30.8884
13440	31.7634
13450	30.2696
13460	29.7925
13470	39.4191
13480	20.4149
13490	30.0415
13500	28.5477
13510	29.8758
13520	28.3856
13530	30.1808
13540	28.6993
13550	38.3289
13560	36.793
13570	29.756
13580	27.4974
13590	25.9992
13600	28.2235
13610	37.8547
13620	22.397
13630	32.0311
13640	32.8082
13650	25.789
13660	25.285
13670	23.8623
13680	26.7853
13690	36.421
13700	29.4824
13710	31.7276
13720	30.3511
13730	30.1243
13740	39.7599
13750	20.812
13760	30.4506
13770	32.0823
13780	25.2124
13790	27.7497
13800	26.3838
13810	27.325
13820	36.965
13830	30.0684
13840	29.264
13850	27.864
13860	29.2081
13870	27.8081
13880	29.52
13890	39.16
13900	32.24
13910	31.08
13920	30.7979
13930	40.4421
13940	28.0194
13950	29.3407
13960	27.9968
13970	29.7576
13980	39.4019
13990	32.564
14000	32.3838
14010	31.0277
14020	40.6719
14030	28.3399
14040	29.4466
14050	28.1028
14060	29.921
14070	28.5771
14080	38.2213
14090	36.8379
14100	30
14110	28.5771
14120	27.2332
14130	28.3399
14140	37.9842
14150	31.1462
14160	32.2134
14170	32.2922
14180	25.4592
14190	35.1049
14200	34.7979
14210	27.9082
14220	29.0305
14230	27.6525
14240	37.2982
14250	35.949
14260	29.0592
14270	30.0394
14280	28.66
14290	38.3085
14300	36.9376
14310	30.0566
14320	30.2747
14330	28.9075
14340	38.5559
14350	35.8378
14360	28.9572
14370	30.001
14380	28.6002
14390	38.25
14400	36.981
14410	30.055
14420	30.3572
14430	28.9857
14440	38.6396
14450	35.7668
14460	28.9207
14470	30.0635
14480	28.7204
14490	38.3755
14500	37.2442
14510	30.3476
14520	30.4018
14530	29.0225
14540	38.6776
14550	35.6741
14560	28.7775
14570	30
14580	28.6207
14590	38.2759
14600	37.2031
14610	30.3065
14620	30.3831
14630	29.0038
14640	38.659
14650	35.671
14660	28.7842
14670	29.9627
14680	28.6268
14690	38.2833
14700	37.2298
14710	30.3977
14720	30.5017
14730	29.1722
14740	38.8313
14750	35.807
14760	28.9888
14770	29.9024
14780	28.5797
14790	38.24
14800	37.2858
14810	30.4178
14820	30.6222
14830	29.2659
14840	38.9288
14850	35.6936
14860	28.8396
14870	29.845
14880	28.4961
14890	38.1603
14900	37.315
14910	30.4372
14920	30.9375
14930	30.3065
14940	23.4036
14950	27.5454
14960	29.4776
14970	28.097
14980	29.9254
14990	39.5896
15000	21.5075
15010	31.1716
15020	29.791
15030	30.1269
15040	28.7463
15050	29.2687
15060	38.9328
15070	32.0302
15080	31.3969
15090	30.0466
15100	30.0224
15110	39.6903
15120	32.8637
15130	31.9694
15140	31.4391
15150	24.6125
15160	27.1956
15170	36.8635
15180	30.0369
15190	30.4059
15200	29.0775
15210	28.1181
15220	26.7897
15230	28.155
15240	37.8229
15250	30.9963
15260	31.8081
15270	30.4797
15280	30.8487
15290	29.5203
15300	27.8229
15310	37.4908
15320	30.6642
15330	31.107
15340	29.7786
15350	30.1476
15360	39.8155
15370	32.9893
15380	32.0321
15390	32.4072
15400	25.5438
15410	27.2586
15420	36.9277
15430	30.0527
15440	29.5956
15450	28.2353
15460	30.8456
15470	29.4853
15480	29.8891
15490	39.5594
15500	32.6774
15510	30.0005
15520	28.6085
15530	30.0186
15540	39.6889
15550	32.7668
15560	31.8866
15570	31.8358
15580	24.9244
15590	26.4173
15600	36.09
15610	29.181
15620	30.6545
15630	29.2727
15640	28.4727
15650	38.1455
15660	31.2364
15670	31.8182
15680	30.4364
15690	29.9273
15700	39.6
15710	32.6909
15720	31.8909
15730	31.5634
15740	24.6563
15750	27.0646
15760	36.7397
15770	29.8443
15780	30.3845
15790	29.0126
15800	28.0578
15810	26.6859
15820	28.231
15830	37.9061
15840	31.0108
15850	31.6611
15860	30.284
15870	30.6168
15880	29.2139
15890	27.7834
15900	37.4597
15910	30.5179
15920	31.1939
15930	29.7984
15940	30.1001
15950	39.7787
15960	32.8501
15970	31.7697
15980	30.3819
15990	30.0464
16000	39.7262
16010	22.2879
16020	31.9676
16030	31.8424
16040	24.9741
16050	27.5338
16060	26.1815
16070	27.8897
16080	37.5694
16090	30.7012
16100	28.863
16110	27.4943
16120	29.1746
16130	38.8555
16140	23.4141
16150	33.096
16160	33.8337
16170	26.9512
16180	25.5821
16190	24.2393
16200	26.6805
16210	36.3636
16220	29.5001
16230	31.7652
16240	30.392
16250	30.4459
16260	29.0721
16270	27.8907
16280	37.5749
16290	30.6511
16300	31.1838
16310	29.7803
16320	29.8735
16330	39.5578
16340	32.6104
16350	31.7544
16360	30.3509
16370	30.2105
16380	39.8947
16390	22.4105
16400	32.0947
16410	31.7439
16420	24.7965
16430	27.4632
16440	26.0592
16450	27.8835
16460	37.5688
16470	30.5976
16480	28.9375
16490	27.5039
16500	28.9929
16510	38.6804
16520	23.3023
16530	32.9898
16540	33.8851
16550	26.9059
16560	25.7298
16570	24.3059
16580	26.5276
16590	36.2161
16600	29.2119
16610	31.6169
16620	30.1637
16630	30.395
16640	28.9443
16650	27.9651
16660	37.6547
16670	30.5857
16680	30.9454
16690	29.4626
16700	29.7334
16710	39.423
16720	32.3541
16730	31.6897
16740	30.2067
16750	30.2416
16760	39.9323
16770	22.4935
16780	32.1842
16790	31.6457
16800	24.5323
16810	27.3436
16820	25.8316
16830	27.8247
16840	37.5155
16850	30.4021
16860	28.9691
16870	27.457
16880	28.7973
16890	38.488
16900	23.1271
16910	32.8179
16920	33.8488
16930	26.7353
16940	25.705
16950	24.1804
16960	26.4556
16970	36.1474
16980	28.9898
16990	31.4795
17000	29.9384
17010	30.2809
17020	28.7398
17030	27.8767
17040	37.5685
17050	30.4113
17060	30.8585
17070	29.299
17080	29.653
17090	39.3458
17100	32.1445
17110	31.5788
17120	30.0088
17130	30.1365
17140	39.8293
17150	22.3788
17160	32.0717
17170	31.6281
17180	24.4263
17190	27.2974
17200	25.6988
17210	27.7577
17220	37.4516
17230	30.2069
17240	28.8835
17250	27.2918
17260	28.7326
17270	38.4286
17280	22.9034
17290	32.6004
17300	34.3946
17310	27.1963
17320	26.4775
17330	24.9286
17340	27.3424
17350	37.0394
17360	29.8677
17370	30.3727
17380	28.8239
17390	29.0909
17400	38.7879
17410	31.6166
17420	31.8825
17430	30.3407
17440	30.8671
17450	29.3287
17460	39.0277
17470	36.9405
17480	29.7785
17490	30.4356
17500	28.8689
17510	29.4532
17520	39.1532
17530	20.6251
17540	30.3251
17550	28.7585
17560	30.3567
17570	28.79
17580	29.3885
17590	39.0915
17600	31.9058
17610	30.8222
17620	29.304
17630	29.935
17640	39.638
17650	32.5093
17660	31.8974
17670	31.524
17680	24.3659
17690	26.9502
17700	36.6542
17710	29.4831
17720	30.2961
17730	28.75
17740	28.1908
17750	26.6447
17760	28.0592
17770	37.7632
17780	30.5921
17790	31.4145
17800	29.8684
17810	30.5921
17820	29.0456
17830	27.8936
17840	37.5985
17850	30.4561
17860	30.958
17870	29.4498
17880	30.1931
17890	39.899
17900	32.7752
17910	31.6042
17920	30.0683
17930	29.95
17940	39.6559
17950	22.6801
17960	32.387
17970	32.0224
17980	24.8337
17990	27.2301
18000	25.6666
18010	27.5472
18020	37.2541
18030	30.0554
18040	29.2182
18050	27.6547
18060	29.1531
18070	38.8599
18080	22.9055
18090	32.6124
18100	33.5244
18110	26.3257
18120	25.8697
18130	24.3059
18140	26.7164
18150	36.4242
18160	29.2023
18170	31.2569
18180	29.666
18190	30.5007
18200	28.9097
18210	27.8896
18220	37.5974
18230	30.3571
18240	30.974
18250	29.3827
18260	30.2271
18270	39.9368
18280	32.706
18290	31.4327
18300	29.8518
18310	29.8517
18320	39.5623
18330	22.6353
18340	32.3459
18350	32.1192
18360	24.8523
18370	27.0965
18380	25.4887
18390	27.4823
18400	37.1929
18410	29.926
18420	29.2283
18430	27.6204
18440	29.2294
18450	38.9418
18460	22.7479
18470	32.4604
18480	33.5152
18490	26.2627
18500	25.8027
18510	24.2109
18520	26.7794
18530	36.4937
18540	29.2556
18550	31.0604
18560	29.4731
18570	30.2985
18580	28.7112
18590	27.9365
18600	37.6508
18610	30.413
18620	31.2401
18630	29.677
18640	30.5125
18650	40.2277
18660	33.0442
18670	31.1792
18680	29.6267
18690	29.8446
18700	39.5607
18710	22.6054
18720	32.3215
18730	32.3054
18740	25.0841
18750	26.9786
18760	25.4378
18770	27.4955
18780	37.2125
18790	30.0429
18800	29.3103
18810	27.7755
18820	29.5788
18830	39.2975
18840	22.8104
18850	32.5317
18860	33.5221
18870	26.4025
18880	25.8243
18890	24.3382
18900	27.0963
18910	36.8194
18920	29.7335
18930	31.1127
18940	29.6358
18950	30.2855
18960	28.8082
18970	28.0064
18980	37.7304
18990	30.6801
19000	31.711
19010	30.2693
19020	30.9644
19030	40.69
19040	33.6697
19050	31.1927
19060	29.7598
19070	29.9976
19080	39.7232
19090	22.8416
19100	32.5688
19110	32.5596
19120	25.6268
19130	26.9821
19140	25.6178
19150	27.6652
19160	37.3942
19170	30.492
19180	29.6772
19190	28.3218
19200	30.1656
19210	39.8961
19220	22.8758
19230	32.6063
19240	33.4078
19250	26.5215
19260	26.168
19270	24.8202
19280	27.3947
19290	37.1269
19300	30.2477
19310	31.1943
19320	29.855
19330	30.5826
19340	29.2425
19350	27.7115
19360	37.4445
19370	30.6196
19380	31.4342
19390	30.1285
19400	30.5048
19410	29.1894
19420	30.2057
19430	39.9394
19440	33.0755
19450	30.3904
19460	29.059
19470	30.7988
19480	40.5325
19490	33.6686
19500	33.4615
19510	31.8046
19520	24.9419
19530	26.3987
19540	36.134
19550	29.281
19560	31.5892
19570	30.2657
19580	30.0949
19590	39.8302
19600	23.0882
19610	32.8235
19620	33.2941
19630	26.441
19640	26.2948
19650	24.9756
19660	27.4284
19670	37.1653
19680	30.3232
19690	31.2992
19700	29.9834
19710	30.4971
19720	29.1813
19730	27.8655
19740	37.6023
19750	30.7602
19760	31.4327
19770	30.117
19780	30.3801
19790	29.0643
19800	30.2039
19810	39.9423
19820	33.1032
19830	30.5698
19840	29.2617
19850	30.7589
19860	40.4972
19870	23.5982
19880	33.3373
19890	32.0824
19900	25.2206
19910	26.8302
19920	25.4964
19930	27.8081
19940	37.5488
19950	30.686
19960	31.846
19970	30.5204
19980	29.4362
19990	39.179
20000	32.3338
20010	31.9906
20020	30.7049
20030	31.7088
20040	30.4223
20050	40.1666
20060	37.7887
20070	30.9946
20080	30.4554
20090	29.1769
20100	30.0254
20110	39.7704
20120	21.3173
20130	31.0623
20140	29.7592
20150	31.0766
20160	29.7732
20170	30.5893
20180	40.3351
20190	33.4883
20200	30.9941
20210	29.6664
20220	30.2037
20230	39.9502
20240	33.0943
20250	32.6767
20260	32.0987
20270	25.2818
20280	26.9056
20290	36.6521
20300	29.8352
20310	30.7042
20320	29.4085
20330	29.0141
20340	27.7183
20350	28.8451
20360	38.5915
20370	31.7746
20380	31.3803
20390	30.0845
20400	30.9577
20410	29.662
20420	28.5634
20430	38.3099
20440	31.493
20450	31.662
20460	30.3659
20470	31.2392
20480	40.9871
20490	34.1768
20500	31.7716
20510	30.4831
20520	30.2635
20530	40.0128
20540	23.5134
20550	33.2627
20560	32.4632
20570	25.6665
20580	27.375
20590	26.0934
20600	27.8127
20610	37.5627
20620	30.7912
20630	30.1464
20640	28.8963
20650	29.757
20660	39.5077
20670	23.135
20680	32.8857
20690	33.6472
20700	26.8605
20710	26.6316
20720	25.3573
20730	27.1302
20740	36.8809
20750	30.0942
20760	31.4681
20770	30.1939
20780	31.2195
20790	29.9336
20800	28.7209
20810	38.4723
20820	31.6491
20830	31.4421
20840	30.142
20850	30.9416
20860	29.6192
20870	28.1944
20880	37.9465
20890	31.087
20900	30.9123
20910	29.5772
20920	30.4078
20930	40.1606
20940	33.265
20950	33.1177
20960	31.978
20970	25.0824
20980	26.9231
20990	36.6758
21000	29.7802
21010	30.6319
21020	29.2857
21030	29.1484
21040	38.9011
21050	32.0055
21060	31.8681
21070	30.5214
21080	30.3942
21090	40.1483
21100	33.2588
21110	33.1404
21120	32.0348
21130	25.1487
21140	27.024
21150	36.7788
21160	29.9396
21170	30.6067
21180	29.2987
21190	29.0768
21200	27.7586
21210	28.6878
21220	38.4433
21230	31.5683
21240	31.5275
21250	30.196
21260	30.8981
21270	29.5708
21280	28.037
21290	37.7938
21300	30.9289
21310	30.9296
21320	29.6036
21330	30.5968
21340	29.2491
21350	30.1255
21360	39.883
21370	32.9828
21380	30.7578
21390	29.4272
21400	30.4555
21410	40.2135
21420	33.3587
21430	32.8622
21440	31.9624
21450	25.1075
21460	26.9086
21470	36.6667
21480	29.8118
21490	30.8602
21500	29.5443
21510	28.988
21520	38.7473
21530	31.9024
21540	32.0051
21550	30.6944
21560	30.5492
21570	40.3099
21580	33.4708
21590	32.9818
21600	31.9005
21610	25.0663
21620	27.1371
21630	36.899
21640	30.0736
21650	30.7607
21660	29.4644
21670	29.0533
21680	27.7571
21690	28.7037
21700	38.4656
21710	31.6402
21720	31.6138
21730	30.3175
21740	31.0324
21750	29.7513
21760	28.092
21770	37.8545
21780	31.0735
21790	31.0609
21800	29.7997
21810	30.7819
21820	29.5515
21830	30.3986
21840	40.1629
21850	33.4352
21860	30.7391
21870	29.5088
21880	30.5497
21890	40.3141
21900	33.5864
21910	33.0894
21920	32.2021
21930	25.4789
21940	26.8202
21950	36.5858
21960	29.8671
21970	30.9422
21980	29.7188
21990	29.2754
22000	39.0416
22010	32.2883
22020	32.4292
22030	31.1822
22040	30.2978
22050	40.0647
22060	33.3349
22070	32.9285
22080	32.1303
22090	25.4205
22100	27.513
22110	37.2798
22120	30.57
22130	30.544
22140	29.3264
22150	28.9378
22160	27.7202
22170	28.8601
22180	38.6269
22190	31.9171
22200	32.0984
22210	33.1606
22220	26.4514
22230	26.0667
22240	24.8264
22250	34.5938
22260	35.7442
22270	29
22280	31.1145
22290	29.8632
22300	30.7747
22310	40.5428
22320	21.0768
22330	30.8454
22340	29.5774
22350	30.7623
22360	29.4769
22370	30.4167
22380	40.1854
22390	33.3731
22400	31.7161
22410	30.463
22420	30.1474
22430	39.9172
22440	33.1909
22450	32.9164
22460	32.0972
22470	25.3708
22480	27.5703
22490	37.3402
22500	30.6138
22510	30.4861
22520	29.2556
22530	29.0046
22540	27.7546
22550	28.7864
22560	38.5568
22570	31.7967
22580	32.1205
22590	33.1174
22600	26.3326
22610	26.1138
22620	24.8412
22630	34.6128
22640	35.6764
22650	28.866
22660	31.1118
22670	29.8174
22680	29.7538
22690	39.5265
22700	20.6042
22710	30.3769
22720	29.089
22730	30.1996
22740	28.9115
22750	30.2591
22760	40.0324
22770	33.1968
22780	32.1114
22790	31.4164
22800	41.1897
22810	28.7968
22820	29.9508
22830	28.6281
22840	30.0192
22850	28.6875
22860	38.4614
22870	38.1762
22880	31.2917
22890	29.1709
22900	27.8392
22910	29.0201
22920	38.794
22930	22.8921
22940	32.6666
22950	32.3948
22960	25.4854
22970	26.6255
22980	25.2719
22990	27.4204
23000	37.1954
23010	30.301
23020	31.3122
23030	29.9872
23040	30.2212
23050	39.9967
23060	33.1168
23070	31.95
23080	30.6033
23090	31.6398
23100	41.4154
23110	34.5079
23120	31.9503
23130	30.6236
23140	31.1151
23150	29.7967
23160	29.7096
23170	39.4857
23180	32.62
23190	29.9502
23200	28.6318
23210	29.9005
23220	28.5818
23230	29.8498
23240	39.6265
23250	32.7448
23260	31.583
23270	30.2431
23280	28.8396
23290	27.4994
23300	28.7835
23310	38.5607
23320	31.6454
23330	31.9995
23340	30.638
23350	30.6019
23360	40.3802
23370	21.5678
23380	31.3462
23390	32.5812
23400	25.7338
23410	28.015
23420	26.7003
23430	27.8143
23440	37.5932
23450	30.7135
23460	29.9558
23470	28.629
23480	29.7794
23490	28.4423
23500	29.8233
23510	39.6027
23520	32.691
23530	31.6729
23540	30.3232
23550	28.8507
23560	27.4815
23570	28.666
23580	38.446
23590	31.5023
23600	31.9834
23610	30.6028
23620	30.7046
23630	40.4851
23640	21.5531
23650	31.3336
23660	32.5463
23670	25.5707
23680	27.9366
23690	26.5463
23700	27.741
23710	37.5226
23720	30.5498
23730	29.8534
23740	28.4699
23750	29.7071
23760	28.323
23770	29.7871
23780	39.5698
23790	32.609
23800	31.6572
23810	30.2804
23820	28.7312
23830	27.3542
23840	28.6467
23850	38.4299
23860	31.4568
23870	32.067
23880	30.6694
23890	30.682
23900	40.4651
23910	21.441
23920	31.2241
23930	32.5494
23940	25.5613
23950	28.0198
23960	26.6258
23970	27.7451
23980	37.5293
23990	30.5509
24000	29.8392
24010	28.4483
24020	29.6403
24030	28.2494
24040	29.8321
24050	39.6163
24060	32.6379
24070	31.6308
24080	30.2431
24090	28.8083
24100	27.4447
24110	28.6036
24120	38.3883
24130	31.4506
24140	31.9885
24150	30.64
24160	30.7395
24170	40.5248
24180	21.5862
24190	31.3724
24200	32.5628
24210	25.6707
24220	28.0222
24230	26.692
24240	27.8001
24250	37.5874
24260	30.7158
24270	29.9329
24280	28.6563
24290	29.8235
24300	28.5464
24310	29.8873
24320	39.6755
24330	32.8718
24340	31.7321
24350	31.5173
24360	41.3055
24370	28.9762
24380	30.0714
24390	28.7897
24400	30.1125
24410	39.9012
24420	33.0703
24430	32.8976
24440	31.6446
24450	41.4338
24460	29.0394
24470	30.1741
24480	28.8626
24490	30.2128
24500	28.9013
24510	38.6906
24520	37.3068
24530	30.445
24540	29.2272
24550	27.9156
24560	29.0632
24570	38.8529
24580	22.9337
24590	32.7234
24600	32.5057
24610	25.6832
24620	26.6822
24630	25.3972
24640	27.5234
24650	37.3131
24660	30.4907
24670	31.4486
24680	30.164
24690	30.3303
24700	40.1205
24710	33.3373
24720	32.1564
24730	30.8975
24740	30.9813
24750	40.772
24760	33.9727
24770	31.1806
24780	29.9015
24790	30.3782
24800	40.1689
24810	33.3549
24820	32.2093
24830	30.9302
24840	30.953
24850	40.7447
24860	33.9329
24870	31.1752
24880	29.902
24890	30.4064
24900	40.1981
24910	33.3926
24920	32.1372
24930	30.8786
24940	30.9464
24950	40.7386
24960	33.9718
24970	31.1609
24980	29.9148
24990	30.4681
25000	40.2612
25010	33.5025
25020	32.1386
25030	30.8969
25040	31.0161
25050	40.8102
25060	34.0563
25070	31.1564
25080	29.9201
25090	30.5461
25100	40.3416
25110	33.6162
25120	32.1473
25130	30.9427
25140	31.8081
25150	41.6036
25160	34.899
25170	32.25
25180	31.0455
25190	31.5227
25200	30.318
25210	29.8859
25220	39.6818
25230	32.9604
25240	30.0368
25250	28.8124
25260	30.0275
25270	28.803
25280	30.2268
25290	40.0227
25300	33.288
25310	31.746
25320	31.3828
25330	41.1796
25340	28.9481
25350	30.1461
25360	28.9722
25370	30.4164
25380	40.2133
25390	33.5543
25400	33.0846
25410	31.586
25420	41.3832
25430	29.2047
25440	30.2757
25450	29.082
25460	31.1766
25470	40.9739
25480	34.2847
25490	32.9955
25500	32.6575
25510	42.4553
25520	21.7813
25530	31.579
25540	31.698
25550	25.0463
25560	28.3898
25570	27.2213
25580	28.027
25590	37.8247
25600	31.173
25610	30.0225
25620	28.8539
25630	29.955
25640	28.7857
25650	30.2936
25660	40.0918
25670	33.4775
25680	32.0496
25690	31.4347
25700	41.2338
25710	29.1505
25720	30.0996
25730	28.9612
25740	30.4229
25750	40.2225
25760	33.6077
25770	33.0466
25780	31.6799
25790	41.4794
25800	29.3636
25810	30.3366
25820	29.1779
25830	31.2305
25840	41.0305
25850	34.3639
25860	32.9449
25870	31.767
25880	30.446
25890	40.2464
25900	33.5632
25910	33.0602
25920	32.1112
25930	25.415
25940	27.7605
25950	26.5632
25960	36.3636
25970	36.1863
25980	29.49
25990	29.0024
26000	27.8064
26010	28.8324
26020	38.6337
26030	22.8416
26040	32.643
26050	33.6006
26060	26.9113
26070	26.4688
26080	25.2574
26090	27.2953
26100	37.0971
26110	30.379
26120	32.315
26130	31.1035
26140	30.9912
26150	40.793
26160	21.8104
26170	31.6126
26180	32.6936
26190	25.9602
26200	28.1907
26210	26.9599
26220	27.9625
26230	37.7651
26240	31.0124
26250	30.1096
26260	28.8596
26270	29.9666
26280	28.7166
26290	30.0253
26300	39.8279
26310	33.0516
26320	31.886
26330	31.5132
26340	41.3158
26350	29.0132
26360	30.1316
26370	28.8816
26380	30.1974
26390	40
26400	33.2237
26410	32.8509
26420	31.6886
26430	41.4912
26440	29.1886
26450	30.307
26460	29.0569
26470	31.2275
26480	41.0306
26490	34.2381
26500	32.7309
26510	31.4618
26520	30.311
26530	40.1145
26540	33.317
26550	32.9717
26560	32.1282
26570	25.3597
26580	27.6453
26590	26.4007
26600	36.2042
26610	36.179
26620	29.4105
26630	29.083
26640	27.8383
26650	28.8033
26660	38.6077
26670	22.7864
26680	32.5907
26690	33.6795
26700	26.9837
26710	26.5626
26720	25.3869
26730	27.1609
26740	36.9661
26750	30.3427
26760	32.3047
26770	31.1575
26780	32.0234
26790	41.8291
26800	22.67
26810	32.4756
26820	33.0497
26830	26.4621
26840	28.6244
26850	38.4308
26860	31.848
26870	31.2084
26880	30.0901
26890	30.8481
26900	40.6545
26910	24.2674
26920	34.0739
26930	32.5161
26940	25.9354
26950	28.1722
26960	27.0456
26970	28.2547
26980	38.0616
26990	31.4521
27000	30.4338
27010	29.2965
27020	29.8283
27030	28.691
27040	30
27050	39.8069
27060	33.1974
27070	32.2748
27080	31.7789
27090	41.5866
27100	29.5574
27110	30.1087
27120	29.019
27130	30.3498
27140	40.1575
27150	33.6191
27160	32.9994
27170	31.9231
27180	41.7308
27190	29.7438
27200	30.3181
27210	29.2315
27220	31.2317
27230	41.0402
27240	34.5083
27250	33.0556
27260	31.9699
27270	30.9173
27280	40.7262
27290	34.1657
27300	33.603
27310	31.9551
27320	25.3954
27330	27.7127
27340	26.6133
27350	36.423
27360	36.5058
27370	29.9519
27380	29.434
27390	28.3254
27400	28.8121
27410	38.6222
27420	22.8208
27430	32.6313
27440	33.8308
27450	27.2346
27460	26.7566
27470	25.6197
27480	27.1694
27490	36.9811
27500	30.3785
27510	32.303
27520	31.1942
27530	32.0447
27540	41.8564
27550	22.8737
27560	32.6854
27570	33.1046
27580	26.5356
27590	28.6904
27600	38.5021
27610	31.9331
27620	31.159
27630	30.0502
27640	30.8996
27650	40.7113
27660	34.1423
27670	33.4938
27680	31.8214
27690	25.2404
27700	27.3584
27710	37.1705
27720	30.5734
27730	30.7948
27740	29.6679
27750	30.5478
27760	40.3603
27770	33.7978
27780	32.1352
27790	31.031
27800	31.2524
27810	30.1588
27820	30.9351
27830	40.748
27840	34.22
27850	31.2916
27860	32.6625
27870	26.1216
27880	28.2075
27890	38.0207
27900	31.4647
27910	30.769
27920	29.6694
27930	31.0166
27940	40.8299
27950	34.2739
27960	33.7967
27970	31.971
27980	25.4149
27990	27.5934
28000	26.4938
28010	36.3071
28020	36.5975
28030	30.0415
28040	29.5647
28050	28.4768
28060	28.772
28070	38.5857
28080	22.7185
28090	32.5325
28100	31.4619
28110	31.7718
28120	41.5858
28130	39.8563
28140	27.9348
28150	28.2601
28160	38.0749
28170	22.7902
28180	32.605
28190	34.007
28200	27.5254
28210	27.1235
28220	26.0846
28230	27.3443
28240	37.1595
28250	30.7118
28260	32.14
28270	31.1134
28280	31.499
28290	30.4723
28300	28.8296
28310	38.6448
28320	32.1971
28330	31.3348
28340	30.3107
28350	31.0487
28360	30.0446
28370	30.9568
28380	40.7724
28390	34.3585
28400	31.6219
28410	30.6204
28420	30.8539
28430	40.6702
28440	34.2621
28450	33.941
28460	32.3889
28470	25.9954
28480	27.4905
28490	37.3072
28500	30.9324
28510	31.2095
28520	30.2327
28530	29.803
28540	39.6205
28550	33.2513
28560	32.6175
28570	31.6437
28580	31.099
28590	40.9168
28600	34.5655
28610	34.1669
28620	32.3857
28630	26.0509
28640	27.3315
28650	37.1497
28660	30.7861
28670	31.3209
28680	30.3511
28690	29.9823
28700	29.0147
28710	29.3848
28720	39.2037
28730	32.8456
28740	31.8799
28750	30.9141
28760	31.4897
28770	30.5462
28780	28.9275
28790	38.7471
28800	32.4545
28810	31.7322
28820	30.8089
28830	30.8833
28840	29.9433
28850	30.7936
28860	40.6136
28870	34.2936
28880	31.8617
28890	30.9217
28900	31.2
28910	41.02
28920	24.332
28930	34.152
28940	32.452
28950	26.132
28960	27.792
28970	26.852
28980	28.1917
28990	38.0124
29000	31.6941
29010	32.5629
29020	32.191
29030	42.0118
29040	30.3185
29050	30.9822
29060	30.0471
29070	30.3403
29080	40.1617
29090	33.8522
29100	32.2213
29110	32.2052
29120	25.8949
29130	27.6026
29140	37.4244
29150	31.1472
29160	31.3344
29170	30.4234
29180	30.1085
29190	39.9306
29200	33.6707
29210	32.605
29220	31.7154
29230	31.2489
29240	41.0718
29250	34.8296
29260	34.389
29270	32.4827
29280	26.2423
29290	27.2822
29300	37.1057
29310	30.8684
29320	31.4388
29330	30.5565
29340	30.1669
29350	29.2843
29360	29.5679
29370	39.3921
29380	33.1598
29390	32.0152
29400	31.1363
29410	31.5349
29420	30.656
29430	29.043
29440	38.8672
29450	32.6367
29460	31.9141
29470	31.0351
29480	31.0155
29490	30.1297
29500	31.072
29510	40.8965
29520	34.6392
29530	31.8175
29540	30.9184
29550	31.2678
29560	41.0927
29570	24.3374
29580	34.1623
29590	32.597
29600	26.3163
29610	27.7202
29620	26.8305
29630	28.2712
29640	38.0971
29650	31.8496
29660	32.746
29670	32.379
29680	42.2052
29690	30.6333
29700	30.8937
29710	30.0249
29720	30.4653
29730	40.2919
29740	34.0956
29750	32.2885
29760	32.3935
29770	26.2085
29780	27.553
29790	37.3796
29800	31.1946
29810	31.4836
29820	30.6356
29830	30.1333
29840	39.9605
29850	33.7783
29860	32.8264
29870	31.9818
29880	31.2305
29890	41.0577
29900	34.8773
29910	34.4167
29920	32.4568
29930	26.2764
29940	27.5047
29950	37.3326
29960	31.1538
29970	31.4881
29980	30.6468
29990	30.1328
30000	29.2914
30010	29.4692
30020	39.2974
30030	33.1067
30040	32.2281
30050	31.3693
30060	32.1079
30070	31.2491
30080	29.5229
30090	39.3511
30100	33.1489
30110	32.2901
30120	31.4312
30130	32.1753
30140	42.0039
30150	35.8203
30160	32.8301
30170	33.1473
30180	26.9757
30190	36.8046
30200	37.0301
30210	30.8457
30220	29.0236
30230	28.1681
30240	37.997
30250	38.2371
30260	32.0362
30270	31.2168
30280	30.3439
30290	40.1732
30300	39.3649
30310	33.141
30320	30.0585
30330	29.1771
30340	39.0067
30350	38.2148
30360	31.9648
30370	31.1783
30380	30.2881
30390	40.1177
30400	39.3371
30410	33.0871
30420	30.0378
30430	29.147
30440	38.9769
30450	38.2045
30460	31.9852
30470	31.2168
30480	30.3468
30490	40.1776
30500	39.2888
30510	33.0876
30520	30.0324
30530	29.1865
30540	39.0173
30550	38.2952
30560	32.1122
30570	31.267
30580	30.4243
30590	40.2558
30600	39.3906
30610	33.2109
30620	29.9836
30630	29.1409
30640	38.9724
30650	38.3146
30660	32.1348
30670	31.2921
30680	30.4487
30690	40.2805
30700	39.4419
30710	33.2924
30720	30.0251
30730	29.2038
30740	39.0359
30750	38.3983
30760	32.223
30770	31.2402
30780	30.4005
30790	40.2329
30800	39.4258
30810	33.2656
30820	29.9952
30830	29.1758
30840	39.0082
30850	38.4038
30860	32.2597
30870	31.2925
30880	30.4762
30890	40.3092
30900	39.545
30910	33.404
30920	30.0475
30930	29.2514
30940	39.0851
30950	38.3087
30960	32.2273
30970	31.2278
30980	30.4526
30990	40.2865
31000	39.5803
31010	33.4733
31020	30.1928
31030	29.3974
31040	39.2322
31050	38.3362
31060	32.3179
31070	31.2167
31080	30.4828
31090	31.0822
31100	40.917
31110	34.8987
31120	32.1651
31130	31.4312
31140	31.5229
31150	30.7889
31160	30.715
31170	40.5501
31180	34.5476
31190	31.178
31200	32.653
31210	26.6645
31220	27.7519
31230	37.5877
31240	31.6023
31250	31.5636
31260	32.1026
31270	41.9387
31280	30.6747
31290	31.1483
31300	30.4197
31310	30.4089
31320	29.68
31330	39.5167
31340	38.7148
31350	32.706
31360	30.526
31370	29.8
31380	30.2277
31390	40.0644
31400	23.4846
31410	33.3212
31420	32.559
31430	26.5517
31440	27.677
31450	26.9509
31460	28.366
31470	38.203
31480	32.1823
31490	32.7515
31500	32.4684
31510	42.3056
31520	30.9784
31530	31.0314
31540	30.2719
31550	30.6595
31560	40.4967
31570	34.4389
31580	32.3897
31590	32.4593
31600	26.4014
31610	36.2387
31620	36.311
31630	30.2532
31640	30.6513
31650	29.8836
31660	39.7211
31670	37.6852
31680	31.6022
31690	30.5996
31700	29.8234
31710	39.661
31720	38.6643
31730	32.5812
31740	31.9495
31750	31.1733
31760	41.0108
31770	37.6715
31780	31.5884
31790	30.5957
31800	29.8193
31810	39.6572
31820	38.6657
31830	32.5973
31840	31.9255
31850	31.1687
31860	41.0066
31870	37.6807
31880	31.6235
31890	30.6487
31900	29.8753
31910	39.7134
31920	38.7493
31930	32.6702
31940	31.8902
31950	31.1266
31960	40.9651
31970	37.6796
31980	31.6294
31990	30.686
32000	29.9325
32010	39.7715
32020	38.8419
32030	32.7954
32040	31.8774
32050	31.1265
32060	40.9661
32070	37.7071
32080	31.6643
32090	30.6221
32100	29.8733
32110	39.7132
32120	38.838
32130	32.8097
32140	31.9549
32150	31.2254
32160	41.0652
32170	37.7274
32180	31.7101
32190	30.694
32200	29.948
32210	39.7881
32220	38.7827
32230	32.7436
32240	31.92
32250	31.1836
32260	41.0241
32270	37.7262
32280	31.7156
32290	30.7308
32300	30.0038
32310	39.8443
32320	38.8652
32330	32.8546
32340	31.8794
32350	31.1536
32360	40.9943
32370	37.7188
32380	31.6834
32390	30.716
32400	29.9722
32410	39.8138
32420	38.847
32430	32.8279
32440	31.8852
32450	31.1633
32460	41.0049
32470	37.7871
32480	31.7836
32490	30.7394
32500	30.0176
32510	39.8592
32520	38.7852
32530	32.7817
32540	31.8844
32550	31.1641
32560	41.0062
32570	37.7812
32580	31.7812
32590	30.7269
32600	30.0087
32610	39.8511
32620	38.8123
32630	32.7878
32640	31.9357
32650	31.1995
32660	41.0421
32670	37.7139
32680	31.7174
32690	30.7072
32700	29.9905
32710	39.8331
32720	38.8307
32730	32.8342
32740	32.0105
32750	31.2937
32760	41.1364
32770	37.6924
32780	31.6929
32790	30.6993
32800	29.9663
32810	39.8093
32820	38.8214
32830	32.8004
32840	31.9909
32850	31.2579
32860	41.1009
32870	37.6789
32880	31.6579
32890	30.6806
32900	29.9476
32910	39.7906
32920	38.8133
32930	32.7923
32940	31.9895
32950	31.2565
32960	41.0995
32970	37.6789
32980	31.6579
32990	30.6806
33000	29.9474
33010	39.7909
33020	38.8073
33030	32.7884
33040	31.9954
33050	31.2649
33060	41.1084
33070	37.714
33080	31.6975
33090	30.7548
33100	30.0269
33110	39.8709
33120	38.7751
33130	32.7612
33140	32.0203
33150	31.2846
33160	41.1289
33170	37.6428
33180	31.6048
33190	30.7131
33200	29.9702
33210	39.8148
33220	38.7595
33230	32.6973
33240	31.9954
33250	31.2354
33260	41.08
33270	37.6186
33280	31.5564
33290	30.6908
33300	29.9309
33310	39.7755
33320	38.7392
33330	32.677
33340	31.9862
33350	31.2262
33360	41.0708
33370	37.6167
33380	31.5515
33390	30.6908
33400	29.915
33410	39.7598
33420	38.7321
33430	32.6458
33440	31.9669
33450	31.191
33460	41.0359
33470	37.6035
33480	31.5172
33490	30.6724
33500	29.8969
33510	39.7423
33520	38.7327
33530	32.6502
33540	31.9924
33550	31.2203
33560	41.0659
33570	37.5529
33580	31.4466
33590	30.6424
33600	29.8531
33610	39.6992
33620	38.7353
33630	32.6311
33640	32.0211
33650	31.2348
33660	41.081
33670	37.4793
33680	31.3806
33690	30.6222
33700	29.8543
33710	39.7007
33720	38.7109
33730	32.6358
33740	32.0665
33750	31.2908
33760	41.1375
33770	37.5085
33780	31.4097
33790	30.6851
33800	29.9025
33810	39.7495
33820	38.6933
33830	32.5709
33840	32.0329
33850	31.2336
33860	41.0805
33870	37.485
33880	31.3625
33890	30.6633
33900	29.8638
33910	39.711
33920	38.6748
33930	32.5407
33940	32.0181
33950	31.2032
33960	41.0504
33970	37.475
33980	31.3299
33990	30.6518
34000	29.8397
34010	39.6874
34020	38.6854
34030	32.5433
34040	32.0569
34050	31.2447
34060	41.0924
34070	37.4112
34080	31.269
34090	30.626
34100	29.8142
34110	39.6625
34120	38.6565
34130	32.5182
34140	32.0585
34150	31.2484
34160	41.0969
34170	37.4128
34180	31.3017
34190	30.6979
34200	29.9065
34210	39.7552
34220	38.6564
34230	32.5338
34240	32.1155
34250	31.0632
34260	40.9119
34270	29.4498
34280	29.916
34290	29.1092
34300	30.2185
34310	40.0672
34320	33.9328
34330	32.8908
34340	32.4874
34350	26.3529
34360	27.8655
34370	27.0588
34380	36.9076
34390	36.9244
34400	30.7899
34410	29.7479
34420	28.9412
34430	29.563
34440	39.4118
34450	23.1698
34460	33.0188
34470	34.1307
34480	27.9785
34490	26.9442
34500	26.1219
34510	27.7775
34520	37.627
34530	31.4715
34540	32.6524
34550	31.833
34560	32.19
34570	42.0395
34580	39.9164
34590	28.4281
34600	29.097
34610	38.9465
34620	32.7926
34630	33.1606
34640	32.4758
34650	42.3258
34660	30.8404
34670	30.919
34680	30.1023
34690	30.7041
34700	40.5544
34710	34.4215
34720	32.0759
34730	32.483
34740	26.3597
34750	27.5529
34760	37.4037
34770	31.3093
34780	31.8413
34790	31.0785
34800	29.9585
34810	39.8095
34820	33.7362
34830	33.1337
34840	32.3555
34850	31.4333
34860	41.2843
34870	35.1916
34880	34.0463
34890	32.4199
34900	26.3458
34910	27.8068
34920	37.6581
34930	31.592
34940	31.7696
34950	32.021
34960	41.8725
34970	30.4745
34980	30.9616
34990	30.186
35000	30.5277
35010	29.747
35020	39.5987
35030	38.4994
35040	32.3874
35050	30.4488
35060	29.6588
35070	30.1701
35080	40.0223
35090	23.7001
35100	33.5523
35110	32.4889
35120	26.3805
35130	27.5731
35140	26.7849
35150	28.3612
35160	38.2135
35170	32.1051
35180	32.4176
35190	31.6392
35200	30.671
35210	40.5235
35220	34.4415
35230	33.382
35240	32.612
35250	32.9448
35260	42.7977
35270	40.2624
35280	28.8735
35290	29.2193
35300	28.4493
35310	30.1681
35320	40.0213
35330	22.319
35340	32.1721
35350	33.7991
35360	27.7006
35370	29.4384
35380	39.2923
35390	33.2209
35400	31.3631
35410	30.6001
35420	31.2053
35430	41.0595
35440	24.739
35450	34.5932
35460	33.1998
35470	27.1057
35480	28.3988
35490	27.6302
35500	28.6477
35510	38.5025
35520	32.438
35530	31.025
35540	30.2641
35550	30.8547
35560	30.0818
35570	30.362
35580	40.2171
35590	34.1302
35600	32.8685
35610	32.0329
35620	41.8882
35630	30.4626
35640	31.0496
35650	30.2617
35660	30.5616
35670	40.4174
35680	34.3102
35690	33.5018
35700	32.2769
35710	42.1333
35720	30.7134
35730	31.2334
35740	30.4679
35750	30.7659
35760	30.0002
35770	39.8569
35780	37.7855
35790	31.698
35800	30.4098
35810	29.6295
35820	30.1634
35830	40.0203
35840	23.566
35850	33.4229
35860	32.7123
35870	26.5915
35880	27.5395
35890	26.7445
35900	28.3318
35910	38.1889
35920	32.0564
35930	32.6821
35940	31.8725
35950	30.7656
35960	40.623
35970	34.4685
35980	33.2151
35990	32.391
