10	10.995
20	17.5124
30	27.5124
40	29.0547
50	26.3682
60	36.3682
70	28.7065
80	38.7065
90	48.2886
100	38.6368
110	48.6368
120	38.9851
130	29.3333
140	39.3333
150	29.6816
160	39.6816
170	49.2886
180	39.6368
190	49.6368
200	39.9851
210	30.3333
220	40.3333
230	30.6816
240	40.6816
250	30.6368
260	40.6368
270	30.9851
280	40.9851
290	31.3333
300	41.3333
310	31.6816
320	41.6816
330	31.6368
340	41.6368
350	31.9851
360	41.9851
370	32.3333
380	42.3333
390	32.6816
400	42.2886
410	32.6368
420	42.6368
430	32.9851
440	42.9851
450	33.3333
460	43.3333
470	33.6816
480	43.2886
490	33.6368
500	43.6368
510	33.9851
520	43.9851
530	34.3333
540	44.3333
550	34.6816
560	44.2886
570	34.6368
580	44.6368
590	34.9851
600	44.9851
610	35.3333
620	45.3333
630	35.6816
640	45.2886
650	35.6368
660	45.6368
670	35.9851
680	45.9851
690	36.3333
700	46.3333
710	36.6816
720	46.2886
730	36.6368
740	46.6368
750	36.9851
760	46.9851
770	37.3333
780	47.3333
790	37.6816
800	47.2886
810	37.6368
820	47.6368
830	37.9851
840	28.3333
850	38.3333
860	28.6816
870	38.6816
880	48.2886
890	38.6368
900	48.6368
910	38.9851
920	29.3333
930	39.3333
940	29.6816
950	39.6816
960	49.2886
970	39.6368
980	49.6368
990	39.9851
1000	30.3333
1010	40.3333
1020	30.6816
1030	40.6816
1040	30.6368
1050	40.6368
1060	30.9851
1070	40.9851
1080	31.3333
1090	41.3333
1100	31.6816
1110	41.6816
1120	31.6368
1130	41.6368
1140	31.9851
1150	41.9851
1160	32.3333
1170	42.3333
1180	32.6816
1190	42.2886
1200	32.6368
1210	42.6368
1220	32.9851
1230	42.9851
1240	33.3333
1250	43.3333
1260	33.6816
1270	43.2886
1280	33.6368
1290	43.6368
1300	33.9851
1310	43.9851
1320	34.3333
1330	44.3333
1340	34.6816
1350	44.2886
1360	34.6368
1370	44.6368
1380	34.9851
1390	44.9851
1400	35.3333
1410	45.3333
1420	35.6816
1430	45.2886
1440	35.6368
1450	45.6368
1460	35.9851
1470	45.9851
1480	36.3333
1490	46.3333
1500	36.6816
1510	46.2886
1520	36.6368
1530	46.6368
1540	36.9851
1550	46.9851
1560	37.3333
1570	47.3333
1580	37.6816
1590	47.2886
1600	37.6368
1610	47.6368
1620	37.9851
1630	28.3333
1640	38.3333
1650	28.6816
1660	38.6816
1670	48.2886
1680	38.6368
1690	48.6368
1700	38.9851
1710	29.3333
1720	39.3333
1730	29.6816
1740	39.6816
1750	49.2886
1760	39.6368
1770	49.6368
1780	39.9851
1790	30.3333
1800	40.3333
1810	30.6816
1820	40.6816
1830	30.6368
1840	40.6368
1850	30.9851
1860	40.9851
1870	31.3333
1880	41.3333
1890	31.6816
1900	41.6816
1910	31.6368
1920	41.6368
1930	31.9851
1940	41.9851
1950	32.3333
1960	42.3333
1970	32.6816
1980	42.2886
1990	32.6368
2000	42.6368
2010	32.9851
2020	42.9851
2030	33.3333
2040	43.3333
2050	33.6816
2060	43.2886
2070	33.6368
2080	43.6368
2090	33.9851
2100	43.9851
2110	34.3333
2120	44.3333
2130	34.6816
2140	44.2886
2150	34.6368
2160	44.6368
2170	34.9851
2180	44.9851
2190	35.3333
2200	45.3333
2210	35.6816
2220	45.2886
2230	35.6368
2240	45.6368
2250	35.9851
2260	45.9851
2270	36.3333
2280	46.3333
2290	36.6816
2300	46.2886
2310	36.6368
2320	46.6368
2330	36.9851
2340	46.9851
2350	37.3333
2360	47.3333
2370	37.6816
2380	47.2886
2390	37.6368
2400	47.6368
2410	37.9851
2420	28.3333
2430	38.3333
2440	28.6816
2450	38.6816
2460	48.2886
2470	38.6368
2480	48.6368
2490	38.9851
2500	29.3333
2510	39.3333
2520	29.6816
2530	39.6816
2540	49.2886
2550	39.6368
2560	49.6368
2570	39.9851
2580	30.3333
2590	40.3333
2600	30.6816
2610	40.6816
2620	30.6368
2630	40.6368
2640	30.9851
2650	40.9851
2660	31.3333
2670	41.3333
2680	31.6816
2690	41.6816
2700	31.6368
2710	41.6368
2720	31.9851
2730	41.9851
2740	32.3333
2750	42.3333
2760	32.6816
2770	42.2886
2780	32.6368
2790	42.6368
2800	32.9851
2810	42.9851
2820	33.3333
2830	43.3333
2840	33.6816
2850	43.2886
2860	33.6368
2870	43.6368
2880	33.9851
2890	43.9851
2900	34.3333
2910	44.3333
2920	34.6816
2930	44.2886
2940	34.6368
2950	44.6368
2960	34.9851
2970	44.9851
2980	35.3333
2990	45.3333
3000	35.6816
3010	45.2886
3020	35.6368
3030	45.6368
3040	35.9851
3050	45.9851
3060	36.3333
3070	46.3333
3080	36.6816
3090	46.2886
3100	36.6368
3110	46.6368
3120	36.9851
3130	46.9851
3140	37.3333
3150	47.3333
3160	37.6816
3170	47.2886
3180	37.6368
3190	47.6368
3200	37.9851
3210	28.3333
3220	38.3333
3230	28.6816
3240	38.6816
3250	48.2886
3260	38.6368
3270	48.6368
3280	38.9851
3290	29.3333
3300	39.3333
3310	29.6816
3320	39.6816
3330	49.2886
3340	39.6368
3350	49.6368
3360	39.9851
3370	30.3333
3380	40.3333
3390	30.6816
3400	40.6816
3410	30.6368
3420	40.6368
3430	30.9851
3440	40.9851
3450	31.3333
3460	41.3333
3470	31.6816
3480	41.6816
3490	31.6368
3500	41.6368
3510	31.9851
3520	41.9851
3530	32.3333
3540	42.3333
3550	32.6816
3560	42.2886
3570	32.6368
3580	42.6368
3590	32.9851
3600	42.9851
3610	33.3333
3620	43.3333
3630	33.6816
3640	43.2886
3650	33.6368
3660	43.6368
3670	33.9851
3680	43.9851
3690	34.3333
3700	44.3333
3710	34.6816
3720	44.2886
3730	34.6368
3740	44.6368
3750	34.9851
3760	44.9851
3770	35.3333
3780	45.3333
3790	35.6816
3800	45.2886
3810	35.6368
3820	45.6368
3830	35.9851
3840	45.9851
3850	36.3333
3860	46.3333
3870	36.6816
3880	46.2886
3890	36.6368
3900	46.6368
3910	36.9851
3920	46.9851
3930	37.3333
3940	47.3333
3950	37.6816
3960	47.2886
3970	37.6368
3980	47.6368
3990	37.9851
4000	28.3333
4010	38.3333
4020	28.6816
4030	38.6816
4040	48.2886
4050	38.6368
4060	48.6368
4070	38.9851
4080	29.3333
4090	39.3333
4100	29.6816
4110	39.6816
4120	49.2886
4130	39.6368
4140	49.6368
4150	39.9851
4160	30.3333
4170	40.3333
4180	30.6816
4190	40.6816
4200	30.6368
4210	40.6368
4220	30.9851
4230	40.9851
4240	31.3333
4250	41.3333
4260	31.6816
4270	41.6816
4280	31.6368
4290	41.6368
4300	31.9851
4310	41.9851
4320	32.3333
4330	42.3333
4340	32.6816
4350	42.2886
4360	32.6368
4370	42.6368
4380	32.9851
4390	42.9851
4400	33.3333
4410	43.3333
4420	33.6816
4430	43.2886
4440	33.6368
4450	43.6368
4460	33.9851
4470	43.9851
4480	34.3333
4490	44.3333
4500	34.6816
4510	44.2886
4520	34.6368
4530	44.6368
4540	34.9851
4550	44.9851
4560	35.3333
4570	45.3333
4580	35.6816
4590	45.2886
4600	35.6368
4610	45.6368
4620	35.9851
4630	45.9851
4640	36.3333
4650	46.3333
4660	36.6816
4670	46.2886
4680	36.6368
4690	46.6368
4700	36.9851
4710	46.9851
4720	37.3333
4730	47.3333
4740	37.6816
4750	47.2886
4760	37.6368
4770	47.6368
4780	37.9851
4790	28.3333
4800	38.3333
4810	28.6816
4820	38.6816
4830	48.2886
4840	38.6368
4850	48.6368
4860	38.9851
4870	29.3333
4880	39.3333
4890	29.6816
4900	39.6816
4910	49.2886
4920	39.6368
4930	49.6368
4940	39.9851
4950	30.3333
4960	40.3333
4970	30.6816
4980	40.6816
4990	30.6368
5000	40.6368
5010	30.9851
5020	40.9851
5030	31.3333
5040	41.3333
5050	31.6816
5060	41.6816
5070	31.6368
5080	41.6368
5090	31.9851
5100	41.9851
5110	32.3333
5120	42.3333
5130	32.6816
5140	42.2886
5150	32.6368
5160	42.6368
5170	32.9851
5180	42.9851
5190	33.3333
5200	43.3333
5210	33.6816
5220	43.2886
5230	33.6368
5240	43.6368
5250	33.9851
5260	43.9851
5270	34.3333
5280	44.3333
5290	34.6816
5300	44.2886
5310	34.6368
5320	44.6368
5330	34.9851
5340	44.9851
5350	35.3333
5360	45.3333
5370	35.6816
5380	45.2886
5390	35.6368
5400	45.6368
5410	35.9851
5420	45.9851
5430	36.3333
5440	46.3333
5450	36.6816
5460	46.2886
5470	36.6368
5480	46.6368
5490	36.9851
5500	46.9851
5510	37.3333
5520	47.3333
5530	37.6816
5540	47.2886
5550	37.6368
5560	47.6368
5570	37.9851
5580	28.3333
5590	38.3333
5600	28.6816
5610	38.6816
5620	48.2886
5630	38.6368
5640	48.6368
5650	38.9851
5660	29.3333
5670	39.3333
5680	29.6816
5690	39.6816
5700	49.2886
5710	39.6368
5720	49.6368
5730	39.9851
5740	30.3333
5750	40.3333
5760	30.6816
5770	40.6816
5780	30.6368
5790	40.6368
5800	30.9851
5810	40.9851
5820	31.3333
5830	41.3333
5840	31.6816
5850	41.6816
5860	31.6368
5870	41.6368
5880	31.9851
5890	41.9851
5900	32.3333
5910	42.3333
5920	32.6816
5930	42.2886
5940	32.6368
5950	42.6368
5960	32.9851
5970	42.9851
5980	33.3333
5990	43.3333
6000	33.6816
6010	43.2886
6020	33.6368
6030	43.6368
6040	33.9851
6050	43.9851
6060	34.3333
6070	44.3333
6080	34.6816
6090	44.2886
6100	34.6368
6110	44.6368
6120	34.9851
6130	44.9851
6140	35.3333
6150	45.3333
6160	35.6816
6170	45.2886
6180	35.6368
6190	45.6368
6200	35.9851
6210	45.9851
6220	36.3333
6230	46.3333
6240	36.6816
6250	46.2886
6260	36.6368
6270	46.6368
6280	36.9851
6290	46.9851
6300	37.3333
6310	47.3333
6320	37.6816
6330	47.2886
6340	37.6368
6350	47.6368
6360	37.9851
6370	28.3333
6380	38.3333
6390	28.6816
6400	38.6816
6410	48.2886
6420	38.6368
6430	48.6368
6440	38.9851
6450	29.3333
6460	39.3333
6470	29.6816
6480	39.6816
6490	49.2886
6500	39.6368
6510	49.6368
6520	39.9851
6530	30.3333
6540	40.3333
6550	30.6816
6560	40.6816
6570	30.6368
6580	40.6368
6590	30.9851
6600	40.9851
6610	31.3333
6620	41.3333
6630	31.6816
6640	41.6816
6650	31.6368
6660	41.6368
6670	31.9851
6680	41.9851
6690	32.3333
6700	42.3333
6710	32.6816
6720	42.2886
6730	32.6368
6740	42.6368
6750	32.9851
6760	42.9851
6770	33.3333
6780	43.3333
6790	33.6816
6800	43.2886
6810	33.6368
6820	43.6368
6830	33.9851
6840	43.9851
6850	34.3333
6860	44.3333
6870	34.6816
6880	44.2886
6890	34.6368
6900	44.6368
6910	34.9851
6920	44.9851
6930	35.3333
6940	45.3333
6950	35.6816
6960	45.2886
6970	35.6368
6980	45.6368
6990	35.9851
7000	45.9851
7010	36.3333
7020	46.3333
7030	36.6816
7040	46.2886
7050	36.6368
7060	46.6368
7070	36.9851
7080	46.9851
7090	37.3333
7100	47.3333
7110	37.6816
7120	47.2886
7130	37.6368
7140	47.6368
7150	37.9851
7160	28.3333
7170	38.3333
7180	28.6816
7190	38.6816
7200	48.2886
7210	38.6368
7220	48.6368
7230	38.9851
7240	29.3333
7250	39.3333
7260	29.6816
7270	39.6816
7280	49.2886
7290	39.6368
7300	49.6368
7310	39.9851
7320	30.3333
7330	40.3333
7340	30.6816
7350	40.6816
7360	30.6368
7370	40.6368
7380	30.9851
7390	40.9851
7400	31.3333
7410	41.3333
7420	31.6816
7430	41.6816
7440	31.6368
7450	41.6368
7460	31.9851
7470	41.9851
7480	32.3333
7490	42.3333
7500	32.6816
7510	42.2886
7520	32.6368
7530	42.6368
7540	32.9851
7550	42.9851
7560	33.3333
7570	43.3333
7580	33.6816
7590	43.2886
7600	33.6368
7610	43.6368
7620	33.9851
7630	43.9851
7640	34.3333
7650	44.3333
7660	34.6816
7670	44.2886
7680	34.6368
7690	44.6368
7700	34.9851
7710	44.9851
7720	35.3333
7730	45.3333
7740	35.6816
7750	45.2886
7760	35.6368
7770	45.6368
7780	35.9851
7790	45.9851
7800	36.3333
7810	46.3333
7820	36.6816
7830	46.2886
7840	36.6368
7850	46.6368
7860	36.9851
7870	46.9851
7880	37.3333
7890	47.3333
7900	37.6816
7910	47.2886
7920	37.6368
7930	47.6368
7940	37.9851
7950	28.3333
7960	38.3333
7970	28.6816
7980	38.6816
7990	48.2886
8000	38.6368
8010	48.6368
8020	38.9851
8030	29.3333
8040	39.3333
8050	29.6816
8060	39.6816
8070	49.2886
8080	39.6368
8090	49.6368
8100	39.9851
8110	30.3333
8120	40.3333
8130	30.6816
8140	40.6816
8150	30.6368
8160	40.6368
8170	30.9851
8180	40.9851
8190	31.3333
8200	41.3333
8210	31.6816
8220	41.6816
8230	31.6368
8240	41.6368
8250	31.9851
8260	41.9851
8270	32.3333
8280	42.3333
8290	32.6816
8300	42.2886
8310	32.6368
8320	42.6368
8330	32.9851
8340	42.9851
8350	33.3333
8360	43.3333
8370	33.6816
8380	43.2886
8390	33.6368
8400	43.6368
8410	33.9851
8420	43.9851
8430	34.3333
8440	44.3333
8450	34.6816
8460	44.2886
8470	34.6368
8480	44.6368
8490	34.9851
8500	44.9851
8510	35.3333
8520	45.3333
8530	35.6816
8540	45.2886
8550	35.6368
8560	45.6368
8570	35.9851
8580	45.9851
8590	36.3333
8600	46.3333
8610	36.6816
8620	46.2886
8630	36.6368
8640	46.6368
8650	36.9851
8660	46.9851
8670	37.3333
8680	47.3333
8690	37.6816
8700	47.2886
8710	37.6368
8720	47.6368
8730	37.9851
8740	28.3333
8750	38.3333
8760	28.6816
8770	38.6816
8780	48.2886
8790	38.6368
8800	48.6368
8810	38.9851
8820	29.3333
8830	39.3333
8840	29.6816
8850	39.6816
8860	49.2886
8870	39.6368
8880	49.6368
8890	39.9851
8900	30.3333
8910	40.3333
8920	30.6816
8930	40.6816
8940	30.6368
8950	40.6368
8960	30.9851
8970	40.9851
8980	31.3333
8990	41.3333
9000	31.6816
9010	41.6816
9020	31.6368
9030	41.6368
9040	31.9851
9050	41.9851
9060	32.3333
9070	42.3333
9080	32.6816
9090	42.2886
9100	32.6368
9110	42.6368
9120	32.9851
9130	42.9851
9140	33.3333
9150	43.3333
9160	33.6816
9170	43.2886
9180	33.6368
9190	43.6368
9200	33.9851
9210	43.9851
9220	34.3333
9230	44.3333
9240	34.6816
9250	44.2886
9260	34.6368
9270	44.6368
9280	34.9851
9290	44.9851
9300	35.3333
9310	45.3333
9320	35.6816
9330	45.2886
9340	35.6368
9350	45.6368
9360	35.9851
9370	45.9851
9380	36.3333
9390	46.3333
9400	36.6816
9410	46.2886
9420	36.6368
9430	46.6368
9440	36.9851
9450	46.9851
9460	37.3333
9470	47.3333
9480	37.6816
9490	47.2886
9500	37.6368
9510	47.6368
9520	37.9851
9530	28.3333
9540	38.3333
9550	28.6816
9560	38.6816
9570	48.2886
9580	38.6368
9590	48.6368
9600	38.9851
9610	29.3333
9620	39.3333
9630	29.6816
9640	39.6816
9650	49.2886
9660	39.6368
9670	49.6368
9680	39.9851
9690	30.3333
9700	40.3333
9710	30.6816
9720	40.6816
9730	30.6368
9740	40.6368
9750	30.9851
9760	40.9851
9770	31.3333
9780	41.3333
9790	31.6816
9800	41.6816
9810	31.6368
9820	41.6368
9830	31.9851
9840	41.9851
9850	32.3333
9860	42.3333
9870	32.6816
9880	42.2886
9890	32.6368
9900	42.6368
9910	32.9851
9920	42.9851
9930	33.3333
9940	43.3333
9950	33.6816
9960	43.2886
9970	33.6368
9980	43.6368
9990	33.9851
10000	43.9851
10010	34.3333
10020	44.3333
10030	34.6816
10040	44.2886
10050	34.6368
10060	44.6368
10070	34.9851
10080	44.9851
10090	35.3333
10100	45.3333
10110	35.6816
10120	45.2886
10130	35.6368
10140	45.6368
10150	35.9851
10160	45.9851
10170	36.3333
10180	46.3333
10190	36.6816
10200	46.2886
10210	36.6368
10220	46.6368
10230	36.9851
10240	46.9851
10250	37.3333
10260	47.3333
10270	37.6816
10280	47.2886
10290	37.6368
10300	47.6368
10310	37.9851
10320	28.3333
10330	38.3333
10340	28.6816
10350	38.6816
10360	48.2886
10370	38.6368
10380	48.6368
10390	38.9851
10400	29.3333
10410	39.3333
10420	29.6816
10430	39.6816
10440	49.2886
10450	39.6368
10460	49.6368
10470	39.9851
10480	30.3333
10490	40.3333
10500	30.6816
10510	40.6816
10520	30.6368
10530	40.6368
10540	30.9851
10550	40.9851
10560	31.3333
10570	41.3333
10580	31.6816
10590	41.6816
10600	31.6368
10610	41.6368
10620	31.9851
10630	41.9851
10640	32.3333
10650	42.3333
10660	32.6816
10670	42.2886
10680	32.6368
10690	42.6368
10700	32.9851
10710	42.9851
10720	33.3333
10730	43.3333
10740	33.6816
10750	43.2886
10760	33.6368
10770	43.6368
10780	33.9851
10790	43.9851
10800	34.3333
10810	44.3333
10820	34.6816
10830	44.2886
10840	34.6368
10850	44.6368
10860	34.9851
10870	44.9851
10880	35.3333
10890	45.3333
10900	35.6816
10910	45.2886
10920	35.6368
10930	45.6368
10940	35.9851
10950	45.9851
10960	36.3333
10970	46.3333
10980	36.6816
10990	46.2886
11000	36.6368
11010	46.6368
11020	36.9851
11030	46.9851
11040	37.3333
11050	47.3333
11060	37.6816
11070	47.2886
11080	37.6368
11090	47.6368
11100	37.9851
11110	28.3333
11120	38.3333
11130	28.6816
11140	38.6816
11150	48.2886
11160	38.6368
11170	48.6368
11180	38.9851
11190	29.3333
11200	39.3333
11210	29.6816
11220	39.6816
11230	49.2886
11240	39.6368
11250	49.6368
11260	39.9851
11270	30.3333
11280	40.3333
11290	30.6816
11300	40.6816
11310	30.6368
11320	40.6368
11330	30.9851
11340	40.9851
11350	31.3333
11360	41.3333
11370	31.6816
11380	41.6816
11390	31.6368
11400	41.6368
11410	31.9851
11420	41.9851
11430	32.3333
11440	42.3333
11450	32.6816
11460	42.2886
11470	32.6368
11480	42.6368
11490	32.9851
11500	42.9851
11510	33.3333
11520	43.3333
11530	33.6816
11540	43.2886
11550	33.6368
11560	43.6368
11570	33.9851
11580	43.9851
11590	34.3333
11600	44.3333
11610	34.6816
11620	44.2886
11630	34.6368
11640	44.6368
11650	34.9851
11660	44.9851
11670	35.3333
11680	45.3333
11690	35.6816
11700	45.2886
11710	35.6368
11720	45.6368
11730	35.9851
11740	45.9851
11750	36.3333
11760	46.3333
11770	36.6816
11780	46.2886
11790	36.6368
11800	46.6368
11810	36.9851
11820	46.9851
11830	37.3333
11840	47.3333
11850	37.6816
11860	47.2886
11870	37.6368
11880	47.6368
11890	37.9851
11900	28.3333
11910	38.3333
11920	28.6816
11930	38.6816
11940	48.2886
11950	38.6368
11960	48.6368
11970	38.9851
11980	29.3333
11990	39.3333
12000	29.6816
12010	39.6816
12020	49.2886
12030	39.6368
12040	49.6368
12050	39.9851
12060	30.3333
12070	40.3333
12080	30.6816
12090	40.6816
12100	30.6368
12110	40.6368
12120	30.9851
12130	40.9851
12140	31.3333
12150	41.3333
12160	31.6816
12170	41.6816
12180	31.6368
12190	41.6368
12200	31.9851
12210	41.9851
12220	32.3333
12230	42.3333
12240	32.6816
12250	42.2886
12260	32.6368
12270	42.6368
12280	32.9851
12290	42.9851
12300	33.3333
12310	43.3333
12320	33.6816
12330	43.2886
12340	33.6368
12350	43.6368
12360	33.9851
12370	43.9851
12380	34.3333
12390	44.3333
12400	34.6816
12410	44.2886
12420	34.6368
12430	44.6368
12440	34.9851
12450	44.9851
12460	35.3333
12470	45.3333
12480	35.6816
12490	45.2886
12500	35.6368
12510	45.6368
12520	35.9851
12530	45.9851
12540	36.3333
12550	46.3333
12560	36.6816
12570	46.2886
12580	36.6368
12590	46.6368
12600	36.9851
12610	46.9851
12620	37.3333
12630	47.3333
12640	37.6816
12650	47.2886
12660	37.6368
12670	47.6368
12680	37.9851
12690	28.3333
12700	38.3333
12710	28.6816
12720	38.6816
12730	48.2886
12740	38.6368
12750	48.6368
12760	38.9851
12770	29.3333
12780	39.3333
12790	29.6816
12800	39.6816
12810	49.2886
12820	39.6368
12830	49.6368
12840	39.9851
12850	30.3333
12860	40.3333
12870	30.6816
12880	40.6816
12890	30.6368
12900	40.6368
12910	30.9851
12920	40.9851
12930	31.3333
12940	41.3333
12950	31.6816
12960	41.6816
12970	31.6368
12980	41.6368
12990	31.9851
13000	41.9851
13010	32.3333
13020	42.3333
13030	32.6816
13040	42.2886
13050	32.6368
13060	42.6368
13070	32.9851
13080	42.9851
13090	33.3333
13100	43.3333
13110	33.6816
13120	43.2886
13130	33.6368
13140	43.6368
13150	33.9851
13160	43.9851
13170	34.3333
13180	44.3333
13190	34.6816
13200	44.2886
13210	34.6368
13220	44.6368
13230	34.9851
13240	44.9851
13250	35.3333
13260	45.3333
13270	35.6816
13280	45.2886
13290	35.6368
13300	45.6368
13310	35.9851
13320	45.9851
13330	36.3333
13340	46.3333
13350	36.6816
13360	46.2886
13370	36.6368
13380	46.6368
13390	36.9851
13400	46.9851
13410	37.3333
13420	47.3333
13430	37.6816
13440	47.2886
13450	37.6368
13460	47.6368
13470	37.9851
13480	28.3333
13490	38.3333
13500	28.6816
13510	38.6816
13520	48.2886
13530	38.6368
13540	48.6368
13550	38.9851
13560	29.3333
13570	39.3333
13580	29.6816
13590	39.6816
13600	49.2886
13610	39.6368
13620	49.6368
13630	39.9851
13640	30.3333
13650	40.3333
13660	30.6816
13670	40.6816
13680	30.6368
13690	40.6368
13700	30.9851
13710	40.9851
13720	31.3333
13730	41.3333
13740	31.6816
13750	41.6816
13760	31.6368
13770	41.6368
13780	31.9851
13790	41.9851
13800	32.3333
13810	42.3333
13820	32.6816
13830	42.2886
13840	32.6368
13850	42.6368
13860	32.9851
13870	42.9851
13880	33.3333
13890	43.3333
13900	33.6816
13910	43.2886
13920	33.6368
13930	43.6368
13940	33.9851
13950	43.9851
13960	34.3333
13970	44.3333
13980	34.6816
13990	44.2886
14000	34.6368
14010	44.6368
14020	34.9851
14030	44.9851
14040	35.3333
14050	45.3333
14060	35.6816
14070	45.2886
14080	35.6368
14090	45.6368
14100	35.9851
14110	45.9851
14120	36.3333
14130	46.3333
14140	36.6816
14150	46.2886
14160	36.6368
14170	46.6368
14180	36.9851
14190	46.9851
14200	37.3333
14210	47.3333
14220	37.6816
14230	47.2886
14240	37.6368
14250	47.6368
14260	37.9851
14270	28.3333
14280	38.3333
14290	28.6816
14300	38.6816
14310	48.2886
14320	38.6368
14330	48.6368
14340	38.9851
14350	29.3333
14360	39.3333
14370	29.6816
14380	39.6816
14390	49.2886
14400	39.6368
14410	49.6368
14420	39.9851
14430	30.3333
14440	40.3333
14450	30.6816
14460	40.6816
14470	30.6368
14480	40.6368
14490	30.9851
14500	40.9851
14510	31.3333
14520	41.3333
14530	31.6816
14540	41.6816
14550	31.6368
14560	41.6368
14570	31.9851
14580	41.9851
14590	32.3333
14600	42.3333
14610	32.6816
14620	42.2886
14630	32.6368
14640	42.6368
14650	32.9851
14660	42.9851
14670	33.3333
14680	43.3333
14690	33.6816
14700	43.2886
14710	33.6368
14720	43.6368
14730	33.9851
14740	43.9851
14750	34.3333
14760	44.3333
14770	34.6816
14780	44.2886
14790	34.6368
14800	44.6368
14810	34.9851
14820	44.9851
14830	35.3333
14840	45.3333
14850	35.6816
14860	45.2886
14870	35.6368
14880	45.6368
14890	35.9851
14900	45.9851
14910	36.3333
14920	46.3333
14930	36.6816
14940	46.2886
14950	36.6368
14960	46.6368
14970	36.9851
14980	46.9851
14990	37.3333
15000	47.3333
15010	37.6816
15020	47.2886
15030	37.6368
15040	47.6368
15050	37.9851
15060	28.3333
15070	38.3333
15080	28.6816
15090	38.6816
15100	48.2886
15110	38.6368
15120	48.6368
15130	38.9851
15140	29.3333
15150	39.3333
15160	29.6816
15170	39.6816
15180	49.2886
15190	39.6368
15200	49.6368
15210	39.9851
15220	30.3333
15230	40.3333
15240	30.6816
15250	40.6816
15260	30.6368
15270	40.6368
15280	30.9851
15290	40.9851
15300	31.3333
15310	41.3333
15320	31.6816
15330	41.6816
15340	31.6368
15350	41.6368
15360	31.9851
15370	41.9851
15380	32.3333
15390	42.3333
15400	32.6816
15410	42.2886
15420	32.6368
15430	42.6368
15440	32.9851
15450	42.9851
15460	33.3333
15470	43.3333
15480	33.6816
15490	43.2886
15500	33.6368
15510	43.6368
15520	33.9851
15530	43.9851
15540	34.3333
15550	44.3333
15560	34.6816
15570	44.2886
15580	34.6368
15590	44.6368
15600	34.9851
15610	44.9851
15620	35.3333
15630	45.3333
15640	35.6816
15650	45.2886
15660	35.6368
15670	45.6368
15680	35.9851
15690	45.9851
15700	36.3333
15710	46.3333
15720	36.6816
15730	46.2886
15740	36.6368
15750	46.6368
15760	36.9851
15770	46.9851
15780	37.3333
15790	47.3333
15800	37.6816
15810	47.2886
15820	37.6368
15830	47.6368
15840	37.9851
15850	28.3333
15860	38.3333
15870	28.6816
15880	38.6816
15890	48.2886
15900	38.6368
15910	48.6368
15920	38.9851
15930	29.3333
15940	39.3333
15950	29.6816
15960	39.6816
15970	49.2886
15980	39.6368
15990	49.6368
16000	39.9851
16010	30.3333
16020	40.3333
16030	30.6816
16040	40.6816
16050	30.6368
16060	40.6368
16070	30.9851
16080	40.9851
16090	31.3333
16100	41.3333
16110	31.6816
16120	41.6816
16130	31.6368
16140	41.6368
16150	31.9851
16160	41.9851
16170	32.3333
16180	42.3333
16190	32.6816
16200	42.2886
16210	32.6368
16220	42.6368
16230	32.9851
16240	42.9851
16250	33.3333
16260	43.3333
16270	33.6816
16280	43.2886
16290	33.6368
16300	43.6368
16310	33.9851
16320	43.9851
16330	34.3333
16340	44.3333
16350	34.6816
16360	44.2886
16370	34.6368
16380	44.6368
16390	34.9851
16400	44.9851
16410	35.3333
16420	45.3333
16430	35.6816
16440	45.2886
16450	35.6368
16460	45.6368
16470	35.9851
16480	45.9851
16490	36.3333
16500	46.3333
16510	36.6816
16520	46.2886
16530	36.6368
16540	46.6368
16550	36.9851
16560	46.9851
16570	37.3333
16580	47.3333
16590	37.6816
16600	47.2886
16610	37.6368
16620	47.6368
16630	37.9851
16640	28.3333
16650	38.3333
16660	28.6816
16670	38.6816
16680	48.2886
16690	38.6368
16700	48.6368
16710	38.9851
16720	29.3333
16730	39.3333
16740	29.6816
16750	39.6816
16760	49.2886
16770	39.6368
16780	49.6368
16790	39.9851
16800	30.3333
16810	40.3333
16820	30.6816
16830	40.6816
16840	30.6368
16850	40.6368
16860	30.9851
16870	40.9851
16880	31.3333
16890	41.3333
16900	31.6816
16910	41.6816
16920	31.6368
16930	41.6368
16940	31.9851
16950	41.9851
16960	32.3333
16970	42.3333
16980	32.6816
16990	42.2886
17000	32.6368
17010	42.6368
17020	32.9851
17030	42.9851
17040	33.3333
17050	43.3333
17060	33.6816
17070	43.2886
17080	33.6368
17090	43.6368
17100	33.9851
17110	43.9851
17120	34.3333
17130	44.3333
17140	34.6816
17150	44.2886
17160	34.6368
17170	44.6368
17180	34.9851
17190	44.9851
17200	35.3333
17210	45.3333
17220	35.6816
17230	45.2886
17240	35.6368
17250	45.6368
17260	35.9851
17270	45.9851
17280	36.3333
17290	46.3333
17300	36.6816
17310	46.2886
17320	36.6368
17330	46.6368
17340	36.9851
17350	46.9851
17360	37.3333
17370	47.3333
17380	37.6816
17390	47.2886
17400	37.6368
17410	47.6368
17420	37.9851
17430	28.3333
17440	38.3333
17450	28.6816
17460	38.6816
17470	48.2886
17480	38.6368
17490	48.6368
17500	38.9851
17510	29.3333
17520	39.3333
17530	29.6816
17540	39.6816
17550	49.2886
17560	39.6368
17570	49.6368
17580	39.9851
17590	30.3333
17600	40.3333
17610	30.6816
17620	40.6816
17630	30.6368
17640	40.6368
17650	30.9851
17660	40.9851
17670	31.3333
17680	41.3333
17690	31.6816
17700	41.6816
17710	31.6368
17720	41.6368
17730	31.9851
17740	41.9851
17750	32.3333
17760	42.3333
17770	32.6816
17780	42.2886
17790	32.6368
17800	42.6368
17810	32.9851
17820	42.9851
17830	33.3333
17840	43.3333
17850	33.6816
17860	43.2886
17870	33.6368
17880	43.6368
17890	33.9851
17900	43.9851
17910	34.3333
17920	44.3333
17930	34.6816
17940	44.2886
17950	34.6368
17960	44.6368
17970	34.9851
17980	44.9851
17990	35.3333
18000	45.3333
18010	35.6816
18020	45.2886
18030	35.6368
18040	45.6368
18050	35.9851
18060	45.9851
18070	36.3333
18080	46.3333
18090	36.6816
18100	46.2886
18110	36.6368
18120	46.6368
18130	36.9851
18140	46.9851
18150	37.3333
18160	47.3333
18170	37.6816
18180	47.2886
18190	37.6368
18200	47.6368
18210	37.9851
18220	28.3333
18230	38.3333
18240	28.6816
18250	38.6816
18260	48.2886
18270	38.6368
18280	48.6368
18290	38.9851
18300	29.3333
18310	39.3333
18320	29.6816
18330	39.6816
18340	49.2886
18350	39.6368
18360	49.6368
18370	39.9851
18380	30.3333
18390	40.3333
18400	30.6816
18410	40.6816
18420	30.6368
18430	40.6368
18440	30.9851
18450	40.9851
18460	31.3333
18470	41.3333
18480	31.6816
18490	41.6816
18500	31.6368
18510	41.6368
18520	31.9851
18530	41.9851
18540	32.3333
18550	42.3333
18560	32.6816
18570	42.2886
18580	32.6368
18590	42.6368
18600	32.9851
18610	42.9851
18620	33.3333
18630	43.3333
18640	33.6816
18650	43.2886
18660	33.6368
18670	43.6368
18680	33.9851
18690	43.9851
18700	34.3333
18710	44.3333
18720	34.6816
18730	44.2886
18740	34.6368
18750	44.6368
18760	34.9851
18770	44.9851
18780	35.3333
18790	45.3333
18800	35.6816
18810	45.2886
18820	35.6368
18830	45.6368
18840	35.9851
18850	45.9851
18860	36.3333
18870	46.3333
18880	36.6816
18890	46.2886
18900	36.6368
18910	46.6368
18920	36.9851
18930	46.9851
18940	37.3333
18950	47.3333
18960	37.6816
18970	47.2886
18980	37.6368
18990	47.6368
19000	37.9851
19010	28.3333
19020	38.3333
19030	28.6816
19040	38.6816
19050	48.2886
19060	38.6368
19070	48.6368
19080	38.9851
19090	29.3333
19100	39.3333
19110	29.6816
19120	39.6816
19130	49.2886
19140	39.6368
19150	49.6368
19160	39.9851
19170	30.3333
19180	40.3333
19190	30.6816
19200	40.6816
19210	30.6368
19220	40.6368
19230	30.9851
19240	40.9851
19250	31.3333
19260	41.3333
19270	31.6816
19280	41.6816
19290	31.6368
19300	41.6368
19310	31.9851
19320	41.9851
19330	32.3333
19340	42.3333
19350	32.6816
19360	42.2886
19370	32.6368
19380	42.6368
19390	32.9851
19400	42.9851
19410	33.3333
19420	43.3333
19430	33.6816
19440	43.2886
19450	33.6368
19460	43.6368
19470	33.9851
19480	43.9851
19490	34.3333
19500	44.3333
19510	34.6816
19520	44.2886
19530	34.6368
19540	44.6368
19550	34.9851
19560	44.9851
19570	35.3333
19580	45.3333
19590	35.6816
19600	45.2886
19610	35.6368
19620	45.6368
19630	35.9851
19640	45.9851
19650	36.3333
19660	46.3333
19670	36.6816
19680	46.2886
19690	36.6368
19700	46.6368
19710	36.9851
19720	46.9851
19730	37.3333
19740	47.3333
19750	37.6816
19760	47.2886
19770	37.6368
19780	47.6368
19790	37.9851
19800	28.3333
19810	38.3333
19820	28.6816
19830	38.6816
19840	48.2886
19850	38.6368
19860	48.6368
19870	38.9851
19880	29.3333
19890	39.3333
19900	29.6816
19910	39.6816
19920	49.2886
19930	39.6368
19940	49.6368
19950	39.9851
19960	30.3333
19970	40.3333
19980	30.6816
19990	40.6816
20000	30.6368
20010	40.6368
20020	30.9851
20030	40.9851
20040	31.3333
20050	41.3333
20060	31.6816
20070	41.6816
20080	31.6368
20090	41.6368
20100	31.9851
20110	41.9851
20120	32.3333
20130	42.3333
20140	32.6816
20150	42.2886
20160	32.6368
20170	42.6368
20180	32.9851
20190	42.9851
20200	33.3333
20210	43.3333
20220	33.6816
20230	43.2886
20240	33.6368
20250	43.6368
20260	33.9851
20270	43.9851
20280	34.3333
20290	44.3333
20300	34.6816
20310	44.2886
20320	34.6368
20330	44.6368
20340	34.9851
20350	44.9851
20360	35.3333
20370	45.3333
20380	35.6816
20390	45.2886
20400	35.6368
20410	45.6368
20420	35.9851
20430	45.9851
20440	36.3333
20450	46.3333
20460	36.6816
20470	46.2886
20480	36.6368
20490	46.6368
20500	36.9851
20510	46.9851
20520	37.3333
20530	47.3333
20540	37.6816
20550	47.2886
20560	37.6368
20570	47.6368
20580	37.9851
20590	28.3333
20600	38.3333
20610	28.6816
20620	38.6816
20630	48.2886
20640	38.6368
20650	48.6368
20660	38.9851
20670	29.3333
20680	39.3333
20690	29.6816
20700	39.6816
20710	49.2886
20720	39.6368
20730	49.6368
20740	39.9851
20750	30.3333
20760	40.3333
20770	30.6816
20780	40.6816
20790	30.6368
20800	40.6368
20810	30.9851
20820	40.9851
20830	31.3333
20840	41.3333
20850	31.6816
20860	41.6816
20870	31.6368
20880	41.6368
20890	31.9851
20900	41.9851
20910	32.3333
20920	42.3333
20930	32.6816
20940	42.2886
20950	32.6368
20960	42.6368
20970	32.9851
20980	42.9851
20990	33.3333
21000	43.3333
21010	33.6816
21020	43.2886
21030	33.6368
21040	43.6368
21050	33.9851
21060	43.9851
21070	34.3333
21080	44.3333
21090	34.6816
21100	44.2886
21110	34.6368
21120	44.6368
21130	34.9851
21140	44.9851
21150	35.3333
21160	45.3333
21170	35.6816
21180	45.2886
21190	35.6368
21200	45.6368
21210	35.9851
21220	45.9851
21230	36.3333
21240	46.3333
21250	36.6816
21260	46.2886
21270	36.6368
21280	46.6368
21290	36.9851
21300	46.9851
21310	37.3333
21320	47.3333
21330	37.6816
21340	47.2886
21350	37.6368
21360	47.6368
21370	37.9851
21380	28.3333
21390	38.3333
21400	28.6816
21410	38.6816
21420	48.2886
21430	38.6368
21440	48.6368
21450	38.9851
21460	29.3333
21470	39.3333
21480	29.6816
21490	39.6816
21500	49.2886
21510	39.6368
21520	49.6368
21530	39.9851
21540	30.3333
21550	40.3333
21560	30.6816
21570	40.6816
21580	30.6368
21590	40.6368
21600	30.9851
21610	40.9851
21620	31.3333
21630	41.3333
21640	31.6816
21650	41.6816
21660	31.6368
21670	41.6368
21680	31.9851
21690	41.9851
21700	32.3333
21710	42.3333
21720	32.6816
21730	42.2886
21740	32.6368
21750	42.6368
21760	32.9851
21770	42.9851
21780	33.3333
21790	43.3333
21800	33.6816
21810	43.2886
21820	33.6368
21830	43.6368
21840	33.9851
21850	43.9851
21860	34.3333
21870	44.3333
21880	34.6816
21890	44.2886
21900	34.6368
21910	44.6368
21920	34.9851
21930	44.9851
21940	35.3333
21950	45.3333
21960	35.6816
21970	45.2886
21980	35.6368
21990	45.6368
22000	35.9851
22010	45.9851
22020	36.3333
22030	46.3333
22040	36.6816
22050	46.2886
22060	36.6368
22070	46.6368
22080	36.9851
22090	46.9851
22100	37.3333
22110	47.3333
22120	37.6816
22130	47.2886
22140	37.6368
22150	47.6368
22160	37.9851
22170	28.3333
22180	38.3333
22190	28.6816
22200	38.6816
22210	48.2886
22220	38.6368
22230	48.6368
22240	38.9851
22250	29.3333
22260	39.3333
22270	29.6816
22280	39.6816
22290	49.2886
22300	39.6368
22310	49.6368
22320	39.9851
22330	30.3333
22340	40.3333
22350	30.6816
22360	40.6816
22370	30.6368
22380	40.6368
22390	30.9851
22400	40.9851
22410	31.3333
22420	41.3333
22430	31.6816
22440	41.6816
22450	31.6368
22460	41.6368
22470	31.9851
22480	41.9851
22490	32.3333
22500	42.3333
22510	32.6816
22520	42.2886
22530	32.6368
22540	42.6368
22550	32.9851
22560	42.9851
22570	33.3333
22580	43.3333
22590	33.6816
22600	43.2886
22610	33.6368
22620	43.6368
22630	33.9851
22640	43.9851
22650	34.3333
22660	44.3333
22670	34.6816
22680	44.2886
22690	34.6368
22700	44.6368
22710	34.9851
22720	44.9851
22730	35.3333
22740	45.3333
22750	35.6816
22760	45.2886
22770	35.6368
22780	45.6368
22790	35.9851
22800	45.9851
22810	36.3333
22820	46.3333
22830	36.6816
22840	46.2886
22850	36.6368
22860	46.6368
22870	36.9851
22880	46.9851
22890	37.3333
22900	47.3333
22910	37.6816
22920	47.2886
22930	37.6368
22940	47.6368
22950	37.9851
22960	28.3333
22970	38.3333
22980	28.6816
22990	38.6816
23000	48.2886
23010	38.6368
23020	48.6368
23030	38.9851
23040	29.3333
23050	39.3333
23060	29.6816
23070	39.6816
23080	49.2886
23090	39.6368
23100	49.6368
23110	39.9851
23120	30.3333
23130	40.3333
23140	30.6816
23150	40.6816
23160	30.6368
23170	40.6368
23180	30.9851
23190	40.9851
23200	31.3333
23210	41.3333
23220	31.6816
23230	41.6816
23240	31.6368
23250	41.6368
23260	31.9851
23270	41.9851
23280	32.3333
23290	42.3333
23300	32.6816
23310	42.2886
23320	32.6368
23330	42.6368
23340	32.9851
23350	42.9851
23360	33.3333
23370	43.3333
23380	33.6816
23390	43.2886
23400	33.6368
23410	43.6368
23420	33.9851
23430	43.9851
23440	34.3333
23450	44.3333
23460	34.6816
23470	44.2886
23480	34.6368
23490	44.6368
23500	34.9851
23510	44.9851
23520	35.3333
23530	45.3333
23540	35.6816
23550	45.2886
23560	35.6368
23570	45.6368
23580	35.9851
23590	45.9851
23600	36.3333
23610	46.3333
23620	36.6816
23630	46.2886
23640	36.6368
23650	46.6368
23660	36.9851
23670	46.9851
23680	37.3333
23690	47.3333
23700	37.6816
23710	47.2886
23720	37.6368
23730	47.6368
23740	37.9851
23750	28.3333
23760	38.3333
23770	28.6816
23780	38.6816
23790	48.2886
23800	38.6368
23810	48.6368
23820	38.9851
23830	29.3333
23840	39.3333
23850	29.6816
23860	39.6816
23870	49.2886
23880	39.6368
23890	49.6368
23900	39.9851
23910	30.3333
23920	40.3333
23930	30.6816
23940	40.6816
23950	30.6368
23960	40.6368
23970	30.9851
23980	40.9851
23990	31.3333
24000	41.3333
24010	31.6816
24020	41.6816
24030	31.6368
24040	41.6368
24050	31.9851
24060	41.9851
24070	32.3333
24080	42.3333
24090	32.6816
24100	42.2886
24110	32.6368
24120	42.6368
24130	32.9851
24140	42.9851
24150	33.3333
24160	43.3333
24170	33.6816
24180	43.2886
24190	33.6368
24200	43.6368
24210	33.9851
24220	43.9851
24230	34.3333
24240	44.3333
24250	34.6816
24260	44.2886
24270	34.6368
24280	44.6368
24290	34.9851
24300	44.9851
24310	35.3333
24320	45.3333
24330	35.6816
24340	45.2886
24350	35.6368
24360	45.6368
24370	35.9851
24380	45.9851
24390	36.3333
24400	46.3333
24410	36.6816
24420	46.2886
24430	36.6368
24440	46.6368
24450	36.9851
24460	46.9851
24470	37.3333
24480	47.3333
24490	37.6816
24500	47.2886
24510	37.6368
24520	47.6368
24530	37.9851
24540	28.3333
24550	38.3333
24560	28.6816
24570	38.6816
24580	48.2886
24590	38.6368
24600	48.6368
24610	38.9851
24620	29.3333
24630	39.3333
24640	29.6816
24650	39.6816
24660	49.2886
24670	39.6368
24680	49.6368
24690	39.9851
24700	30.3333
24710	40.3333
24720	30.6816
24730	40.6816
24740	30.6368
24750	40.6368
24760	30.9851
24770	40.9851
24780	31.3333
24790	41.3333
24800	31.6816
24810	41.6816
24820	31.6368
24830	41.6368
24840	31.9851
24850	41.9851
24860	32.3333
24870	42.3333
24880	32.6816
24890	42.2886
24900	32.6368
24910	42.6368
24920	32.9851
24930	42.9851
24940	33.3333
24950	43.3333
24960	33.6816
24970	43.2886
24980	33.6368
24990	43.6368
25000	33.9851
25010	43.9851
25020	34.3333
25030	44.3333
25040	34.6816
25050	44.2886
25060	34.6368
25070	44.6368
25080	34.9851
25090	44.9851
25100	35.3333
25110	45.3333
25120	35.6816
25130	45.2886
25140	35.6368
25150	45.6368
25160	35.9851
25170	45.9851
25180	36.3333
25190	46.3333
25200	36.6816
25210	46.2886
25220	36.6368
25230	46.6368
25240	36.9851
25250	46.9851
25260	37.3333
25270	47.3333
25280	37.6816
25290	47.2886
25300	37.6368
25310	47.6368
25320	37.9851
25330	28.3333
25340	38.3333
25350	28.6816
25360	38.6816
25370	48.2886
25380	38.6368
25390	48.6368
25400	38.9851
25410	29.3333
25420	39.3333
25430	29.6816
25440	39.6816
25450	49.2886
25460	39.6368
25470	49.6368
25480	39.9851
25490	30.3333
25500	40.3333
25510	30.6816
25520	40.6816
25530	30.6368
25540	40.6368
25550	30.9851
25560	40.9851
25570	31.3333
25580	41.3333
25590	31.6816
25600	41.6816
25610	31.6368
25620	41.6368
25630	31.9851
25640	41.9851
25650	32.3333
25660	42.3333
25670	32.6816
25680	42.2886
25690	32.6368
25700	42.6368
25710	32.9851
25720	42.9851
25730	33.3333
25740	43.3333
25750	33.6816
25760	43.2886
25770	33.6368
25780	43.6368
25790	33.9851
25800	43.9851
25810	34.3333
25820	44.3333
25830	34.6816
25840	44.2886
25850	34.6368
25860	44.6368
25870	34.9851
25880	44.9851
25890	35.3333
25900	45.3333
25910	35.6816
25920	45.2886
25930	35.6368
25940	45.6368
25950	35.9851
25960	45.9851
25970	36.3333
25980	46.3333
25990	36.6816
26000	46.2886
26010	36.6368
26020	46.6368
26030	36.9851
26040	46.9851
26050	37.3333
26060	47.3333
26070	37.6816
26080	47.2886
26090	37.6368
26100	47.6368
26110	37.9851
26120	28.3333
26130	38.3333
26140	28.6816
26150	38.6816
26160	48.2886
26170	38.6368
26180	48.6368
26190	38.9851
26200	29.3333
26210	39.3333
26220	29.6816
26230	39.6816
26240	49.2886
26250	39.6368
26260	49.6368
26270	39.9851
26280	30.3333
26290	40.3333
26300	30.6816
26310	40.6816
26320	30.6368
26330	40.6368
26340	30.9851
26350	40.9851
26360	31.3333
26370	41.3333
26380	31.6816
26390	41.6816
26400	31.6368
26410	41.6368
26420	31.9851
26430	41.9851
26440	32.3333
26450	42.3333
26460	32.6816
26470	42.2886
26480	32.6368
26490	42.6368
26500	32.9851
26510	42.9851
26520	33.3333
26530	43.3333
26540	33.6816
26550	43.2886
26560	33.6368
26570	43.6368
26580	33.9851
26590	43.9851
26600	34.3333
26610	44.3333
26620	34.6816
26630	44.2886
26640	34.6368
26650	44.6368
26660	34.9851
26670	44.9851
26680	35.3333
26690	45.3333
26700	35.6816
26710	45.2886
26720	35.6368
26730	45.6368
26740	35.9851
26750	45.9851
26760	36.3333
26770	46.3333
26780	36.6816
26790	46.2886
26800	36.6368
26810	46.6368
26820	36.9851
26830	46.9851
26840	37.3333
26850	47.3333
26860	37.6816
26870	47.2886
26880	37.6368
26890	47.6368
26900	37.9851
26910	28.3333
26920	38.3333
26930	28.6816
26940	38.6816
26950	48.2886
26960	38.6368
26970	48.6368
26980	38.9851
26990	29.3333
27000	39.3333
27010	29.6816
27020	39.6816
27030	49.2886
27040	39.6368
27050	49.6368
27060	39.9851
27070	30.3333
27080	40.3333
27090	30.6816
27100	40.6816
27110	30.6368
27120	40.6368
27130	30.9851
27140	40.9851
27150	31.3333
27160	41.3333
27170	31.6816
27180	41.6816
27190	31.6368
27200	41.6368
27210	31.9851
27220	41.9851
27230	32.3333
27240	42.3333
27250	32.6816
27260	42.2886
27270	32.6368
27280	42.6368
27290	32.9851
27300	42.9851
27310	33.3333
27320	43.3333
27330	33.6816
27340	43.2886
27350	33.6368
27360	43.6368
27370	33.9851
27380	43.9851
27390	34.3333
27400	44.3333
27410	34.6816
27420	44.2886
27430	34.6368
27440	44.6368
27450	34.9851
27460	44.9851
27470	35.3333
27480	45.3333
27490	35.6816
27500	45.2886
27510	35.6368
27520	45.6368
27530	35.9851
27540	45.9851
27550	36.3333
27560	46.3333
27570	36.6816
27580	46.2886
27590	36.6368
27600	46.6368
27610	36.9851
27620	46.9851
27630	37.3333
27640	47.3333
27650	37.6816
27660	47.2886
27670	37.6368
27680	47.6368
27690	37.9851
27700	28.3333
27710	38.3333
27720	28.6816
27730	38.6816
27740	48.2886
27750	38.6368
27760	48.6368
27770	38.9851
27780	29.3333
27790	39.3333
27800	29.6816
27810	39.6816
27820	49.2886
27830	39.6368
27840	49.6368
27850	39.9851
27860	30.3333
27870	40.3333
27880	30.6816
27890	40.6816
27900	30.6368
27910	40.6368
27920	30.9851
27930	40.9851
27940	31.3333
27950	41.3333
27960	31.6816
27970	41.6816
27980	31.6368
27990	41.6368
28000	31.9851
28010	41.9851
28020	32.3333
28030	42.3333
28040	32.6816
28050	42.2886
28060	32.6368
28070	42.6368
28080	32.9851
28090	42.9851
28100	33.3333
28110	43.3333
28120	33.6816
28130	43.2886
28140	33.6368
28150	43.6368
28160	33.9851
28170	43.9851
28180	34.3333
28190	44.3333
28200	34.6816
28210	44.2886
28220	34.6368
28230	44.6368
28240	34.9851
28250	44.9851
28260	35.3333
28270	45.3333
28280	35.6816
28290	45.2886
28300	35.6368
28310	45.6368
28320	35.9851
28330	45.9851
28340	36.3333
28350	46.3333
28360	36.6816
28370	46.2886
28380	36.6368
28390	46.6368
28400	36.9851
28410	46.9851
28420	37.3333
28430	47.3333
28440	37.6816
28450	47.2886
28460	37.6368
28470	47.6368
28480	37.9851
28490	28.3333
28500	38.3333
28510	28.6816
28520	38.6816
28530	48.2886
28540	38.6368
28550	48.6368
28560	38.9851
28570	29.3333
28580	39.3333
28590	29.6816
28600	39.6816
28610	49.2886
28620	39.6368
28630	49.6368
28640	39.9851
28650	30.3333
28660	40.3333
28670	30.6816
28680	40.6816
28690	30.6368
28700	40.6368
28710	30.9851
28720	40.9851
28730	31.3333
28740	41.3333
28750	31.6816
28760	41.6816
28770	31.6368
28780	41.6368
28790	31.9851
28800	41.9851
28810	32.3333
28820	42.3333
28830	32.6816
28840	42.2886
28850	32.6368
28860	42.6368
28870	32.9851
28880	42.9851
28890	33.3333
28900	43.3333
28910	33.6816
28920	43.2886
28930	33.6368
28940	43.6368
28950	33.9851
28960	43.9851
28970	34.3333
28980	44.3333
28990	34.6816
29000	44.2886
29010	34.6368
29020	44.6368
29030	34.9851
29040	44.9851
29050	35.3333
29060	45.3333
29070	35.6816
29080	45.2886
29090	35.6368
29100	45.6368
29110	35.9851
29120	45.9851
29130	36.3333
29140	46.3333
29150	36.6816
29160	46.2886
29170	36.6368
29180	46.6368
29190	36.9851
29200	46.9851
29210	37.3333
29220	47.3333
29230	37.6816
29240	47.2886
29250	37.6368
29260	47.6368
29270	37.9851
29280	28.3333
29290	38.3333
29300	28.6816
29310	38.6816
29320	48.2886
29330	38.6368
29340	48.6368
29350	38.9851
29360	29.3333
29370	39.3333
29380	29.6816
29390	39.6816
29400	49.2886
29410	39.6368
29420	49.6368
29430	39.9851
29440	30.3333
29450	40.3333
29460	30.6816
29470	40.6816
29480	30.6368
29490	40.6368
29500	30.9851
29510	40.9851
29520	31.3333
29530	41.3333
29540	31.6816
29550	41.6816
29560	31.6368
29570	41.6368
29580	31.9851
29590	41.9851
29600	32.3333
29610	42.3333
29620	32.6816
29630	42.2886
29640	32.6368
29650	42.6368
29660	32.9851
29670	42.9851
29680	33.3333
29690	43.3333
29700	33.6816
29710	43.2886
29720	33.6368
29730	43.6368
29740	33.9851
29750	43.9851
29760	34.3333
29770	44.3333
29780	34.6816
29790	44.2886
29800	34.6368
29810	44.6368
29820	34.9851
29830	44.9851
29840	35.3333
29850	45.3333
29860	35.6816
29870	45.2886
29880	35.6368
29890	45.6368
29900	35.9851
29910	45.9851
29920	36.3333
29930	46.3333
29940	36.6816
29950	46.2886
29960	36.6368
29970	46.6368
29980	36.9851
29990	46.9851
30000	37.3333
30010	47.3333
30020	37.6816
30030	47.2886
30040	37.6368
30050	47.6368
30060	37.9851
30070	28.3333
30080	38.3333
30090	28.6816
30100	38.6816
30110	48.2886
30120	38.6368
30130	48.6368
30140	38.9851
30150	29.3333
30160	39.3333
30170	29.6816
30180	39.6816
30190	49.2886
30200	39.6368
30210	49.6368
30220	39.9851
30230	30.3333
30240	40.3333
30250	30.6816
30260	40.6816
30270	30.6368
30280	40.6368
30290	30.9851
30300	40.9851
30310	31.3333
30320	41.3333
30330	31.6816
30340	41.6816
30350	31.6368
30360	41.6368
30370	31.9851
30380	41.9851
30390	32.3333
30400	42.3333
30410	32.6816
30420	42.2886
30430	32.6368
30440	42.6368
30450	32.9851
30460	42.9851
30470	33.3333
30480	43.3333
30490	33.6816
30500	43.2886
30510	33.6368
30520	43.6368
30530	33.9851
30540	43.9851
30550	34.3333
30560	44.3333
30570	34.6816
30580	44.2886
30590	34.6368
30600	44.6368
30610	34.9851
30620	44.9851
30630	35.3333
30640	45.3333
30650	35.6816
30660	45.2886
30670	35.6368
30680	45.6368
30690	35.9851
30700	45.9851
30710	36.3333
30720	46.3333
30730	36.6816
30740	46.2886
30750	36.6368
30760	46.6368
30770	36.9851
30780	46.9851
30790	37.3333
30800	47.3333
30810	37.6816
30820	47.2886
30830	37.6368
30840	47.6368
30850	37.9851
30860	28.3333
30870	38.3333
30880	28.6816
30890	38.6816
30900	48.2886
30910	38.6368
30920	48.6368
30930	38.9851
30940	29.3333
30950	39.3333
30960	29.6816
30970	39.6816
30980	49.2886
30990	39.6368
31000	49.6368
31010	39.9851
31020	30.3333
31030	40.3333
31040	30.6816
31050	40.6816
31060	30.6368
31070	40.6368
31080	30.9851
31090	40.9851
31100	31.3333
31110	41.3333
31120	31.6816
31130	41.6816
31140	31.6368
31150	41.6368
31160	31.9851
31170	41.9851
31180	32.3333
31190	42.3333
31200	32.6816
31210	42.2886
31220	32.6368
31230	42.6368
31240	32.9851
31250	42.9851
31260	33.3333
31270	43.3333
31280	33.6816
31290	43.2886
31300	33.6368
31310	43.6368
31320	33.9851
31330	43.9851
31340	34.3333
31350	44.3333
31360	34.6816
31370	44.2886
31380	34.6368
31390	44.6368
31400	34.9851
31410	44.9851
31420	35.3333
31430	45.3333
31440	35.6816
31450	45.2886
31460	35.6368
31470	45.6368
31480	35.9851
31490	45.9851
31500	36.3333
31510	46.3333
31520	36.6816
31530	46.2886
31540	36.6368
31550	46.6368
31560	36.9851
31570	46.9851
31580	37.3333
31590	47.3333
31600	37.6816
31610	47.2886
31620	37.6368
31630	47.6368
31640	37.9851
31650	28.3333
31660	38.3333
31670	28.6816
31680	38.6816
31690	48.2886
31700	38.6368
31710	48.6368
31720	38.9851
31730	29.3333
31740	39.3333
31750	29.6816
31760	39.6816
31770	49.2886
31780	39.6368
31790	49.6368
31800	39.9851
31810	30.3333
31820	40.3333
31830	30.6816
31840	40.6816
31850	30.6368
31860	40.6368
31870	30.9851
31880	40.9851
31890	31.3333
31900	41.3333
31910	31.6816
31920	41.6816
31930	31.6368
31940	41.6368
31950	31.9851
31960	41.9851
31970	32.3333
31980	42.3333
31990	32.6816
32000	42.2886
32010	32.6368
32020	42.6368
32030	32.9851
32040	42.9851
32050	33.3333
32060	43.3333
32070	33.6816
32080	43.2886
32090	33.6368
32100	43.6368
32110	33.9851
32120	43.9851
32130	34.3333
32140	44.3333
32150	34.6816
32160	44.2886
32170	34.6368
32180	44.6368
32190	34.9851
32200	44.9851
32210	35.3333
32220	45.3333
32230	35.6816
32240	45.2886
32250	35.6368
32260	45.6368
32270	35.9851
32280	45.9851
32290	36.3333
32300	46.3333
32310	36.6816
32320	46.2886
32330	36.6368
32340	46.6368
32350	36.9851
32360	46.9851
32370	37.3333
32380	47.3333
32390	37.6816
32400	47.2886
32410	37.6368
32420	47.6368
32430	37.9851
32440	28.3333
32450	38.3333
32460	28.6816
32470	38.6816
32480	48.2886
32490	38.6368
32500	48.6368
32510	38.9851
32520	29.3333
32530	39.3333
32540	29.6816
32550	39.6816
32560	49.2886
32570	39.6368
32580	49.6368
32590	39.9851
32600	30.3333
32610	40.3333
32620	30.6816
32630	40.6816
32640	30.6368
32650	40.6368
32660	30.9851
32670	40.9851
32680	31.3333
32690	41.3333
32700	31.6816
32710	41.6816
32720	31.6368
32730	41.6368
32740	31.9851
32750	41.9851
32760	32.3333
32770	42.3333
32780	32.6816
32790	42.2886
32800	32.6368
32810	42.6368
32820	32.9851
32830	42.9851
32840	33.3333
32850	43.3333
32860	33.6816
32870	43.2886
32880	33.6368
32890	43.6368
32900	33.9851
32910	43.9851
32920	34.3333
32930	44.3333
32940	34.6816
32950	44.2886
32960	34.6368
32970	44.6368
32980	34.9851
32990	44.9851
33000	35.3333
33010	45.3333
33020	35.6816
33030	45.2886
33040	35.6368
33050	45.6368
33060	35.9851
33070	45.9851
33080	36.3333
33090	46.3333
33100	36.6816
33110	46.2886
33120	36.6368
33130	46.6368
33140	36.9851
33150	46.9851
33160	37.3333
33170	47.3333
33180	37.6816
33190	47.2886
33200	37.6368
33210	47.6368
33220	37.9851
33230	28.3333
33240	38.3333
33250	28.6816
33260	38.6816
33270	48.2886
33280	38.6368
33290	48.6368
33300	38.9851
33310	29.3333
33320	39.3333
33330	29.6816
33340	39.6816
33350	49.2886
33360	39.6368
33370	49.6368
33380	39.9851
33390	30.3333
33400	40.3333
33410	30.6816
33420	40.6816
33430	30.6368
33440	40.6368
33450	30.9851
33460	40.9851
33470	31.3333
33480	41.3333
33490	31.6816
33500	41.6816
33510	31.6368
33520	41.6368
33530	31.9851
33540	41.9851
33550	32.3333
33560	42.3333
33570	32.6816
33580	42.2886
33590	32.6368
33600	42.6368
33610	32.9851
33620	42.9851
33630	33.3333
33640	43.3333
33650	33.6816
33660	43.2886
33670	33.6368
33680	43.6368
33690	33.9851
33700	43.9851
33710	34.3333
33720	44.3333
33730	34.6816
33740	44.2886
33750	34.6368
33760	44.6368
33770	34.9851
33780	44.9851
33790	35.3333
33800	45.3333
33810	35.6816
33820	45.2886
33830	35.6368
33840	45.6368
33850	35.9851
33860	45.9851
33870	36.3333
33880	46.3333
33890	36.6816
33900	46.2886
33910	36.6368
33920	46.6368
33930	36.9851
33940	46.9851
33950	37.3333
33960	47.3333
33970	37.6816
33980	47.2886
33990	37.6368
34000	47.6368
34010	37.9851
34020	28.3333
34030	38.3333
34040	28.6816
34050	38.6816
34060	48.2886
34070	38.6368
34080	48.6368
34090	38.9851
34100	29.3333
34110	39.3333
34120	29.6816
34130	39.6816
34140	49.2886
34150	39.6368
34160	49.6368
34170	39.9851
34180	30.3333
34190	40.3333
34200	30.6816
34210	40.6816
34220	30.6368
34230	40.6368
34240	30.9851
34250	40.9851
34260	31.3333
34270	41.3333
34280	31.6816
34290	41.6816
34300	31.6368
34310	41.6368
34320	31.9851
34330	41.9851
34340	32.3333
34350	42.3333
34360	32.6816
34370	42.2886
34380	32.6368
34390	42.6368
34400	32.9851
34410	42.9851
34420	33.3333
34430	43.3333
34440	33.6816
34450	43.2886
34460	33.6368
34470	43.6368
34480	33.9851
34490	43.9851
34500	34.3333
34510	44.3333
34520	34.6816
34530	44.2886
34540	34.6368
34550	44.6368
34560	34.9851
34570	44.9851
34580	35.3333
34590	45.3333
34600	35.6816
34610	45.2886
34620	35.6368
34630	45.6368
34640	35.9851
34650	45.9851
34660	36.3333
34670	46.3333
34680	36.6816
34690	46.2886
34700	36.6368
34710	46.6368
34720	36.9851
34730	46.9851
34740	37.3333
34750	47.3333
34760	37.6816
34770	47.2886
34780	37.6368
34790	47.6368
34800	37.9851
34810	28.3333
34820	38.3333
34830	28.6816
34840	38.6816
34850	48.2886
34860	38.6368
34870	48.6368
34880	38.9851
34890	29.3333
34900	39.3333
34910	29.6816
34920	39.6816
34930	49.2886
34940	39.6368
34950	49.6368
34960	39.9851
34970	30.3333
34980	40.3333
34990	30.6816
35000	40.6816
35010	30.6368
35020	40.6368
35030	30.9851
35040	40.9851
35050	31.3333
35060	41.3333
35070	31.6816
35080	41.6816
35090	31.6368
35100	41.6368
35110	31.9851
35120	41.9851
35130	32.3333
35140	42.3333
35150	32.6816
35160	42.2886
35170	32.6368
35180	42.6368
35190	32.9851
35200	42.9851
35210	33.3333
35220	43.3333
35230	33.6816
35240	43.2886
35250	33.6368
35260	43.6368
35270	33.9851
35280	43.9851
35290	34.3333
35300	44.3333
35310	34.6816
35320	44.2886
35330	34.6368
35340	44.6368
35350	34.9851
35360	44.9851
35370	35.3333
35380	45.3333
35390	35.6816
35400	45.2886
35410	35.6368
35420	45.6368
35430	35.9851
35440	45.9851
35450	36.3333
35460	46.3333
35470	36.6816
35480	46.2886
35490	36.6368
35500	46.6368
35510	36.9851
35520	46.9851
35530	37.3333
35540	47.3333
35550	37.6816
35560	47.2886
35570	37.6368
35580	47.6368
35590	37.9851
35600	28.3333
35610	38.3333
35620	28.6816
35630	38.6816
35640	48.2886
35650	38.6368
35660	48.6368
35670	38.9851
35680	29.3333
35690	39.3333
35700	29.6816
35710	39.6816
35720	49.2886
35730	39.6368
35740	49.6368
35750	39.9851
35760	30.3333
35770	40.3333
35780	30.6816
35790	40.6816
35800	30.6368
35810	40.6368
35820	30.9851
35830	40.9851
35840	31.3333
35850	41.3333
35860	31.6816
35870	41.6816
35880	31.6368
35890	41.6368
35900	31.9851
35910	41.9851
35920	32.3333
35930	42.3333
35940	32.6816
35950	42.2886
35960	32.6368
35970	42.6368
35980	32.9851
35990	42.9851
