10	10
20	2
30	2
40	2
50	2
60	2
70	2
80	2
90	2
100	2
110	2
120	2
130	2
140	2
150	2
160	2
170	2
180	2
190	2
200	2
210	2
220	2
230	2
240	2
250	4
260	8
270	18
280	22.6
290	19.4
300	29.4
310	28
320	38
330	24.9
340	34.9
350	27.0333
360	22.0333
370	32.0333
380	30
390	40
400	29.2143
410	20.2143
420	30.2143
430	23.0714
440	33.0714
450	31.4643
460	41.4643
470	30.9643
480	22.5
490	32.5
500	28
510	38
520	28.0833
530	38.0833
540	30.3056
550	24.4444
560	21.1111
570	31.1111
580	23.3333
590	33.3333
600	30
610	26.6667
620	36.6667
630	24.4444
640	34.4444
650	27.7778
660	37.7778
670	30
680	24.5556
690	21.7222
700	31.7222
710	25.5
720	35.5
730	33.5
740	31.5
750	41.5
760	31.5
770	41.5
780	36.5
790	35
800	45
810	35.7385
820	45.7385
830	39.0308
840	30.7385
850	40.7385
860	35.3539
870	45.3539
880	42.2967
890	37.4176
900	47.4176
910	42.978
920	52.978
930	48.3429
940	42
950	52
960	42.6857
970	52.6857
980	43.7524
990	53.7524
1000	47.45
1010	57.45
1020	51.875
1030	61.875
1040	51.4417
1050	61.4417
1060	46.974
1070	39.1838
1080	37.6838
1090	47.6838
1100	43.2794
1110	53.2794
1120	45.6324
1130	55.6324
1140	48.8235
1150	58.8235
1160	45.2941
1170	55.2941
1180	47.8922
1190	42.2549
1200	52.2549
1210	46.0784
1220	39.178
1230	35.5263
1240	45.5263
1250	36.5789
1260	46.5789
1270	40.7895
1280	50.7895
1290	44.8622
1300	54.8622
1310	49.7243
1320	59.7243
1330	49.9699
1340	59.9699
1350	48.541
1360	43.5606
1370	39.5887
1380	49.5887
1390	40.3312
1400	50.3312
1410	43.4709
1420	53.4709
1430	44.9455
1440	54.9454
1450	45.7691
1460	55.7691
1470	44.8691
1480	54.8691
1490	50.4691
1500	60.4691
1510	51.2691
1520	61.2691
1530	52.2232
1540	47.4904
1550	41.9793
1560	51.9793
1570	41.7585
1580	51.7585
1590	35.4381
1600	45.4381
1610	42.834
1620	38.9808
1630	48.9808
1640	41.9797
1650	51.9797
1660	39.6349
1670	49.6349
1680	47.836
1690	57.836
1700	51.7464
1710	61.7464
1720	51.7464
1730	40.7464
1740	50.7464
1750	46.3333
1760	43.0108
1770	53.0107
1780	43.2473
1790	53.2473
1800	42.1634
1810	52.1634
1820	41.6301
1830	51.6301
1840	42.0424
1850	52.0424
1860	46.0696
1870	40.5525
1880	50.5525
1890	43.365
1900	53.365
1910	43.614
1920	53.614
1930	50.489
1940	60.489
1950	49.864
1960	59.864
1970	52.6765
1980	62.6765
1990	55.1765
2000	65.1765
2010	54.4596
2020	64.4596
2030	52.0882
2040	43.9338
2050	39.8347
2060	49.8347
2070	43.3472
2080	53.3472
2090	45.5882
2100	55.5882
2110	43.3025
2120	53.3025
2130	40.5027
2140	50.5027
2150	44.1764
2160	54.1764
2170	42.0441
2180	52.0441
2190	46.3884
2200	41.7811
2210	51.7811
2220	43.7757
2230	53.7757
2240	45.2097
2250	43.9038
2260	39.1122
2270	49.1122
2280	42.9429
2290	52.9429
2300	43.3762
2310	53.3762
2320	41.3762
2330	51.3762
2340	41.8333
2350	51.8333
2360	44.8619
2370	54.8619
2380	43.224
2390	53.224
2400	44.327
2410	54.327
2420	49.3281
2430	40.7235
2440	50.7235
2450	41.8564
2460	51.8564
2470	46.9726
2480	56.9726
2490	50.2581
2500	60.2581
2510	53.0144
2520	63.0144
2530	51.0863
2540	61.0863
2550	50.5202
2560	45.9747
2570	40.8838
2580	50.8838
2590	39.4697
2600	49.4697
2610	39.3333
2620	49.3333
2630	43.3333
2640	53.3333
2650	42
2660	52
2670	42.0936
2680	52.0936
2690	45.6979
2700	55.6979
2710	44.0511
2720	54.0511
2730	44.6553
2740	41.2511
2750	51.2511
2760	43.166
2770	53.166
2780	44.017
2790	54.017
2800	50.6128
2810	60.6128
2820	48.9106
2830	58.9106
2840	49.8016
2850	59.8016
2860	52.9133
2870	62.9133
2880	50.5463
2890	60.5463
2900	51.6766
2910	46.6717
2920	41.5092
2930	51.5092
2940	39.5042
2950	49.5042
2960	39.1125
2970	49.1125
2980	43.2549
2990	53.2549
3000	41.2282
3010	51.2282
3020	41.44
3030	51.44
3040	45.7302
3050	37.1027
3060	47.1027
3070	39.4557
3080	49.4557
3090	45.7566
3100	55.7566
3110	43.0779
3120	53.0779
3130	45.608
3140	55.608
3150	50.2216
3160	60.2216
3170	47.3841
3180	57.3841
3190	48.3456
3200	58.3456
3210	51.8985
3220	43.1913
3230	53.1913
3240	46.3604
3250	56.3604
3260	51.6972
3270	43.2864
3280	53.2864
3290	44.8646
3300	54.8647
3310	44.7017
3320	54.7017
3330	42.9549
3340	52.9549
3350	41.2731
3360	38.6789
3370	48.6789
3380	40.8218
3390	50.8218
3400	41.6646
3410	51.6646
3420	47.9146
3430	57.9146
3440	46.486
3450	56.486
3460	48.6289
3470	58.6289
3480	51.486
3490	61.486
3500	50.1201
3510	60.1201
3520	50.0543
3530	45.5702
3540	41.5351
3550	51.5351
3560	43.7835
3570	53.7835
3580	42.7949
3590	52.7949
3600	42.0327
3610	52.0327
3620	41.2269
3630	51.2269
3640	46.0545
3650	56.0544
3660	45.3648
3670	36.7441
3680	46.7441
3690	42.2859
3700	52.2859
3710	45.2023
3720	55.2023
3730	48.2844
3740	58.2844
3750	50.8321
3760	60.8321
3770	50.4931
3780	60.4931
3790	50.1541
3800	46.2712
3810	41.2203
3820	51.2203
3830	41.0508
3840	51.0508
3850	39.2006
3860	49.2006
3870	43.1667
3880	53.1667
3890	43.1667
3900	53.1667
3910	43.1667
3920	53.1667
3930	45.8333
3940	55.8333
3950	45.8333
3960	55.8333
3970	45.8333
3980	41.8333
3990	51.8333
4000	45.1667
4010	55.1667
4020	45.6667
4030	55.6667
4040	51.6995
4050	61.6995
4060	51.8634
4070	61.8634
4080	51.2076
4090	61.2076
4100	54.1573
4110	64.1573
4120	54.6438
4130	64.6438
4140	55.1304
4150	47.7763
4160	39.8473
4170	49.8473
4180	40.684
4190	50.684
4200	39.3624
4210	49.3624
4220	44.2354
4230	37.8291
4240	47.8291
4250	35.9541
4260	45.9541
4270	40.6416
4280	50.6416
4290	46.5791
4300	56.5791
4310	47.8291
4320	57.8291
4330	47.2041
4340	57.2041
4350	49.7041
4360	59.7041
4370	50.9541
4380	60.9541
4390	45.9541
4400	55.9541
4410	50.8594
4420	60.8594
4430	53.1038
4440	63.1038
4450	54.7089
4460	64.7089
4470	50.417
4480	45.0588
4490	55.0588
4500	46.8521
4510	56.8521
4520	46.6011
4530	56.6011
4540	46.5618
4550	56.5618
4560	40.1439
4570	50.1439
4580	43.1343
4590	53.1343
4600	44.9204
4610	54.9204
4620	47.8831
4630	57.8831
4640	45.2473
4650	55.2473
4660	47.2745
4670	57.2745
4680	49.2463
4690	59.2463
4700	52.3449
4710	62.3449
4720	49.8097
4730	59.8097
4740	51.7815
4750	61.7815
4760	53.7534
4770	47.8873
4780	40.9859
4790	50.9859
4800	38.4507
4810	48.4507
4820	40.4538
4830	50.4538
4840	42.5196
4850	52.5196
4860	45.7649
4870	55.7649
4880	42.475
4890	52.475
4900	44.8774
4910	54.8774
4920	47.3999
4930	57.3999
4940	50.1815
4950	60.1814
4960	46.3977
4970	56.3977
4980	49.1004
4990	59.1004
5000	51.7574
5010	61.7574
5020	54.3233
5030	64.3233
5040	51.1186
5050	61.1186
5060	53.5019
5070	47.2727
5080	57.2727
5090	47.4026
5100	57.4026
5110	47.5325
5120	57.5325
5130	41.8182
5140	51.8182
5150	41.9481
5160	51.9481
5170	44.2857
5180	54.2857
5190	46.7072
5200	56.7072
5210	43.6602
5220	53.6602
5230	45.6091
5240	55.6091
5250	48.3659
5260	58.3659
5270	51.1507
5280	61.1508
5290	47.8596
5300	57.8596
5310	49.7162
5320	59.7162
5330	52.6869
5340	62.6869
5350	55.085
5360	65.085
5370	51.407
5380	45.679
5390	37.9012
5400	47.9012
5410	41.1111
5420	51.1111
5430	43.2385
5440	53.2385
5450	39.6432
5460	49.6432
5470	42.0009
5480	52.0009
5490	45.4149
5500	55.4149
5510	46.9621
5520	56.9621
5530	43.7238
5540	53.7238
5550	45.5045
5560	55.5045
5570	49.119
5580	59.119
5590	50.8058
5600	60.8058
5610	47.7076
5620	57.7076
5630	49.4762
5640	59.4762
5650	52.6173
5660	62.6173
5670	54.4311
5680	64.4311
5690	51.4245
5700	61.4245
5710	53.5923
5720	47.2591
5730	57.2591
5740	48.4202
5750	58.4202
5760	47.1371
5770	57.1371
5780	41.1748
5790	51.1748
5800	41.4943
5810	51.4943
5820	44.9425
5830	54.9425
5840	45.6322
5850	55.6322
5860	42.6437
5870	52.6437
5880	45.1724
5890	55.1724
5900	48.6207
5910	58.6207
5920	49.3515
5930	59.3515
5940	46.4773
5950	56.4773
5960	49.1425
5970	59.1425
5980	51.7827
5990	61.7827
6000	52.7856
6010	62.7856
6020	50.2339
6030	46.0869
6040	39.1005
6050	49.1005
6060	40.999
6070	50.999
6080	41.9988
6090	51.9989
6100	39.5791
6110	49.5791
6120	42.7451
6130	52.7451
6140	44.8478
6150	54.8478
6160	46.1983
6170	56.1983
6180	44.2162
6190	54.2162
6200	46.6379
6210	56.6379
6220	49.0227
6230	59.0227
6240	50.0962
6250	60.0962
6260	48.401
6270	58.401
6280	50.901
6290	60.901
6300	53.401
6310	63.401
6320	54.2832
6330	64.2832
6340	52.4763
6350	46.0969
6360	56.0969
6370	46.0651
6380	56.065
6390	46.7672
6400	56.7672
6410	45.3741
6420	55.3741
6430	40.7313
6440	50.7313
6450	42.9422
6460	52.9422
6470	45.9725
6480	55.9725
6490	46.5785
6500	56.5785
6510	44.8013
6520	54.8013
6530	47.1013
6540	57.1013
6550	49.6982
6560	59.6982
6570	50.4861
6580	60.4861
6590	48.8861
6600	58.8861
6610	51.2861
6620	61.2861
6630	53.7822
6640	63.7822
6650	54.4871
6660	64.4871
6670	52.7856
6680	46.2965
6690	38.4811
6700	48.4811
6710	41.4656
6720	51.4656
6730	41.6477
6740	51.6477
6750	40.1469
6760	50.1469
6770	42.2968
6780	52.2968
6790	45.1016
6800	55.1016
6810	45.4318
6820	55.4318
6830	44.2997
6840	54.2997
6850	46.1865
6860	56.1865
6870	48.8483
6880	58.8483
6890	49.014
6900	59.014
6910	48.0054
6920	58.0054
6930	50.0611
6940	60.0611
6950	52.6468
6960	62.6468
6970	52.5767
6980	62.5767
6990	51.7437
7000	61.7437
7010	54.0271
7020	48.0658
7030	58.0658
7040	48.1455
7050	58.1455
7060	45.8876
7070	55.8876
7080	42.0539
7090	52.0539
7100	42.3695
7110	52.3695
7120	44.0832
7130	54.0832
7140	44.5243
7150	54.5243
7160	43.564
7170	53.564
7180	46.2569
7190	56.2569
7200	47.5181
7210	57.5181
7220	48.0587
7230	58.0587
7240	47.0588
7250	57.0588
7260	49.8291
7270	59.8291
7280	51.2054
7290	61.2054
7300	51.9088
7310	61.9088
7320	50.4802
7330	60.4802
7340	53.3374
7350	63.3374
7360	54.7968
7370	64.7968
7380	55.276
7390	65.276
7400	53.9778
7410	46.4735
7420	39.5283
7430	49.5283
7440	41.2613
7450	51.2613
7460	41.2187
7470	51.2187
7480	39.7436
7490	49.7436
7500	43.1379
7510	53.1379
7520	45.1874
7530	55.1874
7540	45.1874
7550	55.1874
7560	43.8081
7570	53.8081
7580	47.1886
7590	57.1886
7600	49.315
7610	59.315
7620	49.4219
7630	59.4219
7640	48.1401
7650	58.1401
7660	51.1005
7670	61.1005
7680	53.4168
7690	63.4168
7700	53.7555
7710	63.7555
7720	52.1289
7730	46.0383
7740	56.0383
7750	46.5731
7760	56.5731
7770	46.8908
7780	56.8908
7790	44.958
7800	54.958
7810	40.7563
7820	50.7563
7830	43.1796
7840	53.1796
7850	45.7644
7860	55.7644
7870	46.3803
7880	56.3803
7890	45.0357
7900	55.0357
7910	47.0357
7920	57.0357
7930	49.7024
7940	59.7024
7950	50.3691
7960	60.369
7970	49.0357
7980	59.0357
7990	51.0357
8000	61.0357
8010	53.7292
8020	63.7292
8030	54.4658
8040	64.4658
8050	53.2537
8060	46.7469
8070	38.172
8080	48.172
8090	41.0436
8100	51.0436
8110	41.9781
8120	51.9781
8130	40.9836
8140	50.9836
8150	41.9672
8160	51.9672
8170	44.918
8180	54.918
8190	45.9016
8200	55.9016
8210	44.918
8220	54.918
8230	45.9016
8240	55.9016
8250	48.8698
8260	58.8698
8270	49.9114
8280	59.9114
8290	49.0344
8300	59.0344
8310	49.6038
8320	59.6038
8330	52.7444
8340	62.7444
8350	53.5745
8360	63.5745
8370	52.8699
8380	62.8699
8390	53.6303
8400	47.043
8410	57.043
8420	47.8955
8430	57.8955
8440	46.4286
8450	56.4286
8460	42.8571
8470	52.8571
8480	41.4286
8490	51.4286
8500	44.311
8510	54.311
8520	45.329
8530	55.329
8540	44.057
8550	54.057
8560	45.0605
8570	55.0605
8580	48.1107
8590	58.1107
8600	49.3146
8610	59.3146
8620	48.085
8630	58.085
8640	48.7757
8650	58.7757
8660	51.5643
8670	61.5643
8680	52.9774
8690	62.9774
8700	51.9631
8710	61.9631
8720	52.4169
8730	46.9314
8740	39.6923
8750	49.6923
8760	41.2308
8770	51.2308
8780	40.3277
8790	50.3277
8800	40.4627
8810	50.4627
8820	43.3142
8830	53.3141
8840	44.9175
8850	54.9175
8860	44.2131
8870	54.2131
8880	44.1559
8890	54.1559
8900	47.186
8910	57.186
8920	48.451
8930	58.451
8940	47.5659
8950	57.5659
8960	47.716
8970	57.716
8980	50.921
8990	60.921
9000	52.3614
9010	62.3614
9020	50.9437
9030	60.9437
9040	51.2969
9050	61.2969
9060	54.2875
9070	64.2876
9080	55.9169
9090	65.9169
9100	54.6424
9110	64.6424
9120	54.8091
9130	46.7805
9140	56.7805
9150	47.6047
9160	57.6047
9170	47.1565
9180	57.1565
9190	43.4489
9200	53.4489
9210	40.5387
9220	50.5387
9230	43.4045
9240	53.4045
9250	45.3925
9260	55.3925
9270	44.5415
9280	54.5415
9290	44.3155
9300	54.3155
9310	47.0103
9320	57.0103
9330	49.1843
9340	59.1843
9350	48.5297
9360	58.5297
9370	48.0918
9380	58.0918
9390	50.9641
9400	60.9641
9410	53.3048
9420	63.3048
9430	52.8336
9440	62.8336
9450	52.399
9460	46.0993
9470	39.078
9480	49.078
9490	41.4894
9500	51.4894
9510	41.0296
9520	51.0296
9530	40.7112
9540	50.7112
9550	43.4891
9560	53.4891
9570	46.0613
9580	56.0613
9590	45.4159
9600	55.4159
9610	45.3634
9620	55.3634
9630	48.1261
9640	58.1261
9650	50.3484
9660	60.3484
9670	49.7928
9680	59.7928
9690	49.7928
9700	59.7928
9710	52.5706
9720	62.5706
9730	54.7928
9740	64.7928
9750	54.204
9760	64.204
9770	54.3067
9780	46.4888
9790	56.4888
9800	47.2907
9810	57.2907
9820	46.9863
9830	56.9863
9840	43.5616
9850	53.5616
9860	41.3699
9870	51.3699
9880	44.3836
9890	54.3836
9900	46.3014
9910	56.3014
9920	45.4795
9930	55.4795
9940	45.7786
9950	55.7786
9960	48.6047
9970	58.6047
9980	50.6071
9990	60.6071
10000	49.918
10010	59.918
10020	50.3262
10030	60.3262
10040	52.9112
10050	62.9112
10060	54.9748
10070	64.9748
10080	54.1191
10090	47.2109
10100	37.7101
10110	47.7101
10120	40.4054
10130	50.4054
10140	42.5676
10150	52.5676
10160	41.4865
10170	51.4865
10180	42.027
10190	52.027
10200	44.7297
10210	54.7297
10220	46.9069
10230	56.9069
10240	45.8788
10250	55.8788
10260	46.501
10270	56.501
10280	48.8355
10290	58.8355
10300	51.1174
10310	61.1174
10320	50.1778
10330	60.1778
10340	50.8809
10350	60.8809
10360	53.2508
10370	63.2508
10380	55.3482
10390	65.3482
10400	54.6683
10410	46.9785
10420	56.9785
10430	45.5843
10440	55.5843
10450	45.6069
10460	55.6069
10470	45.4067
10480	55.4067
10490	42.4312
10500	52.4312
10510	43.2959
10520	53.2959
10530	45.6404
10540	55.6404
10550	47.2841
10560	57.2841
10570	47.1142
10580	57.1142
10590	48.0326
10600	58.0326
10610	50.5335
10620	60.5335
10630	51.6821
10640	61.6821
10650	51.6741
10660	61.6741
10670	52.6997
10680	46.9872
10690	39.5513
10700	49.5513
10710	40.592
10720	50.592
10730	40.6398
10740	50.6398
10750	41.741
10760	51.741
10770	43.9564
10780	53.9564
10790	45.1029
10800	55.1029
10810	45.2303
10820	55.2303
10830	46.4064
10840	56.4064
10850	48.4675
10860	58.4675
10870	49.4477
10880	59.4477
10890	49.7938
10900	59.7938
10910	51.1775
10920	61.1775
10930	53.0643
10940	63.0643
10950	53.9745
10960	63.9745
10970	54.2569
10980	47.1956
10990	57.1956
11000	46.4509
11010	56.4509
11020	45.9109
11030	55.9109
11040	44.5868
11050	54.5868
11060	42.1241
11070	52.1241
11080	44.1161
11090	54.1161
11100	45.9516
11110	55.9516
11120	46.7534
11130	56.7534
11140	47.0234
11150	57.0234
11160	49.285
11170	59.285
11180	50.7942
11190	60.7942
11200	51.3289
11210	61.3289
11220	51.6997
11230	46.7549
11240	38.9548
11250	48.9548
11260	40.5882
11270	50.5882
11280	41.2941
11290	51.2941
11300	41.5439
11310	51.5439
11320	43.5253
11330	53.5253
11340	45.2394
11350	55.2394
11360	46.0139
11370	56.0139
11380	46.45
11390	56.45
11400	48.0472
11410	58.0472
11420	49.9678
11430	59.9678
11440	50.4995
11450	60.4995
11460	51.0004
11470	61.0004
11480	52.8047
11490	62.8047
11500	54.5309
11510	64.5309
11520	55.1227
11530	47.8364
11540	57.8364
11550	45.618
11560	55.618
11570	45.3933
11580	55.3933
11590	44.6629
11600	54.6629
11610	42.9616
11620	52.9616
11630	43.088
11640	53.088
11650	45.2478
11660	55.2478
11670	46.5961
11680	56.5961
11690	47.485
11700	57.485
11710	47.485
11720	57.485
11730	49.7257
11740	59.7257
11750	51.1041
11760	61.1041
11770	51.7617
11780	61.7617
11790	51.8034
11800	46.7965
11810	39.1594
11820	49.1594
11830	40.666
11840	50.666
11850	41.3187
11860	51.3187
11870	41.0989
11880	51.0989
11890	43.5165
11900	53.5165
11910	45.0549
11920	55.0549
11930	45.7143
11940	55.7143
11950	45.4945
11960	55.4945
11970	47.8695
11980	57.8694
11990	49.4457
12000	59.4457
12010	50.1711
12020	60.1711
12030	50.0617
12040	60.0617
12050	52.1747
12060	62.1747
12070	53.8764
12080	63.8764
12090	54.7459
12100	64.7459
12110	54.6242
12120	46.589
12130	56.589
12140	46.6069
12150	56.6069
12160	46.1622
12170	56.1622
12180	44.7568
12190	54.7568
12200	41.8919
12210	51.8919
12220	44.1977
12230	54.1977
12240	45.9334
12250	55.9334
12260	46.7521
12270	56.7521
12280	46.5719
12290	56.5719
12300	49.0726
12310	59.0726
12320	50.7441
12330	60.7441
12340	51.6078
12350	61.6078
12360	51.0443
12370	46.3312
12380	38.949
12390	48.949
12400	40.6565
12410	50.6565
12420	41.6603
12430	51.6603
12440	41.0163
12450	51.0163
12460	43.6299
12470	53.6299
12480	45.1642
12490	55.1642
12500	46.3159
12510	56.3159
12520	45.8325
12530	55.8325
12540	48.0377
12550	58.0377
12560	49.7042
12570	59.7042
12580	50.9907
12590	60.9907
12600	50.6401
12610	60.6401
12620	52.4022
12630	62.4022
12640	54.1991
12650	64.1991
12660	55.6063
12670	65.6063
12680	55.4
12690	47.0806
12700	57.0806
12710	46.2519
12720	56.2519
12730	45.6016
12740	55.6016
12750	44.8205
12760	54.8205
12770	42.2051
12780	52.2051
12790	43.7436
12800	53.7436
12810	45.2411
12820	55.2411
12830	46.8615
12840	56.8615
12850	46.8993
12860	56.8993
12870	48.2679
12880	58.2679
12890	49.494
12900	59.494
12910	51.0697
12920	61.0697
12930	51.3588
12940	61.3587
12950	52.8663
12960	62.8663
12970	53.9718
12980	47.7889
12990	39.2965
13000	49.2965
13010	39.598
13020	49.598
13030	41.1055
13040	51.1055
13050	42.2111
13060	52.2111
13070	43.7186
13080	53.7186
13090	44.0201
13100	54.0201
13110	45.5276
13120	55.5276
13130	46.6332
13140	56.6332
13150	48.1407
13160	58.1407
13170	48.4545
13180	58.4545
13190	49.8467
13200	59.8467
13210	51.0113
13220	61.0113
13230	52.6225
13240	62.6225
13250	52.9468
13260	62.9468
13270	54.2631
13280	64.2631
13290	55.3027
13300	47.7072
13310	57.7072
13320	47.3015
13330	57.3015
13340	44.8758
13350	54.8758
13360	43.6695
13370	53.6695
13380	42.5332
13390	52.5332
13400	44.5545
13410	54.5545
13420	44.646
13430	54.646
13440	45.524
13450	55.524
13460	46.7923
13470	56.7923
13480	48.8411
13490	58.8411
13500	48.9387
13510	58.9387
13520	49.8167
13530	59.8167
13540	51.0292
13550	61.0292
13560	53.1161
13570	63.1161
13580	53.2801
13590	63.2801
13600	54.2624
13610	47.645
13620	38.4871
13630	48.4871
13640	40.693
13650	50.693
13660	40.8682
13670	50.8682
13680	41.9879
13690	51.9879
13700	42.757
13710	52.757
13720	45.0964
13730	55.0964
13740	44.917
13750	54.917
13760	46.1358
13770	56.1358
13780	46.9571
13790	56.9571
13800	49.5051
13810	59.5051
13820	49.481
13830	59.481
13840	50.6463
13850	60.6463
13860	51.4575
13870	61.4575
13880	53.8157
13890	63.8157
13900	53.979
13910	47.5762
13920	57.5762
13930	46.5804
13940	56.5804
13950	44.854
13960	54.854
13970	44.6351
13980	54.6351
13990	42.5118
14000	52.5118
14010	43.9348
14020	53.9348
14030	44.7144
14040	54.7144
14050	46.6237
14060	56.6237
14070	47.0789
14080	57.0789
14090	48.2771
14100	58.2771
14110	49.1066
14120	59.1066
14130	50.9888
14140	60.9888
14150	51.4888
14160	61.4888
14170	52.7463
14180	62.7463
14190	53.6745
14200	47.6373
14210	39.1655
14220	49.1655
14230	39.777
14240	49.777
14250	41.1521
14260	51.1521
14270	42.1891
14280	52.1891
14290	43.3846
14300	53.3846
14310	44.0775
14320	54.0775
14330	45.5947
14340	55.5947
14350	46.7921
14360	56.7921
14370	47.7275
14380	57.7275
14390	48.1662
14400	58.1662
14410	49.8393
14420	59.8393
14430	51.1845
14440	61.1845
14450	52.2029
14460	62.2029
14470	52.527
14480	62.527
14490	53.99
14500	63.99
14510	55.4186
14520	48.125
14530	58.125
14540	46.8304
14550	56.8304
14560	44.7321
14570	54.7321
14580	43.8393
14590	53.8393
14600	42.9464
14610	52.9464
14620	44.0336
14630	54.0336
14640	44.2734
14650	54.2734
14660	45.7587
14670	55.7587
14680	47.2647
14690	57.2647
14700	48.4202
14710	58.4202
14720	48.5091
14730	58.5091
14740	50.0202
14750	60.0202
14760	51.5313
14770	61.5313
14780	52.6869
14790	62.6869
14800	52.7758
14810	47.2889
14820	38.8
14830	48.8
14840	40.2874
14850	50.2874
14860	41.3731
14870	51.3731
14880	41.5716
14890	51.5716
14900	43.2353
14910	53.2353
14920	44.5876
14930	54.5876
14940	45.3896
14950	55.3896
14960	45.7297
14970	55.7297
14980	47.4841
14990	57.4841
15000	48.8876
15010	58.8876
15020	49.5668
15030	59.5668
15040	49.9818
15050	59.9818
15060	51.618
15070	61.618
15080	53.1397
15090	63.1397
15100	53.5951
15110	63.5951
15120	54.2218
15130	47.4337
15140	57.4337
15150	46.8534
15160	56.8534
15170	45.9052
15180	55.9052
15190	43.7931
15200	53.7931
15210	42.069
15220	52.069
15230	43.7931
15240	53.7931
15250	45.1724
15260	55.1724
15270	45.5331
15280	55.5331
15290	46.1088
15300	56.1088
15310	47.8868
15320	57.8868
15330	49.3411
15340	59.3411
15350	49.7702
15360	59.7702
15370	50.1994
15380	60.1994
15390	52.002
15400	62.002
15410	53.4612
15420	63.4612
15430	53.8904
15440	63.8904
15450	54.3353
15460	47.3173
15470	39.1539
15480	49.1539
15490	40.4326
15500	50.4326
15510	40.9184
15520	50.9184
15530	41.3661
15540	51.3661
15550	43.3424
15560	53.3424
15570	44.656
15580	54.656
15590	45.0569
15600	55.0569
15610	45.2891
15620	55.2891
15630	47.4226
15640	57.4226
15650	48.6286
15660	58.6286
15670	49.1837
15680	59.1837
15690	49.4137
15700	59.4137
15710	51.2984
15720	61.2984
15730	52.6989
15740	62.6989
15750	53.206
15760	63.206
15770	53.3713
15780	47.2727
15790	57.2727
15800	46.8048
15810	56.8048
15820	46.0276
15830	56.0276
15840	43.9889
15850	53.9889
15860	41.809
15870	51.809
15880	43.4153
15890	53.4153
15900	44.9777
15910	54.9777
15920	45.4155
15930	55.4155
15940	45.9081
15950	55.9081
15960	47.4044
15970	57.4044
15980	48.6967
15990	58.6967
16000	49.2733
16010	59.2733
16020	49.7332
16030	59.7332
16040	51.3229
16050	61.3229
16060	52.5906
16070	62.5906
16080	53.337
16090	63.337
16100	53.6022
16110	47.5645
16120	39.0984
16130	49.0984
16140	40.3262
16150	50.3262
16160	41.0462
16170	51.0462
16180	41.3879
16190	51.388
16200	43.0207
16210	53.0207
16220	44.088
16230	54.088
16240	44.8279
16250	54.8279
16260	45.0746
16270	55.0746
16280	46.7979
16290	56.7979
16300	47.9002
16310	57.9002
16320	48.6876
16330	58.6876
16340	48.8254
16350	58.8254
16360	50.6112
16370	60.6112
16380	51.6105
16390	61.6105
16400	52.5477
16410	62.5477
16420	52.4896
16430	62.4896
16440	54.2586
16450	64.2586
16460	55.2959
16470	48.3462
16480	58.3462
16490	47.1036
16500	57.1036
16510	44.4876
16520	54.4876
16530	43.99
16540	53.99
16550	42.3432
16560	52.3432
16570	43.5513
16580	53.5513
16590	43.5465
16600	53.5465
16610	45.3926
16620	55.3926
16630	46.008
16640	56.008
16650	47.2523
16660	57.2523
16670	47.2858
16680	57.2858
16690	48.969
16700	58.969
16710	49.6679
16720	59.6679
16730	51.0018
16740	61.0018
16750	51.1307
16760	61.1307
16770	52.5327
16780	62.5327
16790	53.3281
16800	63.3281
16810	54.7508
16820	64.7508
16830	54.7033
16840	47.6992
16850	39.1748
16860	49.1748
16870	40.0612
16880	50.0612
16890	41.259
16900	51.259
16910	41.2873
16920	51.2873
16930	42.8461
16940	52.8461
16950	43.8271
16960	53.8271
16970	44.8351
16980	54.8351
16990	44.9574
17000	54.9574
17010	46.311
17020	56.311
17030	47.3902
17040	57.3902
17050	48.4872
17060	58.4872
17070	48.721
17080	58.721
17090	49.7857
17100	59.7857
17110	50.997
17120	60.997
17130	51.9832
17140	61.9832
17150	52.3549
17160	62.3549
17170	53.3215
17180	63.3215
17190	54.5941
17200	64.5941
17210	55.5871
17220	48.3694
17230	58.3694
17240	46.3254
17250	56.3254
17260	45.006
17270	55.006
17280	44.0456
17290	54.0456
17300	42.77
17310	52.77
17320	42.9914
17330	52.9914
17340	44.0984
17350	54.0984
17360	45.5006
17370	55.5006
17380	46.6207
17390	56.6207
17400	46.8739
17410	56.8739
17420	48.0287
17430	58.0287
17440	49.2192
17450	59.2192
17460	50.3957
17470	60.3957
17480	50.6898
17490	60.6898
17500	51.8663
17510	61.8663
17520	53.0428
17530	63.0428
17540	54.2192
17550	64.2192
17560	54.4719
17570	47.7203
17580	38.927
17590	48.927
17600	40.1508
17610	50.1508
17620	41.3919
17630	51.3919
17640	41.4652
17650	51.4652
17660	42.7192
17670	52.7192
17680	43.9903
17690	53.9903
17700	45.096
17710	55.096
17720	45.2419
17730	55.2419
17740	46.5813
17750	56.5813
17760	47.9376
17770	57.9376
17780	48.774
17790	58.774
17800	49.0191
17810	59.0191
17820	50.2619
17830	60.2619
17840	51.675
17850	61.675
17860	52.5705
17870	62.5705
17880	52.9048
17890	62.9048
17900	54.1322
17910	64.1322
17920	55.3849
17930	48.3799
17940	58.3799
17950	46.9872
17960	56.9872
17970	44.6896
17980	54.6896
17990	43.6758
18000	53.6758
18010	42.6787
18020	52.6787
18030	43.4809
18040	53.4809
18050	43.6959
18060	53.6959
18070	45.058
18080	55.058
18090	46.42
18100	56.42
18110	47.2085
18120	57.2085
18130	47.4235
18140	57.4235
18150	48.7856
18160	58.7856
18170	50.1476
18180	60.1476
18190	50.9361
18200	60.9361
18210	51.1511
18220	61.1511
18230	52.5132
18240	62.5132
18250	53.8752
18260	63.8752
18270	54.6893
18280	48.3852
18290	38.6618
18300	48.6618
18310	39.9193
18320	49.9193
18330	41.1471
18340	51.1471
18350	42.0977
18360	52.0978
18370	42.3199
18380	52.3199
18390	43.6046
18400	53.6046
18410	44.9306
18420	54.9306
18430	45.8312
18440	55.8312
18450	45.8577
18460	55.8577
18470	47.2906
18480	57.2906
18490	48.5644
18500	58.5644
18510	49.4416
18520	59.4416
18530	49.5379
18540	59.5379
18550	51.0521
18560	61.0521
18570	52.3189
18580	62.3189
18590	52.9643
18600	62.9643
18610	53.1903
18620	63.1903
18630	54.8489
18640	48.1363
18650	58.1363
18660	47.0926
18670	57.0926
18680	45.268
18690	55.268
18700	43.1615
18710	53.1615
18720	42.6354
18730	52.6354
18740	43.8565
18750	53.8565
18760	44.296
18770	54.296
18780	44.7392
18790	54.7392
18800	46.5754
18810	56.5754
18820	47.6437
18830	57.6437
18840	48.0637
18850	58.0637
18860	48.6364
18870	58.6364
18880	50.3522
18890	60.3522
18900	51.5126
18910	61.5126
18920	51.8539
18930	61.8539
18940	52.4806
18950	62.4806
18960	54.2143
18970	48.3745
18980	39.5798
18990	49.5798
19000	39.7464
19010	49.7464
19020	40.4602
19030	50.4602
19040	42.0693
19050	52.0693
19060	43.3574
19070	53.3574
19080	43.5608
19090	53.5608
19100	44.3147
19110	54.3147
19120	45.8974
19130	55.8974
19140	47.225
19150	57.225
19160	47.4952
19170	57.4952
19180	48.3302
19190	58.3303
19200	49.9906
19210	59.9905
19220	51.1769
19230	61.1769
19240	51.5629
19250	61.5629
19260	52.3511
19270	62.3511
19280	53.9154
19290	63.9154
19300	55.2097
19310	65.2097
19320	55.7186
19330	47.9414
19340	57.9414
19350	46.0828
19360	56.0828
19370	45.4134
19380	55.4134
19390	44.4599
19400	54.4599
19410	42.371
19420	52.371
19430	42.8812
19440	52.8812
19450	44.5841
19460	54.5841
19470	46.0372
19480	56.0372
19490	46.4346
19500	56.4346
19510	46.8319
19520	56.8319
19530	48.5538
19540	58.5538
19550	50.0107
19560	60.0107
19570	50.4081
19580	60.4081
19590	50.8296
19600	60.8296
19610	52.6041
19620	62.6041
19630	53.964
19640	63.964
19650	54.1985
19660	47.8288
19670	38.3831
19680	48.3831
19690	40.2661
19700	50.2661
19710	41.6393
19720	51.6393
19730	41.7049
19740	51.7049
19750	42.2951
19760	52.2951
19770	44.1714
19780	54.1714
19790	45.5713
19800	55.5713
19810	45.6776
19820	55.6776
19830	46.3311
19840	56.3311
19850	48.0528
19860	58.0528
19870	49.3657
19880	59.3657
19890	49.5611
19900	59.5611
19910	50.3011
19920	60.3011
19930	52.0971
19940	62.0971
19950	53.3882
19960	63.3882
19970	53.648
19980	63.6479
19990	54.4272
20000	47.4026
20010	57.4026
20020	46.9774
20030	56.9774
20040	45.9987
20050	55.9987
20060	43.6929
20070	53.6929
20080	41.9472
20090	51.9472
20100	43.908
20110	53.9081
20120	45.1916
20130	55.1916
20140	45.416
20150	55.416
20160	46.0926
20170	56.0926
20180	48.0293
20190	58.0293
20200	49.4304
20210	59.4304
20220	49.8398
20230	59.8398
20240	50.519
20250	60.5191
20260	52.2565
20270	62.2565
20280	53.7425
20290	63.7425
20300	54.0554
20310	47.6304
20320	38.3861
20330	48.3861
20340	40.1582
20350	50.1582
20360	41.6676
20370	51.6676
20380	41.8964
20390	51.8964
20400	42.7689
20410	52.7689
20420	44.4548
20430	54.4548
20440	45.9401
20450	55.9401
20460	46.0496
20470	56.0496
20480	47.0939
20490	57.0939
20500	48.6516
20510	58.6516
20520	50.2092
20530	60.2092
20540	50.2869
20550	60.2869
20560	51.3901
20570	61.3901
20580	52.8643
20590	62.8643
20600	54.3052
20610	64.3052
20620	54.4909
20630	47.5232
20640	57.5232
20650	46.3467
20660	56.3467
20670	45.4597
20680	55.4597
20690	44.5869
20700	54.5869
20710	42.3379
20720	52.3379
20730	43.5689
20740	53.5689
20750	45.0504
20760	55.0504
20770	46.5318
20780	56.5318
20790	46.7901
20800	56.7901
20810	48.05
20820	58.05
20830	49.4014
20840	59.4014
20850	50.9009
20860	60.9009
20870	51.235
20880	61.235
20890	52.5668
20900	62.5668
20910	53.9236
20920	47.929
20930	39.3037
20940	49.3037
20950	39.5448
20960	49.5448
20970	40.9246
20980	50.9246
20990	42.3526
21000	52.3526
21010	43.7948
21020	53.7948
21030	44.0311
21040	54.0311
21050	45.2506
21060	55.2506
21070	46.714
21080	56.714
21090	48.1845
21100	58.1845
21110	48.4509
21120	58.4509
21130	49.7061
21140	59.7061
21150	50.99
21160	60.99
21170	52.5516
21180	62.5516
21190	52.9299
21200	62.9299
21210	54.1011
21220	64.1011
21230	55.2705
21240	47.7691
21250	57.7691
21260	47.1542
21270	57.1542
21280	44.9086
21290	54.9086
21300	43.691
21310	53.691
21320	42.6393
21330	52.6393
21340	44.4011
21350	54.4011
21360	44.5468
21370	54.5468
21380	45.6635
21390	55.6635
21400	47.0539
21410	57.0539
21420	48.7136
21430	58.7136
21440	48.9735
21450	58.9735
21460	49.9903
21470	59.9903
21480	51.474
21490	61.474
21500	53.195
21510	63.195
21520	53.4918
21530	47.5074
21540	38.5163
21550	48.5163
21560	40.0069
21570	50.0068
21580	41.7482
21590	51.7482
21600	42.0814
21610	52.0814
21620	43.1534
21630	53.1534
21640	44.7325
21650	54.7325
21660	46.4276
21670	56.4276
21680	46.6703
21690	56.6703
21700	47.9086
21710	57.9086
21720	49.5102
21730	59.5102
21740	51.3109
21750	61.3109
21760	51.4419
21770	61.4419
21780	52.8506
21790	62.8506
21800	54.3289
21810	47.5856
21820	57.5856
21830	47.1746
21840	57.1746
21850	44.6531
21860	54.6531
21870	43.8905
21880	53.8905
21890	43.1412
21900	53.1412
21910	44.928
21920	54.928
21930	44.8489
21940	54.8489
21950	46.351
21960	56.351
21970	47.9799
21980	57.9799
21990	49.8838
22000	59.8838
22010	49.6625
22020	59.6625
22030	51.0112
22040	61.0112
22050	52.7381
22060	47.6921
22070	39.7088
22080	49.7088
22090	39.4635
22100	49.4636
22110	40.8305
22120	50.8305
22130	42.3559
22140	52.3559
22150	44.4332
22160	54.4332
22170	44.2561
22180	54.2561
22190	45.6725
22200	55.6725
22210	47.0889
22220	57.0889
22230	49.1916
22240	59.1916
22250	49.0429
22260	59.0429
22270	50.4922
22280	60.4922
22290	51.9545
22300	61.9545
22310	54.1014
22320	64.1014
22330	53.9885
22340	47.0056
22350	57.0056
22360	46.1712
22370	56.1712
22380	45.3499
22390	55.3499
22400	45.3029
22410	55.3029
22420	42.4863
22430	52.4863
22440	43.9547
22450	53.9547
22460	45.547
22470	55.547
22480	47.847
22490	57.847
22500	47.4797
22510	57.4797
22520	48.7624
22530	58.7624
22540	50.4029
22550	60.4029
22560	52.7708
22570	62.7708
22580	52.4746
22590	62.4746
22600	53.7526
22610	47.1309
22620	38.6351
22630	48.6351
22640	41.0368
22650	51.0368
22660	40.7793
22670	50.7793
22680	42.0932
22690	52.0932
22700	43.4331
22710	53.4331
22720	45.9139
22730	55.9139
22740	45.6234
22750	55.6234
22760	47.0534
22770	57.0534
22780	48.2883
22790	58.2883
22800	50.722
22810	60.722
22820	50.4465
22830	60.4465
22840	51.9532
22850	61.9532
22860	53.1152
22870	47.3138
22880	57.3138
22890	47.4847
22900	57.4847
22910	44.7652
22920	54.7652
22930	44.0339
22940	54.0339
22950	42.8316
22960	52.8316
22970	45.0994
22980	55.0994
22990	44.8226
23000	54.8226
23010	46.4868
23020	56.4868
23030	47.661
23040	57.661
23050	49.906
23060	59.906
23070	49.5298
23080	59.5298
23090	51.3184
23100	61.3184
23110	52.4566
23120	47.4805
23130	39.6712
23140	49.6712
23150	39.3159
23160	49.3159
23170	41.1383
23180	51.1383
23190	42.3101
23200	52.3101
23210	44.4003
23220	54.4003
23230	44.0099
23240	54.0099
23250	45.9185
23260	55.9185
23270	47.0317
23280	57.0317
23290	49.2419
23300	59.2419
23310	48.7202
23320	58.7202
23330	50.5384
23340	60.5384
23350	51.7149
23360	61.7149
23370	53.9609
23380	63.9609
23390	53.4261
23400	46.8984
23410	56.8984
23420	46.4352
23430	56.4351
23440	45.2912
23450	55.2912
23460	45.3723
23470	55.3723
23480	42.3608
23490	52.3608
23500	44.0414
23510	54.0414
23520	45.2687
23530	55.2687
23540	47.6734
23550	57.6734
23560	47.3692
23570	57.3692
23580	48.9068
23590	58.9068
23600	49.9942
23610	59.9942
23620	52.5148
23630	62.5148
23640	52.3042
23650	62.3042
23660	53.7779
23670	47.3947
23680	38.4474
23690	48.4474
23700	40.9737
23710	50.9737
23720	40.7764
23730	50.7764
23740	42.2864
23750	52.2864
23760	43.2702
23770	53.2702
23780	45.8822
23790	55.8822
23800	45.7972
23810	55.7972
23820	47.2674
23830	57.2674
23840	48.2533
23850	58.2533
23860	50.9165
23870	60.9165
23880	50.8643
23890	60.8643
23900	52.2863
23910	62.2863
23920	53.2376
23930	47.0338
23940	57.0338
23950	47.4416
23960	57.4416
23970	44.9773
23980	54.9773
23990	44.2346
24000	54.2346
24010	42.688
24020	52.688
24030	45.1751
24040	55.1751
24050	45.1976
24060	55.1976
24070	46.7382
24080	56.7382
24090	47.6091
24100	57.6091
24110	50.1284
24120	60.1284
24130	50.1798
24140	60.1798
24150	51.6886
24160	61.6886
24170	52.5159
24180	47.0804
24190	39.6611
24200	49.6611
24210	39.6164
24220	49.6164
24230	41.202
24240	51.202
24250	41.9693
24260	51.9693
24270	44.578
24280	54.578
24290	44.5269
24300	54.5269
24310	46.1125
24320	56.1125
24330	46.8798
24340	56.8798
24350	49.4885
24360	59.4885
24370	49.4373
24380	59.4373
24390	51.0289
24400	61.0289
24410	51.8145
24420	61.8145
24430	54.3234
24440	64.3234
24450	54.3297
24460	47.1618
24470	57.1618
24480	46.4436
24490	56.4436
24500	44.7827
24510	54.7827
24520	45.0972
24530	55.0972
24540	42.7335
24550	52.7335
24560	44.2885
24570	54.2885
24580	45.0449
24590	55.0449
24600	47.4247
24610	57.4247
24620	47.5766
24630	57.5766
24640	49.1462
24650	59.1462
24660	49.9057
24670	59.9057
24680	52.2854
24690	62.2854
24700	52.4467
24710	62.4467
24720	53.9483
24730	47.5432
24740	38.3361
24750	48.3361
24760	40.7576
24770	50.7576
24780	40.9596
24790	50.9596
24800	42.3737
24810	52.3737
24820	43.1818
24830	53.1818
24840	45.6061
24850	55.6061
24860	45.8205
24870	55.8205
24880	47.2697
24890	57.2697
24900	48.0124
24910	58.0124
24920	50.5194
24930	60.5194
24940	50.7642
24950	60.7642
24960	52.3008
24970	62.3007
24980	53.0586
24990	47.0107
25000	57.0107
25010	47.3304
25020	57.3304
25030	45.0738
25040	55.0738
25050	44.2231
25060	54.2231
25070	42.6978
25080	52.6978
25090	45.0349
25100	55.0349
25110	45.3207
25120	55.3207
25130	46.7868
25140	56.7868
25150	47.6438
25160	57.6438
25170	50.0554
25180	60.0554
25190	50.3023
25200	60.3023
25210	51.7344
25220	61.7344
25230	52.5739
25240	47.0864
25250	39.5062
25260	49.5062
25270	39.7531
25280	49.7531
25290	41.1909
25300	51.1909
25310	41.9742
25320	51.9742
25330	44.421
25340	54.421
25350	44.7166
25360	54.7166
25370	46.2115
25380	56.2115
25390	46.9308
25400	56.9308
25410	49.2595
25420	59.2595
25430	49.6035
25440	59.6035
25450	51.1269
25460	61.1269
25470	51.8699
25480	61.8699
25490	54.1957
25500	64.1957
25510	54.5698
25520	47.3586
25530	57.3586
25540	46.4216
25550	56.4216
25560	44.8039
25570	54.8039
25580	44.951
25590	54.951
25600	42.8922
25610	52.8922
25620	44.2647
25630	54.2647
25640	45.049
25650	55.049
25660	47.402
25670	57.402
25680	47.7941
25690	57.7941
25700	49.1667
25710	59.1667
25720	49.9598
25730	59.9598
25740	52.246
25750	62.246
25760	52.6712
25770	62.6712
25780	54.0949
25790	47.5672
25800	38.3336
25810	48.3336
25820	40.564
25830	50.564
25840	41.0488
25850	51.0488
25860	42.5122
25870	52.5122
25880	43.1767
25890	53.1767
25900	45.4368
25910	55.4368
25920	45.9542
25930	55.9542
25940	47.4497
25950	57.4497
25960	48.0379
25970	58.0379
25980	50.2844
25990	60.2844
26000	50.7858
26010	60.7858
26020	52.2685
26030	62.2685
26040	52.8827
26050	47.1261
26060	57.1261
26070	47.0192
26080	57.0192
26090	45.1683
26100	55.1683
26110	44.399
26120	54.399
26130	42.5296
26140	52.5296
26150	44.5987
26160	54.5987
26170	45.2395
26180	55.2395
26190	46.8772
26200	56.8772
26210	47.313
26220	57.313
26230	49.3815
26240	59.3815
26250	49.959
26260	59.9591
26270	51.6733
26280	61.6733
26290	52.0543
26300	47.119
26310	39.2143
26320	49.2143
26330	39.7857
26340	49.7857
26350	41.5
26360	51.5
26370	41.881
26380	51.881
26390	43.9762
26400	53.9762
26410	44.5476
26420	54.5476
26430	46.2619
26440	56.2619
26450	46.6429
26460	56.6429
26470	48.7381
26480	58.7381
26490	49.3095
26500	59.3095
26510	51.0238
26520	61.0238
26530	51.4048
26540	61.4048
26550	53.5053
26560	63.5053
26570	54.094
26580	47.433
26590	57.433
26600	46.8942
26610	56.8942
26620	44.6793
26630	54.6793
26640	44.5843
26650	54.5843
26660	42.7791
26670	52.7791
26680	44.5368
26690	54.5368
26700	44.7743
26710	54.7743
26720	46.9121
26730	56.9121
26740	47.5114
26750	57.5114
26760	49.3069
26770	59.3069
26780	49.4786
26790	59.4786
26800	51.7034
26810	61.7034
26820	52.2436
26830	62.2436
26840	54.117
26850	64.117
26860	54.3115
26870	46.9463
26880	39.2287
26890	49.2287
26900	39.8319
26910	49.8319
26920	41.5982
26930	51.5982
26940	41.8625
26950	51.8625
26960	44.2048
26970	54.2048
26980	44.862
26990	54.862
27000	46.6461
27010	56.6461
27020	46.9278
27030	56.9278
27040	49.2752
27050	59.2752
27060	49.9324
27070	59.9324
27080	51.7218
27090	61.7218
27100	51.9506
27110	61.9506
27120	54.3238
27130	64.3238
27140	55.0207
27150	47.3302
27160	57.3302
27170	46.8852
27180	56.8852
27190	44.5433
27200	54.5433
27210	44.7307
27220	54.7307
27230	43.0211
27240	53.0211
27250	44.8478
27260	54.8478
27270	44.997
27280	54.997
27290	47.4038
27300	57.4038
27310	48.0088
27320	58.0088
27330	49.8832
27340	59.8832
27350	50.0088
27360	60.0088
27370	52.4669
27380	62.4668
27390	53.0701
27400	47.296
27410	39.2075
27420	49.2075
27430	39.2541
27440	49.2541
27450	41.7249
27460	51.7249
27470	42.331
27480	52.331
27490	44.2424
27500	54.2424
27510	44.289
27520	54.289
27530	46.7599
27540	56.7599
27550	47.366
27560	57.366
27570	49.2774
27580	59.2774
27590	49.324
27600	59.324
27610	51.7949
27620	61.7949
27630	52.4066
27640	62.4066
27650	54.3338
27660	64.3338
27670	54.2931
27680	46.6795
27690	56.6795
27700	46.9637
27710	56.9637
27720	45.2187
27730	55.2187
27740	44.9478
27750	54.9478
27760	42.3898
27770	52.3898
27780	44.7564
27790	54.7564
27800	45.4524
27810	55.4524
27820	47.4209
27830	57.4209
27840	47.3948
27850	57.3948
27860	49.7894
27870	59.7894
27880	50.5357
27890	60.5357
27900	52.4059
27910	62.4059
27920	52.4377
27930	46.7939
27940	39.0814
27950	49.0814
27960	39.9053
27970	49.9053
27980	41.8615
27990	51.8615
28000	41.7697
28010	51.7697
28020	44.1398
28030	54.1398
28040	45.0572
28050	55.0572
28060	47.091
28070	57.091
28080	46.822
28090	56.822
28100	49.2248
28110	59.2248
28120	50.2022
28130	60.2022
28140	52.2873
28150	62.2872
28160	52.019
28170	62.019
28180	54.3323
28190	47.588
28200	57.588
28210	46.2829
28220	56.2829
28230	46.0455
28240	56.0455
28250	43.3409
28260	53.3409
28270	43.5
28280	53.5
28290	44.573
28300	54.573
28310	46.5295
28320	56.5295
28330	46.4104
28340	56.4104
28350	48.8224
28360	58.8224
28370	49.8367
28380	59.8367
28390	51.7652
28400	61.7652
28410	51.7173
28420	46.614
28430	38.9165
28440	48.9165
28450	39.9549
28460	49.9549
28470	41.8962
28480	51.8962
28490	41.851
28500	51.851
28510	44.1535
28520	54.1535
28530	45.1919
28540	55.1919
28550	47.1332
28560	57.1332
28570	47.088
28580	57.088
28590	49.378
28600	59.378
28610	50.4483
28620	60.4483
28630	52.328
28640	62.328
28650	52.3617
28660	46.6742
28670	56.6742
28680	46.6517
28690	56.6517
28700	45.4157
28710	55.4157
28720	44.9964
28730	54.9964
28740	42.5665
28750	52.5665
28760	44.6729
28770	54.6729
28780	45.8362
28790	55.8362
28800	47.7196
28810	57.7196
28820	47.8093
28830	57.8093
28840	49.8796
28850	59.8796
28860	51.0639
28870	61.0639
28880	52.8521
28890	62.8522
28900	52.9584
28910	46.7122
28920	38.8326
28930	48.8326
28940	40.0695
28950	50.0695
28960	41.8527
28970	51.8527
28980	41.8527
28990	51.8527
29000	44.0005
29010	54.0005
29020	45.2662
29030	55.2662
29040	46.9659
29050	56.9659
29060	46.9937
29070	56.9937
29080	49.206
29090	59.206
29100	50.4388
29110	60.4387
29120	52.1631
29130	62.1631
29140	52.1354
29150	62.1354
29160	54.311
29170	47.5494
29180	57.5494
29190	46.4043
29200	56.4043
29210	45.9155
29220	55.9155
29230	43.4486
29240	53.4486
29250	43.3848
29260	53.3848
29270	44.5068
29280	54.5068
29290	46.2234
29300	56.2234
29310	46.3332
29320	56.3332
29330	48.5104
29340	58.5104
29350	49.6205
29360	59.6205
29370	51.2507
29380	61.2507
29390	51.412
29400	61.412
29410	53.5832
29420	47.6677
29430	38.8159
29440	48.8159
29450	40.4341
29460	50.4341
29470	40.4614
29480	50.4614
29490	42.7174
29500	52.7174
29510	43.9348
29520	53.9348
29530	45.5
29540	55.5
29550	45.5
29560	55.5
29570	47.7609
29580	57.7609
29590	48.9783
29600	58.9783
29610	50.5535
29620	60.5535
29630	50.521
29640	60.521
29650	52.7216
29660	62.7216
29670	54.0102
29680	47.6407
29690	57.6407
29700	46.9913
29710	56.9913
29720	44.3939
29730	54.3939
29740	44.3362
29750	54.3362
29760	43.3149
29770	53.3149
29780	44.9872
29790	54.9872
29800	44.7875
29810	54.7875
29820	47.0073
29830	57.0073
29840	48.2555
29850	58.2555
29860	49.9772
29870	59.9772
29880	49.8048
29890	59.8048
29900	52.0461
29910	62.0461
29920	53.2682
29930	47.6296
29940	39.388
29950	49.388
29960	39.1466
29970	49.1466
29980	41.3271
29990	51.3271
30000	42.6646
30010	52.6646
30020	44.3954
30030	54.3954
30040	44.0221
30050	54.0221
30060	46.1853
30070	56.1853
30080	47.6222
30090	57.6222
30100	49.4094
30110	59.4094
30120	48.9839
30130	58.9839
30140	51.1115
30150	61.1115
30160	52.5583
30170	62.5583
30180	54.3456
30190	64.3456
30200	53.92
30210	46.617
30220	56.617
30230	46.5106
30240	56.5106
30250	45.6383
30260	55.6383
30270	45.1489
30280	55.1489
30290	42.1702
30300	52.1702
30310	44.2979
30320	54.2979
30330	45.7276
30340	55.7276
30350	47.4745
30360	57.4745
30370	47.1085
30380	57.1085
30390	49.3212
30400	59.3212
30410	50.7115
30420	60.7115
30430	52.3435
30440	62.3435
30450	51.9268
30460	46.5612
30470	38.8397
30480	48.8397
30490	40.2743
30500	50.2743
30510	41.8776
30520	51.8776
30530	41.4557
30540	51.4557
30550	43.7342
30560	53.7342
30570	45.1737
30580	55.1737
30590	46.7284
30600	56.7284
30610	46.3333
30620	56.3333
30630	48.6491
30640	58.6491
30650	50.0744
30660	60.0744
30670	51.5724
30680	61.5724
30690	51.2362
30700	61.2362
30710	53.603
30720	63.603
30730	54.972
30740	47.8874
30750	57.8874
30760	46.9699
30770	56.9699
30780	44.0773
30790	54.0773
30800	44.2936
30810	54.2936
30820	43.3964
30830	53.3964
30840	44.7629
30850	54.7629
30860	44.3738
30870	54.3738
30880	46.8418
30890	56.8418
30900	48.2472
30910	58.2472
30920	49.5683
30930	59.5683
30940	49.2403
30950	59.2403
30960	51.7562
30970	61.7562
30980	53.1162
30990	63.1162
31000	54.3373
31010	64.3373
31020	54.0647
31030	46.5386
31040	38.9863
31050	48.9863
31060	40.4047
31070	50.4047
31080	41.6695
31090	51.6695
31100	41.3314
31110	51.3314
31120	43.7261
31130	53.7261
31140	45.1993
31150	55.1994
31160	46.5216
31170	56.5216
31180	46.2068
31190	56.2068
31200	48.5436
31210	58.5436
31220	50.0646
31230	60.0646
31240	51.4255
31250	61.4255
31260	51.1368
31270	61.1368
31280	53.4919
31290	63.4919
31300	55.0319
31310	47.9414
31320	57.9414
31330	47.0011
31340	57.0011
31350	44.0535
31360	54.0535
31370	44.2387
31380	54.2387
31390	43.4979
31400	53.4979
31410	44.9043
31420	54.9043
31430	44.5111
31440	54.5111
31450	46.9228
31460	56.9228
31470	48.3752
31480	58.3752
31490	49.8292
31500	59.8292
31510	49.3756
31520	59.3756
31530	51.8152
31540	61.8152
31550	53.3237
31560	63.3237
31570	54.7388
31580	64.7388
31590	54.3487
31600	46.5224
31610	38.8657
31620	48.8657
31630	40.3823
31640	50.3823
31650	41.7241
31660	51.7241
31670	41.4402
31680	51.4402
31690	43.7525
31700	53.7525
31710	45.238
31720	55.238
31730	46.5909
31740	56.5909
31750	46.3326
31760	56.3326
31770	48.6763
31780	58.6763
31790	50.0528
31800	60.0528
31810	51.4293
31820	61.4293
31830	51.1713
31840	61.1713
31850	53.5329
31860	63.5329
31870	54.9329
31880	47.9239
31890	57.9239
31900	47.0073
31910	57.0073
31920	44.0996
31930	54.0996
31940	44.2671
31950	54.2671
31960	43.3237
31970	53.3237
31980	44.7427
31990	54.7427
32000	44.41
32010	54.41
32020	46.8078
32030	56.8078
32040	48.0878
32050	58.0878
32060	49.5278
32070	59.5278
32080	49.2078
32090	59.2078
32100	51.6078
32110	61.6078
32120	52.8878
32130	62.8878
32140	54.3348
32150	64.3348
32160	54.0325
32170	46.6301
32180	39.0547
32190	49.0547
32200	40.2298
32210	50.2299
32220	41.7258
32230	51.7258
32240	41.3607
32250	51.3607
32260	43.8439
32270	53.8439
32280	45.0625
32290	55.0625
32300	46.4694
32310	56.4694
32320	46.1116
32330	56.1116
32340	48.6166
32350	58.6165
32360	49.8433
32370	59.8433
32380	51.217
32390	61.217
32400	50.8358
32410	60.8358
32420	53.4315
32430	63.4315
32440	54.6173
32450	47.9447
32460	57.9447
32470	46.9565
32480	56.9565
32490	44.0119
32500	54.0119
32510	44.4466
32520	54.4466
32530	43.2806
32540	53.2806
32550	44.6383
32560	54.6383
32570	44.2093
32580	54.2093
32590	46.865
32600	56.865
32610	47.9796
32620	57.9796
32630	49.4129
32640	59.4129
32650	48.9681
32660	58.9681
32670	51.5362
32680	61.5362
32690	52.6919
32700	62.6919
32710	54.0629
32720	64.0629
32730	53.6757
32740	46.5594
32750	39.094
32760	49.094
32770	40.2958
32780	50.2958
32790	41.6634
32800	51.6634
32810	41.3112
32820	51.3112
32830	43.7769
32840	53.7769
32850	44.9845
32860	54.9845
32870	46.3951
32880	56.3951
32890	46.0198
32900	56.0198
32910	48.5599
32920	58.5599
32930	49.741
32940	59.741
32950	51.242
32960	61.242
32970	50.8781
32980	60.8781
32990	53.2921
33000	63.2921
33010	54.5414
33020	47.8426
33030	57.8426
33040	47.1269
33050	57.1269
33060	44.1679
33070	54.1679
33080	44.3481
33090	54.3482
33100	43.166
33110	53.166
33120	44.7876
33130	54.7876
33140	44.4015
33150	54.4015
33160	46.7954
33170	56.7954
33180	47.9537
33190	57.9537
33200	49.5753
33210	59.5753
33220	49.1892
33230	59.1892
33240	51.583
33250	61.583
33260	52.7413
33270	62.7413
33280	54.3629
33290	64.3629
33300	53.9768
33310	46.6216
33320	39.0148
33330	49.0148
33340	40.2016
33350	50.2016
33360	41.7987
33370	51.7987
33380	41.3948
33390	51.3948
33400	43.7618
33410	53.7618
33420	44.9778
33430	54.9778
33440	46.4839
33450	56.4839
33460	46.097
33470	56.097
33480	48.5272
33490	58.5272
33500	49.7485
33510	59.7485
33520	51.2885
33530	61.2885
33540	50.7596
33550	60.7596
33560	53.2357
33570	63.2357
33580	54.4492
33590	47.8697
33600	57.8697
33610	47.1532
33620	57.1532
33630	44.0494
33640	54.0494
33650	44.3726
33660	54.3726
33670	43.1559
33680	53.1559
33690	44.7529
33700	54.7528
33710	44.2205
33720	54.2205
33730	46.73
33740	56.73
33750	47.8774
33760	57.8774
33770	49.4233
33780	59.4233
33790	48.9177
33800	58.9177
33810	51.4645
33820	61.4645
33830	52.6566
33840	62.6566
33850	54.1608
33860	64.1608
33870	53.5691
33880	46.5063
33890	39.0965
33900	49.0965
33910	40.229
33920	50.229
33930	41.7813
33940	51.7813
33950	41.1721
33960	51.1721
33970	43.8013
33980	53.8013
33990	44.919
34000	54.919
34010	46.4735
34020	56.4735
34030	45.8428
34040	55.8428
34050	48.5349
34060	58.5349
34070	49.6274
34080	59.6273
34090	51.1025
34100	61.1025
34110	50.4808
34120	60.4808
34130	53.1034
34140	63.1034
34150	54.213
34160	47.923
34170	57.923
34180	47.1322
34190	57.1322
34200	44.0037
34210	54.0037
34220	44.3948
34230	54.3948
34240	43.1099
34250	53.1099
34260	44.6369
34270	54.6369
34280	44.0782
34290	54.0782
34300	46.6541
34310	56.6541
34320	47.7496
34330	57.7496
34340	49.198
34350	59.198
34360	48.6751
34370	58.6751
34380	51.2774
34390	61.2774
34400	52.3926
34410	62.3926
34420	53.8052
34430	63.8052
34440	53.2848
34450	46.5613
34460	39.1644
34470	49.1644
34480	40.2591
34490	50.2591
34500	41.6311
34510	51.6311
34520	41.178
34530	51.178
34540	43.8133
34550	53.8133
34560	44.8941
34570	54.8941
34580	46.2962
34590	56.2962
34600	45.9553
34610	55.9553
34620	48.4865
34630	58.4865
34640	49.5256
34650	59.5256
34660	50.9962
34670	60.9962
34680	50.702
34690	60.702
34700	53.202
34710	63.202
34720	54.2314
34730	47.8309
34740	57.8309
34750	46.9853
34760	56.9853
34770	44.1614
34780	54.1614
34790	44.4879
34800	54.4879
34810	43.069
34820	53.069
34830	44.5779
34840	54.5779
34850	44.3372
34860	54.3372
34870	46.8913
34880	56.8913
34890	47.7107
34900	57.7107
34910	49.2
34920	59.2
34930	49.0056
34940	59.0056
34950	51.5996
34960	61.5996
34970	52.4405
34980	62.4405
34990	53.8665
35000	63.8665
35010	53.6701
35020	46.6828
35030	39.3066
35040	49.3066
35050	40.0953
35060	50.0953
35070	41.5931
35080	51.5931
35090	41.3657
35100	51.3657
35110	43.9736
35120	53.9736
35130	44.6771
35140	54.6771
35150	46.2504
35160	56.2504
35170	46.0012
35180	56.0012
35190	48.6138
35200	58.6138
35210	49.3104
35220	59.3104
35230	50.9461
35240	60.9461
35250	50.5986
35260	60.5986
35270	53.2277
35280	63.2277
35290	53.8993
35300	47.6798
35310	57.6798
35320	47.0811
35330	57.0811
35340	44.2162
35350	54.2162
35360	44.5946
35370	54.5946
35380	42.8843
35390	52.8843
35400	44.5584
35410	54.5584
35420	44.2106
35430	54.2106
35440	46.7227
35450	56.7227
35460	47.5112
35470	57.5112
35480	49.1599
35490	59.1599
35500	48.8015
35510	58.8015
35520	51.3105
35530	61.3105
35540	52.099
35550	62.099
35560	53.7477
35570	63.7477
35580	53.3893
35590	46.7383
35600	39.2477
35610	49.2477
35620	40.0077
35630	50.0077
35640	41.6733
35650	51.6733
35660	41.3471
35670	51.3471
35680	43.8991
35690	53.8991
35700	44.5111
35710	54.5111
35720	46.2254
35730	56.2254
35740	45.9533
35750	55.9533
35760	48.455
35770	58.455
35780	49.061
35790	59.061
35800	50.8201
35810	60.8201
35820	50.5041
35830	60.5041
35840	52.9952
35850	62.9952
35860	53.6486
35870	63.6486
35880	55.3594
35890	65.3594
35900	55.0397
35910	46.7916
35920	56.7916
35930	47.1446
35940	57.1446
35950	45.4296
35960	55.4296
35970	44.7047
35980	54.7047
35990	41.9013
36000	51.9013
