10	10
20	2
30	2
40	2
50	2
60	2
70	2
80	2
90	2
100	2
110	2
120	2
130	4.5
140	14.5
150	16
160	26
170	20
180	15
190	25
200	21
210	31
220	16.6667
230	26.6667
240	23.3333
250	13.3333
260	16.6667
270	16.6667
280	26.6667
290	16.6667
300	26.6667
310	23.3333
320	33.3333
330	18.6667
340	20.5
350	30.5
360	25.5
370	35.5
380	30
390	40
400	28.9
410	38.9
420	30.45
430	22.45
440	32.45
450	28.2333
460	38.2333
470	22.4333
480	32.4333
490	30
500	40
510	23.3333
520	33.3333
530	30
540	40
550	23.3333
560	21.6667
570	31.6667
580	21.6667
590	31.6667
600	30
610	40
620	24.1905
630	34.1905
640	27.4048
650	37.4048
660	24.5476
670	34.5476
680	32.8571
690	42.8571
700	30
710	20
720	30
730	22.8571
740	32.8571
750	33.2064
760	43.2064
770	30.8413
780	40.8413
790	25.5556
800	18.9293
810	28.9293
820	28.202
830	38.202
840	26.3838
850	25.4747
860	35.4747
870	29.6146
880	39.6146
890	36.3217
900	46.3217
910	33.5385
920	43.5385
930	26.1429
940	36.1429
950	31.5549
960	28.6978
970	38.6978
980	37.4275
990	47.4275
1000	40.237
1010	50.237
1020	35.8941
1030	45.8941
1040	43.3333
1050	53.3333
1060	43.1176
1070	53.1176
1080	38.7529
1090	48.7529
1100	35.9529
1110	45.9529
1120	34.2732
1130	24.234
1140	34.234
1150	32.5673
1160	42.5673
1170	37.0118
1180	47.0118
1190	41.9529
1200	51.9529
1210	38.6196
1220	29.1752
1230	39.1752
1240	37.7778
1250	47.7778
1260	38.3333
1270	48.3333
1280	35
1290	45
1300	36.6667
1310	46.6667
1320	33.3333
1330	43.3333
1340	30
1350	40
1360	34.4444
1370	44.4444
1380	41.1111
1390	51.1111
1400	37.7778
1410	28.5278
1420	38.5278
1430	38.1111
1440	48.1111
1450	38.1667
1460	48.1667
1470	37.1667
1480	47.1667
1490	36
1500	46
1510	32
1520	42
1530	31.1833
1540	29.5833
1550	39.5833
1560	35.9738
1570	45.9738
1580	39.4132
1590	49.4132
1600	37.0236
1610	47.0236
1620	43.158
1630	53.158
1640	43.9156
1650	53.9156
1660	42.2348
1670	52.2348
1680	34.6591
1690	44.6591
1700	34.6591
1710	44.6591
1720	42.5
1730	52.5
1740	42.5
1750	52.5
1760	41.6667
1770	51.6667
1780	34.6533
1790	28.2933
1800	38.2933
1810	37.2583
1820	47.2583
1830	39.4183
1840	49.4183
1850	39.8717
1860	49.8717
1870	38.4948
1880	48.4948
1890	38.4948
1900	48.4948
1910	38.4948
1920	48.4948
1930	41.1111
1940	51.1111
1950	40.8254
1960	50.8254
1970	42.5185
1980	52.5185
1990	36.4709
2000	46.4709
2010	34.7763
2020	44.7763
2030	40.6059
2040	50.6059
2050	41.8966
2060	32.9943
2070	42.9943
2080	34
2090	44
2100	37.4483
2110	47.4483
2120	35.5429
2130	45.5429
2140	39.9785
2150	49.9785
2160	40.4946
2170	50.4946
2180	39.2043
2190	49.2043
2200	39.6774
2210	49.6774
2220	40.3226
2230	32.5806
2240	42.5806
2250	34.8387
2260	44.8387
2270	38.7097
2280	48.7097
2290	37.4194
2300	47.4194
2310	39.7278
2320	49.7278
2330	40.6754
2340	50.6754
2350	39.9395
2360	49.9395
2370	38.4299
2380	48.4299
2390	39.9924
2400	33.2528
2410	43.2528
2420	36.2139
2430	46.2139
2440	41.5276
2450	51.5276
2460	40.7255
2470	50.7255
2480	34.5319
2490	44.5319
2500	40.5605
2510	50.5605
2520	43.3252
2530	53.3252
2540	43.1429
2550	53.1429
2560	35.8286
2570	45.8286
2580	38.0508
2590	48.0508
2600	41.1556
2610	51.1556
2620	41.1556
2630	51.1556
2640	41.6667
2650	51.6667
2660	37.2222
2670	30.6006
2680	40.6006
2690	35.7132
2700	45.7132
2710	40.8071
2720	50.8071
2730	41.3476
2740	51.3476
2750	40.4054
2760	50.4054
2770	42.5676
2780	52.5676
2790	43.2911
2800	53.2911
2810	43.2945
2820	53.2945
2830	44.9265
2840	54.9266
2850	46.6965
2860	56.6965
2870	42.0811
2880	36.6965
2890	46.6965
2900	40.399
2910	50.399
2920	45.2221
2930	55.2221
2940	47.1221
2950	57.1221
2960	47.7218
2970	57.7218
2980	49.2096
2990	59.2096
3000	49.4535
3010	59.4535
3020	45.938
3030	55.938
3040	47.5622
3050	57.5622
3060	49.9347
3070	59.9347
3080	52.2074
3090	62.2074
3100	51.6801
3110	61.6801
3120	48.4677
3130	44.2473
3140	54.2473
3150	48.4039
3160	58.4039
3170	54.1767
3180	46.6707
3190	56.6707
3200	45.1906
3210	55.1906
3220	40.2128
3230	50.2128
3240	42.3404
3250	52.3404
3260	43.617
3270	38.7234
3280	48.7234
3290	39.3617
3300	49.3617
3310	38.5106
3320	48.5106
3330	45.8315
3340	55.8315
3350	49.5745
3360	59.5745
3370	51.1984
3380	61.1984
3390	46.8524
3400	56.8524
3410	50.6483
3420	60.6483
3430	49.6891
3440	59.6891
3450	51.6891
3460	61.6891
3470	53.8564
3480	47.8
3490	41.8
3500	51.8
3510	41
3520	51
3530	37
3540	47
3550	42.6
3560	38.6
3570	48.6
3580	40.4
3590	50.4
3600	39.4
3610	49.4
3620	46.8
3630	56.8
3640	50.8
3650	60.8
3660	50
3670	39
3680	49
3690	46.4
3700	42
3710	52
3720	46
3730	56
3740	45.2
3750	31.2462
3760	41.2462
3770	38.8123
3780	48.8123
3790	44.3046
3800	54.3046
3810	45.5138
3820	55.5138
3830	42.4369
3840	52.4369
3850	48.5908
3860	43.8066
3870	53.8066
3880	45.1898
3890	55.1898
3900	44.6606
3910	54.6606
3920	50.2651
3930	45.8763
3940	40.577
3950	50.577
3960	40.5049
3970	50.5049
3980	36.7027
3990	46.7027
4000	42.0638
4010	52.0638
4020	46.7157
4030	56.7157
4040	49.2653
4050	59.2653
4060	45.6101
4070	55.6101
4080	49.4032
4090	59.4032
4100	49.317
4110	59.317
4120	51.317
4130	61.317
4140	52.9837
4150	47.3333
4160	41.3301
4170	51.3301
4180	41.0964
4190	51.0964
4200	37.2882
4210	47.2882
4220	42.7989
4230	38.9766
4240	48.9766
4250	40.7175
4260	50.7175
4270	40.2711
4280	50.2711
4290	47.7335
4300	57.7335
4310	51.1559
4320	61.1559
4330	50.914
4340	40.1982
4350	50.1982
4360	46.7188
4370	41.7188
4380	51.7188
4390	45.4688
4400	55.4688
4410	44.6875
4420	32.1875
4430	42.1875
4440	39.0625
4450	49.0625
4460	44.7579
4470	54.7579
4480	44.1
4490	54.1
4500	44.2808
4510	54.2808
4520	49.474
4530	44.3716
4540	54.3716
4550	43.7675
4560	53.7675
4570	46.8527
4580	56.8527
4590	52.7251
4600	47.0535
4610	57.0535
4620	46.158
4630	56.158
4640	44.6269
4650	54.6269
4660	42.9776
4670	52.9776
4680	45.1791
4690	55.1791
4700	41.5356
4710	51.5356
4720	47.4379
4730	57.4379
4740	47.5611
4750	57.5611
4760	50.0867
4770	60.0867
4780	45.8611
4790	55.8611
4800	51.5468
4810	61.5468
4820	52.0267
4830	62.0267
4840	54.9075
4850	64.9075
4860	50.5723
4870	44.3139
4880	39.598
4890	49.598
4900	40.489
4910	50.489
4920	41.5141
4930	51.5141
4940	40.5634
4950	50.5634
4960	46.1486
4970	56.1486
4980	46.9249
4990	34.7476
5000	44.7475
5010	40.3412
5020	50.3412
5030	47.8754
5040	57.8754
5050	48.9713
5060	58.9713
5070	46.7795
5080	56.7795
5090	50.3412
5100	60.3412
5110	51.437
5120	61.437
5130	53.6953
5140	63.6953
5150	53.7395
5160	47.8462
5170	38.6758
5180	48.6758
5190	38.586
5200	48.586
5210	43.5193
5220	53.5193
5230	43.7825
5240	53.7825
5250	43.1649
5260	39.3491
5270	49.3491
5280	41.8491
5290	51.8491
5300	38.857
5310	48.857
5320	46.9455
5330	56.9455
5340	51.2791
5350	61.2791
5360	50.6167
5370	37.8895
5380	47.8895
5390	45.8442
5400	42.3377
5410	52.3377
5420	46.7533
5430	56.7533
5440	44.026
5450	30.6494
5460	40.6493
5470	38.8312
5480	48.8312
5490	42.6307
5500	52.6307
5510	45.1682
5520	55.1682
5530	44.5488
5540	54.5488
5550	45.2492
5560	55.2492
5570	47.492
5580	57.492
5590	52.2242
5600	62.2242
5610	52.0196
5620	39.1767
5630	49.1767
5640	45.8703
5650	41.2627
5660	51.2627
5670	46.4198
5680	56.4198
5690	43.9506
5700	31.7284
5710	41.7284
5720	38.7835
5730	48.7835
5740	42.5023
5750	52.5023
5760	45.944
5770	55.944
5780	46.4192
5790	56.4192
5800	46.7742
5810	56.7742
5820	48.0089
5830	58.0089
5840	53.5247
5850	63.5247
5860	54.2877
5870	41.6096
5880	51.6096
5890	46.4297
5900	41.132
5910	51.132
5920	45.9524
5930	55.9524
5940	43.4524
5950	32.0238
5960	42.0238
5970	38.6905
5980	48.6905
5990	42.619
6000	52.619
6010	45.4762
6020	55.4762
6030	46.4286
6040	56.4286
6050	47.1429
6060	57.1429
6070	48.0952
6080	58.0952
6090	52.8571
6100	62.8571
6110	53.8095
6120	41.3095
6130	51.3095
6140	46.4383
6150	41.0778
6160	51.0778
6170	46.0036
6180	56.0036
6190	43.9297
6200	32.093
6210	42.093
6220	38.2558
6230	48.2558
6240	42.5581
6250	52.5581
6260	45.7569
6270	55.7569
6280	46.3774
6290	56.3774
6300	47.8827
6310	57.8827
6320	47.648
6330	57.648
6340	52.2173
6350	62.2173
6360	53.2095
6370	41.8736
6380	51.8736
6390	47.5644
6400	40.6065
6410	50.6065
6420	45.4041
6430	55.4041
6440	43.727
6450	32.6377
6460	42.6377
6470	37.9746
6480	47.9746
6490	42.2343
6500	52.2343
6510	45.4476
6520	55.4476
6530	46.4596
6540	56.4596
6550	47.8685
6560	57.8685
6570	46.7917
6580	56.7917
6590	51.4725
6600	61.4725
6610	52.7491
6620	41.1534
6630	51.1534
6640	46.2598
6650	56.2598
6660	51.7021
6670	46.383
6680	56.383
6690	44.8836
6700	33.9417
6710	43.9417
6720	36.6512
6730	46.6512
6740	41.4894
6750	51.4894
6760	43.7662
6770	53.7662
6780	45.5463
6790	55.5463
6800	46.9896
6810	56.9896
6820	45.313
6830	55.313
6840	49.6429
6850	59.6429
6860	51.4986
6870	39.8491
6880	49.8491
6890	44.6945
6900	54.6945
6910	51.7526
6920	46.0943
6930	56.0943
6940	44.5886
6950	33.9941
6960	43.9941
6970	36.3709
6980	46.3709
6990	41.2437
7000	51.2437
7010	43.7447
7020	53.7447
7030	45.2703
7040	55.2703
7050	47.6611
7060	57.6611
7070	43.7442
7080	53.7442
7090	47.3641
7100	57.3641
7110	49.1543
7120	59.1543
7130	51.847
7140	61.847
7150	47.8954
7160	57.8954
7170	50.8761
7180	60.8761
7190	53.012
7200	63.012
7210	54.9538
7220	64.9538
7230	53.5114
7240	47.2082
7250	40.1845
7260	50.1845
7270	42.4299
7280	52.4299
7290	38.4975
7300	48.4975
7310	40.8663
7320	50.8663
7330	44.0419
7340	54.0419
7350	46.526
7360	35.2645
7370	45.2645
7380	40.0242
7390	50.0242
7400	44.8308
7410	54.8308
7420	46.8742
7430	56.8742
7440	47.0943
7450	57.0943
7460	50.009
7470	44.4333
7480	54.4333
7490	43.8218
7500	53.8218
7510	48.4441
7520	45.3323
7530	55.3323
7540	47.8084
7550	39.7484
7560	49.7484
7570	36.289
7580	46.289
7590	39.067
7600	49.067
7610	43.5517
7620	53.5517
7630	45.4615
7640	55.4615
7650	42.1907
7660	36.9306
7670	46.9306
7680	41.3668
7690	51.3668
7700	45.6208
7710	55.6208
7720	45.0089
7730	55.0089
7740	47.9392
7750	57.9392
7760	50.2627
7770	44.2515
7780	54.2515
7790	43.5461
7800	53.5461
7810	48.7921
7820	58.7921
7830	52.915
7840	62.915
7850	54.8725
7860	64.8725
7870	51.1764
7880	45.7407
7890	39.1736
7900	49.1736
7910	40.6612
7920	50.6612
7930	42.8099
7940	52.8099
7950	39.0712
7960	34.4986
7970	44.4986
7980	38.1125
7990	48.1125
8000	42.6835
8010	52.6835
8020	42.257
8030	52.257
8040	45.4249
8050	55.4249
8060	46.6886
8070	56.6886
8080	48.5718
8090	58.5718
8100	45.4935
8110	40.9559
8120	50.9559
8130	44.323
8140	54.323
8150	48.2119
8160	58.2119
8170	48.2119
8180	58.2119
8190	51.7218
8200	61.7218
8210	52.7323
8220	46.3727
8230	56.3727
8240	46.4707
8250	56.4707
8260	51.229
8270	44.9102
8280	54.9102
8290	46.1177
8300	37.3528
8310	47.3528
8320	34.2839
8330	44.2839
8340	39.7871
8350	49.7871
8360	43.499
8370	53.499
8380	44.9334
8390	54.9334
8400	41.8867
8410	37.0536
8420	47.0536
8430	40.9502
8440	50.9502
8450	44.9666
8460	54.9666
8470	44.7645
8480	54.7645
8490	47.7737
8500	57.7737
8510	48.9859
8520	43.0768
8530	53.0768
8540	42.9382
8550	52.9383
8560	47.9357
8570	57.9357
8580	51.5776
8590	61.5776
8600	53.4719
8610	63.4719
8620	50.5227
8630	60.5227
8640	53.2374
8650	63.2374
8660	54.8291
8670	49.2593
8680	40.8889
8690	50.8889
8700	37.7778
8710	32.7407
8720	42.7407
8730	36.6868
8740	46.6868
8750	40.6999
8760	50.6999
8770	40.3359
8780	50.3359
8790	43.3715
8800	53.3715
8810	45.1067
8820	55.1067
8830	47.0848
8840	57.0848
8850	43.8281
8860	39.193
8870	49.193
8880	42.7888
8890	52.7888
8900	47.2286
8910	57.2286
8920	46.7867
8930	56.7867
8940	50.2858
8950	60.2858
8960	51.5424
8970	45.6341
8980	55.634
8990	45.3286
9000	55.3286
9010	51.0335
9020	44.6663
9030	54.6663
9040	45.9794
9050	37.2652
9060	47.2652
9070	34.3791
9080	44.3791
9090	40.2492
9100	50.2492
9110	43.8119
9120	53.8119
9130	44.7495
9140	54.7495
9150	42.2901
9160	37.811
9170	47.811
9180	41.6481
9190	51.6481
9200	44.6536
9210	54.6536
9220	45.1307
9230	55.1307
9240	48.44
9250	58.44
9260	50.165
9270	43.237
9280	53.2371
9290	43.5487
9300	53.5487
9310	49.0446
9320	59.0446
9330	53.1673
9340	63.1673
9350	53.434
9360	63.434
9370	51.034
9380	46.0005
9390	39.4836
9400	49.4836
9410	41.3983
9420	51.3983
9430	41.7499
9440	51.7499
9450	39.031
9460	34.5399
9470	44.5399
9480	38.842
9490	48.842
9500	41.7912
9510	51.7912
9520	41.9886
9530	51.9886
9540	45.1465
9550	55.1465
9560	47.2517
9570	57.2517
9580	47.7781
9590	57.7781
9600	45.1465
9610	40.4096
9620	50.4096
9630	44.7517
9640	54.7517
9650	47.7123
9660	57.7123
9670	47.9096
9680	57.9096
9690	51.0827
9700	61.0827
9710	53.0306
9720	46.0564
9730	56.0564
9740	46.3666
9750	56.3666
9760	51.3726
9770	44.6405
9780	54.6405
9790	46.3399
9800	37.0013
9810	47.0013
9820	34.5633
9830	44.5633
9840	39.6917
9850	49.6917
9860	43.7751
9870	53.7751
9880	44.5714
9890	54.5714
9900	42.2896
9910	37.0818
9920	47.0818
9930	41.2921
9940	51.2921
9950	44.5339
9960	54.5339
9970	45.0647
9980	55.0647
9990	47.3223
10000	57.3223
10010	49.6426
10020	42.8677
10030	52.8677
10040	43.4625
10050	53.4625
10060	47.6865
10070	57.6865
10080	52.1178
10090	62.1178
10100	53.2074
10110	63.2074
10120	50.7181
10130	60.7181
10140	52.8976
10150	48.0399
10160	40.2483
10170	50.2483
10180	41.5131
10190	51.5131
10200	38.8684
10210	33.0695
10220	43.0695
10230	37.6094
10240	47.6094
10250	41.2904
10260	51.2904
10270	41.5358
10280	51.5358
10290	43.401
10300	53.401
10310	45.6342
10320	55.6342
10330	47.1224
10340	57.1224
10350	44.4147
10360	38.6352
10370	48.6352
10380	42.7896
10390	52.7896
10400	46.8585
10410	56.8585
10420	47.2048
10430	57.2048
10440	48.7805
10450	58.7805
10460	50.669
10470	44.841
10480	54.841
10490	45.2974
10500	55.2974
10510	49.1079
10520	59.1079
10530	52.9636
10540	62.9636
10550	54.9187
10560	64.9187
10570	52.9127
10580	46.6515
10590	56.6515
10600	50.4651
10610	41.8605
10620	51.8605
10630	43.7209
10640	53.7209
10650	41.8605
10660	33.2558
10670	43.2558
10680	36.9767
10690	46.9767
10700	41.0734
10710	51.0734
10720	41.9881
10730	51.9881
10740	43.4466
10750	53.4466
10760	44.932
10770	38.7511
10780	48.7511
10790	39.6374
10800	49.6374
10810	43.5096
10820	53.5096
10830	47.4084
10840	57.4084
10850	49.0176
10860	59.0176
10870	46.9486
10880	56.9486
10890	48.5578
10900	58.5578
10910	50.167
10920	44.075
10930	54.075
10940	44.7647
10950	54.7647
10960	48.6727
10970	58.6727
10980	52.5808
10990	62.5808
11000	54.19
11010	64.19
11020	52.0631
11030	46.0026
11040	56.0027
11050	50.442
11060	42.1261
11070	52.1261
11080	43.7317
11090	53.7317
11100	41.4001
11110	33.1832
11120	43.1832
11130	37.2392
11140	47.2392
11150	40.9692
11160	50.9692
11170	41.5561
11180	51.5561
11190	43.4616
11200	53.4616
11210	44.9305
11220	38.7158
11230	48.7158
11240	39.3088
11250	49.3088
11260	43.5239
11270	53.5239
11280	47.3704
11290	57.3704
11300	48.9521
11310	58.9521
11320	46.5738
11330	40.7211
11340	50.7211
11350	44.7511
11360	54.7511
11370	48.7887
11380	58.7887
11390	49.2808
11400	59.2808
11410	51.1737
11420	61.1737
11430	53.1166
11440	63.1166
11450	54.6551
11460	64.6551
11470	52.2375
11480	46.7593
11490	38.7558
11500	48.7558
11510	40.5856
11520	34.4885
11530	44.4885
11540	34.9818
11550	44.9818
11560	39.3304
11570	49.3304
11580	43.3222
11590	53.3222
11600	44.7078
11610	54.7078
11620	42.4644
11630	52.4644
11640	44.7557
11650	54.7557
11660	46.2932
11670	40.1023
11680	50.1023
11690	40.5111
11700	50.5111
11710	45.2384
11720	55.2384
11730	48.9502
11740	58.9502
11750	50.3259
11760	60.3259
11770	47.892
11780	42.6903
11790	52.6903
11800	46.4235
11810	56.4235
11820	50.1811
11830	60.1811
11840	50.6605
11850	60.6605
11860	53.011
11870	63.011
11880	54.2835
11890	48.1458
11900	58.1458
11910	48.7217
11920	58.7217
11930	51.9372
11940	44.3456
11950	54.3456
11960	45.4974
11970	37.0617
11980	47.0617
11990	34.9657
12000	44.9657
12010	39.4959
12020	49.4959
12030	43.2369
12040	53.2369
12050	44.6802
12060	54.6802
12070	42.8245
12080	37.304
12090	47.304
12100	41.1481
12110	51.1481
12120	45.0629
12130	55.0629
12140	45.8939
12150	55.8939
12160	48.0586
12170	58.0586
12180	49.841
12190	59.841
12200	51.6465
12210	61.6465
12220	49.7943
12230	44.2943
12240	54.2943
12250	48.2624
12260	58.2624
12270	35.8351
12280	45.8351
12290	36.5228
12300	46.5228
12310	39.0273
12320	49.0273
12330	40.4115
12340	50.4115
12350	43.9582
12360	53.9582
12370	41.8469
12380	51.8469
12390	44.462
12400	54.462
12410	45.4635
12420	40.0371
12430	50.0371
12440	40.8936
12450	50.8936
12460	45.5278
12470	55.5278
12480	48.796
12490	58.796
12500	51.2351
12510	61.2351
12520	49.3814
12530	44.0156
12540	54.0156
12550	47.2839
12560	57.2838
12570	52.587
12580	45.0442
12590	55.0442
12600	43.06
12610	35.5491
12620	45.5491
12630	36.514
12640	46.514
12650	41.2523
12660	51.2523
12670	41.7157
12680	51.7157
12690	44.3346
12700	54.3346
12710	45.4676
12720	40.1393
12730	50.1393
12740	40.6894
12750	50.6894
12760	45.6176
12770	55.6176
12780	49.2061
12790	59.2061
12800	51.5985
12810	61.5985
12820	49.3975
12830	44.3257
12840	54.3257
12850	47.9143
12860	57.9143
12870	52.5867
12880	44.9366
12890	54.9366
12900	42.6597
12910	35.5287
12920	45.5287
12930	36.9271
12940	46.9271
12950	41.2357
12960	51.2357
12970	41.7242
12980	51.7242
12990	44.74
13000	54.74
13010	46.282
13020	40.4754
13030	50.4754
13040	41.0602
13050	51.0602
13060	46.3226
13070	56.3226
13080	50.3178
13090	60.3178
13100	52.1305
13110	62.1305
13120	49.8424
13130	59.8424
13140	53.1456
13150	63.1457
13160	54.6665
13170	48.3359
13180	40.1501
13190	50.1501
13200	37.8566
13210	33.3592
13220	43.3592
13230	37.2936
13240	47.2936
13250	41.2385
13260	51.2385
13270	41.6514
13280	51.6514
13290	45.1376
13300	55.1376
13310	46.789
13320	56.789
13330	48.4404
13340	58.4404
13350	46.0742
13360	41.6482
13370	51.6482
13380	45.4348
13390	55.4348
13400	49.4479
13410	59.4479
13420	49.9501
13430	45.6621
13440	39.2237
13450	49.2237
13460	40.5936
13470	50.5936
13480	42.3288
13490	52.3288
13500	40.0457
13510	50.0457
13520	43.6073
13530	53.6073
13540	44.993
13550	38.9236
13560	48.9236
13570	39.4829
13580	49.4829
13590	45.1674
13600	55.1674
13610	48.9695
13620	58.9695
13630	50.2572
13640	60.2572
13650	48.1781
13660	43.9468
13670	53.9468
13680	47.6404
13690	57.6404
13700	51.245
13710	61.245
13720	52.0441
13730	45.7253
13740	39.341
13750	49.341
13760	40.681
13770	50.681
13780	41.9304
13790	51.9304
13800	40.1056
13810	50.1056
13820	43.666
13830	53.666
13840	45.109
13850	38.5718
13860	48.5718
13870	39.367
13880	49.367
13890	45.0321
13900	55.0321
13910	48.9093
13920	58.9093
13930	49.9554
13940	59.9554
13950	48.0892
13960	43.6167
13970	53.6167
13980	47.436
13990	57.436
14000	50.8498
14010	60.8498
14020	51.8147
14030	61.8147
14040	37.8289
14050	47.8289
14060	39.2466
14070	49.2466
14080	40.2374
14090	50.2374
14100	38.3899
14110	48.3899
14120	43.0494
14130	53.0494
14140	44.6146
14150	37.8755
14160	47.8755
14170	38.7016
14180	48.7016
14190	44.4026
14200	54.4026
14210	48.2981
14220	58.2981
14230	49.2152
14240	59.2152
14250	47.1091
14260	57.1091
14270	50.8601
14280	60.8601
14290	52.5565
14300	45.6804
14310	55.6804
14320	46.4581
14330	56.4581
14340	35.4061
14350	45.4061
14360	39.3335
14370	49.3335
14380	39.956
14390	49.956
14400	38.0269
14410	48.0269
14420	42.9769
14430	52.9769
14440	44.6998
14450	54.6998
14460	45.2209
14470	55.2209
14480	43.2672
14490	39.0942
14500	49.0942
14510	43.1688
14520	53.1688
14530	46.0843
14540	56.0843
14550	46.6545
14560	56.6545
14570	50.5462
14580	60.5462
14590	52.4434
14600	45.4508
14610	55.4508
14620	45.8554
14630	55.8554
14640	50.5274
14650	44.5056
14660	54.5056
14670	46.514
14680	37.102
14690	47.102
14700	34.8208
14710	44.8208
14720	40.8747
14730	50.8747
14740	45.1901
14750	55.1901
14760	45.605
14770	55.605
14780	43.3644
14790	39.4126
14800	49.4126
14810	43.7722
14820	53.7722
14830	46.5428
14840	56.5428
14850	47.2287
14860	57.2287
14870	51.097
14880	61.097
14890	53.3192
14900	46.0353
14910	56.0353
14920	46.7349
14930	56.7349
14940	50.6173
14950	44.4856
14960	54.4856
14970	46.7206
14980	36.9918
14990	46.9918
15000	34.9839
15010	44.9839
15020	40.6365
15030	50.6365
15040	45.1691
15050	55.1691
15060	45.5442
15070	55.5442
15080	43.652
15090	39.071
15100	49.0709
15110	43.663
15120	53.663
15130	46.5629
15140	56.5629
15150	47.4901
15160	57.4901
15170	50.5795
15180	60.5795
15190	53.0186
15200	63.0186
15210	53.53
15220	63.53
15230	51.6826
15240	45.7958
15250	38.9738
15260	48.9738
15270	41.2731
15280	34.2901
15290	44.2901
15300	35.1909
15310	45.1909
15320	40.3483
15330	50.3483
15340	44.9711
15350	54.9711
15360	45.4958
15370	55.4958
15380	43.8073
15390	53.8073
15400	46.5588
15410	56.5588
15420	49.0567
15430	42.0853
15440	52.0853
15450	43.1878
15460	53.1878
15470	47.91
15480	57.91
15490	52.6322
15500	62.6322
15510	53.2448
15520	63.2448
15530	51.6013
15540	46.0889
15550	38.7163
15560	48.7163
15570	41.378
15580	51.378
15590	41.8504
15600	51.8504
15610	40.1181
15620	34.9606
15630	44.9606
15640	39.8032
15650	49.8031
15660	42.7165
15670	52.7165
15680	43.7008
15690	53.7008
15700	46.3966
15710	56.3966
15720	49.0051
15730	41.8365
15740	51.8365
15750	42.9502
15760	52.9502
15770	47.9111
15780	57.9111
15790	52.5986
15800	62.5986
15810	52.8915
15820	62.8915
15830	51.3916
15840	46.1134
15850	38.8154
15860	48.8154
15870	41.4341
15880	51.4341
15890	41.5891
15900	51.5891
15910	40.1938
15920	35.01
15930	45.01
15940	39.7841
15950	49.7841
15960	42.3766
15970	52.3766
15980	43.6175
15990	53.6175
16000	46.4773
16010	56.4773
16020	49.0477
16030	41.4428
16040	51.4428
16050	42.7405
16060	52.7405
16070	47.7787
16080	57.7787
16090	52.5496
16100	62.5496
16110	52.4056
16120	62.4056
16130	51.061
16140	46.1141
16150	38.8684
16160	48.8684
16170	41.5209
16180	51.5209
16190	41.4449
16200	51.4449
16210	40.1521
16220	34.9835
16230	44.9835
16240	39.7441
16250	49.7441
16260	42.2184
16270	52.2184
16280	43.6776
16290	53.6776
16300	46.3666
16310	56.3666
16320	48.7283
16330	58.7283
16340	48.6637
16350	58.6637
16360	47.6899
16370	42.4839
16380	52.4839
16390	47.0157
16400	57.0157
16410	49.4429
16420	59.4429
16430	51.0687
16440	61.0687
16450	53.6285
16460	47.9931
16470	40.4935
16480	50.4935
16490	40.3769
16500	50.3769
16510	39.193
16520	49.193
16530	41.7656
16540	51.7656
16550	44.3336
16560	36.7696
16570	46.7696
16580	38.1859
16590	48.1859
16600	42.9132
16610	52.9132
16620	47.6405
16630	57.6405
16640	47.5677
16650	57.5677
16660	46.2941
16670	41.0404
16680	51.0404
16690	45.8024
16700	55.8024
16710	48.3033
16720	58.3033
16730	49.4638
16740	59.4638
16750	52.1094
16760	62.1094
16770	54.7707
16780	47.3339
16790	57.3339
16800	48.3808
16810	58.3808
16820	51.3718
16830	44.0433
16840	54.0433
16850	46.7148
16860	36.787
16870	46.787
16880	35.1332
16890	45.1332
16900	39.8946
16910	49.8946
16920	44.7688
16930	54.7688
16940	44.901
16950	54.901
16960	43.3183
16970	37.9586
16980	47.9586
16990	42.8507
17000	52.8507
17010	45.4766
17020	55.4766
17030	46.5917
17040	56.5917
17050	49.0377
17060	59.0377
17070	51.7808
17080	61.7808
17090	51.9532
17100	61.9532
17110	50.2343
17120	44.9134
17130	54.9134
17140	49.9624
17150	42.6871
17160	35.4545
17170	45.4545
17180	36.5125
17190	46.5125
17200	38.8612
17210	48.8612
17220	43.6655
17230	53.6655
17240	44.037
17250	54.037
17260	42.4554
17270	52.4554
17280	44.7074
17290	54.7074
17300	47.2029
17310	40.1401
17320	50.1401
17330	41.3651
17340	51.3651
17350	45.8173
17360	55.8173
17370	50.32
17380	60.32
17390	50.8276
17400	60.8276
17410	49.5146
17420	43.8709
17430	53.8709
17440	48.3861
17450	58.3861
17460	51.2908
17470	61.2908
17480	52.7487
17490	46.7247
17500	38.885
17510	48.885
17520	41.0453
17530	51.0453
17540	41.5466
17550	51.5466
17560	40.3164
17570	50.3164
17580	42.5507
17590	52.5507
17600	44.5806
17610	37.6256
17620	47.6256
17630	38.9751
17640	48.9751
17650	43.4734
17660	53.4734
17670	47.7372
17680	57.7372
17690	48.3851
17700	58.3851
17710	47.1161
17720	41.4556
17730	51.4556
17740	45.7837
17750	55.7837
17760	48.9228
17770	58.9228
17780	50.1859
17790	60.1859
17800	52.3386
17810	62.3386
17820	54.5067
17830	64.5067
17840	55.0832
17850	65.0832
17860	53.7406
17870	46.7129
17880	38.8386
17890	48.8386
17900	40.9266
17910	34.0161
17920	44.0161
17930	35.4653
17940	45.4653
17950	39.7838
17960	49.7838
17970	43.9039
17980	53.9039
17990	44.6496
18000	54.6496
18010	43.4971
18020	53.4971
18030	45.6168
18040	55.6168
18050	47.4963
18060	40.5755
18070	50.5755
18080	41.9687
18090	51.9687
18100	46.4131
18110	56.4131
18120	50.6219
18130	60.6219
18140	51.2279
18150	61.2279
18160	49.914
18170	44.3763
18180	54.3763
18190	48.6184
18200	58.6184
18210	51.683
18220	61.683
18230	52.9153
18240	46.6897
18250	39.0109
18260	49.0109
18270	41.0573
18280	51.0573
18290	41.6129
18300	51.6129
18310	40.1716
18320	50.1716
18330	42.4031
18340	52.4031
18350	44.3338
18360	37.4785
18370	47.4785
18380	38.8128
18390	48.8128
18400	43.2334
18410	53.2333
18420	47.3311
18430	57.3311
18440	48.1275
18450	58.1275
18460	46.8803
18470	41.3537
18480	51.3537
18490	45.3391
18500	55.3391
18510	48.6386
18520	58.6386
18530	50.0832
18540	60.0832
18550	52.3424
18560	62.3424
18570	53.9052
18580	63.9052
18590	54.9308
18600	64.9308
18610	53.6488
18620	46.7956
18630	39.1139
18640	49.1139
18650	40.5663
18660	33.9979
18670	43.9979
18680	35.4414
18690	45.4414
18700	40.0465
18710	50.0465
18720	43.6427
18730	53.6427
18740	44.6185
18750	54.6185
18760	43.5391
18770	53.5391
18780	46.0153
18790	56.0153
18800	47.2217
18810	40.5588
18820	50.5588
18830	42.1352
18840	52.1352
18850	46.833
18860	56.833
18870	50.2395
18880	60.2395
18890	51.2753
18900	61.2753
18910	50.144
18920	44.9013
18930	54.9013
18940	48.3397
18950	58.3397
18960	51.7782
18970	61.7782
18980	53.2293
18990	46.8139
19000	39.4006
19010	49.4006
19020	40.4732
19030	50.4732
19040	41.5517
19050	51.5517
19060	40.3763
19070	50.3763
19080	42.8449
19090	52.8449
19100	43.9681
19110	37.4491
19120	47.4491
19130	38.9784
19140	48.9784
19150	43.5999
19160	53.5999
19170	47.136
19180	57.136
19190	48.0721
19200	58.0721
19210	47.0145
19220	41.6313
19230	51.6313
19240	45.1607
19250	55.1607
19260	48.4734
19270	58.4734
19280	50.0318
19290	60.0318
19300	52.4664
19310	62.4664
19320	53.6784
19330	63.6784
19340	54.658
19350	64.658
19360	53.4234
19370	46.8519
19380	39.321
19390	49.321
19400	40.5556
19410	33.9219
19420	43.9219
19430	35.3605
19440	45.3605
19450	39.9177
19460	49.9177
19470	43.5498
19480	53.5498
19490	44.6171
19500	54.6171
19510	43.3373
19520	53.3373
19530	45.6611
19540	55.6611
19550	47.0108
19560	40.4771
19570	50.4771
19580	41.8026
19590	51.8026
19600	46.3614
19610	56.3614
19620	49.9298
19630	59.9298
19640	51.0832
19650	61.0832
19660	49.7789
19670	44.3252
19680	54.3252
19690	47.905
19700	57.9051
19710	51.5184
19720	61.5184
19730	52.8169
19740	46.9617
19750	39.2493
19760	49.2493
19770	40.3931
19780	50.3931
19790	41.6686
19800	51.6686
19810	40.4253
19820	50.4253
19830	42.5939
19840	52.5939
19850	43.7988
19860	37.353
19870	47.353
19880	38.8099
19890	48.8099
19900	43.2435
19910	53.2435
19920	46.7231
19930	56.7231
19940	48.0361
19950	58.0361
19960	47.0053
19970	41.43
19980	51.43
19990	44.9576
20000	54.9576
20010	48.6981
20020	58.6981
20030	50.4051
20040	60.4051
20050	52.6087
20060	62.6087
20070	53.6957
20080	63.6957
20090	54.9975
20100	64.9975
20110	54.1691
20120	46.9823
20130	39.2308
20140	49.2308
20150	40.2959
20160	33.9349
20170	43.9349
20180	35.7101
20190	45.7101
20200	40.1775
20210	50.1775
20220	43.6095
20230	53.6095
20240	44.9112
20250	54.9112
20260	44.0828
20270	54.0828
20280	46.3314
20290	56.3314
20300	47.3965
20310	41.0355
20320	51.0355
20330	42.8107
20340	52.8107
20350	47.2781
20360	57.2781
20370	50.7254
20380	60.7254
20390	52.0698
20400	62.0698
20410	51.1695
20420	45.7191
20430	55.7191
20440	50.359
20450	41.559
20460	51.559
20470	43.0075
20480	53.0075
20490	41.9062
20500	34.3108
20510	44.3108
20520	37.8886
20530	47.8886
20540	41.677
20550	51.677
20560	43.1416
20570	53.1416
20580	45.5772
20590	55.5772
20600	46.8555
20610	40.6913
20620	50.6913
20630	42.0329
20640	52.0329
20650	46.6102
20660	56.6102
20670	50.3298
20680	60.3298
20690	51.9776
20700	61.9776
20710	50.4761
20720	45.0513
20730	55.0513
20740	48.8349
20750	58.8349
20760	52.98
20770	44.6962
20780	54.6962
20790	42.9878
20800	35.3616
20810	45.3616
20820	36.8938
20830	46.8938
20840	40.9423
20850	50.9423
20860	42.0217
20870	52.0217
20880	44.1947
20890	54.1947
20900	45.8394
20910	39.7935
20920	49.7935
20930	40.9397
20940	50.9397
20950	45.295
20960	55.295
20970	49.2491
20980	59.2491
20990	50.911
21000	60.911
21010	49.3637
21020	59.3637
21030	51.4728
21040	61.4728
21050	53.1973
21060	47.1141
21070	57.1141
21080	48.2326
21090	58.2326
21100	34.6509
21110	44.6509
21120	38.7727
21130	48.7727
21140	40.2023
21150	50.2023
21160	38.6923
21170	48.6923
21180	42.1605
21190	52.1605
21200	44.0724
21210	54.0724
21220	45.2895
21230	55.2895
21240	43.8447
21250	38.2497
21260	48.2497
21270	42.48
21280	52.48
21290	45.8753
21300	55.8753
21310	47.0805
21320	57.0805
21330	49.3692
21340	59.3692
21350	51.4614
21360	44.7075
21370	54.7075
21380	45.9454
21390	55.9454
21400	51.6184
21410	43.9302
21420	53.9302
21430	46.001
21440	36.7313
21450	46.7313
21460	35.4571
21470	45.4571
21480	39.9446
21490	49.9446
21500	44.2382
21510	54.2382
21520	44.9585
21530	54.9584
21540	43.6842
21550	38.1717
21560	48.1717
21570	42.474
21580	52.474
21590	45.5657
21600	55.5657
21610	46.8901
21620	56.8901
21630	49.2495
21640	59.2495
21650	51.4166
21660	44.3637
21670	54.3637
21680	45.6992
21690	55.6992
21700	50.2904
21710	60.2904
21720	55.167
21730	47.4667
21740	38.0381
21750	48.0381
21760	36.6758
21770	46.6758
21780	39.0191
21790	49.0191
21800	43.5755
21810	53.5755
21820	44.1947
21830	54.1947
21840	42.8686
21850	37.2919
21860	47.2919
21870	41.8843
21880	51.8843
21890	44.955
21900	54.955
21910	46.3137
21920	56.3137
21930	48.493
21940	58.493
21950	50.9016
21960	60.9016
21970	51.4531
21980	61.4531
21990	50.2307
22000	44.6527
22010	54.6527
22020	50.0003
22030	42.3889
22040	35.2708
22050	45.2708
22060	36.7845
22070	46.7845
22080	38.9608
22090	48.9608
22100	43.5784
22110	53.5784
22120	44.0987
22130	54.0987
22140	42.9349
22150	52.9349
22160	45.0311
22170	55.0311
22180	47.5552
22190	40.6007
22200	50.6007
22210	42.0644
22220	52.0644
22230	46.4499
22240	56.4499
22250	51.2566
22260	61.2566
22270	51.8807
22280	61.8807
22290	50.7655
22300	45.0805
22310	55.0805
22320	49.7134
22330	42.2933
22340	52.2933
22350	42.8972
22360	52.8972
22370	41.8667
22380	33.9966
22390	43.9966
22400	38.7309
22410	48.7309
22420	41.6068
22430	51.6068
22440	43.2999
22450	53.2999
22460	45.5314
22470	55.5314
22480	47.9572
22490	40.7924
22500	50.7924
22510	42.5455
22520	52.5455
22530	47.0553
22540	57.0553
22550	51.5215
22560	61.5215
22570	51.8761
22580	61.8761
22590	51.1257
22600	45.6911
22610	55.6911
22620	50.0674
22630	42.3346
22640	52.3346
22650	42.6034
22660	52.6034
22670	41.8528
22680	34.1897
22690	44.1897
22700	38.5922
22710	48.5922
22720	41.3615
22730	51.3615
22740	43.2333
22750	53.2333
22760	45.5923
22770	55.5922
22780	47.7461
22790	40.5153
22800	50.5153
22810	42.3871
22820	52.3871
22830	46.9546
22840	56.9546
22850	51.3541
22860	61.3541
22870	51.5731
22880	61.5731
22890	50.8841
22900	60.8841
22910	53.2425
22920	47.879
22930	40.1373
22940	50.1373
22950	40.3879
22960	50.3879
22970	39.6443
22980	34.1706
22990	44.1706
23000	38.5593
23010	48.5593
23020	41.342
23030	51.342
23040	43.2503
23050	53.2503
23060	45.4426
23070	55.4426
23080	47.6523
23090	57.6523
23100	47.944
23110	57.944
23120	47.3755
23130	41.6828
23140	51.6828
23150	46.1664
23160	56.1664
23170	48.8868
23180	58.8868
23190	50.909
23200	60.909
23210	52.992
23220	47.8383
23230	40.1337
23240	50.1337
23250	40.2513
23260	50.2513
23270	39.7487
23280	49.7487
23290	41.8593
23300	51.8593
23310	44.1792
23320	36.72
23330	46.72
23340	38.8092
23350	48.8092
23360	43.2013
23370	53.2013
23380	47.7935
23390	57.7935
23400	47.8034
23410	57.8034
23420	47.2694
23430	41.7332
23440	51.7332
23450	46.3716
23460	56.3716
23470	48.9153
23480	58.9153
23490	50.948
23500	60.948
23510	53.2254
23520	47.8118
23530	40.1861
23540	50.1861
23550	40.1489
23560	50.1489
23570	39.7022
23580	49.7022
23590	42.0347
23600	52.0347
23610	44.3825
23620	36.8688
23630	46.8688
23640	38.9249
23650	48.9249
23660	43.5356
23670	53.5356
23680	48.1529
23690	58.1529
23700	48.2023
23710	58.2023
23720	47.6591
23730	42.2763
23740	52.2763
23750	46.8936
23760	56.8936
23770	49.4368
23780	59.4368
23790	51.4615
23800	61.4615
23810	53.8813
23820	47.7531
23830	40.1718
23840	50.1718
23850	40.2322
23860	50.2322
23870	39.713
23880	49.713
23890	42.0213
23900	52.0213
23910	44.4844
23920	37.0706
23930	47.0706
23940	39.1395
23950	49.1395
23960	43.6206
23970	53.6206
23980	48.268
23990	58.268
24000	48.366
24010	58.366
24020	47.8773
24030	57.8773
24040	50.105
24050	60.105
24060	52.5782
24070	45.2142
24080	55.2142
24090	47.2046
24100	57.2046
24110	34.6656
24120	44.6656
24130	39.425
24140	49.425
24150	39.5362
24160	49.5362
24170	38.8599
24180	48.8599
24190	42.4155
24200	52.4155
24210	45.0304
24220	55.0304
24230	45.1462
24240	55.1462
24250	44.377
24260	38.8546
24270	48.8546
24280	43.6739
24290	53.6739
24300	46.3004
24310	56.3004
24320	48.0836
24330	58.0836
24340	50.3486
24350	60.3486
24360	52.9992
24370	45.6257
24380	55.6257
24390	47.4089
24400	57.4089
24410	51.494
24420	43.759
24430	53.759
24440	46.4096
24450	36.5542
24460	46.5542
24470	35.7349
24480	45.7349
24490	40.2169
24500	50.2169
24510	45.0361
24520	55.0361
24530	45.1807
24540	55.1807
24550	44.3614
24560	38.8434
24570	48.8434
24580	43.6627
24590	53.6627
24600	46.2892
24610	56.2892
24620	48.0723
24630	58.0723
24640	50.3373
24650	60.3374
24660	52.988
24670	45.6145
24680	55.6145
24690	47.3976
24700	57.3976
24710	51.494
24720	43.759
24730	53.759
24740	46.4096
24750	36.5494
24760	46.5494
24770	35.7601
24780	45.7601
24790	40.1833
24800	50.1833
24810	45.0691
24820	55.0691
24830	45.1171
24840	55.1171
24850	44.3976
24860	38.7822
24870	48.7822
24880	43.6431
24890	53.6431
24900	46.2362
24910	56.2362
24920	48.1846
24930	58.1846
24940	50.2371
24950	60.2371
24960	52.8624
24970	62.8624
24980	53.0056
24990	63.0056
25000	52.377
25010	46.5884
25020	38.6967
25030	48.6967
25040	41.2766
25050	33.8626
25060	43.8626
25070	35.782
25080	45.782
25090	40.1896
25100	50.1896
25110	44.9335
25120	54.9335
25130	44.9768
25140	54.9768
25150	44.3433
25160	54.3432
25170	46.5597
25180	56.5597
25190	49.1602
25200	41.6188
25210	51.6188
25220	43.581
25230	53.581
25240	48.0254
25250	58.0254
25260	52.8008
25270	62.8008
25280	52.7535
25290	62.7535
25300	52.1474
25310	46.5363
25320	38.7763
25330	48.7763
25340	41.2771
25350	51.2771
25360	41.2806
25370	51.2806
25380	40.734
25390	35.1382
25400	45.1382
25410	39.8205
25420	49.8205
25430	42.3124
25440	52.3124
25450	44.3883
25460	54.3883
25470	46.5474
25480	56.5474
25490	49.0984
25500	41.4444
25510	51.4444
25520	43.558
25530	53.558
25540	47.9982
25550	57.9982
25560	52.7762
25570	62.7762
25580	52.576
25590	62.576
25600	51.9993
25610	46.5348
25620	38.739
25630	48.739
25640	41.4617
25650	51.4617
25660	41.2171
25670	51.2171
25680	40.5792
25690	35.0297
25700	45.0297
25710	39.993
25720	49.993
25730	42.2416
25740	52.2416
25750	44.0833
25760	54.0833
25770	46.2659
25780	56.2659
25790	49.1772
25800	41.4992
25810	51.4992
25820	43.2135
25830	53.2135
25840	47.6401
25850	57.6401
25860	52.7089
25870	62.7089
25880	52.5306
25890	62.5306
25900	51.6305
25910	61.6305
25920	53.7452
25930	47.5569
25940	40.525
25950	50.525
25960	40.4118
25970	50.4118
25980	39.591
25990	33.8289
26000	43.8289
26010	38.8403
26020	48.8403
26030	41.3005
26040	51.3005
26050	43.1228
26060	53.1228
26070	45.0864
26080	55.0864
26090	47.9707
26100	57.9707
26110	47.8417
26120	57.8417
26130	47.1079
26140	41.3579
26150	51.3579
26160	46.4034
26170	56.4034
26180	48.7488
26190	58.7488
26200	50.6289
26210	60.6289
26220	52.5446
26230	47.5342
26240	40.4762
26250	50.4762
26260	40.3401
26270	50.3401
26280	39.6599
26290	49.6599
26300	41.5193
26310	51.5193
26320	44.4671
26330	36.8481
26340	46.8481
26350	38.7528
26360	48.7528
26370	42.8798
26380	52.8798
26390	47.9592
26400	57.9592
26410	47.8231
26420	57.8231
26430	47.1276
26440	41.2791
26450	51.2791
26460	46.4009
26470	56.4009
26480	48.8545
26490	58.8545
26500	50.683
26510	60.683
26520	52.6243
26530	47.4266
26540	40.451
26550	50.451
26560	40.4166
26570	50.4166
26580	39.6719
26590	49.6719
26600	41.5103
26610	51.5103
26620	44.5734
26630	37.0734
26640	47.0734
26650	38.9427
26660	48.9427
26670	43.0264
26680	53.0264
26690	48.1717
26700	58.1717
26710	48.2244
26720	58.2244
26730	47.5599
26740	41.7196
26750	51.7196
26760	46.8297
26770	56.8297
26780	49.4466
26790	59.4466
26800	51.2961
26810	61.2961
26820	53.2433
26830	47.2611
26840	40.2883
26850	50.2883
26860	40.4867
26870	50.4867
26880	39.7317
26890	49.7317
26900	41.6252
26910	51.6252
26920	44.7363
26930	37.4696
26940	47.4696
26950	39.2696
26960	49.2696
26970	43.403
26980	53.403
26990	48.6252
27000	58.6252
27010	48.8919
27020	58.8919
27030	48.0988
27040	58.0988
27050	49.9106
27060	59.9106
27070	53.046
27080	45.8077
27090	55.8077
27100	47.6767
27110	57.6767
27120	34.2806
27130	44.2806
27140	39.4421
27150	49.4421
27160	39.677
27170	49.677
27180	39.041
27190	49.0409
27200	42.2529
27210	52.2529
27220	45.174
27230	55.174
27240	45.3572
27250	55.3572
27260	44.7795
27270	38.9274
27280	48.9274
27290	44.0276
27300	54.0276
27310	46.6919
27320	56.6919
27330	48.7773
27340	58.7773
27350	50.6024
27360	60.6024
27370	53.5581
27380	46.1824
27390	56.1824
27400	48.3393
27410	58.3393
27420	51.5686
27430	43.4423
27440	53.4423
27450	46.3617
27460	36.4924
27470	46.4924
27480	36.1002
27490	46.1002
27500	40.2436
27510	50.2436
27520	45.2502
27530	55.2502
27540	45.4068
27550	55.4068
27560	45.0523
27570	39.2195
27580	49.2195
27590	44.1655
27600	54.1655
27610	46.8414
27620	56.8414
27630	49.0778
27640	59.0778
27650	50.8713
27660	60.8713
27670	53.7145
27680	46.3098
27690	56.3098
27700	48.6076
27710	58.6077
27720	51.6838
27730	43.4397
27740	53.4397
27750	46.2198
27760	36.3663
27770	46.3663
27780	36.1471
27790	46.1471
27800	40.2252
27810	50.2252
27820	45.2285
27830	55.2285
27840	45.3644
27850	55.3644
27860	45.0362
27870	39.1815
27880	49.1815
27890	44.2242
27900	54.2242
27910	46.8738
27920	56.8738
27930	49.0796
27940	59.0796
27950	50.9739
27960	60.9739
27970	53.9022
27980	63.9022
27990	53.9433
28000	63.9433
28010	53.6621
28020	46.5065
28030	38.4504
28040	48.4504
28050	41.4314
28060	33.8692
28070	43.8692
28080	36.0776
28090	46.0776
28100	40.3107
28110	50.3107
28120	45.4604
28130	55.4604
28140	45.4423
28150	55.4423
28160	45.0958
28170	55.0958
28180	46.9717
28190	56.9717
28200	50.0511
28210	42.5068
28220	52.5068
28230	44.6459
28240	54.6459
28250	48.8442
28260	45.1266
28270	40.0648
28280	50.0648
28290	41.0644
28300	51.0644
28310	40.7019
28320	50.7019
28330	42.6042
28340	52.6042
28350	42.4848
28360	52.4848
28370	45.5597
28380	55.5597
28390	45.1851
28400	39.3654
28410	49.3654
28420	41.7921
28430	51.7921
28440	47.0013
28450	57.0014
28460	49.1352
28470	59.1352
28480	51.0599
28490	61.0599
28500	50.9762
28510	46.1854
28520	56.1854
28530	48.3159
28540	58.3159
28550	51.9308
28560	43.8307
28570	53.8307
28580	43.7178
28590	36.9045
28600	46.9045
28610	36.4085
28620	46.4085
28630	40.5669
28640	50.5668
28650	42.9973
28660	52.9973
28670	46.2473
28680	56.2473
28690	45.588
28700	39.7885
28710	49.7885
28720	42.2647
28730	52.2647
28740	47.5551
28750	57.5551
28760	49.4734
28770	59.4734
28780	51.4569
28790	61.4569
28800	51.4569
28810	46.9215
28820	40.0616
28830	50.0616
28840	39.4105
28850	49.4105
28860	41.4121
28870	51.4121
28880	41.3209
28890	36.5992
28900	46.5992
28910	38.558
28920	48.558
28930	42.826
28940	52.826
28950	45.2229
28960	55.2229
28970	48.4112
28980	58.4112
28990	47.7163
29000	42.012
29010	52.012
29020	44.44
29030	54.44
29040	49.7487
29050	59.7487
29060	51.5868
29070	61.5868
29080	53.6578
29090	63.6578
29100	53.6008
29110	46.9247
29120	40.1675
29130	50.1675
29140	39.3147
29150	49.3147
29160	41.4266
29170	51.4266
29180	41.4153
29190	36.6407
29200	46.6407
29210	38.4235
29220	48.4235
29230	42.7882
29240	52.7882
29250	45.2928
29260	55.2928
29270	48.4201
29280	58.4201
29290	47.6265
29300	57.6265
29310	49.6536
29320	59.6536
29330	49.6455
29340	44.9192
29350	54.9192
29360	46.7763
29370	56.7763
29380	34.7496
29390	44.7496
29400	37.2027
29410	47.2027
29420	40.418
29430	50.418
29440	39.7392
29450	49.7392
29460	43.0313
29470	53.0313
29480	42.89
29490	52.89
29500	46.1279
29510	56.1279
29520	45.5109
29530	39.6716
29540	49.6716
29550	42.0805
29560	52.0805
29570	47.3555
29580	57.3555
29590	49.3845
29600	59.3845
29610	51.283
29620	61.283
29630	51.0343
29640	46.8113
29650	40.0248
29660	50.0248
29670	39.5466
29680	49.5466
29690	41.5003
29700	51.5003
29710	41.0876
29720	36.4397
29730	46.4397
29740	38.5524
29750	48.5524
29760	42.7778
29770	52.7778
29780	44.8904
29790	54.8904
29800	48.15
29810	58.15
29820	47.7073
29830	41.9327
29840	51.9327
29850	44.0454
29860	54.0454
29870	49.3975
29880	59.3975
29890	51.5102
29900	61.5101
29910	53.4865
29920	63.4865
29930	53.0592
29940	46.7647
29950	39.9445
29960	49.9445
29970	39.5474
29980	49.5474
29990	41.5731
30000	51.5731
30010	41.0834
30020	36.3476
30030	46.3476
30040	38.5442
30050	48.5442
30060	42.8525
30070	52.8525
30080	44.9345
30090	54.9345
30100	47.9273
30110	57.9273
30120	47.6327
30130	41.9795
30140	51.9795
30150	44.0983
30160	54.0983
30170	49.1593
30180	59.1593
30190	51.438
30200	61.438
30210	53.4517
30220	63.4517
30230	53.0533
30240	46.8725
30250	39.8199
30260	49.8199
30270	39.5541
30280	49.5541
30290	41.5631
30300	51.5631
30310	41.1941
30320	36.2988
30330	46.2988
30340	38.4973
30350	48.4973
30360	42.7908
30370	52.7908
30380	45.0095
30390	55.0095
30400	47.8666
30410	57.8666
30420	47.5492
30430	57.5492
30440	49.6127
30450	59.6127
30460	49.2952
30470	44.2952
30480	54.2952
30490	46.5174
30500	56.5174
30510	35.004
30520	45.004
30530	37.2262
30540	47.2262
30550	40.0833
30560	50.0833
30570	39.7704
30580	49.7704
30590	43.1346
30600	53.1346
30610	42.8418
30620	52.8418
30630	45.7333
30640	55.7333
30650	45.4721
30660	39.6058
30670	49.6058
30680	41.8943
30690	51.8943
30700	46.9536
30710	56.9536
30720	49.2461
30730	59.2461
30740	51.0643
30750	61.0643
30760	50.8065
30770	45.8759
30780	55.8759
30790	48.1903
30800	58.1903
30810	52.1738
30820	44.0069
30830	54.0069
30840	43.6161
30850	36.6141
30860	46.6141
30870	36.4833
30880	46.4833
30890	40.5305
30900	50.5305
30910	42.6523
30920	52.6523
30930	45.6824
30940	55.6824
30950	45.5798
30960	39.5649
30970	49.5649
30980	41.707
30990	51.707
31000	46.8947
31010	56.8947
31020	49.3491
31030	59.3491
31040	51.0263
31050	61.0263
31060	50.5175
31070	45.7229
31080	55.7229
31090	48.1887
31100	58.1887
31110	52.3098
31120	43.9999
31130	53.9999
31140	43.5092
31150	36.6201
31160	46.6201
31170	36.4844
31180	46.4844
31190	40.4883
31200	50.4883
31210	42.5781
31220	52.5781
31230	45.7031
31240	55.7031
31250	45.5469
31260	39.5508
31270	49.5508
31280	41.6406
31290	51.6406
31300	46.875
31310	56.875
31320	49.2383
31330	59.2383
31340	50.961
31350	60.961
31360	50.5068
31370	60.5068
31380	53.6519
31390	63.6519
31400	53.395
31410	47.5834
31420	39.3444
31430	49.3444
31440	38.9329
31450	34.2145
31460	44.2145
31470	36.3756
31480	46.3756
31490	40.4143
31500	50.4143
31510	42.6193
31520	52.6193
31530	45.8674
31540	55.8674
31550	45.4166
31560	55.4166
31570	47.1437
31580	57.1437
31590	46.734
31600	42.1112
31610	52.1112
31620	44.2389
31630	54.2389
31640	48.2502
31650	58.2502
31660	50.3916
31670	60.3916
31680	53.6992
31690	63.6992
31700	53.3072
31710	47.6259
31720	39.2537
31730	49.2537
31740	38.8843
31750	48.8843
31760	42.2265
31770	52.2265
31780	41.7201
31790	35.692
31800	45.692
31810	37.8461
31820	47.8461
31830	43.3347
31840	53.3347
31850	45.3447
31860	55.3447
31870	47.0931
31880	57.0931
31890	46.5807
31900	42.1074
31910	52.1074
31920	44.1597
31930	54.1597
31940	48.1001
31950	58.1001
31960	50.1915
31970	60.1915
31980	53.6189
31990	63.6189
32000	53.1871
32010	47.0564
32020	57.0564
32030	49.1684
32040	59.1684
32050	51.5271
32060	44.9601
32070	54.9601
32080	44.6224
32090	36.2682
32100	46.2682
32110	35.7016
32120	45.7016
32130	41.2403
32140	51.2403
32150	43.4881
32160	53.4881
32170	45.1751
32180	55.1751
32190	44.5961
32200	40.0241
32210	50.0241
32220	42.3539
32230	52.3539
32240	46.308
32250	56.308
32260	48.2943
32270	58.2943
32280	51.5342
32290	61.5342
32300	51.415
32310	61.415
32320	53.1139
32330	63.1139
32340	52.5219
32350	46.7062
32360	39.935
32370	49.935
32380	39.7654
32390	33.816
32400	43.816
32410	35.7845
32420	45.7845
32430	41.0205
32440	51.0206
32450	43.4143
32460	53.4143
32470	45.2443
32480	55.2443
32490	44.5877
32500	54.5877
32510	47.6361
32520	57.6361
32530	47.5617
32540	41.6831
32550	51.6831
32560	43.6215
32570	53.6215
32580	48.8241
32590	58.8241
32600	51.1991
32610	61.1991
32620	52.9768
32630	62.9768
32640	52.3842
32650	46.7778
32660	39.8889
32670	49.8889
32680	39.7593
32690	49.7593
32700	41.4969
32710	51.4969
32720	40.8506
32730	36.1274
32740	46.1274
32750	38.5628
32760	48.5628
32770	42.548
32780	52.548
32790	44.4571
32800	54.4571
32810	47.6545
32820	57.6545
32830	47.534
32840	41.5739
32850	51.5739
32860	43.4093
32870	53.4093
32880	48.774
32890	58.774
32900	51.0871
32910	61.0871
32920	52.9186
32930	62.9186
32940	52.1128
32950	46.6667
32960	39.9634
32970	49.9634
32980	39.7436
32990	49.7436
33000	41.5751
33010	51.5751
33020	40.7692
33030	36.1554
33040	46.1554
33050	38.4742
33060	48.4742
33070	42.5145
33080	52.5145
33090	44.3493
33100	54.3493
33110	47.6993
33120	57.6993
33130	47.5625
33140	41.508
33150	51.508
33160	43.4132
33170	53.4132
33180	48.8157
33190	58.8157
33200	51.2408
33210	61.2408
33220	52.9376
33230	62.9376
33240	52.3289
33250	46.7094
33260	39.9079
33270	49.9079
33280	39.7793
33290	49.7793
33300	41.4812
33310	51.4812
33320	40.8507
33330	36.1936
33340	46.1936
33350	38.6304
33360	48.6304
33370	42.5835
33380	52.5835
33390	44.5191
33400	54.5191
33410	47.7791
33420	57.7791
33430	47.6408
33440	57.6408
33450	49.3349
33460	59.3349
33470	48.7371
33480	44.0467
33490	54.0467
33500	46.4208
33510	56.4208
33520	50.3928
33530	60.3928
33540	52.4114
33550	46.737
33560	39.9324
33570	49.9324
33580	39.8324
33590	49.8324
33600	41.4634
33610	51.4634
33620	40.951
33630	50.951
33640	44.0335
33650	54.0335
33660	43.9618
33670	37.9044
33680	47.9044
33690	39.9584
33700	49.9584
33710	45.1767
33720	55.1767
33730	47.657
33740	57.657
33750	49.3614
33760	59.3614
33770	48.79
33780	44.04
33790	54.04
33800	46.5338
33810	56.5338
33820	50.5557
33830	60.5557
33840	52.5151
33850	46.6646
33860	39.8614
33870	49.8614
33880	39.8036
33890	49.8036
33900	41.5144
33910	51.5144
33920	40.9059
33930	50.9059
33940	44.1426
33950	54.1426
33960	44.1209
33970	38.0258
33980	48.0258
33990	40.0192
34000	50.0192
34010	45.3938
34020	55.3938
34030	47.9353
34040	57.9353
34050	49.4358
34060	59.4358
34070	48.7605
34080	44.1816
34090	54.1816
34100	46.775
34110	56.775
34120	50.5776
34130	60.5776
34140	52.3905
34150	62.3906
34160	38.3188
34170	48.3188
34180	38.4562
34190	48.4562
34200	39.9173
34210	49.9173
34220	39.1449
34230	49.1449
34240	43.6295
34250	53.6295
34260	43.6339
34270	37.4477
34280	47.4477
34290	39.299
34300	49.299
34310	44.8519
34320	54.8519
34330	47.2812
34340	57.2812
34350	48.8406
34360	58.8406
34370	48.0378
34380	58.0378
34390	51.5631
34400	61.5631
34410	51.4584
34420	45.3328
34430	55.3328
34440	47.1303
34450	57.1303
34460	35.7428
34470	45.7428
34480	38.1756
34490	48.1756
34500	39.7013
34510	49.7013
34520	38.9641
34530	48.9641
34540	43.7883
34550	53.7883
34560	43.7748
34570	53.7748
34580	45.1784
34590	55.1784
34600	44.4839
34610	40.1437
34620	50.1437
34630	42.6437
34640	52.6437
34650	46.3589
34660	56.3589
34670	48.2513
34680	58.2513
34690	51.8624
34700	61.8624
34710	51.8503
34720	45.5849
34730	55.5849
34740	47.4405
34750	57.4405
34760	51.3025
34770	44.972
34780	54.972
34790	44.9189
34800	36.391
34810	46.391
34820	35.544
34830	45.544
34840	41.2781
34850	51.2781
34860	43.7478
34870	53.7478
34880	45.2332
34890	55.2332
34900	44.3884
34910	40.1064
34920	50.1064
34930	42.5574
34940	52.5574
34950	46.3262
34960	56.3262
34970	48.1767
34980	58.1767
34990	51.7552
35000	61.7552
35010	51.7153
35020	45.506
35030	55.506
35040	47.3757
35050	57.3757
35060	51.3728
35070	44.9118
35080	54.9118
35090	44.893
35100	36.3076
35110	46.3076
35120	35.6195
35130	45.6195
35140	41.2455
35150	51.2455
35160	43.6852
35170	53.6852
35180	45.0817
35190	55.0817
35200	44.4322
35210	40.0732
35220	50.0732
35230	42.4834
35240	52.4834
35250	46.2099
35260	56.2099
35270	48.1416
35280	58.1416
35290	51.7313
35300	61.7313
35310	51.6339
35320	61.6339
35330	52.9937
35340	62.9937
35350	52.367
35360	46.4708
35370	40.091
35380	50.091
35390	39.9781
35400	33.6308
35410	43.6308
35420	35.6218
35430	45.6218
35440	41.3118
35450	51.3118
35460	43.6627
35470	53.6627
35480	44.9951
35490	54.9951
35500	44.3792
35510	54.3792
35520	48.0419
35530	58.0419
35540	47.9011
35550	41.5851
35560	51.5851
35570	43.5008
35580	53.5008
35590	49.2307
35600	59.2307
35610	51.6441
35620	61.6441
35630	52.8603
35640	62.8602
35650	52.2374
35660	46.4272
35670	40.1577
35680	50.1577
35690	40.0468
35700	50.0468
35710	41.2209
35720	51.2209
35730	40.643
35740	36.4298
35750	46.4298
35760	38.7817
35770	48.7817
35780	42.3213
35790	52.3213
35800	44.3301
35810	54.3301
35820	48.0218
35830	58.0218
35840	47.8815
35850	41.4422
35860	51.4422
35870	43.4899
35880	53.4899
35890	49.1387
35900	59.1387
35910	51.5831
35920	61.5831
35930	52.7013
35940	62.7013
35950	52.2729
35960	46.5841
35970	40.0839
35980	50.0839
35990	40.0839
36000	50.0839
