10	10.9524
20	17.619
30	27.619
40	29.5238
50	39.5238
60	37.381
70	47.381
80	40.4762
90	46.4762
100	37.6667
110	47.6667
120	38.8571
130	30.0476
140	40.0476
150	31.2381
160	41.2381
170	47.4762
180	38.6667
190	48.6667
200	39.8571
210	31.0476
220	41.0476
230	32.2381
240	42.2381
250	48.4762
260	39.6667
270	49.6667
280	40.8571
290	32.0476
300	42.0476
310	33.2381
320	43.2381
330	30.6667
340	40.6667
350	31.8571
360	41.8571
370	33.0476
380	43.0476
390	34.2381
400	44.2381
410	31.6667
420	41.6667
430	32.8571
440	42.8571
450	34.0476
460	44.0476
470	35.2381
480	41.4762
490	32.6667
500	42.6667
510	33.8571
520	43.8571
530	35.0476
540	45.0476
550	36.2381
560	42.4762
570	33.6667
580	43.6667
590	34.8571
600	44.8571
610	36.0476
620	46.0476
630	37.2381
640	43.4762
650	34.6667
660	44.6667
670	35.8571
680	45.8571
690	37.0476
700	47.0476
710	38.2381
720	44.4762
730	35.6667
740	45.6667
750	36.8571
760	46.8571
770	38.0476
780	48.0476
790	39.2381
800	45.4762
810	36.6667
820	46.6667
830	37.8571
840	47.8571
850	39.0476
860	49.0476
870	40.2381
880	46.4762
890	37.6667
900	47.6667
910	38.8571
920	30.0476
930	40.0476
940	31.2381
950	41.2381
960	47.4762
970	38.6667
980	48.6667
990	39.8571
1000	31.0476
1010	41.0476
1020	32.2381
1030	42.2381
1040	48.4762
1050	39.6667
1060	49.6667
1070	40.8571
1080	32.0476
1090	42.0476
1100	33.2381
1110	43.2381
1120	30.6667
1130	40.6667
1140	31.8571
1150	41.8571
1160	33.0476
1170	43.0476
1180	34.2381
1190	44.2381
1200	31.6667
1210	41.6667
1220	32.8571
1230	42.8571
1240	34.0476
1250	44.0476
1260	35.2381
1270	41.4762
1280	32.6667
1290	42.6667
1300	33.8571
1310	43.8571
1320	35.0476
1330	45.0476
1340	36.2381
1350	42.4762
1360	33.6667
1370	43.6667
1380	34.8571
1390	44.8571
1400	36.0476
1410	46.0476
1420	37.2381
1430	43.4762
1440	34.6667
1450	44.6667
1460	35.8571
1470	45.8571
1480	37.0476
1490	47.0476
1500	38.2381
1510	44.4762
1520	35.6667
1530	45.6667
1540	36.8571
1550	46.8571
1560	38.0476
1570	48.0476
1580	39.2381
1590	45.4762
1600	36.6667
1610	46.6667
1620	37.8571
1630	47.8571
1640	39.0476
1650	49.0476
1660	40.2381
1670	46.4762
1680	37.6667
1690	47.6667
1700	38.8571
1710	30.0476
1720	40.0476
1730	31.2381
1740	41.2381
1750	47.4762
1760	38.6667
1770	48.6667
1780	39.8571
1790	31.0476
1800	41.0476
1810	32.2381
1820	42.2381
1830	48.4762
1840	39.6667
1850	49.6667
1860	40.8571
1870	32.0476
1880	42.0476
1890	33.2381
1900	43.2381
1910	30.6667
1920	40.6667
1930	31.8571
1940	41.8571
1950	33.0476
1960	43.0476
1970	34.2381
1980	44.2381
1990	31.6667
2000	41.6667
2010	32.8571
2020	42.8571
2030	34.0476
2040	44.0476
2050	35.2381
2060	41.4762
2070	32.6667
2080	42.6667
2090	33.8571
2100	43.8571
2110	35.0476
2120	45.0476
2130	36.2381
2140	42.4762
2150	33.6667
2160	43.6667
2170	34.8571
2180	44.8571
2190	36.0476
2200	46.0476
2210	37.2381
2220	43.4762
2230	34.6667
2240	44.6667
2250	35.8571
2260	45.8571
2270	37.0476
2280	47.0476
2290	38.2381
2300	44.4762
2310	35.6667
2320	45.6667
2330	36.8571
2340	46.8571
2350	38.0476
2360	48.0476
2370	39.2381
2380	45.4762
2390	36.6667
2400	46.6667
2410	37.8571
2420	47.8571
2430	39.0476
2440	49.0476
2450	40.2381
2460	46.4762
2470	37.6667
2480	47.6667
2490	38.8571
2500	30.0476
2510	40.0476
2520	31.2381
2530	41.2381
2540	47.4762
2550	38.6667
2560	48.6667
2570	39.8571
2580	31.0476
2590	41.0476
2600	32.2381
2610	42.2381
2620	48.4762
2630	39.6667
2640	49.6667
2650	40.8571
2660	32.0476
2670	42.0476
2680	33.2381
2690	43.2381
2700	30.6667
2710	40.6667
2720	31.8571
2730	41.8571
2740	33.0476
2750	43.0476
2760	34.2381
2770	44.2381
2780	31.6667
2790	41.6667
2800	32.8571
2810	42.8571
2820	34.0476
2830	44.0476
2840	35.2381
2850	41.4762
2860	32.6667
2870	42.6667
2880	33.8571
2890	43.8571
2900	35.0476
2910	45.0476
2920	36.2381
2930	42.4762
2940	33.6667
2950	43.6667
2960	34.8571
2970	44.8571
2980	36.0476
2990	46.0476
3000	37.2381
3010	43.4762
3020	34.6667
3030	44.6667
3040	35.8571
3050	45.8571
3060	37.0476
3070	47.0476
3080	38.2381
3090	44.4762
3100	35.6667
3110	45.6667
3120	36.8571
3130	46.8571
3140	38.0476
3150	48.0476
3160	39.2381
3170	45.4762
3180	36.6667
3190	46.6667
3200	37.8571
3210	47.8571
3220	39.0476
3230	49.0476
3240	40.2381
3250	46.4762
3260	37.6667
3270	47.6667
3280	38.8571
3290	30.0476
3300	40.0476
3310	31.2381
3320	41.2381
3330	47.4762
3340	38.6667
3350	48.6667
3360	39.8571
3370	31.0476
3380	41.0476
3390	32.2381
3400	42.2381
3410	48.4762
3420	39.6667
3430	49.6667
3440	40.8571
3450	32.0476
3460	42.0476
3470	33.2381
3480	43.2381
3490	30.6667
3500	40.6667
3510	31.8571
3520	41.8571
3530	33.0476
3540	43.0476
3550	34.2381
3560	44.2381
3570	31.6667
3580	41.6667
3590	32.8571
3600	42.8571
3610	34.0476
3620	44.0476
3630	35.2381
3640	41.4762
3650	32.6667
3660	42.6667
3670	33.8571
3680	43.8571
3690	35.0476
3700	45.0476
3710	36.2381
3720	42.4762
3730	33.6667
3740	43.6667
3750	34.8571
3760	44.8571
3770	36.0476
3780	46.0476
3790	37.2381
3800	43.4762
3810	34.6667
3820	44.6667
3830	35.8571
3840	45.8571
3850	37.0476
3860	47.0476
3870	38.2381
3880	44.4762
3890	35.6667
3900	45.6667
3910	36.8571
3920	46.8571
3930	38.0476
3940	48.0476
3950	39.2381
3960	45.4762
3970	36.6667
3980	46.6667
3990	37.8571
4000	47.8571
4010	39.0476
4020	49.0476
4030	40.2381
4040	46.4762
4050	37.6667
4060	47.6667
4070	38.8571
4080	30.0476
4090	40.0476
4100	31.2381
4110	41.2381
4120	47.4762
4130	38.6667
4140	48.6667
4150	39.8571
4160	31.0476
4170	41.0476
4180	32.2381
4190	42.2381
4200	48.4762
4210	39.6667
4220	49.6667
4230	40.8571
4240	32.0476
4250	42.0476
4260	33.2381
4270	43.2381
4280	30.6667
4290	40.6667
4300	31.8571
4310	41.8571
4320	33.0476
4330	43.0476
4340	34.2381
4350	44.2381
4360	31.6667
4370	41.6667
4380	32.8571
4390	42.8571
4400	34.0476
4410	44.0476
4420	35.2381
4430	41.4762
4440	32.6667
4450	42.6667
4460	33.8571
4470	43.8571
4480	35.0476
4490	45.0476
4500	36.2381
4510	42.4762
4520	33.6667
4530	43.6667
4540	34.8571
4550	44.8571
4560	36.0476
4570	46.0476
4580	37.2381
4590	43.4762
4600	34.6667
4610	44.6667
4620	35.8571
4630	45.8571
4640	37.0476
4650	47.0476
4660	38.2381
4670	44.4762
4680	35.6667
4690	45.6667
4700	36.8571
4710	46.8571
4720	38.0476
4730	48.0476
4740	39.2381
4750	45.4762
4760	36.6667
4770	46.6667
4780	37.8571
4790	47.8571
4800	39.0476
4810	49.0476
4820	40.2381
4830	46.4762
4840	37.6667
4850	47.6667
4860	38.8571
4870	30.0476
4880	40.0476
4890	31.2381
4900	41.2381
4910	47.4762
4920	38.6667
4930	48.6667
4940	39.8571
4950	31.0476
4960	41.0476
4970	32.2381
4980	42.2381
4990	48.4762
5000	39.6667
5010	49.6667
5020	40.8571
5030	32.0476
5040	42.0476
5050	33.2381
5060	43.2381
5070	30.6667
5080	40.6667
5090	31.8571
5100	41.8571
5110	33.0476
5120	43.0476
5130	34.2381
5140	44.2381
5150	31.6667
5160	41.6667
5170	32.8571
5180	42.8571
5190	34.0476
5200	44.0476
5210	35.2381
5220	41.4762
5230	32.6667
5240	42.6667
5250	33.8571
5260	43.8571
5270	35.0476
5280	45.0476
5290	36.2381
5300	42.4762
5310	33.6667
5320	43.6667
5330	34.8571
5340	44.8571
5350	36.0476
5360	46.0476
5370	37.2381
5380	43.4762
5390	34.6667
5400	44.6667
5410	35.8571
5420	45.8571
5430	37.0476
5440	47.0476
5450	38.2381
5460	44.4762
5470	35.6667
5480	45.6667
5490	36.8571
5500	46.8571
5510	38.0476
5520	48.0476
5530	39.2381
5540	45.4762
5550	36.6667
5560	46.6667
5570	37.8571
5580	47.8571
5590	39.0476
5600	49.0476
5610	40.2381
5620	46.4762
5630	37.6667
5640	47.6667
5650	38.8571
5660	30.0476
5670	40.0476
5680	31.2381
5690	41.2381
5700	47.4762
5710	38.6667
5720	48.6667
5730	39.8571
5740	31.0476
5750	41.0476
5760	32.2381
5770	42.2381
5780	48.4762
5790	39.6667
5800	49.6667
5810	40.8571
5820	32.0476
5830	42.0476
5840	33.2381
5850	43.2381
5860	30.6667
5870	40.6667
5880	31.8571
5890	41.8571
5900	33.0476
5910	43.0476
5920	34.2381
5930	44.2381
5940	31.6667
5950	41.6667
5960	32.8571
5970	42.8571
5980	34.0476
5990	44.0476
6000	35.2381
6010	41.4762
6020	32.6667
6030	42.6667
6040	33.8571
6050	43.8571
6060	35.0476
6070	45.0476
6080	36.2381
6090	42.4762
6100	33.6667
6110	43.6667
6120	34.8571
6130	44.8571
6140	36.0476
6150	46.0476
6160	37.2381
6170	43.4762
6180	34.6667
6190	44.6667
6200	35.8571
6210	45.8571
6220	37.0476
6230	47.0476
6240	38.2381
6250	44.4762
6260	35.6667
6270	45.6667
6280	36.8571
6290	46.8571
6300	38.0476
6310	48.0476
6320	39.2381
6330	45.4762
6340	36.6667
6350	46.6667
6360	37.8571
6370	47.8571
6380	39.0476
6390	49.0476
6400	40.2381
6410	46.4762
6420	37.6667
6430	47.6667
6440	38.8571
6450	30.0476
6460	40.0476
6470	31.2381
6480	41.2381
6490	47.4762
6500	38.6667
6510	48.6667
6520	39.8571
6530	31.0476
6540	41.0476
6550	32.2381
6560	42.2381
6570	48.4762
6580	39.6667
6590	49.6667
6600	40.8571
6610	32.0476
6620	42.0476
6630	33.2381
6640	43.2381
6650	30.6667
6660	40.6667
6670	31.8571
6680	41.8571
6690	33.0476
6700	43.0476
6710	34.2381
6720	44.2381
6730	31.6667
6740	41.6667
6750	32.8571
6760	42.8571
6770	34.0476
6780	44.0476
6790	35.2381
6800	41.4762
6810	32.6667
6820	42.6667
6830	33.8571
6840	43.8571
6850	35.0476
6860	45.0476
6870	36.2381
6880	42.4762
6890	33.6667
6900	43.6667
6910	34.8571
6920	44.8571
6930	36.0476
6940	46.0476
6950	37.2381
6960	43.4762
6970	34.6667
6980	44.6667
6990	35.8571
7000	45.8571
7010	37.0476
7020	47.0476
7030	38.2381
7040	44.4762
7050	35.6667
7060	45.6667
7070	36.8571
7080	46.8571
7090	38.0476
7100	48.0476
7110	39.2381
7120	45.4762
7130	36.6667
7140	46.6667
7150	37.8571
7160	47.8571
7170	39.0476
7180	49.0476
7190	40.2381
7200	46.4762
7210	37.6667
7220	47.6667
7230	38.8571
7240	30.0476
7250	40.0476
7260	31.2381
7270	41.2381
7280	47.4762
7290	38.6667
7300	48.6667
7310	39.8571
7320	31.0476
7330	41.0476
7340	32.2381
7350	42.2381
7360	48.4762
7370	39.6667
7380	49.6667
7390	40.8571
7400	32.0476
7410	42.0476
7420	33.2381
7430	43.2381
7440	30.6667
7450	40.6667
7460	31.8571
7470	41.8571
7480	33.0476
7490	43.0476
7500	34.2381
7510	44.2381
7520	31.6667
7530	41.6667
7540	32.8571
7550	42.8571
7560	34.0476
7570	44.0476
7580	35.2381
7590	41.4762
7600	32.6667
7610	42.6667
7620	33.8571
7630	43.8571
7640	35.0476
7650	45.0476
7660	36.2381
7670	42.4762
7680	33.6667
7690	43.6667
7700	34.8571
7710	44.8571
7720	36.0476
7730	46.0476
7740	37.2381
7750	43.4762
7760	34.6667
7770	44.6667
7780	35.8571
7790	45.8571
7800	37.0476
7810	47.0476
7820	38.2381
7830	44.4762
7840	35.6667
7850	45.6667
7860	36.8571
7870	46.8571
7880	38.0476
7890	48.0476
7900	39.2381
7910	45.4762
7920	36.6667
7930	46.6667
7940	37.8571
7950	47.8571
7960	39.0476
7970	49.0476
7980	40.2381
7990	46.4762
8000	37.6667
8010	47.6667
8020	38.8571
8030	30.0476
8040	40.0476
8050	31.2381
8060	41.2381
8070	47.4762
8080	38.6667
8090	48.6667
8100	39.8571
8110	31.0476
8120	41.0476
8130	32.2381
8140	42.2381
8150	48.4762
8160	39.6667
8170	49.6667
8180	40.8571
8190	32.0476
8200	42.0476
8210	33.2381
8220	43.2381
8230	30.6667
8240	40.6667
8250	31.8571
8260	41.8571
8270	33.0476
8280	43.0476
8290	34.2381
8300	44.2381
8310	31.6667
8320	41.6667
8330	32.8571
8340	42.8571
8350	34.0476
8360	44.0476
8370	35.2381
8380	41.4762
8390	32.6667
8400	42.6667
8410	33.8571
8420	43.8571
8430	35.0476
8440	45.0476
8450	36.2381
8460	42.4762
8470	33.6667
8480	43.6667
8490	34.8571
8500	44.8571
8510	36.0476
8520	46.0476
8530	37.2381
8540	43.4762
8550	34.6667
8560	44.6667
8570	35.8571
8580	45.8571
8590	37.0476
8600	47.0476
8610	38.2381
8620	44.4762
8630	35.6667
8640	45.6667
8650	36.8571
8660	46.8571
8670	38.0476
8680	48.0476
8690	39.2381
8700	45.4762
8710	36.6667
8720	46.6667
8730	37.8571
8740	47.8571
8750	39.0476
8760	49.0476
8770	40.2381
8780	46.4762
8790	37.6667
8800	47.6667
8810	38.8571
8820	30.0476
8830	40.0476
8840	31.2381
8850	41.2381
8860	47.4762
8870	38.6667
8880	48.6667
8890	39.8571
8900	31.0476
8910	41.0476
8920	32.2381
8930	42.2381
8940	48.4762
8950	39.6667
8960	49.6667
8970	40.8571
8980	32.0476
8990	42.0476
9000	33.2381
9010	43.2381
9020	30.6667
9030	40.6667
9040	31.8571
9050	41.8571
9060	33.0476
9070	43.0476
9080	34.2381
9090	44.2381
9100	31.6667
9110	41.6667
9120	32.8571
9130	42.8571
9140	34.0476
9150	44.0476
9160	35.2381
9170	41.4762
9180	32.6667
9190	42.6667
9200	33.8571
9210	43.8571
9220	35.0476
9230	45.0476
9240	36.2381
9250	42.4762
9260	33.6667
9270	43.6667
9280	34.8571
9290	44.8571
9300	36.0476
9310	46.0476
9320	37.2381
9330	43.4762
9340	34.6667
9350	44.6667
9360	35.8571
9370	45.8571
9380	37.0476
9390	47.0476
9400	38.2381
9410	44.4762
9420	35.6667
9430	45.6667
9440	36.8571
9450	46.8571
9460	38.0476
9470	48.0476
9480	39.2381
9490	45.4762
9500	36.6667
9510	46.6667
9520	37.8571
9530	47.8571
9540	39.0476
9550	49.0476
9560	40.2381
9570	46.4762
9580	37.6667
9590	47.6667
9600	38.8571
9610	30.0476
9620	40.0476
9630	31.2381
9640	41.2381
9650	47.4762
9660	38.6667
9670	48.6667
9680	39.8571
9690	31.0476
9700	41.0476
9710	32.2381
9720	42.2381
9730	48.4762
9740	39.6667
9750	49.6667
9760	40.8571
9770	32.0476
9780	42.0476
9790	33.2381
9800	43.2381
9810	30.6667
9820	40.6667
9830	31.8571
9840	41.8571
9850	33.0476
9860	43.0476
9870	34.2381
9880	44.2381
9890	31.6667
9900	41.6667
9910	32.8571
9920	42.8571
9930	34.0476
9940	44.0476
9950	35.2381
9960	41.4762
9970	32.6667
9980	42.6667
9990	33.8571
10000	43.8571
10010	35.0476
10020	45.0476
10030	36.2381
10040	42.4762
10050	33.6667
10060	43.6667
10070	34.8571
10080	44.8571
10090	36.0476
10100	46.0476
10110	37.2381
10120	43.4762
10130	34.6667
10140	44.6667
10150	35.8571
10160	45.8571
10170	37.0476
10180	47.0476
10190	38.2381
10200	44.4762
10210	35.6667
10220	45.6667
10230	36.8571
10240	46.8571
10250	38.0476
10260	48.0476
10270	39.2381
10280	45.4762
10290	36.6667
10300	46.6667
10310	37.8571
10320	47.8571
10330	39.0476
10340	49.0476
10350	40.2381
10360	46.4762
10370	37.6667
10380	47.6667
10390	38.8571
10400	30.0476
10410	40.0476
10420	31.2381
10430	41.2381
10440	47.4762
10450	38.6667
10460	48.6667
10470	39.8571
10480	31.0476
10490	41.0476
10500	32.2381
10510	42.2381
10520	48.4762
10530	39.6667
10540	49.6667
10550	40.8571
10560	32.0476
10570	42.0476
10580	33.2381
10590	43.2381
10600	30.6667
10610	40.6667
10620	31.8571
10630	41.8571
10640	33.0476
10650	43.0476
10660	34.2381
10670	44.2381
10680	31.6667
10690	41.6667
10700	32.8571
10710	42.8571
10720	34.0476
10730	44.0476
10740	35.2381
10750	41.4762
10760	32.6667
10770	42.6667
10780	33.8571
10790	43.8571
10800	35.0476
10810	45.0476
10820	36.2381
10830	42.4762
10840	33.6667
10850	43.6667
10860	34.8571
10870	44.8571
10880	36.0476
10890	46.0476
10900	37.2381
10910	43.4762
10920	34.6667
10930	44.6667
10940	35.8571
10950	45.8571
10960	37.0476
10970	47.0476
10980	38.2381
10990	44.4762
11000	35.6667
11010	45.6667
11020	36.8571
11030	46.8571
11040	38.0476
11050	48.0476
11060	39.2381
11070	45.4762
11080	36.6667
11090	46.6667
11100	37.8571
11110	47.8571
11120	39.0476
11130	49.0476
11140	40.2381
11150	46.4762
11160	37.6667
11170	47.6667
11180	38.8571
11190	30.0476
11200	40.0476
11210	31.2381
11220	41.2381
11230	47.4762
11240	38.6667
11250	48.6667
11260	39.8571
11270	31.0476
11280	41.0476
11290	32.2381
11300	42.2381
11310	48.4762
11320	39.6667
11330	49.6667
11340	40.8571
11350	32.0476
11360	42.0476
11370	33.2381
11380	43.2381
11390	30.6667
11400	40.6667
11410	31.8571
11420	41.8571
11430	33.0476
11440	43.0476
11450	34.2381
11460	44.2381
11470	31.6667
11480	41.6667
11490	32.8571
11500	42.8571
11510	34.0476
11520	44.0476
11530	35.2381
11540	41.4762
11550	32.6667
11560	42.6667
11570	33.8571
11580	43.8571
11590	35.0476
11600	45.0476
11610	36.2381
11620	42.4762
11630	33.6667
11640	43.6667
11650	34.8571
11660	44.8571
11670	36.0476
11680	46.0476
11690	37.2381
11700	43.4762
11710	34.6667
11720	44.6667
11730	35.8571
11740	45.8571
11750	37.0476
11760	47.0476
11770	38.2381
11780	44.4762
11790	35.6667
11800	45.6667
11810	36.8571
11820	46.8571
11830	38.0476
11840	48.0476
11850	39.2381
11860	45.4762
11870	36.6667
11880	46.6667
11890	37.8571
11900	47.8571
11910	39.0476
11920	49.0476
11930	40.2381
11940	46.4762
11950	37.6667
11960	47.6667
11970	38.8571
11980	30.0476
11990	40.0476
12000	31.2381
12010	41.2381
12020	47.4762
12030	38.6667
12040	48.6667
12050	39.8571
12060	31.0476
12070	41.0476
12080	32.2381
12090	42.2381
12100	48.4762
12110	39.6667
12120	49.6667
12130	40.8571
12140	32.0476
12150	42.0476
12160	33.2381
12170	43.2381
12180	30.6667
12190	40.6667
12200	31.8571
12210	41.8571
12220	33.0476
12230	43.0476
12240	34.2381
12250	44.2381
12260	31.6667
12270	41.6667
12280	32.8571
12290	42.8571
12300	34.0476
12310	44.0476
12320	35.2381
12330	41.4762
12340	32.6667
12350	42.6667
12360	33.8571
12370	43.8571
12380	35.0476
12390	45.0476
12400	36.2381
12410	42.4762
12420	33.6667
12430	43.6667
12440	34.8571
12450	44.8571
12460	36.0476
12470	46.0476
12480	37.2381
12490	43.4762
12500	34.6667
12510	44.6667
12520	35.8571
12530	45.8571
12540	37.0476
12550	47.0476
12560	38.2381
12570	44.4762
12580	35.6667
12590	45.6667
12600	36.8571
12610	46.8571
12620	38.0476
12630	48.0476
12640	39.2381
12650	45.4762
12660	36.6667
12670	46.6667
12680	37.8571
12690	47.8571
12700	39.0476
12710	49.0476
12720	40.2381
12730	46.4762
12740	37.6667
12750	47.6667
12760	38.8571
12770	30.0476
12780	40.0476
12790	31.2381
12800	41.2381
12810	47.4762
12820	38.6667
12830	48.6667
12840	39.8571
12850	31.0476
12860	41.0476
12870	32.2381
12880	42.2381
12890	48.4762
12900	39.6667
12910	49.6667
12920	40.8571
12930	32.0476
12940	42.0476
12950	33.2381
12960	43.2381
12970	30.6667
12980	40.6667
12990	31.8571
13000	41.8571
13010	33.0476
13020	43.0476
13030	34.2381
13040	44.2381
13050	31.6667
13060	41.6667
13070	32.8571
13080	42.8571
13090	34.0476
13100	44.0476
13110	35.2381
13120	41.4762
13130	32.6667
13140	42.6667
13150	33.8571
13160	43.8571
13170	35.0476
13180	45.0476
13190	36.2381
13200	42.4762
13210	33.6667
13220	43.6667
13230	34.8571
13240	44.8571
13250	36.0476
13260	46.0476
13270	37.2381
13280	43.4762
13290	34.6667
13300	44.6667
13310	35.8571
13320	45.8571
13330	37.0476
13340	47.0476
13350	38.2381
13360	44.4762
13370	35.6667
13380	45.6667
13390	36.8571
13400	46.8571
13410	38.0476
13420	48.0476
13430	39.2381
13440	45.4762
13450	36.6667
13460	46.6667
13470	37.8571
13480	47.8571
13490	39.0476
13500	49.0476
13510	40.2381
13520	46.4762
13530	37.6667
13540	47.6667
13550	38.8571
13560	30.0476
13570	40.0476
13580	31.2381
13590	41.2381
13600	47.4762
13610	38.6667
13620	48.6667
13630	39.8571
13640	31.0476
13650	41.0476
13660	32.2381
13670	42.2381
13680	48.4762
13690	39.6667
13700	49.6667
13710	40.8571
13720	32.0476
13730	42.0476
13740	33.2381
13750	43.2381
13760	30.6667
13770	40.6667
13780	31.8571
13790	41.8571
13800	33.0476
13810	43.0476
13820	34.2381
13830	44.2381
13840	31.6667
13850	41.6667
13860	32.8571
13870	42.8571
13880	34.0476
13890	44.0476
13900	35.2381
13910	41.4762
13920	32.6667
13930	42.6667
13940	33.8571
13950	43.8571
13960	35.0476
13970	45.0476
13980	36.2381
13990	42.4762
14000	33.6667
14010	43.6667
14020	34.8571
14030	44.8571
14040	36.0476
14050	46.0476
14060	37.2381
14070	43.4762
14080	34.6667
14090	44.6667
14100	35.8571
14110	45.8571
14120	37.0476
14130	47.0476
14140	38.2381
14150	44.4762
14160	35.6667
14170	45.6667
14180	36.8571
14190	46.8571
14200	38.0476
14210	48.0476
14220	39.2381
14230	45.4762
14240	36.6667
14250	46.6667
14260	37.8571
14270	47.8571
14280	39.0476
14290	49.0476
14300	40.2381
14310	46.4762
14320	37.6667
14330	47.6667
14340	38.8571
14350	30.0476
14360	40.0476
14370	31.2381
14380	41.2381
14390	47.4762
14400	38.6667
14410	48.6667
14420	39.8571
14430	31.0476
14440	41.0476
14450	32.2381
14460	42.2381
14470	48.4762
14480	39.6667
14490	49.6667
14500	40.8571
14510	32.0476
14520	42.0476
14530	33.2381
14540	43.2381
14550	30.6667
14560	40.6667
14570	31.8571
14580	41.8571
14590	33.0476
14600	43.0476
14610	34.2381
14620	44.2381
14630	31.6667
14640	41.6667
14650	32.8571
14660	42.8571
14670	34.0476
14680	44.0476
14690	35.2381
14700	41.4762
14710	32.6667
14720	42.6667
14730	33.8571
14740	43.8571
14750	35.0476
14760	45.0476
14770	36.2381
14780	42.4762
14790	33.6667
14800	43.6667
14810	34.8571
14820	44.8571
14830	36.0476
14840	46.0476
14850	37.2381
14860	43.4762
14870	34.6667
14880	44.6667
14890	35.8571
14900	45.8571
14910	37.0476
14920	47.0476
14930	38.2381
14940	44.4762
14950	35.6667
14960	45.6667
14970	36.8571
14980	46.8571
14990	38.0476
15000	48.0476
15010	39.2381
15020	45.4762
15030	36.6667
15040	46.6667
15050	37.8571
15060	47.8571
15070	39.0476
15080	49.0476
15090	40.2381
15100	46.4762
15110	37.6667
15120	47.6667
15130	38.8571
15140	30.0476
15150	40.0476
15160	31.2381
15170	41.2381
15180	47.4762
15190	38.6667
15200	48.6667
15210	39.8571
15220	31.0476
15230	41.0476
15240	32.2381
15250	42.2381
15260	48.4762
15270	39.6667
15280	49.6667
15290	40.8571
15300	32.0476
15310	42.0476
15320	33.2381
15330	43.2381
15340	30.6667
15350	40.6667
15360	31.8571
15370	41.8571
15380	33.0476
15390	43.0476
15400	34.2381
15410	44.2381
15420	31.6667
15430	41.6667
15440	32.8571
15450	42.8571
15460	34.0476
15470	44.0476
15480	35.2381
15490	41.4762
15500	32.6667
15510	42.6667
15520	33.8571
15530	43.8571
15540	35.0476
15550	45.0476
15560	36.2381
15570	42.4762
15580	33.6667
15590	43.6667
15600	34.8571
15610	44.8571
15620	36.0476
15630	46.0476
15640	37.2381
15650	43.4762
15660	34.6667
15670	44.6667
15680	35.8571
15690	45.8571
15700	37.0476
15710	47.0476
15720	38.2381
15730	44.4762
15740	35.6667
15750	45.6667
15760	36.8571
15770	46.8571
15780	38.0476
15790	48.0476
15800	39.2381
15810	45.4762
15820	36.6667
15830	46.6667
15840	37.8571
15850	47.8571
15860	39.0476
15870	49.0476
15880	40.2381
15890	46.4762
15900	37.6667
15910	47.6667
15920	38.8571
15930	30.0476
15940	40.0476
15950	31.2381
15960	41.2381
15970	47.4762
15980	38.6667
15990	48.6667
16000	39.8571
16010	31.0476
16020	41.0476
16030	32.2381
16040	42.2381
16050	48.4762
16060	39.6667
16070	49.6667
16080	40.8571
16090	32.0476
16100	42.0476
16110	33.2381
16120	43.2381
16130	30.6667
16140	40.6667
16150	31.8571
16160	41.8571
16170	33.0476
16180	43.0476
16190	34.2381
16200	44.2381
16210	31.6667
16220	41.6667
16230	32.8571
16240	42.8571
16250	34.0476
16260	44.0476
16270	35.2381
16280	41.4762
16290	32.6667
16300	42.6667
16310	33.8571
16320	43.8571
16330	35.0476
16340	45.0476
16350	36.2381
16360	42.4762
16370	33.6667
16380	43.6667
16390	34.8571
16400	44.8571
16410	36.0476
16420	46.0476
16430	37.2381
16440	43.4762
16450	34.6667
16460	44.6667
16470	35.8571
16480	45.8571
16490	37.0476
16500	47.0476
16510	38.2381
16520	44.4762
16530	35.6667
16540	45.6667
16550	36.8571
16560	46.8571
16570	38.0476
16580	48.0476
16590	39.2381
16600	45.4762
16610	36.6667
16620	46.6667
16630	37.8571
16640	47.8571
16650	39.0476
16660	49.0476
16670	40.2381
16680	46.4762
16690	37.6667
16700	47.6667
16710	38.8571
16720	30.0476
16730	40.0476
16740	31.2381
16750	41.2381
16760	47.4762
16770	38.6667
16780	48.6667
16790	39.8571
16800	31.0476
16810	41.0476
16820	32.2381
16830	42.2381
16840	48.4762
16850	39.6667
16860	49.6667
16870	40.8571
16880	32.0476
16890	42.0476
16900	33.2381
16910	43.2381
16920	30.6667
16930	40.6667
16940	31.8571
16950	41.8571
16960	33.0476
16970	43.0476
16980	34.2381
16990	44.2381
17000	31.6667
17010	41.6667
17020	32.8571
17030	42.8571
17040	34.0476
17050	44.0476
17060	35.2381
17070	41.4762
17080	32.6667
17090	42.6667
17100	33.8571
17110	43.8571
17120	35.0476
17130	45.0476
17140	36.2381
17150	42.4762
17160	33.6667
17170	43.6667
17180	34.8571
17190	44.8571
17200	36.0476
17210	46.0476
17220	37.2381
17230	43.4762
17240	34.6667
17250	44.6667
17260	35.8571
17270	45.8571
17280	37.0476
17290	47.0476
17300	38.2381
17310	44.4762
17320	35.6667
17330	45.6667
17340	36.8571
17350	46.8571
17360	38.0476
17370	48.0476
17380	39.2381
17390	45.4762
17400	36.6667
17410	46.6667
17420	37.8571
17430	47.8571
17440	39.0476
17450	49.0476
17460	40.2381
17470	46.4762
17480	37.6667
17490	47.6667
17500	38.8571
17510	30.0476
17520	40.0476
17530	31.2381
17540	41.2381
17550	47.4762
17560	38.6667
17570	48.6667
17580	39.8571
17590	31.0476
17600	41.0476
17610	32.2381
17620	42.2381
17630	48.4762
17640	39.6667
17650	49.6667
17660	40.8571
17670	32.0476
17680	42.0476
17690	33.2381
17700	43.2381
17710	30.6667
17720	40.6667
17730	31.8571
17740	41.8571
17750	33.0476
17760	43.0476
17770	34.2381
17780	44.2381
17790	31.6667
17800	41.6667
17810	32.8571
17820	42.8571
17830	34.0476
17840	44.0476
17850	35.2381
17860	41.4762
17870	32.6667
17880	42.6667
17890	33.8571
17900	43.8571
17910	35.0476
17920	45.0476
17930	36.2381
17940	42.4762
17950	33.6667
17960	43.6667
17970	34.8571
17980	44.8571
17990	36.0476
18000	46.0476
18010	37.2381
18020	43.4762
18030	34.6667
18040	44.6667
18050	35.8571
18060	45.8571
18070	37.0476
18080	47.0476
18090	38.2381
18100	44.4762
18110	35.6667
18120	45.6667
18130	36.8571
18140	46.8571
18150	38.0476
18160	48.0476
18170	39.2381
18180	45.4762
18190	36.6667
18200	46.6667
18210	37.8571
18220	47.8571
18230	39.0476
18240	49.0476
18250	40.2381
18260	46.4762
18270	37.6667
18280	47.6667
18290	38.8571
18300	30.0476
18310	40.0476
18320	31.2381
18330	41.2381
18340	47.4762
18350	38.6667
18360	48.6667
18370	39.8571
18380	31.0476
18390	41.0476
18400	32.2381
18410	42.2381
18420	48.4762
18430	39.6667
18440	49.6667
18450	40.8571
18460	32.0476
18470	42.0476
18480	33.2381
18490	43.2381
18500	30.6667
18510	40.6667
18520	31.8571
18530	41.8571
18540	33.0476
18550	43.0476
18560	34.2381
18570	44.2381
18580	31.6667
18590	41.6667
18600	32.8571
18610	42.8571
18620	34.0476
18630	44.0476
18640	35.2381
18650	41.4762
18660	32.6667
18670	42.6667
18680	33.8571
18690	43.8571
18700	35.0476
18710	45.0476
18720	36.2381
18730	42.4762
18740	33.6667
18750	43.6667
18760	34.8571
18770	44.8571
18780	36.0476
18790	46.0476
18800	37.2381
18810	43.4762
18820	34.6667
18830	44.6667
18840	35.8571
18850	45.8571
18860	37.0476
18870	47.0476
18880	38.2381
18890	44.4762
18900	35.6667
18910	45.6667
18920	36.8571
18930	46.8571
18940	38.0476
18950	48.0476
18960	39.2381
18970	45.4762
18980	36.6667
18990	46.6667
19000	37.8571
19010	47.8571
19020	39.0476
19030	49.0476
19040	40.2381
19050	46.4762
19060	37.6667
19070	47.6667
19080	38.8571
19090	30.0476
19100	40.0476
19110	31.2381
19120	41.2381
19130	47.4762
19140	38.6667
19150	48.6667
19160	39.8571
19170	31.0476
19180	41.0476
19190	32.2381
19200	42.2381
19210	48.4762
19220	39.6667
19230	49.6667
19240	40.8571
19250	32.0476
19260	42.0476
19270	33.2381
19280	43.2381
19290	30.6667
19300	40.6667
19310	31.8571
19320	41.8571
19330	33.0476
19340	43.0476
19350	34.2381
19360	44.2381
19370	31.6667
19380	41.6667
19390	32.8571
19400	42.8571
19410	34.0476
19420	44.0476
19430	35.2381
19440	41.4762
19450	32.6667
19460	42.6667
19470	33.8571
19480	43.8571
19490	35.0476
19500	45.0476
19510	36.2381
19520	42.4762
19530	33.6667
19540	43.6667
19550	34.8571
19560	44.8571
19570	36.0476
19580	46.0476
19590	37.2381
19600	43.4762
19610	34.6667
19620	44.6667
19630	35.8571
19640	45.8571
19650	37.0476
19660	47.0476
19670	38.2381
19680	44.4762
19690	35.6667
19700	45.6667
19710	36.8571
19720	46.8571
19730	38.0476
19740	48.0476
19750	39.2381
19760	45.4762
19770	36.6667
19780	46.6667
19790	37.8571
19800	47.8571
19810	39.0476
19820	49.0476
19830	40.2381
19840	46.4762
19850	37.6667
19860	47.6667
19870	38.8571
19880	30.0476
19890	40.0476
19900	31.2381
19910	41.2381
19920	47.4762
19930	38.6667
19940	48.6667
19950	39.8571
19960	31.0476
19970	41.0476
19980	32.2381
19990	42.2381
20000	48.4762
20010	39.6667
20020	49.6667
20030	40.8571
20040	32.0476
20050	42.0476
20060	33.2381
20070	43.2381
20080	30.6667
20090	40.6667
20100	31.8571
20110	41.8571
20120	33.0476
20130	43.0476
20140	34.2381
20150	44.2381
20160	31.6667
20170	41.6667
20180	32.8571
20190	42.8571
20200	34.0476
20210	44.0476
20220	35.2381
20230	41.4762
20240	32.6667
20250	42.6667
20260	33.8571
20270	43.8571
20280	35.0476
20290	45.0476
20300	36.2381
20310	42.4762
20320	33.6667
20330	43.6667
20340	34.8571
20350	44.8571
20360	36.0476
20370	46.0476
20380	37.2381
20390	43.4762
20400	34.6667
20410	44.6667
20420	35.8571
20430	45.8571
20440	37.0476
20450	47.0476
20460	38.2381
20470	44.4762
20480	35.6667
20490	45.6667
20500	36.8571
20510	46.8571
20520	38.0476
20530	48.0476
20540	39.2381
20550	45.4762
20560	36.6667
20570	46.6667
20580	37.8571
20590	47.8571
20600	39.0476
20610	49.0476
20620	40.2381
20630	46.4762
20640	37.6667
20650	47.6667
20660	38.8571
20670	30.0476
20680	40.0476
20690	31.2381
20700	41.2381
20710	47.4762
20720	38.6667
20730	48.6667
20740	39.8571
20750	31.0476
20760	41.0476
20770	32.2381
20780	42.2381
20790	48.4762
20800	39.6667
20810	49.6667
20820	40.8571
20830	32.0476
20840	42.0476
20850	33.2381
20860	43.2381
20870	30.6667
20880	40.6667
20890	31.8571
20900	41.8571
20910	33.0476
20920	43.0476
20930	34.2381
20940	44.2381
20950	31.6667
20960	41.6667
20970	32.8571
20980	42.8571
20990	34.0476
21000	44.0476
21010	35.2381
21020	41.4762
21030	32.6667
21040	42.6667
21050	33.8571
21060	43.8571
21070	35.0476
21080	45.0476
21090	36.2381
21100	42.4762
21110	33.6667
21120	43.6667
21130	34.8571
21140	44.8571
21150	36.0476
21160	46.0476
21170	37.2381
21180	43.4762
21190	34.6667
21200	44.6667
21210	35.8571
21220	45.8571
21230	37.0476
21240	47.0476
21250	38.2381
21260	44.4762
21270	35.6667
21280	45.6667
21290	36.8571
21300	46.8571
21310	38.0476
21320	48.0476
21330	39.2381
21340	45.4762
21350	36.6667
21360	46.6667
21370	37.8571
21380	47.8571
21390	39.0476
21400	49.0476
21410	40.2381
21420	46.4762
21430	37.6667
21440	47.6667
21450	38.8571
21460	30.0476
21470	40.0476
21480	31.2381
21490	41.2381
21500	47.4762
21510	38.6667
21520	48.6667
21530	39.8571
21540	31.0476
21550	41.0476
21560	32.2381
21570	42.2381
21580	48.4762
21590	39.6667
21600	49.6667
21610	40.8571
21620	32.0476
21630	42.0476
21640	33.2381
21650	43.2381
21660	30.6667
21670	40.6667
21680	31.8571
21690	41.8571
21700	33.0476
21710	43.0476
21720	34.2381
21730	44.2381
21740	31.6667
21750	41.6667
21760	32.8571
21770	42.8571
21780	34.0476
21790	44.0476
21800	35.2381
21810	41.4762
21820	32.6667
21830	42.6667
21840	33.8571
21850	43.8571
21860	35.0476
21870	45.0476
21880	36.2381
21890	42.4762
21900	33.6667
21910	43.6667
21920	34.8571
21930	44.8571
21940	36.0476
21950	46.0476
21960	37.2381
21970	43.4762
21980	34.6667
21990	44.6667
22000	35.8571
22010	45.8571
22020	37.0476
22030	47.0476
22040	38.2381
22050	44.4762
22060	35.6667
22070	45.6667
22080	36.8571
22090	46.8571
22100	38.0476
22110	48.0476
22120	39.2381
22130	45.4762
22140	36.6667
22150	46.6667
22160	37.8571
22170	47.8571
22180	39.0476
22190	49.0476
22200	40.2381
22210	46.4762
22220	37.6667
22230	47.6667
22240	38.8571
22250	30.0476
22260	40.0476
22270	31.2381
22280	41.2381
22290	47.4762
22300	38.6667
22310	48.6667
22320	39.8571
22330	31.0476
22340	41.0476
22350	32.2381
22360	42.2381
22370	48.4762
22380	39.6667
22390	49.6667
22400	40.8571
22410	32.0476
22420	42.0476
22430	33.2381
22440	43.2381
22450	30.6667
22460	40.6667
22470	31.8571
22480	41.8571
22490	33.0476
22500	43.0476
22510	34.2381
22520	44.2381
22530	31.6667
22540	41.6667
22550	32.8571
22560	42.8571
22570	34.0476
22580	44.0476
22590	35.2381
22600	41.4762
22610	32.6667
22620	42.6667
22630	33.8571
22640	43.8571
22650	35.0476
22660	45.0476
22670	36.2381
22680	42.4762
22690	33.6667
22700	43.6667
22710	34.8571
22720	44.8571
22730	36.0476
22740	46.0476
22750	37.2381
22760	43.4762
22770	34.6667
22780	44.6667
22790	35.8571
22800	45.8571
22810	37.0476
22820	47.0476
22830	38.2381
22840	44.4762
22850	35.6667
22860	45.6667
22870	36.8571
22880	46.8571
22890	38.0476
22900	48.0476
22910	39.2381
22920	45.4762
22930	36.6667
22940	46.6667
22950	37.8571
22960	47.8571
22970	39.0476
22980	49.0476
22990	40.2381
23000	46.4762
23010	37.6667
23020	47.6667
23030	38.8571
23040	30.0476
23050	40.0476
23060	31.2381
23070	41.2381
23080	47.4762
23090	38.6667
23100	48.6667
23110	39.8571
23120	31.0476
23130	41.0476
23140	32.2381
23150	42.2381
23160	48.4762
23170	39.6667
23180	49.6667
23190	40.8571
23200	32.0476
23210	42.0476
23220	33.2381
23230	43.2381
23240	30.6667
23250	40.6667
23260	31.8571
23270	41.8571
23280	33.0476
23290	43.0476
23300	34.2381
23310	44.2381
23320	31.6667
23330	41.6667
23340	32.8571
23350	42.8571
23360	34.0476
23370	44.0476
23380	35.2381
23390	41.4762
23400	32.6667
23410	42.6667
23420	33.8571
23430	43.8571
23440	35.0476
23450	45.0476
23460	36.2381
23470	42.4762
23480	33.6667
23490	43.6667
23500	34.8571
23510	44.8571
23520	36.0476
23530	46.0476
23540	37.2381
23550	43.4762
23560	34.6667
23570	44.6667
23580	35.8571
23590	45.8571
23600	37.0476
23610	47.0476
23620	38.2381
23630	44.4762
23640	35.6667
23650	45.6667
23660	36.8571
23670	46.8571
23680	38.0476
23690	48.0476
23700	39.2381
23710	45.4762
23720	36.6667
23730	46.6667
23740	37.8571
23750	47.8571
23760	39.0476
23770	49.0476
23780	40.2381
23790	46.4762
23800	37.6667
23810	47.6667
23820	38.8571
23830	30.0476
23840	40.0476
23850	31.2381
23860	41.2381
23870	47.4762
23880	38.6667
23890	48.6667
23900	39.8571
23910	31.0476
23920	41.0476
23930	32.2381
23940	42.2381
23950	48.4762
23960	39.6667
23970	49.6667
23980	40.8571
23990	32.0476
24000	42.0476
24010	33.2381
24020	43.2381
24030	30.6667
24040	40.6667
24050	31.8571
24060	41.8571
24070	33.0476
24080	43.0476
24090	34.2381
24100	44.2381
24110	31.6667
24120	41.6667
24130	32.8571
24140	42.8571
24150	34.0476
24160	44.0476
24170	35.2381
24180	41.4762
24190	32.6667
24200	42.6667
24210	33.8571
24220	43.8571
24230	35.0476
24240	45.0476
24250	36.2381
24260	42.4762
24270	33.6667
24280	43.6667
24290	34.8571
24300	44.8571
24310	36.0476
24320	46.0476
24330	37.2381
24340	43.4762
24350	34.6667
24360	44.6667
24370	35.8571
24380	45.8571
24390	37.0476
24400	47.0476
24410	38.2381
24420	44.4762
24430	35.6667
24440	45.6667
24450	36.8571
24460	46.8571
24470	38.0476
24480	48.0476
24490	39.2381
24500	45.4762
24510	36.6667
24520	46.6667
24530	37.8571
24540	47.8571
24550	39.0476
24560	49.0476
24570	40.2381
24580	46.4762
24590	37.6667
24600	47.6667
24610	38.8571
24620	30.0476
24630	40.0476
24640	31.2381
24650	41.2381
24660	47.4762
24670	38.6667
24680	48.6667
24690	39.8571
24700	31.0476
24710	41.0476
24720	32.2381
24730	42.2381
24740	48.4762
24750	39.6667
24760	49.6667
24770	40.8571
24780	32.0476
24790	42.0476
24800	33.2381
24810	43.2381
24820	30.6667
24830	40.6667
24840	31.8571
24850	41.8571
24860	33.0476
24870	43.0476
24880	34.2381
24890	44.2381
24900	31.6667
24910	41.6667
24920	32.8571
24930	42.8571
24940	34.0476
24950	44.0476
24960	35.2381
24970	41.4762
24980	32.6667
24990	42.6667
25000	33.8571
25010	43.8571
25020	35.0476
25030	45.0476
25040	36.2381
25050	42.4762
25060	33.6667
25070	43.6667
25080	34.8571
25090	44.8571
25100	36.0476
25110	46.0476
25120	37.2381
25130	43.4762
25140	34.6667
25150	44.6667
25160	35.8571
25170	45.8571
25180	37.0476
25190	47.0476
25200	38.2381
25210	44.4762
25220	35.6667
25230	45.6667
25240	36.8571
25250	46.8571
25260	38.0476
25270	48.0476
25280	39.2381
25290	45.4762
25300	36.6667
25310	46.6667
25320	37.8571
25330	47.8571
25340	39.0476
25350	49.0476
25360	40.2381
25370	46.4762
25380	37.6667
25390	47.6667
25400	38.8571
25410	30.0476
25420	40.0476
25430	31.2381
25440	41.2381
25450	47.4762
25460	38.6667
25470	48.6667
25480	39.8571
25490	31.0476
25500	41.0476
25510	32.2381
25520	42.2381
25530	48.4762
25540	39.6667
25550	49.6667
25560	40.8571
25570	32.0476
25580	42.0476
25590	33.2381
25600	43.2381
25610	30.6667
25620	40.6667
25630	31.8571
25640	41.8571
25650	33.0476
25660	43.0476
25670	34.2381
25680	44.2381
25690	31.6667
25700	41.6667
25710	32.8571
25720	42.8571
25730	34.0476
25740	44.0476
25750	35.2381
25760	41.4762
25770	32.6667
25780	42.6667
25790	33.8571
25800	43.8571
25810	35.0476
25820	45.0476
25830	36.2381
25840	42.4762
25850	33.6667
25860	43.6667
25870	34.8571
25880	44.8571
25890	36.0476
25900	46.0476
25910	37.2381
25920	43.4762
25930	34.6667
25940	44.6667
25950	35.8571
25960	45.8571
25970	37.0476
25980	47.0476
25990	38.2381
26000	44.4762
26010	35.6667
26020	45.6667
26030	36.8571
26040	46.8571
26050	38.0476
26060	48.0476
26070	39.2381
26080	45.4762
26090	36.6667
26100	46.6667
26110	37.8571
26120	47.8571
26130	39.0476
26140	49.0476
26150	40.2381
26160	46.4762
26170	37.6667
26180	47.6667
26190	38.8571
26200	30.0476
26210	40.0476
26220	31.2381
26230	41.2381
26240	47.4762
26250	38.6667
26260	48.6667
26270	39.8571
26280	31.0476
26290	41.0476
26300	32.2381
26310	42.2381
26320	48.4762
26330	39.6667
26340	49.6667
26350	40.8571
26360	32.0476
26370	42.0476
26380	33.2381
26390	43.2381
26400	30.6667
26410	40.6667
26420	31.8571
26430	41.8571
26440	33.0476
26450	43.0476
26460	34.2381
26470	44.2381
26480	31.6667
26490	41.6667
26500	32.8571
26510	42.8571
26520	34.0476
26530	44.0476
26540	35.2381
26550	41.4762
26560	32.6667
26570	42.6667
26580	33.8571
26590	43.8571
26600	35.0476
26610	45.0476
26620	36.2381
26630	42.4762
26640	33.6667
26650	43.6667
26660	34.8571
26670	44.8571
26680	36.0476
26690	46.0476
26700	37.2381
26710	43.4762
26720	34.6667
26730	44.6667
26740	35.8571
26750	45.8571
26760	37.0476
26770	47.0476
26780	38.2381
26790	44.4762
26800	35.6667
26810	45.6667
26820	36.8571
26830	46.8571
26840	38.0476
26850	48.0476
26860	39.2381
26870	45.4762
26880	36.6667
26890	46.6667
26900	37.8571
26910	47.8571
26920	39.0476
26930	49.0476
26940	40.2381
26950	46.4762
26960	37.6667
26970	47.6667
26980	38.8571
26990	30.0476
27000	40.0476
27010	31.2381
27020	41.2381
27030	47.4762
27040	38.6667
27050	48.6667
27060	39.8571
27070	31.0476
27080	41.0476
27090	32.2381
27100	42.2381
27110	48.4762
27120	39.6667
27130	49.6667
27140	40.8571
27150	32.0476
27160	42.0476
27170	33.2381
27180	43.2381
27190	30.6667
27200	40.6667
27210	31.8571
27220	41.8571
27230	33.0476
27240	43.0476
27250	34.2381
27260	44.2381
27270	31.6667
27280	41.6667
27290	32.8571
27300	42.8571
27310	34.0476
27320	44.0476
27330	35.2381
27340	41.4762
27350	32.6667
27360	42.6667
27370	33.8571
27380	43.8571
27390	35.0476
27400	45.0476
27410	36.2381
27420	42.4762
27430	33.6667
27440	43.6667
27450	34.8571
27460	44.8571
27470	36.0476
27480	46.0476
27490	37.2381
27500	43.4762
27510	34.6667
27520	44.6667
27530	35.8571
27540	45.8571
27550	37.0476
27560	47.0476
27570	38.2381
27580	44.4762
27590	35.6667
27600	45.6667
27610	36.8571
27620	46.8571
27630	38.0476
27640	48.0476
27650	39.2381
27660	45.4762
27670	36.6667
27680	46.6667
27690	37.8571
27700	47.8571
27710	39.0476
27720	49.0476
27730	40.2381
27740	46.4762
27750	37.6667
27760	47.6667
27770	38.8571
27780	30.0476
27790	40.0476
27800	31.2381
27810	41.2381
27820	47.4762
27830	38.6667
27840	48.6667
27850	39.8571
27860	31.0476
27870	41.0476
27880	32.2381
27890	42.2381
27900	48.4762
27910	39.6667
27920	49.6667
27930	40.8571
27940	32.0476
27950	42.0476
27960	33.2381
27970	43.2381
27980	30.6667
27990	40.6667
28000	31.8571
28010	41.8571
28020	33.0476
28030	43.0476
28040	34.2381
28050	44.2381
28060	31.6667
28070	41.6667
28080	32.8571
28090	42.8571
28100	34.0476
28110	44.0476
28120	35.2381
28130	41.4762
28140	32.6667
28150	42.6667
28160	33.8571
28170	43.8571
28180	35.0476
28190	45.0476
28200	36.2381
28210	42.4762
28220	33.6667
28230	43.6667
28240	34.8571
28250	44.8571
28260	36.0476
28270	46.0476
28280	37.2381
28290	43.4762
28300	34.6667
28310	44.6667
28320	35.8571
28330	45.8571
28340	37.0476
28350	47.0476
28360	38.2381
28370	44.4762
28380	35.6667
28390	45.6667
28400	36.8571
28410	46.8571
28420	38.0476
28430	48.0476
28440	39.2381
28450	45.4762
28460	36.6667
28470	46.6667
28480	37.8571
28490	47.8571
28500	39.0476
28510	49.0476
28520	40.2381
28530	46.4762
28540	37.6667
28550	47.6667
28560	38.8571
28570	30.0476
28580	40.0476
28590	31.2381
28600	41.2381
28610	47.4762
28620	38.6667
28630	48.6667
28640	39.8571
28650	31.0476
28660	41.0476
28670	32.2381
28680	42.2381
28690	48.4762
28700	39.6667
28710	49.6667
28720	40.8571
28730	32.0476
28740	42.0476
28750	33.2381
28760	43.2381
28770	30.6667
28780	40.6667
28790	31.8571
28800	41.8571
28810	33.0476
28820	43.0476
28830	34.2381
28840	44.2381
28850	31.6667
28860	41.6667
28870	32.8571
28880	42.8571
28890	34.0476
28900	44.0476
28910	35.2381
28920	41.4762
28930	32.6667
28940	42.6667
28950	33.8571
28960	43.8571
28970	35.0476
28980	45.0476
28990	36.2381
29000	42.4762
29010	33.6667
29020	43.6667
29030	34.8571
29040	44.8571
29050	36.0476
29060	46.0476
29070	37.2381
29080	43.4762
29090	34.6667
29100	44.6667
29110	35.8571
29120	45.8571
29130	37.0476
29140	47.0476
29150	38.2381
29160	44.4762
29170	35.6667
29180	45.6667
29190	36.8571
29200	46.8571
29210	38.0476
29220	48.0476
29230	39.2381
29240	45.4762
29250	36.6667
29260	46.6667
29270	37.8571
29280	47.8571
29290	39.0476
29300	49.0476
29310	40.2381
29320	46.4762
29330	37.6667
29340	47.6667
29350	38.8571
29360	30.0476
29370	40.0476
29380	31.2381
29390	41.2381
29400	47.4762
29410	38.6667
29420	48.6667
29430	39.8571
29440	31.0476
29450	41.0476
29460	32.2381
29470	42.2381
29480	48.4762
29490	39.6667
29500	49.6667
29510	40.8571
29520	32.0476
29530	42.0476
29540	33.2381
29550	43.2381
29560	30.6667
29570	40.6667
29580	31.8571
29590	41.8571
29600	33.0476
29610	43.0476
29620	34.2381
29630	44.2381
29640	31.6667
29650	41.6667
29660	32.8571
29670	42.8571
29680	34.0476
29690	44.0476
29700	35.2381
29710	41.4762
29720	32.6667
29730	42.6667
29740	33.8571
29750	43.8571
29760	35.0476
29770	45.0476
29780	36.2381
29790	42.4762
29800	33.6667
29810	43.6667
29820	34.8571
29830	44.8571
29840	36.0476
29850	46.0476
29860	37.2381
29870	43.4762
29880	34.6667
29890	44.6667
29900	35.8571
29910	45.8571
29920	37.0476
29930	47.0476
29940	38.2381
29950	44.4762
29960	35.6667
29970	45.6667
29980	36.8571
29990	46.8571
30000	38.0476
30010	48.0476
30020	39.2381
30030	45.4762
30040	36.6667
30050	46.6667
30060	37.8571
30070	47.8571
30080	39.0476
30090	49.0476
30100	40.2381
30110	46.4762
30120	37.6667
30130	47.6667
30140	38.8571
30150	30.0476
30160	40.0476
30170	31.2381
30180	41.2381
30190	47.4762
30200	38.6667
30210	48.6667
30220	39.8571
30230	31.0476
30240	41.0476
30250	32.2381
30260	42.2381
30270	48.4762
30280	39.6667
30290	49.6667
30300	40.8571
30310	32.0476
30320	42.0476
30330	33.2381
30340	43.2381
30350	30.6667
30360	40.6667
30370	31.8571
30380	41.8571
30390	33.0476
30400	43.0476
30410	34.2381
30420	44.2381
30430	31.6667
30440	41.6667
30450	32.8571
30460	42.8571
30470	34.0476
30480	44.0476
30490	35.2381
30500	41.4762
30510	32.6667
30520	42.6667
30530	33.8571
30540	43.8571
30550	35.0476
30560	45.0476
30570	36.2381
30580	42.4762
30590	33.6667
30600	43.6667
30610	34.8571
30620	44.8571
30630	36.0476
30640	46.0476
30650	37.2381
30660	43.4762
30670	34.6667
30680	44.6667
30690	35.8571
30700	45.8571
30710	37.0476
30720	47.0476
30730	38.2381
30740	44.4762
30750	35.6667
30760	45.6667
30770	36.8571
30780	46.8571
30790	38.0476
30800	48.0476
30810	39.2381
30820	45.4762
30830	36.6667
30840	46.6667
30850	37.8571
30860	47.8571
30870	39.0476
30880	49.0476
30890	40.2381
30900	46.4762
30910	37.6667
30920	47.6667
30930	38.8571
30940	30.0476
30950	40.0476
30960	31.2381
30970	41.2381
30980	47.4762
30990	38.6667
31000	48.6667
31010	39.8571
31020	31.0476
31030	41.0476
31040	32.2381
31050	42.2381
31060	48.4762
31070	39.6667
31080	49.6667
31090	40.8571
31100	32.0476
31110	42.0476
31120	33.2381
31130	43.2381
31140	30.6667
31150	40.6667
31160	31.8571
31170	41.8571
31180	33.0476
31190	43.0476
31200	34.2381
31210	44.2381
31220	31.6667
31230	41.6667
31240	32.8571
31250	42.8571
31260	34.0476
31270	44.0476
31280	35.2381
31290	41.4762
31300	32.6667
31310	42.6667
31320	33.8571
31330	43.8571
31340	35.0476
31350	45.0476
31360	36.2381
31370	42.4762
31380	33.6667
31390	43.6667
31400	34.8571
31410	44.8571
31420	36.0476
31430	46.0476
31440	37.2381
31450	43.4762
31460	34.6667
31470	44.6667
31480	35.8571
31490	45.8571
31500	37.0476
31510	47.0476
31520	38.2381
31530	44.4762
31540	35.6667
31550	45.6667
31560	36.8571
31570	46.8571
31580	38.0476
31590	48.0476
31600	39.2381
31610	45.4762
31620	36.6667
31630	46.6667
31640	37.8571
31650	47.8571
31660	39.0476
31670	49.0476
31680	40.2381
31690	46.4762
31700	37.6667
31710	47.6667
31720	38.8571
31730	30.0476
31740	40.0476
31750	31.2381
31760	41.2381
31770	47.4762
31780	38.6667
31790	48.6667
31800	39.8571
31810	31.0476
31820	41.0476
31830	32.2381
31840	42.2381
31850	48.4762
31860	39.6667
31870	49.6667
31880	40.8571
31890	32.0476
31900	42.0476
31910	33.2381
31920	43.2381
31930	30.6667
31940	40.6667
31950	31.8571
31960	41.8571
31970	33.0476
31980	43.0476
31990	34.2381
32000	44.2381
32010	31.6667
32020	41.6667
32030	32.8571
32040	42.8571
32050	34.0476
32060	44.0476
32070	35.2381
32080	41.4762
32090	32.6667
32100	42.6667
32110	33.8571
32120	43.8571
32130	35.0476
32140	45.0476
32150	36.2381
32160	42.4762
32170	33.6667
32180	43.6667
32190	34.8571
32200	44.8571
32210	36.0476
32220	46.0476
32230	37.2381
32240	43.4762
32250	34.6667
32260	44.6667
32270	35.8571
32280	45.8571
32290	37.0476
32300	47.0476
32310	38.2381
32320	44.4762
32330	35.6667
32340	45.6667
32350	36.8571
32360	46.8571
32370	38.0476
32380	48.0476
32390	39.2381
32400	45.4762
32410	36.6667
32420	46.6667
32430	37.8571
32440	47.8571
32450	39.0476
32460	49.0476
32470	40.2381
32480	46.4762
32490	37.6667
32500	47.6667
32510	38.8571
32520	30.0476
32530	40.0476
32540	31.2381
32550	41.2381
32560	47.4762
32570	38.6667
32580	48.6667
32590	39.8571
32600	31.0476
32610	41.0476
32620	32.2381
32630	42.2381
32640	48.4762
32650	39.6667
32660	49.6667
32670	40.8571
32680	32.0476
32690	42.0476
32700	33.2381
32710	43.2381
32720	30.6667
32730	40.6667
32740	31.8571
32750	41.8571
32760	33.0476
32770	43.0476
32780	34.2381
32790	44.2381
32800	31.6667
32810	41.6667
32820	32.8571
32830	42.8571
32840	34.0476
32850	44.0476
32860	35.2381
32870	41.4762
32880	32.6667
32890	42.6667
32900	33.8571
32910	43.8571
32920	35.0476
32930	45.0476
32940	36.2381
32950	42.4762
32960	33.6667
32970	43.6667
32980	34.8571
32990	44.8571
33000	36.0476
33010	46.0476
33020	37.2381
33030	43.4762
33040	34.6667
33050	44.6667
33060	35.8571
33070	45.8571
33080	37.0476
33090	47.0476
33100	38.2381
33110	44.4762
33120	35.6667
33130	45.6667
33140	36.8571
33150	46.8571
33160	38.0476
33170	48.0476
33180	39.2381
33190	45.4762
33200	36.6667
33210	46.6667
33220	37.8571
33230	47.8571
33240	39.0476
33250	49.0476
33260	40.2381
33270	46.4762
33280	37.6667
33290	47.6667
33300	38.8571
33310	30.0476
33320	40.0476
33330	31.2381
33340	41.2381
33350	47.4762
33360	38.6667
33370	48.6667
33380	39.8571
33390	31.0476
33400	41.0476
33410	32.2381
33420	42.2381
33430	48.4762
33440	39.6667
33450	49.6667
33460	40.8571
33470	32.0476
33480	42.0476
33490	33.2381
33500	43.2381
33510	30.6667
33520	40.6667
33530	31.8571
33540	41.8571
33550	33.0476
33560	43.0476
33570	34.2381
33580	44.2381
33590	31.6667
33600	41.6667
33610	32.8571
33620	42.8571
33630	34.0476
33640	44.0476
33650	35.2381
33660	41.4762
33670	32.6667
33680	42.6667
33690	33.8571
33700	43.8571
33710	35.0476
33720	45.0476
33730	36.2381
33740	42.4762
33750	33.6667
33760	43.6667
33770	34.8571
33780	44.8571
33790	36.0476
33800	46.0476
33810	37.2381
33820	43.4762
33830	34.6667
33840	44.6667
33850	35.8571
33860	45.8571
33870	37.0476
33880	47.0476
33890	38.2381
33900	44.4762
33910	35.6667
33920	45.6667
33930	36.8571
33940	46.8571
33950	38.0476
33960	48.0476
33970	39.2381
33980	45.4762
33990	36.6667
34000	46.6667
34010	37.8571
34020	47.8571
34030	39.0476
34040	49.0476
34050	40.2381
34060	46.4762
34070	37.6667
34080	47.6667
34090	38.8571
34100	30.0476
34110	40.0476
34120	31.2381
34130	41.2381
34140	47.4762
34150	38.6667
34160	48.6667
34170	39.8571
34180	31.0476
34190	41.0476
34200	32.2381
34210	42.2381
34220	48.4762
34230	39.6667
34240	49.6667
34250	40.8571
34260	32.0476
34270	42.0476
34280	33.2381
34290	43.2381
34300	30.6667
34310	40.6667
34320	31.8571
34330	41.8571
34340	33.0476
34350	43.0476
34360	34.2381
34370	44.2381
34380	31.6667
34390	41.6667
34400	32.8571
34410	42.8571
34420	34.0476
34430	44.0476
34440	35.2381
34450	41.4762
34460	32.6667
34470	42.6667
34480	33.8571
34490	43.8571
34500	35.0476
34510	45.0476
34520	36.2381
34530	42.4762
34540	33.6667
34550	43.6667
34560	34.8571
34570	44.8571
34580	36.0476
34590	46.0476
34600	37.2381
34610	43.4762
34620	34.6667
34630	44.6667
34640	35.8571
34650	45.8571
34660	37.0476
34670	47.0476
34680	38.2381
34690	44.4762
34700	35.6667
34710	45.6667
34720	36.8571
34730	46.8571
34740	38.0476
34750	48.0476
34760	39.2381
34770	45.4762
34780	36.6667
34790	46.6667
34800	37.8571
34810	47.8571
34820	39.0476
34830	49.0476
34840	40.2381
34850	46.4762
34860	37.6667
34870	47.6667
34880	38.8571
34890	30.0476
34900	40.0476
34910	31.2381
34920	41.2381
34930	47.4762
34940	38.6667
34950	48.6667
34960	39.8571
34970	31.0476
34980	41.0476
34990	32.2381
35000	42.2381
35010	48.4762
35020	39.6667
35030	49.6667
35040	40.8571
35050	32.0476
35060	42.0476
35070	33.2381
35080	43.2381
35090	30.6667
35100	40.6667
35110	31.8571
35120	41.8571
35130	33.0476
35140	43.0476
35150	34.2381
35160	44.2381
35170	31.6667
35180	41.6667
35190	32.8571
35200	42.8571
35210	34.0476
35220	44.0476
35230	35.2381
35240	41.4762
35250	32.6667
35260	42.6667
35270	33.8571
35280	43.8571
35290	35.0476
35300	45.0476
35310	36.2381
35320	42.4762
35330	33.6667
35340	43.6667
35350	34.8571
35360	44.8571
35370	36.0476
35380	46.0476
35390	37.2381
35400	43.4762
35410	34.6667
35420	44.6667
35430	35.8571
35440	45.8571
35450	37.0476
35460	47.0476
35470	38.2381
35480	44.4762
35490	35.6667
35500	45.6667
35510	36.8571
35520	46.8571
35530	38.0476
35540	48.0476
35550	39.2381
35560	45.4762
35570	36.6667
35580	46.6667
35590	37.8571
35600	47.8571
35610	39.0476
35620	49.0476
35630	40.2381
35640	46.4762
35650	37.6667
35660	47.6667
35670	38.8571
35680	30.0476
35690	40.0476
35700	31.2381
35710	41.2381
35720	47.4762
35730	38.6667
35740	48.6667
35750	39.8571
35760	31.0476
35770	41.0476
35780	32.2381
35790	42.2381
35800	48.4762
35810	39.6667
35820	49.6667
35830	40.8571
35840	32.0476
35850	42.0476
35860	33.2381
35870	43.2381
35880	30.6667
35890	40.6667
35900	31.8571
35910	41.8571
35920	33.0476
35930	43.0476
35940	34.2381
35950	44.2381
35960	31.6667
35970	41.6667
35980	32.8571
35990	42.8571
36000	34.0476
