1	-120
2	-118
3	-116
4	-114
5	-112
6	-110
7	-108
8	-106
9	-104
10	-102
11	-100
12	-98
13	-96
14	-94
15	-92
16	-90
17	-88
18	-86
19	-84
20	-82
21	-80
22	-78
23	-76
24	-74
25	-72
26	-70
27	-68
28	-66
29	-64
30	-62
31	-60
32	-58
33	-56
34	-54
35	-52
36	-50
37	-48
38	-46
39	-44
40	-42
41	-40
42	-38
43	-36
44	-34
45	-32
46	-30
47	-28
48	-26
49	-24
50	-22
51	-20
52	-18
53	-16
54	-14
55	-12
56	-10
57	-8
58	-6
59	-4
60	-2
61	0
62	1
63	3
64	5
65	7
66	9
67	11
68	13
69	15
70	17
71	19
72	21
73	23
74	25
75	27
76	14
77	16
78	18
79	20
80	22
81	24
82	26
83	28
84	30
85	32
86	34
87	36
88	38
89	40
90	42
91	15
92	17
93	19
94	21
95	23
96	25
97	27
98	29
99	31
100	33
101	35
102	37
103	39
104	41
105	43
106	15
107	17
108	19
109	21
110	23
111	25
112	27
113	29
114	31
115	33
116	35
117	37
118	39
119	41
120	43
121	15
122	19
123	23
124	27
125	31
126	35
127	39
128	43
129	47
130	51
131	55
132	59
133	63
134	67
135	71
136	45
137	49
138	53
139	57
140	61
141	65
142	69
143	73
144	77
145	81
146	85
147	89
148	93
149	97
150	101
151	45
152	49
153	53
154	57
155	61
156	65
157	69
158	73
159	77
160	81
161	85
162	89
163	51
164	55
165	59
166	63
167	67
168	71
169	75
170	79
171	83
172	87
173	91
174	95
175	99
176	103
177	107
178	57
179	62
180	67
181	72
182	77
183	82
184	87
185	92
186	97
187	102
188	107
189	112
190	63
191	68
192	73
193	78
194	83
195	88
196	93
197	98
198	103
199	108
200	113
201	118
202	123
203	128
204	133
205	84
206	89
207	94
208	99
209	104
210	109
211	114
212	119
213	124
214	129
215	134
216	139
217	90
218	95
219	100
220	105
221	110
222	115
223	120
224	125
225	130
226	135
227	140
228	145
229	150
230	155
231	160
232	165
233	170
234	175
235	123
236	128
237	133
238	138
239	143
240	148
241	153
242	158
243	163
244	168
245	173
246	178
247	183
248	188
249	193
250	108
251	116
252	124
253	132
254	140
255	148
256	156
257	164
258	172
259	180
260	188
261	196
262	120
263	128
264	136
265	144
266	152
267	160
268	168
269	176
270	184
271	192
272	200
273	208
274	216
275	224
276	232
277	159
278	167
279	175
280	183
281	191
282	199
283	207
284	215
285	223
286	231
287	239
288	247
289	183
290	191
291	199
292	207
293	215
294	223
295	231
296	239
297	247
298	255
299	263
300	271
301	279
302	287
303	295
304	219
305	229
306	239
307	249
308	259
309	269
310	279
311	289
312	299
313	309
314	319
315	329
316	339
317	349
318	236
319	246
320	256
321	266
322	276
323	286
324	296
325	306
326	316
327	226
328	236
329	246
330	256
331	266
332	276
333	286
334	296
335	306
336	316
337	326
338	336
339	346
340	356
341	366
342	269
343	279
344	289
345	299
346	309
347	319
348	329
349	339
350	349
351	359
352	369
353	379
354	389
355	399
356	409
357	419
358	429
359	314
360	325
361	336
362	347
363	358
364	369
365	380
366	391
367	402
368	413
369	424
370	435
371	446
372	457
373	468
374	296
375	307
376	318
377	329
378	340
379	351
380	362
381	373
382	384
383	395
384	406
385	417
386	264
387	275
388	286
389	297
390	308
391	319
392	330
393	341
394	352
395	363
396	374
397	385
398	396
399	407
400	418
401	429
402	440
403	451
404	308
405	319
406	330
407	341
408	352
409	363
410	374
411	385
412	396
413	407
414	418
415	429
416	440
417	451
418	462
419	293
420	304
421	315
422	326
423	337
424	348
425	359
426	370
427	381
428	392
429	403
430	414
431	281
432	292
433	303
434	314
435	325
436	336
437	347
438	358
439	369
440	380
441	391
442	402
443	413
444	424
445	435
446	326
447	337
448	348
449	359
450	370
451	381
452	392
453	403
454	414
455	425
456	436
457	447
458	458
459	469
460	316
461	327
462	338
463	349
464	360
465	371
466	382
467	393
468	404
469	285
470	296
471	307
472	318
473	329
474	340
475	351
476	362
477	373
478	384
479	395
480	406
481	417
482	428
483	439
484	308
485	314
486	320
487	326
488	332
489	338
490	344
491	350
492	356
493	362
494	368
495	374
496	380
497	386
498	392
499	398
500	404
501	287
502	293
503	299
504	305
505	311
506	317
507	323
508	329
509	335
510	341
511	347
512	353
513	359
514	365
515	371
516	217
517	223
518	229
519	235
520	241
521	247
522	253
523	259
524	265
525	271
526	277
527	283
528	169
529	175
530	181
531	187
532	193
533	199
534	205
535	211
536	217
537	223
538	229
539	235
540	241
541	247
542	253
543	259
544	265
545	271
546	185
547	193
548	201
549	209
550	217
551	225
552	233
553	241
554	249
555	257
556	265
557	273
558	281
559	289
560	297
561	213
562	221
563	229
564	237
565	245
566	253
567	261
568	269
569	277
570	285
571	293
572	301
573	309
574	317
575	207
576	215
577	223
578	231
579	239
580	247
581	255
582	263
583	271
584	279
585	287
586	295
587	203
588	211
589	219
590	227
591	235
592	243
593	251
594	259
595	267
596	275
597	283
598	291
599	299
600	307
601	315
602	222
603	230
604	238
605	246
606	254
607	262
608	270
609	278
610	286
611	294
612	302
613	310
614	318
615	326
616	334
617	342
618	350
619	242
620	250
621	258
622	266
623	274
624	282
625	290
626	298
627	306
628	314
629	322
630	330
631	338
632	346
633	354
634	244
635	252
636	260
637	268
638	276
639	284
640	292
641	300
642	308
643	316
644	324
645	332
646	222
647	230
648	238
649	246
650	254
651	262
652	270
653	278
654	286
655	294
656	302
657	310
658	318
659	326
660	334
661	342
662	350
663	358
664	248
665	259
666	270
667	281
668	292
669	303
670	314
671	325
672	336
673	347
674	358
675	369
676	380
677	391
678	402
679	278
680	289
681	300
682	311
683	322
684	333
685	344
686	355
687	366
688	377
689	388
690	399
691	410
692	421
693	432
694	443
695	454
696	339
697	350
698	361
699	372
700	383
701	394
702	405
703	416
704	427
705	438
706	449
707	460
708	471
709	482
710	493
711	327
712	338
713	349
714	360
715	371
716	382
717	393
718	404
719	415
720	426
721	437
722	448
723	459
724	470
725	299
726	312
727	325
728	338
729	351
730	364
731	377
732	390
733	403
734	416
735	429
736	442
737	281
738	294
739	307
740	320
741	333
742	346
743	359
744	372
745	385
746	398
747	411
748	424
749	437
750	450
751	463
752	326
753	339
754	352
755	365
756	378
757	391
758	404
759	417
760	430
761	443
762	456
763	469
764	482
765	357
766	370
767	383
768	396
769	409
770	422
771	435
772	448
773	461
774	474
775	487
776	500
777	513
778	526
779	377
780	392
781	407
782	422
783	437
784	452
785	467
786	482
787	497
788	359
789	374
790	389
791	404
792	419
793	434
794	449
795	464
796	479
797	494
798	509
799	524
800	539
801	554
802	569
803	356
804	371
805	386
806	401
807	416
808	431
809	446
810	461
811	476
812	491
813	506
814	521
815	536
816	551
817	566
818	581
819	596
820	414
821	429
822	444
823	459
824	474
825	489
826	504
827	519
828	534
829	549
830	564
831	579
832	594
833	609
834	624
835	471
836	486
837	501
838	516
839	531
840	546
841	561
842	576
843	591
844	401
845	417
846	433
847	449
848	465
849	481
850	497
851	513
852	529
853	545
854	561
855	577
856	593
857	609
858	625
859	428
860	444
861	460
862	476
863	492
864	508
865	524
866	540
867	556
868	572
869	588
870	604
871	620
872	636
873	652
874	668
875	684
876	446
877	462
878	478
879	494
880	510
881	526
882	542
883	558
884	574
885	590
886	606
887	622
888	638
889	654
890	670
891	451
892	467
893	483
894	499
895	515
896	531
897	547
898	563
899	579
900	595
901	611
902	627
903	643
904	659
905	465
906	481
907	497
908	513
909	529
910	545
911	561
912	577
913	593
914	421
915	437
916	453
917	469
918	485
919	501
920	517
921	533
922	549
923	565
924	581
925	597
926	613
927	629
928	645
929	451
930	467
931	483
932	499
933	515
934	531
935	547
936	563
937	579
938	595
939	611
940	627
941	643
942	404
943	420
944	436
945	452
946	468
947	484
948	500
949	516
950	532
951	548
952	564
953	580
954	596
955	375
956	391
957	407
958	423
959	439
960	455
961	471
962	487
963	503
964	519
965	535
966	551
967	567
968	583
969	407
970	423
971	439
972	455
973	471
974	487
975	503
976	519
977	535
978	551
979	567
980	583
981	404
982	420
983	436
984	452
985	468
986	484
987	500
988	516
989	532
990	548
991	564
992	580
993	596
994	612
995	628
996	443
997	459
998	475
999	491
1000	507
1001	523
1002	539
1003	555
1004	571
1005	587
1006	603
1007	619
1008	635
1009	461
1010	477
1011	493
1012	509
1013	525
1014	541
1015	557
1016	573
1017	589
1018	605
1019	621
1020	637
1021	653
1022	468
1023	485
1024	502
1025	519
1026	536
1027	553
1028	570
1029	587
1030	604
1031	621
1032	638
1033	655
1034	672
1035	419
1036	436
1037	453
1038	470
1039	487
1040	504
1041	521
1042	538
1043	555
1044	572
1045	589
1046	606
1047	623
1048	640
1049	390
1050	407
1051	424
1052	441
1053	458
1054	475
1055	492
1056	509
1057	526
1058	543
1059	560
1060	577
1061	399
1062	416
1063	433
1064	450
1065	467
1066	484
1067	501
1068	518
1069	535
1070	552
1071	569
1072	586
1073	603
1074	620
1075	637
1076	449
1077	467
1078	485
1079	503
1080	521
1081	539
1082	557
1083	575
1084	593
1085	611
1086	629
1087	647
1088	665
1089	482
1090	500
1091	518
1092	536
1093	554
1094	572
1095	590
1096	608
1097	626
1098	644
1099	662
1100	680
1101	698
1102	716
1103	491
1104	509
1105	527
1106	545
1107	563
1108	581
1109	599
1110	617
1111	635
1112	653
1113	671
1114	689
1115	495
1116	513
1117	531
1118	549
1119	567
1120	585
1121	603
1122	621
1123	639
1124	657
1125	675
1126	693
1127	711
1128	729
1129	747
1130	765
1131	783
1132	801
1133	534
1134	552
1135	570
1136	588
1137	606
1138	624
1139	642
1140	660
1141	678
1142	696
1143	714
1144	732
1145	750
1146	768
1147	786
1148	543
1149	563
1150	583
1151	603
1152	623
1153	643
1154	663
1155	683
1156	703
1157	723
1158	743
1159	763
1160	783
1161	803
1162	514
1163	534
1164	554
1165	574
1166	594
1167	614
1168	634
1169	654
1170	674
1171	448
1172	468
1173	488
1174	508
1175	528
1176	548
1177	568
1178	588
1179	608
1180	628
1181	648
1182	668
1183	688
1184	708
1185	728
1186	445
1187	465
1188	485
1189	505
1190	525
1191	545
1192	565
1193	585
1194	605
1195	625
1196	645
1197	665
1198	685
1199	705
1200	497
1201	519
1202	541
1203	563
1204	585
1205	607
1206	629
1207	651
1208	673
1209	507
1210	529
1211	551
1212	573
1213	595
1214	617
1215	639
1216	661
1217	683
1218	705
1219	727
1220	749
1221	771
1222	793
1223	815
1224	585
1225	607
1226	629
1227	651
1228	673
1229	695
1230	717
1231	739
1232	761
1233	783
1234	805
1235	827
1236	849
1237	528
1238	550
1239	572
1240	594
1241	616
1242	638
1243	660
1244	682
1245	704
1246	726
1247	748
1248	770
1249	792
1250	814
1251	530
1252	552
1253	574
1254	596
1255	618
1256	640
1257	662
1258	684
1259	706
1260	728
1261	750
1262	772
1263	518
1264	541
1265	564
1266	587
1267	610
1268	633
1269	656
1270	679
1271	702
1272	725
1273	748
1274	771
1275	794
1276	817
1277	840
1278	576
1279	599
1280	622
1281	645
1282	668
1283	691
1284	714
1285	737
1286	760
1287	783
1288	806
1289	829
1290	852
1291	607
1292	630
1293	653
1294	676
1295	699
1296	722
1297	745
1298	768
1299	791
1300	814
1301	837
1302	860
1303	883
1304	906
1305	605
1306	628
1307	651
1308	674
1309	697
1310	720
1311	743
1312	766
1313	789
1314	812
1315	835
1316	858
1317	611
1318	634
1319	657
1320	680
1321	703
1322	726
1323	749
1324	772
1325	795
1326	818
1327	841
1328	864
1329	887
1330	910
1331	933
1332	956
1333	979
1334	1002
1335	626
1336	649
1337	672
1338	695
1339	718
1340	741
1341	764
1342	787
1343	810
1344	833
1345	856
1346	879
1347	902
1348	925
1349	948
1350	710
1351	733
1352	756
1353	779
1354	802
1355	825
1356	848
1357	871
1358	894
1359	917
1360	940
1361	963
1362	986
1363	1009
1364	678
1365	701
1366	724
1367	747
1368	770
1369	793
1370	816
1371	839
1372	862
1373	557
1374	580
1375	603
1376	626
1377	649
1378	672
1379	695
1380	718
1381	741
1382	764
1383	787
1384	810
1385	833
1386	856
1387	879
1388	531
1389	555
1390	579
1391	603
1392	627
1393	651
1394	675
1395	699
1396	723
1397	747
1398	771
1399	795
1400	819
1401	843
1402	867
1403	891
1404	915
1405	675
1406	699
1407	723
1408	747
1409	771
1410	795
1411	819
1412	843
1413	867
1414	891
1415	915
1416	939
1417	963
1418	987
1419	1011
1420	699
1421	723
1422	747
1423	771
1424	795
1425	819
1426	843
1427	867
1428	891
1429	628
1430	652
1431	676
1432	700
1433	724
1434	748
1435	772
1436	796
1437	820
1438	844
1439	868
1440	892
1441	916
1442	940
1443	964
1444	648
1445	673
1446	698
1447	723
1448	748
1449	773
1450	798
1451	823
1452	848
1453	873
1454	898
1455	923
1456	948
1457	973
1458	998
1459	1023
1460	1048
1461	740
1462	765
1463	790
1464	815
1465	840
1466	865
1467	890
1468	915
1469	940
1470	965
1471	990
1472	1015
1473	1040
1474	1065
1475	1090
1476	779
1477	804
1478	829
1479	854
1480	879
1481	904
1482	929
1483	954
1484	979
1485	1004
1486	1029
1487	1054
1488	666
1489	691
1490	716
1491	741
1492	766
1493	791
1494	816
1495	841
1496	866
1497	891
1498	916
1499	941
1500	966
1501	991
1502	1016
1503	687
1504	714
1505	741
1506	768
1507	795
1508	822
1509	849
1510	876
1511	903
1512	930
1513	957
1514	984
1515	1011
1516	705
1517	732
1518	759
1519	786
1520	813
1521	840
1522	867
1523	894
1524	921
1525	948
1526	975
1527	1002
1528	1029
1529	1056
1530	759
1531	786
1532	813
1533	840
1534	867
1535	894
1536	921
1537	948
1538	975
1539	609
1540	636
1541	663
1542	690
1543	717
1544	744
1545	771
1546	798
1547	825
1548	852
1549	879
1550	906
1551	933
1552	960
1553	987
1554	684
1555	711
1556	738
1557	765
1558	792
1559	819
1560	846
1561	873
1562	900
1563	927
1564	954
1565	981
1566	1008
1567	1035
1568	1062
1569	1089
1570	1116
1571	735
1572	762
1573	789
1574	816
1575	843
1576	870
1577	897
1578	924
1579	951
1580	978
1581	1005
1582	1032
1583	1059
1584	1086
1585	1113
1586	764
1587	791
1588	818
1589	845
1590	872
1591	899
1592	926
1593	953
1594	980
1595	1007
1596	1034
1597	1061
1598	1088
1599	1115
1600	722
1601	749
1602	776
1603	803
1604	830
1605	857
1606	884
1607	911
1608	938
1609	686
1610	713
1611	740
1612	767
1613	794
1614	821
1615	848
1616	875
1617	902
1618	929
1619	956
1620	983
1621	1010
1622	1037
1623	1064
1624	773
1625	802
1626	831
1627	860
1628	889
1629	918
1630	947
1631	976
1632	1005
1633	1034
1634	1063
1635	1092
1636	1121
1637	742
1638	771
1639	800
1640	829
1641	858
1642	887
1643	916
1644	945
1645	974
1646	1003
1647	1032
1648	1061
1649	1090
1650	709
1651	738
1652	767
1653	796
1654	825
1655	854
1656	883
1657	912
1658	941
1659	970
1660	999
1661	1028
1662	1057
1663	1086
1664	731
1665	760
1666	789
1667	818
1668	847
1669	876
1670	905
1671	934
1672	963
1673	649
1674	678
1675	707
1676	736
1677	765
1678	794
1679	823
1680	852
1681	881
1682	910
1683	939
1684	968
1685	997
1686	1026
1687	1055
1688	676
1689	707
1690	738
1691	769
1692	800
1693	831
1694	862
1695	893
1696	924
1697	955
1698	986
1699	1017
1700	1048
1701	1079
1702	1110
1703	1141
1704	1172
1705	898
1706	929
1707	960
1708	991
1709	1022
1710	1053
1711	1084
1712	1115
1713	1146
1714	1177
1715	1208
1716	1239
1717	1270
1718	1301
1719	1332
1720	1013
1721	1044
1722	1075
1723	1106
1724	1137
1725	1168
1726	1199
1727	1230
1728	1261
1729	1292
1730	1323
1731	1354
1732	1385
1733	1416
1734	1027
1735	1058
1736	1089
1737	1120
1738	1151
1739	1182
1740	1213
1741	1244
1742	1275
1743	816
1744	848
1745	880
1746	912
1747	944
1748	976
1749	1008
1750	1040
1751	1072
1752	1104
1753	1136
1754	1168
1755	1200
1756	1232
1757	1264
1758	666
1759	698
1760	730
1761	762
1762	794
1763	826
1764	858
1765	890
1766	922
1767	954
1768	986
1769	1018
1770	1050
1771	799
1772	831
1773	863
1774	895
1775	927
1776	959
1777	991
1778	1023
1779	1055
1780	1087
1781	1119
1782	1151
1783	1183
1784	899
1785	931
1786	963
1787	995
1788	1027
1789	1059
1790	1091
1791	1123
1792	1155
1793	1187
1794	1219
1795	1251
1796	1283
1797	1315
1798	963
1799	996
1800	1029
1801	1062
1802	1095
1803	1128
1804	1161
1805	1194
1806	1227
1807	1260
1808	1293
1809	1326
1810	890
1811	923
1812	956
1813	989
1814	1022
1815	1055
1816	1088
1817	1121
1818	1154
1819	1187
1820	1220
1821	1253
1822	1286
1823	1319
1824	1352
1825	782
1826	815
1827	848
1828	881
1829	914
1830	947
1831	980
1832	1013
1833	1046
1834	1079
1835	1112
1836	1145
1837	1178
1838	809
1839	842
1840	875
1841	908
1842	941
1843	974
1844	1007
1845	1040
1846	1073
1847	1106
1848	1139
1849	1172
1850	1205
1851	1238
1852	893
1853	926
1854	959
1855	992
1856	1025
1857	1058
1858	1091
1859	1124
1860	1157
1861	833
1862	867
1863	901
1864	935
1865	969
1866	1003
1867	1037
1868	1071
1869	1105
1870	1139
1871	1173
1872	1207
1873	1241
1874	1275
1875	1309
1876	869
1877	903
1878	937
1879	971
1880	1005
1881	1039
1882	1073
1883	1107
1884	1141
1885	1175
1886	1209
1887	1243
1888	1277
1889	1311
1890	1345
1891	1379
1892	1413
1893	1011
1894	1045
1895	1079
1896	1113
1897	1147
1898	1181
1899	1215
1900	1249
1901	1283
1902	1317
1903	1351
1904	1385
1905	1419
1906	1453
1907	1487
1908	1101
1909	1135
1910	1169
1911	1203
1912	1237
1913	1271
1914	1305
1915	1339
1916	1373
1917	1407
1918	1441
1919	1475
1920	1509
1921	1543
1922	1087
1923	1121
1924	1155
1925	1189
1926	1223
1927	1257
1928	1291
1929	1325
1930	1359
1931	1393
1932	1427
1933	1461
1934	915
1935	949
1936	983
1937	1017
1938	1051
1939	1085
1940	1119
1941	1153
1942	1187
1943	1221
1944	1255
1945	1289
1946	1323
1947	1357
1948	1391
1949	809
1950	843
1951	877
1952	911
1953	945
1954	979
1955	1013
1956	1047
1957	1081
1958	1115
1959	1149
1960	1183
1961	1217
1962	1251
1963	1285
1964	1319
1965	1353
1966	1039
1967	1073
1968	1107
1969	1141
1970	1175
1971	1209
1972	1243
1973	1277
1974	1311
1975	1345
1976	1379
1977	1413
1978	1447
1979	1481
1980	1515
1981	1079
1982	1115
1983	1151
1984	1187
1985	1223
1986	1259
1987	1295
1988	1331
1989	1367
1990	1403
1991	1439
1992	1475
1993	1511
1994	1547
1995	1072
1996	1108
1997	1144
1998	1180
1999	1216
2000	1252
2001	1288
2002	1324
2003	1360
2004	929
2005	965
2006	1001
2007	1037
2008	1073
2009	1109
2010	1145
2011	1181
2012	1217
2013	1253
2014	1289
2015	1325
2016	1361
2017	1397
2018	1433
2019	979
2020	1015
2021	1051
2022	1087
2023	1123
2024	1159
2025	1195
2026	1231
2027	1267
2028	1303
2029	1339
2030	1375
2031	1411
2032	937
2033	973
2034	1009
2035	1045
2036	1081
2037	1117
2038	1153
2039	1189
2040	1225
2041	1261
2042	1297
2043	1333
2044	1369
2045	867
2046	903
2047	939
2048	975
2049	1011
2050	1047
2051	1083
2052	1119
2053	1155
2054	1191
2055	1227
2056	1263
2057	1299
2058	1335
2059	923
2060	959
2061	995
2062	1031
2063	1067
2064	1103
2065	1139
2066	1175
2067	1211
2068	1247
2069	1283
2070	1319
2071	965
2072	1001
2073	1037
2074	1073
2075	1109
2076	1145
2077	1181
2078	1217
2079	1253
2080	1289
2081	1325
2082	1361
2083	1397
2084	1433
2085	1469
2086	1036
2087	1072
2088	1108
2089	1144
2090	1180
2091	1216
2092	1252
2093	1288
2094	1324
2095	1360
2096	1396
2097	1432
2098	1468
2099	1029
2100	1066
2101	1103
2102	1140
2103	1177
2104	1214
2105	1251
2106	1288
2107	1325
2108	1362
2109	1399
2110	1436
2111	1473
2112	1028
2113	1065
2114	1102
2115	1139
2116	1176
2117	1213
2118	1250
2119	1287
2120	1324
2121	1361
2122	1398
2123	1435
2124	1472
2125	969
2126	1006
2127	1043
2128	1080
2129	1117
2130	1154
2131	1191
2132	1228
2133	1265
2134	1302
2135	1339
2136	1376
2137	1413
2138	1450
2139	927
2140	964
2141	1001
2142	1038
2143	1075
2144	1112
2145	1149
2146	1186
2147	1223
2148	1260
2149	1297
2150	1334
2151	916
2152	953
2153	990
2154	1027
2155	1064
2156	1101
2157	1138
2158	1175
2159	1212
2160	1249
2161	1286
2162	1323
2163	1360
2164	1397
2165	1434
2166	1471
2167	1508
2168	1545
2169	1126
2170	1164
2171	1202
2172	1240
2173	1278
2174	1316
2175	1354
2176	1392
2177	1430
2178	1468
2179	1506
2180	1544
2181	1582
2182	1620
2183	1658
2184	1106
2185	1144
2186	1182
2187	1220
2188	1258
2189	1296
2190	1334
2191	1372
2192	1410
2193	1448
2194	1486
2195	1524
2196	1562
2197	1600
2198	1638
2199	1676
2200	1714
2201	1242
2202	1280
2203	1318
2204	1356
2205	1394
2206	1432
2207	1470
2208	1508
2209	1546
2210	1584
2211	1622
2212	1660
2213	1698
2214	1736
2215	1774
2216	1273
2217	1314
2218	1355
2219	1396
2220	1437
2221	1478
2222	1519
2223	1560
2224	1601
2225	1642
2226	1683
2227	1724
2228	1167
2229	1208
2230	1249
2231	1290
2232	1331
2233	1372
2234	1413
2235	1454
2236	1495
2237	1536
2238	1577
2239	1618
2240	1659
2241	1700
2242	1741
2243	1782
2244	1823
2245	1864
2246	1289
2247	1330
2248	1371
2249	1412
2250	1453
2251	1494
2252	1535
2253	1576
2254	1617
2255	1658
2256	1699
2257	1740
2258	1781
2259	1822
2260	1863
2261	1089
2262	1130
2263	1171
2264	1212
2265	1253
2266	1294
2267	1335
2268	1376
2269	1417
2270	1458
2271	1499
2272	1540
2273	1581
2274	1622
2275	1191
2276	1232
2277	1273
2278	1314
2279	1355
2280	1396
2281	1437
2282	1478
2283	1519
2284	1077
2285	1121
2286	1165
2287	1209
2288	1253
2289	1297
2290	1341
2291	1385
2292	1429
2293	1473
2294	1517
2295	1561
2296	1605
2297	1649
2298	1693
2299	1169
2300	1213
2301	1257
2302	1301
2303	1345
2304	1389
2305	1433
2306	1477
2307	1521
2308	1565
2309	1609
2310	1653
2311	1697
2312	1152
2313	1196
2314	1240
2315	1284
2316	1328
2317	1372
2318	1416
2319	1460
2320	1504
2321	1548
2322	1592
2323	1636
2324	1680
2325	1092
2326	1136
2327	1180
2328	1224
2329	1268
2330	1312
2331	1356
2332	1400
2333	1444
2334	1488
2335	1532
2336	1576
2337	1620
2338	1664
2339	1141
2340	1185
2341	1229
2342	1273
2343	1317
2344	1361
2345	1405
2346	1449
2347	1493
2348	1537
2349	1581
2350	1625
2351	1200
2352	1244
2353	1288
2354	1332
2355	1376
2356	1420
2357	1464
2358	1508
2359	1552
2360	1596
2361	1640
2362	1684
2363	1728
2364	1772
2365	1816
2366	1860
2367	1904
2368	1948
2369	1308
2370	1352
2371	1396
2372	1440
2373	1484
2374	1528
2375	1572
2376	1616
2377	1660
2378	1704
2379	1748
2380	1792
2381	1836
2382	1880
2383	1924
2384	1288
2385	1332
2386	1376
2387	1420
2388	1464
2389	1508
2390	1552
2391	1596
2392	1640
2393	1684
2394	1728
2395	1772
2396	1816
2397	1860
2398	1904
2399	1948
2400	1992
2401	1428
2402	1472
2403	1516
2404	1560
2405	1604
2406	1648
2407	1692
2408	1736
2409	1780
2410	1824
2411	1868
2412	1912
2413	1956
2414	2000
2415	2044
2416	1395
2417	1439
2418	1483
2419	1527
2420	1571
2421	1615
2422	1659
2423	1703
2424	1747
2425	1791
2426	1835
2427	1879
2428	1215
2429	1259
2430	1303
2431	1347
2432	1391
2433	1435
2434	1479
2435	1523
2436	1567
2437	1611
2438	1655
2439	1699
2440	1743
2441	1787
2442	1831
2443	1875
2444	1919
2445	1963
2446	1342
2447	1386
2448	1430
2449	1474
2450	1518
2451	1562
2452	1606
2453	1650
2454	1694
2455	1738
2456	1782
2457	1826
2458	1870
2459	1914
2460	1958
2461	1386
2462	1430
2463	1474
2464	1518
2465	1562
2466	1606
2467	1650
2468	1694
2469	1738
2470	1782
2471	1826
2472	1870
2473	1914
2474	1958
2475	2002
2476	2046
2477	2090
2478	1518
2479	1562
2480	1606
2481	1650
2482	1694
2483	1738
2484	1782
2485	1826
2486	1870
2487	1914
2488	1958
2489	2002
2490	2046
2491	2090
2492	2134
2493	1398
2494	1442
2495	1486
2496	1530
2497	1574
2498	1618
2499	1662
2500	1706
2501	1750
2502	1794
2503	1838
2504	1882
2505	1926
2506	1970
2507	1195
2508	1239
2509	1283
2510	1327
2511	1371
2512	1415
2513	1459
2514	1503
2515	1547
2516	1101
2517	1147
2518	1193
2519	1239
2520	1285
2521	1331
2522	1377
2523	1423
2524	1469
2525	1515
2526	1561
2527	1607
2528	1653
2529	1699
2530	1745
2531	1216
2532	1262
2533	1308
2534	1354
2535	1400
2536	1446
2537	1492
2538	1538
2539	1584
2540	1630
2541	1676
2542	1722
2543	1768
2544	1202
2545	1248
2546	1294
2547	1340
2548	1386
2549	1432
2550	1478
2551	1524
2552	1570
2553	1616
2554	1662
2555	1708
2556	1754
2557	1127
2558	1173
2559	1219
2560	1265
2561	1311
2562	1357
2563	1403
2564	1449
2565	1495
2566	1541
2567	1587
2568	1633
2569	1679
2570	1725
2571	1195
2572	1241
2573	1287
2574	1333
2575	1379
2576	1425
2577	1471
2578	1517
2579	1563
2580	1609
2581	1655
2582	1701
2583	1278
2584	1326
2585	1374
2586	1422
2587	1470
2588	1518
2589	1566
2590	1614
2591	1662
2592	1710
2593	1758
2594	1806
2595	1854
2596	1902
2597	1950
2598	1998
2599	2046
2600	2094
2601	1458
2602	1506
2603	1554
2604	1602
2605	1650
2606	1698
2607	1746
2608	1794
2609	1842
2610	1890
2611	1938
2612	1986
2613	2034
2614	2082
2615	2130
2616	1413
2617	1461
2618	1509
2619	1557
2620	1605
2621	1653
2622	1701
2623	1749
2624	1797
2625	1845
2626	1893
2627	1941
2628	1989
2629	2037
2630	2085
2631	2133
2632	2181
2633	1545
2634	1593
2635	1641
2636	1689
2637	1737
2638	1785
2639	1833
2640	1881
2641	1929
2642	1977
2643	2025
2644	2073
2645	2121
2646	2169
2647	2217
2648	1507
2649	1556
2650	1605
2651	1654
2652	1703
2653	1752
2654	1801
2655	1850
2656	1899
2657	1948
2658	1997
2659	2046
2660	1387
2661	1436
2662	1485
2663	1534
2664	1583
2665	1632
2666	1681
2667	1730
2668	1779
2669	1828
2670	1877
2671	1926
2672	1975
2673	2024
2674	2073
2675	2122
2676	2171
2677	2220
2678	1509
2679	1558
2680	1607
2681	1656
2682	1705
2683	1754
2684	1803
2685	1852
2686	1901
2687	1950
2688	1999
2689	2048
2690	2097
2691	2146
2692	2195
2693	1506
2694	1555
2695	1604
2696	1653
2697	1702
2698	1751
2699	1800
2700	1849
2701	1898
2702	1947
2703	1996
2704	2045
2705	2094
2706	2143
2707	2192
2708	2241
2709	2290
2710	1646
2711	1696
2712	1746
2713	1796
2714	1846
2715	1896
2716	1946
2717	1996
2718	2046
2719	2096
2720	2146
2721	2196
2722	2246
2723	2296
2724	2346
2725	1626
2726	1676
2727	1726
2728	1776
2729	1826
2730	1876
2731	1926
2732	1976
2733	2026
2734	2076
2735	2126
2736	2176
2737	1275
2738	1325
2739	1375
2740	1425
2741	1475
2742	1525
2743	1575
2744	1625
2745	1675
2746	1725
2747	1775
2748	1825
2749	1875
2750	1925
2751	1975
2752	2025
2753	2075
2754	2125
2755	1559
2756	1609
2757	1659
2758	1709
2759	1759
2760	1809
2761	1859
2762	1909
2763	1959
2764	2009
2765	2059
2766	2109
2767	2159
2768	2209
2769	2259
2770	1539
2771	1565
2772	1591
2773	1617
2774	1643
2775	1669
2776	1695
2777	1721
2778	1747
2779	1773
2780	1799
2781	1825
2782	1851
2783	1877
2784	1903
2785	1929
2786	1955
2787	1356
2788	1382
2789	1408
2790	1434
2791	1460
2792	1486
2793	1512
2794	1538
2795	1564
2796	1590
2797	1616
2798	1642
2799	1668
2800	1694
2801	1720
2802	1093
2803	1119
2804	1145
2805	1171
2806	1197
2807	1223
2808	1249
2809	1275
2810	1301
2811	1327
2812	1353
2813	1379
2814	1405
2815	1431
2816	777
2817	804
2818	831
2819	858
2820	885
2821	912
2822	939
2823	966
2824	993
2825	680
2826	707
2827	734
2828	761
2829	788
2830	815
2831	842
2832	869
2833	896
2834	923
2835	950
2836	977
2837	1004
2838	1031
2839	1058
2840	711
2841	738
2842	765
2843	792
2844	819
2845	846
2846	873
2847	900
2848	927
2849	954
2850	981
2851	1008
2852	1035
2853	705
2854	732
2855	759
2856	786
2857	813
2858	840
2859	867
2860	894
2861	921
2862	948
2863	975
2864	1002
2865	1029
2866	661
2867	688
2868	715
2869	742
2870	769
2871	796
2872	823
2873	850
2874	877
2875	904
2876	931
2877	958
2878	985
2879	1012
2880	719
2881	749
2882	779
2883	809
2884	839
2885	869
2886	899
2887	929
2888	959
2889	695
2890	725
2891	755
2892	785
2893	815
2894	845
2895	875
2896	905
2897	935
2898	965
2899	995
2900	1025
2901	1055
2902	1085
2903	1115
2904	764
2905	794
2906	824
2907	854
2908	884
2909	914
2910	944
2911	974
2912	1004
2913	1034
2914	1064
2915	1094
2916	1124
2917	1154
2918	1184
2919	1214
2920	1244
2921	849
2922	879
2923	909
2924	939
2925	969
2926	999
2927	1029
2928	1059
2929	1089
2930	1119
2931	1149
2932	1179
2933	1209
2934	1239
2935	1269
2936	949
2937	981
2938	1013
2939	1045
2940	1077
2941	1109
2942	1141
2943	1173
2944	1205
2945	1237
2946	1269
2947	1301
2948	1333
2949	1365
2950	977
2951	1009
2952	1041
2953	1073
2954	1105
2955	1137
2956	1169
2957	1201
2958	1233
2959	1265
2960	1297
2961	1329
2962	871
2963	903
2964	935
2965	967
2966	999
2967	1031
2968	1063
2969	1095
2970	1127
2971	1159
2972	1191
2973	1223
2974	1255
2975	1287
2976	1319
2977	823
2978	855
2979	887
2980	919
2981	951
2982	983
2983	1015
2984	1047
2985	1079
2986	1111
2987	1143
2988	1175
2989	1207
2990	840
2991	872
2992	904
2993	936
2994	968
2995	1000
2996	1032
2997	1064
2998	1096
2999	1128
3000	1160
3001	1192
3002	1224
3003	1256
3004	1288
3005	1320
3006	1352
3007	979
3008	991
3009	1003
3010	1015
3011	1027
3012	1039
3013	1051
3014	1063
3015	1075
3016	1087
3017	1099
3018	1111
3019	1123
3020	1135
3021	1147
3022	774
3023	786
3024	798
3025	810
3026	822
3027	834
3028	846
3029	858
3030	870
3031	882
3032	894
3033	906
3034	918
3035	930
3036	542
3037	554
3038	566
3039	578
3040	590
3041	602
3042	614
3043	626
3044	638
3045	394
3046	406
3047	418
3048	430
3049	442
3050	454
3051	466
3052	478
3053	490
3054	502
3055	514
3056	526
3057	538
3058	550
3059	562
3060	313
3061	327
3062	341
3063	355
3064	369
3065	383
3066	397
3067	411
3068	425
3069	439
3070	453
3071	467
3072	481
3073	495
3074	509
3075	523
3076	537
3077	341
3078	355
3079	369
3080	383
3081	397
3082	411
3083	425
3084	439
3085	453
3086	467
3087	481
3088	495
3089	509
3090	523
3091	537
3092	379
3093	393
3094	407
3095	421
3096	435
3097	449
3098	463
3099	477
3100	491
3101	505
3102	519
3103	533
3104	547
3105	561
3106	575
3107	589
3108	603
3109	440
3110	454
3111	468
3112	482
3113	496
3114	510
3115	524
3116	538
3117	552
3118	566
3119	580
3120	594
3121	608
3122	622
3123	636
3124	458
3125	473
3126	488
3127	503
3128	518
3129	533
3130	548
3131	563
3132	578
3133	593
3134	608
3135	623
3136	638
3137	653
3138	464
3139	479
3140	494
3141	509
3142	524
3143	539
3144	554
3145	569
3146	584
3147	389
3148	404
3149	419
3150	434
3151	449
3152	464
3153	479
3154	494
3155	509
3156	524
3157	539
3158	554
3159	569
3160	584
3161	599
3162	404
3163	419
3164	434
3165	449
3166	464
3167	479
3168	494
3169	509
3170	524
3171	539
3172	554
3173	569
3174	584
3175	599
3176	614
3177	629
3178	644
3179	394
3180	411
3181	428
3182	445
3183	462
3184	479
3185	496
3186	513
3187	530
3188	547
3189	564
3190	581
3191	598
3192	615
3193	632
3194	439
3195	456
3196	473
3197	490
3198	507
3199	524
3200	541
3201	558
3202	575
3203	592
3204	609
3205	626
3206	643
3207	660
3208	677
3209	694
3210	711
3211	504
3212	521
3213	538
3214	555
3215	572
3216	589
3217	606
3218	623
3219	640
3220	657
3221	674
3222	691
3223	708
3224	725
3225	742
3226	536
3227	553
3228	570
3229	587
3230	604
3231	621
3232	638
3233	655
3234	672
3235	689
3236	706
3237	723
3238	504
3239	523
3240	542
3241	561
3242	580
3243	599
3244	618
3245	637
3246	656
3247	675
3248	694
3249	713
3250	732
3251	751
3252	770
3253	789
3254	808
3255	827
3256	564
3257	583
3258	602
3259	621
3260	640
3261	659
3262	678
3263	697
3264	716
3265	735
3266	754
3267	773
3268	792
3269	811
3270	830
3271	576
3272	595
3273	614
3274	633
3275	652
3276	671
3277	690
3278	709
3279	728
3280	747
3281	766
3282	785
3283	804
3284	823
3285	842
3286	861
3287	880
3288	617
3289	636
3290	655
3291	674
3292	693
3293	712
3294	731
3295	750
3296	769
3297	788
3298	807
3299	826
3300	845
3301	864
3302	883
3303	606
3304	625
3305	644
3306	663
3307	682
3308	701
3309	720
3310	739
3311	758
3312	777
3313	796
3314	815
3315	526
3316	545
3317	564
3318	583
3319	602
3320	621
3321	640
3322	659
3323	678
3324	697
3325	716
3326	735
3327	754
3328	773
3329	792
3330	516
3331	535
3332	554
3333	573
3334	592
3335	611
3336	630
3337	649
3338	668
3339	687
3340	706
3341	725
3342	744
3343	502
3344	521
3345	540
3346	559
3347	578
3348	597
3349	616
3350	635
3351	654
3352	673
3353	692
3354	711
3355	730
3356	749
3357	552
3358	572
3359	592
3360	612
3361	632
3362	652
3363	672
3364	692
3365	712
3366	732
3367	752
3368	772
3369	549
3370	569
3371	589
3372	609
3373	629
3374	649
3375	669
3376	689
3377	709
3378	729
3379	749
3380	769
3381	789
3382	809
3383	829
3384	849
3385	869
3386	889
3387	594
3388	614
3389	634
3390	654
3391	674
3392	694
3393	714
3394	734
3395	754
3396	774
3397	794
3398	814
3399	834
3400	854
3401	874
3402	546
3403	566
3404	586
3405	606
3406	626
3407	646
3408	666
3409	686
3410	706
3411	726
3412	746
3413	766
3414	786
3415	806
3416	590
3417	611
3418	632
3419	653
3420	674
3421	695
3422	716
3423	737
3424	758
3425	533
3426	554
3427	575
3428	596
3429	617
3430	638
3431	659
3432	680
3433	701
3434	722
3435	743
3436	764
3437	785
3438	806
3439	827
3440	530
3441	551
3442	572
3443	593
3444	614
3445	635
3446	656
3447	677
3448	698
3449	719
3450	740
3451	761
3452	782
3453	803
3454	824
3455	845
3456	866
3457	623
3458	644
3459	665
3460	686
3461	707
3462	728
3463	749
3464	770
3465	791
3466	812
3467	833
3468	854
3469	875
3470	896
3471	917
3472	602
3473	623
3474	644
3475	665
3476	686
3477	707
3478	728
3479	749
3480	770
3481	791
3482	812
3483	833
3484	854
3485	875
3486	616
3487	640
3488	664
3489	688
3490	712
3491	736
3492	760
3493	784
3494	808
3495	832
3496	856
3497	880
3498	544
3499	568
3500	592
3501	616
3502	640
3503	664
3504	688
3505	712
3506	736
3507	760
3508	784
3509	808
3510	832
3511	856
3512	880
3513	613
3514	637
3515	661
3516	685
3517	709
3518	733
3519	757
3520	781
3521	805
3522	829
3523	853
3524	877
3525	901
3526	925
3527	949
3528	973
3529	997
3530	731
3531	755
3532	779
3533	803
3534	827
3535	851
3536	875
3537	899
3538	923
3539	947
3540	971
3541	995
3542	1019
3543	1043
3544	1067
3545	762
3546	787
3547	812
3548	837
3549	862
3550	887
3551	912
3552	937
3553	962
3554	987
3555	1012
3556	1037
3557	1062
3558	1087
3559	747
3560	772
3561	797
3562	822
3563	847
3564	872
3565	897
3566	922
3567	947
3568	639
3569	664
3570	689
3571	714
3572	739
3573	764
3574	789
3575	814
3576	839
3577	864
3578	889
3579	914
3580	939
3581	964
3582	989
3583	734
3584	759
3585	784
3586	809
3587	834
3588	859
3589	884
3590	909
3591	934
3592	959
3593	984
3594	1009
3595	1034
3596	651
3597	678
3598	705
3599	732
3600	759
3601	786
3602	813
3603	840
3604	867
3605	894
3606	921
3607	948
3608	975
3609	594
3610	621
3611	648
3612	675
3613	702
3614	729
3615	756
3616	783
3617	810
3618	837
3619	864
3620	891
3621	918
3622	945
3623	652
3624	679
3625	706
3626	733
3627	760
3628	787
3629	814
3630	841
3631	868
3632	895
3633	922
3634	949
3635	664
3636	691
3637	718
3638	745
3639	772
3640	799
3641	826
3642	853
3643	880
3644	907
3645	934
3646	961
3647	988
3648	1015
3649	1042
3650	1069
3651	1096
3652	1123
3653	838
3654	865
3655	892
3656	919
3657	946
3658	973
3659	1000
3660	1027
3661	1054
3662	1081
3663	1108
3664	1135
3665	1162
3666	1189
3667	1216
