10	11
20	21
30	2
40	2
50	2
60	2
70	4.5
80	14.5
90	16
100	26
110	20
120	30
130	20
140	30
150	23.25
160	24
170	34
180	33.25
190	43.25
200	37.5
210	47.5
220	57.5
230	67.5
240	55
250	42.5
260	52.5
270	40.35
280	50.35
290	39.2
300	49.2
310	59.2
320	69.2
330	60.05
340	51.6857
350	61.6857
360	51.5429
370	61.5429
380	50.7143
390	60.7143
400	52.9048
410	62.9048
420	72.9048
430	64.7619
440	74.7619
450	63.1746
460	73.1746
470	66.5873
480	76.5873
490	68.4921
500	78.4921
510	70.7143
520	80.7143
530	72.9365
540	82.9365
550	73.8889
560	83.8889
570	73.3333
580	63.3333
590	73.3333
600	83.3333
610	71.1111
620	81.1111
630	68.8889
640	78.8889
650	68.8889
660	78.8889
670	88.8889
680	77.7778
690	70
700	80
710	90
720	81.1111
730	91.1111
740	76.6667
750	86.6667
760	96.6667
770	83.101
780	71.4646
790	81.4647
800	91.4646
810	77.1818
820	87.1818
830	78.7778
840	88.7778
850	98.7778
860	85.5152
870	95.5151
880	79.8434
890	89.8434
900	76.7374
910	86.7374
920	96.7374
930	83.0682
940	93.0682
950	78.9015
960	88.9015
970	80.4924
980	90.4924
990	100.492
1000	91.7056
1010	101.706
1020	111.706
1030	94.5152
1040	104.515
1050	114.515
1060	94.2294
1070	104.229
1080	94.2738
1090	104.274
1100	92.0357
1110	102.036
1120	112.036
1130	98.8452
1140	108.845
1150	93.131
1160	103.131
1170	89.9762
1180	99.9762
1190	82.5476
1200	92.5476
1210	102.548
1220	91.4762
1230	80.6667
1240	90.6667
1250	80.0952
1260	90.0952
1270	100.095
1280	90.6667
1290	100.667
1300	87.8226
1310	97.8226
1320	82.2351
1330	92.2351
1340	102.235
1350	82.0746
1360	92.0746
1370	80.9956
1380	90.9956
1390	75.3682
1400	85.3682
1410	78.9866
1420	88.9866
1430	81.3222
1440	91.3222
1450	101.322
1460	88.1643
1470	98.1643
1480	89.3015
1490	99.3015
1500	87.3884
1510	97.3884
1520	88.3807
1530	98.3807
1540	86.7705
1550	96.7705
1560	106.77
1570	95.9478
1580	105.948
1590	93.5832
1600	103.583
1610	89.5729
1620	99.5729
1630	85.3768
1640	95.3768
1650	105.377
1660	88.8423
1670	98.8423
1680	84.3551
1690	94.3551
1700	86.2717
1710	96.2717
1720	85.6948
1730	95.6948
1740	105.695
1750	94.3006
1760	104.301
1770	94.3109
1780	104.311
1790	114.311
1800	102.147
1810	112.147
1820	95.2244
1830	105.224
1840	87.6061
1850	97.6061
1860	107.606
1870	90.2578
1880	100.258
1890	110.258
1900	120.258
1910	101.5
1920	111.5
1930	101.171
1940	111.171
1950	97.133
1960	107.133
1970	96.8585
1980	106.858
1990	116.858
2000	103.502
2010	88.7224
2020	98.7224
2030	108.722
2040	91.3023
2050	101.302
2060	89.9969
2070	99.9969
2080	109.997
2090	119.997
2100	105.435
2110	115.435
2120	95.7802
2130	105.78
2140	86.7427
2150	96.7427
2160	106.743
2170	93.7627
2180	103.763
2190	93.7075
2200	103.708
2210	113.708
2220	77.5155
2230	87.5155
2240	97.5155
2250	87.1488
2260	97.1488
2270	87.3565
2280	97.3565
2290	107.356
2300	94.7644
2310	104.764
2320	114.764
2330	124.764
2340	103.979
2350	113.979
2360	97.0303
2370	107.03
2380	92.8458
2390	102.846
2400	86.5383
2410	96.5383
2420	81.0169
2430	91.0169
2440	101.017
2450	90.8752
2460	100.875
2470	87.7897
2480	97.7897
2490	107.79
2500	94.0987
2510	104.099
2520	114.099
2530	102.263
2540	112.263
2550	98.1138
2560	108.114
2570	118.114
2580	102.377
2590	112.377
2600	95.2844
2610	105.284
2620	90.3309
2630	100.331
2640	89.0228
2650	99.0228
2660	88.3888
2670	98.3888
2680	108.389
2690	95.5999
2700	105.6
2710	115.6
2720	125.6
2730	112.674
2740	122.674
2750	106.163
2760	116.163
2770	126.163
2780	107.72
2790	90
2800	100
2810	110
2820	88.421
2830	71.5789
2840	81.5789
2850	91.5789
2860	101.579
2870	87.9825
2880	97.9825
2890	107.982
2900	98.4345
2910	108.435
2920	96.637
2930	106.637
2940	97.224
2950	107.224
2960	94.193
2970	104.193
2980	89.4804
2990	99.4804
3000	88.4804
3010	98.4804
3020	88.718
3030	98.718
3040	108.718
3050	95.2051
3060	105.205
3070	115.205
3080	100.782
3090	110.782
3100	95.3654
3110	105.365
3120	87.0513
3130	97.0513
3140	107.051
3150	90.6319
3160	100.632
3170	82.2253
3180	92.2253
3190	102.225
3200	88.5586
3210	98.5586
3220	108.559
3230	96.7729
3240	106.773
3250	95.5366
3260	105.537
3270	90.4533
3280	78.8462
3290	88.8462
3300	98.8462
3310	88.8462
3320	98.8462
3330	87.4563
3340	74.216
3350	84.216
3360	94.216
3370	84.3954
3380	94.3954
3390	84.4539
3400	94.4539
3410	85.7457
3420	95.7457
3430	86.5228
3440	96.5228
3450	106.523
3460	95.7096
3470	105.71
3480	115.71
3490	101.705
3500	111.705
3510	121.705
3520	106.79
3530	91.4684
3540	101.468
3550	111.468
3560	95.3643
3570	78.3019
3580	88.3019
3590	98.3019
3600	81.7389
3610	91.7389
3620	101.739
3630	88.7431
3640	98.7432
3650	108.743
3660	93.1389
3670	103.139
3680	87.0684
3690	97.0684
3700	107.068
3710	99.0046
3720	109.005
3730	99.5166
3740	109.517
3750	119.517
3760	108.132
3770	94.4774
3780	104.477
3790	114.477
3800	100.549
3810	87.4717
3820	97.4717
3830	85.3425
3840	95.3425
3850	81.7534
3860	91.7534
3870	79.5591
3880	89.5591
3890	75.4138
3900	85.4138
3910	95.4138
3920	81.4806
3930	91.4806
3940	101.481
3950	111.481
3960	94.9395
3970	104.939
3980	92.2805
3990	102.281
4000	112.281
4010	100.655
4020	110.655
4030	99.0465
4040	109.047
4050	94.3524
4060	104.352
4070	114.352
4080	98.656
4090	108.656
4100	118.656
4110	128.656
4120	85.955
4130	95.955
4140	105.955
4150	97.9117
4160	107.912
4170	97.3435
4180	107.344
4190	93.2161
4200	103.216
4210	87.9705
4220	97.9705
4230	107.97
4240	89.5162
4250	99.5162
4260	109.516
4270	87.8506
4280	97.8506
4290	107.851
4300	86.7011
4310	96.7011
4320	86.5287
4330	96.5287
4340	106.529
4350	94.8046
4360	104.805
4370	94.1149
4380	85.1494
4390	95.1494
4400	105.149
4410	94.667
4420	104.667
4430	114.667
4440	78.6207
4450	88.6206
4460	98.6207
4470	85.588
4480	95.588
4490	105.588
4500	92.7105
4510	102.71
4520	112.71
4530	97.4634
4540	107.463
4550	117.463
4560	103.71
4570	113.71
4580	98.3665
4590	108.366
4600	95.287
4610	105.287
4620	115.287
4630	98.1866
4640	108.187
4650	91.4954
4660	101.495
4670	86.401
4680	96.401
4690	106.401
4700	116.401
4710	97.0667
4720	107.067
4730	117.067
4740	96.9263
4750	86.498
4760	96.498
4770	88.5293
4780	98.5293
4790	88.3772
4800	98.3772
4810	88.1403
4820	98.1403
4830	108.14
4840	93.7888
4850	103.789
4860	113.789
4870	98.4957
4880	108.496
4890	118.496
4900	97.0329
4910	107.033
4920	94.0318
4930	104.032
4940	92.5709
4950	102.571
4960	88.6538
4970	98.6538
4980	89.0701
4990	99.0701
5000	109.07
5010	119.07
5020	105.844
5030	115.844
5040	125.844
5050	105.744
5060	91.5935
5070	101.593
5080	86.5087
5090	96.5087
5100	106.509
5110	93.0815
5120	103.081
5130	89.6962
5140	99.6962
5150	86.3528
5160	96.3528
5170	106.353
5180	116.353
5190	98.4938
5200	108.494
5210	118.494
5220	94.7739
5230	104.774
5240	95.3191
5250	86.4447
5260	96.4447
5270	106.445
5280	96.3271
5290	87.4875
5300	97.4875
5310	107.488
5320	94.803
5330	104.803
5340	114.803
5350	96.6266
5360	106.627
5370	116.627
5380	93.7421
5390	79.2052
5400	89.2052
5410	99.2052
5420	86.8184
5430	96.8184
5440	85.8696
5450	95.8696
5460	87.2426
5470	97.2426
5480	107.243
5490	117.243
5500	101.664
5510	111.664
5520	121.664
5530	102.108
5540	112.108
5550	98.1531
5560	108.153
5570	118.153
5580	105.672
5590	94.4799
5600	104.48
5610	93.3911
5620	103.391
5630	113.391
5640	98.1901
5650	108.19
5660	118.19
5670	100.472
5680	110.472
5690	120.472
5700	98.2427
5710	80.1937
5720	90.1937
5730	100.194
5740	89.9584
5750	99.9584
5760	88.9371
5770	98.9371
5780	88.237
5790	98.237
5800	108.237
5810	95.0493
5820	105.049
5830	90.7323
5840	100.732
5850	110.732
5860	90.6287
5870	100.629
5880	91.3963
5890	101.396
5900	91.6722
5910	101.672
5920	91.007
5930	101.007
5940	111.007
5950	97.7124
5960	107.712
5970	93.7379
5980	103.738
5990	89.9827
6000	99.9827
6010	84.0829
6020	94.0829
6030	104.083
6040	88.3028
6050	98.3028
6060	83.8806
6070	93.8806
6080	80.0542
6090	90.0542
6100	79.5478
6110	89.5478
6120	80.8665
6130	90.8665
6140	83.0612
6150	93.0612
6160	103.061
6170	94.8552
6180	104.855
6190	114.855
6200	104.478
6210	114.478
6220	102.638
6230	112.638
6240	96.1964
6250	106.196
6260	90.2458
6270	100.246
6280	87.4661
6290	97.4661
6300	107.466
6310	92.8156
6320	102.816
6330	89.0634
6340	78.2089
6350	88.2089
6360	98.2089
6370	83.8124
6380	93.8124
6390	82.7178
6400	92.7178
6410	102.718
6420	91.5416
6430	101.542
6440	86.6887
6450	96.6887
6460	106.689
6470	92.153
6480	102.153
6490	112.153
6500	98.2641
6510	108.264
6520	92.4967
6530	102.497
6540	112.497
6550	95.4999
6560	84.6898
6570	94.6898
6580	104.69
6590	93.3117
6600	103.312
6610	113.312
6620	100.453
6630	110.453
6640	120.453
6650	103.078
6660	113.078
6670	101.986
6680	111.986
6690	97.8953
6700	107.895
6710	94.3496
6720	104.35
6730	114.35
6740	101.313
6750	111.313
6760	96.974
6770	106.974
6780	90.1492
6790	100.149
6800	110.149
6810	91.3233
6820	101.323
6830	111.323
6840	121.323
6850	95.3516
6860	105.352
6870	89.3863
6880	99.3863
6890	91.6483
6900	101.648
6910	92.5197
6920	102.52
6930	92.0012
6940	102.001
6950	112.001
6960	122.001
6970	107.078
6980	117.078
6990	127.078
7000	110.898
7010	97.3543
7020	107.354
7030	92.0533
7040	80.2404
7050	90.2404
7060	100.24
7070	89.3759
7080	99.3759
7090	86.797
7100	96.797
7110	82.4041
7120	92.4041
7130	102.404
7140	86.3734
7150	96.3734
7160	106.373
7170	87.1952
7180	97.1952
7190	107.195
7200	89.7306
7210	99.7306
7220	92.695
7230	102.695
7240	94.287
7250	104.287
7260	93.0606
7270	103.061
7280	92.5662
7290	102.566
7300	112.566
7310	96.9609
7320	106.961
7330	116.961
7340	126.961
7350	105.782
7360	115.782
7370	98.6661
7380	86.7396
7390	96.7395
7400	106.74
7410	95.3772
7420	105.377
7430	91.5309
7440	101.531
7450	85.9813
7460	95.9813
7470	105.981
7480	90.5829
7490	100.583
7500	110.583
7510	92.2473
7520	102.247
7530	86.9496
7540	96.9496
7550	106.95
7560	95.7795
7570	105.779
7580	93.9868
7590	103.987
7600	92.9793
7610	102.979
7620	92.7172
7630	102.717
7640	89.3341
7650	99.3341
7660	109.334
7670	119.334
7680	98.5324
7690	108.532
7700	92.3237
7710	81.1399
7720	91.1399
7730	79.4496
7740	89.4496
7750	99.4496
7760	92.1494
7770	83.4721
7780	93.4721
7790	103.472
7800	91.1431
7810	101.143
7820	85.0981
7830	73.2186
7840	83.2186
7850	70.523
7860	80.523
7870	70.3193
7880	80.3193
7890	90.3193
7900	100.319
7910	90.4607
7920	100.461
7930	110.461
7940	97.7216
7950	107.722
7960	96.7947
7970	106.795
7980	94.9869
7990	104.987
8000	92.0501
8010	102.05
8020	112.05
8030	98.8149
8040	108.815
8050	98.1279
8060	108.128
8070	93.7204
8080	103.72
8090	113.72
8100	96.2999
8110	106.3
8120	116.3
8130	126.3
8140	109.953
8150	119.953
8160	104.116
8170	114.116
8180	100.137
8190	110.137
8200	96.0731
8210	106.073
8220	116.073
8230	95.811
8240	76.3143
8250	86.3143
8260	96.3143
8270	81.3991
8280	91.3991
8290	101.399
8300	87.5646
8310	97.5646
8320	107.565
8330	99.3032
8340	109.303
8350	96.9718
8360	88.7568
8370	98.7568
8380	89.8986
8390	99.8986
8400	87.3315
8410	97.3315
8420	107.332
8430	117.332
8440	102.243
8450	112.243
8460	122.243
8470	103.863
8480	113.863
8490	96.0006
8500	106.001
8510	116.001
8520	95.1051
8530	105.105
8540	90.1937
8550	100.194
8560	87.5008
8570	97.5008
8580	107.501
8590	117.501
8600	103.564
8610	113.564
8620	123.564
8630	107.107
8640	117.107
8650	101.952
8660	86.5975
8670	96.5975
8680	87.9528
8690	97.9528
8700	88.1102
8710	98.1102
8720	108.11
8730	94.0158
8740	104.016
8750	89.2126
8760	99.2126
8770	109.213
8780	92.2835
8790	102.283
8800	112.283
8810	92.5197
8820	102.52
8830	81.7323
8840	75.2756
8850	85.2756
8860	76.8504
8870	86.8504
8880	79.8425
8890	89.8425
8900	82.1334
8910	92.1334
8920	102.133
8930	89.44
8940	99.44
8950	109.44
8960	94.7247
8970	104.725
8980	87.7033
8990	97.7033
9000	87.6154
9010	97.6155
9020	85.1389
9030	95.1389
9040	87.9721
9050	97.9721
9060	107.972
9070	96.2707
9080	106.271
9090	116.271
9100	101.478
9110	111.478
9120	95.6273
9130	105.627
9140	87.4039
9150	97.4039
9160	107.404
9170	89.9185
9180	99.9185
9190	86.5938
9200	96.5938
9210	106.594
9220	116.594
9230	101.207
9240	111.207
9250	121.207
9260	108.935
9270	118.935
9280	104.559
9290	114.559
9300	98.8344
9310	108.834
9320	118.834
9330	104.653
9340	114.653
9350	103.387
9360	113.387
9370	98.9484
9380	108.948
9390	118.948
9400	128.948
9410	110.515
9420	94.8781
9430	104.878
9440	86.532
9450	96.532
9460	74.8077
9470	84.8077
9480	94.8077
9490	80.7294
9500	90.7294
9510	82.073
9520	92.073
9530	102.073
9540	91.9938
9550	101.994
9560	111.994
9570	121.994
9580	111.664
9590	97.8904
9600	107.89
9610	91.7666
9620	101.767
9630	88.7867
9640	98.7867
9650	87.8159
9660	97.8159
9670	107.816
9680	95.4801
9690	105.48
9700	115.48
9710	99.4218
9720	109.422
9730	119.422
9740	102.049
9750	112.049
9760	97.9562
9770	83.4307
9780	93.4306
9790	103.431
9800	93.7226
9810	103.723
9820	92.93
9830	102.93
9840	92.0733
9850	102.073
9860	88.4807
9870	98.4807
9880	108.481
9890	91.0222
9900	101.022
9910	111.022
9920	121.022
9930	96.6136
9940	106.614
9950	88.5896
9960	98.5896
9970	85.3437
9980	95.3437
9990	86.9803
10000	96.9803
10010	87.3693
10020	97.3693
10030	107.369
10040	117.369
10050	103.272
10060	113.272
10070	123.272
10080	106.454
10090	116.454
10100	102.899
10110	112.899
10120	100.854
10130	110.854
10140	120.854
10150	106.546
10160	116.546
10170	103.04
10180	113.04
10190	98.2475
10200	108.247
10210	118.247
10220	102.649
10230	85.9636
10240	95.9636
10250	105.964
10260	84.3131
10270	94.3131
10280	104.313
10290	85.0158
10300	95.0158
10310	83.7915
10320	93.7915
10330	83.6267
10340	93.6267
10350	85.144
10360	95.144
10370	105.144
10380	115.144
10390	101.121
10400	111.121
10410	121.121
10420	103.578
10430	113.578
10440	99.3153
10450	109.315
10460	119.315
10470	102.16
10480	112.16
10490	98.0966
10500	108.097
10510	91.472
10520	101.472
10530	111.472
10540	121.472
10550	107.516
10560	117.516
10570	127.516
10580	110.305
10590	120.305
10600	106.649
10610	116.649
10620	104.558
10630	114.558
10640	124.558
10650	107.534
10660	117.534
10670	102.556
10680	112.556
10690	95.4509
10700	105.451
10710	85.6757
10720	95.6757
10730	105.676
10740	115.676
10750	95.9807
10760	105.981
10770	115.981
10780	92.3605
10790	102.361
10800	89.2982
10810	99.2982
10820	91.991
10830	101.991
10840	111.991
10850	100.054
10860	110.054
10870	120.054
10880	104.37
10890	114.37
10900	99.8889
10910	86.5919
10920	96.5919
10930	106.592
10940	90.1617
10950	100.162
10960	110.162
10970	94.4149
10980	84.2171
10990	94.2171
11000	83.6329
11010	93.6329
11020	103.633
11030	90.7774
11040	80.5875
11050	90.5875
11060	100.588
11070	110.588
11080	95.7508
11090	105.751
11100	115.751
11110	98.6271
11120	108.627
11130	118.627
11140	102.85
11150	112.85
11160	95.1304
11170	105.13
11180	91.2099
11190	101.21
11200	111.21
11210	92.9461
11220	102.946
11230	112.946
11240	99.0155
11250	109.016
11260	119.016
11270	103.758
11280	91.0959
11290	101.096
11300	90.936
11310	100.936
11320	110.936
11330	100.226
11340	110.226
11350	97.9389
11360	107.939
11370	93.018
11380	103.018
11390	89.8926
11400	99.8926
11410	109.893
11420	93.0435
11430	103.043
11440	113.043
11450	93.8962
11460	103.896
11470	113.896
11480	98.2678
11490	108.268
11500	97.8748
11510	107.875
11520	94.8494
11530	104.849
11540	90.038
11550	100.038
11560	83.4212
11570	71.557
11580	81.557
11590	91.557
11600	76.4103
11610	86.4103
11620	96.4103
11630	85.2258
11640	95.2258
11650	85.7679
11660	95.7679
11670	88.6859
11680	98.6859
11690	108.686
11700	100.762
11710	110.762
11720	120.762
11730	107.502
11740	117.502
11750	127.502
11760	137.502
11770	118.418
11780	128.418
11790	111.196
11800	121.196
11810	131.196
11820	113.974
11830	123.974
11840	105.605
11850	115.605
11860	99.8301
11870	109.83
11880	92.95
11890	102.95
11900	112.95
11910	97.0189
11920	107.019
11930	117.019
11940	98.7817
11950	85.3843
11960	95.3843
11970	83.2654
11980	93.2654
11990	80.4925
12000	90.4925
12010	100.492
12020	83.6814
12030	93.6814
12040	83.867
12050	93.867
12060	103.867
12070	91.4453
12080	101.445
12090	111.445
12100	95.6041
12110	105.604
12120	92.6562
12130	102.656
12140	112.656
12150	102.662
12160	112.662
12170	100.411
12180	110.411
12190	97.7926
12200	107.793
12210	95.6888
12220	105.689
12230	115.689
12240	101.665
12250	111.665
12260	94.841
12270	104.841
12280	114.841
12290	94.9445
12300	104.944
12310	85.5173
12320	95.5173
12330	105.517
12340	90.6827
12350	80.1143
12360	90.1143
12370	100.114
12380	88.5405
12390	80.2673
12400	90.2673
12410	100.267
12420	88.8975
12430	98.8975
12440	85.2077
12450	95.2077
12460	105.208
12470	90.1954
12480	100.195
12490	88.513
12500	98.513
12510	89.187
12520	99.187
12530	109.187
12540	98.5518
12550	108.552
12560	118.552
12570	106.393
12580	116.393
12590	126.393
12600	110.405
12610	120.405
12620	130.405
12630	110.364
12640	120.364
12650	102.071
12660	112.071
12670	90.8715
12680	100.871
12690	110.871
12700	89.9027
12710	99.9027
12720	109.903
12730	94.4236
12740	104.424
12750	114.424
12760	103.776
12770	113.776
12780	102.546
12790	112.546
12800	122.546
12810	109.141
12820	119.141
12830	129.141
12840	112.299
12850	122.299
12860	106.543
12870	116.543
12880	98.9917
12890	108.992
12900	118.992
12910	104.337
12920	114.337
12930	124.337
12940	106.48
12950	116.48
12960	126.48
12970	103.265
12980	113.265
12990	98.588
13000	108.588
13010	118.588
13020	100.255
13030	110.255
13040	95.9577
13050	105.958
13060	91.4689
13070	101.469
13080	84.2673
13090	94.2673
13100	104.267
13110	92.0069
13120	102.007
13130	112.007
13140	94.8942
13150	104.894
13160	93.297
13170	103.297
13180	113.297
13190	98.9321
13200	108.932
13210	93.6059
13220	103.606
13230	94.4104
13240	104.41
13250	93.3899
13260	103.39
13270	113.39
13280	100.744
13290	110.744
13300	120.744
13310	103.952
13320	88.2729
13330	98.2729
13340	80.2448
13350	90.2448
13360	100.245
13370	86.6445
13380	96.6446
13390	81.1385
13400	91.1385
13410	81.6025
13420	91.6025
13430	81.8656
13440	91.8656
13450	101.866
13460	111.866
13470	96.996
13480	106.996
13490	93.6943
13500	103.694
13510	92.2293
13520	102.229
13530	91.9235
13540	101.924
13550	111.924
13560	99.8721
13570	109.872
13580	99.5374
13590	109.537
13600	96.7794
13610	106.779
13620	116.779
13630	100.952
13640	110.952
13650	120.952
13660	100.429
13670	110.429
13680	90.5823
13690	100.582
13700	81.3655
13710	91.3655
13720	101.366
13730	89.5657
13740	99.5657
13750	109.566
13760	97.7169
13770	107.717
13780	96.3779
13790	106.378
13800	116.378
13810	102.029
13820	112.029
13830	122.029
13840	105.199
13850	115.199
13860	125.199
13870	105.561
13880	115.561
13890	95.8936
13900	105.894
13910	115.894
13920	101.699
13930	111.699
13940	101.273
13950	111.273
13960	96.5884
13970	106.588
13980	92.9491
13990	102.949
14000	112.949
14010	99.4732
14020	109.473
14030	119.473
14040	103.26
14050	113.26
14060	123.26
14070	103.661
14080	113.661
14090	123.661
14100	100.398
14110	85.8768
14120	95.8769
14130	105.877
14140	88.2968
14150	98.2968
14160	86.6416
14170	96.6417
14180	85.0812
14190	95.0812
14200	105.081
14210	96.6353
14220	106.635
14230	116.635
14240	104.789
14250	114.789
14260	124.789
14270	108.329
14280	118.329
14290	98.6993
14300	108.699
14310	97.193
14320	84.8205
14330	94.8205
14340	104.82
14350	88.9873
14360	75.3218
14370	85.3218
14380	95.3218
14390	85.6643
14400	95.6643
14410	105.664
14420	92.6128
14430	102.613
14440	66.8617
14450	76.8617
14460	86.8617
14470	72.511
14480	82.511
14490	74.8833
14500	84.8833
14510	77.332
14520	87.332
14530	97.332
14540	87.7731
14550	97.7731
14560	107.773
14570	94.8627
14580	81.7805
14590	91.7805
14600	101.78
14610	89.1974
14620	81.0831
14630	91.0831
14640	82.3015
14650	92.3015
14660	102.301
14670	92.2598
14680	102.26
14690	112.26
14700	100.218
14710	110.218
14720	96.3926
14730	106.393
14740	116.393
14750	98.476
14760	108.476
14770	87.24
14780	97.24
14790	78.4404
14800	88.4404
14810	98.4404
14820	86.1112
14830	81.1649
14840	91.1649
14850	101.165
14860	92.0564
14870	102.056
14880	112.056
14890	100.451
14900	110.451
14910	75.972
14920	85.972
14930	95.972
14940	81.5227
14950	72.5551
14960	82.5551
14970	92.5551
14980	82.8291
14990	74.5172
15000	84.5172
15010	94.5172
15020	82.7017
15030	92.7017
15040	102.702
15050	88.1355
15060	98.1355
15070	82.0401
15080	92.0401
15090	77.2657
15100	87.2657
15110	80.2487
15120	90.2487
15130	100.249
15140	90.3286
15150	100.329
15160	91.1511
15170	101.151
15180	89.777
15190	99.777
15200	109.777
15210	119.777
15220	104.266
15230	87.5851
15240	97.5851
15250	81.6264
15260	91.6264
15270	82.6742
15280	92.6742
15290	83.6193
15300	93.6193
15310	103.619
15320	95.0494
15330	105.049
15340	93.8627
15350	103.863
15360	113.863
15370	98.5264
15380	108.526
15390	118.526
15400	100.58
15410	110.58
15420	91.0754
15430	101.075
15440	80.2045
15450	90.2045
15460	78.7689
15470	88.7689
15480	82.1963
15490	92.1963
15500	102.196
15510	93.1953
15520	103.195
15530	113.195
15540	100.413
15550	90.2135
15560	79.5267
15570	89.5267
15580	99.5267
15590	85.3006
15600	76.0185
15610	86.0185
15620	75.9528
15630	85.9528
15640	76.5187
15650	86.5187
15660	96.5187
15670	84.8878
15680	94.8879
15690	104.888
15700	88.8321
15710	76.8379
15720	86.8379
15730	74.6156
15740	84.6156
15750	94.6156
15760	85.8243
15770	95.8243
15780	105.824
15790	93.7773
15800	103.777
15810	93.0782
15820	103.078
15830	91.6615
15840	101.661
15850	111.661
15860	95.7216
15870	105.722
15880	90.9241
15890	100.924
15900	83.4414
15910	75.83
15920	85.83
15930	95.83
15940	86.3462
15950	96.3462
15960	88.5589
15970	98.5589
15980	108.559
15990	96.7619
16000	106.762
16010	116.762
16020	101.481
16030	111.481
16040	121.481
16050	100.877
16060	84.2539
16070	94.2539
16080	104.254
16090	83.5945
16100	93.5945
16110	81.0998
16120	91.0998
16130	84.2838
16140	94.2838
16150	87.5484
16160	97.5484
16170	107.548
16180	117.548
16190	105.152
16200	115.152
16210	125.152
16220	108.062
16230	118.062
16240	101.552
16250	111.552
16260	93.1859
16270	103.186
16280	90.8958
16290	100.896
16300	110.896
16310	98.5408
16320	108.541
16330	94.0749
16340	104.075
16350	93.1592
16360	103.159
16370	113.159
16380	97.6751
16390	107.675
16400	117.675
16410	102.356
16420	112.356
16430	94.4936
16440	104.494
16450	88.4293
16460	98.4293
16470	83.786
16480	93.786
16490	84.3466
16500	94.3466
16510	104.347
16520	91.4148
16530	101.415
16540	111.415
16550	95.601
16560	105.601
16570	115.601
16580	97.0816
16590	107.082
16600	91.8899
16610	101.89
16620	111.89
16630	101.317
16640	111.317
16650	100.068
16660	110.068
16670	120.068
16680	106.534
16690	116.534
16700	105.201
16710	115.201
16720	102.067
16730	112.067
16740	122.067
16750	103.484
16760	113.484
16770	123.484
16780	103.987
16790	113.987
16800	123.987
16810	102.996
16820	85.2828
16830	95.2828
16840	105.283
16850	87.1354
16860	97.1355
16870	83.6052
16880	93.6052
16890	79.8308
16900	89.8308
16910	99.8308
16920	92.8567
16930	102.857
16940	112.857
16950	101.277
16960	111.277
16970	121.277
16980	104.893
16990	114.893
17000	97.2049
17010	107.205
17020	95.7265
17030	105.726
17040	115.726
17050	98.8112
17060	108.811
17070	93.5608
17080	103.561
17090	91.0624
17100	101.062
17110	89.7937
17120	99.7937
17130	109.794
17140	95.6196
17150	105.62
17160	115.62
17170	125.62
17180	109.649
17190	119.649
17200	104.641
17210	114.641
17220	99.5419
17230	109.542
17240	119.542
17250	100.758
17260	110.758
17270	95
17280	105
17290	85.6818
17300	95.6818
17310	105.682
17320	115.682
17330	101.15
17340	111.15
17350	121.15
17360	104.59
17370	114.59
17380	95.646
17390	105.646
17400	96.9318
17410	106.932
17420	95.4336
17430	105.434
17440	115.434
17450	99.6363
17460	109.636
17470	94.1877
17480	104.188
17490	114.188
17500	101.107
17510	111.107
17520	94.9116
17530	104.912
17540	114.912
17550	95.5775
17560	105.578
17570	115.578
17580	125.578
17590	104.789
17600	90.1216
17610	100.122
17620	110.122
17630	93.7036
17640	82.3611
17650	92.3611
17660	102.361
17670	88.0715
17680	98.0715
17690	108.071
17700	98.0952
17710	108.095
17720	118.095
17730	108.636
17740	118.636
17750	103.993
17760	88.5608
17770	98.5608
17780	85.9864
17790	95.9864
17800	105.986
17810	93.1318
17820	103.132
17830	87.5318
17840	97.5318
17850	107.532
17860	89.5636
17870	99.5636
17880	85.3455
17890	95.3455
17900	105.345
17910	89.1413
17920	99.1413
17930	83.8771
17940	93.8771
17950	84.8102
17960	94.8102
17970	104.81
17980	93.3344
17990	103.334
18000	95.8583
18010	105.858
18020	115.858
18030	103.987
18040	113.987
18050	123.987
18060	109.514
18070	119.513
18080	129.514
18090	109.881
18100	94.945
18110	104.945
18120	87.8131
18130	97.8131
18140	83.3055
18150	93.3055
18160	80.8022
18170	90.8022
18180	81.5376
18190	91.5376
18200	82.5694
18210	92.5695
18220	102.569
18230	112.569
18240	97.9886
18250	85.6719
18260	95.6719
18270	81.6426
18280	91.6426
18290	101.643
18300	88.1139
18310	98.1139
18320	108.114
18330	96.9395
18340	86.4431
18350	96.4431
18360	106.443
18370	93.4701
18380	103.47
18390	113.47
18400	97.3151
18410	107.315
18420	91.9503
18430	101.95
18440	84.7852
18450	76.0556
18460	86.0556
18470	96.0556
18480	86.8267
18490	77.6967
18500	87.6967
18510	97.6967
18520	87.5262
18530	97.5262
18540	107.526
18550	93.1438
18560	103.144
18570	90.9026
18580	100.903
18590	86.7889
18600	96.7889
18610	82.6685
18620	92.6685
18630	102.668
18640	91.8128
18650	101.813
18660	90.2577
18670	100.258
18680	88.8492
18690	98.8492
18700	108.849
18710	118.849
18720	101.314
18730	87.6521
18740	97.6521
18750	81.7072
18760	91.7072
18770	82.5473
18780	92.5473
18790	83.0279
18800	93.0279
18810	84.0498
18820	94.0498
18830	84.0361
18840	94.0361
18850	104.036
18860	91.4627
18870	101.463
18880	89.394
18890	99.394
18900	84.3622
18910	94.3622
18920	104.362
18930	89.6706
18940	99.6706
18950	89.0023
18960	99.0023
18970	88.914
18980	98.914
18990	108.914
19000	96.4169
19010	106.417
19020	116.417
19030	98.8211
19040	108.821
19050	93.3785
19060	103.378
19070	85.7139
19080	95.7139
19090	86.6282
19100	96.6282
19110	106.628
19120	94.6493
19130	104.649
19140	93.0255
19150	103.026
19160	92.1218
19170	102.122
19180	112.122
19190	96.3174
19200	106.317
19210	89.437
19220	99.437
19230	109.437
19240	95.9732
19250	105.973
19260	88.6628
19270	98.6628
19280	87.8905
19290	97.8905
19300	87.682
19310	97.682
19320	107.682
19330	95.292
19340	105.292
19350	115.292
19360	97.6292
19370	107.629
19380	89.1527
19390	79.7627
19400	89.7627
19410	78.3772
19420	88.3772
19430	98.3772
19440	87.6504
19450	97.6504
19460	87.6158
19470	97.6158
19480	87.8516
19490	97.8516
19500	107.852
19510	93.2018
19520	103.202
19530	113.202
19540	96.2576
19550	106.258
19560	92.3453
19570	102.345
19580	88.3663
19590	98.3663
19600	87.3517
19610	97.3517
19620	87.0566
19630	97.0566
19640	107.057
19650	94.184
19660	104.184
19670	114.184
19680	98.1529
19690	108.153
19700	118.153
19710	99.8792
19720	88.9097
19730	98.9097
19740	86.6035
19750	96.6035
19760	106.603
19770	93.8956
19780	103.896
19790	90.9664
19800	100.966
19810	110.966
19820	95.1672
19830	105.167
19840	115.167
19850	103.119
19860	113.119
19870	96.8813
19880	106.881
19890	116.881
19900	98.5094
19910	108.509
19920	118.509
19930	102.151
19940	112.151
19950	95.765
19960	105.765
19970	88.6416
19980	98.6416
19990	86.6444
20000	96.6444
20010	84.0001
20020	94.0001
20030	83.844
20040	93.844
20050	103.844
20060	93.1812
20070	103.181
20080	113.181
20090	100.192
20100	110.192
20110	94.9284
20120	104.928
20130	93.1145
20140	103.114
20150	113.114
20160	100.181
20170	110.181
20180	93.0304
20190	103.03
20200	113.03
20210	94.4675
20220	104.467
20230	91.7749
20240	101.775
20250	111.775
20260	96.3509
20270	106.351
20280	116.351
20290	101.269
20300	111.269
20310	121.269
20320	104.584
20330	114.584
20340	99.0221
20350	109.022
20360	95.895
20370	105.895
20380	91.8367
20390	101.837
20400	87.322
20410	97.322
20420	107.322
20430	95.9757
20440	105.976
20450	115.976
20460	102.186
20470	112.186
20480	99.0302
20490	109.03
20500	93.1788
20510	103.179
20520	113.179
20530	93.6112
20540	103.611
20550	86.5465
20560	96.5465
20570	106.547
20580	93.4149
20590	103.415
20600	92.2583
20610	102.258
20620	112.258
20630	98.4606
20640	108.461
20650	93.5193
20660	103.519
20670	91.3661
20680	101.366
20690	89.1725
20700	99.1725
20710	109.172
20720	92.4902
20730	102.49
20740	91.4533
20750	101.453
20760	111.453
20770	100.9
20780	110.9
20790	120.9
20800	105.832
20810	115.832
20820	125.832
20830	105.986
20840	115.986
20850	125.986
20860	103.69
20870	113.69
20880	97.183
20890	107.183
20900	117.183
20910	97.6778
20920	107.678
20930	92.8804
20940	102.88
20950	92.2909
20960	102.291
20970	88.9913
20980	98.9913
20990	108.991
21000	94.1678
21010	104.168
21020	114.168
21030	100.53
21040	110.53
21050	96.9002
21060	106.9
21070	116.9
21080	100.193
21090	87.9158
21100	97.9158
21110	84.5407
21120	94.5407
21130	104.541
21140	86.1624
21150	96.1624
21160	106.162
21170	95.1534
21180	105.153
21190	115.153
21200	101.62
21210	111.62
21220	98.1154
21230	108.115
21240	118.115
21250	101.291
21260	111.291
21270	97.0229
21280	83.1999
21290	93.1999
21300	103.2
21310	87.5011
21320	97.5011
21330	87.961
21340	97.961
21350	107.961
21360	95.7875
21370	105.788
21380	115.788
21390	102.371
21400	112.371
21410	97.2593
21420	107.259
21430	117.259
21440	100.291
21450	110.291
21460	94.7151
21470	104.715
21480	114.715
21490	101.857
21500	111.857
21510	100.075
21520	110.075
21530	120.075
21540	130.075
21550	113.595
21560	123.595
21570	108.675
21580	118.675
21590	128.675
21600	109.038
21610	119.038
21620	98.8644
21630	80.2053
21640	90.2053
21650	79.7324
21660	89.7323
21670	99.7324
21680	89.1402
21690	99.1402
21700	109.14
21710	96.6772
21720	106.677
21730	116.677
21740	103.354
21750	113.354
21760	98.6565
21770	108.656
21780	91.887
21790	101.887
21800	111.887
21810	97.019
21820	107.019
21830	94.1101
21840	104.11
21850	114.11
21860	101.821
21870	111.821
21880	121.821
21890	106.691
21900	116.691
21910	126.691
21920	111.903
21930	121.903
21940	104.54
21950	114.54
21960	94.6146
21970	104.615
21980	86.1605
21990	96.1605
22000	84.7278
22010	94.7278
22020	85.0143
22030	95.0143
22040	105.014
22050	115.014
22060	101.146
22070	111.146
22080	99.1404
22090	109.14
22100	119.14
22110	103.332
22120	113.332
22130	95.0984
22140	105.098
22150	90.7552
22160	100.755
22170	110.755
22180	98.0999
22190	108.1
22200	118.1
22210	104.749
22220	114.749
22230	124.749
22240	109.142
22250	119.142
22260	104.49
22270	114.49
22280	124.49
22290	107.31
22300	117.31
22310	97.4969
22320	79.2342
22330	89.2342
22340	99.2342
22350	87.7862
22360	97.7862
22370	88.2868
22380	98.2868
22390	108.287
22400	95.6493
22410	105.649
22420	115.649
22430	102.585
22440	112.585
22450	98.6298
22460	108.63
22470	91.9631
22480	101.963
22490	111.963
22500	96.2147
22510	106.215
22520	116.215
22530	103.333
22540	113.333
22550	101.478
22560	111.478
22570	121.478
22580	105.966
22590	115.966
22600	102.268
22610	112.268
22620	122.268
22630	104.957
22640	114.957
22650	95.109
22660	105.109
22670	81.9012
22680	91.9012
22690	101.901
22700	90.4081
22710	100.408
22720	89.8788
22730	99.8788
22740	109.879
22750	95.5421
22760	105.542
22770	95.8271
22780	105.827
22790	115.827
22800	102.433
22810	112.433
22820	122.433
22830	105.83
22840	115.83
22850	95.6448
22860	83.8937
22870	93.8937
22880	80.9003
22890	90.9003
22900	100.9
22910	87.9269
22920	97.9269
22930	107.927
22940	90.7776
22950	100.778
22960	110.778
22970	97.2142
22980	107.214
22990	94.0273
23000	104.027
23010	87.3905
23020	97.3905
23030	107.391
23040	96.4852
23050	106.485
23060	95.8709
23070	105.871
23080	115.871
23090	125.871
23100	112.762
23110	122.762
23120	132.762
23130	115.491
23140	125.491
23150	110.229
23160	120.229
23170	130.229
23180	113.328
23190	93.6475
23200	103.648
23210	82.1257
23220	92.1257
23230	102.126
23240	85.4782
23250	95.4783
23260	86.0627
23270	96.0627
23280	106.063
23290	93.2186
23300	103.219
23310	113.219
23320	99.4246
23330	109.425
23340	94.7219
23350	104.722
23360	114.722
23370	103.025
23380	88.7778
23390	98.7778
23400	87.3548
23410	97.3548
23420	86.9518
23430	96.9518
23440	106.952
23450	94.1339
23460	104.134
23470	114.134
23480	96.8055
23490	106.806
23500	116.806
23510	98.3923
23520	108.392
23530	89.0967
23540	99.0967
23550	109.097
23560	93.3845
23570	103.384
23580	89.5979
23590	99.5979
23600	91.7741
23610	101.774
23620	111.774
23630	121.774
23640	108.55
23650	118.55
23660	103.22
23670	92.0952
23680	102.095
23690	112.095
23700	99.4195
23710	109.42
23720	92.8496
23730	102.85
23740	112.85
23750	95.7844
23760	105.784
23770	90.7309
23780	100.731
23790	110.731
23800	97.0048
23810	107.005
23820	117.005
23830	98.0877
23840	108.088
23850	87.6613
23860	97.6613
23870	107.661
23880	95.3553
23890	105.355
23900	94.0623
23910	104.062
23920	93.0134
23930	103.013
23940	90.6798
23950	100.68
23960	110.68
23970	96.8055
23980	106.806
23990	116.806
24000	102.778
24010	112.778
24020	122.778
24030	106.652
24040	116.652
24050	102.749
24060	112.749
24070	122.749
24080	105.047
24090	115.047
24100	96.4828
24110	106.483
24120	90.9187
24130	100.919
24140	110.919
24150	93.6228
24160	103.623
24170	92.8284
24180	102.828
24190	89.4007
24200	99.4007
24210	109.401
24220	93.2259
24230	103.226
24240	90.7133
24250	100.713
24260	86.9487
24270	96.9487
24280	81.1016
24290	91.1016
24300	81.8323
24310	91.8323
24320	101.832
24330	92.3662
24340	102.366
24350	88.7399
24360	98.7399
24370	90.3967
24380	100.397
24390	110.397
24400	96.7087
24410	106.709
24420	116.709
24430	101.939
24440	111.939
24450	121.939
24460	106.122
24470	116.122
24480	100.686
24490	110.686
24500	95.0858
24510	105.086
24520	115.086
24530	98.3873
24540	108.387
24550	92.6573
24560	102.657
24570	112.657
24580	92.3274
24590	102.327
24600	112.327
24610	100.912
24620	110.912
24630	120.912
24640	105.243
24650	93.1955
24660	103.195
24670	91.5817
24680	101.582
24690	111.582
24700	96.5383
24710	106.538
24720	91.9793
24730	101.979
24740	111.979
24750	93.5373
24760	80.2792
24770	90.2792
24780	100.279
24790	88.8562
24800	98.8562
24810	108.856
24820	93.0088
24830	103.009
24840	113.009
24850	100.257
24860	110.257
24870	95.0046
24880	105.005
24890	115.005
24900	99.1063
24910	109.106
24920	90.7995
24930	100.799
24940	110.799
24950	100.106
24960	110.106
24970	120.106
24980	107.593
24990	117.593
25000	127.593
25010	110.3
25020	120.3
25030	106.521
25040	116.521
25050	101.338
25060	111.338
25070	95.5635
25080	105.564
25090	87.3457
25100	97.3457
25110	77.2518
25120	70.5256
25130	80.5256
25140	90.5256
25150	100.526
25160	89.1001
25170	78.091
25180	88.091
25190	80.5296
25200	90.5296
25210	100.53
25220	88.6783
25230	98.6782
25240	88.3501
25250	98.3501
25260	108.35
25270	95.5329
25280	86.4173
25290	96.4173
25300	106.417
25310	95.1743
25320	105.174
25330	91.3318
25340	101.332
25350	88.3295
25360	74.7125
25370	84.7125
25380	94.7125
25390	79.4066
25400	89.4066
25410	79.2877
25420	72.6433
25430	82.6433
25440	92.6433
25450	82.6247
25460	73.1828
25470	83.1828
25480	93.1828
25490	81.3658
25500	91.3658
25510	82.5473
25520	92.5473
25530	102.547
25540	93.7063
25550	103.706
25560	92.2959
25570	102.296
25580	93.5942
25590	103.594
25600	91.8503
25610	101.85
25620	87.904
25630	97.904
25640	107.904
25650	90.8086
25660	100.809
25670	110.809
25680	88.9628
25690	98.9628
25700	89.0285
25710	99.0285
25720	86.367
25730	96.367
25740	85.7173
25750	95.7173
25760	84.9429
25770	94.9429
25780	85.8372
25790	95.8372
25800	85.7274
25810	95.7274
25820	85.8996
25830	95.8996
25840	105.9
25850	92.5089
25860	82.4936
25870	92.4936
25880	80.2494
25890	90.2494
25900	76.4104
25910	86.4104
25920	72.7984
25930	82.7984
25940	69.4553
25950	79.4553
25960	75.2086
25970	70.9568
25980	80.9568
25990	90.9568
26000	100.957
26010	94.8455
26020	86.9029
26030	96.9029
26040	87.2398
26050	97.2398
26060	86.6063
26070	96.6063
26080	106.606
26090	91.5301
26100	78.5237
26110	88.5237
26120	75.9578
26130	85.9578
26140	75.3849
26150	85.3849
26160	95.3849
26170	83.0204
26180	75.3969
26190	85.3969
26200	95.3969
26210	84.8516
26220	94.8516
26230	81.0532
26240	91.0532
26250	82.8985
26260	92.8985
26270	102.898
26280	94.3381
26290	104.338
26300	114.338
26310	124.338
26320	112.675
26330	122.675
26340	132.675
26350	115.947
26360	99.6539
26370	109.654
26380	119.654
26390	102.34
26400	86.9118
26410	96.9118
26420	81.7343
26430	91.7343
26440	74.6093
26450	69.038
26460	79.038
26470	89.038
26480	79.6034
26490	89.6034
26500	79.3246
26510	89.3246
26520	77.1186
26530	87.1186
26540	97.1186
26550	88.8183
26560	98.8183
26570	90.083
26580	100.083
26590	89.9268
26600	99.9268
26610	109.927
26620	99.171
26630	109.171
26640	119.171
26650	103.997
26660	113.997
26670	98.3579
26680	108.358
26690	91.1783
26700	101.178
26710	84.6822
26720	94.6822
26730	104.682
26740	90.4806
26750	81.4282
26760	91.4282
26770	101.428
26780	91.6515
26790	101.652
26800	111.652
26810	97.6745
26820	107.674
26830	91.2774
26840	101.277
26850	88.3734
26860	98.3734
26870	86.6529
26880	96.6529
26890	85.2866
26900	95.2866
26910	86.3947
26920	96.3947
26930	85.8194
26940	95.8194
26950	105.819
26960	115.819
26970	102.296
26980	112.296
26990	122.296
27000	107.298
27010	117.298
27020	99.1234
27030	83.5081
27040	93.5081
27050	103.508
27060	89.3279
27070	99.3279
27080	83.5942
27090	93.5942
27100	81.2917
27110	91.2917
27120	101.292
27130	91.4272
27140	101.427
27150	111.427
27160	101.783
27170	111.783
27180	97.9458
27190	85.1919
27200	95.1919
27210	82.8687
27220	92.8687
27230	78.7144
27240	88.7144
27250	98.7144
27260	86.4366
27270	96.4366
27280	85.3522
27290	95.3522
27300	84.0704
27310	94.0704
27320	104.07
27330	91.8125
27340	101.813
27350	111.813
27360	95.8575
27370	105.857
27380	88.9548
27390	98.9548
27400	84.8912
27410	94.8912
27420	104.891
27430	96.6843
27440	106.684
27450	116.684
27460	105.528
27470	115.528
27480	102.859
27490	112.859
27500	122.859
27510	132.859
27520	114.661
27530	124.661
27540	103.524
27550	88.6418
27560	98.6418
27570	81.8186
27580	91.8186
27590	101.819
27600	83.8124
27610	93.8124
27620	85.0165
27630	95.0165
27640	84.6384
27650	94.6384
27660	104.638
27670	92.3904
27680	102.39
27690	86.5005
27700	96.5005
27710	106.501
27720	95.2734
27730	85.3338
27740	95.3338
27750	105.334
27760	92.8847
27770	102.885
27780	112.885
27790	102.195
27800	112.195
27810	99.9535
27820	109.953
27830	95.5476
27840	105.548
27850	115.548
27860	96.3008
27870	106.301
27880	116.301
27890	93.7573
27900	78.3679
27910	88.3679
27920	98.3679
27930	84.4099
27940	79.2509
27950	89.2509
27960	99.2509
27970	91.0847
27980	101.085
27990	111.085
28000	97.0881
28010	88.2204
28020	98.2204
28030	87.3143
28040	76.8518
28050	86.8518
28060	74.3862
28070	84.3862
28080	94.3862
28090	81.8573
28100	73.2961
28110	83.2961
28120	93.2961
28130	81.1812
28140	91.1812
28150	101.181
28160	85.94
28170	95.94
28180	105.94
28190	91.768
28200	82.3208
28210	92.3208
28220	102.321
28230	92.5972
28240	102.597
28250	92.2584
28260	102.258
28270	88.6085
28280	98.6085
28290	86.5326
28300	96.5325
28310	86.4105
28320	96.4105
28330	106.411
28340	116.41
28350	102.032
28360	89.8955
28370	99.8955
28380	87.8054
28390	97.8054
28400	107.805
28410	92.554
28420	102.554
28430	85.6601
28440	95.6601
28450	105.66
28460	95.4349
28470	105.435
28480	115.435
28490	102.065
28500	112.065
28510	97.7164
28520	107.716
28530	93.756
28540	103.756
28550	87.7379
28560	97.7379
28570	107.738
28580	92.7822
28590	102.782
28600	86.2638
28610	75.8392
28620	85.8392
28630	95.8392
28640	86.1974
28650	96.1974
28660	106.197
28670	95.13
28680	105.13
28690	94.7115
28700	104.712
28710	92.9315
28720	102.932
28730	87.92
28740	97.92
28750	107.92
28760	95.3986
28770	83.6831
28780	93.6831
28790	103.683
28800	90.1925
28810	100.192
28820	83.1201
28830	93.1201
28840	103.12
28850	92.1283
28860	102.128
28870	88.8296
28880	98.8296
28890	84.0219
28900	94.0219
28910	104.022
28920	91.501
28930	80.0027
28940	90.0027
28950	100.003
28960	88.911
28970	80.3307
28980	90.3307
28990	80.298
29000	90.298
29010	100.298
29020	90.2184
29030	100.218
29040	89.6683
29050	99.6683
29060	86.3158
29070	96.3158
29080	83.8822
29090	93.8821
29100	80.9633
29110	90.9633
29120	100.963
29130	85.6017
29140	95.6017
29150	78.6498
29160	88.6498
29170	80.679
29180	90.679
29190	100.679
29200	91.4916
29210	101.492
29220	91.8701
29230	84.2709
29240	94.2709
29250	104.271
29260	114.271
29270	104.456
29280	92.2595
29290	102.26
29300	87.0054
29310	74.0614
29320	84.0614
29330	75.0346
29340	85.0346
29350	95.0346
29360	82.8253
29370	92.8253
29380	80.3949
29390	90.3949
29400	77.4074
29410	87.4074
29420	97.4074
29430	85.0937
29440	95.0937
29450	80.0196
29460	90.0196
29470	83.4727
29480	93.4727
29490	103.473
29500	94.0865
29510	104.087
29520	94.346
29530	104.346
29540	94.6765
29550	104.676
29560	114.676
29570	101.536
29580	111.536
29590	121.536
29600	131.536
29610	114.884
29620	124.884
29630	104.773
29640	114.773
29650	100.058
29660	110.058
29670	96.3993
29680	106.399
29690	116.399
29700	99.4121
29710	82.1859
29720	92.1859
29730	80.5495
29740	90.5495
29750	100.55
29760	88.4681
29770	98.4681
29780	83.1397
29790	71.9611
29800	81.9611
29810	72.3043
29820	82.3043
29830	92.3043
29840	83.7583
29850	93.7583
29860	85.1167
29870	95.1167
29880	84.7706
29890	94.7706
29900	104.771
29910	92.8327
29920	102.833
29930	112.833
29940	95.6619
29950	105.662
29960	94.3701
29970	104.37
29980	93.1887
29990	103.189
30000	90.4968
30010	100.497
30020	110.497
30030	100.35
30040	110.35
30050	120.35
30060	105.916
30070	115.916
30080	100.439
30090	110.439
30100	120.439
30110	101.303
30120	111.303
30130	88.6252
30140	98.6252
30150	81.7188
30160	91.7188
30170	101.719
30180	86.2464
30190	78.6422
30200	88.6422
30210	98.6422
30220	92.5861
30230	102.586
30240	93.7112
30250	103.711
30260	91.2233
30270	101.223
30280	88.1456
30290	98.1456
30300	108.146
30310	95.5611
30320	105.561
30330	93.2621
30340	103.262
30350	89.2753
30360	99.2753
30370	84.9555
30380	94.9555
30390	104.956
30400	90.7283
30410	100.728
30420	84.4435
30430	94.4435
30440	85.6681
30450	95.6681
30460	84.5589
30470	94.5589
30480	81.5585
30490	91.5585
30500	80.4624
30510	90.4624
30520	100.462
30530	87.809
30540	97.809
30550	107.809
30560	92.2235
30570	102.223
30580	112.223
30590	97.3193
30600	87.6453
30610	97.6453
30620	89.2708
30630	99.2707
30640	109.271
30650	98.2147
30660	108.215
30670	93.8733
30680	103.873
30690	113.873
30700	98.6592
30710	108.659
30720	94.4945
30730	104.494
30740	114.494
30750	99.0125
30760	109.012
30770	119.012
30780	101.301
30790	111.301
30800	92.9577
30810	102.958
30820	86.9785
30830	96.9785
30840	80.4275
30850	90.4275
30860	82.1752
30870	92.1752
30880	102.175
30890	93.2666
30900	103.267
30910	113.267
30920	104.377
30930	92.5664
30940	102.566
30950	90.0977
30960	100.098
30970	86.0617
30980	96.0617
30990	82.1949
31000	92.1949
31010	102.195
31020	87.1526
31030	77.8461
31040	87.8461
31050	97.8461
31060	84.7658
31070	94.7658
31080	104.766
31090	90.5439
31100	100.544
31110	83.9736
31120	93.9736
31130	81.5562
31140	91.5562
31150	83.5153
31160	93.5153
31170	103.515
31180	96.9284
31190	106.928
31200	116.928
31210	106.58
31220	116.58
31230	102.328
31240	112.328
31250	122.328
31260	105.232
31270	115.232
31280	125.232
31290	109.092
31300	119.092
31310	99.5141
31320	109.514
31330	91.548
31340	101.548
31350	83.4695
31360	93.4695
31370	103.469
31380	87.5441
31390	97.5441
31400	86.0115
31410	96.0115
31420	84.5172
31430	94.5172
31440	104.517
31450	114.517
31460	102.09
31470	92.3895
31480	102.389
31490	92.7536
31500	102.754
31510	112.754
31520	98.9935
31530	108.994
31540	91.1904
31550	101.19
31560	87.9198
31570	97.9198
31580	107.92
31590	95.1664
31600	105.166
31610	91.4469
31620	101.447
31630	86.1031
31640	96.1031
31650	80.6511
31660	90.6511
31670	78.0651
31680	88.0651
31690	98.0651
31700	82.9837
31710	76.9604
31720	86.9604
31730	96.9604
31740	91.0365
31750	83.2155
31760	93.2155
31770	84.9102
31780	94.9102
31790	104.91
31800	92.4396
31810	102.44
31820	88.5448
31830	98.5448
31840	84.5793
31850	94.5793
31860	82.2413
31870	92.2413
31880	79.3859
31890	89.3859
31900	99.3859
31910	85.7947
31920	95.7947
31930	83.2645
31940	93.2645
31950	82.5218
31960	92.5218
31970	102.522
31980	89.8925
31990	99.8925
32000	90.3453
32010	82.9302
32020	92.9302
32030	102.93
32040	112.93
32050	103.019
32060	113.019
32070	98.7287
32080	108.729
32090	118.729
32100	100.722
32110	110.722
32120	96.9785
32130	106.978
32140	94.3798
32150	104.38
32160	90.2833
32170	100.283
32180	85.0372
32190	70.7661
32200	80.7661
32210	90.7661
32220	74.9368
32230	84.9368
32240	74.2605
32250	84.2605
32260	77.2438
32270	87.2438
32280	82.6249
32290	92.6249
32300	102.625
32310	94.4752
32320	85.8611
32330	95.8611
32340	105.861
32350	94.1561
32360	104.156
32370	114.156
32380	96.7293
32390	83.8356
32400	93.8356
32410	78.7746
32420	88.7746
32430	74.6388
32440	84.6388
32450	75.2331
32460	85.2331
32470	77.7753
32480	87.7753
32490	97.7753
32500	87.5584
32510	97.5584
32520	107.558
32530	91.7332
32540	101.733
32550	90.8547
32560	100.855
32570	90.9968
32580	82.1648
32590	92.1648
32600	102.165
32610	89.9474
32620	99.9474
32630	89.6163
32640	99.6163
32650	109.616
32660	97.6098
32670	107.61
32680	91.6945
32690	101.694
32700	111.695
32710	93.33
32720	103.33
32730	113.33
32740	95.0999
32750	105.1
32760	88.2742
32770	98.2742
32780	84.5969
32790	94.5969
32800	104.597
32810	91.9779
32820	101.978
32830	92.3612
32840	102.361
32850	93.8225
32860	103.823
32870	113.823
32880	100.792
32890	110.792
32900	120.792
32910	105.562
32920	115.562
32930	101.621
32940	111.621
32950	98.5892
32960	108.589
32970	90.8004
32980	100.8
32990	110.8
33000	89.9748
33010	79.1911
33020	89.1911
33030	99.1911
33040	87.632
33050	97.6321
33060	107.632
33070	93.7779
33080	103.778
33090	91.4011
33100	101.401
33110	87.0292
33120	74.3718
33130	84.3718
33140	74.6368
33150	84.6368
33160	77.015
33170	87.015
33180	97.015
33190	86.9473
33200	96.9473
33210	106.947
33220	94.6908
33230	104.691
33240	92.1705
33250	102.171
33260	88.5479
33270	98.5479
33280	87.9834
33290	97.9834
33300	107.983
33310	94.077
33320	104.077
33330	94.1418
33340	104.142
33350	92.8142
33360	102.814
33370	112.814
33380	98.9027
33390	108.903
33400	118.903
33410	99.5118
33420	84.1201
33430	94.1201
33440	79.1293
33450	89.1293
33460	99.1293
33470	86.7382
33480	78.9872
33490	88.9872
33500	98.9872
33510	87.7751
33520	97.7751
33530	107.775
33540	94.0072
33550	104.007
33560	87.9785
33570	97.9785
33580	107.979
33590	98.1753
33600	108.175
33610	94.4544
33620	104.454
33630	92.1358
33640	102.136
33650	92.0179
33660	102.018
33670	91.0144
33680	101.014
33690	111.014
33700	95.9065
33710	105.906
33720	115.906
33730	96.4058
33740	106.406
33750	85.3163
33760	95.3163
33770	82.7724
33780	92.7724
33790	80.5652
33800	90.5652
33810	81.4983
33820	91.4982
33830	101.498
33840	93.087
33850	103.087
33860	113.087
33870	98.7138
33880	108.714
33890	98.0744
33900	88.2184
33910	98.2184
33920	87.3357
33930	97.3357
33940	83.1794
33950	93.1794
33960	103.179
33970	88.2416
33980	98.2416
33990	86.8206
34000	96.8206
34010	82.4511
34020	92.4512
34030	102.451
34040	86.1634
34050	96.1634
34060	106.163
34070	89.6322
34080	99.6322
34090	88.257
34100	98.257
34110	88.8756
34120	98.8756
34130	108.876
34140	96.2746
34150	87.0887
34160	97.0887
34170	85.6952
34180	95.6952
34190	105.695
34200	94.7093
34210	104.709
34220	114.709
34230	101.058
34240	89.3476
34250	99.3476
34260	84.9688
34270	94.9688
34280	80.6322
34290	90.6322
34300	74.4259
34310	84.4259
34320	76.6858
34330	86.6859
34340	78.4205
34350	88.4205
34360	98.4205
34370	108.421
34380	96.2555
34390	106.255
34400	95.0697
34410	82.3838
34420	92.3838
34430	77.7894
34440	87.7894
34450	97.7894
34460	85.9198
34470	95.9198
34480	87.1467
34490	97.1467
34500	86.4258
34510	96.4258
34520	106.426
34530	94.3958
34540	104.396
34550	114.396
34560	98.1869
34570	108.187
34580	96.6213
34590	106.621
34600	91.6816
34610	101.682
34620	89.8965
34630	99.8965
34640	109.897
34650	98.5116
34660	108.512
34670	96.3127
34680	106.313
34690	91.808
34700	101.808
34710	111.808
34720	121.808
34730	102.38
34740	112.38
34750	89.3056
34760	99.3056
34770	84.4657
34780	94.4657
34790	81.4096
34800	91.4096
34810	85.0152
34820	95.0152
34830	105.015
34840	95.7334
34850	105.733
34860	115.733
34870	106.597
34880	116.597
34890	126.597
34900	110.556
34910	120.556
34920	102.556
34930	112.556
34940	97.904
34950	107.904
34960	90.0336
34970	100.034
34980	110.034
34990	92.794
35000	80.4588
35010	90.4588
35020	100.459
35030	86.1821
35040	96.1821
35050	106.182
35060	88.3242
35070	98.3241
35080	84.897
35090	94.897
35100	84.2498
35110	94.2498
35120	86.3836
35130	96.3836
35140	106.384
35150	98.0732
35160	108.073
35170	118.073
35180	106.894
35190	116.894
35200	102.474
35210	112.474
35220	122.474
35230	106.862
35240	116.862
35250	126.862
35260	109.851
35270	119.851
35280	100.549
35290	110.549
35300	91.1713
35310	101.171
35320	83.8621
35330	93.8621
35340	103.862
35350	87.6886
35360	97.6886
35370	85.3492
35380	95.3492
35390	84.9214
35400	94.9214
35410	104.921
35420	114.921
35430	102.635
35440	92.1796
35450	102.18
35460	92.1215
35470	102.122
35480	89.3863
35490	99.3863
35500	109.386
35510	93.5752
35520	103.575
35530	90.6371
35540	100.637
35550	89.5616
35560	99.5616
35570	109.562
35580	95.2408
35590	105.241
35600	115.241
35610	98.3772
35620	108.377
35630	90.6569
35640	100.657
35650	80.9925
35660	90.9925
35670	79.3045
35680	89.3045
35690	82.8542
35700	92.8542
35710	102.854
35720	96.1401
35730	106.14
35740	116.14
35750	104.349
35760	114.349
35770	124.349
35780	109.162
35790	119.162
35800	129.162
35810	111.206
35820	121.206
35830	101.776
35840	111.776
35850	94.813
35860	104.813
35870	87.6061
35880	97.6061
35890	83.8268
35900	93.8268
35910	83.4311
35920	93.4311
35930	103.431
35940	113.431
35950	98.3682
35960	108.368
35970	90.5107
35980	100.511
35990	86.9539
36000	96.9539
