10	11
20	21
30	3
40	3
50	3
60	3
70	5.5
80	15.5
90	25.5
100	21.5
110	31.5
120	20
130	30
140	40
150	31
160	41
170	38.6667
180	48.6667
190	49
200	59
210	56.25
220	66.25
230	57.75
240	67.75
250	77.75
260	64.75
270	74.75
280	84.75
290	72.25
300	82.25
310	69.6389
320	79.6389
330	89.6389
340	74.7551
350	84.7551
360	71.4571
370	58.6187
380	68.6187
390	59.1313
400	69.1313
410	52.4646
420	62.4646
430	56.101
440	66.101
450	76.101
460	67.9192
470	59.7374
480	69.7374
490	57.9192
500	67.9192
510	57.2727
520	67.2727
530	59.0909
540	69.0909
550	79.0909
560	70.9091
570	80.9091
580	66.6591
590	76.6591
600	63.5227
610	73.5227
620	63.0152
630	73.0152
640	83.0152
650	65.5379
660	75.5379
670	63.0379
680	73.0379
690	61.4794
700	55.2652
710	65.2652
720	75.2652
730	67.0833
740	77.0833
750	59.8476
760	69.8476
770	52.2786
780	62.2786
790	58.4881
800	54.7615
810	64.7615
820	74.7615
830	62.6595
840	72.6595
850	63.591
860	73.591
870	83.591
880	66.927
890	76.927
900	66.9433
910	76.9433
920	71.8335
930	66.9138
940	76.9138
950	70.5035
960	80.5035
970	69.932
980	79.932
990	89.932
1000	74.9681
1010	69.0389
1020	79.0389
1030	89.0389
1040	82.3175
1050	92.3175
1060	102.317
1070	85.0626
1080	95.0626
1090	79.9522
1100	89.9522
1110	99.9522
1120	83.6203
1130	93.6203
1140	82.6012
1150	92.6011
1160	77.6524
1170	87.6524
1180	97.6524
1190	85.4232
1200	95.4232
1210	105.423
1220	92.3463
1230	102.346
1240	89.1896
1250	99.1896
1260	82.5956
1270	92.5956
1280	79.108
1290	89.108
1300	81.0616
1310	91.0616
1320	79.1447
1330	89.1447
1340	99.1447
1350	86.7817
1360	96.7817
1370	87.4848
1380	97.4848
1390	86.4096
1400	96.4096
1410	106.41
1420	96.3322
1430	106.332
1440	94.3677
1450	104.368
1460	94.1786
1470	104.179
1480	94.0477
1490	104.048
1500	114.048
1510	105.626
1520	115.626
1530	102.4
1540	112.4
1550	97.2388
1560	107.239
1570	117.239
1580	100.009
1590	110.009
1600	92.8646
1610	102.865
1620	112.865
1630	101.935
1640	111.935
1650	121.935
1660	98.3871
1670	108.387
1680	90
1690	100
1700	110
1710	89.2317
1720	99.2317
1730	85.2551
1740	95.2551
1750	81.1936
1760	91.1936
1770	77.2796
1780	87.2796
1790	73.522
1800	83.522
1810	75.3402
1820	85.3402
1830	95.3402
1840	81.0597
1850	91.0597
1860	79.3961
1870	89.3961
1880	82.3569
1890	92.3569
1900	84.5933
1910	94.5933
1920	104.593
1930	91.4504
1940	101.45
1950	89.3671
1960	99.3671
1970	86.254
1980	96.254
1990	83.6161
2000	93.6161
2010	82.0906
2020	92.0906
2030	102.091
2040	84.8319
2050	94.8319
2060	79.1283
2070	72.7353
2080	82.7353
2090	77.294
2100	87.294
2110	97.294
2120	86.7421
2130	96.7421
2140	82.9454
2150	92.9454
2160	102.945
2170	97.4746
2180	107.475
2190	117.475
2200	127.475
2210	114.3
2220	124.3
2230	111.925
2240	121.925
2250	131.925
2260	114.232
2270	124.232
2280	107.11
2290	117.11
2300	100.055
2310	110.055
2320	94.2316
2330	104.232
2340	89.8173
2350	99.8173
2360	83.4766
2370	93.4766
2380	74.5188
2390	84.5188
2400	94.5188
2410	74.3693
2420	65.215
2430	75.215
2440	68.0429
2450	78.0429
2460	88.0429
2470	76.835
2480	86.835
2490	70.5928
2500	80.5928
2510	75.0776
2520	85.0776
2530	78.268
2540	88.268
2550	81.8575
2560	91.8575
2570	83.6237
2580	93.6237
2590	103.624
2600	88.6237
2610	98.6237
2620	88.0122
2630	98.0122
2640	84.5173
2650	78.29
2660	88.29
2670	98.29
2680	86.9264
2690	96.9264
2700	84.6789
2710	94.6789
2720	104.679
2730	95.6348
2740	105.635
2750	115.635
2760	106.306
2770	116.306
2780	101.417
2790	111.417
2800	121.417
2810	105.495
2820	115.495
2830	96.7896
2840	106.79
2850	90.316
2860	73.8576
2870	83.8576
2880	93.8576
2890	81.3176
2900	91.3176
2910	78.971
2920	88.971
2930	75.2737
2940	85.2737
2950	95.2737
2960	75.3483
2970	85.3483
2980	79.0536
2990	89.0536
3000	84.5139
3010	94.5139
3020	104.514
3030	93.7143
3040	103.714
3050	87.8909
3060	97.8909
3070	83.8996
3080	93.8996
3090	103.9
3100	89.559
3110	99.559
3120	109.559
3130	102.952
3140	112.952
3150	101.383
3160	111.383
3170	96.6773
3180	106.677
3190	90.7949
3200	100.795
3210	110.795
3220	92.5252
3230	102.525
3240	91.6423
3250	101.642
3260	87.0571
3270	97.0571
3280	85.4152
3290	95.4152
3300	82.092
3310	92.092
3320	75.8974
3330	85.8974
3340	72.7331
3350	82.7331
3360	92.7331
3370	76.7502
3380	86.7502
3390	77.4767
3400	87.4767
3410	97.4767
3420	82.9539
3430	92.9539
3440	80.7317
3450	90.7317
3460	79.1219
3470	89.1219
3480	84.2661
3490	94.2661
3500	87.2414
3510	97.2414
3520	107.241
3530	99.8535
3540	109.853
3550	119.853
3560	106.513
3570	116.513
3580	101.371
3590	111.371
3600	96.6708
3610	106.671
3620	91.1596
3630	79.7247
3640	89.7247
3650	99.7247
3660	85.2441
3670	75.2649
3680	85.2649
3690	95.2649
3700	83.8853
3710	93.8853
3720	82.9887
3730	92.9887
3740	84.6985
3750	94.6986
3760	80.4886
3770	90.4886
3780	100.489
3790	87.7961
3800	73.4952
3810	62.6652
3820	72.6652
3830	82.6652
3840	67.9779
3850	77.9779
3860	63.0685
3870	73.0685
3880	70.1743
3890	80.1743
3900	73.4909
3910	83.4909
3920	93.491
3930	84.4364
3940	94.4364
3950	82.0499
3960	92.0499
3970	82.1891
3980	92.1891
3990	102.189
4000	93.3299
4010	103.33
4020	91.7562
4030	101.756
4040	88.5327
4050	98.5326
4060	108.533
4070	88.9083
4080	98.9083
4090	108.908
4100	93.4447
4110	87.7042
4120	80.0699
4130	90.0699
4140	79.6509
4150	89.6509
4160	99.6509
4170	84.825
4180	94.8251
4190	86.7552
4200	96.7552
4210	106.755
4220	98.7616
4230	108.762
4240	118.762
4250	103.342
4260	113.342
4270	97.9463
4280	107.946
4290	117.946
4300	96.9445
4310	106.945
4320	91.7415
4330	101.742
4340	111.742
4350	95.0224
4360	105.022
4370	90.3165
4380	100.317
4390	88.6337
4400	98.6337
4410	81.905
4420	91.905
4430	101.905
4440	79.1105
4450	89.1105
4460	79.8157
4470	89.8157
4480	77.4163
4490	87.4163
4500	76.4155
4510	86.4155
4520	75.6908
4530	85.6908
4540	72.5455
4550	82.5455
4560	74.9567
4570	84.9567
4580	74.0633
4590	84.0633
4600	78.8307
4610	88.8307
4620	98.8307
4630	88.5742
4640	98.5742
4650	83.7932
4660	93.7932
4670	103.793
4680	92.2449
4690	79.2509
4700	89.2509
4710	81.566
4720	91.566
4730	83.5847
4740	93.5847
4750	81.5147
4760	91.5147
4770	84.016
4780	94.016
4790	82.2066
4800	92.2066
4810	84.8322
4820	77.5394
4830	87.5394
4840	78.0009
4850	88.0009
4860	74.0127
4870	84.0127
4880	94.0127
4890	81.1711
4900	91.1711
4910	101.171
4920	91.359
4930	101.359
4940	111.359
4950	102.261
4960	112.261
4970	122.261
4980	106.764
4990	116.764
5000	100.585
5010	110.585
5020	95.4565
5030	105.457
5040	93.3053
5050	103.305
5060	90.0763
5070	100.076
5080	110.076
5090	97.7667
5100	107.767
5110	90.3982
5120	100.398
5130	78.8466
5140	88.8466
5150	98.8466
5160	71.0749
5170	61.4235
5180	71.4235
5190	81.4235
5200	76.2411
5210	86.2411
5220	77.6357
5230	87.6357
5240	97.6357
5250	86.853
5260	96.853
5270	88.6255
5280	98.6255
5290	92.4603
5300	102.46
5310	93.0466
5320	103.047
5330	113.047
5340	98.9119
5350	108.912
5360	92.0308
5370	102.031
5380	81.8797
5390	91.8797
5400	78.2601
5410	88.2601
5420	98.2601
5430	108.26
5440	102.32
5450	90.2103
5460	100.21
5470	88.5796
5480	98.5796
5490	83.0031
5500	93.0031
5510	77.2859
5520	87.2859
5530	74.8743
5540	84.8743
5550	74.1601
5560	84.1601
5570	76.9985
5580	86.9985
5590	96.9985
5600	81.6698
5610	72.9976
5620	82.9976
5630	72.6888
5640	82.6887
5650	92.6887
5660	80.1586
5670	90.1586
5680	79.8055
5690	89.8055
5700	76.697
5710	86.697
5720	96.697
5730	89.9432
5740	99.9432
5750	89.0474
5760	99.0474
5770	87.0185
5780	97.0185
5790	107.018
5800	92.3306
5810	76.6648
5820	86.6648
5830	96.6648
5840	106.665
5850	97.6561
5860	107.656
5870	117.656
5880	104.297
5890	114.297
5900	99.2882
5910	109.288
5920	119.288
5930	102.394
5940	112.394
5950	100.36
5960	110.36
5970	98.1517
5980	108.152
5990	95.2415
6000	105.242
6010	115.242
6020	102.062
6030	112.062
6040	93.6409
6050	103.641
6060	113.641
6070	91.1554
6080	101.155
6090	75.7041
6100	85.7041
6110	77.2965
6120	87.2965
6130	97.2965
6140	87.5568
6150	97.5568
6160	107.557
6170	95.0772
6180	105.077
6190	91.0249
6200	101.025
6210	111.025
6220	92.3128
6230	102.313
6240	90.9163
6250	100.916
6260	110.916
6270	100.834
6280	110.834
6290	99.2706
6300	109.271
6310	95.6369
6320	105.637
6330	115.637
6340	99.6206
6350	109.621
6360	97.8525
6370	107.853
6380	95.173
6390	105.173
6400	115.173
6410	125.173
6420	112.167
6430	122.167
6440	132.167
6450	112.822
6460	122.822
6470	101.149
6480	111.149
6490	121.149
6500	97.0948
6510	75.8888
6520	85.8888
6530	95.8888
6540	81.4392
6550	91.4392
6560	81.4392
6570	91.4392
6580	79.217
6590	89.217
6600	99.217
6610	85.8836
6620	95.8836
6630	105.884
6640	98.1228
6650	108.123
6660	118.123
6670	107.18
6680	117.18
6690	127.18
6700	111.932
6710	121.932
6720	103.999
6730	113.999
6740	96.9144
6750	106.914
6760	91.9022
6770	101.902
6780	111.902
6790	100.359
6800	110.359
6810	98.9158
6820	108.916
6830	96.09
6840	106.09
6850	91.1018
6860	101.102
6870	111.102
6880	90.046
6890	100.046
6900	76.5165
6910	86.5165
6920	96.5165
6930	106.517
6940	93.1369
6950	103.137
6960	113.137
6970	98.9061
6980	108.906
6990	97.7523
7000	107.752
7010	117.752
7020	103.233
7030	85.733
7040	95.733
7050	83.2912
7060	93.2912
7070	103.291
7080	92.58
7090	102.58
7100	90.276
7110	100.276
7120	85.5662
7130	95.5662
7140	105.566
7150	90.6207
7160	80.7549
7170	90.7549
7180	100.755
7190	90.3268
7200	100.327
7210	110.327
7220	99.8113
7230	109.811
7240	96.0473
7250	106.047
7260	89.678
7270	99.678
7280	109.678
7290	90.7643
7300	100.764
7310	88.7787
7320	76.3133
7330	86.3133
7340	76.8125
7350	86.8125
7360	76.6838
7370	86.6838
7380	74.5519
7390	84.552
7400	94.5519
7410	80.2842
7420	90.2842
7430	100.284
7440	89.1858
7450	99.1858
7460	109.186
7470	98.7937
7480	108.794
7490	118.794
7500	105.17
7510	115.17
7520	100.431
7530	110.431
7540	94.0927
7550	104.093
7560	114.093
7570	100.71
7580	110.71
7590	96.7024
7600	88.1665
7610	98.1665
7620	88.5502
7630	98.5502
7640	85.335
7650	95.335
7660	105.335
7670	88.7923
7680	98.7923
7690	77.5564
7700	87.5564
7710	97.5564
7720	107.556
7730	92.872
7740	102.872
7750	112.872
7760	99.7641
7770	109.764
7780	96.5544
7790	106.554
7800	93.9916
7810	103.992
7820	113.992
7830	94.6634
7840	104.663
7850	93.1501
7860	103.15
7870	91.319
7880	101.319
7890	91.5965
7900	101.597
7910	90.4143
7920	100.414
7930	110.414
7940	96.4937
7950	106.494
7960	89.014
7970	99.014
7980	109.014
7990	94.7145
8000	104.715
8010	91.8881
8020	101.888
8030	111.888
8040	98.4742
8050	108.474
8060	118.474
8070	102.693
8080	112.693
8090	94.9053
8100	104.905
8110	85.8944
8120	95.8944
8130	105.894
8140	92.6251
8150	102.625
8160	91.4431
8170	101.443
8180	111.443
8190	97.8719
8200	84.6157
8210	94.6157
8220	81.1142
8230	91.1142
8240	101.114
8250	87.0355
8260	77.3811
8270	87.3811
8280	77.3437
8290	87.3438
8300	97.3438
8310	84.1684
8320	73.8886
8330	83.8886
8340	74.8312
8350	84.8312
8360	94.8312
8370	84.3298
8380	94.3298
8390	104.33
8400	94.1095
8410	82.8387
8420	92.8387
8430	102.839
8440	91.104
8450	101.104
8460	89.525
8470	99.525
8480	86.8921
8490	96.8921
8500	84.9228
8510	94.9228
8520	104.923
8530	88.8956
8540	98.8956
8550	108.896
8560	95.2811
8570	105.281
8580	94.5615
8590	104.562
8600	114.562
8610	101.769
8620	111.769
8630	97.8858
8640	107.886
8650	91.5222
8660	101.522
8670	111.522
8680	91.5447
8690	101.545
8700	111.545
8710	97.9846
8720	107.985
8730	95.9977
8740	105.998
8750	94.8858
8760	104.886
8770	88.7006
8780	98.7006
8790	83.3992
8800	93.3992
8810	103.399
8820	90.6435
8830	100.644
8840	84.1774
8850	75.8697
8860	85.8697
8870	73.9607
8880	83.9607
8890	73.0084
8900	83.0084
8910	73.7471
8920	83.7471
8930	77.3184
8940	87.3184
8950	97.3184
8960	87.8261
8970	97.8261
8980	107.826
8990	90.6575
9000	100.658
9010	89.8706
9020	99.8706
9030	88.927
9040	98.927
9050	86.4093
9060	96.4093
9070	106.409
9080	93.4933
9090	103.493
9100	113.493
9110	95.8542
9120	105.854
9130	115.854
9140	96.7866
9150	106.787
9160	96.4443
9170	106.444
9180	93.748
9190	103.748
9200	89.6627
9210	99.6627
9220	109.663
9230	92.2332
9240	79.8491
9250	89.8491
9260	99.8491
9270	88.5929
9280	98.5929
9290	88.5431
9300	98.5431
9310	108.543
9320	96.839
9330	83.7248
9340	93.7248
9350	79.3682
9360	89.3681
9370	99.3681
9380	83.7948
9390	93.7948
9400	82.7464
9410	92.7464
9420	81.8748
9430	91.8748
9440	83.0167
9450	93.0167
9460	83.7811
9470	93.7811
9480	82.8792
9490	92.8792
9500	102.879
9510	93.9722
9520	103.972
9530	88.8671
9540	98.8671
9550	85.0022
9560	95.0022
9570	105.002
9580	92.2753
9590	102.275
9600	90.4983
9610	79.2954
9620	89.2954
9630	76.3975
9640	86.3975
9650	96.3975
9660	83.3735
9670	93.3735
9680	83.2738
9690	93.2738
9700	83.454
9710	93.454
9720	82.454
9730	92.454
9740	81.6323
9750	91.6323
9760	81.3652
9770	91.3652
9780	101.365
9790	92.5532
9800	102.553
9810	91.5717
9820	101.572
9830	88.6042
9840	98.6042
9850	108.604
9860	92.006
9870	102.006
9880	89.1651
9890	77.9347
9900	87.9348
9910	74.5336
9920	84.5336
9930	94.5336
9940	104.534
9950	91.458
9960	81.7509
9970	91.7509
9980	82.0246
9990	92.0246
10000	80.6131
10010	90.6131
10020	77.6893
10030	87.6893
10040	78.8218
10050	88.8219
10060	98.8218
10070	90.4554
10080	100.455
10090	88.891
10100	98.891
10110	86.533
10120	96.533
10130	106.533
10140	90.6956
10150	100.696
10160	88.1466
10170	77.3993
10180	87.3993
10190	73.1071
10200	83.1071
10210	93.1071
10220	103.107
10230	91.4517
10240	82.3518
10250	92.3518
10260	83.2139
10270	93.2139
10280	81.4304
10290	91.4304
10300	79.1283
10310	89.1283
10320	78.4592
10330	88.4592
10340	98.4592
10350	90.5732
10360	100.573
10370	88.7898
10380	98.7898
10390	86.8153
10400	96.8153
10410	106.815
10420	91.3883
10430	101.388
10440	89.2058
10450	77.8719
10460	87.8719
10470	97.8719
10480	81.1613
10490	91.1613
10500	101.161
10510	89.9413
10520	81.2885
10530	91.2885
10540	82.6911
10550	92.6911
10560	102.691
10570	92.5941
10580	102.594
10590	86.306
10600	96.306
10610	78.6761
10620	88.6761
10630	98.6761
10640	89.2915
10650	99.2915
10660	109.292
10670	97.8744
10680	107.874
10690	95.2512
10700	105.251
10710	87.1663
10720	97.1663
10730	85.4974
10740	73.9719
10750	83.9719
10760	93.9719
10770	84.07
10780	94.07
10790	104.07
10800	94.8376
10810	104.838
10820	89.453
10830	99.453
10840	109.453
10850	93.8365
10860	103.836
10870	86.1939
10880	96.1939
10890	81.3419
10900	91.3419
10910	101.342
10920	88.2649
10930	77.9882
10940	87.9882
10950	97.9882
10960	90.2959
10970	100.296
10980	91.8343
10990	101.834
11000	111.834
11010	100.313
11020	87.2755
11030	97.2755
11040	82.4712
11050	92.4712
11060	102.471
11070	89.4451
11080	99.4451
11090	109.445
11100	94.6912
11110	104.691
11120	91.9287
11130	101.929
11140	111.929
11150	98.0788
11160	108.079
11170	93.8162
11180	103.816
11190	113.816
11200	96.9068
11210	106.907
11220	94.2586
11230	104.259
11240	87.1498
11250	97.1498
11260	84.438
11270	94.438
11280	86.1703
11290	96.1703
11300	106.17
11310	95.1688
11320	105.169
11330	93.6042
11340	103.604
11350	89.1634
11360	99.1634
11370	109.163
11380	95.1479
11390	105.148
11400	115.148
11410	98.9928
11420	108.993
11430	97.7863
11440	107.786
11450	95.3488
11460	105.349
11470	90.9913
11480	100.991
11490	84.8792
11500	94.8792
11510	81.0811
11520	91.0811
11530	101.081
11540	90.5605
11550	100.56
11560	85.9789
11570	95.9789
11580	85.044
11590	95.044
11600	105.044
11610	93.3107
11620	103.311
11630	90.6403
11640	100.64
11650	110.64
11660	98.4869
11670	108.487
11680	118.487
11690	100.014
11700	110.014
11710	120.014
11720	104.303
11730	114.303
11740	102.486
11750	112.486
11760	99.6363
11770	109.636
11780	95.1538
11790	105.154
11800	115.154
11810	99.1563
11820	109.156
11830	88.4281
11840	98.4281
11850	84.8962
11860	94.8962
11870	104.896
11880	96.0148
11890	85.9571
11900	95.9571
11910	83.5462
11920	93.5462
11930	103.546
11940	87.147
11950	97.147
11960	78.1926
11970	88.1926
11980	76.274
11990	86.274
12000	96.274
12010	89.3087
12020	99.3087
12030	109.309
12040	99.5091
12050	109.509
12060	97.3594
12070	107.359
12080	90.2045
12090	100.205
12100	84.1252
12110	94.1252
12120	104.125
12130	91.882
12140	101.882
12150	111.882
12160	98.5866
12170	108.587
12180	95.5062
12190	105.506
12200	115.506
12210	103.376
12220	113.376
12230	98.6364
12240	108.636
12250	94.5105
12260	104.511
12270	114.511
12280	99.5144
12290	109.514
12300	91.4769
12310	101.477
12320	85.7418
12330	95.7418
12340	105.742
12350	96.4781
12360	106.478
12370	95.4158
12380	105.416
12390	92.4956
12400	102.496
12410	86.2732
12420	96.2732
12430	75.8237
12440	85.8237
12450	73.5388
12460	83.5388
12470	93.5388
12480	87.2693
12490	81.457
12500	91.457
12510	101.457
12520	90.5326
12530	100.533
12540	88.838
12550	98.838
12560	84.7722
12570	73.7752
12580	83.7752
12590	93.7752
12600	103.775
12610	91.4493
12620	101.449
12630	111.449
12640	93.3604
12650	103.36
12660	91.2087
12670	101.209
12680	111.209
12690	96.515
12700	106.515
12710	95.6059
12720	105.606
12730	94.593
12740	104.593
12750	88.542
12760	98.542
12770	108.542
12780	94.6077
12790	104.608
12800	93.1619
12810	103.162
12820	113.162
12830	100.377
12840	110.377
12850	96.0072
12860	106.007
12870	116.007
12880	94.7084
12890	79.913
12900	89.913
12910	99.913
12920	83.914
12930	93.914
12940	103.914
12950	94.4327
12960	104.433
12970	114.433
12980	100.468
12990	110.468
13000	100.606
13010	110.606
13020	99.1322
13030	109.132
13040	119.132
13050	103.726
13060	113.726
13070	99.1381
13080	109.138
13090	92.9139
13100	102.914
13110	87.121
13120	97.121
13130	107.121
13140	85.5312
13150	95.5312
13160	105.531
13170	94.8784
13180	104.878
13190	114.878
13200	98.8294
13210	108.829
13220	97.4469
13230	107.447
13240	117.447
13250	103.09
13260	89.8718
13270	99.8718
13280	86.2377
13290	96.2377
13300	83.1762
13310	93.1762
13320	74.8683
13330	84.8683
13340	77.1299
13350	87.1299
13360	79.6214
13370	72.5962
13380	82.5962
13390	92.5962
13400	82.4038
13410	92.4038
13420	102.404
13430	87.1772
13440	97.1772
13450	76.5939
13460	86.5939
13470	76.4278
13480	86.4278
13490	80.2238
13500	90.2238
13510	100.224
13520	93.3401
13530	103.34
13540	92.2553
13550	82.1665
13560	92.1665
13570	78.7566
13580	88.7566
13590	98.7566
13600	108.757
13610	97.1628
13620	107.163
13630	94.4776
13640	104.478
13650	88.822
13660	98.822
13670	108.822
13680	95.3003
13690	105.3
13700	115.3
13710	102.449
13720	112.449
13730	95.8537
13740	105.854
13750	88.7352
13760	98.7352
13770	80.8528
13780	90.8528
13790	80.3519
13800	90.3519
13810	100.352
13820	91.4764
13830	101.476
13840	91.8487
13850	101.849
13860	90.4342
13870	100.434
13880	84.6127
13890	94.6127
13900	82.9626
13910	92.9626
13920	102.963
13930	66.4382
13940	76.4382
13950	69.8154
13960	79.8154
13970	71.6973
13980	81.6973
13990	91.6973
14000	82.3027
14010	75.4692
14020	85.4692
14030	95.4692
14040	86.8583
14050	96.8584
14060	80.8837
14070	90.8837
14080	79.7805
14090	89.7805
14100	78.0125
14110	88.0125
14120	80.3483
14130	90.3483
14140	100.348
14150	89.8369
14160	99.8369
14170	83.9546
14180	93.9546
14190	81.5094
14200	91.5094
14210	101.509
14220	91.295
14230	101.295
14240	87.9522
14250	97.9522
14260	107.952
14270	95.6645
14280	105.664
14290	115.664
14300	95.1599
14310	105.16
14320	95.0074
14330	105.007
14340	96.53
14350	106.53
14360	96.0598
14370	106.06
14380	116.06
14390	101.506
14400	111.506
14410	93.5649
14420	103.565
14430	82.5286
14440	92.5286
14450	74.4556
14460	84.4555
14470	94.4556
14480	86.7699
14490	96.7699
14500	90.0443
14510	100.044
14520	88.5398
14530	98.5398
14540	86.6372
14550	96.6372
14560	82.0796
14570	92.0797
14580	81.9027
14590	91.9027
14600	82.0825
14610	92.0825
14620	78.2192
14630	88.2192
14640	80.5844
14650	90.5844
14660	100.584
14670	90.3256
14680	100.326
14690	110.326
14700	97.0635
14710	107.063
14720	90.7122
14730	100.712
14740	82.2144
14750	92.2144
14760	102.214
14770	87.1737
14780	97.1737
14790	107.174
14800	98.8501
14810	92.2181
14820	102.218
14830	112.218
14840	98.3234
14850	86.7767
14860	96.7767
14870	106.777
14880	90.3636
14890	100.364
14900	86.5754
14910	96.5754
14920	106.575
14930	93.5594
14940	103.559
14950	87.2409
14960	97.2409
14970	87.8324
14980	78.8264
14990	88.8264
15000	98.8264
15010	108.826
15020	94.6856
15030	104.686
15040	88.5847
15050	98.5847
15060	81.8394
15070	91.8394
15080	78.9748
15090	88.9748
15100	98.9748
15110	90.1263
15120	100.126
15130	110.126
15140	99.1675
15150	109.167
15160	94.7789
15170	104.779
15180	114.779
15190	100.684
15200	110.684
15210	94.1213
15220	104.121
15230	114.121
15240	100.125
15250	110.125
15260	120.125
15270	106.347
15280	116.347
15290	94.7629
15300	104.763
15310	114.763
15320	102.89
15330	112.89
15340	99.047
15350	109.047
15360	95.8417
15370	105.842
15380	115.842
15390	101.224
15400	84.2556
15410	65.1007
15420	75.1007
15430	85.1007
15440	76.7606
15450	86.7606
15460	96.7606
15470	106.761
15480	94.5917
15490	104.592
15500	92.2235
15510	102.223
15520	85.3929
15530	95.3929
15540	105.393
15550	95.2687
15560	105.269
15570	91.4549
15580	101.455
15590	92.4839
15600	102.484
15610	90.3527
15620	100.353
15630	110.353
15640	94.7599
15650	104.76
15660	91.4341
15670	101.434
15680	111.434
15690	98.0784
15700	84.6104
15710	94.6104
15720	104.61
15730	85.1614
15740	95.1614
15750	80.1244
15760	90.1244
15770	79.4102
15780	72.031
15790	82.031
15800	92.031
15810	84.0553
15820	94.0553
15830	79.6368
15840	89.6368
15850	99.6368
15860	88.886
15870	98.886
15880	90.0949
15890	100.095
15900	110.095
15910	97.3669
15920	107.367
15930	92.625
15940	102.625
15950	83.3622
15960	93.3622
15970	103.362
15980	87.7331
15990	97.7332
16000	107.733
16010	100.184
16020	110.184
16030	99.3801
16040	109.38
16050	119.38
16060	102.737
16070	112.737
16080	94.3998
16090	104.4
16100	91.0047
16110	101.005
16120	84.8608
16130	73.9238
16140	83.9238
16150	72.2622
16160	82.2622
16170	92.2622
16180	84.0954
16190	94.0954
16200	83.1858
16210	93.1858
16220	79.8597
16230	89.8597
16240	78.3956
16250	88.3956
16260	79.7148
16270	89.7148
16280	77.7714
16290	87.7714
16300	97.7714
16310	90.5276
16320	100.528
16330	89.1912
16340	99.1912
16350	87.4646
16360	97.4646
16370	107.465
16380	94.6675
16390	104.667
16400	91.5498
16410	101.55
16420	111.55
16430	121.55
16440	107.966
16450	117.966
16460	127.966
16470	105.034
16480	115.034
16490	95.8582
16500	105.858
16510	89.3742
16520	80.1631
16530	90.1631
16540	100.163
16550	88.6031
16560	77.833
16570	87.833
16580	97.833
16590	79.7579
16600	89.7579
16610	81.9212
16620	91.9212
16630	82.0419
16640	92.0419
16650	80.0936
16660	90.0936
16670	100.094
16680	88.122
16690	98.1219
16700	108.122
16710	118.122
16720	97.6603
16730	107.66
16740	93.9418
16750	103.942
16760	113.942
16770	100.419
16780	90.4443
16790	100.444
16800	90.5611
16810	100.561
16820	110.561
16830	96.3126
16840	78.6259
16850	88.6259
16860	76.4754
16870	86.4754
16880	96.4754
16890	87.188
16900	97.188
16910	107.188
16920	91.6488
16930	101.649
16940	111.649
16950	95.5186
16960	105.519
16970	85.6769
16980	95.6769
16990	84.2229
17000	94.2229
17010	86.471
17020	96.471
17030	87.7994
17040	97.7994
17050	85.6558
17060	95.6558
17070	105.656
17080	90.537
17090	79.7433
17100	89.7433
17110	99.7433
17120	109.743
17130	97.1348
17140	107.135
17150	92.5283
17160	102.528
17170	88.3789
17180	75.5952
17190	85.5952
17200	70.1897
17210	80.1897
17220	73.7845
17230	83.7845
17240	76.4646
17250	86.4646
17260	78.3174
17270	88.3174
17280	81.3813
17290	91.3813
17300	101.381
17310	92.1181
17320	102.118
17330	90.1019
17340	100.102
17350	110.102
17360	92.8161
17370	102.816
17380	85.5782
17390	95.5782
17400	105.578
17410	88.9349
17420	98.9349
17430	108.935
17440	100.756
17450	110.756
17460	103.017
17470	113.017
17480	123.017
17490	108.017
17500	118.017
17510	102.318
17520	112.318
17530	95.0452
17540	105.045
17550	115.045
17560	95.3414
17570	105.341
17580	89.1317
17590	99.1317
17600	84.0181
17610	94.0181
17620	104.018
17630	93.3078
17640	103.308
17650	113.308
17660	97.3346
17670	107.335
17680	97.2781
17690	107.278
17700	94.26
17710	79.0802
17720	89.0802
17730	99.0802
17740	86.6509
17750	96.6509
17760	82.8222
17770	92.8222
17780	82.1521
17790	92.152
17800	81.5165
17810	91.5165
17820	80.8123
17830	90.8123
17840	100.812
17850	110.812
17860	99.4501
17870	109.45
17880	119.45
17890	104.068
17900	90.9406
17910	100.941
17920	87.0339
17930	97.0339
17940	84.9314
17950	94.9314
17960	81.0376
17970	91.0376
17980	81.3793
17990	91.3793
18000	78.2728
18010	88.2727
18020	80.6289
18030	90.6289
18040	80.2605
18050	90.2605
18060	100.261
18070	89.0053
18080	99.0053
18090	109.005
18100	96.5638
18110	106.564
18120	116.564
18130	96.6405
18140	106.641
18150	116.641
18160	102.654
18170	112.654
18180	98.9855
18190	108.985
18200	94.6097
18210	104.61
18220	90.9217
18230	100.922
18240	110.922
18250	93.3998
18260	103.4
18270	89.8858
18280	99.8858
18290	109.886
18300	100.502
18310	110.502
18320	96.9639
18330	106.964
18340	116.964
18350	103.402
18360	113.402
18370	123.402
18380	103.607
18390	113.607
18400	123.607
18410	102.867
18420	112.867
18430	91.2429
18440	101.243
18450	111.243
18460	97.8343
18470	86.8975
18480	96.8975
18490	81.5482
18500	91.5482
18510	101.548
18520	91.4324
18530	101.432
18540	91.4051
18550	101.405
18560	111.405
18570	121.405
18580	109.19
18590	119.19
18600	129.19
18610	111.739
18620	121.739
18630	103.474
18640	113.474
18650	123.474
18660	102.477
18670	112.477
18680	88.7458
18690	98.7458
18700	89.6291
18710	99.6291
18720	84.6157
18730	94.6158
18740	104.616
18750	95.8598
18760	105.86
18770	92.6779
18780	102.678
18790	112.678
18800	100.509
18810	110.509
18820	120.509
18830	130.509
18840	116.104
18850	96.5584
18860	106.558
18870	116.558
18880	98.7083
18890	108.708
18900	89.4385
18910	99.4385
18920	109.438
18930	92.9899
18940	82.6715
18950	92.6715
18960	77.7772
18970	87.7772
18980	79.1617
18990	89.1617
19000	99.1617
19010	88.0021
19020	98.0021
19030	88.9737
19040	98.9737
19050	89.1973
19060	76.7469
19070	86.7469
19080	72.1855
19090	82.1855
19100	92.1855
19110	79.6687
19120	89.6687
19130	83.2199
19140	93.2199
19150	82.8863
19160	92.8863
19170	102.886
19180	93.6912
19190	85.2614
19200	95.2614
19210	105.261
19220	92.975
19230	102.975
19240	86.8979
19250	96.8979
19260	106.898
19270	89.6775
19280	99.6775
19290	84.8882
19300	94.8882
19310	104.888
19320	97.4441
19330	107.444
19340	117.444
19350	105.719
19360	115.719
19370	105.016
19380	115.016
19390	97.7955
19400	107.796
19410	90.0958
19420	100.096
19430	82.5879
19440	92.5879
19450	102.588
19460	112.588
19470	93.9617
19480	103.962
19490	113.962
19500	99.0277
19510	109.028
19520	97.3207
19530	107.321
19540	117.321
19550	104.51
19560	114.51
19570	102.189
19580	112.189
19590	122.189
19600	109.02
19610	94.2495
19620	104.249
19630	87.3227
19640	97.3227
19650	83.3603
19660	93.3603
19670	103.36
19680	91.8783
19690	101.878
19700	111.878
19710	95.4561
19720	105.456
19730	115.456
19740	97.9118
19750	107.912
19760	84.2954
19770	94.2954
19780	83.3307
19790	93.3307
19800	85.4188
19810	95.4188
19820	105.419
19830	96.8149
19840	106.815
19850	93.7352
19860	103.735
19870	89.1625
19880	99.1625
19890	109.162
19900	119.162
19910	105.637
19920	115.637
19930	125.637
19940	110.432
19950	120.432
19960	103.238
19970	113.238
19980	95.4743
19990	105.474
20000	86.736
20010	96.736
20020	78.5257
20030	88.5257
20040	79.5714
20050	89.5714
20060	99.5714
20070	89.8203
20080	99.8203
20090	89.9679
20100	99.9679
20110	109.968
20120	98.731
20130	108.731
20140	118.731
20150	105.009
20160	115.009
20170	125.009
20180	108.063
20190	118.063
20200	98.3214
20210	108.321
20220	89.6975
20230	99.6975
20240	83.0613
20250	93.0613
20260	103.061
20270	94.7706
20280	104.771
20290	95.0765
20300	86.0856
20310	96.0856
20320	84.0807
20330	94.0807
20340	80.9816
20350	90.9816
20360	100.982
20370	85.7738
20380	95.7738
20390	80.1274
20400	90.1274
20410	80.3186
20420	72.1174
20430	82.1174
20440	74.451
20450	84.451
20460	74.7757
20470	84.7757
20480	77.6237
20490	87.6237
20500	77.7146
20510	87.7146
20520	79.2479
20530	89.2479
20540	99.2479
20550	89.8609
20560	99.8609
20570	88.8504
20580	98.8504
20590	108.85
20600	118.85
20610	104.869
20620	114.869
20630	124.869
20640	104.004
20650	114.004
20660	91.3834
20670	81.2366
20680	91.2366
20690	101.237
20700	93.3268
20710	103.327
20720	91.9878
20730	101.988
20740	111.988
20750	97.5648
20760	107.565
20770	89.0911
20780	99.0911
20790	86.2337
20800	96.2337
20810	82.0925
20820	92.0925
20830	102.093
20840	88.4487
20850	98.4487
20860	108.449
20870	118.449
20880	105.647
20890	89.2964
20900	99.2965
20910	88.5729
20920	98.5729
20930	108.573
20940	95.4712
20950	105.471
20960	91.4636
20970	101.464
20980	89.0275
20990	99.0275
21000	109.027
21010	92.7482
21020	82.9872
21030	92.9872
21040	80.2665
21050	90.2665
21060	77.4801
21070	87.4801
21080	97.4801
21090	107.48
21100	94.9175
21110	104.917
21120	90.9314
21130	100.931
21140	86.7388
21150	96.7388
21160	106.739
21170	93.7319
21180	103.732
21190	92.2161
21200	102.216
21210	93.9377
21220	103.938
21230	90.0678
21240	100.068
21250	110.068
21260	94.2669
21270	104.267
21280	114.267
21290	100.656
21300	110.656
21310	120.656
21320	105.127
21330	115.127
21340	125.127
21350	108.898
21360	118.898
21370	128.898
21380	106.442
21390	87.7865
21400	97.7866
21410	83.6026
21420	93.6026
21430	80.8004
21440	90.8004
21450	81.8712
21460	91.8712
21470	83.4856
21480	93.4856
21490	103.486
21500	113.486
21510	95.4822
21520	105.482
21530	92.6325
21540	102.632
21550	112.632
21560	98.4353
21570	108.435
21580	90.8167
21590	100.817
21600	87.2174
21610	97.2174
21620	83.2676
21630	93.2676
21640	85.0477
21650	95.0477
21660	105.048
21670	94.688
21680	104.688
21690	93.9869
21700	103.987
21710	92.8942
21720	102.894
21730	88.3406
21740	98.3406
21750	80.0741
21760	90.0741
21770	100.074
21780	84.4383
21790	94.4383
21800	87.8419
21810	97.8419
21820	107.842
21830	99.8419
21840	109.842
21850	119.842
21860	105.956
21870	115.956
21880	101.099
21890	111.099
21900	94.499
21910	104.499
21920	114.499
21930	97.7588
21940	107.759
21950	117.759
21960	100.332
21970	110.332
21980	94.1064
21990	104.106
22000	114.106
22010	100.92
22020	110.92
22030	96.1739
22040	106.174
22050	116.174
22060	104.645
22070	114.645
22080	99.5984
22090	85.2925
22100	95.2925
22110	79.72
22120	89.72
22130	99.72
22140	109.72
22150	97.2726
22160	107.273
22170	117.273
22180	102.673
22190	112.673
22200	97.9644
22210	107.964
22220	117.964
22230	96.604
22240	106.604
22250	91.9118
22260	101.912
22270	85.6695
22280	95.6695
22290	88.1675
22300	98.1675
22310	108.168
22320	95.3812
22330	105.381
22340	90.7386
22350	100.739
22360	110.739
22370	98.5232
22380	108.523
22390	93.7383
22400	103.738
22410	89.3313
22420	78.8112
22430	68.7404
22440	78.7404
22450	88.7404
22460	75.9406
22470	66.1774
22480	76.1774
22490	71.1378
22500	81.1378
22510	91.1378
22520	81.0193
22530	91.0193
22540	81.4633
22550	73.4787
22560	83.4787
22570	93.4787
22580	81.7649
22590	91.7649
22600	101.765
22610	87.2858
22620	97.2858
22630	82.3794
22640	92.3794
22650	83.1177
22660	93.1177
22670	84.8798
22680	94.8798
22690	85.4233
22700	95.4233
22710	105.423
22720	94.8258
22730	84.5662
22740	94.5662
22750	104.566
22760	90.1989
22770	100.199
22780	110.199
22790	96.4104
22800	106.41
22810	92.4882
22820	102.488
22830	112.488
22840	94.9142
22850	104.914
22860	93.0533
22870	103.053
22880	113.053
22890	101.477
22900	111.477
22910	96.8845
22920	84.0802
22930	94.0802
22940	104.08
22950	90.3206
22960	72.985
22970	82.985
22980	92.985
22990	102.985
23000	92.4594
23010	83.352
23020	93.352
23030	83.5258
23040	93.5258
23050	81.862
23060	91.862
23070	76.8656
23080	86.8657
23090	75.625
23100	85.6251
23110	77.7459
23120	87.7459
23130	81.2892
23140	91.2892
23150	83.5352
23160	93.5352
23170	103.535
23180	88.6296
23190	98.6296
23200	89.055
23210	77.4952
23220	87.4952
23230	97.4952
23240	84.2028
23250	94.2028
23260	104.203
23270	91.2316
23280	101.232
23290	86.2952
23300	96.2952
23310	86.0976
23320	96.0976
23330	106.098
23340	93.3438
23350	103.344
23360	93.0495
23370	103.05
23380	90.2797
23390	100.28
23400	85.3559
23410	95.3559
23420	80.629
23430	90.629
23440	100.629
23450	90.4588
23460	100.459
23470	110.459
23480	120.459
23490	108.007
23500	118.007
23510	102.988
23520	112.988
23530	122.988
23540	101.339
23550	88.2811
23560	98.2811
23570	108.281
23580	91.9121
23590	76.5385
23600	86.5385
23610	77.9343
23620	87.9343
23630	97.9343
23640	85.4075
23650	95.4075
23660	105.408
23670	94.3926
23680	82.9998
23690	92.9998
23700	82.7524
23710	92.7524
23720	102.752
23730	88.1776
23740	98.1776
23750	83.2413
23760	93.2413
23770	81.7671
23780	91.7671
23790	81.2015
23800	91.2015
23810	84.549
23820	94.549
23830	104.549
23840	93.9978
23850	83.9091
23860	93.9091
23870	103.909
23880	89.4997
23890	99.4997
23900	109.5
23910	96.7988
23920	106.799
23930	93.1944
23940	103.194
23950	113.194
23960	95.8191
23970	105.819
23980	93.9772
23990	103.977
24000	92.5036
24010	102.504
24020	89.789
24030	99.789
24040	109.789
24050	92.117
24060	102.117
24070	87.1322
24080	97.1322
24090	82.8427
24100	92.8427
24110	102.843
24120	93.1134
24130	103.113
24140	92.207
24150	102.207
24160	91.8816
24170	82.0049
24180	92.0049
24190	102.005
24200	87.4767
24210	76.1998
24220	86.1998
24230	73.5696
24240	83.5696
24250	93.5696
24260	80.9529
24270	90.9529
24280	82.5065
24290	92.5065
24300	102.507
24310	93.81
24320	103.81
24330	92.7101
24340	102.71
24350	112.71
24360	100.42
24370	110.42
24380	120.42
24390	100.83
24400	110.83
24410	95.9363
24420	105.936
24430	93.8898
24440	103.89
24450	113.89
24460	100.201
24470	110.2
24480	96.0184
24490	106.018
24500	90.5874
24510	100.587
24520	81.0516
24530	91.0516
24540	77.9558
24550	87.9558
24560	97.9558
24570	88.5426
24580	82.6381
24590	92.6381
24600	83.5012
24610	93.5012
24620	81.0541
24630	91.0541
24640	80.3076
24650	90.3076
24660	100.308
24670	65.9085
24680	75.9085
24690	70.2553
24700	80.2553
24710	90.2553
24720	81.6016
24730	91.6016
24740	79.4365
24750	89.4365
24760	99.4365
24770	90.8339
24780	100.834
24790	110.834
24800	96.2359
24810	106.236
24820	116.236
24830	104.359
24840	114.359
24850	99.9372
24860	109.937
24870	97.4039
24880	107.404
24890	93.6831
24900	103.683
24910	88.4143
24920	98.4143
24930	108.414
24940	87.1573
24950	74.3988
24960	84.3988
24970	94.3988
24980	104.399
24990	93.7006
25000	103.701
25010	113.701
25020	100.387
25030	110.387
25040	96.8299
25050	106.83
25060	89.9485
25070	99.9485
25080	109.949
25090	95.9761
25100	105.976
25110	92.6686
25120	102.669
25130	90.2393
25140	100.239
25150	110.239
25160	97.9068
25170	87.0852
25180	97.0852
25190	107.085
25200	92.0852
25210	102.085
25220	89.9604
25230	99.9604
25240	109.96
25250	119.96
25260	104.298
25270	114.298
25280	124.298
25290	105.251
25300	115.251
25310	95.8765
25320	105.876
25330	115.876
25340	102.402
25350	112.402
25360	98.337
25370	81.9237
25380	91.9237
25390	79.6081
25400	89.6081
25410	99.6081
25420	87.7183
25430	97.7182
25440	107.718
25450	98.7163
25460	108.716
25470	97.5677
25480	107.568
25490	95.5866
25500	105.587
25510	115.587
25520	96.6624
25530	80.1956
25540	90.1956
25550	72.0293
25560	82.0293
25570	72.0049
25580	82.0049
25590	76.1614
25600	86.1614
25610	96.1614
25620	83.912
25630	93.912
25640	87.2372
25650	97.2372
25660	89.1198
25670	99.1198
25680	109.12
25690	97.2127
25700	107.213
25710	95.599
25720	105.599
25730	91.1247
25740	101.125
25750	111.125
25760	95.379
25770	105.379
25780	90.2963
25790	100.296
25800	88.3715
25810	98.3715
25820	86.0899
25830	96.0899
25840	82.486
25850	92.486
25860	73.6457
25870	83.6457
25880	93.6457
25890	84.7491
25900	94.7491
25910	88.2003
25920	98.2003
25930	108.2
25940	97.0764
25950	107.076
25960	117.076
25970	102.907
25980	90.4894
25990	100.489
26000	85.2663
26010	95.2663
26020	105.266
26030	89.3028
26040	99.3028
26050	109.303
26060	94.3758
26070	104.376
26080	90.3605
26090	100.361
26100	110.361
26110	97.2446
26120	107.245
26130	96.3779
26140	106.378
26150	116.378
26160	101.054
26170	111.054
26180	99.0083
26190	109.008
26200	92.8212
26210	102.821
26220	88.2494
26230	98.2494
26240	108.249
26250	97.1463
26260	107.146
26270	95.2758
26280	84.1727
26290	94.1727
26300	80.5299
26310	90.5299
26320	74.3569
26330	84.357
26340	65.8855
26350	75.8855
26360	85.8855
26370	80.2285
26380	90.2285
26390	83.8701
26400	93.8701
26410	103.87
26420	92.1356
26430	83.9356
26440	93.9356
26450	103.936
26460	113.936
26470	102.919
26480	112.919
26490	122.919
26500	107.614
26510	95.6098
26520	105.61
26530	92.6924
26540	102.692
26550	112.692
26560	92.166
26570	102.166
26580	86.4947
26590	96.4947
26600	106.495
26610	91.0754
26620	80.3507
26630	90.3506
26640	78.2476
26650	88.2476
26660	76.2161
26670	86.2161
26680	96.2161
26690	85.1895
26700	95.1895
26710	105.189
26720	94.9805
26730	104.981
26740	114.981
26750	102.055
26760	112.055
26770	97.7143
26780	107.714
26790	92.505
26800	102.505
26810	85.9269
26820	95.9269
26830	84.1961
26840	94.1961
26850	104.196
26860	94.6517
26870	104.652
26880	90.4496
26890	100.45
26900	110.45
26910	99.0091
26920	109.009
26930	94.3906
26940	104.391
26950	91.8281
26960	101.828
26970	86.7033
26980	71.902
26990	81.902
27000	65.472
27010	75.472
27020	85.472
27030	81.1871
27040	91.1871
27050	84.6652
27060	94.6652
27070	87.4952
27080	97.4952
27090	87.9061
27100	75.8878
27110	85.8878
27120	72.4933
27130	82.4933
27140	92.4933
27150	79.3578
27160	89.3578
27170	99.3578
27180	90.101
27190	100.101
27200	88.0303
27210	98.0302
27220	108.03
27230	93.2775
27240	103.278
27250	90.9882
27260	100.988
27270	87.3512
27280	97.3512
27290	87.306
27300	97.306
27310	107.306
27320	96.8015
27330	106.802
27340	116.802
27350	103.849
27360	113.849
27370	123.849
27380	111.927
27390	121.927
27400	131.927
27410	115.08
27420	125.08
27430	135.08
27440	116.022
27450	126.022
27460	105.991
27470	115.991
27480	94.3601
27490	104.36
27500	83.7751
27510	93.7751
27520	103.775
27530	87.0353
27540	81.3659
27550	91.3659
27560	101.366
27570	93.7121
27580	103.712
27590	92.9766
27600	102.977
27610	89.2455
27620	99.2455
27630	109.246
27640	94.5251
27650	104.525
27660	114.525
27670	124.525
27680	101.118
27690	82.585
27700	92.585
27710	82.479
27720	92.479
27730	83.1609
27740	93.1609
27750	103.161
27760	89.3069
27770	99.3069
27780	87.0201
27790	97.0202
27800	85.6297
27810	95.6297
27820	105.63
27830	97.0603
27840	107.06
27850	95.4392
27860	105.439
27870	115.439
27880	102.567
27890	112.567
27900	122.567
27910	103.598
27920	113.598
27930	123.598
27940	104.514
27950	114.514
27960	92.7534
27970	102.753
27980	87.1206
27990	97.1206
28000	86.9865
28010	74.7823
28020	84.7823
28030	75.4351
28040	85.4351
28050	95.4351
28060	88.7342
28070	98.7342
28080	89.8242
28090	99.8242
28100	87.6703
28110	97.6703
28120	82.3516
28130	92.3517
28140	73.4945
28150	83.4945
28160	72.0498
28170	82.0498
28180	73.1611
28190	83.1611
28200	78.6085
28210	88.6085
28220	80.923
28230	90.923
28240	81.4052
28250	91.4052
28260	101.405
28270	87.6417
28280	97.6417
28290	107.642
28300	96.931
28310	106.931
28320	116.931
28330	104.274
28340	114.274
28350	95.6112
28360	105.611
28370	92.7469
28380	102.747
28390	91.6925
28400	101.693
28410	90.1068
28420	76.2263
28430	86.2263
28440	96.2263
28450	84.9566
28460	94.9566
28470	78.5567
28480	68.6252
28490	78.6252
28500	88.6252
28510	78.9542
28520	88.9542
28530	79.1522
28540	89.1522
28550	78.5172
28560	88.5172
28570	76.5826
28580	86.5826
28590	79.7615
28600	89.7615
28610	99.7615
28620	91.2904
28630	101.29
28640	90.123
28650	82.5133
28660	92.5133
28670	80.6561
28680	90.656
28690	78.1418
28700	88.1418
28710	72.742
28720	82.742
28730	92.742
28740	102.742
28750	90.0543
28760	100.054
28770	110.054
28780	95.9474
28790	86.2278
28800	96.2277
28810	85.7098
28820	95.7098
28830	105.71
28840	94.7449
28850	104.745
28860	90.6691
28870	100.669
28880	88.7807
28890	98.7807
28900	86.7356
28910	96.7356
28920	106.736
28930	94.0578
28940	104.058
28950	93.1173
28960	103.117
28970	113.117
28980	101.407
28990	111.407
29000	121.407
29010	131.407
29020	110.77
29030	120.77
29040	101.767
29050	111.767
29060	90.8945
29070	100.894
29080	85.4648
29090	95.4648
29100	105.465
29110	94.6306
29120	82.6736
29130	92.6736
29140	81.6603
29150	91.6603
29160	82.2456
29170	92.2456
29180	102.246
29190	92.4096
29200	102.41
29210	91.1559
29220	101.156
29230	87.1007
29240	97.1007
29250	107.101
29260	93.2014
29270	103.201
29280	91.1817
29290	101.182
29300	88.5914
29310	98.5914
29320	86.1571
29330	96.1571
29340	82.1019
29350	92.1019
29360	80.7643
29370	90.7643
29380	100.764
29390	89.0021
29400	99.0021
29410	109.002
29420	97.0276
29430	107.028
29440	117.028
29450	127.028
29460	111.21
29470	121.21
29480	100.594
29490	83.397
29500	93.397
29510	103.397
29520	90.6369
29530	100.637
29540	90.0849
29550	100.085
29560	88.4123
29570	98.4123
29580	108.412
29590	94.4125
29600	104.413
29610	90.27
29620	100.27
29630	89.4223
29640	99.4223
29650	109.422
29660	119.422
29670	105.356
29680	115.356
29690	125.356
29700	107.965
29710	117.965
29720	127.965
29730	108.261
29740	118.261
29750	93.427
29760	103.427
29770	87.7932
29780	97.7932
29790	84.5993
29800	94.5993
29810	86.1636
29820	96.1636
29830	106.164
29840	98.0437
29850	86.2055
29860	96.2055
29870	84.075
29880	94.075
29890	81.5968
29900	91.5968
29910	78.0212
29920	88.0212
29930	98.0212
29940	80.66
29950	90.66
29960	76.5473
29970	86.5473
29980	79.0527
29990	89.0527
30000	82.2432
30010	92.2432
30020	102.243
30030	92.5796
30040	102.58
30050	94.5633
30060	104.563
30070	90.5978
30080	100.598
30090	86.6197
30100	96.6197
30110	106.62
30120	94.0369
30130	104.037
30140	91.1143
30150	101.114
30160	111.114
30170	99.287
30180	109.287
30190	93.2
30200	103.2
30210	87.8584
30220	97.8584
30230	107.858
30240	93.147
30250	77.6397
30260	87.6398
30270	97.6397
30280	87.6397
30290	75.9006
30300	85.9006
30310	77.9296
30320	87.9296
30330	97.9296
30340	88.0628
30350	98.0628
30360	86.9692
30370	96.9692
30380	86.2853
30390	96.2853
30400	82.283
30410	92.283
30420	80.5794
30430	90.5794
30440	81.4807
30450	91.4807
30460	101.481
30470	73.8653
30480	83.8653
30490	74.1426
30500	84.1426
30510	94.1426
30520	81.7735
30530	91.7735
30540	76.4569
30550	86.4569
30560	96.4569
30570	83.7635
30580	93.7635
30590	103.764
30600	89.5152
30610	99.5152
30620	90.1292
30630	100.129
30640	90.8452
30650	100.845
30660	91.3284
30670	101.328
30680	111.328
30690	97.6571
30700	107.657
30710	93.3129
30720	103.313
30730	91.0583
30740	101.058
30750	111.058
30760	96.5164
30770	106.516
30780	116.516
30790	104.877
30800	114.877
30810	124.877
30820	134.877
30830	117.766
30840	98.9959
30850	108.996
30860	118.996
30870	99.7336
30880	109.734
30890	88.1762
30900	73.1352
30910	83.1352
30920	93.1352
30930	83.2063
30940	77.7281
30950	87.7281
30960	97.7281
30970	107.728
30980	99.0793
30990	109.079
31000	119.079
31010	105.923
31020	115.923
31030	125.923
31040	111.994
31050	121.994
31060	103.181
31070	113.181
31080	93.342
31090	103.342
31100	113.342
31110	96.2102
31120	106.21
31130	93.6354
31140	103.635
31150	93.7771
31160	84.631
31170	75.0378
31180	85.0378
31190	95.0378
31200	82.3988
31210	69.9492
31220	79.9492
31230	89.9493
31240	74.5993
31250	84.5993
31260	70.2586
31270	80.2586
31280	75.0384
31290	85.0384
31300	78.2713
31310	88.2713
31320	81.3037
31330	91.3037
31340	101.304
31350	91.4516
31360	101.452
31370	90.8488
31380	100.849
31390	91.1427
31400	101.143
31410	111.143
31420	100.071
31430	110.071
31440	120.071
31450	130.071
31460	115.405
31470	125.405
31480	135.405
31490	114.446
31500	96.2797
31510	106.28
31520	116.28
31530	96.4771
31540	106.477
31550	88.085
31560	98.085
31570	81.6487
31580	91.6487
31590	79.3623
31600	74.2996
31610	84.2996
31620	94.2996
31630	87.5687
31640	97.5687
31650	107.569
31660	97.692
31670	107.692
31680	117.692
31690	103.468
31700	88.8806
31710	98.8806
31720	108.881
31730	90.4421
31740	100.442
31750	78.8192
31760	88.8192
31770	79.4367
31780	89.4367
31790	79.3502
31800	89.3502
31810	81.9205
31820	75.2355
31830	85.2355
31840	95.2355
31850	86.3044
31860	77.8339
31870	87.8339
31880	77.3198
31890	87.3198
31900	72.7602
31910	82.7602
31920	92.7602
31930	82.0385
31940	92.0385
31950	84.6594
31960	94.6594
31970	85.4617
31980	95.4617
31990	85.2882
32000	95.2882
32010	84.0495
32020	94.0495
32030	80.2844
32040	90.2844
32050	100.284
32060	110.284
32070	98.2344
32080	108.234
32090	118.234
32100	104.295
32110	114.295
32120	95.1704
32130	84.7907
32140	94.7907
32150	85.2846
32160	95.2846
32170	105.285
32180	91.3329
32190	101.333
32200	84.2279
32210	94.2279
32220	81.7814
32230	91.7814
32240	101.781
32250	89.8638
32260	99.8638
32270	89.9564
32280	99.9564
32290	109.956
32300	98.4188
32310	108.419
32320	96.0396
32330	106.04
32340	93.3129
32350	103.313
32360	113.313
32370	95.9205
32380	105.921
32390	92.193
32400	102.193
32410	112.193
32420	95.9181
32430	105.918
32440	89.1129
32450	80.1732
32460	90.1732
32470	100.173
32480	110.173
32490	98.2606
32500	85.5972
32510	95.5972
32520	81.4515
32530	91.4515
32540	79.1647
32550	89.1647
32560	99.1647
32570	87.0033
32580	97.0033
32590	89.3676
32600	99.3676
32610	90.9555
32620	100.955
32630	110.955
32640	100.601
32650	86.0853
32660	96.0853
32670	106.085
32680	90.6289
32690	100.629
32700	81.6978
32710	91.6978
32720	101.698
32730	87.4133
32740	97.4133
32750	107.413
32760	117.413
32770	100.785
32780	86.5715
32790	96.5715
32800	88.2321
32810	98.2321
32820	108.232
32830	97.1395
32840	107.14
32850	93.1744
32860	103.174
32870	92.1572
32880	102.157
32890	112.157
32900	93.4323
32910	81.5961
32920	91.5961
32930	101.596
32940	111.596
32950	99.1865
32960	109.186
32970	119.186
32980	103.453
32990	113.453
33000	123.453
33010	107.895
33020	117.895
33030	99.197
33040	109.197
33050	86.1019
33060	96.1019
33070	80.1937
33080	90.1937
33090	100.194
33100	93.8711
33110	103.871
33120	95.8929
33130	105.893
33140	115.893
33150	105.574
33160	115.574
33170	125.574
33180	106.95
33190	116.95
33200	126.95
33210	107.899
33220	117.899
33230	96.7667
33240	106.767
33250	116.767
33260	98.5129
33270	108.513
33280	96.6197
33290	84.6703
33300	94.6703
33310	81.7864
33320	91.7864
33330	82.1862
33340	92.1862
33350	102.186
33360	91.0235
33370	81.3552
33380	91.3552
33390	77.1456
33400	87.1456
33410	97.1456
33420	84.6199
33430	94.6199
33440	85.1711
33450	95.1711
33460	83.986
33470	93.986
33480	103.986
33490	92.0486
33500	82.4981
33510	92.4981
33520	102.498
33530	89.9632
33540	99.9632
33550	87.2581
33560	97.2581
33570	107.258
33580	95.2193
33590	105.219
33600	115.219
33610	125.219
33620	106.766
33630	116.766
33640	97.5589
33650	107.559
33660	88.5176
33670	98.5176
33680	108.518
33690	95.8815
33700	86.2735
33710	96.2735
33720	106.274
33730	92.2228
33740	102.223
33750	91.956
33760	101.956
33770	91.2307
33780	78.4927
33790	88.4928
33800	98.4927
33810	85.5465
33820	95.5465
33830	105.546
33840	115.546
33850	100.553
33860	82.2544
33870	92.2544
33880	102.254
33890	83.7998
33900	93.7998
33910	82.5803
33920	92.5803
33930	86.1739
33940	96.174
33950	106.174
33960	94.4266
33970	104.427
33980	94.7374
33990	104.737
34000	94.5806
34010	83.5896
34020	93.5896
34030	103.59
34040	90.7414
34050	100.741
34060	86.2808
34070	96.2808
34080	78.5981
34090	88.5981
34100	68.225
34110	78.225
34120	73.7144
34130	83.7144
34140	78.7979
34150	88.7979
34160	81.9904
34170	91.9904
34180	84.7751
34190	94.7751
34200	104.775
34210	91.0407
34220	101.041
34230	86.755
34240	96.755
34250	106.755
34260	94.6172
34270	104.617
34280	114.617
34290	124.617
34300	110.051
34310	94.8164
34320	81.2822
34330	91.2822
34340	101.282
34350	87.1256
34360	97.1256
34370	84.2559
34380	73.9534
34390	83.9534
34400	93.9534
34410	84.6632
34420	94.6632
34430	81.0342
34440	91.0342
34450	101.034
34460	90.8108
34470	100.811
34480	110.811
34490	97.0059
34500	107.006
34510	117.006
34520	102.271
34530	112.271
34540	95.4231
34550	105.423
34560	87.5423
34570	97.5423
34580	84.421
34590	94.421
34600	104.421
34610	93.191
34620	103.191
34630	94.5544
34640	104.554
34650	93.1619
34660	103.162
34670	89.6336
34680	99.6336
34690	109.634
34700	95.478
34710	105.478
34720	90.1416
34730	77.2983
34740	87.2983
34750	97.2983
34760	88.0662
34770	98.0662
34780	86.5786
34790	96.5786
34800	83.9204
34810	75.0199
34820	85.0199
34830	74.5418
34840	84.5418
34850	75.3739
34860	85.3739
34870	95.3739
34880	82.9386
34890	73.7601
34900	83.7601
34910	93.7601
34920	80.5872
34930	90.5872
34940	81.9901
34950	91.9901
34960	78.6009
34970	88.6009
34980	80.4773
34990	90.4773
35000	83.6963
35010	93.6963
35020	86.0975
35030	96.0975
35040	86.2894
35050	96.2894
35060	85.8638
35070	95.8638
35080	80.2587
35090	90.2587
35100	100.259
35110	87.9132
35120	97.9132
35130	107.913
35140	117.913
35150	99.7481
35160	109.748
35170	96.0343
35180	106.034
35190	91.3091
35200	101.309
35210	111.309
35220	91.397
35230	101.397
35240	90.9724
35250	100.972
35260	90.6947
35270	100.695
35280	110.695
35290	101.974
35300	91.9204
35310	101.92
35320	111.92
35330	99.6656
35340	109.666
35350	119.666
35360	99.7001
35370	109.7
35380	88.545
35390	98.545
35400	76.3033
35410	86.3033
35420	96.3033
35430	88.5451
35440	98.5451
35450	88.5644
35460	77.2496
35470	87.2496
35480	97.2496
35490	90.3937
35500	100.394
35510	89.2318
35520	99.2318
35530	109.232
35540	97.8698
35550	107.87
35560	95.2786
35570	105.279
35580	89.7847
35590	99.7847
35600	84.8133
35610	73.1427
35620	83.1427
35630	73.6725
35640	64.1857
35650	74.1857
35660	67.2439
35670	77.2439
35680	87.2439
35690	78.9783
35700	72.6659
35710	82.6659
35720	75.5812
35730	85.5812
35740	95.5812
35750	86.2793
35760	75.1524
35770	85.1524
35780	70.9656
35790	80.9656
35800	90.9656
35810	84.2169
35820	94.2169
35830	104.217
35840	93.2592
35850	103.259
35860	93.0136
35870	103.014
35880	87.5719
35890	97.5719
35900	107.572
35910	95.7313
35920	105.731
35930	115.731
35940	125.731
35950	108.184
35960	118.184
35970	97.667
35980	107.667
35990	94.4084
36000	104.408
