10	11
20	21
30	2
40	2
50	2
60	2
70	4.5
80	14.5
90	24.5
100	21
110	31
120	20
130	30
140	40
150	27.8333
160	37.8333
170	29
180	39
190	49
200	59
210	43.3333
220	30
230	40
240	26.6667
250	36.6667
260	46.6667
270	38.1667
280	48.1667
290	28.5
300	38.5
310	30
320	40
330	50
340	36.9
350	28.35
360	38.35
370	48.35
380	43.8
390	53.8
400	63.8
410	47.1333
420	38.3333
430	48.3333
440	58.3333
450	50.7381
460	60.7381
470	47.2143
480	57.2143
490	49.9048
500	59.9048
510	52.381
520	62.381
530	51.1667
540	61.1667
550	49.1429
560	59.1429
570	53.8619
580	63.8619
590	73.8619
600	67.65
610	77.65
620	63.9346
630	73.9346
640	64.2474
650	74.2474
660	84.2474
670	74.7449
680	84.7449
690	75.9372
700	85.9372
710	95.9372
720	84.091
730	94.091
740	81.1167
750	91.1167
760	101.117
770	90.6628
780	100.663
790	110.663
800	98.809
810	108.809
820	118.809
830	103.288
840	113.288
850	123.288
860	106.613
870	116.613
880	98.9583
890	108.958
900	92.6194
910	102.619
920	87.8999
930	97.8999
940	83.2035
950	93.2035
960	103.204
970	91.9354
980	82.6487
990	92.6487
1000	102.649
1010	112.649
1020	99.312
1030	109.312
1040	92.552
1050	102.552
1060	112.552
1070	97.3317
1080	107.332
1090	94.1072
1100	104.107
1110	92.0011
1120	102.001
1130	112.001
1140	98.1752
1150	108.175
1160	118.175
1170	106.223
1180	116.223
1190	126.223
1200	111.96
1210	121.96
1220	104.112
1230	114.112
1240	93.5718
1250	103.572
1260	85.8413
1270	95.8413
1280	81.6487
1290	91.6487
1300	101.649
1310	90.6817
1320	84.1656
1330	76.8031
1340	86.8031
1350	96.8031
1360	84.9751
1370	94.9751
1380	83.7812
1390	93.7812
1400	103.781
1410	91.804
1420	101.804
1430	111.804
1440	101.301
1450	111.301
1460	99.0629
1470	109.063
1480	95.259
1490	105.259
1500	115.259
1510	97.3816
1520	107.382
1530	89.9922
1540	99.9922
1550	82.8304
1560	75.3856
1570	85.3856
1580	75.4591
1590	66.3971
1600	76.3971
1610	86.3971
1620	76.9853
1630	86.9853
1640	78.1618
1650	88.1618
1660	80.6127
1670	90.6128
1680	82.3284
1690	92.3284
1700	83.8235
1710	93.8235
1720	83.8522
1730	93.8522
1740	103.852
1750	91.1025
1760	101.103
1770	111.103
1780	94.5557
1790	104.556
1800	89.3544
1810	99.3544
1820	89.8516
1830	99.8516
1840	87.8603
1850	97.8603
1860	107.86
1870	117.86
1880	104.321
1890	92.3072
1900	102.307
1910	89.437
1920	99.437
1930	86.4727
1940	96.4727
1950	106.473
1960	90.5214
1970	100.521
1980	88.2978
1990	98.2978
2000	83.8606
2010	93.8606
2020	82.5601
2030	92.5601
2040	102.56
2050	89.192
2060	99.192
2070	84.8459
2080	94.8459
2090	81.3665
2100	91.3665
2110	101.366
2120	90.6718
2130	100.672
2140	89.3702
2150	99.3702
2160	109.37
2170	100.534
2180	110.534
2190	96.9409
2200	106.941
2210	93.6059
2220	103.606
2230	90.6368
2240	100.637
2250	110.637
2260	97.2578
2270	107.258
2280	94.1814
2290	104.181
2300	88.8515
2310	98.8515
2320	83.5671
2330	93.5671
2340	75.6992
2350	85.6992
2360	95.6992
2370	78.8237
2380	88.8237
2390	80.6426
2400	90.6426
2410	84.0388
2420	94.0388
2430	87.0577
2440	97.0577
2450	107.058
2460	94.4162
2470	84.6049
2480	94.6049
2490	104.605
2500	92.268
2510	102.268
2520	112.268
2530	101.675
2540	111.675
2550	121.675
2560	109.196
2570	119.196
2580	104.024
2590	114.024
2600	124.024
2610	106.692
2620	116.692
2630	97.983
2640	107.983
2650	89.1571
2660	99.1571
2670	82.9378
2680	92.9378
2690	102.938
2700	84.1517
2710	94.1518
2720	84.6105
2730	94.6105
2740	104.61
2750	90.3122
2760	100.312
2770	87.5104
2780	97.5104
2790	85.3849
2800	95.3849
2810	105.385
2820	97.3359
2830	107.336
2840	96.9414
2850	106.941
2860	97.7947
2870	107.795
2880	95.6731
2890	105.673
2900	115.673
2910	97.0837
2920	79.8903
2930	89.8903
2940	99.8903
2950	88.1684
2960	98.1684
2970	108.168
2980	92.6068
2990	102.607
3000	112.607
3010	100.909
3020	110.909
3030	94.9517
3040	104.952
3050	90.412
3060	100.412
3070	110.412
3080	94.8026
3090	104.803
3100	90.9819
3110	100.982
3120	89.341
3130	78.0295
3140	88.0295
3150	75.1089
3160	85.1089
3170	95.1089
3180	78.9628
3190	73.0794
3200	83.0794
3210	75.3927
3220	85.3927
3230	78.5075
3240	88.5075
3250	98.5075
3260	88.0235
3270	98.0235
3280	87.4183
3290	97.4183
3300	107.418
3310	95.3419
3320	86.6428
3330	96.6428
3340	85.4369
3350	95.4369
3360	105.437
3370	95.2343
3380	105.234
3390	115.234
3400	102.458
3410	112.458
3420	122.458
3430	107.383
3440	117.383
3450	98.1023
3460	108.102
3470	90.5292
3480	100.529
3490	83.0148
3500	93.0148
3510	78.6466
3520	88.6466
3530	98.6466
3540	89.2543
3550	99.2543
3560	109.254
3570	95.0701
3580	105.07
3590	86.928
3600	96.928
3610	85.7324
3620	95.7323
3630	85.1069
3640	95.1069
3650	85.1069
3660	95.1069
3670	105.107
3680	115.107
3690	104.87
3700	92.5965
3710	102.597
3720	86.667
3730	96.667
3740	106.667
3750	90.756
3760	100.756
3770	91.1769
3780	101.177
3790	90.8796
3800	100.88
3810	88.4236
3820	98.4236
3830	85.4309
3840	95.4309
3850	79.5796
3860	89.5796
3870	71.1932
3880	81.1931
3890	74.6797
3900	84.6797
3910	79.3367
3920	89.3367
3930	82.2096
3940	92.2096
3950	82.0771
3960	92.0771
3970	79.8866
3980	89.8866
3990	99.8866
4000	86.4988
4010	96.4988
4020	85.9321
4030	95.9321
4040	105.932
4050	92.774
4060	102.774
4070	88.7239
4080	81.4729
4090	91.4729
4100	101.473
4110	91.1525
4120	101.152
4130	89.2613
4140	99.2613
4150	83.1815
4160	72.5447
4170	82.5447
4180	92.5447
4190	79.2521
4200	72.5626
4210	82.5626
4220	76.0928
4230	86.0928
4240	76.4352
4250	86.4352
4260	77.0808
4270	87.0808
4280	74.2725
4290	84.2725
4300	94.2725
4310	81.855
4320	91.855
4330	80.6985
4340	90.6985
4350	100.699
4360	91.1973
4370	101.197
4380	111.197
4390	102.452
4400	91.6384
4410	101.638
4420	111.638
4430	100.302
4440	86.3256
4450	96.3256
4460	84.1131
4470	94.1131
4480	81.2735
4490	91.2735
4500	78.411
4510	88.411
4520	76.7672
4530	86.7672
4540	72.8103
4550	82.8103
4560	71.0571
4570	81.0571
4580	91.0571
4590	101.057
4600	94.4059
4610	104.406
4620	114.406
4630	101.522
4640	111.522
4650	101.726
4660	111.726
4670	121.726
4680	108.392
4690	118.392
4700	128.392
4710	111.726
4720	95.5098
4730	105.51
4740	90.4722
4750	100.472
4760	83.7888
4770	93.7888
4780	103.789
4790	85.4205
4800	95.4205
4810	83.2136
4820	93.2136
4830	103.214
4840	90.3145
4850	100.315
4860	110.315
4870	99.4581
4880	109.458
4890	119.458
4900	107.458
4910	117.458
4920	127.458
4930	111.857
4940	121.857
4950	106.715
4960	116.715
4970	98.9314
4980	108.931
4990	118.931
5000	101.223
5010	111.223
5020	92.0951
5030	102.095
5040	112.095
5050	95.1571
5060	81.399
5070	91.399
5080	82.3016
5090	92.3016
5100	84.5326
5110	94.5326
5120	104.533
5130	92.4387
5140	81.9155
5150	70.504
5160	80.504
5170	90.504
5180	79.1105
5190	89.1105
5200	78.2572
5210	88.2572
5220	73.3593
5230	83.3593
5240	75.0137
5250	85.0137
5260	77.4283
5270	87.4283
5280	79.72
5290	89.7199
5300	82.5324
5310	92.5324
5320	102.532
5330	93.3522
5340	103.352
5350	89.9751
5360	99.9751
5370	88.3042
5380	98.3042
5390	86.6684
5400	96.6684
5410	106.668
5420	93.4843
5430	103.484
5440	85.5614
5450	95.5614
5460	105.561
5470	93.5853
5480	103.585
5490	92.2681
5500	102.268
5510	88.1827
5520	98.1827
5530	85.6159
5540	95.6159
5550	105.616
5560	96.9936
5570	106.994
5580	116.994
5590	101.43
5600	111.43
5610	96.237
5620	106.237
5630	89.731
5640	99.731
5650	109.731
5660	72.3649
5670	82.3649
5680	71.5531
5690	81.5531
5700	73.0231
5710	83.0231
5720	93.0231
5730	81.6958
5740	91.6958
5750	82.0943
5760	92.0943
5770	102.094
5780	92.3111
5790	102.311
5800	112.311
5810	97.317
5820	107.317
5830	117.317
5840	103.232
5850	113.232
5860	96.5593
5870	106.559
5880	90.9336
5890	100.934
5900	110.934
5910	96.796
5920	106.796
5930	92.7385
5940	80.9426
5950	90.9426
5960	83.2005
5970	93.2005
5980	103.201
5990	92.7239
6000	102.724
6010	112.724
6020	96.0058
6030	106.006
6040	89.3189
6050	99.3189
6060	82.7778
6070	92.7778
6080	79.4444
6090	89.4444
6100	80.0926
6110	90.0926
6120	82.5
6130	92.5
6140	82.5
6150	92.5
6160	82.5303
6170	92.5303
6180	83.234
6190	93.234
6200	103.234
6210	91.9461
6220	101.946
6230	87.2882
6240	97.2882
6250	83.62
6260	93.62
6270	82.7133
6280	92.7133
6290	102.713
6300	90.1183
6310	100.118
6320	87.6266
6330	97.6266
6340	87.0698
6350	78.4738
6360	88.4738
6370	98.4738
6380	87.9904
6390	97.9904
6400	107.99
6410	95.9706
6420	105.971
6430	115.971
6440	101.84
6450	86.4474
6460	96.4474
6470	106.447
6480	91.3177
6490	101.318
6500	88.9012
6510	78.4351
6520	88.4351
6530	79.9357
6540	89.9357
6550	99.9357
6560	86.382
6570	96.382
6580	83.82
6590	72.9752
6600	82.9752
6610	92.9752
6620	80.6612
6630	90.6612
6640	79.8518
6650	89.8518
6660	83.5135
6670	93.5135
6680	84.854
6690	94.854
6700	82.9657
6710	92.9657
6720	102.966
6730	87.0806
6740	97.0806
6750	107.081
6760	94.3796
6770	85.1993
6780	95.1993
6790	84.2916
6800	94.2916
6810	82.5452
6820	92.5452
6830	102.545
6840	90.8474
6850	100.847
6860	110.847
6870	96.391
6880	106.391
6890	92.4955
6900	102.495
6910	90.1571
6920	100.157
6930	110.157
6940	95.5129
6950	105.513
6960	95.0351
6970	105.035
6980	92.73
6990	102.73
7000	112.73
7010	98.5969
7020	108.597
7030	118.597
7040	98.6769
7050	83.68
7060	93.68
7070	103.68
7080	92.4
7090	80.8
7100	90.8
7110	100.8
7120	88.4403
7130	98.4403
7140	86.6249
7150	96.6249
7160	84.7025
7170	94.7025
7180	80.2853
7190	90.2853
7200	100.285
7210	91.2744
7220	82.4888
7230	92.4888
7240	102.489
7250	90.8464
7260	100.846
7270	110.846
7280	95.7837
7290	105.784
7300	115.784
7310	100.521
7320	110.521
7330	94.7892
7340	104.789
7350	88.5734
7360	98.5734
7370	86.4304
7380	96.4304
7390	86.7547
7400	96.7547
7410	86.6674
7420	96.6674
7430	86.2064
7440	96.2064
7450	106.206
7460	116.206
7470	101.038
7480	84.5755
7490	94.5755
7500	84.1448
7510	94.1448
7520	82.0469
7530	92.0469
7540	78.8605
7550	88.8605
7560	98.8605
7570	83.9346
7580	93.9346
7590	85.0101
7600	95.0101
7610	86.7078
7620	96.7078
7630	106.708
7640	96.5289
7650	106.529
7660	116.529
7670	102.942
7680	112.942
7690	122.942
7700	106.135
7710	116.135
7720	126.135
7730	111.057
7740	121.057
7750	103.77
7760	113.77
7770	123.77
7780	104.575
7790	114.575
7800	92.4689
7810	102.469
7820	94.5566
7830	104.557
7840	114.557
7850	124.557
7860	111.484
7870	121.484
7880	107.552
7890	117.552
7900	103.118
7910	113.118
7920	123.118
7930	103.768
7940	113.768
7950	95.4524
7960	105.452
7970	115.452
7980	102.723
7990	112.723
8000	99.1635
8010	109.163
8020	119.163
8030	102.797
8040	112.797
8050	122.797
8060	103.022
8070	113.022
8080	123.022
8090	100.26
8100	110.26
8110	91.689
8120	101.689
8130	111.689
8140	100.331
8150	110.331
8160	120.331
8170	107.136
8180	117.136
8190	105.373
8200	115.373
8210	101.17
8220	111.17
8230	121.17
8240	104.331
8250	114.331
8260	124.331
8270	108.402
8280	118.402
8290	98.4673
8300	108.467
8310	118.467
8320	94.9474
8330	104.947
8340	94.1336
8350	104.134
8360	89.7117
8370	99.7117
8380	88.4413
8390	98.4413
8400	86.1446
8410	96.1446
8420	106.145
8430	91.7512
8440	101.751
8450	111.751
8460	121.751
8470	104.875
8480	114.875
8490	98.4675
8500	108.468
8510	118.468
8520	101.715
8530	111.715
8540	97.2029
8550	107.203
8560	92.9154
8570	102.915
8580	91.0752
8590	101.075
8600	111.075
8610	98.0262
8620	108.026
8630	118.026
8640	128.026
8650	111.633
8660	121.633
8670	102.878
8680	112.878
8690	94.8352
8700	104.835
8710	114.835
8720	97.9114
8730	107.911
8740	117.911
8750	102.685
8760	112.685
8770	102.312
8780	112.312
8790	122.312
8800	108.408
8810	118.408
8820	128.408
8830	112.456
8840	122.456
8850	132.456
8860	111.549
8870	121.549
8880	100.062
8890	110.062
8900	90.193
8910	100.193
8920	90.1255
8930	100.125
8940	110.125
8950	100.121
8960	88.611
8970	98.611
8980	108.611
8990	118.611
9000	103.962
9010	113.962
9020	123.962
9030	105.695
9040	115.695
9050	95.4255
9060	105.425
9070	115.425
9080	90.5414
9090	100.541
9100	89.7057
9110	99.7057
9120	90.9383
9130	100.938
9140	89.4957
9150	99.4958
9160	109.496
9170	119.496
9180	107.685
9190	117.685
9200	127.685
9210	112.652
9220	122.652
9230	104.382
9240	114.382
9250	124.382
9260	102.881
9270	112.881
9280	94.9079
9290	104.908
9300	114.908
9310	100.85
9320	110.85
9330	96.8134
9340	106.813
9350	116.813
9360	105.127
9370	115.127
9380	125.127
9390	135.127
9400	118.801
9410	128.801
9420	109.042
9430	119.042
9440	129.042
9450	105.869
9460	87.2032
9470	97.2032
9480	87.7789
9490	97.7789
9500	107.779
9510	95.0677
9520	84.8717
9530	94.8717
9540	104.872
9550	114.872
9560	100.868
9570	110.868
9580	95.0672
9590	105.067
9600	87.5228
9610	97.5228
9620	78.0556
9630	88.0556
9640	79.9095
9650	89.9095
9660	80.594
9670	90.594
9680	100.594
9690	91.4123
9700	101.412
9710	90.6322
9720	81.6764
9730	91.6764
9740	101.676
9750	88.7338
9760	98.7338
9770	85.4504
9780	73.9109
9790	83.9109
9800	93.9109
9810	84.1435
9820	94.1435
9830	82.2085
9840	92.2085
9850	102.208
9860	88.5057
9870	98.5057
9880	85.6987
9890	95.6987
9900	105.699
9910	93.4696
9920	103.47
9930	113.47
9940	99.5351
9950	109.535
9960	119.535
9970	106.637
9980	116.637
9990	105.687
10000	115.687
10010	102.194
10020	112.194
10030	96.6642
10040	106.664
10050	87.1267
10060	97.1267
10070	107.127
10080	92.7821
10090	80.583
10100	90.583
10110	100.583
10120	85.3155
10130	76.8018
10140	86.8018
10150	78.5163
10160	88.5163
10170	77.3436
10180	87.3436
10190	77.3104
10200	87.3104
10210	77.5212
10220	87.5212
10230	76.8651
10240	86.8651
10250	96.8651
10260	87.0742
10270	79.0524
10280	89.0524
10290	99.0524
10300	86.453
10310	96.453
10320	106.453
10330	95.3059
10340	105.306
10350	94.049
10360	104.049
10370	91.941
10380	101.941
10390	87.8983
10400	97.8983
10410	84.664
10420	94.664
10430	82.2751
10440	92.2751
10450	102.275
10460	112.275
10470	97.8231
10480	107.823
10490	117.823
10500	103.611
10510	113.611
10520	101.444
10530	111.444
10540	98.9444
10550	108.944
10560	95.7222
10570	105.722
10580	89.2778
10590	99.2778
10600	109.278
10610	88.2959
10620	98.2959
10630	86.5348
10640	96.5348
10650	106.535
10660	116.535
10670	102.02
10680	112.02
10690	122.02
10700	108.208
10710	118.208
10720	104.622
10730	114.622
10740	100.03
10750	110.03
10760	94.9327
10770	104.933
10780	114.933
10790	94.3848
10800	79.6259
10810	89.6259
10820	99.6259
10830	89.5572
10840	99.5572
10850	109.557
10860	96.0696
10870	106.07
10880	116.07
10890	102.916
10900	112.916
10910	99.7807
10920	109.781
10930	97.0159
10940	107.016
10950	117.016
10960	98.7364
10970	108.736
10980	89.9709
10990	99.9709
11000	109.971
11010	98.0251
11020	108.025
11030	118.025
11040	102.292
11050	112.292
11060	122.292
11070	104.874
11080	114.874
11090	99.9566
11100	109.957
11110	94.9034
11120	104.903
11130	88.4366
11140	98.4366
11150	85.2552
11160	95.2552
11170	105.255
11180	94.9639
11190	104.964
11200	114.964
11210	124.964
11220	108.891
11230	118.891
11240	103.208
11250	113.208
11260	123.208
11270	107.73
11280	117.73
11290	98.1769
11300	108.177
11310	118.177
11320	104.365
11330	114.365
11340	99.6849
11350	109.685
11360	96.2148
11370	106.215
11380	116.215
11390	101.548
11400	111.548
11410	121.548
11420	102.161
11430	112.161
11440	122.161
11450	100.577
11460	110.577
11470	90.4381
11480	100.438
11490	110.438
11500	95.4036
11510	105.404
11520	94.044
11530	104.044
11540	114.044
11550	103.119
11560	92.3297
11570	102.33
11580	112.33
11590	98.4197
11600	86.1747
11610	96.1747
11620	80.9802
11630	90.9802
11640	77.4507
11650	87.4507
11660	75.3435
11670	85.3435
11680	76.4137
11690	86.4137
11700	96.4137
11710	84.2773
11720	94.2773
11730	85.1219
11740	95.1219
11750	83.4451
11760	93.4451
11770	103.445
11780	113.445
11790	98.9337
11800	108.934
11810	118.934
11820	105.832
11830	115.832
11840	104.556
11850	93.9196
11860	103.92
11870	91.4361
11880	101.436
11890	88.253
11900	98.253
11910	82.0539
11920	68.3827
11930	78.3827
11940	88.3827
11950	78.7337
11960	88.7337
11970	98.7337
11980	108.734
11990	94.4159
12000	82.1182
12010	92.1182
12020	102.118
12030	91.579
12040	101.579
12050	89.0753
12060	99.0753
12070	85.1233
12080	95.1233
12090	105.123
12100	96.6535
12110	106.654
12120	116.654
12130	103.847
12140	113.847
12150	123.847
12160	133.847
12170	118.499
12180	101.475
12190	111.475
12200	121.475
12210	105.322
12220	115.322
12230	96.654
12240	79.1304
12250	89.1304
12260	99.1304
12270	84.7891
12280	94.7891
12290	84.5939
12300	94.5939
12310	104.594
12320	93.5659
12330	103.566
12340	89.6406
12350	99.6406
12360	87.9117
12370	97.9117
12380	107.912
12390	92.5037
12400	102.504
12410	90.7723
12420	100.772
12430	110.772
12440	99.8443
12450	109.844
12460	98.4468
12470	108.447
12480	118.447
12490	128.447
12500	113.296
12510	97.9549
12520	107.955
12530	92.2819
12540	102.282
12550	112.282
12560	93.472
12570	103.472
12580	83.5013
12590	93.5013
12600	83.5031
12610	93.5031
12620	103.503
12630	92.311
12640	102.311
12650	112.311
12660	99.1259
12670	85.2007
12680	95.2007
12690	85.8332
12700	95.8332
12710	105.833
12720	93.1905
12730	103.191
12740	88.4132
12750	98.4132
12760	87.4539
12770	97.4539
12780	85.39
12790	95.39
12800	83.0275
12810	93.0275
12820	103.028
12830	113.028
12840	97.3717
12850	107.372
12860	117.372
12870	99.3879
12880	109.388
12890	95.6042
12900	105.604
12910	115.604
12920	98.0941
12930	108.094
12940	95.4905
12950	105.49
12960	93.7053
12970	103.705
12980	113.705
12990	102.083
13000	112.083
13010	99.9894
13020	109.989
13030	119.989
13040	105.677
13050	115.677
13060	125.677
13070	135.677
13080	116.844
13090	126.844
13100	107.142
13110	117.142
13120	127.142
13130	104.793
13140	114.793
13150	91.3936
13160	101.394
13170	85.6667
13180	95.6667
13190	87.296
13200	97.296
13210	107.296
13220	94.86
13230	104.86
13240	114.86
13250	124.86
13260	110.638
13270	120.638
13280	105.683
13290	115.683
13300	99.6697
13310	109.67
13320	119.67
13330	76.3043
13340	86.3043
13350	96.3043
13360	83.3766
13370	93.3766
13380	103.377
13390	92.1732
13400	102.173
13410	112.173
13420	101.314
13430	111.314
13440	97.4225
13450	107.422
13460	92.0811
13470	102.081
13480	112.081
13490	92.9211
13500	102.921
13510	83.827
13520	93.827
13530	83.0648
13540	93.0648
13550	103.065
13560	92.2111
13570	102.211
13580	112.211
13590	102.577
13600	112.577
13610	100.327
13620	110.327
13630	120.327
13640	105.279
13650	115.279
13660	99.2787
13670	109.279
13680	91.9982
13690	101.998
13700	86.0911
13710	96.0911
13720	82.7203
13730	92.7203
13740	102.72
13750	89.736
13760	99.736
13770	109.736
13780	96.933
13790	106.933
13800	116.933
13810	103.714
13820	113.714
13830	97.6624
13840	107.662
13850	90.3033
13860	79.0417
13870	89.0417
13880	99.0417
13890	88.0525
13900	98.0525
13910	88.6061
13920	98.6061
13930	108.606
13940	96.9061
13950	106.906
13960	92.1805
13970	102.181
13980	112.181
13990	97.3865
14000	107.387
14010	90.4711
14020	100.471
14030	81.9056
14040	91.9056
14050	101.906
14060	90.7591
14070	100.759
14080	90.0755
14090	100.076
14100	110.076
14110	120.076
14120	107.433
14130	117.433
14140	104.129
14150	114.129
14160	101.042
14170	89.0579
14180	99.0579
14190	109.058
14200	93.5242
14210	103.524
14220	88.3182
14230	98.3182
14240	85.9292
14250	95.9292
14260	105.929
14270	93.1047
14280	103.105
14290	113.105
14300	97.9546
14310	107.955
14320	89.9613
14330	99.9613
14340	83.1955
14350	93.1956
14360	103.196
14370	90.1401
14380	100.14
14390	92.2012
14400	102.201
14410	112.201
14420	100.082
14430	110.082
14440	100.019
14450	110.019
14460	120.019
14470	106.302
14480	116.302
14490	126.302
14500	136.302
14510	117.014
14520	127.014
14530	104.383
14540	114.383
14550	91.3634
14560	101.363
14570	83.8929
14580	93.8929
14590	82.8485
14600	92.8485
14610	102.848
14620	94.8313
14630	104.831
14640	114.831
14650	103.753
14660	113.753
14670	123.753
14680	133.753
14690	118.402
14700	128.402
14710	110.371
14720	120.371
14730	102.371
14740	112.371
14750	94.5965
14760	104.597
14770	87.4254
14780	97.4254
14790	81.8865
14800	91.8865
14810	101.886
14820	92.1745
14830	102.175
14840	112.175
14850	99.3382
14860	109.338
14870	94.0951
14880	104.095
14890	89.4659
14900	77.4027
14910	87.4027
14920	97.4026
14930	85.8935
14940	95.8935
14950	85.6301
14960	95.6301
14970	85.7784
14980	95.7784
14990	85.8368
15000	95.8368
15010	105.837
15020	92.8861
15030	102.886
15040	112.886
15050	94.7214
15060	104.721
15070	114.721
15080	95.2783
15090	105.278
15100	92.6347
15110	102.635
15120	91.3138
15130	101.314
15140	89.6709
15150	99.6709
15160	88.6142
15170	98.6142
15180	108.614
15190	96.8511
15200	85.9057
15210	95.9057
15220	105.906
15230	92.0439
15240	102.044
15250	112.044
15260	94.1623
15270	104.162
15280	114.162
15290	99.0676
15300	109.068
15310	94.7223
15320	104.722
15330	114.722
15340	97.3674
15350	107.367
15360	90.5613
15370	100.561
15380	91.6675
15390	101.668
15400	90.1162
15410	100.116
15420	88.3819
15430	98.3819
15440	108.382
15450	95.9072
15460	105.907
15470	115.907
15480	101.07
15490	111.07
15500	94.1365
15510	104.137
15520	88.6497
15530	98.6497
15540	108.65
15550	92.8567
15560	102.857
15570	86.3561
15580	96.3561
15590	106.356
15600	95.3402
15610	105.34
15620	115.34
15630	125.34
15640	113.186
15650	123.186
15660	133.186
15670	118.651
15680	128.651
15690	111.57
15700	121.57
15710	101.049
15720	111.049
15730	96.2908
15740	106.291
15750	88.6007
15760	98.6007
15770	81.4291
15780	91.4291
15790	101.429
15800	88.0561
15810	80.2086
15820	90.2086
15830	80.3548
15840	90.3549
15850	100.355
15860	85.6627
15870	95.6627
15880	85.5544
15890	74.2165
15900	84.2165
15910	76.6857
15920	86.6857
15930	78.6681
15940	88.6681
15950	98.6681
15960	89.5043
15970	79.9903
15980	89.9903
15990	99.9903
16000	86.2589
16010	96.2589
16020	79.9643
16030	89.9643
16040	99.9643
16050	85.3417
16060	95.3416
16070	85.3581
16080	95.3581
16090	105.358
16100	96.5214
16110	106.521
16120	95.9961
16130	105.996
16140	115.996
16150	104.577
16160	114.577
16170	101.009
16180	111.009
16190	121.009
16200	104.715
16210	114.715
16220	124.715
16230	106.688
16240	116.688
16250	126.688
16260	107.423
16270	117.423
16280	101.479
16290	111.479
16300	96.697
16310	106.697
16320	91.3588
16330	101.359
16340	111.359
16350	96.7069
16360	106.707
16370	93.1558
16380	79.9979
16390	89.9979
16400	99.9979
16410	84.9825
16420	94.9824
16430	104.982
16440	91.908
16450	101.908
16460	89.8212
16470	99.8212
16480	89.6231
16490	99.6231
16500	88.5309
16510	98.5309
16520	85.2204
16530	95.2204
16540	80.3344
16550	90.3344
16560	80.8692
16570	90.8692
16580	100.869
16590	89.2652
16600	99.2652
16610	109.265
16620	119.265
16630	106.82
16640	116.82
16650	104.05
16660	114.05
16670	99.4937
16680	109.494
16690	119.494
16700	104.344
16710	87.8158
16720	97.8158
16730	80.628
16740	90.628
16750	78.4694
16760	88.4694
16770	98.4694
16780	85.2041
16790	95.2041
16800	87.3469
16810	97.3469
16820	87.9391
16830	97.9391
16840	107.939
16850	96.0746
16860	83.6447
16870	93.6447
16880	79.7439
16890	89.7439
16900	99.7439
16910	86.0021
16920	96.0021
16930	106.002
16940	96.5448
16950	106.545
16960	116.545
16970	106.144
16980	116.144
16990	103.816
17000	113.816
17010	99.0541
17020	109.054
17030	94.4927
17040	104.493
17050	87.6657
17060	97.6657
17070	77.661
17080	87.661
17090	97.661
17100	107.661
17110	96.589
17120	106.589
17130	97.2602
17140	107.26
17150	95.6494
17160	105.649
17170	115.649
17180	100.784
17190	110.784
17200	120.784
17210	105.61
17220	115.61
17230	100.26
17240	110.26
17250	91.903
17260	81.8566
17270	91.8566
17280	101.857
17290	89.2118
17300	99.2118
17310	109.212
17320	92.9941
17330	102.994
17340	112.994
17350	96.5212
17360	106.521
17370	91.8
17380	101.8
17390	89.4234
17400	99.4234
17410	84.4142
17420	94.4142
17430	104.414
17440	95.2884
17450	105.288
17460	115.288
17470	102.062
17480	112.062
17490	122.062
17500	103.547
17510	113.547
17520	123.547
17530	109.939
17540	119.939
17550	106.172
17560	116.172
17570	100.445
17580	110.445
17590	92.7567
17600	102.757
17610	81.7702
17620	91.7702
17630	80.8479
17640	90.8479
17650	100.848
17660	110.848
17670	95.2436
17680	105.244
17690	115.244
17700	103.911
17710	113.911
17720	123.911
17730	112.669
17740	122.669
17750	109.766
17760	119.766
17770	104.775
17780	114.775
17790	97.4406
17800	107.441
17810	88.3706
17820	98.3706
17830	80.6926
17840	90.6926
17850	100.693
17860	86.7349
17870	96.7349
17880	88.7262
17890	98.7262
17900	108.726
17910	96.9206
17920	106.921
17930	94.0802
17940	104.08
17950	114.08
17960	100.075
17970	85.8596
17980	95.8596
17990	82.5633
18000	92.5633
18010	102.563
18020	92.6272
18030	102.627
18040	112.627
18050	101.485
18060	111.485
18070	96.4551
18080	106.455
18090	90.982
18100	100.982
18110	87.0595
18120	97.0595
18130	107.059
18140	90.266
18150	100.266
18160	84.825
18170	94.825
18180	104.825
18190	114.825
18200	102.463
18210	112.463
18220	122.463
18230	107.53
18240	117.53
18250	105.165
18260	93.6982
18270	103.698
18280	90.564
18290	100.564
18300	110.564
18310	95.008
18320	105.008
18330	90.9819
18340	100.982
18350	85.0485
18360	95.0485
18370	105.049
18380	91.9212
18390	101.921
18400	111.921
18410	96.1641
18420	106.164
18430	116.164
18440	95.7688
18450	105.769
18460	93.5561
18470	103.556
18480	94.8226
18490	104.823
18500	114.823
18510	102.657
18520	112.657
18530	99.3994
18540	109.399
18550	96.2755
18560	106.276
18570	116.276
18580	100.241
18590	110.241
18600	94.5742
18610	104.574
18620	114.574
18630	97.8518
18640	107.852
18650	117.852
18660	103.193
18670	89.784
18680	99.784
18690	109.784
18700	92.8499
18710	102.85
18720	83.4135
18730	93.4135
18740	81.0904
18750	91.0904
18760	83.9787
18770	93.9787
18780	103.979
18790	94.8384
18800	104.838
18810	114.838
18820	101.582
18830	111.582
18840	121.582
18850	108.351
18860	118.351
18870	103.691
18880	113.691
18890	96.4374
18900	106.437
18910	86.8832
18920	96.8832
18930	76.7764
18940	86.7764
18950	96.7764
18960	87.7997
18970	97.7997
18980	107.8
18990	97.1672
19000	107.167
19010	97.7819
19020	107.782
19030	117.782
19040	107.521
19050	117.521
19060	103.387
19070	113.387
19080	96.761
19090	106.761
19100	88.1321
19110	98.1321
19120	108.132
19130	86.4183
19140	96.4183
19150	106.418
19160	95.9931
19170	105.993
19180	115.993
19190	103.885
19200	113.885
19210	99.7724
19220	109.772
19230	95.8589
19240	105.859
19250	115.859
19260	97.4368
19270	107.437
19280	93.7157
19290	103.716
19300	88.6501
19310	98.6501
19320	108.65
19330	95.1493
19340	105.149
19350	115.149
19360	125.149
19370	109.748
19380	119.748
19390	129.748
19400	116.085
19410	126.085
19420	110.585
19430	120.585
19440	130.585
19450	110.357
19460	120.357
19470	100.279
19480	110.279
19490	91.656
19500	101.656
19510	85.7002
19520	77.4568
19530	87.4568
19540	97.4568
19550	107.457
19560	95.1297
19570	85.4104
19580	95.4104
19590	105.41
19600	91.7579
19610	101.758
19620	87.7912
19630	97.7912
19640	107.791
19650	89.4296
19660	99.4296
19670	89.8338
19680	79.7755
19690	89.7755
19700	99.7755
19710	88.6106
19720	98.6106
19730	84.8514
19740	94.8514
19750	104.851
19760	89.5268
19770	99.5268
19780	89.1041
19790	99.1041
19800	87.3622
19810	97.3622
19820	107.362
19830	96.2182
19840	106.218
19850	116.218
19860	103.106
19870	89.4535
19880	99.4535
19890	109.454
19900	95.8645
19910	105.864
19920	90.4479
19930	100.448
19940	85.0427
19950	95.0427
19960	105.043
19970	89.99
19980	99.99
19990	86.9656
20000	96.9656
20010	88.8082
20020	80.2256
20030	90.2256
20040	100.226
20050	89.4974
20060	99.4974
20070	85.5244
20080	95.5244
20090	81.7309
20100	69.9757
20110	79.9757
20120	89.9757
20130	83.1257
20140	93.1257
20150	85.5827
20160	95.5827
20170	86.3489
20180	96.3489
20190	85.4381
20200	95.4381
20210	105.438
20220	91.0267
20230	101.027
20240	84.9847
20250	69.4162
20260	79.4162
20270	89.4162
20280	81.1841
20290	91.1841
20300	85.2226
20310	95.2226
20320	105.223
20330	96.1169
20340	106.117
20350	116.117
20360	103.367
20370	113.367
20380	123.367
20390	108.993
20400	118.993
20410	128.993
20420	112.478
20430	122.478
20440	102.071
20450	83.5325
20460	93.5325
20470	103.533
20480	88.8229
20490	98.8229
20500	85.9832
20510	95.9832
20520	83.5352
20530	93.5352
20540	103.535
20550	93.7971
20560	103.797
20570	113.797
20580	123.797
20590	109.665
20600	119.665
20610	129.665
20620	110.628
20630	95.9389
20640	105.939
20650	115.939
20660	100.015
20670	85.5297
20680	95.5297
20690	79.7223
20700	89.7223
20710	77.4738
20720	87.4738
20730	97.4738
20740	87.7862
20750	97.7862
20760	107.786
20770	96.2585
20780	106.259
20790	116.259
20800	103.115
20810	113.115
20820	97.3534
20830	107.353
20840	117.353
20850	102.656
20860	112.656
20870	100.43
20880	110.43
20890	120.43
20900	104.263
20910	114.263
20920	99.9963
20930	109.996
20940	93.2156
20950	81.7729
20960	91.7729
20970	101.773
20980	86.0665
20990	96.0665
21000	106.066
21010	87.5623
21020	77.9501
21030	87.9501
21040	97.9501
21050	85.5125
21060	95.5125
21070	87.2299
21080	97.2299
21090	107.23
21100	98.6207
21110	108.621
21120	96.1445
21130	106.145
21140	116.145
21150	126.145
21160	111.165
21170	121.165
21180	131.165
21190	114.877
21200	124.877
21210	103.93
21220	85.1477
21230	95.1478
21240	105.148
21250	90.3519
21260	100.352
21270	86.2046
21280	96.2046
21290	84.2815
21300	94.2815
21310	104.282
21320	93.6742
21330	103.674
21340	113.674
21350	123.674
21360	109.692
21370	119.692
21380	129.692
21390	110.545
21400	95.995
21410	105.995
21420	91.2508
21430	101.251
21440	86.7138
21450	96.7138
21460	80.8469
21470	90.8469
21480	79.1911
21490	89.1911
21500	81.1818
21510	91.1818
21520	101.182
21530	111.182
21540	99.7917
21550	109.792
21560	119.792
21570	105.166
21580	115.166
21590	98.9701
21600	108.97
21610	95.4979
21620	105.498
21630	94.5154
21640	104.515
21650	114.515
21660	97.9809
21670	107.981
21680	94.8062
21690	104.806
21700	89.7235
21710	99.7235
21720	109.724
21730	93.5309
21740	103.531
21750	113.531
21760	97.6676
21770	107.668
21780	117.668
21790	99.9182
21800	86.7878
21810	96.7878
21820	106.788
21830	92.0137
21840	102.014
21850	92.8215
21860	102.822
21870	112.822
21880	98.0923
21890	108.092
21900	95.1247
21910	105.125
21920	115.125
21930	101.193
21940	111.193
21950	96.5132
21960	82.9305
21970	92.9305
21980	102.931
21990	86.0785
22000	96.0785
22010	106.079
22020	92.4156
22030	102.416
22040	86.1578
22050	96.1578
22060	106.158
22070	96.371
22080	106.371
22090	93.3242
22100	83.4765
22110	93.4765
22120	81.0748
22130	91.0748
22140	81.1067
22150	91.1067
22160	101.107
22170	90.03
22180	100.03
22190	110.03
22200	93.8933
22210	103.893
22220	89.1195
22230	99.1195
22240	109.12
22250	92.5963
22260	102.596
22270	89.4404
22280	99.4404
22290	109.44
22300	94.367
22310	104.367
22320	94.6116
22330	104.612
22340	114.612
22350	103.354
22360	113.354
22370	123.354
22380	110.678
22390	120.678
22400	105.615
22410	91.2049
22420	101.205
22430	111.205
22440	94.1229
22450	104.123
22460	91.0554
22470	101.055
22480	86.107
22490	96.107
22500	106.107
22510	88.4897
22520	78.4974
22530	88.4974
22540	98.4974
22550	83.4277
22560	93.4277
22570	85.1436
22580	75.4047
22590	85.4047
22600	95.4047
22610	84.5527
22620	94.5527
22630	83.8135
22640	93.8135
22650	85.0288
22660	76.6824
22670	86.6824
22680	77.1823
22690	66.9556
22700	76.9556
22710	86.9556
22720	96.9556
22730	82.3463
22740	75.9635
22750	85.9635
22760	77.6042
22770	87.6042
22780	97.6042
22790	85.4852
22800	72.1769
22810	82.1769
22820	92.1769
22830	85.0244
22840	77.0985
22850	87.0985
22860	97.0985
22870	84.2139
22880	94.2139
22890	85.2038
22900	95.2038
22910	105.204
22920	95.715
22930	105.715
22940	92.5068
22950	102.507
22960	88.7353
22970	98.7353
22980	85.5978
22990	76.0376
23000	86.0376
23010	96.0376
23020	84.4149
23030	71.8154
23040	81.8154
23050	91.8154
23060	82.0003
23070	92.0003
23080	102
23090	91.3825
23100	101.382
23110	90.4954
23120	100.495
23130	87.7676
23140	97.7676
23150	107.768
23160	96.1747
23170	106.175
23180	96.1104
23190	106.11
23200	92.8459
23210	102.846
23220	112.846
23230	99.0635
23240	84.1991
23250	94.1991
23260	104.199
23270	91.496
23280	101.496
23290	86.5802
23300	96.5802
23310	106.58
23320	88.8892
23330	98.8892
23340	85.4252
23350	95.4252
23360	87.5013
23370	97.5013
23380	107.501
23390	99.3377
23400	109.338
23410	96.3841
23420	106.384
23430	93.5993
23440	103.599
23450	88.6199
23460	98.6199
23470	108.62
23480	92.7097
23490	77.4091
23500	87.4091
23510	97.4091
23520	83.2154
23530	93.2154
23540	81.9735
23550	72.8612
23560	82.8612
23570	92.8612
23580	85.911
23590	95.911
23600	87.4398
23610	97.4398
23620	107.44
23630	96.2196
23640	106.22
23650	116.22
23660	126.22
23670	110.064
23680	97.5079
23690	107.508
23700	117.508
23710	99.8674
23720	109.867
23730	93.8394
23740	103.839
23750	113.839
23760	97.0865
23770	107.086
23780	93.8531
23790	103.853
23800	89.155
23810	78.0775
23820	88.0775
23830	98.0775
23840	84.6865
23850	94.6865
23860	104.687
23870	88.8455
23880	98.8455
23890	87.2215
23900	97.2215
23910	84.8714
23920	94.8714
23930	104.871
23940	94.2946
23950	104.295
23960	95.9801
23970	105.98
23980	115.98
23990	104.774
24000	92.6304
24010	102.63
24020	112.63
24030	96.2675
24040	106.268
24050	87.2878
24060	97.2878
24070	77.1783
24080	87.1783
24090	97.1783
24100	83.6135
24110	93.6135
24120	87.1367
24130	97.1367
24140	90.355
24150	100.355
24160	91.9613
24170	101.961
24180	111.961
24190	99.858
24200	109.858
24210	93.9671
24220	103.967
24230	87.1429
24240	73.6684
24250	83.6684
24260	93.6684
24270	82.6502
24280	92.6502
24290	84.9737
24300	94.9737
24310	85.7811
24320	77.2991
24330	87.2991
24340	97.2991
24350	84.5835
24360	94.5835
24370	104.584
24380	88.439
24390	71.7936
24400	81.7936
24410	91.7936
24420	83.2833
24430	93.2832
24440	87.8664
24450	97.8665
24460	107.866
24470	99.2543
24480	88.0379
24490	98.0379
24500	86.4823
24510	96.4823
24520	83.3878
24530	93.3878
24540	103.388
24550	86.6165
24560	72.089
24570	82.089
24580	92.089
24590	80.7523
24600	90.7523
24610	79.6969
24620	74.33
24630	84.33
24640	94.33
24650	87.2033
24660	97.2034
24670	87.1244
24680	97.1244
24690	107.124
24700	96.1735
24710	106.174
24720	116.174
24730	126.174
24740	113.35
24750	123.35
24760	106.325
24770	116.325
24780	98.9733
24790	108.973
24800	92.2055
24810	102.205
24820	112.205
24830	95.0419
24840	105.042
24850	91.4509
24860	101.451
24870	86.5478
24880	75.7818
24890	85.7818
24900	95.7818
24910	84.9222
24920	94.9222
24930	104.922
24940	90.5572
24950	80.349
24960	90.349
24970	78.2258
24980	88.2258
24990	98.2258
25000	88.7211
25010	98.7211
25020	108.721
25030	100.224
25040	89.2909
25050	99.2909
25060	88.0154
25070	98.0154
25080	85.1676
25090	95.1676
25100	105.168
25110	88.1855
25120	73.6921
25130	83.6921
25140	93.6921
25150	79.8753
25160	89.8753
25170	79.0684
25180	73.7585
25190	83.7585
25200	93.7585
25210	87.0671
25220	97.0671
25230	86.7712
25240	96.7712
25250	106.771
25260	96.3346
25270	106.335
25280	116.335
25290	126.335
25300	111.74
25310	98.3815
25320	108.381
25330	118.381
25340	101.229
25350	111.229
25360	93.5222
25370	103.522
25380	113.522
25390	96.4045
25400	106.405
25410	92.9932
25420	102.993
25430	88.5698
25440	78.1772
25450	88.1772
25460	98.1772
25470	85.0041
25480	95.0041
25490	105.004
25500	89.5226
25510	99.5226
25520	87.1737
25530	97.1737
25540	83.5094
25550	93.5094
25560	103.509
25570	93.7159
25580	103.716
25590	95.3273
25600	105.327
25610	115.327
25620	104.332
25630	114.332
25640	101.256
25650	111.256
25660	95.871
25670	105.871
25680	88.2938
25690	98.2938
25700	108.294
25710	118.294
25720	96.7529
25730	106.753
25740	90.5868
25750	100.587
25760	92.8999
25770	102.9
25780	93.6511
25790	103.651
25800	113.651
25810	99.9053
25820	109.905
25830	94.0999
25840	104.1
25850	88.9091
25860	98.9091
25870	108.909
25880	95.5525
25890	105.552
25900	115.552
25910	103.567
25920	113.567
25930	99.7959
25940	109.796
25950	119.796
25960	129.796
25970	113.523
25980	123.523
25990	104.969
26000	114.969
26010	93.9794
26020	103.979
26030	85.8444
26040	95.8444
26050	84.1151
26060	94.1151
26070	83.2083
26080	93.2083
26090	103.208
26100	94.0099
26110	104.01
26120	114.01
26130	101.991
26140	111.991
26150	96.1961
26160	106.196
26170	88.7882
26180	76.4295
26190	86.4295
26200	78.8133
26210	88.8133
26220	98.8133
26230	87.8187
26240	77.291
26250	87.291
26260	79.3048
26270	89.3048
26280	99.3048
26290	86.6805
26300	96.6805
26310	82.0357
26320	66.4773
26330	76.4773
26340	86.4773
26350	80.3798
26360	90.3797
26370	82.8687
26380	92.8687
26390	87.0022
26400	97.0022
26410	107.002
26420	96.0626
26430	106.063
26440	94.5888
26450	104.589
26460	114.589
26470	99.101
26480	109.101
26490	119.101
26500	102.284
26510	112.284
26520	122.284
26530	102.324
26540	112.324
26550	122.324
26560	103.943
26570	113.943
26580	98.0991
26590	85.5691
26600	95.5691
26610	81.6794
26620	91.6794
26630	101.679
26640	90.1663
26650	100.166
26660	110.166
26670	99.0283
26680	109.028
26690	97.1271
26700	107.127
26710	117.127
26720	102.799
26730	112.799
26740	122.799
26750	105.037
26760	115.037
26770	96.7714
26780	106.771
26790	116.771
26800	94.5097
26810	104.51
26820	91.2187
26830	101.219
26840	89.6805
26850	99.6805
26860	86.1003
26870	96.1003
26880	106.1
26890	92.903
26900	102.903
26910	112.903
26920	101.027
26930	111.027
26940	121.027
26950	105.384
26960	115.384
26970	98.7613
26980	108.761
26990	118.761
27000	104.125
27010	114.125
27020	101.81
27030	111.81
27040	97.0328
27050	83.9254
27060	93.9254
27070	103.925
27080	88.3678
27090	98.3678
27100	82.7085
27110	92.7085
27120	102.708
27130	89.7087
27140	99.7087
27150	109.709
27160	94.6672
27170	104.667
27180	91.7322
27190	101.732
27200	86.1374
27210	96.1374
27220	85.6946
27230	95.6946
27240	86.4825
27250	96.4825
27260	86.8937
27270	96.8937
27280	106.894
27290	94.8017
27300	104.802
27310	114.802
27320	102.034
27330	112.034
27340	98.5033
27350	108.503
27360	93.3867
27370	103.387
27380	113.387
27390	123.387
27400	102.633
27410	81.7896
27420	91.7896
27430	82.7285
27440	92.7285
27450	81.6603
27460	91.6604
27470	82.8464
27480	92.8464
27490	83.0169
27500	93.0169
27510	103.017
27520	93.6034
27530	81.4286
27540	91.4286
27550	101.429
27560	89.6802
27570	99.6802
27580	109.68
27590	93.2061
27600	103.206
27610	87.2941
27620	78.2656
27630	88.2656
27640	98.2656
27650	87.1468
27660	97.1468
27670	83.3227
27680	93.3227
27690	80.0947
27700	90.0947
27710	100.095
27720	91.0538
27730	101.054
27740	90.0949
27750	100.095
27760	110.095
27770	97.0464
27780	107.046
27790	117.046
27800	127.046
27810	115.504
27820	100.101
27830	110.101
27840	95.1603
27850	105.16
27860	91.2725
27870	101.272
27880	87.9253
27890	97.9253
27900	81.8471
27910	91.8471
27920	101.847
27930	85.9764
27940	95.9764
27950	84.0428
27960	94.0428
27970	104.043
27980	114.043
27990	99.9194
28000	109.919
28010	97.7041
28020	107.704
28030	95.7175
28040	105.717
28050	115.717
28060	99.5059
28070	88.4552
28080	98.4552
28090	85.0086
28100	73.684
28110	83.684
28120	93.684
28130	82.2812
28140	92.2812
28150	83.8719
28160	93.8719
28170	83.4293
28180	93.4293
28190	103.429
28200	90.2119
28210	100.212
28220	110.212
28230	92.2117
28240	102.212
28250	85.6082
28260	95.6082
28270	105.608
28280	94.5306
28290	104.531
28300	94.7841
28310	104.784
28320	93.0834
28330	103.083
28340	113.083
28350	99.1376
28360	109.138
28370	96.0868
28380	106.087
28390	92.8338
28400	80.5975
28410	90.5975
28420	100.598
28430	110.598
28440	94.4175
28450	104.417
28460	93.3824
28470	103.382
28480	90.3842
28490	100.384
28500	110.384
28510	97.2391
28520	82.5128
28530	92.5128
28540	77.588
28550	87.588
28560	97.588
28570	83.6678
28580	77.9225
28590	87.9225
28600	97.9225
28610	89.406
28620	99.406
28630	109.406
28640	96.5113
28650	106.511
28660	93.1877
28670	103.188
28680	113.188
28690	76.0832
28700	86.0832
28710	96.0832
28720	85.0905
28730	95.0905
28740	83.9214
28750	93.9214
28760	83.4225
28770	93.4225
28780	83.4916
28790	93.4916
28800	80.1575
28810	90.1575
28820	100.158
28830	110.158
28840	94.6223
28850	104.622
28860	114.622
28870	94.7175
28880	104.717
28890	94.9343
28900	104.934
28910	96.073
28920	106.073
28930	94.4179
28940	104.418
28950	90.3645
28960	100.365
28970	87.8682
28980	97.8682
28990	107.868
29000	94.9148
29010	81.5052
29020	91.5052
29030	101.505
29040	89.3528
29050	99.3528
29060	109.353
29070	95.3718
29080	105.372
29090	88.7399
29100	98.7399
29110	86.1079
29120	96.1079
29130	84.499
29140	94.499
29150	81.245
29160	91.245
29170	101.245
29180	88.9974
29190	82.2674
29200	92.2674
29210	102.267
29220	90.7628
29230	100.763
29240	110.763
29250	96.7298
29260	106.73
29270	94.1077
29280	104.108
29290	91.5782
29300	76.5012
29310	86.5012
29320	77.9725
29330	69.8174
29340	79.8174
29350	89.8174
29360	80.6272
29370	90.6272
29380	79.5446
29390	70.8638
29400	80.8638
29410	90.8638
29420	79.7046
29430	68.0061
29440	78.0062
29450	68.239
29460	78.239
29470	73.6544
29480	83.6544
29490	78.1779
29500	88.1779
29510	98.1779
29520	108.178
29530	98.9848
29540	108.985
29550	97.3124
29560	107.312
29570	93.8024
29580	103.802
29590	89.9621
29600	99.9621
29610	83.595
29620	93.595
29630	103.595
29640	86.1862
29650	96.1862
29660	87.8566
29670	97.8566
29680	89.3454
29690	99.3454
29700	89.0252
29710	99.0252
29720	109.025
29730	96.6396
29740	106.64
29750	116.64
29760	101.64
29770	111.64
29780	95.1837
29790	105.184
29800	91.4327
29810	79.5174
29820	89.5174
29830	79.4079
29840	89.4079
29850	79.1357
29860	89.1357
29870	78.9897
29880	88.9897
29890	77.4019
29900	87.4019
29910	97.4019
29920	86.1044
29930	96.1044
29940	106.104
29950	92.0783
29960	76.6383
29970	86.6383
29980	96.6383
29990	87.9015
30000	97.9015
30010	88.1464
30020	98.1464
30030	108.146
30040	96.1556
30050	106.156
30060	96.478
30070	106.478
30080	116.478
30090	104.852
30100	114.852
30110	99.3494
30120	85.37
30130	95.37
30140	105.37
30150	115.37
30160	98.4671
30170	108.467
30180	118.467
30190	98.9269
30200	108.927
30210	89.6139
30220	99.6139
30230	89.807
30240	99.8069
30250	86.0232
30260	96.0232
30270	84.8731
30280	94.8731
30290	84.8067
30300	94.8067
30310	85.9982
30320	95.9982
30330	105.998
30340	91.4392
30350	101.439
30360	111.439
30370	97.6828
30380	107.683
30390	93.7889
30400	103.789
30410	113.789
30420	95.0437
30430	82.3039
30440	92.3039
30450	102.304
30460	88.434
30470	98.434
30480	85.5933
30490	95.5933
30500	84.6274
30510	94.6274
30520	104.627
30530	96.2013
30540	106.201
30550	116.201
30560	102.555
30570	112.555
30580	97.3947
30590	107.395
30600	117.395
30610	101.84
30620	88.6325
30630	98.6325
30640	108.633
30650	90.9451
30660	100.945
30670	89.2214
30680	99.2214
30690	109.221
30700	95.6781
30710	105.678
30720	93.7967
30730	103.797
30740	113.797
30750	98.2259
30760	108.226
30770	92.9187
30780	102.919
30790	112.919
30800	96.127
30810	106.127
30820	88.3618
30830	98.3618
30840	84.797
30850	94.797
30860	104.797
30870	94.2818
30880	104.282
30890	93.5994
30900	103.599
30910	113.599
30920	103.67
30930	113.67
30940	101.147
30950	111.147
30960	121.147
30970	105.739
30980	115.739
30990	125.739
31000	106.484
31010	116.484
31020	95.3127
31030	73.3642
31040	83.3642
31050	93.3642
31060	83.8251
31070	93.8251
31080	85.3258
31090	95.3258
31100	87.3154
31110	79.467
31120	89.467
31130	99.467
31140	90.1196
31150	100.12
31160	110.12
31170	97.113
31180	107.113
31190	117.113
31200	98.4217
31210	108.422
31220	90.1544
31230	100.154
31240	89.0745
31250	99.0744
31260	109.074
31270	93.1072
31280	103.107
31290	89.1822
31300	99.1822
31310	88.2867
31320	98.2867
31330	86.2964
31340	96.2964
31350	106.296
31360	116.296
31370	103.473
31380	113.473
31390	123.473
31400	108.182
31410	118.182
31420	103.609
31430	113.609
31440	97.34
31450	107.34
31460	117.34
31470	101.558
31480	86.1948
31490	96.1948
31500	84.2462
31510	94.2462
31520	104.246
31530	92.5951
31540	102.595
31550	91.4755
31560	101.475
31570	87.0453
31580	97.0453
31590	107.045
31600	91.0826
31610	101.083
31620	111.083
31630	96.2004
31640	106.2
31650	87.3476
31660	97.3476
31670	89.2528
31680	99.2528
31690	109.253
31700	98.139
31710	108.139
31720	93.5474
31730	103.547
31740	113.547
31750	101.443
31760	111.443
31770	97.7964
31780	107.796
31790	94.0189
31800	104.019
31810	114.019
31820	99.5006
31830	109.501
31840	119.501
31850	100.977
31860	110.977
31870	96.0683
31880	106.068
31890	89.3594
31900	99.3594
31910	109.359
31920	92.9145
31930	102.914
31940	87.4057
31950	97.4057
31960	88.728
31970	98.728
31980	108.728
31990	99.9528
32000	109.953
32010	96.8589
32020	106.859
32030	116.859
32040	102.064
32050	112.064
32060	122.064
32070	103.554
32080	113.554
32090	95.3353
32100	105.335
32110	86.4647
32120	96.4648
32130	84.2136
32140	94.2136
32150	104.214
32160	89.5746
32170	79.0986
32180	89.0986
32190	99.0986
32200	90.8733
32210	100.873
32220	110.873
32230	100.091
32240	110.091
32250	96.3657
32260	106.366
32270	91.0014
32280	78.5173
32290	88.5173
32300	98.5173
32310	83.9651
32320	93.9651
32330	82.5683
32340	92.5683
32350	102.568
32360	94.1348
32370	104.135
32380	92.2312
32390	102.231
32400	112.231
32410	97.8398
32420	107.84
32430	92.0459
32440	102.046
32450	112.046
32460	95.1885
32470	105.188
32480	87.3261
32490	97.3261
32500	87.1832
32510	97.1832
32520	107.183
32530	95.7412
32540	105.741
32550	94.9858
32560	104.986
32570	114.986
32580	103.777
32590	113.777
32600	123.777
32610	110.09
32620	120.09
32630	104.4
32640	114.4
32650	124.4
32660	104.877
32670	114.877
32680	93.7859
32690	71.9678
32700	81.9678
32710	91.9677
32720	81.6754
32730	91.6754
32740	86.3099
32750	96.3099
32760	106.31
32770	97.2644
32780	107.264
32790	117.264
32800	104.406
32810	114.406
32820	124.406
32830	108.372
32840	118.372
32850	101.698
32860	86.1606
32870	96.1606
32880	80.958
32890	90.958
32900	100.958
32910	90.7578
32920	100.758
32930	89.4115
32940	99.4115
32950	109.411
32960	119.411
32970	105.681
32980	115.681
32990	125.681
33000	110.815
33010	120.815
33020	102.532
33030	112.532
33040	95.0266
33050	105.027
33060	86.708
33070	96.708
33080	106.708
33090	90.3763
33100	100.376
33110	89.1441
33120	99.1441
33130	109.144
33140	99.3654
33150	87.76
33160	97.76
33170	107.76
33180	92.8862
33190	102.886
33200	91.9717
33210	101.972
33220	111.972
33230	97.6892
33240	107.689
33250	91.4397
33260	76.6467
33270	86.6467
33280	75.1203
33290	85.1203
33300	95.1203
33310	83.9768
33320	77.4685
33330	87.4685
33340	97.4685
33350	87.7031
33360	97.7031
33370	87.7662
33380	97.7662
33390	84.8813
33400	94.8813
33410	104.881
33420	93.2162
33430	78.4359
33440	88.4359
33450	80.0722
33460	90.0722
33470	100.072
33480	91.2406
33490	82.2693
33500	92.2693
33510	81.1993
33520	91.1993
33530	78.4115
33540	88.4115
33550	72.319
33560	82.319
33570	69.0379
33580	79.0379
33590	89.0379
33600	84.4273
33610	94.4273
33620	104.427
33630	96.8479
33640	106.848
33650	116.848
33660	108.361
33670	118.361
33680	128.361
33690	114.769
33700	124.769
33710	108.915
33720	118.915
33730	99.6835
33740	109.684
33750	119.684
33760	98.1796
33770	108.18
33780	87.7955
33790	78.8941
33800	88.8942
33810	98.8942
33820	87.4119
33830	97.4119
33840	87.824
33850	97.824
33860	107.824
33870	94.7122
33880	104.712
33890	88.6534
33900	98.6534
33910	83.781
33920	73.8741
33930	83.8741
33940	93.8741
33950	103.874
33960	93.7915
33970	83.9846
33980	93.9846
33990	84.4502
34000	94.4502
34010	84.2766
34020	94.2766
34030	81.4294
34040	91.4294
34050	78.0986
34060	88.0986
34070	73.7922
34080	83.7922
34090	93.7922
34100	87.2765
34110	97.2765
34120	107.276
34130	99.0674
34140	109.067
34150	98.7321
34160	108.732
34170	118.732
34180	104.292
34190	114.292
34200	99.3356
34210	109.336
34220	93.3262
34230	103.326
34240	113.326
34250	98.1479
34260	108.148
34270	118.148
34280	128.148
34290	115.768
34300	125.768
34310	135.768
34320	121.371
34330	131.371
34340	113.672
34350	123.672
34360	103.826
34370	113.826
34380	91.3278
34390	101.328
34400	111.328
34410	86.4039
34420	96.4039
34430	84.5996
34440	77.0294
34450	87.0295
34460	97.0295
34470	87.8228
34480	97.8228
34490	89.5736
34500	99.5736
34510	109.574
34520	96.8794
34530	106.879
34540	93.7236
34550	103.724
34560	88.8133
34570	98.8133
34580	108.813
34590	92.4292
34600	102.429
34610	91.7429
34620	101.743
34630	111.743
34640	98.5307
34650	108.531
34660	94.3608
34670	80.0741
34680	90.0741
34690	100.074
34700	86.9895
34710	96.9895
34720	83.7698
34730	93.7698
34740	103.77
34750	93.4863
34760	103.486
34770	89.8627
34780	99.8627
34790	90.5175
34800	79.3669
34810	89.3669
34820	99.3669
34830	87.4761
34840	97.4761
34850	107.476
34860	91.1413
34870	101.141
34880	111.141
34890	97.0156
34900	107.016
34910	92.0384
34920	102.038
34930	88.3423
34940	98.3423
34950	84.0535
34960	94.0535
34970	85.8748
34980	95.8748
34990	105.875
35000	95.6828
35010	105.683
35020	115.683
35030	102.753
35040	112.753
35050	122.753
35060	108.697
35070	118.697
35080	128.697
35090	115.052
35100	125.052
35110	108.33
35120	118.33
35130	99.2727
35140	109.273
35150	119.273
35160	97.9907
35170	107.991
35180	87.5746
35190	97.5746
35200	88.1174
35210	98.1174
35220	108.117
35230	95.0458
35240	105.046
35250	115.046
35260	102.838
35270	112.838
35280	97.5043
35290	107.504
35300	90.1829
35310	100.183
35320	110.183
35330	71.0424
35340	81.0424
35350	91.0424
35360	82.068
35370	92.068
35380	102.068
35390	93.6388
35400	103.639
35410	113.639
35420	101.436
35430	111.436
35440	121.436
35450	106.044
35460	116.044
35470	98.5316
35480	108.532
35490	88.093
35500	98.093
35510	108.093
35520	87.0368
35530	97.0368
35540	88.1326
35550	98.1326
35560	108.133
35570	100.157
35580	110.157
35590	99.176
35600	109.176
35610	119.176
35620	105.874
35630	115.874
35640	125.874
35650	110.781
35660	93.6557
35670	103.656
35680	113.656
35690	94.5462
35700	104.546
35710	83.6434
35720	93.6434
35730	82.6461
35740	92.6461
35750	80.7079
35760	74.4752
35770	84.4752
35780	94.4752
35790	83.813
35800	93.8129
35810	103.813
35820	93.9749
35830	84.5047
35840	94.5047
35850	83.3149
35860	93.3149
35870	82.1924
35880	92.1924
35890	78.0989
35900	88.0989
35910	98.0989
35920	87.4576
35930	97.4576
35940	107.458
35950	95.277
35960	83.3944
35970	93.3944
35980	79.1006
35990	89.1006
36000	99.1006
