10	11
20	21
30	2
40	2
50	2
60	2
70	4.5
80	14.5
90	24.5
100	21
110	31
120	20
130	30
140	40
150	28.1667
160	38.1667
170	29.6667
180	39.6667
190	30
200	40
210	30
220	40
230	50
240	36.6667
250	46.6667
260	33.3333
270	43.3333
280	30.8333
290	40.8333
300	50.8333
310	40.8333
320	50.8333
330	28.8
340	38.8
350	32.95
360	42.95
370	52.95
380	42.95
390	52.95
400	43.85
410	37.125
420	47.125
430	57.125
440	46.375
450	56.375
460	46.0139
470	56.0139
480	43.1806
490	53.1806
500	49.6556
510	59.6556
520	69.6556
530	60.3556
540	70.3556
550	59.0556
560	69.0556
570	51.9616
580	61.9616
590	45.8182
600	55.8182
610	50.7273
620	60.7273
630	54.3636
640	64.3636
650	56
660	50.9091
670	60.9091
680	54.5455
690	64.5455
700	55.6364
710	65.6364
720	75.6364
730	64.3939
740	74.3939
750	67.5606
760	77.5606
770	66.9242
780	76.9242
790	64.4242
800	53.5664
810	63.5664
820	73.5664
830	58.8205
840	68.8205
850	55.359
860	65.359
870	75.359
880	65.0282
890	56.8077
900	52.2026
910	62.2026
920	72.2026
930	64.2256
940	74.2256
950	61.8651
960	71.8651
970	55.8458
980	65.8458
990	75.8458
1000	62.6333
1010	57.2417
1020	51.9333
1030	61.9333
1040	71.9333
1050	62.4611
1060	72.4611
1070	58.6069
1080	68.6069
1090	78.6069
1100	68.2569
1110	78.2569
1120	62.5909
1130	72.5909
1140	62.4141
1150	72.4141
1160	82.4141
1170	72.7033
1180	82.7033
1190	69.471
1200	79.471
1210	89.471
1220	79.4192
1230	64.4192
1240	74.4192
1250	84.4192
1260	67.1465
1270	77.1465
1280	70.6818
1290	80.6818
1300	70.6818
1310	80.6818
1320	70.2273
1330	80.2273
1340	65.1127
1350	75.1127
1360	63.1764
1370	73.1764
1380	83.1764
1390	76.0055
1400	86.0055
1410	77.7291
1420	87.7291
1430	76.1291
1440	86.1291
1450	96.1291
1460	86.1291
1470	96.1291
1480	86.7491
1490	96.7491
1500	106.749
1510	97.7927
1520	107.793
1530	93.9127
1540	103.913
1550	91.7158
1560	101.716
1570	111.716
1580	99.2066
1590	109.207
1600	119.207
1610	100.072
1620	110.072
1630	98.0711
1640	108.071
1650	118.071
1660	98.6779
1670	108.678
1680	95.8191
1690	105.819
1700	89.2635
1710	77.3221
1720	87.3221
1730	97.3221
1740	83.248
1750	93.248
1760	81.0258
1770	91.0258
1780	78.7651
1790	88.7651
1800	98.7651
1810	86.2963
1820	96.2963
1830	82.401
1840	92.401
1850	81.2925
1860	91.2925
1870	101.292
1880	85.6067
1890	70.2886
1900	80.2886
1910	75.954
1920	85.954
1930	78.7126
1940	88.7126
1950	78.023
1960	88.023
1970	98.023
1980	87.0575
1990	97.0575
2000	82.2299
2010	75.6782
2020	85.6782
2030	78.4368
2040	88.4368
2050	98.4368
2060	85.6782
2070	77.7165
2080	87.7165
2090	97.7165
2100	87.0268
2110	97.0268
2120	107.027
2130	99.3103
2140	109.31
2150	119.31
2160	106.897
2170	116.897
2180	102.189
2190	112.189
2200	122.189
2210	103.692
2220	89.1913
2230	73.0823
2240	83.0823
2250	93.0823
2260	79.4315
2270	71.1725
2280	81.1725
2290	70.6677
2300	80.6677
2310	75.1102
2320	85.1102
2330	95.1102
2340	82.6358
2350	71.5637
2360	81.5637
2370	91.5637
2380	83.5383
2390	93.5383
2400	103.538
2410	89.3226
2420	99.3226
2430	109.323
2440	93.7854
2450	103.785
2460	86.9046
2470	96.9046
2480	81.3467
2490	72.3104
2500	82.3104
2510	76.4069
2520	71.9192
2530	81.9193
2540	73.0205
2550	83.0205
2560	93.0205
2570	82.648
2580	92.648
2590	81.6423
2600	91.6423
2610	85.4642
2620	95.4642
2630	84.695
2640	94.695
2650	83.0675
2660	93.0675
2670	79.8489
2680	65.4008
2690	75.4008
2700	85.4008
2710	73.8624
2720	83.8624
2730	70.9832
2740	80.9832
2750	90.9832
2760	83.855
2770	93.855
2780	103.855
2790	113.855
2800	99.7268
2810	109.727
2820	99.0015
2830	87.573
2840	97.573
2850	107.573
2860	92.7453
2870	102.745
2880	88.693
2890	98.693
2900	108.693
2910	99.4734
2920	89.8756
2930	99.8756
2940	87.0161
2950	97.0161
2960	83.2923
2970	93.2923
2980	103.292
2990	91.2623
3000	101.262
3010	111.262
3020	96.1491
3030	86.2677
3040	96.2677
3050	106.268
3060	92.23
3070	102.23
3080	88.0027
3090	98.0026
3100	81.2978
3110	66.371
3120	76.371
3130	86.371
3140	96.371
3150	86.0417
3160	96.0417
3170	84.3487
3180	94.3487
3190	78.236
3200	88.236
3210	78.6504
3220	88.6504
3230	77.8666
3240	87.8666
3250	83.7825
3260	93.7825
3270	103.783
3280	96.1897
3290	106.19
3300	95.3688
3310	105.369
3320	90.5518
3330	100.552
3340	88.3252
3350	74.4046
3360	84.4046
3370	94.4046
3380	81.7653
3390	91.7652
3400	79.2489
3410	89.2489
3420	78.8716
3430	88.8716
3440	98.8716
3450	84.4061
3460	94.4062
3470	104.406
3480	88.1084
3490	98.1085
3500	108.108
3510	91.1839
3520	84.3565
3530	94.3565
3540	104.357
3550	92.743
3560	102.743
3570	89.8754
3580	99.8754
3590	84.2988
3600	94.2988
3610	104.299
3620	93.2408
3630	82.8868
3640	92.8868
3650	102.887
3660	88.6178
3670	98.6178
3680	87.7104
3690	97.7104
3700	107.71
3710	96.0934
3720	106.093
3730	93.4185
3740	103.418
3750	93.0014
3760	103.001
3770	113.001
3780	123.001
3790	110.622
3800	120.622
3810	130.622
3820	115.37
3830	125.37
3840	135.37
3850	115.655
3860	125.655
3870	105.89
3880	115.89
3890	102.925
3900	112.925
3910	97.3645
3920	107.365
3930	117.365
3940	99.6207
3950	109.621
3960	95.5549
3970	105.555
3980	115.555
3990	99.837
4000	109.837
4010	119.837
4020	97.8884
4030	107.888
4040	88.7282
4050	98.7282
4060	81.6441
4070	72.1587
4080	82.1587
4090	72.5578
4100	82.5578
4110	73.4284
4120	83.4284
4130	73.6441
4140	83.6441
4150	93.6441
4160	83.6967
4170	93.6967
4180	103.697
4190	88.4893
4200	76.4708
4210	86.4708
4220	78.4411
4230	88.4411
4240	98.4411
4250	86.8956
4260	96.8957
4270	86.3098
4280	96.3098
4290	106.31
4300	96.0927
4310	106.093
4320	116.093
4330	101.161
4340	88.1607
4350	98.1607
4360	108.161
4370	95.228
4380	105.228
4390	115.228
4400	98.8148
4410	108.815
4420	91.74
4430	101.74
4440	90.935
4450	100.935
4460	91.8547
4470	101.855
4480	90.792
4490	100.792
4500	110.792
4510	97.6844
4520	107.684
4530	117.684
4540	103.947
4550	113.947
4560	100.629
4570	110.629
4580	120.629
4590	130.629
4600	116.399
4610	126.399
4620	136.399
4630	119.431
4640	129.431
4650	110.372
4660	120.372
4670	106.8
4680	116.8
4690	102.287
4700	112.287
4710	122.287
4720	102.311
4730	88.251
4740	98.251
4750	108.251
4760	94.4524
4770	104.452
4780	114.452
4790	102.236
4800	112.236
4810	122.236
4820	107.398
4830	117.398
4840	99.4064
4850	109.406
4860	92.4116
4870	102.412
4880	112.412
4890	91.3493
4900	101.349
4910	81.6056
4920	91.6056
4930	101.606
4940	88.6441
4950	98.6441
4960	108.644
4970	118.644
4980	105.711
4990	115.711
5000	125.711
5010	110.627
5020	120.627
5030	103.388
5040	113.388
5050	94.0254
5060	104.025
5070	114.025
5080	89.6333
5090	99.6333
5100	83.3005
5110	93.3005
5120	103.3
5130	91.2965
5140	101.297
5150	111.297
5160	121.297
5170	109.453
5180	119.453
5190	129.453
5200	114.699
5210	124.699
5220	108.923
5230	90.7947
5240	100.795
5250	110.795
5260	89.2457
5270	99.2457
5280	83.4713
5290	93.4713
5300	84.735
5310	94.735
5320	104.735
5330	114.735
5340	106.08
5350	116.08
5360	126.08
5370	110.042
5380	120.042
5390	105.019
5400	115.019
5410	99.1385
5420	109.138
5430	119.138
5440	101.878
5450	111.878
5460	96.6848
5470	106.685
5480	96.2797
5490	106.28
5500	92.895
5510	102.895
5520	89.4317
5530	99.4317
5540	109.432
5550	95.419
5560	105.419
5570	115.419
5580	97.7174
5590	107.717
5600	117.717
5610	100.567
5620	110.567
5630	91.4223
5640	101.422
5650	85.0186
5660	95.0186
5670	105.019
5680	85.349
5690	95.349
5700	105.349
5710	95.7151
5720	105.715
5730	92.5193
5740	102.519
5750	112.519
5760	98.6895
5770	108.689
5780	118.689
5790	103.947
5800	113.947
5810	95.906
5820	105.906
5830	86.4214
5840	96.4214
5850	83.6557
5860	93.6557
5870	103.656
5880	90.5277
5890	100.528
5900	91.0063
5910	101.006
5920	111.006
5930	99.5618
5940	109.562
5950	94.218
5960	104.218
5970	114.218
5980	99.6095
5990	109.609
6000	119.61
6010	129.609
6020	113.675
6030	123.675
6040	107.553
6050	117.553
6060	127.553
6070	109.307
6080	119.307
6090	102.74
6100	112.74
6110	96.4617
6120	106.462
6130	116.462
6140	103.116
6150	113.116
6160	101.18
6170	111.18
6180	121.18
6190	108.134
6200	118.134
6210	128.134
6220	111.843
6230	121.843
6240	102.638
6250	112.638
6260	91.3428
6270	101.343
6280	111.343
6290	88.7883
6300	98.7883
6310	81.0988
6320	91.0988
6330	101.099
6340	92.7065
6350	102.706
6360	89.6555
6370	99.6555
6380	109.656
6390	97.694
6400	107.694
6410	117.694
6420	102.147
6430	112.147
6440	122.147
6450	103.356
6460	113.356
6470	97.2786
6480	107.279
6490	92.9048
6500	102.905
6510	112.905
6520	92.7212
6530	85.637
6540	95.6371
6550	105.637
6560	115.637
6570	103.517
6580	113.517
6590	123.517
6600	111.029
6610	121.029
6620	131.029
6630	113.634
6640	123.634
6650	108.058
6660	118.058
6670	99.3794
6680	109.379
6690	119.379
6700	101.522
6710	111.522
6720	96.3435
6730	106.344
6740	116.344
6750	104.256
6760	114.256
6770	102.272
6780	112.272
6790	99.4457
6800	109.446
6810	92.6627
6820	75.8037
6830	85.8037
6840	68.0094
6850	78.0094
6860	88.0094
6870	75.9165
6880	68.8097
6890	78.8097
6900	69.7766
6910	79.7766
6920	89.7766
6930	77.018
6940	87.018
6950	80.9271
6960	90.9271
6970	82.8891
6980	76.5638
6990	86.5638
7000	96.5637
7010	86.0084
7020	96.0084
7030	85.5717
7040	95.5717
7050	82.2643
7060	92.2643
7070	102.264
7080	89.496
7090	99.496
7100	109.496
7110	96.7749
7120	106.775
7130	116.775
7140	104.792
7150	114.792
7160	101.17
7170	111.17
7180	121.17
7190	103.434
7200	113.434
7210	101.148
7220	111.148
7230	99.5927
7240	109.593
7250	119.593
7260	105.698
7270	115.698
7280	125.698
7290	109.787
7300	119.787
7310	129.787
7320	110.455
7330	120.455
7340	100.961
7350	110.961
7360	120.961
7370	98.293
7380	108.293
7390	85.0568
7400	95.0568
7410	105.057
7420	89.3429
7430	99.3428
7440	89.8889
7450	99.8889
7460	109.889
7470	97.9626
7480	107.963
7490	117.963
7500	102.398
7510	112.398
7520	122.398
7530	108.302
7540	118.302
7550	128.302
7560	109.205
7570	119.205
7580	102.21
7590	112.21
7600	93.4998
7610	103.5
7620	89.4088
7630	99.4088
7640	88.2246
7650	98.2246
7660	108.225
7670	118.225
7680	102.982
7690	112.982
7700	122.982
7710	108.022
7720	118.022
7730	102.182
7740	112.182
7750	122.182
7760	110.8
7770	120.8
7780	83.8229
7790	93.8229
7800	103.823
7810	88.0371
7820	98.0371
7830	82.9094
7840	92.9094
7850	102.909
7860	84.3156
7870	94.3156
7880	104.316
7890	88.3136
7900	98.3136
7910	81.2366
7920	91.2366
7930	80.2424
7940	90.2424
7950	79.2868
7960	89.2868
7970	78.4994
7980	88.4994
7990	79.6018
8000	89.6018
8010	99.6018
8020	89.3114
8030	99.3114
8040	109.311
8050	98.3665
8060	86.9531
8070	96.9531
8080	106.953
8090	94.0982
8100	104.098
8110	87.7938
8120	97.7938
8130	80.9617
8140	90.9617
8150	82.2911
8160	92.2911
8170	83.8553
8180	93.8553
8190	86.4762
8200	96.4762
8210	106.476
8220	96.8633
8230	106.863
8240	116.863
8250	126.863
8260	108.906
8270	92.8773
8280	102.877
8290	88.2134
8300	98.2134
8310	108.213
8320	92.9888
8330	102.989
8340	112.989
8350	95.8378
8360	82.0566
8370	92.0566
8380	102.057
8390	87.6205
8400	97.6205
8410	107.621
8420	93.5485
8430	103.549
8440	113.549
8450	97.8342
8460	107.834
8470	89.4132
8480	99.4132
8490	109.413
8500	96.8947
8510	106.895
8520	92.2876
8530	102.288
8540	112.288
8550	100.853
8560	110.853
8570	100.306
8580	110.306
8590	99.803
8600	109.803
8610	97.2657
8620	107.266
8630	117.266
8640	100.689
8650	110.689
8660	120.689
8670	102.203
8680	112.203
8690	93.7414
8700	103.741
8710	90.5515
8720	100.551
8730	110.551
8740	98.4458
8750	108.446
8760	93.7974
8770	103.797
8780	91.4786
8790	101.479
8800	86.9858
8810	96.9858
8820	106.986
8830	116.986
8840	100.319
8850	85.9757
8860	95.9757
8870	105.976
8880	91.2558
8890	82.4611
8900	92.4611
8910	81.3636
8920	91.3636
8930	77.0274
8940	87.0274
8950	72.8091
8960	82.8091
8970	74.7179
8980	68.6942
8990	78.6942
9000	88.6941
9010	81.3016
9020	91.3016
9030	101.302
9040	90.161
9050	100.161
9060	86.116
9070	96.116
9080	89.2997
9090	99.2997
9100	89.3372
9110	99.3372
9120	90.3392
9130	100.339
9140	110.339
9150	99.1234
9160	109.123
9170	119.123
9180	106.65
9190	116.65
9200	126.65
9210	108.035
9220	118.035
9230	97.3346
9240	107.335
9250	94.5196
9260	104.52
9270	89.0619
9280	99.0619
9290	88.1803
9300	98.1803
9310	108.18
9320	96.4671
9330	106.467
9340	91.8099
9350	101.81
9360	89.0026
9370	99.0026
9380	109.003
9390	92.0275
9400	102.027
9410	112.027
9420	94.3152
9430	80.1746
9440	90.1746
9450	76.7936
9460	86.7937
9470	71.7719
9480	81.7719
9490	73.8278
9500	83.8278
9510	93.8278
9520	81.6969
9530	91.6969
9540	85.1852
9550	79.5983
9560	89.5982
9570	99.5982
9580	88.0546
9590	98.0546
9600	86.6489
9610	77.0917
9620	87.0917
9630	78.2427
9640	88.2427
9650	81.7519
9660	91.7519
9670	82.5958
9680	92.5958
9690	102.596
9700	88.3209
9710	98.3209
9720	108.321
9730	96.4689
9740	106.469
9750	116.469
9760	104.053
9770	114.053
9780	98.3012
9790	108.301
9800	96.4522
9810	106.452
9820	92.2
9830	102.2
9840	87.2248
9850	97.2248
9860	85.6254
9870	95.6254
9880	105.625
9890	93.8836
9900	103.884
9910	113.884
9920	101.458
9930	111.458
9940	121.458
9950	103.222
9960	113.222
9970	123.222
9980	101.165
9990	79.2064
10000	89.2064
10010	99.2064
10020	81.8916
10030	73.7427
10040	83.7427
10050	93.7427
10060	85.71
10070	95.71
10080	85.8804
10090	95.8804
10100	105.88
10110	94.1724
10120	104.172
10130	114.172
10140	124.172
10150	113.237
10160	99.9231
10170	109.923
10180	95.3636
10190	105.364
10200	92.1684
10210	102.168
10220	112.168
10230	92.8784
10240	102.878
10250	89.4103
10260	99.4103
10270	88.284
10280	98.284
10290	108.284
10300	96.9231
10310	106.923
10320	116.923
10330	103.787
10340	113.787
10350	123.787
10360	106.095
10370	116.095
10380	96.2722
10390	106.272
10400	83.039
10410	93.039
10420	80.6858
10430	90.6858
10440	100.686
10450	89.4204
10460	99.4204
10470	90.3668
10480	100.367
10490	110.367
10500	120.367
10510	106.005
10520	116.005
10530	100.051
10540	110.051
10550	120.051
10560	97.6313
10570	107.631
10580	84.8559
10590	79.8083
10600	89.8082
10610	83.0314
10620	93.0314
10630	103.031
10640	94.2558
10650	104.256
10660	114.256
10670	102.027
10680	112.027
10690	95.693
10700	105.693
10710	88.5903
10720	98.5903
10730	108.59
10740	92.5509
10750	102.551
10760	83.4104
10770	93.4104
10780	103.41
10790	94.6821
10800	104.682
10810	90.4046
10820	100.405
10830	88.2153
10840	98.2153
10850	108.215
10860	94.078
10870	104.078
10880	88.5799
10890	77.207
10900	87.207
10910	97.207
10920	85.0678
10930	95.0678
10940	86.8953
10950	96.8953
10960	89.1624
10970	79.7388
10980	89.7388
10990	79.056
11000	89.056
11010	99.056
11020	87.4589
11030	97.4589
11040	83.6302
11050	93.6302
11060	103.63
11070	83.6666
11080	93.6666
11090	103.667
11100	87.3658
11110	97.3658
11120	107.366
11130	94.7013
11140	104.701
11150	92.8863
11160	102.886
11170	93.2574
11180	103.257
11190	113.257
11200	99.9386
11210	109.939
11220	96.6631
11230	106.663
11240	94.6129
11250	104.613
11260	114.613
11270	105.968
11280	93.8496
11290	103.85
11300	88.6936
11310	98.6936
11320	81.6802
11330	91.6802
11340	101.68
11350	84.0233
11360	94.0233
11370	79.1169
11380	89.1169
11390	80.4728
11400	90.4728
11410	78.8335
11420	88.8335
11430	78.1341
11440	88.1341
11450	98.1341
11460	71.031
11470	81.031
11480	91.031
11490	83.4782
11500	93.4782
11510	103.478
11520	91.7661
11530	101.766
11540	85.6519
11550	95.6519
11560	105.652
11570	90.6431
11580	100.643
11590	110.643
11600	100.779
11610	110.779
11620	97.9129
11630	107.913
11640	117.913
11650	105.071
11660	115.071
11670	98.6946
11680	108.695
11690	90.5642
11700	100.564
11710	110.564
11720	92.9893
11730	102.989
11740	92.8208
11750	102.821
11760	112.821
11770	122.821
11780	108.763
11790	118.763
11800	128.763
11810	109.861
11820	119.861
11830	100.535
11840	110.535
11850	91.6802
11860	101.68
11870	82.0281
11880	92.0281
11890	84.0388
11900	94.0388
11910	83.4773
11920	93.4773
11930	83.0256
11940	93.0256
11950	103.026
11960	91.8685
11970	101.868
11980	111.868
11990	99.795
12000	109.795
12010	119.795
12020	105.248
12030	115.248
12040	97.4781
12050	107.478
12060	86.2715
12070	96.2715
12080	81.9963
12090	91.9963
12100	101.996
12110	94.7366
12120	104.737
12130	95.0752
12140	105.075
12150	115.075
12160	101.639
12170	111.639
12180	121.639
12190	105.615
12200	115.615
12210	95.0076
12220	105.008
12230	115.008
12240	92.1548
12250	80.4596
12260	90.4596
12270	100.46
12280	93.3537
12290	103.354
12300	113.354
12310	102.57
12320	112.57
12330	98.2496
12340	108.25
12350	93.7795
12360	103.78
12370	88.5092
12380	98.5092
12390	83.4763
12400	93.4763
12410	103.476
12420	89.9734
12430	99.9734
12440	87.3876
12450	97.3876
12460	107.388
12470	95.9933
12480	105.993
12490	115.993
12500	99.9885
12510	109.988
12520	94.2677
12530	104.268
12540	114.268
12550	96.9846
12560	106.985
12570	90.377
12580	100.377
12590	88.9775
12600	98.9775
12610	108.977
12620	96.7891
12630	106.789
12640	97.4855
12650	107.486
12660	117.485
12670	105.301
12680	115.301
12690	100.008
12700	110.008
12710	90.8616
12720	100.862
12730	80.767
12740	90.767
12750	78.5415
12760	88.5415
12770	80.2388
12780	90.2388
12790	80.2091
12800	90.209
12810	79.3858
12820	89.3858
12830	78.9286
12840	88.9286
12850	79.1595
12860	89.1595
12870	99.1595
12880	84.5385
12890	94.5385
12900	86.3098
12910	75.0834
12920	85.0834
12930	95.0834
12940	85.5169
12950	95.5169
12960	86.6126
12970	96.6126
12980	87.1608
12990	97.1608
13000	87.6937
13010	97.6937
13020	84.2873
13030	94.2873
13040	104.287
13050	91.9889
13060	101.989
13070	111.989
13080	121.989
13090	82.8454
13100	92.8454
13110	102.845
13120	89.3697
13130	99.3697
13140	109.37
13150	92.0949
13160	102.095
13170	84.9348
13180	94.9348
13190	83.8323
13200	93.8323
13210	103.832
13220	94.4907
13230	104.491
13240	114.491
13250	101.238
13260	88.2375
13270	98.2375
13280	108.238
13290	93.5214
13300	103.521
13310	90.2946
13320	100.295
13330	84.8811
13340	94.8811
13350	86.1106
13360	96.1106
13370	88.0752
13380	98.0751
13390	87.9559
13400	97.9559
13410	107.956
13420	93.513
13430	103.513
13440	113.513
13450	97.6892
13460	107.689
13470	91.6728
13480	101.673
13490	82.4612
13500	92.4612
13510	74.4749
13520	84.4749
13530	78.8997
13540	88.8997
13550	82.6056
13560	92.6056
13570	102.606
13580	95.8078
13590	105.808
13600	92.8933
13610	102.893
13620	90.882
13630	81.0141
13640	91.0141
13650	101.014
13660	87.8859
13670	97.8859
13680	107.886
13690	94.0058
13700	80.0784
13710	66.8826
13720	76.8826
13730	86.8826
13740	77.7028
13750	68.35
13760	78.35
13770	88.35
13780	80.0044
13790	90.0044
13800	100.004
13810	90.3642
13820	100.364
13830	110.364
13840	92.7267
13850	102.727
13860	90.5335
13870	100.533
13880	90.6967
13890	100.697
13900	90.8652
13910	100.865
13920	89.7844
13930	99.7844
13940	89.9535
13950	99.9535
13960	109.954
13970	92.6485
13980	80.4477
13990	90.4477
14000	100.448
14010	110.448
14020	97.9944
14030	107.994
14040	93.0741
14050	103.074
14060	85.8107
14070	95.8107
14080	82.0599
14090	92.0599
14100	74.7214
14110	84.7214
14120	76.5088
14130	86.5088
14140	96.5088
14150	89.9744
14160	99.9745
14170	89.6172
14180	82.8121
14190	92.8121
14200	102.812
14210	89.7984
14220	99.7984
14230	87.022
14240	97.022
14250	82.1379
14260	92.1379
14270	79.3845
14280	89.3845
14290	99.3845
14300	88.7959
14310	98.7959
14320	108.796
14330	93.7959
14340	103.796
14350	90.7661
14360	100.766
14370	110.766
14380	99.9328
14390	109.933
14400	119.933
14410	105.933
14420	115.933
14430	99.6403
14440	109.64
14450	94.6679
14460	104.668
14470	114.668
14480	96.2087
14490	106.209
14500	91.5575
14510	101.558
14520	91.8208
14530	101.821
14540	111.821
14550	101.668
14560	111.668
14570	121.668
14580	104.856
14590	114.856
14600	99.1355
14610	109.135
14620	91.3926
14630	101.393
14640	111.393
14650	93.507
14660	103.507
14670	83.7975
14680	93.7975
14690	81.2125
14700	91.2125
14710	84.7927
14720	94.7927
14730	104.793
14740	93.574
14750	103.574
14760	94.4677
14770	84.8318
14780	94.8318
14790	84.623
14800	94.623
14810	80.1664
14820	90.1664
14830	100.166
14840	83.5587
14850	72.4065
14860	82.4065
14870	92.4065
14880	81.3525
14890	91.3525
14900	82.0413
14910	92.0413
14920	102.041
14930	87.7671
14940	75.3652
14950	85.3652
14960	95.3652
14970	84.7242
14980	94.7242
14990	86.159
15000	96.159
15010	106.159
15020	95.4245
15030	105.424
15040	93.4962
15050	103.496
15060	113.496
15070	100.111
15080	110.111
15090	120.111
15100	108.203
15110	118.203
15120	128.203
15130	112.705
15140	122.705
15150	105.054
15160	115.054
15170	97.1385
15180	107.139
15190	117.139
15200	95.419
15210	105.419
15220	85.7502
15230	95.7502
15240	105.75
15250	95.1413
15260	105.141
15270	115.141
15280	102.187
15290	112.187
15300	95.4609
15310	105.461
15320	91.6849
15330	77.6704
15340	87.6704
15350	78.3459
15360	88.3459
15370	98.3459
15380	86.9707
15390	96.9707
15400	85.785
15410	95.785
15420	85.5992
15430	95.5992
15440	105.599
15450	92.2984
15460	82.608
15470	92.608
15480	102.608
15490	91.5543
15500	101.554
15510	87.5668
15520	97.5668
15530	107.567
15540	94.0297
15550	77.9756
15560	87.9756
15570	97.9756
15580	87.4846
15590	97.4846
15600	84.2605
15610	77.7173
15620	87.7173
15630	97.7173
15640	88.3813
15650	98.3813
15660	85.654
15670	95.654
15680	79.5616
15690	89.5616
15700	99.5616
15710	87.5164
15720	97.5164
15730	87.361
15740	97.361
15750	90.0139
15760	100.014
15770	91.647
15780	101.647
15790	89.7249
15800	99.7249
15810	109.725
15820	96.2291
15830	106.229
15840	116.229
15850	97.6696
15860	107.67
15870	117.67
15880	96.9981
15890	106.998
15900	90.2772
15910	100.277
15920	110.277
15930	92.4869
15940	102.487
15950	92.2622
15960	102.262
15970	93.7453
15980	103.745
15990	92.7804
16000	102.78
16010	112.78
16020	100.34
16030	110.34
16040	120.34
16050	107.311
16060	117.311
16070	99.6562
16080	109.656
16090	119.656
16100	98.3555
16110	108.356
16120	87.4393
16130	97.4393
16140	85.1775
16150	95.1775
16160	105.177
16170	92.7118
16180	102.712
16190	89.1562
16200	99.1562
16210	109.156
16220	96.9166
16230	106.917
16240	95.1542
16250	105.154
16260	93.7093
16270	103.709
16280	93.0384
16290	103.038
16300	89.4539
16310	99.4539
16320	83.8252
16330	93.8252
16340	79.9148
16350	89.9148
16360	99.9148
16370	88.5988
16380	77.017
16390	87.017
16400	77.1086
16410	87.1086
16420	97.1086
16430	85.7162
16440	74.9321
16450	84.9321
16460	94.9321
16470	80.4605
16480	74.2793
16490	84.2793
16500	75.8531
16510	85.8531
16520	95.8531
16530	86.6325
16540	96.6325
16550	86.8149
16560	96.8149
16570	106.815
16580	96.6584
16590	106.658
16600	116.658
16610	103.526
16620	113.526
16630	123.526
16640	133.526
16650	115.99
16660	125.99
16670	107.401
16680	117.401
16690	96.9233
16700	106.923
16710	84.6328
16720	94.6328
16730	84.7332
16740	94.7332
16750	83.903
16760	93.903
16770	103.903
16780	95.4314
16790	105.431
16800	115.431
16810	125.431
16820	110.917
16830	97.1679
16840	107.168
16850	91.4158
16860	101.416
16870	111.416
16880	95.8412
16890	105.841
16900	115.841
16910	95.2393
16920	84.114
16930	94.114
16940	104.114
16950	89.3969
16960	99.3969
16970	109.397
16980	97.9263
16990	107.926
17000	117.926
17010	103.418
17020	113.418
17030	97.9484
17040	107.948
17050	95.1131
17060	105.113
17070	90.8726
17080	100.873
17090	110.873
17100	92.5232
17110	102.523
17120	90.5215
17130	100.521
17140	110.521
17150	97.3214
17160	86.7926
17170	96.7927
17180	106.793
17190	93.6437
17200	103.644
17210	113.644
17220	96.4624
17230	106.462
17240	89.9579
17250	99.9579
17260	109.958
17270	89.5518
17280	99.5518
17290	91.6335
17300	101.633
17310	91.1057
17320	101.106
17330	88.217
17340	98.217
17350	87.5983
17360	97.5983
17370	85.5726
17380	95.5726
17390	105.573
17400	92.39
17410	102.39
17420	89.0573
17430	99.0573
17440	84.8197
17450	94.8197
17460	84.3738
17470	94.3738
17480	84.3694
17490	94.3694
17500	83.8492
17510	93.8492
17520	81.6771
17530	91.6771
17540	82.1178
17550	92.1178
17560	80.5721
17570	90.5721
17580	78.2043
17590	88.2043
17600	98.2043
17610	108.204
17620	94.4636
17630	104.464
17640	114.464
17650	101.739
17660	111.739
17670	99.3335
17680	109.333
17690	119.333
17700	108.151
17710	94.115
17720	104.115
17730	114.115
17740	96.4227
17750	106.423
17760	88.571
17770	98.571
17780	88.5365
17790	98.5365
17800	88.6958
17810	98.6958
17820	86.1467
17830	96.1467
17840	81.9341
17850	91.9341
17860	101.934
17870	111.934
17880	94.1213
17890	80.9994
17900	90.9994
17910	100.999
17920	93.3255
17930	103.325
17940	94.2629
17950	104.263
17960	114.263
17970	100.107
17980	110.107
17990	94.5109
18000	104.511
18010	86.7407
18020	96.7407
18030	85.9144
18040	95.9144
18050	81.3472
18060	91.3472
18070	80.6832
18080	90.6832
18090	100.683
18100	86.5314
18110	96.5314
18120	87.5645
18130	97.5645
18140	107.565
18150	93.5744
18160	103.574
18170	92.1449
18180	81.3964
18190	91.3964
18200	78.4537
18210	88.4537
18220	98.4537
18230	83.9832
18240	93.9832
18250	103.983
18260	93.424
18270	103.424
18280	113.424
18290	101.914
18300	89.5312
18310	99.5312
18320	109.531
18330	97.545
18340	107.545
18350	93.6091
18360	103.609
18370	113.609
18380	95.7575
18390	105.757
18400	83.6004
18410	93.6004
18420	84.6626
18430	94.6626
18440	83.8454
18450	93.8454
18460	103.845
18470	113.845
18480	99.7022
18490	109.702
18500	119.702
18510	108.672
18520	96.1742
18530	106.174
18540	116.174
18550	99.5191
18560	109.519
18570	94.7498
18580	104.75
18590	89.7012
18600	75.74
18610	85.74
18620	77.0537
18630	87.0536
18640	97.0536
18650	107.054
18660	97.4315
18670	107.431
18680	117.431
18690	103.664
18700	113.664
18710	98.2922
18720	108.292
18730	118.292
18740	103.378
18750	113.378
18760	97.2965
18770	107.297
18780	90.473
18790	100.473
18800	86.9106
18810	96.9106
18820	106.911
18830	96.8223
18840	106.822
18850	94.7557
18860	104.756
18870	90.2225
18880	100.223
18890	110.222
18900	120.222
18910	103.04
18920	113.04
18930	123.04
18940	99.3607
18950	109.361
18960	92.8132
18970	102.813
18980	92.4719
18990	102.472
19000	92.2106
19010	102.211
19020	112.211
19030	99.9259
19040	86.4804
19050	75.7262
19060	85.7262
19070	75.8693
19080	85.8693
19090	95.8693
19100	84.9447
19110	94.9447
19120	104.945
19130	90.0328
19140	100.033
19150	110.033
19160	91.911
19170	101.911
19180	87.0281
19190	97.0282
19200	85.1637
19210	95.1637
19220	83.0997
19230	93.0997
19240	103.1
19250	96.4166
19260	106.417
19270	95.8045
19280	105.804
19290	115.804
19300	104.05
19310	114.05
19320	124.05
19330	134.05
19340	113.364
19350	123.364
19360	102.038
19370	112.038
19380	95.9587
19390	105.959
19400	115.959
19410	97.1722
19420	107.172
19430	93.563
19440	103.563
19450	90.631
19460	100.631
19470	85.7821
19480	95.7821
19490	105.782
19500	115.782
19510	103.207
19520	88.4255
19530	98.4255
19540	108.425
19550	95.5565
19560	85.0614
19570	95.0614
19580	82.7929
19590	92.7929
19600	78.1045
19610	88.1045
19620	77.6588
19630	87.6588
19640	78.4866
19650	88.4866
19660	76.8884
19670	69.8024
19680	79.8024
19690	89.8024
19700	80.7124
19710	90.7124
19720	77.7617
19730	87.7617
19740	74.0737
19750	84.0737
19760	94.0736
19770	87.145
19780	97.145
19790	87.198
19800	97.198
19810	90.1406
19820	100.141
19830	110.141
19840	97.1374
19850	86.4266
19860	96.4266
19870	84.6987
19880	94.6987
19890	104.699
19900	90.3435
19910	100.343
19920	110.343
19930	92.4869
19940	102.487
19950	112.487
19960	96.575
19970	106.575
19980	89.6113
19990	99.6113
20000	88.6903
20010	98.6903
20020	87.4644
20030	97.4644
20040	107.464
20050	96.2287
20060	106.229
20070	95.9255
20080	105.925
20090	94.9083
20100	104.908
20110	114.908
20120	100.112
20130	85.9916
20140	95.9916
20150	105.992
20160	90.8718
20170	100.872
20180	85.2525
20190	95.2525
20200	84.2498
20210	94.2498
20220	82.4507
20230	92.4506
20240	80.4591
20250	90.459
20260	78.9625
20270	88.9625
20280	98.9625
20290	90.4083
20300	100.408
20310	89.3693
20320	99.3693
20330	109.369
20340	97.3354
20350	107.335
20360	117.335
20370	100.441
20380	110.441
20390	95.9278
20400	105.928
20410	115.928
20420	101.538
20430	111.538
20440	97.2462
20450	107.246
20460	88.2506
20470	98.2506
20480	84.5456
20490	94.5456
20500	104.546
20510	94.8392
20520	104.839
20530	114.839
20540	104.003
20550	114.003
20560	124.003
20570	108.208
20580	118.208
20590	128.208
20600	110.947
20610	120.947
20620	99.6236
20630	109.624
20640	91.844
20650	82.0199
20660	92.0199
20670	82.0742
20680	92.0742
20690	81.5512
20700	91.5512
20710	81.6824
20720	91.6824
20730	80.2761
20740	90.2761
20750	100.276
20760	110.276
20770	95.6911
20780	78.6918
20790	88.6918
20800	77.2619
20810	87.2619
20820	79.834
20830	89.834
20840	81.4886
20850	91.4886
20860	101.489
20870	93.0146
20880	103.015
20890	93.342
20900	103.342
20910	92.7661
20920	102.766
20930	112.766
20940	98.9357
20950	108.936
20960	91.6194
20970	101.619
20980	85.7989
20990	95.7989
21000	105.799
21010	90.0106
21020	100.011
21030	110.011
21040	91.9599
21050	101.96
21060	92.495
21070	102.495
21080	112.495
21090	100.299
21100	110.299
21110	98.209
21120	108.209
21130	96.3392
21140	84.8865
21150	94.8865
21160	83.6856
21170	93.6856
21180	80.5144
21190	90.5144
21200	77.9562
21210	87.9562
21220	97.9562
21230	107.956
21240	93.0707
21250	79.5924
21260	89.5924
21270	79.0489
21280	89.0489
21290	77.8261
21300	87.8261
21310	77.7174
21320	87.7174
21330	79.3478
21340	89.3478
21350	99.3478
21360	92.0109
21370	102.011
21380	93.4783
21390	103.478
21400	113.478
21410	100.007
21420	110.007
21430	93.0152
21440	103.015
21450	86.474
21460	96.474
21470	106.474
21480	90.3187
21490	100.319
21500	110.319
21510	94.955
21520	104.955
21530	92.8999
21540	102.9
21550	112.9
21560	97.9694
21570	107.969
21580	93.1758
21590	103.176
21600	113.176
21610	79.1429
21620	89.1429
21630	99.1429
21640	87.3863
21650	77.7919
21660	87.7919
21670	97.7919
21680	85.7117
21690	95.7117
21700	105.712
21710	115.712
21720	95.1985
21730	105.199
21740	92.0092
21750	102.009
21760	88.4591
21770	98.4591
21780	82.9378
21790	92.9378
21800	81.77
21810	91.7699
21820	101.77
21830	90.8249
21840	100.825
21850	110.825
21860	101.124
21870	111.124
21880	121.124
21890	109.896
21900	119.896
21910	129.896
21920	114.044
21930	124.044
21940	109.255
21950	119.255
21960	129.255
21970	110.317
21980	91.6326
21990	101.633
22000	83.5433
22010	93.5433
22020	103.543
22030	85.266
22040	95.266
22050	84.4554
22060	94.4554
22070	83.215
22080	93.215
22090	82.2215
22100	72.1794
22110	65.4448
22120	75.4448
22130	85.4448
22140	75.7087
22150	68.3875
22160	78.3875
22170	73.7876
22180	83.7876
22190	93.7876
22200	82.7864
22210	92.7864
22220	81.705
22230	71.6784
22240	81.6784
22250	91.6784
22260	77.1354
22270	87.1354
22280	97.1354
22290	86.0953
22300	96.0953
22310	84.9704
22320	94.9704
22330	88.4003
22340	98.4003
22350	89.7232
22360	99.7232
22370	88.6435
22380	98.6435
22390	88.4299
22400	98.4299
22410	108.43
22420	94.0079
22430	81.062
22440	91.062
22450	101.062
22460	85.4793
22470	95.4793
22480	105.479
22490	87.5468
22500	97.5468
22510	107.547
22520	96.2889
22530	106.289
22540	95.3555
22550	105.356
22560	115.356
22570	102.709
22580	112.709
22590	96.9646
22600	86.3271
22610	96.3271
22620	86.8538
22630	96.8538
22640	85.4936
22650	95.4936
22660	105.494
22670	91.8396
22680	101.84
22690	111.84
22700	91.2887
22710	101.289
22720	83.105
22730	93.105
22740	103.105
22750	89.2496
22760	99.2495
22770	88.6827
22780	98.6827
22790	108.683
22800	95.9072
22810	105.907
22820	93.0131
22830	103.013
22840	113.013
22850	102.665
22860	112.665
22870	101.222
22880	111.222
22890	98.8177
22900	108.818
22910	95.0409
22920	79.8997
22930	68.9464
22940	78.9464
22950	67.5314
22960	77.5314
22970	87.5314
22980	75.9775
22990	85.9776
23000	77.4553
23010	69.259
23020	79.259
23030	89.259
23040	78.4277
23050	69.0123
23060	79.0123
23070	89.0123
23080	80.5601
23090	74.1017
23100	84.1017
23110	78.3912
23120	88.3912
23130	98.3912
23140	88.5103
23150	98.5103
23160	108.51
23170	93.9763
23180	103.976
23190	92.595
23200	102.595
23210	112.595
23220	97.1031
23230	107.103
23240	117.103
23250	99.773
23260	109.773
23270	119.773
23280	101.386
23290	111.386
23300	96.8192
23310	106.819
23320	116.819
23330	99.1894
23340	109.189
23350	97.9788
23360	107.979
23370	95.5825
23380	84.3598
23390	94.3598
23400	83.0649
23410	93.0649
23420	103.065
23430	88.6169
23440	98.6169
23450	84.4846
23460	94.4846
23470	104.485
23480	88.6807
23490	98.6807
23500	83.8701
23510	93.8701
23520	81.5803
23530	72.6839
23540	82.6839
23550	76.1796
23560	86.1796
23570	96.1796
23580	87.6705
23590	97.6705
23600	86.3043
23610	96.3043
23620	87.7277
23630	97.7277
23640	86.8577
23650	96.8577
23660	106.858
23670	92.3085
23680	102.309
23690	86.6021
23700	96.6021
23710	106.602
23720	90.024
23730	100.024
23740	110.024
23750	120.024
23760	107.332
23770	117.332
23780	100.745
23790	110.745
23800	98.008
23810	108.008
23820	95.8681
23830	105.868
23840	115.868
23850	99.9283
23860	109.928
23870	92.6988
23880	82.716
23890	92.716
23900	79.979
23910	89.979
23920	77.3363
23930	87.3363
23940	97.3363
23950	81.9582
23960	91.9582
23970	101.958
23980	93.3722
23990	83.2672
24000	93.2672
24010	103.267
24020	90.6677
24030	75.8338
24040	85.8338
24050	76.5803
24060	86.5803
24070	75.3592
24080	85.3592
24090	79.3171
24100	89.3171
24110	99.3171
24120	109.317
24130	99.6068
24140	109.607
24150	96.6189
24160	106.619
24170	90.0496
24180	76.0348
24190	86.0348
24200	73.0324
24210	83.0324
24220	93.0324
24230	79.9766
24240	74.2467
24250	84.2467
24260	77.127
24270	87.127
24280	97.127
24290	86.9274
24300	78.507
24310	88.507
24320	98.507
24330	85.9396
24340	77.0876
24350	87.0876
24360	78.4655
24370	88.4655
24380	98.4655
24390	83.7543
24400	93.7543
24410	81.4831
24420	91.4831
24430	81.1266
24440	91.1266
24450	83.8879
24460	93.8879
24470	82.8253
24480	92.8253
24490	102.825
24500	91.2765
24510	101.276
24520	111.276
24530	121.276
24540	102.867
24550	112.867
24560	94.332
24570	104.332
24580	92.6003
24590	102.6
24600	92.1727
24610	102.173
24620	89.3958
24630	77.6939
24640	87.6939
24650	76.8938
24660	86.8938
24670	78.7747
24680	88.7747
24690	98.7747
24700	87.2625
24710	97.2625
24720	107.263
24730	93.0896
24740	103.09
24750	113.09
24760	97.1041
24770	107.104
24780	92.8352
24790	102.835
24800	84.486
24810	94.486
24820	80.9742
24830	90.9742
24840	100.974
24850	94.6405
24860	104.641
24870	94.7075
24880	104.707
24890	114.707
24900	102.954
24910	112.954
24920	100.039
24930	110.039
24940	93.4875
24950	103.487
24960	86.08
24970	96.08
24980	80.2786
24990	90.2786
25000	81.1987
25010	91.1987
25020	79.7911
25030	89.7911
25040	80.7146
25050	90.7146
25060	100.715
25070	89.348
25080	79.5218
25090	89.5218
25100	99.5218
25110	86.7906
25120	76.9222
25130	86.9222
25140	77.8855
25150	87.8855
25160	77.6777
25170	87.6777
25180	78.6818
25190	88.6818
25200	98.6818
25210	89.6889
25220	99.6889
25230	86.9561
25240	96.9561
25250	85.7911
25260	95.7912
25270	81.087
25280	91.087
25290	101.087
25300	86.9051
25310	96.9051
25320	106.905
25330	92.2922
25340	102.292
25350	94.4169
25360	104.417
25370	94.5933
25380	104.593
25390	114.593
25400	99.9806
25410	85.8803
25420	73.3744
25430	83.3744
25440	74.4134
25450	84.4134
25460	75.4985
25470	85.4985
25480	95.4985
25490	84.4434
25500	94.4434
25510	104.443
25520	91.7877
25530	101.788
25540	111.788
25550	96.5244
25560	106.524
25570	92.0266
25580	102.027
25590	112.027
25600	95.7121
25610	105.712
25620	92.6732
25630	102.673
25640	90.1582
25650	100.158
25660	110.158
25670	100.13
25680	110.13
25690	120.13
25700	108.594
25710	118.594
25720	128.594
25730	113.289
25740	123.289
25750	105.646
25760	90.4409
25770	100.441
25780	84.314
25790	94.314
25800	78.3254
25810	88.3254
25820	74.8718
25830	84.8718
25840	94.8718
25850	84.9267
25860	76.4644
25870	86.4644
25880	76.6512
25890	86.6512
25900	74.3585
25910	84.3585
25920	76.3748
25930	67.543
25940	77.543
25950	87.543
25960	82.1179
25970	92.1179
25980	102.118
25990	94.1773
26000	84.191
26010	94.191
26020	104.191
26030	89.9409
26040	75.7095
26050	85.7095
26060	95.7095
26070	105.709
26080	90.4687
26090	100.469
26100	110.469
26110	94.064
26120	104.064
26130	95.5616
26140	105.562
26150	115.562
26160	101.391
26170	111.391
26180	100.324
26190	110.324
26200	95.8686
26210	105.869
26220	91.7203
26230	101.72
26240	111.72
26250	99.2278
26260	109.228
26270	95.7472
26280	105.747
26290	115.747
26300	99.7926
26310	109.793
26320	92.8596
26330	75.5336
26340	85.5336
26350	95.5336
26360	81.1406
26370	91.1406
26380	101.141
26390	93.3796
26400	103.38
26410	92.6727
26420	102.673
26430	88.6562
26440	98.6562
26450	86.918
26460	96.918
26470	106.918
26480	94.3454
26490	104.345
26500	92.9221
26510	82.595
26520	92.595
26530	102.595
26540	112.595
26550	98.2656
26560	108.266
26570	118.266
26580	100.678
26590	110.678
26600	92.3328
26610	102.333
26620	88.4398
26630	98.4398
26640	85.7807
26650	95.7807
26660	105.781
26670	89.7135
26680	99.7135
26690	90.53
26700	100.53
26710	86.7039
26720	96.7039
26730	106.704
26740	95.5227
26750	105.523
26760	115.523
26770	100.24
26780	110.24
26790	120.24
26800	107.719
26810	117.719
26820	102.128
26830	112.128
26840	122.128
26850	104.432
26860	87.0061
26870	97.0061
26880	107.006
26890	89.0027
26900	99.0027
26910	88.2905
26920	98.2906
26930	108.291
26940	96.0072
26950	106.007
26960	116.007
26970	103.616
26980	113.616
26990	99.7056
27000	109.706
27010	119.706
27020	100.539
27030	82.6047
27040	92.6047
27050	102.605
27060	90.664
27070	100.664
27080	88.8212
27090	98.8212
27100	108.821
27110	95.511
27120	105.511
27130	94.5763
27140	104.576
27150	114.576
27160	124.576
27170	107.256
27180	117.256
27190	99.304
27200	109.304
27210	119.304
27220	99.9435
27230	109.944
27240	93.4549
27250	80.338
27260	90.338
27270	82.1596
27280	92.1596
27290	102.16
27300	92.0764
27310	102.076
27320	91.1991
27330	101.199
27340	111.199
27350	121.199
27360	109.093
27370	119.093
27380	102.617
27390	112.617
27400	122.617
27410	103.352
27420	86.1022
27430	96.1022
27440	106.102
27450	85.1177
27460	77.8601
27470	87.8601
27480	78.9109
27490	88.9109
27500	98.9109
27510	88.1246
27520	78.4482
27530	88.4482
27540	76.5338
27550	86.5338
27560	73.4109
27570	83.4109
27580	74.3283
27590	84.3283
27600	94.3283
27610	84.388
27620	94.388
27630	88.6879
27640	98.6879
27650	108.688
27660	96.5788
27670	106.579
27680	94.198
27690	104.198
27700	114.198
27710	101.073
27720	111.073
27730	121.073
27740	106.137
27750	116.137
27760	126.137
27770	108.126
27780	91.7642
27790	101.764
27800	111.764
27810	94.1074
27820	104.107
27830	93.2223
27840	103.222
27850	89.3354
27860	99.3354
27870	84.8718
27880	73.6257
27890	83.6257
27900	93.6257
27910	82.5957
27920	92.5957
27930	80.5751
27940	90.5751
27950	100.575
27960	86.9715
27970	96.9715
27980	88.7446
27990	98.7447
28000	88.9096
28010	98.9096
28020	89.1134
28030	99.1134
28040	87.0309
28050	97.0309
28060	83.1568
28070	93.1568
28080	103.157
28090	86.0767
28100	96.0767
28110	88.0659
28120	98.0659
28130	108.066
28140	95.6592
28150	105.659
28160	91.2816
28170	101.282
28180	111.282
28190	121.282
28200	105.583
28210	115.583
28220	125.583
28230	104.102
28240	114.102
28250	100.073
28260	110.073
28270	95.8742
28280	105.874
28290	93.6574
28300	103.657
28310	113.657
28320	98.5069
28330	108.507
28340	91.1497
28350	101.15
28360	87.158
28370	97.158
28380	86.0944
28390	96.0944
28400	83.6754
28410	93.6754
28420	103.675
28430	88.8768
28440	98.8768
28450	108.877
28460	98.6861
28470	87.8696
28480	97.8696
28490	107.87
28500	92.2017
28510	76.2432
28520	86.2432
28530	96.2432
28540	85.3177
28550	72.7617
28560	82.7617
28570	92.7617
28580	86.6075
28590	96.6075
28600	88.6614
28610	98.6614
28620	86.7458
28630	96.7458
28640	86.6644
28650	75.1078
28660	85.1078
28670	72.8975
28680	82.8975
28690	71.8969
28700	81.8969
28710	75.4909
28720	85.4909
28730	95.491
28740	86.2071
28750	77.9541
28760	87.9541
28770	97.9541
28780	87.5419
28790	97.5419
28800	84.4206
28810	94.4206
28820	84.3191
28830	94.3191
28840	81.7959
28850	91.7959
28860	81.4194
28870	91.4194
28880	82.3252
28890	92.3252
28900	102.325
28910	91.4867
28920	82.8117
28930	72.6121
28940	82.6121
28950	92.6121
28960	80.3396
28970	90.3396
28980	100.34
28990	87.8845
29000	97.8845
29010	88.5696
29020	98.5696
29030	88.2254
29040	98.2254
29050	86.1291
29060	96.1291
29070	82.8198
29080	92.8198
29090	78.0726
29100	88.0726
29110	98.0726
29120	88.5872
29130	98.5872
29140	108.587
29150	98.5776
29160	108.578
29170	118.578
29180	104.624
29190	114.624
29200	102.154
29210	112.154
29220	122.154
29230	105.216
29240	115.216
29250	97.1896
29260	107.19
29270	94.7619
29280	104.762
29290	89.2247
29300	99.2247
29310	85.7344
29320	95.7344
29330	78.1779
29340	88.1779
29350	98.1779
29360	86.1953
29370	96.1953
29380	106.195
29390	116.195
29400	102.773
29410	112.773
29420	97.2069
29430	107.207
29440	117.207
29450	103.271
29460	113.272
29470	97.5977
29480	107.598
29490	94.938
29500	104.938
29510	93.7164
29520	103.716
29530	91.227
29540	101.227
29550	111.227
29560	96.1546
29570	106.155
29580	116.155
29590	102.053
29600	87.7602
29610	97.7602
29620	80.0793
29630	90.0793
29640	100.079
29650	80.4026
29660	90.4026
29670	83.5615
29680	93.5614
29690	83.3168
29700	76.7412
29710	86.7412
29720	78.2542
29730	88.2542
29740	79.8998
29750	89.8998
29760	78.472
29770	88.472
29780	78.4322
29790	88.4322
29800	98.4322
29810	84.6965
29820	94.6966
29830	83.0497
29840	70.8117
29850	80.8117
29860	90.8117
29870	79.5736
29880	89.5736
29890	82.2837
29900	92.2837
29910	85.6795
29920	95.6795
29930	105.679
29940	96.3399
29950	106.34
29960	94.2091
29970	104.209
29980	91.1554
29990	101.155
30000	111.155
30010	96.5061
30020	106.506
30030	116.506
30040	100.511
30050	110.511
30060	98.04
30070	108.04
30080	95.391
30090	105.391
30100	89.4502
30110	99.4502
30120	82.6038
30130	92.6038
30140	102.604
30150	67.3242
30160	77.3242
30170	87.3242
30180	97.3242
30190	88.1074
30200	98.1074
30210	88.2518
30220	98.2518
30230	84.2654
30240	94.2654
30250	85.7807
30260	75.0303
30270	85.0303
30280	73.3563
30290	83.3563
30300	93.3563
30310	78.665
30320	72.1229
30330	82.1229
30340	92.1229
30350	83.5665
30360	75.4584
30370	85.4584
30380	95.4585
30390	105.458
30400	96.364
30410	106.364
30420	92.7984
30430	102.798
30440	90.8637
30450	100.864
30460	87.517
30470	97.517
30480	86.0244
30490	96.0244
30500	83.864
30510	93.864
30520	103.864
30530	90.155
30540	80.6463
30550	90.6463
30560	100.646
30570	86.9433
30580	96.9433
30590	82.0157
30600	92.0157
30610	78.6135
30620	71.24
30630	81.24
30640	91.24
30650	83.0309
30660	93.031
30670	84.6213
30680	94.6212
30690	82.7641
30700	92.7641
30710	84.2258
30720	94.2258
30730	104.226
30740	92.445
30750	102.445
30760	112.445
30770	95.7931
30780	105.793
30790	115.793
30800	96.2155
30810	84.3976
30820	94.3976
30830	104.398
30840	92.1009
30850	80.7407
30860	90.7407
30870	100.741
30880	90.2849
30890	100.285
30900	110.285
30910	99.3531
30920	109.353
30930	97.6231
30940	85.5388
30950	95.5388
30960	105.539
30970	115.539
30980	99.5404
30990	109.54
31000	119.54
31010	103.206
31020	113.206
31030	98.4251
31040	108.425
31050	97.193
31060	107.193
31070	91.7749
31080	101.775
31090	84.663
31100	94.663
31110	77.791
31120	69.0345
31130	79.0345
31140	89.0345
31150	99.0345
31160	89.6283
31170	81.4078
31180	91.4078
31190	79.5568
31200	89.5568
31210	99.5568
31220	89.9992
31230	80.7907
31240	90.7907
31250	78.6586
31260	88.6586
31270	98.6586
31280	84.3234
31290	94.3234
31300	84.3533
31310	94.3533
31320	84.6259
31330	94.6259
31340	85.289
31350	95.289
31360	105.289
31370	92.8109
31380	102.811
31390	90.5455
31400	78.7621
31410	88.7621
31420	77.0246
31430	87.0246
31440	78.4853
31450	88.4853
31460	79.5194
31470	89.5194
31480	78.5213
31490	88.5213
31500	79.0573
31510	89.0573
31520	78.3977
31530	88.3977
31540	98.3977
31550	85.826
31560	95.826
31570	105.826
31580	115.826
31590	95.0845
31600	105.085
31610	97.8723
31620	107.872
31630	117.872
31640	107.019
31650	117.019
31660	104.901
31670	114.901
31680	101.837
31690	111.837
31700	121.837
31710	107.67
31720	117.67
31730	102.083
31740	112.083
31750	93.0963
31760	103.096
31770	113.096
31780	123.096
31790	106.979
31800	91.6115
31810	101.611
31820	84.965
31830	94.965
31840	76.5112
31850	86.5112
31860	76.5948
31870	86.5948
31880	75.8125
31890	85.8125
31900	80.8002
31910	90.8002
31920	100.8
31930	93.5856
31940	103.586
31950	113.586
31960	102.254
31970	112.254
31980	98.7253
31990	108.725
32000	93.2618
32010	103.262
32020	84.2447
32030	94.2447
32040	104.245
32050	85.7528
32060	95.7528
32070	86.2605
32080	96.2605
32090	88.7249
32100	98.7249
32110	108.725
32120	98.1621
32130	108.162
32140	95.8555
32150	82.3545
32160	92.3545
32170	78.6096
32180	88.6096
32190	98.6096
32200	87.8014
32210	97.8014
32220	107.801
32230	97.8354
32240	107.835
32250	96.0874
32260	106.087
32270	94.1049
32280	104.105
32290	88.7715
32300	98.7715
32310	81.7648
32320	91.7648
32330	75.151
32340	85.151
32350	79.3434
32360	89.3434
32370	99.3434
32380	91.7823
32390	101.782
32400	91.8498
32410	101.85
32420	89.9971
32430	99.9971
32440	109.997
32450	95.756
32460	105.756
32470	115.756
32480	125.756
32490	84.3252
32500	94.3252
32510	84.4332
32520	94.4332
32530	104.433
32540	92.831
32550	79.6823
32560	89.6823
32570	99.6823
32580	86.4508
32590	75.1867
32600	85.1867
32610	76.0974
32620	86.0974
32630	74.4608
32640	84.4608
32650	94.4608
32660	81.4301
32670	91.43
32680	83.7445
32690	93.7445
32700	86.3594
32710	96.3594
32720	87.6041
32730	97.604
32740	86.9394
32750	96.9394
32760	83.4758
32770	93.4758
32780	81.3277
32790	91.3277
32800	82.6721
32810	92.6721
32820	83.6702
32830	93.6702
32840	103.67
32850	92.001
32860	102.001
32870	112.001
32880	97.9607
32890	107.961
32900	117.961
32910	101.024
32920	82.01
32930	92.01
32940	102.01
32950	88.1162
32960	98.1162
32970	87.7817
32980	97.7817
32990	87.5704
33000	79.6127
33010	89.6127
33020	99.6127
33030	90.2487
33040	100.249
33050	86.6862
33060	72.9314
33070	82.9314
33080	92.9314
33090	80.0271
33100	90.0271
33110	81.0803
33120	91.0803
33130	80.7097
33140	90.7097
33150	79.8357
33160	89.8357
33170	99.8357
33180	86.3378
33190	75.8084
33200	85.8084
33210	77.007
33220	87.007
33230	97.007
33240	89.4548
33250	82.0606
33260	92.0606
33270	102.061
33280	90.1003
33290	100.1
33300	89.266
33310	99.266
33320	83.9976
33330	93.9976
33340	80.3667
33350	90.3667
33360	78.308
33370	88.308
33380	79.3434
33390	89.3434
33400	82.4003
33410	92.4003
33420	81.8598
33430	91.8598
33440	80.0797
33450	90.0797
33460	100.08
33470	86.2513
33480	96.2513
33490	106.251
33500	91.1204
33510	101.12
33520	111.12
33530	100.673
33540	91.8301
33550	101.83
33560	111.83
33570	98.241
33580	108.241
33590	93.3671
33600	103.367
33610	113.367
33620	98.8321
33630	108.832
33640	97.5328
33650	107.533
33660	92.355
33670	102.355
33680	112.355
33690	98.6726
33700	108.673
33710	118.673
33720	101.406
33730	111.406
33740	121.406
33750	100.962
33760	110.962
33770	94.7407
33780	104.741
33790	114.741
33800	97.4374
33810	107.437
33820	92.2705
33830	102.27
33840	90.5044
33850	100.504
33860	91.1119
33870	101.112
33880	111.112
33890	99.6919
33900	109.692
33910	119.692
33920	106.885
33930	116.885
33940	126.885
33950	109.281
33960	119.281
33970	99.9656
33980	109.966
33990	119.966
34000	101.04
34010	81.1315
34020	91.1315
34030	76.8041
34040	86.8041
34050	96.8041
34060	88.807
34070	98.807
34080	108.807
34090	97.5223
34100	86.9576
34110	96.9576
34120	84.9927
34130	94.9927
34140	79.8374
34150	89.8374
34160	76.0327
34170	67.161
34180	77.161
34190	70.2051
34200	80.2051
34210	75.1754
34220	85.1754
34230	95.1754
34240	87.5694
34250	97.5694
34260	86.0336
34270	96.0336
34280	86.0497
34290	96.0497
34300	106.05
34310	92.8129
34320	102.813
34330	112.813
34340	94.0687
34350	104.069
34360	114.069
34370	102.347
34380	112.347
34390	98.9825
34400	108.982
34410	94.1951
34420	104.195
34430	114.195
34440	97.9029
34450	107.903
34460	95.664
34470	105.664
34480	93.1665
34490	83.8246
34500	93.8246
34510	103.825
34520	91.8074
34530	101.807
34540	111.807
34550	93.1753
34560	103.175
34570	113.175
34580	94.8071
34590	104.807
34600	87.2396
34610	97.2396
34620	107.24
34630	93.2203
34640	103.22
34650	90.9707
34660	100.971
34670	89.5448
34680	99.5448
34690	91.0109
34700	101.011
34710	111.011
34720	100.123
34730	110.123
34740	120.123
34750	130.123
34760	116.585
34770	126.585
34780	136.585
34790	118.304
34800	128.304
34810	107.91
34820	117.91
34830	95.9402
34840	105.94
34850	83.8433
34860	93.8433
34870	80.528
34880	90.528
34890	81.8262
34900	91.8262
34910	101.826
34920	90.9839
34930	100.984
34940	90.8303
34950	100.83
34960	89.044
34970	99.044
34980	85.1329
34990	95.1329
35000	78.4566
35010	88.4566
35020	77.9546
35030	87.9546
35040	80.0183
35050	90.0183
35060	83.8769
35070	93.8769
35080	103.877
35090	93.8287
35100	103.829
35110	92.0409
35120	102.041
35130	88.2654
35140	98.2654
35150	81.5
35160	91.5
35170	101.5
35180	84.2696
35190	94.2696
35200	104.27
35210	96.4175
35220	89.0842
35230	99.0842
35240	109.084
35250	98.76
35260	108.76
35270	96.6031
35280	83.4337
35290	93.4337
35300	103.434
35310	89.6959
35320	99.6959
35330	84.9579
35340	94.9579
35350	104.958
35360	96.0801
35370	106.08
35380	94.7721
35390	104.772
35400	92.8213
35410	102.821
35420	87.8559
35430	97.8559
35440	80.9926
35450	90.9926
35460	74.838
35470	84.838
35480	78.7823
35490	88.7823
35500	98.7823
35510	91.3948
35520	101.395
35530	91.8081
35540	101.808
35550	90.0398
35560	100.04
35570	110.04
35580	96.8829
35590	106.883
35600	116.883
35610	126.883
35620	84.1977
35630	94.1977
35640	84.6684
35650	94.6684
35660	104.668
35670	92.9088
35680	80.2789
35690	90.2789
35700	100.279
35710	87.1623
35720	74.5719
35730	84.5719
35740	75.2963
35750	85.2963
35760	74.0026
35770	84.0026
35780	94.0025
35790	81.9796
35800	91.9796
35810	84.7616
35820	94.7616
35830	87.8919
35840	97.8919
35850	107.892
35860	96.3476
35870	106.348
35880	94.6103
35890	104.61
35900	89.0415
35910	99.0415
35920	80.419
35930	90.419
35940	79.6125
35950	89.6125
35960	79.8242
35970	71.0601
35980	81.0601
35990	91.0601
36000	81.0017
