10	11
20	10
30	4
40	4
50	4
60	4
70	4
80	4
90	4
100	4
110	4
120	4
130	5.66667
140	15.6667
150	25.6667
160	26
170	36
180	16.6667
190	26.6667
200	23.3333
210	33.3333
220	43.3333
230	22.8333
240	32.8333
250	20
260	30
270	40
280	23.1
290	33.1
300	22
310	32
320	18
330	28
340	38
350	28
360	38
370	18
380	28
390	38
400	30.85
410	40.85
420	24.75
430	34.75
440	34.75
450	44.75
460	54.75
470	40.6944
480	50.6944
490	47.5833
500	57.5833
510	67.5833
520	61.35
530	43.0722
540	53.0722
550	63.0722
560	47.3556
570	57.3556
580	43.3556
590	53.3556
600	63.3556
610	57.8222
620	67.8222
630	59.5667
640	69.5667
650	50.4
660	60.4
670	70.4
680	60.1333
690	70.1333
700	59.7808
710	69.7808
720	62.5385
730	72.5385
740	64.9103
750	74.9103
760	84.9103
770	69.2853
780	79.2853
790	67.9776
800	77.9776
810	66.0829
820	76.0829
830	86.0829
840	75.8298
850	85.8298
860	95.8298
870	76.1627
880	86.1627
890	69.8079
900	79.8079
910	89.8079
920	73.9518
930	83.9518
940	71.8636
950	81.8636
960	91.8636
970	74.0858
980	84.0858
990	71.3856
1000	81.3856
1010	71.3856
1020	81.3856
1030	91.3856
1040	81.3856
1050	69.2219
1060	79.2219
1070	89.2219
1080	76.1868
1090	86.1868
1100	79.446
1110	73.1185
1120	83.1185
1130	93.1185
1140	79.4343
1150	89.4343
1160	75.4343
1170	85.4343
1180	95.4343
1190	81.8553
1200	72.3421
1210	82.3421
1220	92.3421
1230	79.1316
1240	89.1316
1250	71.2368
1260	81.2368
1270	91.2368
1280	75.2632
1290	85.2632
1300	67.9388
1310	77.9388
1320	68.9024
1330	78.9024
1340	67.5406
1350	77.5406
1360	87.5406
1370	78.2915
1380	88.2915
1390	79.726
1400	72.7455
1410	82.7455
1420	72.8255
1430	82.8255
1440	92.8254
1450	76.4254
1460	69.4312
1470	79.4312
1480	71.3087
1490	81.3087
1500	91.3087
1510	82.441
1520	92.441
1530	82.5428
1540	92.5428
1550	79.6925
1560	89.6925
1570	99.6926
1580	85.3341
1590	95.3341
1600	86.9911
1610	96.9911
1620	89.1007
1630	99.1007
1640	87.7785
1650	97.7785
1660	84.5325
1670	94.5325
1680	104.532
1690	88.9328
1700	98.9328
1710	90.0996
1720	100.1
1730	110.1
1740	120.1
1750	107.025
1760	117.025
1770	96.805
1780	106.805
1790	95.5258
1800	105.526
1810	90.8215
1820	100.822
1830	85.467
1840	95.467
1850	82.7886
1860	92.7886
1870	102.789
1880	88.2389
1890	98.2389
1900	76.7332
1910	86.7332
1920	79.8037
1930	89.8037
1940	99.8037
1950	109.804
1960	100.294
1970	110.294
1980	120.294
1990	108.022
2000	118.022
2010	99.0101
2020	109.01
2030	97.2967
2040	86.9916
2050	96.9917
2060	106.992
2070	94.836
2080	104.836
2090	90.2309
2100	100.231
2110	84.5167
2120	94.5167
2130	79.9445
2140	89.9445
2150	77.0622
2160	87.0622
2170	97.0622
2180	82.8571
2190	92.8571
2200	102.857
2210	87.2714
2220	97.2714
2230	86.3667
2240	96.3667
2250	86.0064
2260	96.0064
2270	106.006
2280	94.8752
2290	104.875
2300	94.0967
2310	104.097
2320	86.9461
2330	96.9461
2340	106.946
2350	96.8833
2360	86.2209
2370	96.2209
2380	106.221
2390	116.221
2400	101.727
2410	89.1653
2420	99.1653
2430	81.5362
2440	91.5362
2450	80.4231
2460	70.4315
2470	80.4315
2480	71.0739
2490	81.0739
2500	70.631
2510	80.6311
2520	69.2025
2530	79.2025
2540	89.2025
2550	78.1668
2560	88.1668
2570	98.1668
2580	91.4714
2590	101.471
2600	111.471
2610	100.043
2620	110.043
2630	98.6143
2640	108.614
2650	95.9952
2660	105.995
2670	91.8004
2680	101.8
2690	91.868
2700	79.7251
2710	89.7251
2720	99.7251
2730	80.3616
2740	90.3616
2750	75.127
2760	85.127
2770	95.127
2780	88.1075
2790	98.1075
2800	90.498
2810	100.498
2820	89.1964
2830	99.1964
2840	87.2897
2850	97.2897
2860	107.29
2870	91.9865
2880	101.987
2890	111.987
2900	121.987
2910	110.314
2920	120.314
2930	130.314
2940	114.05
2950	124.05
2960	109.221
2970	119.221
2980	103.074
2990	113.074
3000	123.074
3010	107.334
3020	117.334
3030	100.087
3040	110.087
3050	95.5726
3060	105.573
3070	115.573
3080	97.21
3090	107.21
3100	117.21
3110	91.6277
3120	101.628
3130	83.6378
3140	93.6378
3150	77.7029
3160	87.7029
3170	82.8857
3180	92.8857
3190	87.1435
3200	97.1435
3210	107.144
3220	94.7483
3230	104.748
3240	94.0346
3250	104.035
3260	114.035
3270	100.685
3280	110.685
3290	93.0793
3300	103.079
3310	113.079
3320	95.6397
3330	105.64
3340	91.4999
3350	101.5
3360	84.4921
3370	94.4921
3380	82.1614
3390	92.1614
3400	81.8111
3410	91.8111
3420	101.811
3430	88.6761
3440	98.676
3450	108.676
3460	97.0597
3470	85.819
3480	95.819
3490	105.819
3500	89.6719
3510	99.6719
3520	87.4443
3530	97.4443
3540	107.444
3550	97.7034
3560	107.703
3570	95.368
3580	105.368
3590	96.008
3600	106.008
3610	116.008
3620	102.323
3630	112.323
3640	122.323
3650	105.457
3660	115.457
3670	94.9704
3680	104.97
3690	114.97
3700	90.4892
3710	100.489
3720	81.9435
3730	91.9435
3740	82.75
3750	92.75
3760	82.4505
3770	92.4505
3780	102.45
3790	91.2728
3800	101.273
3810	90.7505
3820	100.751
3830	110.751
3840	93.9302
3850	103.93
3860	113.93
3870	99.6267
3880	109.627
3890	100.752
3900	110.752
3910	99.4549
3920	109.455
3930	95.3041
3940	105.304
3950	91.7104
3960	101.71
3970	85.7818
3980	95.7818
3990	105.782
4000	92.2725
4010	102.272
4020	112.272
4030	99.5502
4040	109.55
4050	119.55
4060	107.931
4070	117.931
4080	104.807
4090	114.807
4100	99.3744
4110	109.374
4120	119.374
4130	102.494
4140	112.494
4150	95.0075
4160	105.007
4170	88.5984
4180	98.5984
4190	108.598
4200	94.2355
4210	104.235
4220	114.235
4230	95.6728
4240	105.673
4250	87.0576
4260	97.0576
4270	81.9519
4280	91.9519
4290	101.952
4300	94.4259
4310	104.426
4320	114.426
4330	106.388
4340	116.388
4350	105.794
4360	115.794
4370	102.093
4380	112.093
4390	122.093
4400	104.064
4410	114.064
4420	124.064
4430	103.822
4440	113.822
4450	123.822
4460	103.328
4470	86.8142
4480	96.8142
4490	106.814
4500	95.1117
4510	105.112
4520	91.0051
4530	101.005
4540	84.9032
4550	73.5434
4560	83.5434
4570	93.5434
4580	83.7584
4590	93.7584
4600	103.758
4610	113.758
4620	102.547
4630	112.547
4640	99.8584
4650	109.858
4660	96.4414
4670	106.441
4680	91.1873
4690	101.187
4700	111.187
4710	95.393
4720	105.393
4730	91.6879
4740	81.2264
4750	91.2264
4760	101.226
4770	87.7882
4780	97.7882
4790	107.788
4800	94.8694
4810	104.869
4820	89.9401
4830	99.9401
4840	81.9345
4850	91.9345
4860	101.935
4870	93.0945
4880	103.095
4890	113.095
4900	101.526
4910	111.526
4920	121.526
4930	107.578
4940	117.578
4950	127.578
4960	112.063
4970	122.063
4980	107.44
4990	117.44
5000	98.5345
5010	82.052
5020	92.052
5030	73.8556
5040	83.8556
5050	93.8556
5060	103.856
5070	91.2455
5080	101.246
5090	90.9919
5100	100.992
5110	110.992
5120	99.2287
5130	109.229
5140	93.6041
5150	103.604
5160	91.0721
5170	101.072
5180	90.6465
5190	100.646
5200	110.646
5210	99.2276
5220	109.228
5230	95.777
5240	105.777
5250	92.2955
5260	102.296
5270	112.296
5280	96.2238
5290	106.224
5300	116.224
5310	94.1247
5320	104.125
5330	88.5172
5340	74.5265
5350	84.5265
5360	78.5927
5370	88.5927
5380	98.5927
5390	88.1416
5400	98.1416
5410	88.7028
5420	78.829
5430	88.829
5440	98.829
5450	87.1107
5460	75.9932
5470	85.9932
5480	95.9932
5490	83.8467
5500	93.8467
5510	82.9474
5520	92.9474
5530	82.3158
5540	92.3158
5550	79.0694
5560	89.0694
5570	99.0694
5580	87.8595
5590	97.8595
5600	87.9242
5610	97.9242
5620	88.8876
5630	98.8876
5640	108.888
5650	118.888
5660	105.873
5670	115.873
5680	125.873
5690	111.168
5700	121.168
5710	104.583
5720	114.583
5730	98.3753
5740	108.375
5750	90.7653
5760	100.765
5770	88.216
5780	98.216
5790	86.7007
5800	96.7007
5810	85.2886
5820	72.6398
5830	82.6398
5840	92.6398
5850	102.64
5860	90.5159
5870	100.516
5880	85.0489
5890	95.0489
5900	85.6345
5910	95.6345
5920	84.0012
5930	94.0012
5940	82.7024
5950	92.7024
5960	102.702
5970	91.316
5980	101.316
5990	91.6482
6000	101.648
6010	111.648
6020	101.048
6030	111.048
6040	97.6493
6050	107.649
6060	92.4493
6070	102.449
6080	112.449
6090	95.0086
6100	105.009
6110	115.009
6120	97.2572
6130	107.257
6140	117.257
6150	98.4306
6160	108.431
6170	99.83
6180	109.83
6190	119.83
6200	106.811
6210	116.811
6220	103.393
6230	113.393
6240	99.5467
6250	109.547
6260	119.547
6270	103.79
6280	113.79
6290	96.0846
6300	106.085
6310	116.085
6320	105.292
6330	115.292
6340	125.292
6350	109.842
6360	119.842
6370	101.031
6380	111.031
6390	121.031
6400	98.9054
6410	108.905
6420	84.7799
6430	76.9807
6440	86.9807
6450	80.5532
6460	90.5532
6470	83.7477
6480	93.7477
6490	103.748
6500	92.0608
6510	102.061
6520	88.4397
6530	98.4397
6540	83.6156
6550	93.6156
6560	103.616
6570	113.616
6580	97.2422
6590	107.242
6600	117.242
6610	101.25
6620	90.7685
6630	100.769
6640	90.9197
6650	100.92
6660	90.0035
6670	100.003
6680	84.958
6690	94.958
6700	79.4645
6710	89.4645
6720	79.1964
6730	89.1964
6740	78.8393
6750	88.8393
6760	78.704
6770	88.704
6780	98.704
6790	88.1103
6800	98.1103
6810	108.11
6820	93.2441
6830	103.244
6840	113.244
6850	102.744
6860	112.744
6870	98.7378
6880	108.738
6890	118.738
6900	100.918
6910	110.918
6920	95.7837
6930	105.784
6940	90.781
6950	100.781
6960	85.8498
6970	95.8498
6980	105.85
6990	94.2581
7000	84.4179
7010	94.4179
7020	104.418
7030	91.3249
7040	101.325
7050	86.8782
7060	96.8782
7070	106.878
7080	93.2906
7090	103.291
7100	113.291
7110	97.0062
7120	107.006
7130	90.3083
7140	100.308
7150	89.168
7160	99.168
7170	84.7988
7180	94.7988
7190	84.9847
7200	94.9847
7210	104.985
7220	95.0578
7230	105.058
7240	115.058
7250	101.171
7260	111.171
7270	97.3168
7280	107.317
7290	117.317
7300	104.12
7310	114.12
7320	97.6862
7330	107.686
7340	88.9795
7350	98.9795
7360	82.8947
7370	92.8947
7380	81.1827
7390	91.1827
7400	79.1363
7410	89.1363
7420	99.1363
7430	90.8037
7440	100.804
7450	110.804
7460	96.0135
7470	106.013
7480	97.5839
7490	107.584
7500	95.6296
7510	105.63
7520	115.63
7530	100.32
7540	110.32
7550	92.4918
7560	102.492
7570	86.6097
7580	96.6097
7590	106.61
7600	90.919
7610	100.919
7620	90.4743
7630	100.474
7640	87.998
7650	97.998
7660	107.998
7670	97.5307
7680	107.531
7690	117.531
7700	103.62
7710	113.62
7720	99.0398
7730	83.8751
7740	93.8751
7750	77.2323
7760	87.2323
7770	97.2323
7780	85.4208
7790	95.4208
7800	86.4918
7810	96.4918
7820	87.4178
7830	77.3281
7840	87.3281
7850	97.3281
7860	81.5193
7870	71.6664
7880	81.6664
7890	91.6664
7900	81.3358
7910	91.3358
7920	101.336
7930	88.2292
7940	98.2292
7950	108.229
7960	98.2108
7970	85.8519
7980	95.8519
7990	105.852
8000	89.736
8010	99.736
8020	90.0317
8030	100.032
8040	89.1373
8050	99.1373
8060	87.847
8070	97.847
8080	84.9376
8090	94.9376
8100	78.5089
8110	88.5089
8120	98.5089
8130	108.509
8140	97.5727
8150	107.573
8160	117.573
8170	101.698
8180	111.698
8190	100.009
8200	86.5537
8210	74.2845
8220	84.2845
8230	94.2845
8240	79.5463
8250	89.5463
8260	78.8786
8270	88.8786
8280	79.8133
8290	89.8133
8300	99.8133
8310	88.674
8320	98.674
8330	84.5545
8340	76.4685
8350	86.4685
8360	96.4685
8370	106.469
8380	95.8116
8390	105.812
8400	90.7106
8410	100.711
8420	110.711
8430	98.4915
8440	108.492
8450	94.2507
8460	104.251
8470	90.2693
8480	77.9254
8490	87.9254
8500	77.8705
8510	87.8705
8520	97.8705
8530	86.8839
8540	96.8839
8550	83.2096
8560	93.2096
8570	79.3356
8580	89.3356
8590	99.3356
8600	89.846
8610	99.846
8620	109.846
8630	94.7063
8640	104.706
8650	114.706
8660	104.226
8670	93.3211
8680	81.611
8690	91.611
8700	78.3274
8710	88.3275
8720	71.4869
8730	81.4869
8740	74.4306
8750	84.4306
8760	94.4306
8770	82.2265
8780	92.2265
8790	81.0597
8800	91.0597
8810	101.06
8820	91.9274
8830	101.927
8840	111.927
8850	99.5232
8860	109.523
8870	119.523
8880	104.093
8890	114.093
8900	101.567
8910	111.567
8920	96.6003
8930	106.6
8940	89.5804
8950	99.5804
8960	109.58
8970	92.8584
8980	102.858
8990	93.0113
9000	103.011
9010	92.0226
9020	102.023
9030	112.023
9040	98.2037
9050	83.3968
9060	93.3968
9070	103.397
9080	90.7391
9090	100.739
9100	110.739
9110	93.9763
9120	103.976
9130	88.2938
9140	98.2938
9150	85.4051
9160	95.4051
9170	82.66
9180	92.66
9190	83.9381
9200	74.0672
9210	84.0672
9220	94.0672
9230	85.2414
9240	95.2414
9250	83.3295
9260	93.3295
9270	83.7938
9280	93.7938
9290	103.794
9300	89.2739
9310	99.2739
9320	109.274
9330	96.4742
9340	106.474
9350	116.474
9360	100.04
9370	110.04
9380	97.629
9390	107.629
9400	94.387
9410	104.387
9420	90.2387
9430	100.239
9440	110.239
9450	91.5569
9460	101.557
9470	88.1373
9480	98.1373
9490	88.1327
9500	98.1327
9510	108.133
9520	99.0742
9530	109.074
9540	97.9107
9550	107.911
9560	95.1871
9570	105.187
9580	90.1047
9590	100.105
9600	81.0353
9610	91.0353
9620	101.035
9630	83.7884
9640	93.7884
9650	103.788
9660	113.788
9670	102.526
9680	112.526
9690	100.183
9700	110.183
9710	99.0854
9720	109.085
9730	95.8982
9740	105.898
9750	115.898
9760	102.013
9770	112.013
9780	96.9945
9790	106.995
9800	116.994
9810	103.328
9820	113.328
9830	100.994
9840	110.994
9850	94.1564
9860	104.156
9870	87.3064
9880	97.3064
9890	107.306
9900	91.8093
9910	101.809
9920	111.809
9930	91.8755
9940	101.876
9950	91.4775
9960	101.478
9970	88.7468
9980	77.5778
9990	68.4354
10000	78.4354
10010	88.4354
10020	75.7342
10030	85.7342
10040	79.4457
10050	89.4457
10060	79.9915
10070	89.9915
10080	79.5089
10090	89.5089
10100	99.5089
10110	89.11
10120	99.11
10130	109.11
10140	95.8721
10150	105.872
10160	115.872
10170	99.3605
10180	109.36
10190	93.6628
10200	103.663
10210	89.4767
10220	99.4767
10230	83.7791
10240	93.7791
10250	103.779
10260	91.8023
10270	101.802
10280	111.802
10290	104.36
10300	114.36
10310	103.605
10320	113.605
10330	101.279
10340	111.279
10350	95.2037
10360	105.204
10370	88.043
10380	98.043
10390	108.043
10400	89.4461
10410	99.4461
10420	109.446
10430	89.2693
10440	99.2693
10450	90.3471
10460	100.347
10470	91.0407
10480	101.041
10490	89.0397
10500	79.4797
10510	89.4797
10520	77.2113
10530	87.2113
10540	97.2114
10550	88.1414
10560	98.1414
10570	85.6318
10580	95.6317
10590	105.632
10600	89.5415
10610	99.5415
10620	88.2736
10630	98.2736
10640	108.274
10650	96.4879
10660	106.488
10670	92.0671
10680	102.067
10690	112.067
10700	95.6854
10710	105.685
10720	87.8365
10730	97.8365
10740	86.1218
10750	96.1218
10760	106.122
10770	93.3913
10780	103.391
10790	113.391
10800	103.773
10810	113.773
10820	103.035
10830	113.035
10840	100.442
10850	110.442
10860	94.1433
10870	104.143
10880	88.2789
10890	98.2789
10900	108.279
10910	90.9628
10920	100.963
10930	81.6433
10940	91.6433
10950	101.643
10960	92.553
10970	102.553
10980	93.2771
10990	103.277
11000	91.9981
11010	82.2802
11020	92.2802
11030	80.3479
11040	90.3479
11050	100.348
11060	89.1055
11070	77.6771
11080	87.6771
11090	97.6771
11100	80.5477
11110	90.5477
11120	100.548
11130	90.5091
11140	100.509
11150	110.509
11160	98.6835
11170	108.683
11180	94.6722
11190	104.672
11200	90.4989
11210	100.499
11220	110.499
11230	95.3354
11240	105.335
11250	88.0129
11260	98.0129
11270	108.013
11280	95.6096
11290	105.61
11300	95.5503
11310	105.55
11320	115.55
11330	105.189
11340	115.189
11350	102.194
11360	86.9431
11370	96.9431
11380	106.943
11390	90.3257
11400	100.326
11410	110.326
11420	93.4341
11430	103.434
11440	84.9717
11450	94.9717
11460	104.972
11470	93.0166
11480	103.017
11490	93.8319
11500	103.832
11510	92.5683
11520	82.853
11530	92.853
11540	82.2513
11550	92.2513
11560	102.251
11570	87.0141
11580	97.0141
11590	83.2527
11600	93.2527
11610	78.2092
11620	88.2092
11630	98.2092
11640	88.0982
11650	98.0982
11660	108.098
11670	96.2129
11680	106.213
11690	92.5251
11700	80.3617
11710	90.3617
11720	100.362
11730	87.7628
11740	97.7628
11750	86.7961
11760	96.7961
11770	106.796
11780	95.8216
11790	105.822
11800	93.562
11810	103.562
11820	113.562
11830	97.5479
11840	107.548
11850	95.9165
11860	105.916
11870	92.5008
11880	102.501
11890	112.501
11900	99.05
11910	109.05
11920	119.05
11930	101.062
11940	111.062
11950	121.062
11960	98.5481
11970	108.548
11980	88.2945
11990	98.2945
12000	90.366
12010	100.366
12020	110.366
12030	100.458
12040	88.4033
12050	98.4033
12060	86.4635
12070	96.4635
12080	85.2294
12090	95.2294
12100	105.229
12110	89.0683
12120	99.0683
12130	82.6913
12140	92.6913
12150	79.9207
12160	89.9207
12170	99.9207
12180	88.725
12190	98.7249
12200	108.725
12210	96.5089
12220	83.8768
12230	93.8768
12240	81.511
12250	91.511
12260	101.511
12270	90.0282
12280	100.028
12290	89.9721
12300	99.9721
12310	109.972
12320	98.7218
12330	108.722
12340	118.722
12350	101.644
12360	111.644
12370	97.9947
12380	107.995
12390	94.8988
12400	104.899
12410	114.899
12420	100.059
12430	110.059
12440	120.059
12450	101.208
12460	111.208
12470	90.9326
12480	100.933
12490	110.933
12500	89.8005
12510	99.8005
12520	90.6968
12530	100.697
12540	91.8001
12550	81.4227
12560	91.4227
12570	101.423
12580	90.566
12590	100.566
12600	90.0472
12610	100.047
12620	85.1415
12630	95.1415
12640	105.142
12650	87.9852
12660	97.9852
12670	84.4175
12680	94.4175
12690	104.418
12700	91.5343
12710	101.534
12720	89.9365
12730	99.9365
12740	85.1458
12750	95.1458
12760	82.7553
12770	92.7553
12780	83.2592
12790	93.2592
12800	103.259
12810	92.5298
12820	102.53
12830	112.53
12840	101.836
12850	111.836
12860	97.2946
12870	107.295
12880	94.6336
12890	104.634
12900	92.0609
12910	102.061
12920	112.061
12930	122.061
12940	106.97
12950	116.97
12960	126.97
12970	107.037
12980	117.037
12990	96.0539
13000	106.054
13010	85.3061
13020	95.3061
13030	86.0522
13040	96.0522
13050	106.052
13060	95.3185
13070	83.9101
13080	93.9101
13090	84.4501
13100	94.4501
13110	104.45
13120	92.9792
13130	102.979
13140	86.4811
13150	96.4811
13160	81.8328
13170	91.8328
13180	101.833
13190	89.1513
13200	99.1513
13210	109.151
13220	95.1584
13230	105.158
13240	93.1135
13250	80.5338
13260	90.5338
13270	78.9761
13280	88.9762
13290	98.9761
13300	88.4692
13310	98.4692
13320	108.469
13330	94.0675
13340	84.9789
13350	94.979
13360	104.979
13370	90.1051
13380	100.105
13390	88.7901
13400	98.7901
13410	86.6926
13420	96.6926
13430	83.8311
13440	93.8311
13450	103.831
13460	89.7129
13470	99.7129
13480	109.713
13490	119.713
13500	102.646
13510	112.646
13520	95.4767
13530	105.477
13540	115.477
13550	104.398
13560	114.398
13570	102.139
13580	112.139
13590	98.3233
13600	108.323
13610	92.8304
13620	102.83
13630	112.83
13640	93.9503
13650	103.95
13660	88.8088
13670	98.8088
13680	85.6746
13690	95.6746
13700	84.0956
13710	94.0956
13720	104.096
13730	94.5205
13740	104.52
13750	114.52
13760	99.8917
13770	86.3137
13780	96.3137
13790	80.2818
13800	90.2818
13810	100.282
13820	87.8773
13830	97.8773
13840	84.8836
13850	94.8836
13860	104.884
13870	92.4766
13880	102.477
13890	92.7743
13900	102.774
13910	93.2292
13920	83.1895
13930	93.1895
13940	103.19
13950	113.19
13960	97.9169
13970	107.917
13980	90.111
13990	100.111
14000	83.9454
14010	93.9454
14020	78.4678
14030	88.4678
14040	98.4678
14050	89.283
14060	99.283
14070	109.283
14080	95.8583
14090	105.858
14100	95.5334
14110	85.0731
14120	95.0731
14130	83.6057
14140	93.6057
14150	103.606
14160	91.3914
14170	101.391
14180	111.391
14190	97.2083
14200	107.208
14210	94.3196
14220	104.32
14230	87.3542
14240	97.3542
14250	86.8299
14260	96.8299
14270	84.8784
14280	94.8784
14290	104.878
14300	90.8691
14310	100.869
14320	88.3919
14330	98.3919
14340	85.4589
14350	95.4589
14360	81.507
14370	91.507
14380	101.507
14390	90.5375
14400	100.538
14410	110.538
14420	100.138
14430	110.138
14440	96.893
14450	83.7302
14460	93.7302
14470	103.73
14480	88.4675
14490	98.4675
14500	85.6954
14510	95.6954
14520	83.2887
14530	93.2887
14540	103.289
14550	94.3436
14560	81.0262
14570	91.0262
14580	81.5199
14590	91.5199
14600	79.9508
14610	89.9508
14620	99.9508
14630	88.3242
14640	98.3242
14650	108.324
14660	93.3863
14670	103.386
14680	88.0981
14690	98.0981
14700	108.098
14710	91.899
14720	101.899
14730	91.3014
14740	101.301
14750	111.301
14760	100.46
14770	110.46
14780	98.0119
14790	108.012
14800	92.9617
14810	102.962
14820	90.5826
14830	100.583
14840	85.3397
14850	95.3397
14860	105.34
14870	94.1416
14880	104.142
14890	114.142
14900	97.8377
14910	107.838
14920	92.0221
14930	102.022
14940	83.0533
14950	93.0533
14960	80.8586
14970	72.8276
14980	82.8276
14990	92.8276
15000	83.7622
15010	93.7622
15020	86.0426
15030	96.0426
15040	85.6279
15050	95.6279
15060	105.628
15070	91.6085
15080	101.608
15090	88.4382
15100	98.4382
15110	108.438
15120	95.9646
15130	105.965
15140	115.965
15150	101.268
15160	111.268
15170	121.268
15180	102.758
15190	112.758
15200	93.6096
15210	103.61
15220	92.4348
15230	102.435
15240	112.435
15250	101.286
15260	88.0531
15270	98.0531
15280	86.1677
15290	96.1677
15300	81.9023
15310	91.9023
15320	101.902
15330	87.4073
15340	97.4073
15350	107.407
15360	95.9471
15370	105.947
15380	93.0189
15390	103.019
15400	88.9997
15410	98.9997
15420	84.8969
15430	94.8969
15440	80.548
15450	70.7142
15460	80.7142
15470	71.8139
15480	81.8139
15490	91.8139
15500	84.8353
15510	76.3056
15520	86.3056
15530	96.3056
15540	81.8871
15550	91.8871
15560	82.7945
15570	92.7945
15580	102.795
15590	92.3571
15600	102.357
15610	112.357
15620	98.1787
15630	108.179
15640	95.3717
15650	105.372
15660	115.372
15670	98.6739
15680	108.674
15690	93.2375
15700	103.238
15710	113.238
15720	96.0829
15730	106.083
15740	94.8838
15750	104.884
15760	95.0474
15770	105.047
15780	115.047
15790	100.184
15800	85.9035
15810	95.9035
15820	105.904
15830	90.8138
15840	100.814
15850	110.814
15860	96.3256
15870	106.326
15880	89.8728
15890	99.8728
15900	109.873
15910	95.0949
15920	105.095
15930	92.982
15940	102.982
15950	89.6698
15960	77.9181
15970	87.9181
15980	78.2731
15990	88.2731
16000	78.8981
16010	88.8981
16020	98.8981
16030	84.3117
16040	94.3117
16050	80.5735
16060	90.5735
16070	100.573
16080	90.8875
16090	100.887
16100	110.887
16110	100.126
16120	110.126
16130	96.743
16140	84.2689
16150	94.2689
16160	104.269
16170	89.5728
16180	99.5728
16190	85.5021
16200	95.5021
16210	105.502
16220	91.1628
16230	101.163
16240	91.5787
16250	101.579
16260	87.0646
16270	97.0646
16280	86.5614
16290	96.5614
16300	84.804
16310	94.8039
16320	104.804
16330	92.6358
16340	102.636
16350	112.636
16360	97.669
16370	107.669
16380	93.0277
16390	103.028
16400	87.057
16410	97.0569
16420	107.057
16430	92.9631
16440	81.1684
16450	91.1684
16460	83.2382
16470	93.2382
16480	103.238
16490	91.823
16500	101.823
16510	85.5145
16520	95.5145
16530	83.3843
16540	93.3843
16550	81.3974
16560	91.3974
16570	101.397
16580	89.2383
16590	99.2383
16600	109.238
16610	96.0201
16620	106.02
16630	91.7883
16640	80.6781
16650	90.6781
16660	100.678
16670	90.7175
16680	81.2811
16690	91.2811
16700	78.9758
16710	88.9758
16720	77.6146
16730	87.6146
16740	97.6146
16750	83.3978
16760	73.2059
16770	83.2059
16780	93.2059
16790	83.8792
16800	93.8792
16810	103.879
16820	113.879
16830	104.572
16840	114.572
16850	102.34
16860	112.34
16870	122.34
16880	105.627
16890	115.627
16900	95.4145
16910	105.415
16920	88.0212
16930	98.0212
16940	83.8554
16950	93.8554
16960	103.855
16970	93.5482
16980	86.1079
16990	96.1079
17000	106.108
17010	93.7475
17020	103.747
17030	90.2773
17040	100.277
17050	110.277
17060	93.6667
17070	103.667
17080	88.1432
17090	98.1432
17100	86.4319
17110	75.6166
17120	85.6166
17130	71.2655
17140	81.2654
17150	91.2655
17160	101.265
17170	94.0092
17180	104.009
17190	114.009
17200	102.094
17210	112.094
17220	98.1893
17230	108.189
17240	96.4979
17250	106.498
17260	89.8262
17270	99.8262
17280	85.5102
17290	74.2053
17300	84.2054
17310	72.075
17320	66.788
17330	76.788
17340	86.788
17350	77.5903
17360	87.5903
17370	74.683
17380	84.683
17390	94.683
17400	84.1352
17410	94.1352
17420	104.135
17430	114.135
17440	102.87
17450	112.87
17460	104.868
17470	114.868
17480	124.868
17490	109.495
17500	119.495
17510	105.382
17520	115.382
17530	99.2798
17540	109.28
17550	119.28
17560	100.716
17570	110.716
17580	91.5559
17590	101.556
17600	88.3913
17610	98.3913
17620	84.4108
17630	94.4108
17640	104.411
17650	92.6531
17660	102.653
17670	112.653
17680	101.14
17690	111.14
17700	96.4739
17710	106.474
17720	116.474
17730	99.1401
17740	109.14
17750	94.5431
17760	104.543
17770	114.543
17780	101.241
17790	88.366
17800	98.366
17810	84.0529
17820	94.0529
17830	83.0279
17840	93.0279
17850	81.3389
17860	91.3389
17870	101.339
17880	85.3227
17890	95.3227
17900	83.5884
17910	93.5884
17920	103.588
17930	92.6048
17940	102.605
17950	91.0966
17960	82.21
17970	92.21
17980	82.605
17990	92.605
18000	102.605
18010	91.485
18020	79.803
18030	89.803
18040	76.8213
18050	86.8213
18060	96.8213
18070	77.4969
18080	70.1858
18090	80.1858
18100	90.1858
18110	81.2506
18120	91.2506
18130	101.251
18140	111.251
18150	101.561
18160	111.561
18170	100.56
18180	110.56
18190	98.7984
18200	108.798
18210	94.6856
18220	104.686
18230	90.5948
18240	100.595
18250	110.595
18260	97.1246
18270	107.125
18280	90.5395
18290	100.539
18300	82.6827
18310	92.6827
18320	102.683
18330	92.9548
18340	102.955
18350	112.955
18360	101.48
18370	111.48
18380	121.48
18390	105.964
18400	115.964
18410	97.9128
18420	107.913
18430	117.913
18440	97.5943
18450	107.594
18460	92.677
18470	102.677
18480	85.9254
18490	95.9254
18500	86.051
18510	96.051
18520	89.1142
18530	99.1142
18540	109.114
18550	95.2516
18560	105.252
18570	92.2212
18580	102.221
18590	86.7834
18600	96.7834
18610	106.783
18620	90.2321
18630	80.3776
18640	70.9084
18650	80.9084
18660	69.4825
18670	79.4825
18680	89.4825
18690	83.977
18700	93.977
18710	86.0306
18720	96.0306
18730	85.5984
18740	95.5984
18750	105.598
18760	89.8045
18770	99.8045
18780	109.805
18790	95.8228
18800	105.823
18810	115.823
18820	101.008
18830	89.1851
18840	99.1851
18850	89.1264
18860	99.1264
18870	85.6279
18880	95.6279
18890	105.628
18900	90.8793
18910	100.879
18920	84.1969
18930	94.1969
18940	104.197
18950	92.5469
18960	102.547
18970	91.2104
18980	101.21
18990	89.1367
19000	99.1367
19010	109.137
19020	98.4105
19030	108.41
19040	118.41
19050	105.336
19060	115.336
19070	125.336
19080	109.3
19090	119.3
19100	101.772
19110	111.772
19120	93.5024
19130	103.502
19140	85.292
19150	95.292
19160	83.3901
19170	93.3901
19180	103.39
19190	92.7712
19200	102.771
19210	89.5406
19220	99.5406
19230	87.9676
19240	97.9676
19250	107.968
19260	95.9322
19270	105.932
19280	115.932
19290	100.978
19300	110.978
19310	120.978
19320	107.448
19330	117.448
19340	100.101
19350	110.101
19360	93.9073
19370	103.907
19380	86.9335
19390	96.9335
19400	82.595
19410	92.595
19420	82.9816
19430	92.9816
19440	82.0217
19450	92.0217
19460	102.022
19470	92.8692
19480	102.869
19490	112.869
19500	122.869
19510	108.087
19520	118.087
19530	102.79
19540	89.0195
19550	76.1034
19560	86.1034
19570	96.1034
19580	80.0295
19590	90.0295
19600	77.4302
19610	87.4302
19620	80.5386
19630	90.5386
19640	100.539
19650	89.806
19660	99.806
19670	89.1281
19680	99.1281
19690	109.128
19700	98.1781
19710	108.178
19720	118.178
19730	102.523
19740	112.523
19750	122.523
19760	106.111
19770	116.111
19780	99.8346
19790	109.835
19800	88.8082
19810	98.8082
19820	86.2765
19830	96.2765
19840	84.5185
19850	94.5185
19860	84.5136
19870	94.5136
19880	104.514
19890	92.9975
19900	102.998
19910	91.0581
19920	101.058
19930	84.3451
19940	94.3451
19950	104.345
19960	114.345
19970	99.1738
19980	109.174
19990	119.174
20000	105.944
20010	115.944
20020	125.944
20030	112.049
20040	98.6004
20050	108.6
20060	92.0543
20070	102.054
20080	86.5393
20090	96.5393
20100	78.7527
20110	88.7527
20120	76.9969
20130	72.1031
20140	82.1031
20150	92.1031
20160	81.5601
20170	91.5601
20180	82.7536
20190	92.7536
20200	81.4893
20210	91.4893
20220	82.2101
20230	92.2101
20240	80.6207
20250	90.6207
20260	77.0632
20270	87.0632
20280	97.0631
20290	80.4572
20300	90.4572
20310	100.457
20320	92.9308
20330	102.931
20340	94.5409
20350	104.541
20360	94.2757
20370	104.276
20380	93.5126
20390	103.513
20400	90.7907
20410	77.8262
20420	87.8262
20430	97.8262
20440	81.4769
20450	91.4769
20460	75.9874
20470	85.9874
20480	79.5501
20490	89.5501
20500	81.7338
20510	91.7338
20520	101.734
20530	92.218
20540	102.218
20550	112.218
20560	122.218
20570	90.2416
20580	100.242
20590	87.5989
20600	97.5989
20610	107.599
20620	91.5162
20630	77.3121
20640	87.3121
20650	97.3121
20660	86.3168
20670	74.6405
20680	84.6405
20690	74.0265
20700	84.0265
20710	75.3198
20720	85.3198
20730	95.3198
20740	85.7373
20750	95.7373
20760	105.737
20770	94.9023
20780	104.902
20790	114.902
20800	99.0244
20810	109.024
20820	119.024
20830	100.236
20840	110.236
20850	97.4241
20860	86.5846
20870	96.5846
20880	83.6158
20890	93.6158
20900	103.616
20910	89.9673
20920	99.9673
20930	89.2141
20940	99.2141
20950	109.214
20960	96.3059
20970	106.306
20980	94.0567
20990	104.057
21000	114.057
21010	124.057
21020	107.39
21030	117.39
21040	103.011
21050	113.011
21060	96.0643
21070	106.064
21080	89.1716
21090	99.1716
21100	84.2962
21110	94.2962
21120	81.4578
21130	91.4578
21140	82.1458
21150	92.1458
21160	81.4678
21170	91.4678
21180	101.468
21190	111.468
21200	101.165
21210	111.165
21220	121.165
21230	106.309
21240	116.309
21250	101.893
21260	87.7786
21270	97.7786
21280	83.0271
21290	93.0271
21300	77.4369
21310	87.4369
21320	74.7489
21330	84.7489
21340	78.0385
21350	88.0385
21360	98.0385
21370	89.7491
21380	99.7491
21390	87.1116
21400	97.1116
21410	107.112
21420	96.3437
21430	106.344
21440	116.344
21450	101.044
21460	111.044
21470	121.044
21480	105.602
21490	115.602
21500	125.602
21510	107.528
21520	90.5705
21530	100.571
21540	87.7378
21550	97.7378
21560	83.0441
21570	93.0441
21580	83.1247
21590	93.1247
21600	103.125
21610	91.9092
21620	81.191
21630	91.191
21640	101.191
21650	87.2407
21660	97.2407
21670	83.7569
21680	93.7569
21690	103.757
21700	113.757
21710	102.227
21720	112.227
21730	100.056
21740	110.056
21750	93.2056
21760	103.206
21770	89.1215
21780	99.1215
21790	109.122
21800	93.7097
21810	103.71
21820	89.8973
21830	99.8973
21840	88.4451
21850	98.4451
21860	85.8424
21870	95.8424
21880	85.7316
21890	95.7316
21900	105.732
21910	115.732
21920	102.42
21930	112.42
21940	122.42
21950	106.774
21960	95.3078
21970	82.7292
21980	92.7292
21990	102.729
22000	87.6178
22010	97.6178
22020	81.631
22030	71.3956
22040	81.3956
22050	91.3956
22060	82.9952
22070	92.9952
22080	80.5157
22090	90.5157
22100	81.8192
22110	91.8192
22120	101.819
22130	92.3497
22140	102.35
22150	112.35
22160	100.027
22170	110.027
22180	120.027
22190	103.63
22200	113.63
22210	123.63
22220	105.045
22230	115.045
22240	96.4593
22250	82.666
22260	92.666
22270	79.7424
22280	89.7424
22290	99.7424
22300	89.507
22310	99.507
22320	89.0657
22330	99.0657
22340	109.066
22350	96.9561
22360	106.956
22370	94.8338
22380	104.834
22390	114.834
22400	124.834
22410	108.243
22420	118.243
22430	102.349
22440	112.349
22450	95.7957
22460	105.796
22470	88.7374
22480	98.7374
22490	83.6266
22500	93.6266
22510	81.7428
22520	91.7428
22530	82.423
22540	92.423
22550	82.095
22560	92.095
22570	102.095
22580	91.6284
22590	101.628
22600	111.628
22610	99.7821
22620	109.782
22630	119.782
22640	105.182
22650	90.6595
22660	100.659
22670	86.32
22680	96.32
22690	81.8123
22700	91.8123
22710	78.9087
22720	88.9087
22730	78.1339
22740	88.1339
22750	79.3594
22760	89.3594
22770	79.1486
22780	89.1486
22790	80.1748
22800	90.1748
22810	100.175
22820	90.8871
22830	100.887
22840	110.887
22850	120.887
22860	107.559
22870	117.559
22880	101.613
22890	111.613
22900	121.613
22910	103.59
22920	113.59
22930	95.7162
22940	81.1642
22950	91.1642
22960	78.3575
22970	88.3575
22980	98.3575
22990	88.1443
23000	98.1443
23010	88.1968
23020	98.1968
23030	108.197
23040	96.3549
23050	106.355
23060	94.2873
23070	104.287
23080	114.287
23090	124.287
23100	109.096
23110	119.096
23120	102.7
23130	112.7
23140	122.7
23150	104.67
23160	87.9781
23170	97.9781
23180	81.6182
23190	91.6182
23200	79.95
23210	89.95
23220	80.638
23230	74.3717
23240	84.3717
23250	94.3717
23260	104.372
23270	90.4459
23280	100.446
23290	86.7775
23300	96.7775
23310	84.7145
23320	73.7034
23330	83.7034
23340	74.978
23350	84.978
23360	94.978
23370	84.4541
23380	94.4541
23390	80.4109
23400	90.4109
23410	100.411
23420	91.8671
23430	101.867
23440	111.867
23450	99.6979
23460	109.698
23470	98.2242
23480	108.224
23490	118.224
23500	104.516
23510	90.5579
23520	100.558
23530	110.558
23540	93.9243
23550	103.924
23560	113.924
23570	96.6228
23580	106.623
23590	92.9864
23600	82.2864
23610	92.2864
23620	102.286
23630	88.4052
23640	98.4052
23650	108.405
23660	94.8356
23670	104.836
23680	114.836
23690	99.6537
23700	109.654
23710	97.1519
23720	107.152
23730	94.6278
23740	104.628
23750	114.628
23760	98.6559
23770	108.656
23780	93.5254
23790	103.525
23800	89.5814
23810	99.5814
23820	109.581
23830	94.0144
23840	104.014
23850	92.6157
23860	102.616
23870	112.616
23880	100.813
23890	110.813
23900	120.813
23910	100.958
23920	110.958
23930	120.958
23940	100.81
23950	110.81
23960	95.7414
23970	105.741
23980	93.8627
23990	103.863
24000	113.863
24010	102.241
24020	89.2198
24030	75.4648
24040	85.4648
24050	95.4648
24060	81.245
24070	91.245
24080	101.245
24090	90.0346
24100	100.035
24110	87.9131
24120	97.9131
24130	84.0166
24140	94.0166
24150	104.017
24160	88.3903
24170	78.1835
24180	70.7044
24190	80.7044
24200	90.7044
24210	80.6245
24220	90.6245
24230	82.8587
24240	92.8587
24250	84.7838
24260	94.7838
24270	104.784
24280	91.2628
24290	101.263
24300	86.6695
24310	96.6694
24320	106.669
24330	92.2876
24340	102.288
24350	112.288
24360	96.9558
24370	87.2661
24380	97.2661
24390	85.5334
24400	95.5334
24410	85.1039
24420	95.1039
24430	84.4751
24440	94.4751
24450	82.6182
24460	92.6182
24470	79.767
24480	89.767
24490	99.767
24500	88.0353
24510	78.2743
24520	88.2743
24530	98.2743
24540	86.6813
24550	96.6813
24560	106.681
24570	116.681
24580	104.676
24590	114.676
24600	100.608
24610	110.608
24620	120.608
24630	104.311
24640	114.311
24650	94.7464
24660	104.746
24670	90.2021
24680	100.202
24690	86.5557
24700	96.5557
24710	106.556
24720	94.6589
24730	84.7933
24740	94.7933
24750	85.8403
24760	95.8403
24770	105.84
24780	90.2877
24790	100.288
24800	85.5346
24810	95.5346
24820	80.4841
24830	90.4841
24840	80.8661
24850	72.1401
24860	82.1401
24870	74.5209
24880	84.521
24890	94.521
24900	85.5845
24910	95.5845
24920	85.1351
24930	95.1351
24940	105.135
24950	93.4291
24960	103.429
24970	113.429
24980	100.832
24990	110.832
25000	95.329
25010	105.329
25020	91.9273
25030	80.1817
25040	90.1817
25050	79.4881
25060	89.4881
25070	77.8297
25080	87.8298
25090	97.8297
25100	86.2173
25110	96.2173
25120	82.5885
25130	92.5885
25140	102.588
25150	87.7695
25160	97.7696
25170	107.77
25180	96.7705
25190	106.77
25200	116.77
25210	106.717
25220	116.717
25230	106.185
25240	116.185
25250	100.494
25260	110.494
25270	120.494
25280	103.546
25290	113.546
25300	94.9691
25310	78.3095
25320	88.3095
25330	78.6667
25340	88.6667
25350	98.6667
25360	108.667
25370	95.1019
25380	105.102
25390	115.102
25400	95.4853
25410	105.485
25420	96.0543
25430	106.054
25440	95.8192
25450	105.819
25460	92.7293
25470	102.729
25480	112.729
25490	95.3297
25500	105.33
25510	91.4849
25520	77.9057
25530	87.9057
25540	74.4694
25550	84.4694
25560	94.4694
25570	83.1885
25580	93.1885
25590	103.189
25600	113.189
25610	103.923
25620	113.923
25630	123.923
25640	111.052
25650	121.052
25660	103.245
25670	113.245
25680	95.8056
25690	105.806
25700	89.9805
25710	99.9805
25720	109.98
25730	94.776
25740	104.776
25750	93.6328
25760	103.633
25770	91.5384
25780	101.538
25790	111.538
25800	97.3503
25810	107.35
25820	117.35
25830	103.224
25840	113.224
25850	123.224
25860	107.926
25870	117.926
25880	99.0567
25890	109.057
25900	92.0504
25910	102.05
25920	82.113
25930	92.113
25940	83.1484
25950	93.1484
25960	83.3902
25970	93.3902
25980	83.9367
25990	93.9367
26000	103.937
26010	92.0097
26020	102.01
26030	112.01
26040	99.0898
26050	109.09
26060	91.3025
26070	78.1488
26080	65.7887
26090	75.7887
26100	85.7887
26110	78.5705
26120	88.5705
26130	79.2355
26140	89.2355
26150	81.3743
26160	91.3743
26170	101.374
26180	92.3902
26190	102.39
26200	89.6178
26210	99.6178
26220	109.618
26230	96.3989
26240	106.399
26250	116.399
26260	100.574
26270	110.574
26280	94.7616
26290	104.762
26300	92.3705
26310	102.371
26320	88.0845
26330	98.0845
26340	108.084
26350	93.6027
26360	81.0059
26370	91.0059
26380	81.1881
26390	91.1881
26400	101.188
26410	91.2756
26420	101.276
26430	88.0454
26440	98.0453
26450	108.045
26460	93.8556
26470	103.856
26480	113.856
26490	102.191
26500	112.191
26510	96.4706
26520	106.471
26530	92.4981
26540	102.498
26550	112.498
26560	95.8839
26570	105.884
26580	92.3541
26590	102.354
26600	89.1896
26610	99.1897
26620	87.4737
26630	97.4737
26640	87.6277
26650	97.6277
26660	85.7635
26670	95.7635
26680	105.764
26690	91.2394
26700	101.239
26710	111.239
26720	94.5439
26730	104.544
26740	90.9088
26750	100.909
26760	68.28
26770	78.28
26780	88.28
26790	76.8867
26800	86.8867
26810	77.5536
26820	87.5536
26830	80.8292
26840	90.8292
26850	79.2118
26860	89.2118
26870	78.2018
26880	88.2018
26890	98.2018
26900	108.202
26910	94.841
26920	104.841
26930	114.841
26940	100.089
26950	90.4653
26960	100.465
26970	89.6539
26980	99.6539
26990	109.654
27000	95.2425
27010	105.243
27020	91.9163
27030	79.5811
27040	89.5812
27050	99.5811
27060	89.3809
27070	99.3809
27080	83.9599
27090	93.9599
27100	81.7129
27110	91.7129
27120	101.713
27130	87.9892
27140	97.9892
27150	88.7924
27160	98.7924
27170	108.792
27180	97.5764
27190	107.576
27200	117.576
27210	102.541
27220	112.541
27230	92.9829
27240	102.983
27250	89.7737
27260	99.7737
27270	86.1659
27280	96.166
27290	106.166
27300	95.1944
27310	84.78
27320	94.78
27330	104.78
27340	91.8858
27350	101.886
27360	111.886
27370	94.2401
27380	104.24
27390	89.2944
27400	99.2944
27410	109.294
27420	95.1526
27430	82.9933
27440	92.9933
27450	82.8901
27460	92.8901
27470	82.538
27480	92.538
27490	78.7213
27500	88.7213
27510	98.7213
27520	89.4039
27530	78.6516
27540	88.6516
27550	98.6516
27560	85.051
27570	95.0511
27580	84.3595
27590	94.3595
27600	82.5987
27610	92.5987
27620	82.5762
27630	92.5762
27640	81.0338
27650	91.0338
27660	80.0222
27670	90.0222
27680	83.2241
27690	93.2241
27700	83.4001
27710	93.4001
27720	103.4
27730	91.6358
27740	101.636
27750	111.636
27760	96.8621
27770	106.862
27780	116.862
27790	102.885
27800	112.885
27810	101.393
27820	111.393
27830	95.4642
27840	105.464
27850	91.6199
27860	101.62
27870	111.62
27880	95.6872
27890	105.687
27900	91.7677
27910	101.768
27920	89.8311
27930	99.8311
27940	109.831
27950	119.831
27960	104.927
27970	114.927
27980	124.927
27990	102.913
28000	112.913
28010	97.5713
28020	107.571
28030	92.2101
28040	102.21
28050	112.21
28060	98.0883
28070	108.088
28080	96.2969
28090	85.4228
28100	95.4228
28110	81.4517
28120	91.4517
28130	78.7179
28140	88.7179
28150	98.7179
28160	87.2068
28170	97.2068
28180	107.207
28190	94.3026
28200	104.303
28210	89.0351
28220	99.0351
28230	85.0877
28240	95.0877
28250	81.9737
28260	91.9737
28270	83.0921
28280	93.0921
28290	103.092
28300	91.9123
28310	101.912
28320	93.1709
28330	103.171
28340	91.1037
28350	101.104
28360	111.104
28370	121.104
28380	107.405
28390	117.405
28400	100.765
28410	110.765
28420	91.3912
28430	101.391
28440	111.391
28450	94.3303
28460	80.0408
28470	90.0408
28480	100.041
28490	90.3855
28500	100.385
28510	89.3594
28520	99.3594
28530	109.359
28540	97.835
28550	107.835
28560	97.6971
28570	107.697
28580	93.5138
28590	103.514
28600	113.514
28610	96.9636
28620	106.964
28630	116.964
28640	98.2681
28650	108.268
28660	118.268
28670	98.2559
28680	88.126
28690	98.126
28700	89.2055
28710	99.2055
28720	109.205
28730	97.9004
28740	107.9
28750	94.0476
28760	104.048
28770	91.6478
28780	77.737
28790	87.737
28800	97.737
28810	81.4767
28820	71.0314
28830	81.0314
28840	91.0314
28850	77.8801
28860	87.8801
28870	97.8801
28880	107.88
28890	99.007
28900	109.007
28910	98.9945
28920	108.995
28930	118.995
28940	102.601
28950	112.601
28960	97.4166
28970	107.417
28980	95.1642
28990	105.164
29000	115.164
29010	99.0472
29020	109.047
29030	93.9019
29040	103.902
29050	113.902
29060	100.939
29070	110.939
29080	120.939
29090	100.463
29100	110.463
29110	120.463
29120	104.037
29130	114.037
29140	98.7192
29150	108.719
29160	92.1508
29170	102.151
29180	88.9111
29190	78.6603
29200	88.6603
29210	78.0532
29220	88.0532
29230	98.0532
29240	87.9245
29250	97.9245
29260	107.924
29270	94.8398
29280	104.84
29290	93.3113
29300	103.311
29310	89.2441
29320	99.244
29330	109.244
29340	88.9101
29350	75.5441
29360	66.0799
29370	76.0799
29380	86.0799
29390	79.8598
29400	89.8598
29410	83.7175
29420	93.7175
29430	103.717
29440	95.084
29450	105.084
29460	115.084
29470	98.8235
29480	108.823
29490	118.823
29500	102.132
29510	112.132
29520	92.5378
29530	102.538
29540	86.5866
29550	78.2272
29560	88.2272
29570	77.9187
29580	87.9187
29590	79.4545
29600	89.4545
29610	80.5843
29620	90.5843
29630	100.584
29640	88.8014
29650	98.8014
29660	108.801
29670	96.8697
29680	106.87
29690	93.0794
29700	103.079
29710	84.6463
29720	94.6463
29730	78.8861
29740	70.1956
29750	80.1956
29760	90.1956
29770	83.7033
29780	93.7033
29790	86.8462
29800	96.8462
29810	86.472
29820	96.472
29830	106.472
29840	94.8441
29850	104.844
29860	114.844
29870	99.0746
29880	109.075
29890	91.1577
29900	101.158
29910	86.8529
29920	96.8529
29930	82.5093
29940	72.5285
29950	82.5285
29960	92.5285
29970	84.0758
29980	94.0758
29990	104.076
30000	94.3462
30010	104.346
30020	114.346
30030	103.99
30040	113.99
30050	123.99
30060	107.819
30070	117.819
30080	101.039
30090	111.039
30100	91.6933
30110	101.693
30120	111.693
30130	71.8011
30140	81.8011
30150	73.7145
30160	83.7145
30170	93.7145
30180	84.3269
30190	94.3269
30200	85.4568
30210	95.4568
30220	105.457
30230	94.1363
30240	104.136
30250	114.136
30260	100.931
30270	110.931
30280	94.6861
30290	104.686
30300	86.8528
30310	96.8528
30320	80.8048
30330	71.3401
30340	81.3401
30350	91.3401
30360	84.7252
30370	94.7252
30380	84.431
30390	94.431
30400	104.431
30410	94.7866
30420	104.787
30430	92.7668
30440	102.767
30450	89.4546
30460	99.4546
30470	109.455
30480	94.7364
30490	104.736
30500	114.736
30510	98.6542
30520	80.4899
30530	90.4898
30540	79.0496
30550	89.0496
30560	99.0496
30570	89.6224
30580	80.0524
30590	90.0524
30600	100.052
30610	91.5972
30620	101.597
30630	89.574
30640	99.574
30650	86.45
30660	96.45
30670	106.45
30680	91.4793
30690	101.479
30700	111.479
30710	93.6567
30720	85.3398
30730	95.3398
30740	83.2083
30750	93.2083
30760	79.8922
30770	89.8922
30780	80.6385
30790	90.6385
30800	80.3054
30810	90.3054
30820	81.0721
30830	91.0721
30840	80.9925
30850	71.3848
30860	81.3848
30870	91.3848
30880	101.385
30890	88.4315
30900	98.4315
30910	108.432
30920	98.1876
30930	108.188
30940	118.188
30950	103.712
30960	113.712
30970	97.5349
30980	107.535
30990	91.5912
31000	101.591
31010	111.591
31020	97.7297
31030	107.73
31040	94.0594
31050	104.059
31060	91.8396
31070	101.84
31080	111.84
31090	97.6654
31100	107.665
31110	117.665
31120	102.68
31130	112.68
31140	98.2956
31150	108.296
31160	118.296
31170	103.122
31180	113.122
31190	95.8863
31200	105.886
31210	115.886
31220	97.5365
31230	79.3724
31240	89.3724
31250	99.3724
31260	89.4159
31270	99.4159
31280	89.0313
31290	99.0313
31300	88.5211
31310	98.5211
31320	108.521
31330	95.5753
31340	105.575
31350	115.575
31360	99.5382
31370	109.538
31380	93.7816
31390	103.782
31400	88.0105
31410	73.9748
31420	83.9748
31430	93.9748
31440	85.9087
31450	95.9087
31460	86.0023
31470	96.0023
31480	106.002
31490	95.0875
31500	105.088
31510	93.7499
31520	103.75
31530	113.75
31540	100.815
31550	110.815
31560	120.815
31570	105.273
31580	115.273
31590	98.0272
31600	108.027
31610	88.1527
31620	98.1527
31630	83.6148
31640	93.6148
31650	103.615
31660	88.9367
31670	98.9367
31680	108.937
31690	100.461
31700	110.461
31710	101.639
31720	111.639
31730	97.7076
31740	107.708
31750	93.5305
31760	103.53
31770	87.9876
31780	97.9876
31790	107.988
31800	117.988
31810	98.464
31820	108.464
31830	92.4232
31840	102.423
31850	112.423
31860	96.3226
31870	85.4441
31880	95.4441
31890	105.444
31900	95.3793
31910	105.379
31920	94.3005
31930	104.3
31940	114.3
31950	98.9318
31960	108.932
31970	94.6468
31980	104.647
31990	88.3747
32000	98.3747
32010	84.7908
32020	94.7908
32030	104.791
32040	89.902
32050	99.902
32060	109.902
32070	96.7827
32080	106.783
32090	94.9374
32100	104.937
32110	90.615
32120	100.615
32130	85.4401
32140	95.4401
32150	84.5745
32160	94.5745
32170	83.6606
32180	93.6606
32190	83.3239
32200	93.3239
32210	83.0368
32220	93.0368
32230	103.037
32240	89.9185
32250	99.9185
32260	109.918
32270	94.9982
32280	104.998
32290	114.998
32300	101.428
32310	89.3163
32320	77.0975
32330	87.0975
32340	97.0975
32350	83.5228
32360	93.5228
32370	83.7604
32380	93.7604
32390	83.3
32400	73.7745
32410	83.7745
32420	93.7745
32430	81.4677
32440	72.1311
32450	82.1311
32460	92.1311
32470	80.4828
32480	90.4828
32490	100.483
32500	110.483
32510	100.164
32520	110.164
32530	96.6825
32540	106.683
32550	116.683
32560	100.301
32570	110.301
32580	94.4756
32590	104.476
32600	92.444
32610	102.444
32620	112.444
32630	99.0577
32640	109.058
32650	95.8065
32660	105.806
32670	115.806
32680	103.17
32690	113.17
32700	123.17
32710	102.602
32720	112.602
32730	122.602
32740	105.296
32750	115.296
32760	99.7925
32770	109.793
32780	119.793
32790	101.295
32800	111.295
32810	92.5624
32820	102.562
32830	88.2562
32840	98.2562
32850	88.2207
32860	98.2207
32870	87.6759
32880	97.6759
32890	107.676
32900	93.8797
32910	103.88
32920	113.88
32930	99.15
32940	109.15
32950	94.7626
32960	104.763
32970	90.4061
32980	100.406
32990	110.406
33000	69.3686
33010	79.3686
33020	89.3686
33030	82.9541
33040	92.9541
33050	102.954
33060	90.5133
33070	100.513
33080	90.9905
33090	100.991
33100	110.991
33110	98.0583
33120	108.058
33130	92.1931
33140	102.193
33150	112.193
33160	96.5603
33170	106.56
33180	91.9885
33190	75.5024
33200	85.5024
33210	74.7197
33220	84.7197
33230	94.7197
33240	85.4563
33250	95.4563
33260	88.784
33270	98.784
33280	89.4674
33290	99.4674
33300	109.467
33310	95.1147
33320	105.115
33330	115.115
33340	100.083
33350	110.083
33360	120.083
33370	101.54
33380	111.54
33390	92.663
33400	83.3877
33410	93.3877
33420	81.0688
33430	91.0688
33440	80.4891
33450	90.4891
33460	80.163
33470	90.163
33480	79.837
33490	89.837
33500	82.1739
33510	92.1739
33520	102.174
33530	91.5217
33540	101.522
33550	111.522
33560	93.1159
33570	103.116
33580	68.087
33590	78.087
33600	88.087
33610	76.221
33620	86.221
33630	78.5461
33640	88.5461
33650	98.5461
33660	88.2849
33670	98.2849
33680	87.9784
33690	97.9784
33700	87.6802
33710	97.6802
33720	107.68
33730	95.7948
33740	105.795
33750	115.795
33760	125.795
33770	109.593
33780	95.3787
33790	105.379
33800	115.379
33810	99.6658
33820	109.666
33830	92.2845
33840	102.285
33850	85.6339
33860	95.634
33870	105.634
33880	97.279
33890	107.279
33900	117.279
33910	101.109
33920	111.109
33930	121.109
33940	108.082
33950	118.082
33960	128.082
33970	110.218
33980	120.218
33990	103.631
34000	113.631
34010	97.7663
34020	107.766
34030	117.766
34040	99.1047
34050	109.105
34060	88.9482
34070	98.9482
34080	85.7671
34090	95.7671
34100	85.6324
34110	95.6324
34120	105.632
34130	93.2517
34140	103.252
34150	113.252
34160	99.1074
34170	109.107
34180	119.107
34190	103.042
34200	113.042
34210	123.042
34220	105.961
34230	115.961
34240	98.7531
34250	85.0065
34260	95.0065
34270	105.006
34280	94.6163
34290	82.3065
34300	70.1629
34310	80.1629
34320	90.1629
34330	79.1935
34340	69.2532
34350	79.2532
34360	71.2199
34370	81.2199
34380	91.2199
34390	80.8888
34400	90.8888
34410	78.7555
34420	70.6592
34430	80.6592
34440	73.4035
34450	83.4035
34460	93.4035
34470	83.9043
34480	93.9043
34490	103.904
34500	95.5935
34510	105.593
34520	93.5779
34530	103.578
34540	113.578
34550	100.494
34560	110.494
34570	120.494
34580	104.93
34590	114.93
34600	99.5128
34610	109.513
34620	119.513
34630	102.406
34640	112.406
34650	96.4529
34660	106.453
34670	116.453
34680	102.85
34690	112.85
34700	122.85
34710	107.939
34720	117.939
34730	101.782
34740	90.3277
34750	100.328
34760	110.328
34770	96.2711
34780	106.271
34790	116.271
34800	126.271
34810	104.457
34820	83.467
34830	93.467
34840	103.467
34850	90.8944
34860	80.2687
34870	90.2687
34880	100.269
34890	90.1246
34900	100.125
34910	89.1549
34920	99.1549
34930	85.4247
34940	95.4247
34950	85.3808
34960	95.3808
34970	105.381
34980	92.5903
34990	102.59
35000	112.59
35010	96.0085
35020	106.009
35030	116.009
35040	100.77
35050	110.77
35060	95.1118
35070	105.112
35080	89.2238
35090	99.2238
35100	109.224
35110	96.9501
35120	106.95
35130	116.95
35140	102.856
35150	93.26
35160	103.26
35170	113.26
35180	101.3
35190	111.3
35200	121.3
35210	101.759
35220	111.759
35230	96.3673
35240	106.367
35250	88.5624
35260	98.5624
35270	82.7624
35280	92.7624
35290	102.762
35300	91.4387
35310	81.8128
35320	91.8129
35330	81.9998
35340	91.9998
35350	102
35360	89.8404
35370	78.8313
35380	88.8313
35390	80.2367
35400	90.2367
35410	100.237
35420	88.7126
35430	98.7126
35440	85.7437
35450	95.7437
35460	83.0354
35470	93.0354
35480	80.3084
35490	90.3084
35500	100.308
35510	91.6456
35520	82.1597
35530	92.1597
35540	102.16
35550	90.701
35560	100.701
35570	88.6275
35580	98.6275
35590	88.4019
35600	98.4019
35610	85.3433
35620	95.3433
35630	81.3681
35640	91.3681
35650	75.9235
35660	85.9235
35670	78.286
35680	88.286
35690	79.7251
35700	89.7251
35710	99.7251
35720	86.9416
35730	96.9416
35740	88.2291
35750	98.2291
35760	108.229
35770	118.229
35780	102.783
35790	112.783
35800	97.016
35810	107.016
35820	90.2255
35830	100.225
35840	88.3515
35850	98.3515
35860	89.6533
35870	99.6533
35880	109.653
35890	99.1003
35900	109.1
35910	93.5574
35920	103.557
35930	89.4686
35940	99.4686
35950	109.469
35960	95.0301
35970	105.03
35980	115.03
35990	99.4139
36000	109.414
