10	10
20	2
30	2
40	2
50	2
60	2
70	4.5
80	14.5
90	16
100	26
110	36
120	25
130	35
140	20
150	30
160	40
170	29.25
180	39.25
190	33.5
200	31.5
210	41.5
220	51.5
230	40
240	50
250	43.9167
260	53.9167
270	49.5
280	59.5
290	49.5
300	59.5
310	69.5
320	59.5
330	69.5
340	79.5
350	65
360	75
370	58.3333
380	68.3333
390	55.5417
400	65.5417
410	75.5417
420	41.4583
430	51.4583
440	61.4583
450	51.725
460	61.725
470	52.825
480	62.825
490	54.425
500	64.425
510	55.5288
520	65.5288
530	75.5288
540	70.3308
550	80.3308
560	71.0077
570	81.0077
580	91.0077
590	79.767
600	89.767
610	73.0703
620	83.0703
630	65.8626
640	75.8626
650	85.8626
660	66.4934
670	76.4934
680	62.3473
690	56.2136
700	66.2136
710	76.2136
720	45.4557
730	55.4557
740	65.4557
750	61.4281
760	71.4281
770	65.6967
780	75.6967
790	85.6967
800	74.0268
810	84.0268
820	72.0701
830	82.0701
840	71.3428
850	81.3428
860	91.3428
870	85.6648
880	74.9338
890	84.9338
900	74.4952
910	67.7583
920	77.7583
930	71.9659
940	81.966
950	91.966
960	81.966
970	77.0093
980	87.0093
990	97.0093
1000	107.009
1010	98.989
1020	108.989
1030	118.989
1040	104.007
1050	114.007
1060	97.2799
1070	107.28
1080	91.589
1090	101.589
1100	86.6304
1110	96.6304
1120	106.63
1130	92.1158
1140	80.8905
1150	90.8905
1160	79.7672
1170	89.7672
1180	99.7672
1190	83.285
1200	93.285
1210	103.285
1220	94.7079
1230	104.708
1240	114.708
1250	96.2623
1260	106.262
1270	91.654
1280	101.654
1290	89.0369
1300	99.0369
1310	85.7912
1320	95.7912
1330	105.791
1340	95.7157
1350	105.716
1360	89.8738
1370	76.7403
1380	86.7403
1390	96.7403
1400	87.4207
1410	77.6688
1420	87.6688
1430	97.6688
1440	83.3383
1450	72.9174
1460	82.9174
1470	68.4729
1480	78.4729
1490	88.4729
1500	80.9003
1510	90.9003
1520	83.7037
1530	93.7037
1540	84.8148
1550	94.8148
1560	104.815
1570	90.7407
1580	100.741
1590	84.304
1600	94.304
1610	104.304
1620	89.7637
1630	99.7637
1640	109.764
1650	98.1162
1660	108.116
1670	95.3257
1680	105.326
1690	95.0958
1700	105.096
1710	90.2682
1720	100.268
1730	110.268
1740	90.894
1750	100.894
1760	87.8672
1770	97.8672
1780	107.867
1790	117.867
1800	103.04
1810	113.04
1820	123.04
1830	111.379
1840	94.4966
1850	104.497
1860	92.8483
1870	102.848
1880	89.0142
1890	99.0142
1900	85.5974
1910	95.5974
1920	80.9371
1930	90.9371
1940	79.6996
1950	89.6996
1960	99.6996
1970	109.7
1980	96.4082
1990	106.408
2000	116.408
2010	101.989
2020	111.989
2030	121.989
2040	107.079
2050	117.079
2060	101.088
2070	88.7055
2080	98.7055
2090	108.706
2100	94.2534
2110	104.253
2120	88.6818
2130	98.6818
2140	86.7401
2150	76.3417
2160	86.3417
2170	96.3417
2180	106.342
2190	89.8859
2200	99.8859
2210	85.2096
2220	95.2096
2230	83.1904
2240	93.1904
2250	103.19
2260	88.6011
2270	98.6011
2280	89.4494
2290	99.4494
2300	109.449
2310	98.5998
2320	108.6
2330	96.9718
2340	106.972
2350	116.972
2360	104.318
2370	114.318
2380	124.318
2390	110.516
2400	120.516
2410	102.885
2420	112.885
2430	122.885
2440	99.3899
2450	109.39
2460	93.7975
2470	103.798
2480	113.798
2490	96.7963
2500	106.796
2510	96.302
2520	106.302
2530	116.302
2540	103.736
2550	113.736
2560	97.7206
2570	107.721
2580	117.721
2590	100.688
2600	110.688
2610	120.688
2620	102.452
2630	112.452
2640	94.108
2650	104.108
2660	90.6252
2670	100.625
2680	87.5777
2690	97.5777
2700	107.578
2710	96.739
2720	106.739
2730	95.991
2740	105.991
2750	115.991
2760	102.495
2770	112.495
2780	122.495
2790	132.495
2800	110.075
2810	120.075
2820	104.629
2830	114.629
2840	124.629
2850	108.086
2860	118.086
2870	97.5106
2880	107.511
2890	91.8636
2900	101.864
2910	86.8636
2920	96.8636
2930	106.864
2940	92.2738
2950	102.274
2960	112.274
2970	98.5021
2980	108.502
2990	118.502
3000	103.896
3010	113.896
3020	99.0778
3030	109.078
3040	92.2675
3050	102.268
3060	112.268
3070	95.6924
3080	105.692
3090	92.0929
3100	102.093
3110	112.093
3120	98.3455
3130	108.345
3140	118.345
3150	100.472
3160	110.472
3170	120.472
3180	106.653
3190	116.653
3200	102.924
3210	112.924
3220	101.14
3230	111.14
3240	98.0175
3250	108.018
3260	118.018
3270	102.89
3280	112.89
3290	93.8889
3300	77.6575
3310	87.6576
3320	97.6576
3330	107.658
3340	86.0208
3350	96.0208
3360	83.0119
3370	93.0119
3380	84.0113
3390	94.0113
3400	81.6848
3410	91.6848
3420	101.685
3430	91.0399
3440	101.04
3450	92.8684
3460	102.868
3470	94.2375
3480	104.238
3490	114.237
3500	101.752
3510	111.752
3520	121.752
3530	105.83
3540	115.83
3550	125.83
3560	107.939
3570	94.2908
3580	104.291
3590	114.291
3600	98.1795
3610	83.3701
3620	93.3701
3630	78.494
3640	88.494
3650	75.3866
3660	85.3866
3670	95.3866
3680	81.104
3690	91.104
3700	101.104
3710	91.218
3720	101.218
3730	91.2784
3740	101.278
3750	91.2715
3760	101.272
3770	87.7244
3780	97.7244
3790	84.4031
3800	72.1687
3810	82.1687
3820	92.1687
3830	80.4843
3840	90.4843
3850	100.484
3860	91.3934
3870	101.393
3880	89.4434
3890	99.4434
3900	84.9973
3910	94.9973
3920	85.6565
3930	95.6565
3940	85.4123
3950	95.4123
3960	105.412
3970	115.412
3980	103.89
3990	113.89
4000	123.89
4010	108.355
4020	118.355
4030	103.583
4040	113.583
4050	99.8195
4060	109.819
4070	92.498
4080	102.498
4090	86.6071
4100	96.6071
4110	106.607
4120	90.8929
4130	100.893
4140	85.3571
4150	95.3571
4160	105.357
4170	88.2143
4180	98.2143
4190	108.214
4200	97.4267
4210	107.427
4220	117.427
4230	105.173
4240	115.173
4250	101.921
4260	111.921
4270	97.1714
4280	107.171
4290	93.6027
4300	103.603
4310	113.603
4320	100.159
4330	86.3267
4340	96.3267
4350	106.327
4360	91.9417
4370	101.942
4380	88.5898
4390	76.3785
4400	86.3785
4410	75.0413
4420	85.0413
4430	74.9879
4440	84.9879
4450	73.7611
4460	83.7611
4470	93.7611
4480	81.7367
4490	91.7367
4500	101.737
4510	89.1702
4520	76.404
4530	86.404
4540	96.404
4550	87.3169
4560	97.3169
4570	89.8101
4580	99.8101
4590	92.5461
4600	102.546
4610	112.546
4620	101.541
4630	111.541
4640	121.541
4650	106.066
4660	116.066
4670	126.066
4680	109.245
4690	119.245
4700	100.295
4710	84.6723
4720	94.6723
4730	104.672
4740	85.6428
4750	95.6428
4760	82.738
4770	92.7381
4780	102.738
4790	91.8399
4800	101.84
4810	111.84
4820	97.9556
4830	107.956
4840	117.956
4850	100.262
4860	85.0049
4870	95.0049
4880	82.3799
4890	92.3799
4900	83.9641
4910	75.9137
4920	85.9137
4930	95.9137
4940	84.9725
4950	94.9725
4960	104.972
4970	96.021
4980	83.9286
4990	73.4538
5000	83.4538
5010	71.5714
5020	81.5714
5030	91.5714
5040	76.4286
5050	86.4286
5060	72.8571
5070	82.8571
5080	92.8571
5090	84.0459
5100	94.0459
5110	84.6801
5120	94.6801
5130	104.68
5140	90.2895
5150	100.29
5160	91.6294
5170	101.629
5180	92.3763
5190	102.376
5200	112.376
5210	98.9012
5220	108.901
5230	118.901
5240	128.901
5250	91.8847
5260	101.885
5270	90.1302
5280	100.13
5290	110.13
5300	97.5761
5310	83.9612
5320	93.9612
5330	103.961
5340	88.457
5350	98.457
5360	108.457
5370	91.3302
5380	101.33
5390	111.33
5400	97.2615
5410	107.261
5420	89.6533
5430	73.7441
5440	83.7441
5450	93.7441
5460	78.4814
5470	88.4814
5480	79.4007
5490	89.4007
5500	99.4007
5510	91.2393
5520	101.239
5530	111.239
5540	102.124
5550	91.4443
5560	80.7854
5570	90.7854
5580	80.1838
5590	90.1838
5600	100.184
5610	87.9699
5620	97.9699
5630	107.97
5640	90.0766
5650	100.077
5660	88.7936
5670	98.7936
5680	88.4736
5690	78.1941
5700	88.1941
5710	76.3123
5720	86.3123
5730	96.3123
5740	82.4013
5750	92.4013
5760	102.401
5770	89.0097
5780	99.0097
5790	109.01
5800	99.4804
5810	109.48
5820	98.0276
5830	86.5943
5840	96.5943
5850	106.594
5860	91.8044
5870	101.804
5880	111.804
5890	99.3472
5900	109.347
5910	119.347
5920	101.109
5930	111.109
5940	99.8812
5950	109.881
5960	97.7029
5970	107.703
5980	91.9874
5990	78.0071
6000	88.0071
6010	98.0071
6020	82.1174
6030	92.1174
6040	78.1543
6050	88.1543
6060	98.1543
6070	80.2724
6080	90.2724
6090	100.272
6100	91.0131
6110	101.013
6120	91.7539
6130	101.754
6140	91.8094
6150	101.809
6160	89.3657
6170	99.3657
6180	89.0699
6190	99.0699
6200	89.8353
6210	99.8353
6220	89.4621
6230	99.4621
6240	86.0408
6250	75.4241
6260	85.4241
6270	95.4241
6280	81.9607
6290	91.9607
6300	79.7656
6310	89.7656
6320	99.7656
6330	82.3706
6340	92.3706
6350	102.371
6360	88.2809
6370	98.2809
6380	84.5225
6390	78.5729
6400	88.5729
6410	98.5729
6420	88.5015
6430	98.5015
6440	89.5369
6450	99.5369
6460	109.537
6470	94.4164
6480	104.416
6490	93.4451
6500	103.445
6510	91.7938
6520	82.9804
6530	92.9804
6540	83.7784
6550	93.7784
6560	103.778
6570	88.9235
6580	98.9235
6590	84.3996
6600	94.3996
6610	104.4
6620	88.0529
6630	98.0529
6640	108.053
6650	95.0766
6660	105.077
6670	89.0796
6680	99.0796
6690	82.2026
6700	92.2026
6710	79.756
6720	89.756
6730	99.756
6740	89.2949
6750	81.3336
6760	91.3336
6770	82.9754
6780	92.9754
6790	83.0012
6800	93.0012
6810	83.6513
6820	93.6513
6830	82.6605
6840	92.6605
6850	81.083
6860	91.083
6870	101.083
6880	89.7851
6890	99.7851
6900	109.785
6910	92.0258
6920	102.026
6930	112.026
6940	122.026
6950	104.466
6960	90.183
6970	100.183
6980	88.4518
6990	98.4518
7000	85.8532
7010	95.8532
7020	105.853
7030	92.1574
7040	102.157
7050	112.157
7060	98.005
7070	87.2688
7080	97.2688
7090	83.2816
7100	93.2816
7110	79.2251
7120	89.2251
7130	79.8465
7140	89.8465
7150	99.8465
7160	90.1068
7170	100.107
7180	90.9018
7190	100.902
7200	110.902
7210	97.1437
7220	107.144
7230	117.144
7240	127.144
7250	109.345
7260	119.345
7270	99.0851
7280	82.3351
7290	92.3351
7300	102.335
7310	85.9408
7320	95.9408
7330	86.3845
7340	96.3845
7350	106.384
7360	91.5451
7370	101.545
7380	92.073
7390	102.073
7400	89.8737
7410	79.6771
7420	89.6771
7430	77.2957
7440	87.2957
7450	97.2957
7460	85.6041
7470	95.6041
7480	86.9167
7490	96.9167
7500	106.917
7510	116.917
7520	100.525
7530	110.525
7540	120.525
7550	105.567
7560	115.567
7570	95.7732
7580	79.4845
7590	89.4845
7600	99.4845
7610	87.2165
7620	97.2165
7630	82.6804
7640	92.6804
7650	81.2573
7660	91.2573
7670	83.3394
7680	93.3394
7690	82.4014
7700	92.4014
7710	82.4426
7720	92.4426
7730	81.2713
7740	75.0156
7750	85.0156
7760	76.6313
7770	86.6313
7780	96.6313
7790	83.8013
7800	93.8013
7810	103.801
7820	93.1146
7830	103.115
7840	87.9023
7850	77.081
7860	87.081
7870	79.4081
7880	71.8225
7890	81.8225
7900	72.6024
7910	82.6024
7920	92.6024
7930	78.733
7940	88.733
7950	79.8782
7960	89.8782
7970	78.8188
7980	69.0272
7990	79.0272
8000	71.1967
8010	81.1967
8020	91.1967
8030	82.7995
8040	92.7995
8050	82.5013
8060	92.5013
8070	102.501
8080	89.8903
8090	99.8903
8100	88.1859
8110	98.1859
8120	87.1844
8130	97.1844
8140	87.6302
8150	97.6302
8160	88.413
8170	98.413
8180	108.413
8190	118.413
8200	103.451
8210	113.451
8220	97.0933
8230	107.093
8240	117.093
8250	102.286
8260	90.4508
8270	100.451
8280	86.8253
8290	96.8253
8300	106.825
8310	93.5048
8320	103.505
8330	87.1229
8340	97.1229
8350	107.123
8360	90.8973
8370	100.897
8380	110.897
8390	97.7408
8400	107.741
8410	91.6639
8420	101.664
8430	85.5324
8440	95.5324
8450	85.5924
8460	76.8536
8470	86.8536
8480	96.8536
8490	87.1171
8500	97.1171
8510	107.117
8520	91.1712
8530	101.171
8540	111.171
8550	98.4685
8560	108.468
8570	118.468
8580	102.793
8590	112.793
8600	96.7568
8610	106.757
8620	93.6937
8630	103.694
8640	91.4415
8650	101.441
8660	89.3694
8670	75.045
8680	85.045
8690	95.0451
8700	80.7207
8710	90.7207
8720	100.721
8730	90.3471
8740	100.347
8750	87.4717
8760	97.4717
8770	85.993
8780	95.993
8790	105.993
8800	96.5566
8810	106.557
8820	116.557
8830	101.071
8840	111.071
8850	121.071
8860	131.071
8870	112.859
8880	122.859
8890	104.202
8900	114.202
8910	99.1197
8920	109.12
8930	91.0303
8940	101.03
8950	111.03
8960	94.7744
8970	104.774
8980	114.774
8990	99.9058
9000	87.3325
9010	97.3325
9020	83.1044
9030	93.1044
9040	103.104
9050	93.5275
9060	103.527
9070	91.2295
9080	101.229
9090	89.3887
9100	99.3887
9110	109.389
9120	97.8293
9130	107.829
9140	92.9836
9150	102.984
9160	112.984
9170	94.8856
9180	104.886
9190	114.886
9200	96.925
9210	106.925
9220	92.5637
9230	102.564
9240	86.2902
9250	96.2902
9260	87.3227
9270	97.3227
9280	87.3972
9290	97.3972
9300	85.5742
9310	95.5742
9320	105.574
9330	89.8052
9340	99.8052
9350	109.805
9360	95.6177
9370	105.618
9380	89.2301
9390	78.8493
9400	88.8493
9410	98.8493
9420	84.9772
9430	94.9772
9440	86.5491
9450	96.5491
9460	106.549
9470	116.549
9480	101.199
9490	111.199
9500	121.199
9510	106.745
9520	116.745
9530	100.591
9540	84.7446
9550	94.7446
9560	104.745
9570	93.1538
9580	82.2308
9590	92.2308
9600	102.231
9610	90
9620	100
9630	110
9640	92.9528
9650	102.953
9660	112.953
9670	101.445
9680	111.445
9690	96.3228
9700	80.4921
9710	90.4921
9720	78.0209
9730	88.0209
9740	77.3318
9750	87.3318
9760	77.3872
9770	87.3872
9780	97.3872
9790	107.387
9800	92.6201
9810	102.62
9820	91.204
9830	79.8002
9840	89.8002
9850	99.8002
9860	90.0906
9870	82.0346
9880	92.0346
9890	83.0177
9900	93.0177
9910	103.018
9920	91.7479
9930	101.748
9940	91.5797
9950	80.3374
9960	90.3374
9970	77.604
9980	87.604
9990	71.4969
10000	81.4969
10010	91.4969
10020	77.1004
10030	87.1004
10040	97.1004
10050	87.0171
10060	97.0171
10070	87.5694
10080	97.5694
10090	88.7704
10100	98.7704
10110	108.77
10120	97.7599
10130	107.76
10140	95.2848
10150	105.285
10160	115.285
10170	101.098
10180	111.098
10190	99.1641
10200	109.164
10210	96.9273
10220	82.887
10230	92.887
10240	79.4099
10250	89.4099
10260	77.2119
10270	87.2119
10280	97.2119
10290	85.0916
10300	95.0916
10310	105.092
10320	90.6028
10330	100.603
10340	110.603
10350	93.6475
10360	103.648
10370	89.3055
10380	79.9793
10390	89.9793
10400	99.9793
10410	89.6576
10420	99.6576
10430	90.5675
10440	100.567
10450	110.567
10460	120.567
10470	106.487
10480	116.487
10490	126.487
10500	113.038
10510	123.038
10520	109.607
10530	119.607
10540	129.607
10550	110.929
10560	91.1296
10570	101.13
10580	82.4169
10590	92.4169
10600	102.417
10610	89.0051
10620	99.0051
10630	83.7845
10640	93.7845
10650	103.785
10660	113.785
10670	102.43
10680	91.9323
10690	80.8511
10700	90.8511
10710	78.0641
10720	88.0641
10730	78.9039
10740	88.9039
10750	79.6316
10760	68.874
10770	78.874
10780	88.874
10790	78.4
10800	88.4
10810	77.6
10820	87.6
10830	75.2
10840	70.4667
10850	80.4667
10860	90.4667
10870	82.7333
10880	92.7333
10890	102.733
10900	90.3333
10910	100.333
10920	110.333
10930	96.8667
10940	106.867
10950	94.4667
10960	104.467
10970	92.0667
10980	102.067
10990	89.4
11000	99.4
11010	86.8667
11020	77.6667
11030	87.6667
11040	97.6667
11050	84.8667
11060	94.8667
11070	104.867
11080	94.0781
11090	81.5113
11100	70.7536
11110	80.7536
11120	70.5294
11130	80.5294
11140	90.5294
11150	79.8247
11160	89.8247
11170	79.5073
11180	89.5073
11190	99.5073
11200	90.664
11210	100.664
11220	89.0231
11230	78.5033
11240	88.5033
11250	98.5033
11260	86.5947
11270	77.8143
11280	87.8143
11290	97.8143
11300	88.2675
11310	98.2675
11320	108.268
11330	97.0564
11340	86.1615
11350	96.1615
11360	84.9957
11370	94.9957
11380	81.8919
11390	91.8919
11400	77.4798
11410	87.4798
11420	97.4798
11430	82.9403
11440	92.9403
11450	102.94
11460	112.94
11470	99.7556
11480	109.756
11490	99.115
11500	109.115
11510	96.4071
11520	106.407
11530	116.407
11540	101.669
11550	111.669
11560	98.8602
11570	108.86
11580	96.1303
11590	106.13
11600	116.13
11610	126.13
11620	109.764
11630	119.764
11640	99.9139
11650	83.6552
11660	74.9162
11670	84.9162
11680	76.3202
11690	86.3202
11700	96.3202
11710	84.9809
11720	74.0851
11730	84.0851
11740	73.913
11750	83.913
11760	93.913
11770	81.3044
11780	91.3043
11790	81.2596
11800	91.2596
11810	77.8323
11820	87.8323
11830	81.1335
11840	91.1335
11850	101.133
11860	89.9267
11870	99.9267
11880	109.927
11890	119.927
11900	109.889
11910	95.4745
11920	105.474
11930	93.8616
11940	103.862
11950	90.7192
11960	100.719
11970	85.4016
11980	95.4016
11990	105.402
12000	90.9103
12010	100.91
12020	110.91
12030	95.2372
12040	105.237
12050	115.237
12060	97.6061
12070	107.606
12080	90.4591
12090	100.459
12100	89.8433
12110	99.8433
12120	109.843
12130	100.725
12140	90.3329
12150	100.333
12160	110.333
12170	99.3546
12180	109.355
12190	119.355
12200	129.355
12210	112.67
12220	122.67
12230	132.67
12240	109.648
12250	119.648
12260	98.8214
12270	108.821
12280	89.0194
12290	99.0194
12300	85.6731
12310	95.6731
12320	86.635
12330	96.635
12340	86.0243
12350	75.6022
12360	85.6022
12370	95.6022
12380	105.602
12390	88.5871
12400	78.4251
12410	88.4251
12420	78.6164
12430	88.6164
12440	77.8181
12450	87.8181
12460	81.2465
12470	91.2465
12480	101.246
12490	91.2286
12500	101.229
12510	111.229
12520	97.5143
12530	107.514
12540	93.2363
12550	103.236
12560	88.6189
12570	98.6189
12580	83.3506
12590	93.3506
12600	85.3182
12610	95.3182
12620	105.318
12630	95.6489
12640	105.649
12650	115.649
12660	99.6938
12670	109.694
12680	95.3177
12690	105.318
12700	91.041
12710	101.041
12720	87.4003
12730	97.4003
12740	107.4
12750	98.2297
12760	108.23
12770	98.0061
12780	108.006
12790	94.0251
12800	104.025
12810	114.025
12820	124.025
12830	106.078
12840	116.078
12850	126.078
12860	105.978
12870	115.978
12880	91.4393
12890	101.439
12900	91.4175
12910	101.417
12920	87.6766
12930	97.6766
12940	107.677
12950	97.7376
12960	86.3979
12970	96.3979
12980	106.398
12990	94.7055
13000	104.705
13010	114.705
13020	124.705
13030	107.219
13040	117.219
13050	127.219
13060	106.555
13070	89.5197
13080	99.5197
13090	109.52
13100	91.632
13110	81.0181
13120	91.0181
13130	81.6335
13140	91.6336
13150	82.0938
13160	92.0938
13170	82.7777
13180	92.7777
13190	102.778
13200	112.778
13210	98.5208
13220	108.521
13230	118.521
13240	98.3487
13250	85.9018
13260	95.9018
13270	85.8253
13280	95.8253
13290	84.2181
13300	94.2181
13310	104.218
13320	92.8526
13330	102.853
13340	90.6889
13350	100.689
13360	89.5866
13370	99.5866
13380	109.587
13390	95.5956
13400	105.596
13410	115.596
13420	99.6595
13430	109.659
13440	92.6003
13450	102.6
13460	112.6
13470	99.2025
13480	109.202
13490	97.3169
13500	83.0048
13510	93.0048
13520	80.271
13530	90.2711
13540	80.6339
13550	90.6339
13560	100.634
13570	88.8953
13580	98.8953
13590	82.3224
13600	92.3224
13610	83.4962
13620	93.4962
13630	81.2014
13640	91.2014
13650	101.201
13660	88.4938
13670	98.4938
13680	90.2228
13690	80.7691
13700	90.7691
13710	100.769
13720	110.769
13730	98.1574
13740	108.157
13750	90.0254
13760	77.8378
13770	87.8378
13780	78.3051
13790	88.3051
13800	78.6985
13810	88.6985
13820	98.6985
13830	88.571
13840	98.571
13850	108.571
13860	96.7332
13870	85.2478
13880	95.2478
13890	80.8384
13900	90.8384
13910	74.7077
13920	66.0165
13930	76.0165
13940	71.2737
13950	81.2737
13960	74.9125
13970	84.9125
13980	94.9125
13990	86.1507
14000	96.1507
14010	85.4377
14020	95.4377
14030	105.438
14040	92.5775
14050	102.578
14060	112.578
14070	94.4299
14080	104.43
14090	114.43
14100	98.0219
14110	108.022
14120	118.022
14130	106.778
14140	94.459
14150	104.459
14160	114.459
14170	103.265
14180	113.265
14190	100.072
14200	86.4654
14210	96.4654
14220	106.465
14230	88.3136
14240	98.3136
14250	108.314
14260	90.0574
14270	100.057
14280	110.057
14290	94.5723
14300	104.572
14310	90.4065
14320	100.407
14330	110.407
14340	98.6414
14350	87.7838
14360	97.7838
14370	86.5419
14380	96.5419
14390	106.542
14400	93.6936
14410	103.694
14420	91.5263
14430	101.526
14440	111.526
14450	96.3766
14460	106.377
14470	116.377
14480	101.445
14490	111.445
14500	95.3102
14510	105.31
14520	115.31
14530	100.459
14540	110.459
14550	120.459
14560	107.742
14570	91.6439
14580	101.644
14590	111.644
14600	94.746
14610	104.746
14620	114.746
14630	101.234
14640	111.234
14650	121.234
14660	103.525
14670	113.525
14680	96.4077
14690	106.408
14700	116.408
14710	101.593
14720	111.593
14730	98.8048
14740	108.805
14750	94.5471
14760	104.547
14770	114.547
14780	100.529
14790	88.1384
14800	98.1384
14810	84.0328
14820	94.0328
14830	104.033
14840	86.9356
14850	96.9356
14860	106.936
14870	88.6969
14880	98.6969
14890	108.697
14900	97.7183
14910	107.718
14920	95.5262
14930	105.526
14940	94.7975
14950	104.797
14960	114.797
14970	102.332
14980	112.332
14990	99.5313
15000	109.531
15010	119.531
15020	104.467
15030	114.467
15040	95.011
15050	105.011
15060	115.011
15070	94.9488
15080	104.949
15090	114.949
15100	94.8142
15110	104.814
15120	114.814
15130	102.4
15140	90.7873
15150	100.787
15160	110.787
15170	98.5581
15180	108.558
15190	96.6329
15200	106.633
15210	93.3863
15220	103.386
15230	89.4696
15240	99.4696
15250	84.8701
15260	94.8701
15270	104.87
15280	87.1235
15290	97.1235
15300	107.123
15310	93.0241
15320	103.024
15330	113.024
15340	100.382
15350	89.4566
15360	99.4566
15370	109.457
15380	98.1749
15390	108.175
15400	93.1961
15410	79.3464
15420	89.3464
15430	78.8059
15440	88.8059
15450	98.8059
15460	85.307
15470	95.307
15480	105.307
15490	91.8837
15500	101.884
15510	92.7259
15520	102.726
15530	112.726
15540	99.5029
15550	109.503
15560	96.3469
15570	106.347
15580	90.8555
15590	100.855
15600	87.3339
15610	97.3339
15620	107.334
15630	93.7624
15640	103.762
15650	113.762
15660	123.762
15670	106.005
15680	116.005
15690	126.005
15700	109.481
15710	119.481
15720	105.347
15730	115.347
15740	125.347
15750	106.954
15760	116.954
15770	99.4825
15780	83.8851
15790	93.8851
15800	103.885
15810	94.2249
15820	104.225
15830	92.5504
15840	102.55
15850	112.55
15860	96.0253
15870	80.8597
15880	90.8597
15890	77.2897
15900	87.2897
15910	75.7881
15920	85.7881
15930	95.7881
15940	83.6584
15950	93.6584
15960	103.658
15970	94.9002
15980	104.9
15990	114.9
16000	101.891
16010	111.891
16020	100.524
16030	110.524
16040	95.4129
16050	105.413
16060	115.413
16070	100.153
16080	110.153
16090	96.7799
16100	106.78
16110	116.78
16120	103.345
16130	113.345
16140	123.346
16150	106.453
16160	116.453
16170	98.2243
16180	108.224
16190	118.224
16200	97.8835
16210	107.884
16220	117.884
16230	96.4486
16240	106.449
16250	95.3031
16260	105.303
16270	95.3708
16280	105.371
16290	115.371
16300	103.237
16310	90.3118
16320	100.312
16330	86.1058
16340	96.1058
16350	106.106
16360	89.6949
16370	99.6949
16380	85.2923
16390	95.2923
16400	105.292
16410	87.8604
16420	97.8604
16430	107.86
16440	96.8668
16450	106.867
16460	116.867
16470	104.797
16480	114.797
16490	102.963
16500	112.963
16510	101.309
16520	111.309
16530	97.321
16540	107.321
16550	117.321
16560	100.158
16570	110.158
16580	92.5799
16590	102.58
16600	86.4717
16610	96.4717
16620	106.472
16630	116.472
16640	96.4354
16650	106.435
16660	116.435
16670	104.283
16680	114.283
16690	101.953
16700	111.953
16710	100.547
16720	110.547
16730	120.547
16740	106.678
16750	91.4971
16760	101.497
16770	86.9345
16780	96.9345
16790	80.7286
16800	90.7286
16810	100.729
16820	110.729
16830	95.6004
16840	105.6
16850	115.6
16860	95.9202
16870	85.7775
16880	95.7775
16890	85.7717
16900	95.7717
16910	105.772
16920	94.9827
16930	104.983
16940	94.2183
16950	104.218
16960	114.218
16970	101.105
16980	111.105
16990	95.6719
17000	105.672
17010	115.672
17020	125.672
17030	109.188
17040	119.188
17050	129.188
17060	107.609
17070	84.7334
17080	94.7334
17090	84.9843
17100	94.9843
17110	104.984
17120	95.2821
17130	105.282
17140	94.8302
17150	104.83
17160	114.83
17170	101.116
17180	111.116
17190	95.8283
17200	105.828
17210	115.828
17220	99.532
17230	109.532
17240	119.532
17250	100.244
17260	110.244
17270	120.244
17280	97.3981
17290	107.398
17300	96.8807
17310	106.881
17320	96.9743
17330	106.974
17340	95.507
17350	105.507
17360	92.3106
17370	78.9821
17380	88.9821
17390	98.9821
17400	84.4355
17410	73.267
17420	83.267
17430	93.267
17440	78.3992
17450	88.3992
17460	79.923
17470	89.923
17480	99.923
17490	88.2588
17500	98.2588
17510	87.362
17520	97.362
17530	88.7438
17540	98.7438
17550	108.744
17560	99.6461
17570	109.646
17580	119.646
17590	106.035
17600	116.035
17610	126.035
17620	108.323
17630	118.323
17640	128.323
17650	108.841
17660	118.841
17670	99.1739
17680	109.174
17690	119.174
17700	97.8929
17710	88.0083
17720	98.0083
17730	87.4296
17740	97.4296
17750	107.43
17760	95.2782
17770	105.278
17780	115.278
17790	99.4415
17800	109.442
17810	94.7127
17820	80.181
17830	90.181
17840	76.4447
17850	86.4447
17860	75.8234
17870	85.8234
17880	79.1196
17890	89.1196
17900	99.1196
17910	89.3195
17920	99.3195
17930	109.32
17940	96.738
17950	106.738
17960	93.3367
17970	103.337
17980	113.337
17990	95.2435
18000	105.243
18010	94.1923
18020	104.192
18030	114.192
18040	100.569
18050	110.569
18060	95.635
18070	105.635
18080	115.635
18090	125.635
18100	110.739
18110	120.739
18120	130.739
18130	112.088
18140	122.088
18150	105.815
18160	115.815
18170	96.1136
18180	106.114
18190	92.9196
18200	102.92
18210	88.2975
18220	98.2975
18230	108.298
18240	92.2125
18250	102.213
18260	112.212
18270	100.075
18280	110.075
18290	120.075
18300	104.173
18310	114.173
18320	98.0587
18330	81.3276
18340	91.3276
18350	82.031
18360	92.0311
18370	82.4644
18380	92.4644
18390	82.2229
18400	92.2229
18410	80.2077
18420	90.2077
18430	100.208
18440	87.6192
18450	97.6192
18460	107.619
18470	91.8951
18480	101.895
18490	85.3506
18500	77.4331
18510	87.4331
18520	79.2081
18530	89.2081
18540	99.2081
18550	90.073
18560	80.1558
18570	90.1558
18580	80.6133
18590	90.6133
18600	100.613
18610	87.9943
18620	97.9943
18630	107.994
18640	92.4283
18650	102.428
18660	84.4879
18670	94.4879
18680	85.2282
18690	95.2282
18700	105.228
18710	94.567
18720	104.567
18730	91.7219
18740	101.722
18750	92.6387
18760	102.639
18770	112.639
18780	99.925
18790	109.925
18800	119.925
18810	103.802
18820	113.802
18830	95.8371
18840	105.837
18850	88.5934
18860	98.5934
18870	85.7083
18880	95.7083
18890	84.0794
18900	94.0794
18910	104.079
18920	93.8609
18930	103.861
18940	113.861
18950	101.073
18960	111.073
18970	121.073
18980	105.205
18990	115.205
19000	97.5852
19010	107.585
19020	91.4379
19030	101.438
19040	90.6861
19050	100.686
19060	110.686
19070	96.1297
19080	106.13
19090	91.6552
19100	101.655
19110	90.327
19120	100.327
19130	110.327
19140	120.327
19150	104.705
19160	88.9168
19170	75.2547
19180	85.2547
19190	95.2547
19200	85.5144
19210	95.5144
19220	84.6541
19230	94.6541
19240	83.1172
19250	93.1172
19260	103.117
19270	91.9112
19280	101.911
19290	111.911
19300	99.4472
19310	85.4249
19320	95.4249
19330	105.425
19340	90.1598
19350	81.3771
19360	91.3772
19370	101.377
19380	89.1283
19390	99.1283
19400	87.0975
19410	97.0975
19420	107.097
19430	117.097
19440	104.665
19450	114.665
19460	124.665
19470	109.283
19480	119.283
19490	100.538
19500	110.538
19510	94.2865
19520	104.286
19530	91.6474
19540	101.647
19550	87.9854
19560	97.9854
19570	107.985
19580	93.8977
19590	103.898
19600	92.9298
19610	102.93
19620	112.93
19630	99.1292
19640	109.129
19650	93.6631
19660	78.5959
19670	88.5959
19680	79.6212
19690	89.6212
19700	99.6212
19710	87.2294
19720	76.4353
19730	86.4353
19740	96.4353
19750	87.0285
19760	97.0285
19770	107.029
19780	94.1069
19790	104.107
19800	90.1273
19810	100.127
19820	86.4286
19830	96.4286
19840	86.2955
19850	96.2955
19860	106.296
19870	94.0001
19880	104
19890	92.0777
19900	102.078
19910	112.078
19920	122.078
19930	108.415
19940	118.415
19950	128.415
19960	111.06
19970	94.1099
19980	104.11
19990	87.6435
20000	97.6435
20010	107.644
20020	94.771
20030	104.771
20040	91.3918
20050	101.392
20060	88.0023
20070	98.0023
20080	108.002
20090	96.4675
20100	106.467
20110	116.468
20120	102.436
20130	112.436
20140	70.3265
20150	80.3265
20160	90.3265
20170	81.3643
20180	91.3643
20190	101.364
20200	89.5612
20210	78.3223
20220	88.3223
20230	98.3223
20240	87.8904
20250	97.8904
20260	107.89
20270	95.4651
20280	105.465
20290	91.0465
20300	101.047
20310	86.9646
20320	96.9646
20330	86.7795
20340	96.7795
20350	86.1931
20360	96.1931
20370	106.193
20380	93.5957
20390	103.596
20400	113.596
20410	100.555
20420	110.555
20430	120.555
20440	105.343
20450	115.343
20460	97.6324
20470	107.632
20480	91.4395
20490	101.44
20500	90.0047
20510	100.005
20520	110.005
20530	94.786
20540	104.786
20550	91.6216
20560	101.622
20570	111.622
20580	99.0037
20590	109.004
20600	119.004
20610	104.233
20620	88.3566
20630	74.8326
20640	84.8326
20650	94.8326
20660	84.0516
20670	94.0516
20680	83.6267
20690	93.6267
20700	80.1082
20710	90.1082
20720	100.108
20730	90.3697
20740	100.37
20750	110.37
20760	97.9562
20770	84.8961
20780	94.8961
20790	104.896
20800	90.8461
20810	100.846
20820	89.2932
20830	99.2932
20840	89.2816
20850	99.2816
20860	109.282
20870	95.9724
20880	85.5654
20890	95.5654
20900	105.565
20910	92.0638
20920	102.064
20930	112.064
20940	93.4336
20950	103.434
20960	85.9157
20970	95.9157
20980	84.0117
20990	94.0117
21000	84.9894
21010	94.9894
21020	104.989
21030	93.0226
21040	103.023
21050	93.1273
21060	103.127
21070	113.127
21080	123.127
21090	109.502
21100	119.502
21110	129.502
21120	111.286
21130	121.286
21140	104.732
21150	114.732
21160	95.9455
21170	105.945
21180	88.3457
21190	98.3457
21200	108.346
21210	93.6622
21220	103.662
21230	91.4821
21240	101.482
21250	111.482
21260	99.1103
21270	109.11
21280	119.11
21290	102.362
21300	88.9887
21310	77.3435
21320	87.3435
21330	97.3435
21340	85.1723
21350	95.1723
21360	82.7843
21370	92.7843
21380	79.7784
21390	89.7784
21400	99.7784
21410	89.9185
21420	99.9185
21430	109.918
21440	96.5492
21450	106.549
21460	93.8731
21470	103.873
21480	113.873
21490	98.0773
21500	108.077
21510	94.7901
21520	104.79
21530	114.79
21540	102.126
21550	112.126
21560	122.126
21570	106.185
21580	116.185
21590	126.185
21600	110.856
21610	120.856
21620	130.856
21630	111.54
21640	121.54
21650	102.086
21660	112.086
21670	96.5498
21680	106.55
21690	116.55
21700	100.78
21710	85.4017
21720	95.4017
21730	105.402
21740	92.4083
21750	102.408
21760	91.2781
21770	101.278
21780	111.278
21790	121.278
21800	104.889
21810	114.889
21820	124.889
21830	103.927
21840	89.7981
21850	99.7981
21860	87.9535
21870	97.9535
21880	107.954
21890	92.2939
21900	102.294
21910	89.3176
21920	99.3176
21930	87.1356
21940	97.1356
21950	107.136
21960	96.0674
21970	106.067
21980	116.067
21990	101.576
22000	87.8929
22010	97.8929
22020	82.4782
22030	92.4782
22040	82.1995
22050	92.1995
22060	102.2
22070	90.6081
22080	77.5686
22090	87.5686
22100	97.5686
22110	87.4612
22120	97.4612
22130	107.461
22140	94.6216
22150	104.622
22160	114.622
22170	100.706
22180	110.706
22190	96.8328
22200	106.833
22210	116.833
22220	102.618
22230	112.617
22240	98.747
22250	108.747
22260	118.747
22270	102.523
22280	112.523
22290	122.523
22300	106.997
22310	116.997
22320	126.997
22330	108.154
22340	118.154
22350	99.5366
22360	109.537
22370	94.3328
22380	104.333
22390	114.333
22400	100.191
22410	110.191
22420	95.397
22430	105.397
22440	91.62
22450	101.62
22460	89.8274
22470	99.8274
22480	109.827
22490	119.827
22500	102.774
22510	112.774
22520	122.774
22530	102.507
22540	112.507
22550	97.375
22560	107.375
22570	94.9741
22580	104.974
22590	89.569
22600	99.569
22610	85.8614
22620	95.8614
22630	105.861
22640	94.1353
22650	104.135
22660	92.3128
22670	102.313
22680	112.313
22690	98.195
22700	84.5233
22710	94.5233
22720	80.4822
22730	90.4822
22740	100.482
22750	89.2062
22760	99.2062
22770	86.8001
22780	75.4976
22790	85.4976
22800	95.4976
22810	85.2061
22820	95.2061
22830	105.206
22840	115.206
22850	101.305
22860	111.305
22870	98.1719
22880	108.172
22890	94.2754
22900	104.275
22910	114.275
22920	101.865
22930	111.865
22940	97.5094
22950	107.509
22960	117.509
22970	101.175
22980	111.175
22990	121.175
23000	105.587
23010	115.587
23020	125.587
23030	108.776
23040	118.776
23050	128.776
23060	109.907
23070	119.907
23080	103.258
23090	113.258
23100	99.9661
23110	109.966
23120	93.621
23130	103.621
23140	85.0323
23150	95.0323
23160	105.032
23170	92.2221
23180	102.222
23190	112.222
23200	122.222
23210	81.7591
23220	91.7591
23230	80.6921
23240	90.6921
23250	81.2124
23260	91.2124
23270	101.212
23280	89.8396
23290	99.8396
23300	87.1186
23310	97.1186
23320	84.3939
23330	94.3939
23340	104.394
23350	90.4115
23360	100.411
23370	110.411
23380	95.4139
23390	82.5902
23400	92.5902
23410	83.723
23420	93.723
23430	103.723
23440	92.5684
23450	102.568
23460	90.103
23470	100.103
23480	86.4753
23490	96.4753
23500	106.475
23510	94.9207
23520	104.921
23530	93.1709
23540	103.171
23550	113.171
23560	96.6655
23570	80.984
23580	90.984
23590	100.984
23600	90.0452
23610	100.045
23620	87.7954
23630	97.7954
23640	107.795
23650	94.3097
23660	104.31
23670	114.31
23680	101.222
23690	111.222
23700	121.222
23710	107.49
23720	117.49
23730	102.26
23740	112.26
23750	96.4344
23760	106.434
23770	91.7818
23780	101.782
23790	87.2052
23800	97.2052
23810	81.0878
23820	91.0878
23830	101.088
23840	89.578
23850	99.5781
23860	109.578
23870	119.578
23880	106.86
23890	93.2032
23900	81.8513
23910	91.8513
23920	79.456
23930	89.456
23940	99.456
23950	88.887
23960	98.887
23970	86.701
23980	96.701
23990	83.8452
24000	93.8452
24010	103.845
24020	89.7651
24030	99.7651
24040	109.765
24050	96.2051
24060	106.205
24070	92.1124
24080	82.4874
24090	92.4874
24100	102.487
24110	91.6043
24120	101.604
24130	89.3072
24140	99.3072
24150	84.0082
24160	94.0082
24170	104.008
24180	92.7009
24190	102.701
24200	91.0054
24210	101.005
24220	111.005
24230	94.5924
24240	80.5707
24250	90.5706
24260	100.571
24270	89.7131
24280	99.7131
24290	109.713
24300	98.2162
24310	108.216
24320	94.2456
24330	104.246
24340	91.8075
24350	101.808
24360	111.808
24370	96.6067
24380	106.607
24390	116.607
24400	101.815
24410	87.9559
24420	97.9559
24430	107.956
24440	92.8216
24450	79.5393
24460	89.5393
24470	99.5393
24480	87.1616
24490	97.1616
24500	87.3388
24510	97.3388
24520	107.339
24530	96.2815
24540	106.282
24550	116.282
24560	101.293
24570	111.293
24580	121.293
24590	103.777
24600	87.2883
24610	97.2883
24620	107.288
24630	94.1574
24640	104.157
24650	90.5152
24660	100.515
24670	110.515
24680	95.0111
24690	105.011
24700	95.2525
24710	105.253
24720	115.253
24730	102.851
24740	112.851
24750	122.851
24760	106.763
24770	116.763
24780	126.763
24790	107.594
24800	89.97
24810	99.97
24820	109.97
24830	94.2549
24840	104.255
24850	86.678
24860	96.678
24870	106.678
24880	94.5786
24890	104.579
24900	94.9922
24910	104.992
24920	114.992
24930	102.79
24940	112.79
24950	122.79
24960	106.534
24970	116.534
24980	126.534
24990	107.512
25000	90.08
25010	100.08
25020	110.08
25030	94.2509
25040	104.251
25050	86.8551
25060	96.8551
25070	106.855
25080	94.7402
25090	104.74
25100	95.2632
25110	105.263
25120	115.263
25130	125.263
25140	111.115
25150	121.115
25160	131.115
25170	114.605
25180	124.605
25190	105.705
25200	88.114
25210	98.114
25220	108.114
25230	92.4441
25240	102.444
25250	84.9726
25260	94.9726
25270	104.973
25280	92.8058
25290	102.806
25300	91.2798
25310	101.28
25320	111.28
25330	121.28
25340	108.235
25350	95.5411
25360	83.0694
25370	93.0694
25380	79.9152
25390	89.9153
25400	78.5363
25410	88.5363
25420	98.5363
25430	83.2658
25440	93.2658
25450	103.266
25460	91.6013
25470	101.601
25480	89.6236
25490	99.6236
25500	109.624
25510	96.7817
25520	83.8123
25530	93.8123
25540	84.9546
25550	94.9546
25560	104.955
25570	93.6193
25580	103.619
25590	90.6379
25600	100.638
25610	85.4665
25620	95.4665
25630	105.467
25640	91.2311
25650	101.231
25660	111.231
25670	98.4961
25680	85.2752
25690	95.2752
25700	105.275
25710	90.1811
25720	100.181
25730	89.9035
25740	99.9035
25750	90.2075
25760	100.207
25770	110.207
25780	96.5238
25790	84.7362
25800	94.7362
25810	104.736
25820	90.5823
25830	100.582
25840	110.582
25850	95.0633
25860	105.063
25870	87.1646
25880	97.1646
25890	86.9114
25900	96.9114
25910	85.1393
25920	95.1392
25930	105.139
25940	92.8608
25950	102.861
25960	93.2005
25970	103.2
25980	113.2
25990	123.2
26000	108.966
26010	118.966
26020	128.966
26030	112.909
26040	122.909
26050	104.403
26060	86.6331
26070	96.6331
26080	106.633
26090	91.4657
26100	101.466
26110	87.8514
26120	97.8514
26130	83.6095
26140	93.6095
26150	103.61
26160	91.9363
26170	101.936
26180	111.936
26190	100.586
26200	110.586
26210	97.7139
26220	84.4257
26230	94.4257
26240	81.8069
26250	91.8069
26260	80.5393
26270	90.5393
26280	76.7335
26290	86.7335
26300	96.7335
26310	106.734
26320	95.1758
26330	105.176
26340	92.1183
26350	102.118
26360	90.3097
26370	100.31
26380	86.8422
26390	96.8422
26400	87.5196
26410	97.5196
26420	107.52
26430	96.4313
26440	106.431
26450	92.1992
26460	78.7255
26470	88.7255
26480	98.7255
26490	85.9928
26500	95.9928
26510	105.993
26520	115.993
26530	101.166
26540	87.7892
26550	97.7892
26560	83.8328
26570	93.8328
26580	85.2822
26590	95.2822
26600	105.282
26610	92.3005
26620	102.301
26630	91.2662
26640	101.266
26650	111.266
26660	121.266
26670	107.277
26680	117.277
26690	127.277
26700	111.804
26710	121.804
26720	104.169
26730	86.0746
26740	96.0746
26750	106.075
26760	93.8526
26770	103.853
26780	89.075
26790	99.075
26800	83.1147
26810	93.1147
26820	103.115
26830	91.9343
26840	101.934
26850	111.934
26860	101.072
26870	111.072
26880	97.9128
26890	84.4773
26900	94.4773
26910	81.9397
26920	71.4677
26930	81.4677
26940	91.4677
26950	77.5894
26960	70.4574
26970	80.4574
26980	90.4574
26990	79.4702
27000	89.4702
27010	99.4702
27020	89.0984
27030	99.0984
27040	87.284
27050	97.284
27060	86.9425
27070	96.9425
27080	87.2147
27090	97.2147
27100	107.215
27110	95.2407
27120	105.241
27130	92.1848
27140	82.6067
27150	92.6067
27160	102.607
27170	90.2049
27180	100.205
27190	85.5809
27200	95.5809
27210	80.9708
27220	90.9708
27230	76.3746
27240	71.9673
27250	81.9673
27260	91.9673
27270	83.9081
27280	75.7334
27290	85.7334
27300	95.7334
27310	85.2625
27320	76.5542
27330	86.5542
27340	77.8344
27350	87.8344
27360	77.2583
27370	87.2583
27380	75.7517
27390	85.7517
27400	77.8254
27410	87.8254
27420	78.1499
27430	68.8384
27440	78.8384
27450	88.8384
27460	78.8384
27470	88.8384
27480	78.5051
27490	88.5051
27500	81.7619
27510	91.7619
27520	81.7667
27530	91.7667
27540	82.0612
27550	92.0612
27560	83.7447
27570	93.7447
27580	103.745
27590	92.5051
27600	102.505
27610	112.505
27620	98.1114
27630	108.111
27640	118.111
27650	100.675
27660	84.5856
27670	94.5856
27680	81.7854
27690	91.7854
27700	101.785
27710	92.201
27720	102.201
27730	91.4559
27740	101.456
27750	89.3176
27760	99.3176
27770	109.318
27780	98.1463
27790	108.146
27800	118.146
27810	103.84
27820	113.84
27830	123.84
27840	106.404
27850	88.7045
27860	98.7045
27870	108.704
27880	90.3276
27890	100.328
27900	85.6371
27910	95.6371
27920	85.0073
27930	95.0073
27940	87.2848
27950	97.2848
27960	107.285
27970	96.5694
27980	106.569
27990	116.569
28000	126.569
28010	113.252
28020	96.8649
28030	80.6954
28040	90.6954
28050	76.8187
28060	86.8188
28070	74.8875
28080	84.8875
28090	76.6274
28100	86.6274
28110	77.8203
28120	87.8203
28130	97.8203
28140	85.6478
28150	95.6478
28160	105.648
28170	115.648
28180	102.048
28190	89.0144
28200	99.0144
28210	86.7418
28220	96.7418
28230	106.742
28240	94.68
28250	104.68
28260	114.68
28270	100.898
28280	110.898
28290	99.4613
28300	109.461
28310	97.0718
28320	107.072
28330	117.072
28340	101.212
28350	111.212
28360	121.212
28370	131.212
28380	111.638
28390	93.0567
28400	103.057
28410	85.4193
28420	95.4193
28430	105.419
28440	89.6499
28450	99.6499
28460	91.2807
28470	101.281
28480	91.9756
28490	101.976
28500	111.976
28510	99.3839
28520	109.384
28530	119.384
28540	103.407
28550	113.407
28560	123.407
28570	105.164
28580	88.2376
28590	98.2376
28600	108.238
28610	90.5146
28620	100.515
28630	85.8784
28640	95.8784
28650	85.5158
28660	95.5158
28670	87.3228
28680	97.3229
28690	88.2147
28700	98.2147
28710	108.215
28720	118.215
28730	103.617
28740	113.617
28750	123.617
28760	105.586
28770	115.586
28780	97.4526
28790	107.453
28800	91.1717
28810	101.172
28820	86.1953
28830	96.1953
28840	85.5141
28850	95.5141
28860	83.7992
28870	93.7992
28880	103.799
28890	93.1767
28900	103.177
28910	113.177
28920	99.6897
28930	87.9848
28940	97.9848
28950	84.2119
28960	94.2119
28970	80.6245
28980	90.6245
28990	100.625
29000	86.9818
29010	78.2533
29020	88.2533
29030	98.2533
29040	87.4082
29050	97.4082
29060	107.408
29070	94.271
29080	104.271
29090	114.271
29100	98.0516
29110	85.6621
29120	95.6621
29130	83.5363
29140	93.5363
29150	103.536
29160	93.0192
29170	103.019
29180	113.019
29190	97.9502
29200	107.95
29210	96.1608
29220	106.161
29230	93.9161
29240	103.916
29250	113.916
29260	99.5451
29270	109.545
29280	119.545
29290	101.864
29300	84.6979
29310	94.6979
29320	104.698
29330	87.3232
29340	97.3232
29350	86.236
29360	96.236
29370	106.236
29380	96.8971
29390	106.897
29400	116.897
29410	104.966
29420	114.966
29430	101.734
29440	111.734
29450	121.734
29460	106.33
29470	116.33
29480	126.33
29490	107.44
29500	88.1182
29510	98.1181
29520	108.118
29530	90.5471
29540	100.547
29550	84.2888
29560	94.2888
29570	86.7834
29580	96.7834
29590	106.783
29600	97.5274
29610	107.527
29620	95.4672
29630	105.467
29640	115.467
29650	101.378
29660	111.378
29670	121.378
29680	103.986
29690	113.986
29700	94.7247
29710	104.725
29720	88.6013
29730	98.6013
29740	83.7366
29750	93.7366
29760	82.9608
29770	92.9608
29780	84.1556
29790	94.1556
29800	104.156
29810	93.9821
29820	103.982
29830	113.982
29840	100.903
29850	88.461
29860	98.461
29870	83.7593
29880	93.7593
29890	80.5561
29900	90.556
29910	100.556
29920	87.1472
29930	78.401
29940	88.401
29950	98.401
29960	87.4034
29970	97.4033
29980	107.403
29990	94.5733
30000	104.573
30010	114.573
30020	98.5582
30030	85.441
30040	95.441
30050	105.441
30060	92.365
30070	102.365
30080	91.546
30090	101.546
30100	111.546
30110	96.5907
30120	106.591
30130	94.632
30140	104.632
30150	92.5505
30160	102.551
30170	112.551
30180	98.4326
30190	108.433
30200	118.433
30210	101.054
30220	111.054
30230	91.7913
30240	101.791
30250	86.0668
30260	96.0668
30270	85.1092
30280	95.1092
30290	105.109
30300	95.2775
30310	105.277
30320	115.277
30330	103.411
30340	113.411
30350	100.279
30360	110.279
30370	120.279
30380	105.047
30390	115.047
30400	125.047
30410	105.993
30420	115.993
30430	96.0014
30440	106.001
30450	89.1635
30460	99.1635
30470	82.917
30480	92.917
30490	85.5886
30500	95.5886
30510	105.589
30520	95.9564
30530	105.956
30540	93.9668
30550	103.967
30560	113.967
30570	100.205
30580	110.205
30590	120.205
30600	102.438
30610	112.438
30620	93.7323
30630	103.732
30640	88.3463
30650	98.3463
30660	83.4325
30670	93.4325
30680	82.948
30690	92.948
30700	84.3625
30710	94.3625
30720	104.363
30730	94.4359
30740	104.436
30750	114.436
30760	124.436
30770	109.685
30780	95.3815
30790	105.382
30800	90.5504
30810	100.55
30820	86.192
30830	96.192
30840	106.192
30850	91.3562
30860	101.356
30870	90.9312
30880	100.931
30890	88.9093
30900	98.9093
30910	108.909
30920	95.2935
30930	105.294
30940	115.294
30950	99.14
30960	81.8526
30970	91.8526
30980	101.853
30990	88.5941
31000	98.5941
31010	87.7197
31020	97.7197
31030	107.72
31040	96.5109
31050	106.511
31060	116.511
31070	105.059
31080	115.059
31090	101.929
31100	111.929
31110	121.929
31120	107.131
31130	117.131
31140	127.131
31150	108.148
31160	87.5217
31170	97.5217
31180	107.522
31190	90.2462
31200	100.246
31210	84.2405
31220	94.2405
31230	86.8649
31240	96.8649
31250	106.865
31260	97.5019
31270	107.502
31280	95.3685
31290	105.368
31300	115.368
31310	101.917
31320	111.917
31330	121.917
31340	104.518
31350	114.518
31360	94.0197
31370	104.02
31380	88.2345
31390	98.2344
31400	83.4188
31410	93.4188
31420	82.5395
31430	92.5395
31440	83.882
31450	93.882
31460	103.882
31470	94.1292
31480	104.129
31490	114.129
31500	101.196
31510	111.196
31520	96.9416
31530	106.942
31540	92.3159
31550	102.316
31560	88.067
31570	98.067
31580	108.067
31590	92.9208
31600	83.1878
31610	93.1878
31620	103.188
31630	91.1975
31640	101.198
31650	111.198
31660	97.655
31670	107.655
31680	117.655
31690	100.355
31700	82.8752
31710	92.8752
31720	102.875
31730	90.0883
31740	100.088
31750	88.9749
31760	98.9749
31770	108.975
31780	97.6984
31790	107.698
31800	95.7769
31810	105.777
31820	115.777
31830	102.718
31840	112.718
31850	122.718
31860	108.027
31870	118.027
31880	128.027
31890	108.85
31900	88.6245
31910	98.6245
31920	108.625
31930	91.9145
31940	101.915
31950	85.6303
31960	95.6303
31970	86.7882
31980	96.7882
31990	88.256
32000	98.256
32010	108.256
32020	96.4355
32030	106.436
32040	93.1757
32050	103.176
32060	113.176
32070	97.3703
32080	107.37
32090	117.37
32100	98.6945
32110	108.694
32120	118.694
32130	102.14
32140	112.14
32150	95.7193
32160	105.719
32170	93.6959
32180	103.696
32190	90.3327
32200	100.333
32210	88.671
32220	98.671
32230	108.671
32240	96.2977
32250	106.298
32260	116.298
32270	101.9
32280	111.9
32290	121.9
32300	103.05
32310	113.05
32320	123.05
32330	106.48
32340	116.48
32350	100.085
32360	110.085
32370	91.9533
32380	101.953
32390	111.953
32400	96.7437
32410	106.744
32420	92.8814
32430	102.881
32440	112.881
32450	100.98
32460	110.98
32470	120.98
32480	105.071
32490	92.7687
32500	102.769
32510	112.769
32520	97.1748
32530	107.175
32540	90.6578
32550	100.658
32560	83.0084
32570	93.0084
32580	83.3329
32590	93.3329
32600	82.9401
32610	92.9401
32620	102.94
32630	91.1079
32640	101.108
32650	111.108
32660	95.0625
32670	105.063
32680	115.063
32690	102.072
32700	112.072
32710	95.6633
32720	105.663
32730	93.3803
32740	103.38
32750	113.38
32760	99.0655
32770	109.065
32780	119.065
32790	106.22
32800	116.22
32810	102.54
32820	112.54
32830	97.9128
32840	107.913
32850	117.913
32860	100.146
32870	110.146
32880	120.146
32890	130.146
32900	110.382
32910	120.382
32920	99.1092
32930	109.109
32940	91.6888
32950	101.689
32960	111.689
32970	101.448
32980	111.448
32990	99.761
33000	109.761
33010	119.761
33020	106.265
33030	116.265
33040	100.402
33050	110.402
33060	95.3414
33070	105.341
33080	115.341
33090	97.6032
33100	107.603
33110	117.603
33120	127.603
33130	108.96
33140	118.96
33150	101.435
33160	111.435
33170	92.5763
33180	102.576
33190	112.576
33200	99.8607
33210	109.861
33220	94.9007
33230	104.901
33240	92.5005
33250	102.501
33260	112.501
33270	100.007
33280	110.007
33290	120.007
33300	104.443
33310	114.443
33320	124.443
33330	107.335
33340	117.335
33350	127.335
33360	109.433
33370	119.433
33380	98.7531
33390	108.753
33400	90.8575
33410	100.857
33420	87.2474
33430	97.2474
33440	84.7524
33450	94.7524
33460	104.752
33470	94.1741
33480	104.174
33490	114.174
33500	101.238
33510	111.238
33520	121.238
33530	107.987
33540	117.987
33550	127.987
33560	111.412
33570	121.412
33580	102.066
33590	112.066
33600	91.1399
33610	101.14
33620	89.7338
33630	99.7338
33640	87.145
33650	97.145
33660	107.145
33670	92.9854
33680	102.985
33690	112.985
33700	95.9329
33710	105.933
33720	115.933
33730	103.404
33740	113.404
33750	98.528
33760	108.528
33770	92.313
33780	102.313
33790	88.6585
33800	98.6585
33810	88.3548
33820	98.3548
33830	108.355
33840	95.8349
33850	105.835
33860	115.835
33870	101.742
33880	111.742
33890	121.742
33900	104.497
33910	114.497
33920	99.3714
33930	109.371
33940	119.371
33950	100.173
33960	80.9429
33970	90.9429
33980	82.5139
33990	92.5139
34000	102.514
34010	92.4164
34020	102.416
34030	112.416
34040	99.9709
34050	109.971
34060	119.971
34070	105.97
34080	115.97
34090	125.97
34100	108.846
34110	118.846
34120	102.233
34130	112.233
34140	122.233
34150	103.193
34160	82.4901
34170	92.4901
34180	80.885
34190	90.885
34200	100.885
34210	91.6079
34220	101.608
34230	91.2327
34240	101.233
34250	111.233
34260	121.233
34270	107.415
34280	117.415
34290	127.415
34300	110.526
34310	120.526
34320	104.058
34330	114.058
34340	124.058
34350	104.767
34360	84.3124
34370	94.3124
34380	82.5917
34390	92.5917
34400	102.592
34410	89.9736
34420	99.9736
34430	91.099
34440	101.099
34450	111.099
34460	121.099
34470	107.153
34480	117.153
34490	127.153
34500	110.504
34510	120.504
34520	104.247
34530	114.247
34540	124.247
34550	103.365
34560	84.4159
34570	94.4159
34580	82.8067
34590	92.8067
34600	102.807
34610	90.0531
34620	100.053
34630	91.1633
34640	101.163
34650	111.163
34660	121.163
34670	107.237
34680	117.237
34690	127.237
34700	110.376
34710	120.376
34720	104.251
34730	114.251
34740	124.251
34750	103.554
34760	84.4215
34770	94.4215
34780	82.688
34790	92.688
34800	102.688
34810	90.0921
34820	100.092
34830	110.092
34840	99.3552
34850	109.355
34860	119.355
34870	106.862
34880	116.862
34890	126.862
34900	110.118
34910	120.118
34920	104.15
34930	114.15
34940	124.15
34950	103.616
34960	84.6148
34970	94.6148
34980	82.5594
34990	92.5594
35000	102.559
35010	90.0667
35020	100.067
35030	110.067
35040	95.6762
35050	105.676
35060	115.676
35070	103.01
35080	113.01
35090	100.997
35100	110.997
35110	120.997
35120	105.117
35130	90.3933
35140	100.393
35150	82.7901
35160	92.7901
35170	81.8386
35180	91.8386
35190	81.4438
35200	91.4438
35210	101.444
35220	89.5671
35230	99.5671
35240	109.567
35250	95.6546
35260	105.655
35270	92.4288
35280	102.429
35290	112.429
35300	95.1044
35310	81.7268
35320	73.7002
35330	83.7002
35340	93.7002
35350	83.8899
35360	93.8899
35370	83.3992
35380	93.3992
35390	103.399
35400	91.5492
35410	101.549
35420	111.549
35430	97.5221
35440	107.522
35450	117.522
35460	103.031
35470	113.031
35480	95.7415
35490	105.741
35500	70.4995
35510	80.4995
35520	90.4995
35530	80.7334
35540	90.7334
35550	80.2918
35560	90.2918
35570	100.292
35580	88.3241
35590	98.3241
35600	108.324
35610	94.1546
35620	104.155
35630	114.155
35640	99.9689
35650	109.969
35660	94.2692
35670	104.269
35680	114.269
35690	96.4608
35700	106.461
35710	96.7581
35720	106.758
35730	116.758
35740	104.589
35750	114.589
35760	100.834
35770	110.834
35780	120.834
35790	104.895
35800	114.895
35810	124.895
35820	106.826
35830	116.826
35840	96.7057
35850	106.706
35860	116.706
35870	99.8564
35880	109.856
35890	90.5413
35900	100.541
35910	110.541
35920	97.2854
35930	107.285
35940	97.0077
35950	107.008
35960	117.008
35970	104.709
35980	114.709
35990	124.709
36000	110.303
