10	5
20	5
30	5
40	5
50	5
60	5
70	7.5
80	17.5
90	17.5
100	27.5
110	20
120	30
130	40
140	25
150	35
160	22.3333
170	32.3333
180	28
190	38
200	48
210	42.1905
220	52.1905
230	49.0952
240	59.0952
250	48.5238
260	58.5238
270	68.5238
280	58.5893
290	46.6964
300	56.6964
310	50.6786
320	60.6786
330	70.6786
340	57.1587
350	67.1587
360	50.1944
370	60.1944
380	43.3611
390	53.3611
400	49.75
410	59.75
420	52.8889
430	62.8889
440	52.5222
450	62.5222
460	72.5222
470	54.2222
480	64.2222
490	49.9667
500	59.9667
510	54.6
520	64.6
530	54.6
540	64.6
550	74.6
560	64.6
570	74.6
580	69.0833
590	79.0833
600	65.75
610	75.75
620	64.0833
630	54.109
640	64.109
650	74.109
660	65.2308
670	75.2308
680	55.8974
690	65.8974
700	75.8974
710	62.1575
720	72.1575
730	61.2125
740	71.2125
750	61.844
760	71.844
770	61.4498
780	71.4498
790	53.8689
800	63.8689
810	56.8513
820	66.8513
830	60.556
840	70.5561
850	80.5561
860	57.8894
870	67.8894
880	60.8449
890	70.8449
900	64.6556
910	74.6556
920	84.6556
930	63.7866
940	73.7866
950	61.8474
960	71.8474
970	60.2474
980	70.2474
990	80.2474
1000	60.3105
1010	46.2889
1020	56.2889
1030	66.2889
1040	59.5485
1050	69.5485
1060	52.8271
1070	62.8271
1080	72.8271
1090	62.9761
1100	72.9761
1110	61.4544
1120	71.4544
1130	63.9605
1140	73.9605
1150	83.9605
1160	73.0751
1170	57.0606
1180	67.0606
1190	77.0606
1200	62.1735
1210	72.1735
1220	61.3401
1230	71.3401
1240	63.7281
1250	73.7281
1260	83.7281
1270	76.413
1280	86.413
1290	67.163
1300	77.163
1310	87.163
1320	67.99
1330	77.99
1340	63.6401
1350	73.6401
1360	54.0247
1370	64.0247
1380	53.7212
1390	63.7212
1400	55.3451
1410	65.3451
1420	75.3451
1430	54.875
1440	64.875
1450	58.6549
1460	68.6549
1470	59.2027
1480	69.2027
1490	52.4249
1500	62.4249
1510	48.7314
1520	58.7314
1530	68.7314
1540	56.3177
1550	66.3177
1560	62.2226
1570	72.2226
1580	82.2226
1590	69.9812
1600	79.9812
1610	69.9899
1620	79.9899
1630	89.9899
1640	77.395
1650	61.1708
1660	71.1708
1670	81.1708
1680	67.5826
1690	61.8754
1700	71.8754
1710	81.8754
1720	62.9637
1730	72.9637
1740	57.3505
1750	67.3505
1760	58.2629
1770	68.2629
1780	53.6007
1790	63.6007
1800	51.2582
1810	61.2582
1820	54.1786
1830	64.1786
1840	74.1786
1850	55.7032
1860	65.7032
1870	60.1986
1880	70.1986
1890	64.2595
1900	74.2595
1910	84.2595
1920	64.9223
1930	74.9223
1940	66.2317
1950	76.2317
1960	86.2317
1970	74.1845
1980	59.2714
1990	69.2714
2000	79.2714
2010	61.7044
2020	71.7044
2030	63.3322
2040	73.3322
2050	54.7434
2060	64.7434
2070	74.7434
2080	69.755
2090	79.755
2100	69.4924
2110	79.4924
2120	60.0944
2130	70.0944
2140	57.0126
2150	67.0126
2160	56.9374
2170	66.9374
2180	76.9374
2190	57.3818
2200	67.3818
2210	52.9374
2220	62.9374
2230	72.9374
2240	61.8263
2250	71.8263
2260	66.4618
2270	76.4618
2280	67.8879
2290	77.8879
2300	63.0101
2310	73.0101
2320	57.6074
2330	67.6074
2340	77.6074
2350	69.9074
2360	79.9074
2370	60.8044
2380	70.8044
2390	80.8044
2400	69.5165
2410	59.606
2420	69.606
2430	79.606
2440	60.7159
2450	48.4054
2460	58.4054
2470	52.2233
2480	62.2233
2490	72.2233
2500	57.1335
2510	67.1335
2520	54.3641
2530	64.3641
2540	58.9561
2550	68.9561
2560	53.6251
2570	63.6251
2580	55.9171
2590	65.9172
2600	61.7774
2610	71.7774
2620	56.5722
2630	66.5722
2640	76.5722
2650	60.6779
2660	70.6779
2670	59.3123
2680	69.3123
2690	79.3123
2700	71.5405
2710	81.5405
2720	70.855
2730	80.855
2740	61.194
2750	71.194
2760	60.5729
2770	70.5729
2780	56.2657
2790	66.2657
2800	76.2657
2810	56.6047
2820	51.3505
2830	61.3505
2840	71.3505
2850	63.5875
2860	73.5875
2870	57.8084
2880	67.8084
2890	77.8084
2900	65.6437
2910	75.6437
2920	64.0623
2930	74.0623
2940	84.0623
2950	76.2352
2960	86.2352
2970	73.9202
2980	58.2902
2990	68.2902
3000	78.2902
3010	68.3713
3020	56.0614
3030	66.0614
3040	76.0614
3050	56.269
3060	66.269
3070	55.1879
3080	65.1879
3090	75.1879
3100	66.8363
3110	51.7055
3120	61.7055
3130	71.7055
3140	59.3728
3150	51.995
3160	61.995
3170	71.995
3180	52.6081
3190	50.241
3200	60.241
3210	57.5925
3220	67.5925
3230	77.5925
3240	61.7943
3250	71.7943
3260	60.1249
3270	70.1249
3280	64.8869
3290	74.8869
3300	84.8869
3310	64.5884
3320	74.5884
3330	62.862
3340	72.862
3350	82.862
3360	70.1733
3370	54.0999
3380	64.0999
3390	74.0999
3400	59.4562
3410	69.4562
3420	60.9176
3430	70.9176
3440	50.4828
3450	60.4828
3460	70.4828
3470	62.2219
3480	72.2219
3490	60.4828
3500	70.4828
3510	60.9176
3520	70.9176
3530	58.3089
3540	68.3089
3550	78.3089
3560	57.8741
3570	67.8741
3580	63.976
3590	73.976
3600	66.6219
3610	76.6219
3620	86.6219
3630	66.4435
3640	76.4435
3650	65.8646
3660	75.8646
3670	85.8646
3680	74.0189
3690	57.8217
3700	67.8217
3710	77.8217
3720	68.8016
3730	78.8016
3740	69.0551
3750	79.0551
3760	89.0551
3770	64.1256
3780	74.1256
3790	60.4636
3800	70.4636
3810	60.8588
3820	70.8588
3830	80.8588
3840	60.538
3850	49.0767
3860	59.0767
3870	69.0767
3880	59.5862
3890	69.5862
3900	53.6797
3910	63.6797
3920	73.6797
3930	60.6747
3940	70.6747
3950	59.278
3960	69.278
3970	64.0833
3980	74.0833
3990	84.0833
4000	75.8419
4010	60.4744
4020	70.4744
4030	80.4744
4040	69.4633
4050	59.9747
4060	69.9747
4070	79.9747
4080	60.6672
4090	70.6672
4100	59.9169
4110	69.9169
4120	64.924
4130	74.9239
4140	60.0422
4150	51.4958
4160	61.4958
4170	71.4958
4180	60.934
4190	50.9325
4200	60.9325
4210	70.9325
4220	48.4394
4230	58.4394
4240	55.5268
4250	65.5268
4260	59.3363
4270	69.3363
4280	63.7793
4290	73.7793
4300	65.2552
4310	75.2552
4320	85.2552
4330	67.1885
4340	77.1885
4350	66.3859
4360	76.3859
4370	86.386
4380	74.0355
4390	84.0355
4400	65.8953
4410	75.8953
4420	67.0026
4430	77.0026
4440	87.0026
4450	74.1196
4460	84.1196
4470	68.5964
4480	78.5964
4490	88.5964
4500	58.8714
4510	68.8714
4520	55.8696
4530	65.8696
4540	75.8696
4550	66.0467
4560	61.5965
4570	71.5965
4580	81.5965
4590	73.3904
4600	83.3904
4610	69.4355
4620	79.4355
4630	67.8245
4640	77.8245
4650	67.1552
4660	77.1552
4670	62.9927
4680	72.9927
4690	82.9927
4700	68.2571
4710	78.2571
4720	66.5747
4730	76.5747
4740	57.9352
4750	67.9352
4760	53.1404
4770	63.1403
4780	73.1404
4790	66.585
4800	76.585
4810	57.6517
4820	67.6517
4830	60.4075
4840	70.4075
4850	80.4075
4860	71.1116
4870	56.1747
4880	66.1747
4890	76.1747
4900	65.7842
4910	75.7842
4920	66.6405
4930	76.6405
4940	57.242
4950	67.242
4960	77.242
4970	69.4858
4980	79.4858
4990	69.0998
5000	79.0998
5010	89.0998
5020	65.782
5030	51.6302
5040	61.6302
5050	71.6302
5060	57.7921
5070	67.7921
5080	52.9844
5090	62.9844
5100	72.9844
5110	67.9722
5120	77.9722
5130	67.2991
5140	77.2991
5150	69.9635
5160	79.9634
5170	89.9635
5180	78.3288
5190	63.5369
5200	73.5369
5210	83.5369
5220	68.9713
5230	78.9713
5240	67.4079
5250	77.4079
5260	58.7412
5270	68.7412
5280	78.7412
5290	66.365
5300	76.365
5310	66.6231
5320	76.6231
5330	57.7726
5340	67.7726
5350	58.7396
5360	68.7396
5370	56.0015
5380	66.0015
5390	76.0015
5400	56.7263
5410	51.7025
5420	61.7025
5430	71.7025
5440	63.4089
5450	73.4089
5460	58.3193
5470	68.3193
5480	78.3193
5490	69.7164
5500	79.7164
5510	72.0176
5520	82.0176
5530	63.0688
5540	73.0688
5550	62.4228
5560	72.4228
5570	62.0845
5580	72.0845
5590	82.0845
5600	62.8865
5610	72.8865
5620	61.4805
5630	71.4805
5640	56.5903
5650	66.5903
5660	51.7066
5670	61.7066
5680	52.8328
5690	62.8328
5700	60.81
5710	70.81
5720	56.3119
5730	66.3119
5740	76.3119
5750	67.0174
5760	77.0174
5770	69.1302
5780	79.1302
5790	60.5774
5800	70.5774
5810	80.5774
5820	67.5063
5830	77.5063
5840	63.516
5850	73.516
5860	54.6563
5870	64.6563
5880	51.8043
5890	61.8043
5900	71.8043
5910	61.0983
5920	71.0983
5930	66.9528
5940	76.9528
5950	71.2006
5960	81.2006
5970	66.1359
5980	55.436
5990	65.436
6000	75.436
6010	62.5025
6020	49.948
6030	59.948
6040	69.948
6050	46.4437
6060	44.8198
6070	54.8198
6080	64.8198
6090	60.4867
6100	70.4867
6110	55.4898
6120	65.4898
6130	75.4898
6140	69.2915
6150	79.2915
6160	68.5288
6170	78.5288
6180	70.8518
6190	80.8518
6200	90.8518
6210	79.2641
6220	64.3121
6230	74.3121
6240	84.3121
6250	66.0036
6260	76.0036
6270	63.5186
6280	73.5186
6290	83.5186
6300	60.1853
6310	70.1853
6320	65.109
6330	75.109
6340	66.7064
6350	76.7064
6360	61.5522
6370	71.5522
6380	58.8774
6390	68.8774
6400	55.0169
6410	65.0169
6420	49.8279
6430	59.8279
6440	55.8449
6450	65.8449
6460	61.7362
6470	71.7362
6480	56.4224
6490	66.4224
6500	76.4224
6510	64.165
6520	74.165
6530	66.6827
6540	76.6827
6550	57.287
6560	67.287
6570	77.287
6580	66.851
6590	76.851
6600	64.8576
6610	74.8576
6620	55.4938
6630	65.4938
6640	53.5502
6650	63.5502
6660	73.5502
6670	68.3551
6680	78.3551
6690	58.8933
6700	68.8933
6710	63.1085
6720	73.1085
6730	83.1085
6740	73.3263
6750	57.9913
6760	67.9913
6770	77.9913
6780	65.1098
6790	50.4639
6800	60.4639
6810	70.4639
6820	50.5307
6830	47.9993
6840	57.9993
6850	55.4205
6860	65.4205
6870	75.4205
6880	59.5565
6890	69.5565
6900	61.585
6910	71.585
6920	63.8065
6930	73.8065
6940	83.8065
6950	63.5792
6960	73.5792
6970	61.8253
6980	71.8253
6990	81.8253
7000	68.5927
7010	52.564
7020	62.564
7030	72.564
7040	59.3033
7050	69.3033
7060	57.4988
7070	67.4988
7080	77.4988
7090	71.1769
7100	81.1769
7110	69.4212
7120	79.4212
7130	71.1341
7140	81.1341
7150	91.1341
7160	79.5456
7170	63.5798
7180	73.5798
7190	83.5798
7200	67.1248
7210	77.1248
7220	62.4445
7230	72.4445
7240	52.2985
7250	62.2985
7260	72.2985
7270	65.8488
7280	75.8488
7290	64.3503
7300	74.3503
7310	64.6482
7320	74.6482
7330	62.5159
7340	72.5159
7350	82.5159
7360	62.6376
7370	72.6376
7380	61.994
7390	71.994
7400	81.994
7410	75.8243
7420	85.8243
7430	66.2273
7440	76.2273
7450	86.2273
7460	73.8476
7470	83.8476
7480	70.3104
7490	80.3104
7500	60.7717
7510	70.7717
7520	57.0585
7530	67.0585
7540	62.3315
7550	72.3315
7560	82.3315
7570	62.5844
7580	72.5844
7590	59.7338
7600	69.7338
7610	79.7338
7620	70.191
7630	54.5419
7640	64.5419
7650	55.5718
7660	65.5718
7670	75.5718
7680	64.3067
7690	74.3067
7700	64.6551
7710	74.6551
7720	64.2561
7730	74.2561
7740	58.7766
7750	68.7766
7760	59.5787
7770	69.5787
7780	59.863
7790	69.863
7800	54.3836
7810	64.3836
7820	74.3836
7830	61.2738
7840	71.2738
7850	60.0032
7860	70.0032
7870	80.0032
7880	71.4785
7890	81.4785
7900	72.4724
7910	82.4724
7920	62.5517
7930	72.5517
7940	62.8299
7950	72.8299
7960	60.0874
7970	70.0874
7980	80.0874
7990	59.8719
8000	69.8719
8010	61.5107
8020	71.5107
8030	81.5107
8040	72.7984
8050	56.7984
8060	66.7984
8070	76.7984
8080	63.9698
8090	51.5049
8100	61.5049
8110	71.5049
8120	51.5137
8130	61.5137
8140	58.2584
8150	68.2584
8160	61.8388
8170	71.8388
8180	56.1541
8190	66.1541
8200	56.8636
8210	66.8636
8220	60.354
8230	70.354
8240	80.354
8250	60.5476
8260	70.5476
8270	58.3452
8280	68.3452
8290	78.3452
8300	69.3678
8310	53.8166
8320	63.8166
8330	73.8166
8340	58.6022
8350	68.6022
8360	57.2646
8370	67.2646
8380	77.2646
8390	71.1981
8400	81.1981
8410	69.9632
8420	79.9631
8430	71.6066
8440	81.6065
8450	91.6065
8460	79.2967
8470	63.8537
8480	73.8537
8490	83.8537
8500	64.5858
8510	74.5858
8520	61.6767
8530	71.6767
8540	52.2628
8550	62.2628
8560	72.2628
8570	66.4646
8580	76.4646
8590	67.9335
8600	77.9335
8610	58.3469
8620	68.3469
8630	54.1171
8640	64.1171
8650	74.1171
8660	67.2401
8670	77.2401
8680	57.4253
8690	67.4253
8700	61.7956
8710	71.7956
8720	65.1055
8730	75.1055
8740	85.1055
8750	65.2907
8760	75.2907
8770	59.3648
8780	69.3648
8790	59.2642
8800	69.2642
8810	79.2642
8820	59.5539
8830	51.1407
8840	61.1406
8850	71.1406
8860	65.6396
8870	75.6396
8880	60.2409
8890	70.2409
8900	80.2409
8910	64.4839
8920	74.4839
8930	67.8887
8940	77.8887
8950	58.0493
8960	68.0493
8970	58.3695
8980	68.3695
8990	62.4802
9000	72.4801
9010	56.9946
9020	66.9946
9030	76.9946
9040	63.3192
9050	52.5209
9060	62.5209
9070	72.5209
9080	52.6262
9090	45.9569
9100	55.9569
9110	65.9569
9120	61.5337
9130	71.5337
9140	55.6928
9150	65.6928
9160	75.6928
9170	69.9732
9180	79.9732
9190	68.291
9200	78.291
9210	71.1351
9220	81.1351
9230	91.1351
9240	80.7132
9250	90.7132
9260	70.0924
9270	80.0924
9280	90.0924
9290	69.817
9300	79.817
9310	59.7683
9320	69.7683
9330	48.919
9340	58.919
9350	57.2224
9360	67.2224
9370	63.4389
9380	73.4389
9390	83.4389
9400	62.5436
9410	72.5436
9420	59.4557
9430	69.4557
9440	61.8967
9450	71.8967
9460	81.8967
9470	60.8406
9480	48.0342
9490	58.0342
9500	68.0342
9510	61.9142
9520	71.9142
9530	55.0878
9540	65.0878
9550	75.0878
9560	65.3092
9570	75.3092
9580	62.8954
9590	72.8954
9600	82.8954
9610	76.3535
9620	86.3535
9630	74.9742
9640	84.9742
9650	63.5948
9660	73.5948
9670	58.4707
9680	68.4707
9690	59.7853
9700	69.7853
9710	52.9511
9720	62.9511
9730	72.9511
9740	64.4391
9750	52.8715
9760	62.8715
9770	72.8715
9780	51.7063
9790	45.2632
9800	55.2632
9810	65.2632
9820	62.1698
9830	72.1698
9840	55.4288
9850	65.4288
9860	75.4288
9870	63.8308
9880	73.8308
9890	61.5837
9900	71.5837
9910	81.5837
9920	73.481
9930	83.481
9940	72.5901
9950	82.5901
9960	61.479
9970	71.479
9980	60.3991
9990	70.3991
10000	56.524
10010	66.524
10020	76.524
10030	55.3873
10040	51.5837
10050	61.5837
10060	56.971
10070	66.9709
10080	76.9709
10090	60.2354
10100	70.2354
10110	59.4606
10120	69.4606
10130	58.7524
10140	68.7524
10150	51.9823
10160	61.9823
10170	54.4317
10180	64.4317
10190	59.626
10200	69.626
10210	52.7097
10220	62.7097
10230	72.7097
10240	58.3258
10250	68.3258
10260	55.8659
10270	65.8659
10280	75.8659
10290	70.4741
10300	80.4741
10310	71.6409
10320	81.6409
10330	60.3013
10340	70.3013
10350	59.9522
10360	69.9522
10370	79.9522
10380	69.6797
10390	79.6797
10400	58.1846
10410	68.1846
10420	61.627
10430	71.627
10440	81.627
10450	72.6357
10460	55.7237
10470	65.7237
10480	75.7237
10490	59.9145
10500	49.7863
10510	59.7863
10520	69.7863
10530	48.5446
10540	46.1474
10550	56.1474
10560	66.1474
10570	61.1861
10580	71.1861
10590	54.4179
10600	64.4179
10610	60.2853
10620	70.2853
10630	65.0249
10640	75.0249
10650	58.3582
10660	68.3582
10670	78.3582
10680	67.7979
10690	77.7979
10700	65.9555
10710	75.9555
10720	54.8444
10730	64.8444
10740	51.7677
10750	61.7677
10760	71.7677
10770	59.4924
10780	69.4924
10790	58.9735
10800	68.9735
10810	78.9735
10820	66.6117
10830	58.9385
10840	68.9385
10850	62.3096
10860	72.3096
10870	82.3096
10880	65.4754
10890	75.4754
10900	65.0352
10910	75.0352
10920	85.0352
10930	75.7087
10940	85.7087
10950	64.5431
10960	74.5431
10970	62.6176
10980	72.6176
10990	82.6176
11000	69.0639
11010	52.3584
11020	62.3584
11030	72.3584
11040	56.4879
11050	66.4879
11060	54.0998
11070	64.0998
11080	74.0998
11090	66.1227
11100	76.1227
11110	63.6335
11120	56.9446
11130	66.9446
11140	76.9446
11150	66.794
11160	76.794
11170	59.8775
11180	69.8775
11190	79.8775
11200	68.2298
11210	78.2298
11220	65.7979
11230	75.7979
11240	85.7979
11250	76.1616
11260	86.1616
11270	74.4741
11280	84.4741
11290	94.4741
11300	68.7155
11310	51.7261
11320	61.7261
11330	54.1297
11340	64.1297
11350	74.1297
11360	57.4522
11370	67.4522
11380	57.772
11390	67.772
11400	59.3675
11410	69.3675
11420	52.8162
11430	62.8162
11440	53.0583
11450	63.0583
11460	59.8988
11470	69.8988
11480	53.3334
11490	63.3334
11500	73.3334
11510	59.9815
11520	69.9815
11530	57.9184
11540	67.9184
11550	61.1722
11560	71.1722
11570	63.9925
11580	73.9925
11590	57.7457
11600	67.7457
11610	77.7457
11620	66.9654
11630	55.5028
11640	65.5028
11650	75.5028
11660	54.9395
11670	46.3479
11680	56.3479
11690	66.3479
11700	61.6432
11710	71.6432
11720	55.446
11730	65.446
11740	55.7794
11750	65.7794
11760	75.7794
11770	64.032
11780	57.0274
11790	67.0274
11800	77.0274
11810	68.3465
11820	78.3465
11830	62.1376
11840	72.1376
11850	82.1376
11860	71.7846
11870	81.7846
11880	66.3562
11890	76.3562
11900	86.3562
11910	61.4199
11920	49.9529
11930	59.9529
11940	55.4246
11950	65.4246
11960	75.4246
11970	59.448
11980	69.448
11990	59.072
12000	69.072
12010	59.433
12020	69.433
12030	53.7875
12040	63.7875
12050	53.8022
12060	63.8022
12070	58.8605
12080	68.8605
12090	53.1848
12100	63.1848
12110	73.1848
12120	58.6637
12130	68.6637
12140	57.2673
12150	67.2673
12160	60.4204
12170	70.4205
12180	63.5682
12190	73.5682
12200	83.5682
12210	63.6017
12220	73.6017
12230	62.855
12240	72.855
12250	82.855
12260	73.7936
12270	83.7936
12280	63.7936
12290	54.0177
12300	64.0177
12310	74.0177
12320	66.082
12330	76.082
12340	60.4116
12350	70.4116
12360	55.9993
12370	65.9993
12380	56.4439
12390	66.4439
12400	50.9008
12410	60.9008
12420	51.0681
12430	61.0681
12440	56.0886
12450	66.0886
12460	76.0886
12470	56.2625
12480	66.2625
12490	62.1293
12500	72.1293
12510	67.481
12520	77.481
12530	61.8462
12540	71.8462
12550	81.8462
12560	69.4583
12570	79.4583
12580	65.1619
12590	75.1619
12600	55.1619
12610	65.1619
12620	52.2542
12630	62.2542
12640	57.3625
12650	67.3625
12660	51.6482
12670	61.6482
12680	56.5032
12690	66.5032
12700	61.7081
12710	71.7081
12720	55.8706
12730	65.8706
12740	75.8706
12750	65.4227
12760	75.4227
12770	68.5061
12780	78.5061
12790	58.4072
12800	68.4072
12810	58.5824
12820	68.5824
12830	58.7791
12840	68.7791
12850	78.7791
12860	58.7996
12870	68.7996
12880	54.5313
12890	64.5313
12900	74.5313
12910	68.4643
12920	78.4643
12930	58.6112
12940	48.0037
12950	58.0037
12960	68.0037
12970	61.3803
12980	71.3803
12990	55.7449
13000	65.7449
13010	75.7449
13020	68.1909
13030	78.1909
13040	66.7326
13050	76.7326
13060	67.712
13070	77.712
13080	67.5597
13090	77.5597
13100	87.5597
13110	67.4134
13120	77.4134
13130	66.2861
13140	76.2861
13150	67.3317
13160	77.3317
13170	61.5714
13180	52.7224
13190	62.7224
13200	72.7224
13210	58.4119
13220	68.4119
13230	52.7071
13240	62.7071
13250	72.7071
13260	60.9029
13270	70.9029
13280	59.3865
13290	69.3865
13300	60.6768
13310	70.6768
13320	59.9521
13330	69.9521
13340	79.9521
13350	59.7271
13360	69.7271
13370	62.6074
13380	72.6074
13390	67.6977
13400	77.6977
13410	61.8368
13420	71.8368
13430	81.8368
13440	69.0224
13450	79.0224
13460	64.364
13470	74.364
13480	54.1624
13490	64.1624
13500	52.7337
13510	62.7337
13520	57.5724
13530	67.5724
13540	51.6853
13550	61.6853
13560	57.1121
13570	67.1121
13580	77.1121
13590	67.1927
13600	51.3056
13610	61.3056
13620	71.3056
13630	60.4589
13640	70.4589
13650	58.8543
13660	68.8543
13670	61.9521
13680	71.9521
13690	81.9521
13700	74.233
13710	84.233
13720	63.9164
13730	73.9164
13740	61.0367
13750	71.0367
13760	56.3625
13770	66.3625
13780	76.3625
13790	56.2023
13800	66.2023
13810	56.7669
13820	66.7669
13830	59.4653
13840	69.4653
13850	79.4653
13860	70.4086
13870	80.4086
13880	69.2783
13890	79.2783
13900	58.9848
13910	68.9848
13920	59.7578
13930	69.7578
13940	79.7578
13950	73.0626
13960	83.0626
13970	62.6278
13980	72.6278
13990	57.9389
14000	67.9389
14010	77.9389
14020	66.9035
14030	50.8166
14040	60.8165
14050	70.8166
14060	61.0277
14070	71.0277
14080	59.304
14090	69.304
14100	79.304
14110	66.4648
14120	59.1309
14130	69.1309
14140	79.1309
14150	58.7613
14160	47.9491
14170	57.9491
14180	54.423
14190	64.423
14200	74.423
14210	58.4435
14220	68.4435
14230	55.0129
14240	65.0129
14250	59.5328
14260	69.5328
14270	79.5328
14280	59.3068
14290	50.3101
14300	60.3101
14310	70.3101
14320	63.0865
14330	73.0865
14340	57.1265
14350	67.1265
14360	77.1265
14370	59.9133
14380	69.9133
14390	58.3027
14400	68.3027
14410	60.9894
14420	70.9894
14430	65.9487
14440	75.9487
14450	60.1467
14460	70.1467
14470	80.1467
14480	68.7514
14490	78.7514
14500	70.5059
14510	80.5059
14520	60.4889
14530	70.4889
14540	80.4889
14550	69.3248
14560	79.3248
14570	66.2415
14580	76.2415
14590	56.2042
14600	66.2042
14610	50.9686
14620	60.9686
14630	70.9686
14640	63.694
14650	73.694
14660	53.6567
14670	63.6567
14680	57.6547
14690	67.6547
14700	60.1021
14710	70.1021
14720	80.1021
14730	60.1922
14740	70.1922
14750	61.4288
14760	71.4288
14770	66.3501
14780	76.3501
14790	86.3501
14800	66.562
14810	76.562
14820	62.8894
14830	72.8894
14840	82.8894
14850	68.3635
14860	52.8409
14870	62.8409
14880	53.2987
14890	63.2987
14900	73.2987
14910	65.423
14920	75.423
14930	55.5701
14940	65.5701
14950	75.5701
14960	65.4563
14970	75.4563
14980	66.8166
14990	76.8166
15000	56.9636
15010	66.9636
15020	55.1254
15030	65.1254
15040	75.1254
15050	69.6691
15060	79.6691
15070	59.8162
15080	69.8162
15090	62.8344
15100	72.8344
15110	64.2115
15120	74.2115
15130	58.5141
15140	68.5141
15150	52.7576
15160	62.7576
15170	52.7163
15180	62.7163
15190	47.002
15200	57.002
15210	52.7163
15220	62.7163
15230	56.8921
15240	66.8921
15250	76.8921
15260	56.8921
15270	66.8921
15280	61.5807
15290	71.5807
15300	81.5808
15310	70.1522
15320	80.1522
15330	70.372
15340	80.372
15350	90.372
15360	78.9434
15370	63.2291
15380	73.2291
15390	83.2291
15400	71.3313
15410	81.3313
15420	71.004
15430	81.004
15440	60.8789
15450	70.8789
15460	80.8789
15470	63.2235
15480	73.2235
15490	64.7695
15500	74.7695
15510	54.6857
15520	64.6857
15530	54.3668
15540	64.3668
15550	58.4823
15560	68.4823
15570	78.4823
15580	58.4287
15590	68.4287
15600	59.6419
15610	69.6419
15620	79.6419
15630	70.0333
15640	54.319
15650	64.3191
15660	74.3191
15670	60.3364
15680	70.3364
15690	58.9276
15700	68.9276
15710	78.9276
15720	72.7636
15730	65.7228
15740	75.7228
15750	60.0948
15760	70.0948
15770	60.2341
15780	70.2341
15790	56.385
15800	66.385
15810	76.385
15820	56.4557
15830	66.4557
15840	54.2892
15850	64.2892
15860	74.2892
15870	62.9111
15880	72.9111
15890	63.1231
15900	73.1231
15910	83.1231
15920	71.3917
15930	55.738
15940	65.738
15950	75.738
15960	66.2266
15970	76.2266
15980	64.8485
15990	74.8485
16000	63.0817
16010	73.0817
16020	66.5446
16030	76.5446
16040	60.8909
16050	70.8909
16060	60.6113
16070	70.6113
16080	61.5274
16090	71.5274
16100	81.5273
16110	61.5123
16120	71.5123
16130	55.8671
16140	65.8671
16150	59.7999
16160	69.7999
16170	79.7999
16180	59.835
16190	51.1171
16200	61.1171
16210	71.1171
16220	62.8373
16230	72.8373
16240	57.1461
16250	67.1461
16260	77.1461
16270	59.5442
16280	69.5443
16290	58.1572
16300	68.1572
16310	61.0119
16320	71.0119
16330	65.9462
16340	75.9463
16350	60.3881
16360	70.3881
16370	80.3881
16380	68.3529
16390	78.3529
16400	70.1271
16410	80.1271
16420	60.1961
16430	70.1961
16440	80.1961
16450	69.4995
16460	79.4995
16470	66.8646
16480	76.8646
16490	56.9336
16500	66.9336
16510	50.9336
16520	60.9336
16530	70.9336
16540	63.5614
16550	73.5614
16560	53.612
16570	49.3586
16580	59.3586
16590	69.3586
16600	61.4641
16610	71.4641
16620	55.7791
16630	65.7791
16640	75.7791
16650	67.9358
16660	77.9358
16670	66.6365
16680	76.6365
16690	86.6365
16700	78.923
16710	88.923
16720	75.2123
16730	85.2123
16740	95.2123
16750	71.1149
16760	53.9231
16770	63.9231
16780	53.8174
16790	63.8174
16800	73.8174
16810	58.1633
16820	68.1633
16830	56.6446
16840	66.6446
16850	59.0668
16860	69.0668
16870	53.4877
16880	63.4877
16890	54.4582
16900	64.4582
16910	58.9066
16920	68.9066
16930	78.9066
16940	58.9612
16950	68.9612
16960	63.2332
16970	57.3283
16980	67.3283
16990	77.3283
17000	61.6935
17010	71.6935
17020	60.2533
17030	70.2533
17040	80.2533
17050	66.8602
17060	51.2395
17070	61.2395
17080	71.2395
17090	60.0278
17100	70.0278
17110	58.8107
17120	68.8107
17130	78.8107
17140	65.4737
17150	75.4737
17160	64.2566
17170	74.2566
17180	65.0295
17190	75.0295
17200	65.5972
17210	75.5972
17220	60.1367
17230	70.1367
17240	80.1367
17250	68.788
17260	78.788
17270	70.3947
17280	80.3947
17290	60.6908
17300	70.6908
17310	80.6908
17320	70.2202
17330	80.2202
17340	66.5708
17350	76.5708
17360	56.8391
17370	66.8391
17380	51.7053
17390	61.7053
17400	71.7053
17410	63.804
17420	73.804
17430	54.0654
17440	64.0654
17450	57.889
17460	67.889
17470	60.536
17480	70.536
17490	80.536
17500	60.8251
17510	70.8251
17520	62.5364
17530	72.5364
17540	66.6218
17550	76.6218
17560	86.6218
17570	67.0351
17580	77.0351
17590	64.0044
17600	74.0044
17610	84.0044
17620	69.1233
17630	53.8382
17640	63.8382
17650	52.9875
17660	62.9875
17670	72.9875
17680	61.9519
17690	71.9519
17700	60.9419
17710	70.9419
17720	62.4094
17730	72.4094
17740	57.2047
17750	67.2047
17760	56.8389
17770	66.8389
17780	61.8636
17790	71.8636
17800	56.7158
17810	66.7158
17820	76.7158
17830	61.9909
17840	71.9909
17850	64.3849
17860	74.3849
17870	55.1077
17880	65.1077
17890	56.3314
17900	66.3314
17910	58.6362
17920	68.6362
17930	78.6362
17940	59.3391
17950	69.3391
17960	54.4349
17970	64.4349
17980	74.4349
17990	63.5001
18000	57.6266
18010	67.6266
18020	77.6266
18030	71.6521
18040	81.6521
18050	66.557
18060	76.557
18070	86.557
18080	73.7226
18090	83.7226
18100	71.4542
18110	81.4542
18120	62.2137
18130	72.2137
18140	82.2137
18150	70.1259
18160	80.1259
18170	64.8972
18180	74.8972
18190	55.7345
18200	65.7345
18210	51.0982
18220	61.0982
18230	71.0982
18240	60.278
18250	70.278
18260	65.3399
18270	60.3157
18280	70.3157
18290	80.3157
18300	65.2746
18310	54.5366
18320	64.5366
18330	74.5366
18340	59.9839
18350	69.9839
18360	54.8202
18370	64.8202
18380	74.8202
18390	62.9186
18400	72.9186
18410	61.9155
18420	71.9155
18430	64.2297
18440	74.2297
18450	63.5477
18460	73.5477
18470	83.5477
18480	64.1997
18490	74.1997
18500	64.0146
18510	74.0146
18520	66.6459
18530	76.6458
18540	61.5989
18550	71.5989
18560	60.8768
18570	70.8768
18580	80.8768
18590	67.2138
18600	52.2309
18610	62.2309
18620	72.2309
18630	60.5714
18640	70.5714
18650	59.7855
18660	69.7855
18670	79.7855
18680	67.2165
18690	77.2165
18700	69.5232
18710	79.5232
18720	60.4871
18730	70.4871
18740	57.9433
18750	67.9433
18760	61.6017
18770	71.6017
18780	81.6017
18790	62.7554
18800	72.7554
18810	58.1481
18820	68.1481
18830	60.4023
18840	70.4023
18850	55.776
18860	65.776
18870	55.7751
18880	65.7751
18890	58.9087
18900	68.9087
18910	54.2616
18920	64.2616
18930	74.2616
18940	59.8542
18950	69.8542
18960	59.3104
18970	69.3104
18980	62.3618
18990	72.3618
19000	65.6353
19010	75.6353
19020	60.9827
19030	70.9827
19040	80.9827
19050	71.6966
19060	59.235
19070	69.235
19080	79.235
19090	60.3708
19100	70.3708
19110	60.4525
19120	70.4525
19130	57.3862
19140	67.3862
19150	52.6272
19160	62.6272
19170	52.085
19180	62.085
19190	72.085
19200	61.4525
19210	71.4525
19220	66.2048
19230	76.2048
19240	69.6108
19250	79.6108
19260	89.6108
19270	70.6565
19280	57.6369
19290	67.6369
19300	77.6369
19310	61.5366
19320	71.5366
19330	56.6718
19340	66.6718
19350	76.6718
19360	64.125
19370	74.125
19380	63.4934
19390	73.4934
19400	65.1662
19410	75.1662
19420	64.5433
19430	74.5433
19440	84.5433
19450	65.7075
19460	75.7075
19470	65.3709
19480	75.3708
19490	66.7873
19500	76.7873
19510	86.7873
19520	68.0311
19530	78.0311
19540	65.4857
19550	75.4857
19560	85.4857
19570	69.5665
19580	55.0597
19590	65.0597
19600	53.2212
19610	63.2212
19620	73.2212
19630	66.0506
19640	76.0506
19650	57.5324
19660	67.5324
19670	77.5324
19680	68.9022
19690	78.9022
19700	68.9868
19710	78.9868
19720	60.3692
19730	70.3692
19740	59.3358
19750	69.3358
19760	79.3358
19770	70.3441
19780	80.3441
19790	61.7516
19800	71.7516
19810	62.6408
19820	72.6408
19830	62.6475
19840	72.6475
19850	58.1765
19860	68.1765
19870	53.117
19880	63.117
19890	54.5485
19900	64.5485
19910	50.0532
19920	60.0532
19930	54.7556
19940	64.7556
19950	59.3072
19960	69.3072
19970	79.3072
19980	60.7099
19990	70.7099
20000	63.7238
20010	73.7238
20020	66.8859
20030	76.8859
20040	62.4359
20050	72.4359
20060	82.4359
20070	69.2094
20080	79.2094
20090	64.889
20100	74.889
20110	56.306
20120	66.306
20130	54.9683
20140	64.9683
20150	59.4448
20160	69.4448
20170	54.8378
20180	64.8379
20190	58.0124
20200	68.0125
20210	78.0124
20220	68.372
20230	53.7566
20240	63.7566
20250	73.7566
20260	62.4566
20270	72.4566
20280	64.6619
20290	74.6619
20300	56.0127
20310	66.0127
20320	76.0127
20330	68.123
20340	78.123
20350	68.4487
20360	78.4487
20370	59.8888
20380	69.8888
20390	54.8331
20400	64.8331
20410	74.8331
20420	64.6059
20430	74.6059
20440	56.1485
20450	50.6515
20460	60.6515
20470	70.6515
20480	63.2382
20490	73.2382
20500	58.9074
20510	68.9074
20520	78.9074
20530	70.7613
20540	80.7613
20550	72.4933
20560	82.4932
20570	64.1413
20580	74.1413
20590	62.5836
20600	72.5836
20610	57.1739
20620	67.1739
20630	77.1739
20640	58.8219
20650	68.8219
20660	57.9888
20670	67.9888
20680	77.9888
20690	73.2448
20700	83.2449
20710	64.8299
20720	74.8299
20730	84.8299
20740	69.448
20750	79.448
20760	63.3683
20770	73.3683
20780	54.8952
20790	64.8952
20800	58.1704
20810	68.1704
20820	62.487
20830	72.487
20840	82.487
20850	64.0466
20860	74.0466
20870	65.8783
20880	75.8783
20890	65.9757
20900	75.9758
20910	61.745
20920	71.745
20930	59.5678
20940	69.5678
20950	54.1928
20960	64.1928
20970	49.9552
20980	59.9552
20990	54.5983
21000	64.5983
21010	60.7543
21020	70.7543
21030	56.4758
21040	66.4758
21050	76.4758
21060	64.8695
21070	74.8695
21080	66.4814
21090	76.4814
21100	58.0572
21110	68.0572
21120	58.1535
21130	68.1535
21140	58.6866
21150	68.6866
21160	78.6866
21170	60.2313
21180	70.2313
21190	54.8324
21200	64.8324
21210	74.8324
21220	64.5248
21230	57.5438
21240	67.5438
21250	77.5438
21260	71.263
21270	81.263
21280	66.9529
21290	76.9529
21300	86.9529
21310	73.3305
21320	83.3305
21330	71.5231
21340	81.5231
21350	63.2593
21360	73.2592
21370	83.2592
21380	71.2333
21390	81.2333
21400	64.9118
21410	74.9118
21420	56.6316
21430	66.6316
21440	51.1466
21450	61.1466
21460	71.1466
21470	60.9258
21480	70.9258
21490	66.1011
21500	76.1011
21510	68.8633
21520	78.8633
21530	64.6387
21540	74.6387
21550	63.1623
21560	73.1623
21570	83.1623
21580	71.0616
21590	81.0616
21600	62.7995
21610	72.7995
21620	60.9626
21630	70.9626
21640	80.9626
21650	68.877
21660	54.6524
21670	64.6524
21680	74.6524
21690	57.3351
21700	67.3351
21710	57.1877
21720	67.1877
21730	77.1877
21740	71.1564
21750	81.1564
21760	73.8518
21770	59.743
21780	69.743
21790	79.743
21800	69.9052
21810	79.9052
21820	64.6606
21830	74.6606
21840	84.6606
21850	62.641
21860	72.641
21870	59.7456
21880	69.7456
21890	79.7456
21900	67.9873
21910	53.9585
21920	63.9585
21930	73.9585
21940	60.6346
21950	70.6346
21960	60.6503
21970	70.6503
21980	64.1408
21990	74.1408
22000	66.8608
22010	76.8608
22020	62.8921
22030	72.8921
22040	61.3282
22050	71.3282
22060	57.8737
22070	67.8737
22080	77.8737
22090	59.9405
22100	69.9405
22110	57.8513
22120	67.8513
22130	63.9657
22140	73.9657
22150	83.9657
22160	65.9389
22170	75.9389
22180	62.678
22190	72.6779
22200	82.678
22210	66.7722
22220	52.7157
22230	62.7157
22240	72.7157
22250	65.9323
22260	75.9323
22270	68.5231
22280	78.5231
22290	60.4691
22300	70.4691
22310	80.4691
22320	70.8277
22330	80.8277
22340	71.0352
22350	81.0352
22360	62.8927
22370	72.8927
22380	57.3369
22390	67.3369
22400	52.193
22410	62.193
22420	72.193
22430	54.0262
22440	64.0262
22450	60.796
22460	70.796
22470	80.796
22480	75.7524
22490	85.7524
22500	67.4463
22510	77.4463
22520	87.4464
22530	72.4159
22540	82.4159
22550	67.0096
22560	77.0096
22570	58.6264
22580	68.6264
22590	55.1692
22600	65.1692
22610	59.8879
22620	69.8879
22630	79.8879
22640	61.4692
22650	71.4692
22660	64.7287
22670	74.7287
22680	84.7287
22690	73.9474
22700	59.6238
22710	69.6238
22720	79.6238
22730	66.6252
22740	76.6252
22750	66.4815
22760	76.4815
22770	58.2228
22780	68.2228
22790	78.2227
22800	68.1332
22810	78.1332
22820	68.8442
22830	54.5479
22840	64.5479
22850	74.5479
22860	59.4971
22870	50.2731
22880	60.2731
22890	70.2731
22900	51.9612
22910	48.5812
22920	58.5812
22930	68.5812
22940	63.2278
22950	73.2278
22960	59.0627
22970	69.0627
22980	79.0627
22990	70.5643
23000	63.9429
23010	73.9429
23020	59.8252
23030	69.8252
23040	60.1495
23050	70.1495
23060	57.2046
23070	67.2046
23080	77.2046
23090	59.0597
23100	69.0597
23110	57.2877
23120	67.2877
23130	77.2877
23140	67.1814
23150	77.1814
23160	68.1606
23170	78.1606
23180	88.1606
23190	75.3221
23200	61.1968
23210	71.1968
23220	81.1968
23230	67.4008
23240	61.6016
23250	71.6016
23260	81.6017
23270	63.43
23280	73.43
23290	58.8362
23300	68.8362
23310	60.8738
23320	70.8738
23330	59.5005
23340	69.5005
23350	47.3455
23360	57.3455
23370	53.1272
23380	63.1272
23390	54.2569
23400	64.2569
23410	74.2569
23420	56.1845
23430	50.7797
23440	60.7797
23450	57.0157
23460	67.0157
23470	77.0157
23480	63.0618
23490	73.0618
23500	62.4042
23510	72.4042
23520	63.4408
23530	73.4408
23540	59.4985
23550	69.4985
23560	59.4985
23570	69.4985
23580	58.2692
23590	68.2692
23600	54.3316
23610	64.3316
23620	74.3316
23630	59.9149
23640	69.9149
23650	59.9865
23660	69.9865
23670	62.9517
23680	72.9517
23690	66.8589
23700	76.8589
23710	62.9666
23720	72.9666
23730	82.9666
23740	73.0216
23750	60.3184
23760	70.3184
23770	80.3184
23780	62.3714
23790	72.3714
23800	60.4298
23810	70.4298
23820	80.4298
23830	65.4604
23840	51.4142
23850	61.4142
23860	71.4142
23870	58.7863
23880	68.7863
23890	58.7158
23900	68.7158
23910	78.7158
23920	72.6175
23930	82.6175
23940	76.1321
23950	86.1321
23960	68.146
23970	78.146
23980	64.6214
23990	74.6214
24000	60.0624
24010	70.0623
24020	58.1329
24030	68.1329
24040	78.133
24050	52.1204
24060	62.1204
24070	58.8149
24080	68.8149
24090	78.8149
24100	70.0753
24110	56.0065
24120	66.0065
24130	76.0065
24140	59.6189
24150	69.6189
24160	59.5614
24170	69.5614
24180	79.5614
24190	72.3316
24200	65.3948
24210	75.3948
24220	61.367
24230	71.367
24240	59.4218
24250	69.4218
24260	56.9188
24270	66.9188
24280	76.9188
24290	58.8864
24300	68.8864
24310	57.7546
24320	67.7546
24330	77.7546
24340	72.4808
24350	82.4809
24360	64.4827
24370	74.4827
24380	62.0073
24390	72.0073
24400	82.0073
24410	65.0788
24420	51.1065
24430	61.1065
24440	71.1065
24450	64.9242
24460	74.9242
24470	64.8975
24480	74.8975
24490	84.8975
24500	72.4779
24510	64.9397
24520	74.9397
24530	84.9397
24540	66.9074
24550	54.657
24560	64.657
24570	51.3345
24580	61.3345
24590	71.3345
24600	57.2794
24610	67.2794
24620	54.694
24630	64.694
24640	74.694
24650	68.8716
24660	54.8156
24670	64.8156
24680	60.0278
24690	70.0278
24700	80.0278
24710	72.6023
24720	82.6023
24730	64.5703
24740	74.5703
24750	84.5703
24760	68.0159
24770	78.0159
24780	66.8751
24790	76.8751
24800	58.967
24810	68.967
24820	51.957
24830	61.957
24840	56.8745
24850	66.8745
24860	76.8745
24870	59.0889
24880	69.0889
24890	63.2132
24900	73.2132
24910	83.2132
24920	77.4991
24930	87.4991
24940	69.6697
24950	58.8192
24960	68.8192
24970	78.8192
24980	62.6007
24990	72.6007
25000	60.7288
25010	70.7288
25020	80.7288
25030	54.8504
25040	50.4585
25050	60.4585
25060	70.4585
25070	64.6406
25080	74.6406
25090	60.7216
25100	70.7216
25110	80.7216
25120	64.5505
25130	74.5505
25140	64.618
25150	74.618
25160	65.41
25170	75.41
25180	67.846
25190	77.846
25200	63.9719
25210	73.9719
25220	62.1857
25230	72.1857
25240	82.1857
25250	67.9259
25260	77.9259
25270	60.0832
25280	70.0832
25290	59.0553
25300	69.0553
25310	58.0168
25320	68.0168
25330	78.0168
25340	60.1475
25350	70.1475
25360	59.7012
25370	69.7012
25380	79.7012
25390	72.9494
25400	82.9494
25410	65.1572
25420	54.2061
25430	64.2061
25440	74.2061
25450	65.36
25460	75.36
25470	61.6267
25480	71.6266
25490	57.6201
25500	67.6201
25510	60.2466
25520	70.2466
25530	56.5133
25540	66.5133
25550	55.4244
25560	65.4244
25570	57.8222
25580	67.8222
25590	77.8222
25600	60.1333
25610	70.1333
25620	56.1556
25630	66.1556
25640	62.2238
25650	72.2238
25660	82.2238
25670	64.4814
25680	53.4104
25690	63.4104
25700	73.4104
25710	66.0652
25720	76.0652
25730	62.3018
25740	72.3018
25750	82.3018
25760	66.6444
25770	76.6444
25780	66.0273
25790	76.0273
25800	58.3645
25810	68.3645
25820	55.9119
25830	65.9119
25840	61.0062
25850	71.0062
25860	57.3
25870	67.3
25880	77.3
25890	63.4329
25900	56.7943
25910	66.7943
25920	76.7943
25930	59.1796
25940	49.9273
25950	59.9273
25960	69.9273
25970	61.2798
25980	71.2798
25990	57.7086
26000	67.7086
26010	55.6488
26020	65.6488
26030	75.6488
26040	70.4265
26050	80.4265
26060	62.9428
26070	72.9428
26080	60.1732
26090	70.1732
26100	62.8165
26110	72.8165
26120	82.8165
26130	65.3219
26140	75.3219
26150	59.4154
26160	69.4154
26170	59.9474
26180	69.9474
26190	79.9474
26200	62.5191
26210	51.4565
26220	61.4565
26230	56.8604
26240	66.8604
26250	76.8604
26260	66.3685
26270	76.3684
26280	55.1238
26290	65.1238
26300	75.1238
26310	67.0721
26320	77.0721
26330	67.5278
26340	77.5278
26350	60.1616
26360	70.1616
26370	59.6925
26380	69.6925
26390	79.6925
26400	67.5302
26410	77.5302
26420	60.0766
26430	53.8625
26440	63.8625
26450	73.8625
26460	65.8081
26470	75.8081
26480	62.2687
26490	72.2687
26500	58.1622
26510	68.1622
26520	60.2544
26530	70.2544
26540	56.6917
26550	66.6917
26560	55.5237
26570	65.5237
26580	58.29
26590	68.29
26600	78.29
26610	60.7953
26620	70.7953
26630	56.7825
26640	66.7825
26650	61.8471
26660	71.8471
26670	81.8471
26680	64.3666
26690	53.1233
26700	63.1233
26710	73.1233
26720	66.0276
26730	76.0276
26740	62.5107
26750	72.5107
26760	82.5107
26770	66.6927
26780	76.6927
26790	66.6547
26800	76.6547
26810	59.2183
26820	69.2183
26830	56.3793
26840	66.3793
26850	60.6992
26860	70.6992
26870	57.1822
26880	67.1822
26890	77.1822
26900	63.2203
26910	56.7168
26920	66.7168
26930	76.7168
26940	59.2658
26950	49.6298
26960	59.6298
26970	69.6298
26980	61.5444
26990	71.5444
27000	58.0001
27010	68.0001
27020	55.9686
27030	65.9686
27040	75.9685
27050	70.3375
27060	80.3375
27070	62.8692
27080	72.8692
27090	59.8206
27100	69.8206
27110	62.5373
27120	72.5374
27130	82.5374
27140	65.0913
27150	75.0913
27160	59.3255
27170	69.3255
27180	60.4048
27190	70.4048
27200	80.4048
27210	62.8798
27220	51.3753
27230	61.3754
27240	56.6381
27250	66.6381
27260	76.6381
27270	63.0326
27280	73.0327
27290	59.1272
27300	69.1272
27310	61.9861
27320	71.9861
27330	58.3611
27340	68.3611
27350	56.9419
27360	66.9419
27370	59.1003
27380	69.1003
27390	55.4627
27400	65.4627
27410	75.4627
27420	61.6447
27430	71.6447
27440	61.8941
27450	71.8941
27460	63.8076
27470	73.8076
27480	64.8576
27490	74.8576
27500	61.1326
27510	71.1326
27520	81.1326
27530	72.4084
27540	60.5569
27550	70.5569
27560	80.5569
27570	62.8586
27580	53.0524
27590	63.0524
27600	73.0524
27610	60.5992
27620	70.5992
27630	56.9061
27640	66.9061
27650	76.9061
27660	65.1002
27670	75.1002
27680	69.068
27690	79.068
27700	61.4653
27710	71.4653
27720	58.4763
27730	68.4763
27740	60.689
27750	70.689
27760	80.689
27770	63.0612
27780	73.0612
27790	59.3797
27800	69.3797
27810	60.5361
27820	70.536
27830	80.536
27840	62.8601
27850	51.6085
27860	61.6085
27870	71.6085
27880	65.6708
27890	75.6708
27900	61.8689
27910	71.8689
27920	58.274
27930	68.274
27940	61.1353
27950	71.1353
27960	57.2733
27970	67.2733
27980	56.1059
27990	66.1059
28000	58.3135
28010	68.3135
28020	54.3537
28030	64.3537
28040	74.3537
28050	60.8667
28060	70.8667
28070	60.8432
28080	70.8432
28090	63.0117
28100	73.0117
28110	64.8074
28120	74.8074
28130	84.8074
28140	66.7011
28150	76.7011
28160	67.9852
28170	77.9852
28180	64.5973
28190	74.5973
28200	60.4399
28210	70.4399
28220	59.9816
28230	69.9816
28240	79.9816
28250	64.1592
28260	50.0062
28270	60.0062
28280	70.0062
28290	60.304
28300	70.304
28310	64.3896
28320	74.3896
28330	56.1497
28340	66.1497
28350	76.1497
28360	69.2563
28370	79.2562
28380	68.3782
28390	78.3782
28400	60.0463
28410	70.0463
28420	56.8513
28430	66.8513
28440	76.8513
28450	65.6275
28460	75.6275
28470	57.1897
28480	51.1939
28490	61.1939
28500	71.1939
28510	65.1844
28520	75.1844
28530	60.7367
28540	70.7367
28550	57.6425
28560	67.6425
28570	60.0254
28580	70.0254
28590	55.5105
28600	65.5105
28610	54.7917
28620	64.7917
28630	58.294
28640	68.294
28650	78.294
28660	59.626
28670	69.626
28680	56.6138
28690	66.6138
28700	61.4941
28710	71.4941
28720	81.4941
28730	62.8586
28740	52.0993
28750	62.0993
28760	72.0993
28770	65.4206
28780	75.4206
28790	60.9142
28800	70.9142
28810	80.9142
28820	66.2606
28830	76.2605
28840	67.1311
28850	77.1311
28860	58.5512
28870	68.5512
28880	55.9245
28890	65.9245
28900	59.7815
28910	69.7815
28920	55.2671
28930	65.2671
28940	75.2671
28950	62.5062
28960	72.5062
28970	62.0311
28980	72.0311
28990	82.0311
29000	73.0304
29010	83.0304
29020	70.5151
29030	80.5151
29040	61.8431
29050	71.8431
29060	61.8982
29070	71.8982
29080	59.1337
29090	69.1337
29100	79.1337
29110	60.5407
29120	70.5407
29130	61.6752
29140	71.6752
29150	81.6752
29160	69.3775
29170	54.9919
29180	64.9919
29190	74.9919
29200	63.6936
29210	56.5744
29220	66.5744
29230	76.5744
29240	58.1882
29250	68.1882
29260	59.2032
29270	69.2032
29280	60.2009
29290	70.2009
29300	55.8836
29310	65.8836
29320	54.5249
29330	64.5249
29340	57.4977
29350	67.4977
29360	77.4977
29370	59.174
29380	53.371
29390	63.371
29400	73.371
29410	67.1734
29420	77.1734
29430	62.9161
29440	72.9161
29450	82.9161
29460	67.7765
29470	77.7765
29480	66.5994
29490	76.5994
29500	58.3998
29510	68.3998
29520	56.3035
29530	66.3035
29540	60.1722
29550	70.1722
29560	56.0701
29570	66.0701
29580	76.0701
29590	62.5066
29600	72.5066
29610	62.373
29620	72.373
29630	82.373
29640	73.4628
29650	83.4628
29660	71.2778
29670	81.2779
29680	63.0908
29690	73.0908
29700	62.0818
29710	72.0818
29720	82.0818
29730	66.7064
29740	76.7064
29750	58.5485
29760	68.5485
29770	60.1206
29780	70.1206
29790	80.1206
29800	67.8091
29810	53.7154
29820	63.7154
29830	73.7154
29840	63.7219
29850	56.5217
29860	66.5217
29870	76.5217
29880	58.4677
29890	68.4677
29900	59.4489
29910	69.4489
29920	60.2936
29930	70.2936
29940	56.2592
29950	66.2592
29960	54.2167
29970	64.2167
29980	74.2167
29990	66.6971
30000	76.6971
30010	58.6729
30020	52.62
30030	62.62
30040	72.62
30050	66.2145
30060	76.2145
30070	62.2537
30080	72.2537
30090	82.2537
30100	66.6668
30110	76.6668
30120	65.7354
30130	75.7354
30140	57.7632
30150	67.7632
30160	55.2719
30170	65.2719
30180	60.2827
30190	70.2827
30200	80.2827
30210	62.2827
30220	72.2827
30230	58.6915
30240	68.6915
30250	61.9852
30260	71.9852
30270	57.9964
30280	67.9964
30290	57.1097
30300	67.1097
30310	59.0034
30320	69.0034
30330	55.0571
30340	65.0571
30350	75.0571
30360	61.5367
30370	71.5367
30380	65.8631
30390	75.8631
30400	57.9674
30410	67.9674
30420	56.9497
30430	66.9497
30440	60.6718
30450	70.6718
30460	80.6718
30470	62.7761
30480	72.7761
30490	59.2938
30500	69.2938
30510	79.2938
30520	69.3482
30530	79.3482
30540	61.4525
30550	50.3911
30560	60.3911
30570	70.3911
30580	64.7535
30590	74.7535
30600	60.829
30610	70.829
30620	57.3849
30630	67.3849
30640	60.1343
30650	70.1343
30660	56.2011
30670	66.2011
30680	55.2118
30690	65.2118
30700	58.1696
30710	68.1696
30720	78.1696
30730	60.2889
30740	70.2889
30750	56.9191
30760	66.9191
30770	62.1277
30780	72.1277
30790	82.1277
30800	64.2573
30810	53.3129
30820	63.3129
30830	73.3129
30840	65.5926
30850	75.5926
30860	61.7037
30870	71.7037
30880	81.7037
30890	66.5619
30900	76.5619
30910	66.7353
30920	76.7353
30930	58.9165
30940	68.9165
30950	56.3364
30960	66.3364
30970	60.6196
30980	70.6196
30990	56.815
31000	66.815
31010	76.815
31020	63.5661
31030	56.6459
31040	66.6459
31050	76.6459
31060	58.8329
31070	49.4113
31080	59.4113
31090	69.4113
31100	61.5828
31110	71.5828
31120	57.6929
31130	67.6929
31140	56.3276
31150	66.3276
31160	76.3276
31170	70.5343
31180	80.5343
31190	62.6627
31200	72.6627
31210	60.0572
31220	70.0572
31230	62.0734
31240	72.0734
31250	82.0734
31260	64.2018
31270	74.2018
31280	59.2844
31290	69.2844
31300	60.5722
31310	70.5722
31320	80.5722
31330	62.6858
31340	51.6354
31350	61.6354
31360	56.6717
31370	66.6717
31380	76.6717
31390	62.7395
31400	72.7395
31410	59.7083
31420	69.7083
31430	61.6376
31440	71.6376
31450	57.7416
31460	67.7416
31470	56.6908
31480	66.6908
31490	59.0487
31500	69.0487
31510	55.1054
31520	65.1054
31530	75.1054
31540	61.9779
31550	71.9779
31560	62.0007
31570	72.0007
31580	64.1632
31590	74.1632
31600	65.4356
31610	75.4356
31620	61.4573
31630	71.4573
31640	81.4573
31650	71.53
31660	60.2642
31670	70.2642
31680	80.2642
31690	62.2895
31700	52.7597
31710	62.7597
31720	72.7597
31730	60.6148
31740	70.6148
31750	56.6365
31760	66.6365
31770	76.6365
31780	65.3707
31790	75.3707
31800	69.8192
31810	79.8192
31820	61.8445
31830	71.8445
31840	59.0597
31850	69.0597
31860	60.0723
31870	70.0723
31880	80.0723
31890	62.0771
31900	72.0771
31910	59.0516
31920	69.0516
31930	60.6165
31940	70.6165
31950	80.6165
31960	62.566
31970	51.4378
31980	61.4378
31990	71.4378
32000	65.9043
32010	75.9043
32020	61.861
32030	71.861
32040	58.8646
32050	68.8646
32060	60.8123
32070	70.8123
32080	56.769
32090	66.769
32100	55.6498
32110	65.6498
32120	58.1588
32130	68.1588
32140	54.122
32150	64.122
32160	74.122
32170	61.0678
32180	71.0678
32190	61.0638
32200	71.0638
32210	63.235
32220	73.235
32230	65.411
32240	75.411
32250	85.411
32260	67.3665
32270	77.3665
32280	67.574
32290	77.574
32300	64.2637
32310	74.2637
32320	60.1777
32330	70.1777
32340	59.2007
32350	69.2007
32360	57.2239
32370	67.2239
32380	53.1551
32390	63.1551
32400	73.1551
32410	63.4687
32420	73.4687
32430	63.4787
32440	73.4787
32450	65.7937
32460	75.7937
32470	67.3329
32480	77.3329
32490	63.3639
32500	73.3639
32510	83.3639
32520	71.474
32530	60.0979
32540	70.0979
32550	80.0979
32560	62.0858
32570	72.0858
32580	61.7189
32590	71.7189
32600	57.7086
32610	67.7086
32620	53.698
32630	63.698
32640	54.1718
32650	64.1718
32660	74.1718
32670	68.6715
32680	78.6715
32690	60.5827
32700	70.5827
32710	63.0592
32720	73.0592
32730	83.0592
32740	70.7523
32750	56.6371
32760	66.6371
32770	76.6371
32780	61.7904
32790	71.7904
32800	61.5538
32810	71.5538
32820	81.5538
32830	59.3845
32840	53.5142
32850	63.5142
32860	58.7619
32870	68.7619
32880	78.7619
32890	64.616
32900	74.616
32910	61.3742
32920	71.3742
32930	61.2239
32940	71.2239
32950	57.0763
32960	67.0763
32970	56.5139
32980	66.5139
32990	59.1388
33000	69.1388
33010	54.9912
33020	64.9912
33030	74.9912
33040	61.6928
33050	71.6928
33060	61.5966
33070	71.5966
33080	81.5966
33090	73.8251
33100	83.8251
33110	71.5723
33120	57.4505
33130	67.4505
33140	77.4505
33150	67.3959
33160	55.7933
33170	65.7933
33180	75.7933
33190	57.7263
33200	67.7263
33210	57.5872
33220	67.5872
33230	58.5589
33240	68.5589
33250	54.4629
33260	64.4629
33270	54.5587
33280	64.5587
33290	74.5587
33300	68.4686
33310	78.4686
33320	60.3894
33330	70.3895
33340	80.3895
33350	72.1576
33360	82.1576
33370	70.0534
33380	80.0534
33390	61.9738
33400	71.9738
33410	56.6264
33420	66.6264
33430	56.3369
33440	66.3369
33450	76.3369
33460	58.3486
33470	52.6609
33480	62.6609
33490	58.0348
33500	68.0348
33510	78.0348
33520	64.0761
33530	74.0761
33540	60.4049
33550	70.4049
33560	61.2241
33570	71.2241
33580	57.2654
33590	67.2654
33600	56.904
33610	66.904
33620	59.2427
33630	69.2427
33640	55.2977
33650	65.2977
33660	75.2977
33670	61.5364
33680	71.5364
33690	61.6393
33700	71.6393
33710	81.6393
33720	73.8491
33730	83.8491
33740	71.7918
33750	57.9153
33760	67.9153
33770	77.9153
33780	67.8934
33790	55.8694
33800	65.8694
33810	75.8694
33820	58.0135
33830	68.0135
33840	57.6329
33850	67.6329
33860	77.6329
33870	67.1184
33880	53.2419
33890	63.2419
33900	73.2419
33910	61.2178
33920	71.2178
33930	65.0125
33940	75.0125
33950	57.1444
33960	67.1444
33970	77.1444
33980	68.9828
33990	78.9828
34000	68.3688
34010	78.3688
34020	60.4884
34030	70.4884
34040	56.7075
34050	66.7075
34060	56.3761
34070	66.3761
34080	76.3761
34090	58.4957
34100	52.5999
34110	62.5999
34120	72.5999
34130	67.2239
34140	77.2239
34150	63.3984
34160	73.3984
34170	59.5455
34180	69.5455
34190	60.3952
34200	70.3952
34210	56.5258
34220	66.5258
34230	55.949
34240	65.949
34250	58.473
34260	68.473
34270	54.5955
34280	64.5955
34290	74.5955
34300	60.6958
34310	70.6958
34320	60.8221
34330	70.8221
34340	63.4408
34350	73.4408
34360	65.8484
34370	75.8484
34380	85.8484
34390	67.9813
34400	77.9813
34410	67.811
34420	77.811
34430	63.7943
34440	73.7943
34450	59.84
34460	69.84
34470	59.7008
34480	69.7008
34490	79.7008
34500	64.4622
34510	50.4859
34520	60.4859
34530	70.4859
34540	60.2655
34550	70.2655
34560	60.2954
34570	70.2954
34580	63.494
34590	73.494
34600	83.494
34610	75.3069
34620	85.3069
34630	67.3539
34640	77.3539
34650	63.4539
34660	73.4539
34670	59.6958
34680	69.6958
34690	79.6958
34700	61.8203
34710	71.8203
34720	59.0391
34730	69.0391
34740	64.5909
34750	74.5909
34760	60.716
34770	70.716
34780	60.674
34790	70.674
34800	63.5142
34810	73.5142
34820	59.6745
34830	69.6745
34840	79.6745
34850	68.9039
34860	78.9039
34870	67.8803
34880	54.0724
34890	64.0724
34900	74.0724
34910	60.3208
34920	70.3208
34930	60.9713
34940	70.9713
34950	80.9713
34960	59.2908
34970	53.1486
34980	63.1486
34990	73.1486
35000	65.1618
35010	75.1618
35020	61.3863
35030	71.3863
35040	81.3863
35050	65.776
35060	75.776
35070	68.9439
35080	78.9439
35090	61.1182
35100	71.1182
35110	58.5654
35120	68.5654
35130	59.9628
35140	69.9628
35150	56.1046
35160	66.1047
35170	76.1046
35180	62.3017
35190	55.2897
35200	65.2897
35210	75.2897
35220	57.5185
35230	48.1972
35240	58.1972
35250	68.1972
35260	63.6213
35270	73.6213
35280	59.8212
35290	69.8212
35300	57.8542
35310	67.8542
35320	77.8542
35330	69.3709
35340	79.3709
35350	61.6026
35360	50.624
35370	60.624
35380	70.624
35390	62.8442
35400	72.8442
35410	59.044
35420	69.044
35430	79.044
35440	63.3966
35450	73.3966
35460	63.5605
35470	73.5605
35480	64.2736
35490	74.2736
35500	65.4465
35510	75.4465
35520	85.4465
35530	67.7124
35540	77.7124
35550	67.5183
35560	77.5183
35570	63.6783
35580	73.6783
35590	83.6783
35600	65.9532
35610	54.8915
35620	64.8915
35630	74.8915
35640	62.7388
35650	72.7388
35660	58.9561
35670	68.9561
35680	78.9561
35690	66.9901
35700	76.9901
35710	70.5291
35720	80.5291
35730	62.7497
35740	72.7497
35750	60.1892
35760	70.1891
35770	60.1115
35780	70.1115
35790	56.2607
35800	66.2607
35810	76.2607
35820	62.4284
35830	55.3771
35840	65.3771
35850	75.3771
35860	57.6098
35870	48.3778
35880	58.3778
35890	68.3778
35900	63.4149
35910	73.4149
35920	59.5879
35930	69.5879
35940	57.64
35950	67.64
35960	77.6401
35970	69.556
35980	79.556
35990	61.8145
36000	71.8145
