10	5
20	5
30	5
40	5
50	5
60	5
70	7.5
80	15
90	25
100	27.5
110	37.5
120	27.5
130	37.5
140	47.5
150	37.5
160	47.5
170	32.5
180	42.5
190	52.5
200	37.5
210	47.5
220	32.5
230	42.5
240	52.5
250	41.0833
260	51.0833
270	36.0833
280	46.0833
290	56.0833
300	48.8333
310	58.8333
320	43.8333
330	53.8333
340	63.8333
350	50.4286
360	60.4286
370	51.3333
380	61.3333
390	40.2857
400	50.2857
410	60.2857
420	53.7143
430	63.7143
440	53.3651
450	63.3651
460	42.5651
470	52.5651
480	47.5317
490	57.5317
500	53.4374
510	63.4374
520	73.4374
530	56.8556
540	66.8556
550	54.8616
560	64.8616
570	74.8616
580	58.4333
590	45.2364
600	55.2364
610	65.2364
620	51.5303
630	61.5303
640	51.1136
650	61.1136
660	71.1136
670	61.4528
680	71.4528
690	59.081
700	69.081
710	52.1579
720	62.1579
730	53.1667
740	63.1667
750	52.4725
760	62.4725
770	72.4725
780	56.6484
790	44.3956
800	54.3956
810	64.3956
820	52.3788
830	62.3788
840	49.2788
850	59.2788
860	46.6627
870	56.6627
880	66.6627
890	56.993
900	44.218
910	54.218
920	64.218
930	55.2722
940	65.2722
950	58.3972
960	68.3972
970	52.1472
980	62.1472
990	53.4744
1000	63.4744
1010	55.1765
1020	65.1765
1030	75.1765
1040	56.8309
1050	66.8309
1060	53.4228
1070	63.4228
1080	73.4228
1090	58.7647
1100	68.7647
1110	47.915
1120	35.6797
1130	45.6797
1140	55.6797
1150	50.6797
1160	60.6797
1170	44.0131
1180	54.0131
1190	64.0131
1200	55.6797
1210	65.6797
1220	53.4575
1230	63.4575
1240	53.5452
1250	63.5452
1260	55.4751
1270	65.4751
1280	75.4751
1290	53.0832
1300	63.0832
1310	54.6316
1320	64.6316
1330	54.3158
1340	64.3158
1350	74.3158
1360	52.7385
1370	43.3699
1380	53.3699
1390	63.3699
1400	53.0682
1410	63.0682
1420	45.7424
1430	55.7424
1440	46.6712
1450	56.6712
1460	66.6712
1470	53.7033
1480	63.7033
1490	54.5221
1500	64.5221
1510	74.5221
1520	63.4592
1530	45.7071
1540	55.7071
1550	65.7071
1560	56.7991
1570	66.7991
1580	55.3832
1590	65.3832
1600	41.6667
1610	51.6667
1620	46.084
1630	56.084
1640	49.6424
1650	59.6424
1660	69.6424
1670	45.8493
1680	55.8493
1690	50.5747
1700	60.5747
1710	51.4092
1720	61.4092
1730	52.6103
1740	62.6103
1750	52.8943
1760	62.8943
1770	72.8942
1780	50.6943
1790	60.6943
1800	51.4839
1810	61.4839
1820	71.4839
1830	63.3773
1840	73.3773
1850	53.2295
1860	63.2295
1870	46.3091
1880	56.3091
1890	53.3526
1900	63.3526
1910	73.3526
1920	52.8936
1930	62.8936
1940	56.1026
1950	66.1026
1960	76.1026
1970	65.7119
1980	49.1433
1990	59.1433
2000	49.3682
2010	59.3682
2020	69.3682
2030	57.029
2040	53.9296
2050	63.9296
2060	73.9296
2070	68.9863
2080	78.9863
2090	62.1442
2100	72.1442
2110	82.1442
2120	72.8391
2130	82.8391
2140	73.1862
2150	83.1862
2160	61.3887
2170	71.3887
2180	55.8901
2190	65.8901
2200	55.109
2210	65.109
2220	47.9706
2230	57.9706
2240	67.9706
2250	62.2111
2260	72.2111
2270	59.7111
2280	69.7111
2290	60.4611
2300	70.4611
2310	61.3408
2320	71.3408
2330	81.3408
2340	59.2774
2350	69.2774
2360	62.8293
2370	72.8293
2380	65.0502
2390	75.0502
2400	57.5653
2410	47.2019
2420	57.2019
2430	67.2019
2440	58.7085
2450	68.7085
2460	51.5656
2470	61.5656
2480	71.5656
2490	64.3503
2500	74.3503
2510	61.6534
2520	71.6534
2530	60.8049
2540	70.8049
2550	63.2814
2560	73.2814
2570	83.2814
2580	61.4632
2590	71.4632
2600	61.0563
2610	71.0563
2620	64.5455
2630	74.5455
2640	84.5455
2650	62.7273
2660	49.0182
2670	59.0182
2680	69.0182
2690	60.9051
2700	70.9051
2710	54.1778
2720	64.1778
2730	57.981
2740	67.981
2750	77.981
2760	68.1506
2770	51.9573
2780	61.9574
2790	71.9574
2800	64.2524
2810	74.2524
2820	63.7204
2830	73.7204
2840	53.8222
2850	63.8222
2860	54.4637
2870	64.4637
2880	58.1113
2890	68.1113
2900	78.1113
2910	58.627
2920	68.627
2930	61.7089
2940	71.7089
2950	63.2013
2960	73.2013
2970	57.4702
2980	67.4702
2990	56.5047
3000	66.5047
3010	76.5047
3020	67.3746
3030	77.3746
3040	57.2864
3050	67.2864
3060	55.7302
3070	65.7302
3080	59.8328
3090	69.8328
3100	79.8328
3110	59.9997
3120	69.9997
3130	62.4518
3140	72.4518
3150	64.0865
3160	74.0865
3170	84.0865
3180	64.372
3190	49.1461
3200	59.1461
3210	51.343
3220	61.343
3230	71.343
3240	55.8469
3250	65.8469
3260	61.898
3270	71.898
3280	64.1802
3290	74.1802
3300	58.4659
3310	68.4659
3320	60.1523
3330	70.1523
3340	61.2588
3350	71.2588
3360	55.7475
3370	65.7475
3380	56.2899
3390	66.2899
3400	58.3041
3410	68.3041
3420	52.5718
3430	62.5718
3440	72.5718
3450	62.6024
3460	72.6024
3470	61.3137
3480	71.3137
3490	60.6316
3500	70.6316
3510	60.7645
3520	70.7645
3530	80.7645
3540	61.4213
3550	71.4213
3560	63.0834
3570	73.0834
3580	66.6061
3590	76.6061
3600	86.6061
3610	67.6061
3620	54.2221
3630	64.2221
3640	55.5244
3650	65.5244
3660	75.5244
3670	61.1107
3680	71.1107
3690	59.7857
3700	69.7857
3710	79.7857
3720	69.8398
3730	79.8398
3740	61.7961
3750	49.6505
3760	59.6505
3770	69.6505
3780	62.5648
3790	72.5648
3800	58.0921
3810	68.0921
3820	78.0921
3830	70.6149
3840	80.6149
3850	71.1128
3860	81.1128
3870	62.4765
3880	72.4765
3890	59.1431
3900	69.1431
3910	56.0606
3920	66.0606
3930	76.0606
3940	57.2655
3950	67.2655
3960	60.9534
3970	70.9534
3980	65.3008
3990	75.3008
4000	60.2261
4010	70.2261
4020	58.8033
4030	68.8033
4040	59.8725
4050	69.8725
4060	54.7978
4070	64.7978
4080	54.4776
4090	64.4776
4100	74.4776
4110	63.6804
4120	73.6804
4130	65.3038
4140	75.3038
4150	85.3038
4160	72.4781
4170	57.7722
4180	67.7722
4190	77.7722
4200	66.4192
4210	76.4192
4220	65.831
4230	75.831
4240	85.831
4250	75.8064
4260	66.3235
4270	76.3235
4280	61.5324
4290	71.5324
4300	81.5324
4310	67.7856
4320	77.7856
4330	60.4263
4340	70.4263
4350	50.948
4360	60.948
4370	56.1094
4380	66.1094
4390	76.1094
4400	68.7784
4410	78.7784
4420	58.8629
4430	68.8629
4440	61.6698
4450	71.6698
4460	81.6698
4470	69.7819
4480	54.4298
4490	64.4298
4500	74.4298
4510	63.0109
4520	73.0109
4530	61.8841
4540	71.8841
4550	64.973
4560	74.973
4570	84.973
4580	75.2547
4590	85.2547
4600	65.565
4610	75.565
4620	62.3987
4630	72.3987
4640	59.6017
4650	69.6017
4660	79.6017
4670	59.3146
4680	69.3146
4690	63.7621
4700	73.7621
4710	65.8274
4720	75.8274
4730	85.8274
4740	64.8313
4750	74.8313
4760	64.1009
4770	74.1009
4780	60.0914
4790	70.0914
4800	53.3347
4810	63.3347
4820	58.662
4830	68.662
4840	61.107
4850	71.107
4860	54.5108
4870	64.5108
4880	74.5108
4890	62.9819
4900	72.9819
4910	62.8614
4920	46.1151
4930	56.1151
4940	66.1151
4950	60.9336
4960	70.9336
4970	58.3068
4980	68.3068
4990	78.3068
5000	67.3091
5010	77.3091
5020	64.5818
5030	74.5818
5040	64.2729
5050	74.2729
5060	65.3848
5070	75.3848
5080	85.3848
5090	63.6576
5100	73.6576
5110	60.8961
5120	70.8961
5130	63.4491
5140	73.4491
5150	83.4491
5160	61.8979
5170	52.4128
5180	62.4128
5190	54.1939
5200	64.1939
5210	74.1939
5220	57.1207
5230	67.1207
5240	61.7268
5250	71.7268
5260	62.7303
5270	72.7303
5280	55.6246
5290	65.6246
5300	56.7675
5310	66.7675
5320	56.4181
5330	66.4181
5340	49.2753
5350	59.2753
5360	69.2753
5370	63.6175
5380	73.6174
5390	61.3877
5400	71.3877
5410	81.3877
5420	72.9809
5430	82.9809
5440	72.3064
5450	55.7631
5460	65.7631
5470	75.7631
5480	64.6222
5490	74.6222
5500	62.3943
5510	72.3943
5520	82.3943
5530	70.4614
5540	80.4614
5550	67.9161
5560	77.9161
5570	87.9161
5580	61.961
5590	49.9696
5600	59.9696
5610	54.9703
5620	64.9703
5630	74.9703
5640	57.9596
5650	67.9596
5660	60.6093
5670	70.6093
5680	62.7806
5690	72.7806
5700	55.7476
5710	65.7476
5720	57.1717
5730	67.1717
5740	56.4877
5750	66.4876
5760	49.4026
5770	59.4026
5780	69.4026
5790	62.5326
5800	72.5326
5810	59.9133
5820	69.9133
5830	79.9133
5840	72.5421
5850	82.5421
5860	72.3505
5870	55.4259
5880	65.4259
5890	75.4259
5900	66.2029
5910	76.2029
5920	65.5009
5930	75.5009
5940	54.5756
5950	64.5756
5960	74.5756
5970	61.1455
5980	71.1455
5990	61.9711
6000	71.9711
6010	50.8606
6020	60.8606
6030	57.4585
6040	67.4585
6050	77.4585
6060	65.1813
6070	75.1813
6080	67.3638
6090	77.3638
6100	67.7228
6110	77.7228
6120	87.7228
6130	66.5347
6140	54.2301
6150	64.2301
6160	74.2301
6170	58.2424
6180	68.2424
6190	51.9769
6200	61.9769
6210	71.9769
6220	68.2948
6230	78.2948
6240	66.6139
6250	76.6139
6260	68.0613
6270	78.0613
6280	68.0834
6290	78.0834
6300	62.1218
6310	72.1218
6320	82.1218
6330	71.6867
6340	81.6867
6350	67.4641
6360	77.4641
6370	57.4147
6380	67.4147
6390	56.7968
6400	66.7968
6410	58.6415
6420	68.6415
6430	78.6415
6440	58.3343
6450	68.3343
6460	57.8234
6470	67.8234
6480	60.6516
6490	70.6516
6500	80.6516
6510	59.9284
6520	49.263
6530	59.263
6540	69.263
6550	64.8316
6560	74.8316
6570	58.3956
6580	68.3956
6590	78.3956
6600	70.8579
6610	80.8579
6620	72.1527
6630	82.1527
6640	61.2518
6650	71.2518
6660	81.2518
6670	66.058
6680	76.058
6690	59.8321
6700	69.8321
6710	49.1968
6720	59.1968
6730	56.4259
6740	66.4259
6750	59.1637
6760	69.1637
6770	79.1637
6780	72.8199
6790	65.9931
6800	75.9931
6810	85.9931
6820	66.0779
6830	53.2777
6840	63.2777
6850	73.2777
6860	64.0862
6870	74.0862
6880	58.2242
6890	68.2242
6900	59.0843
6910	69.0843
6920	61.1494
6930	71.1494
6940	81.1494
6950	61.1207
6960	49.8962
6970	59.8962
6980	69.8962
6990	60.0283
7000	70.0283
7010	54.3873
7020	64.3873
7030	74.3873
7040	67.977
7050	77.977
7060	66.5961
7070	76.5961
7080	86.5961
7090	75.551
7100	85.551
7110	70.8641
7120	80.8641
7130	60.7069
7140	70.7069
7150	61.4332
7160	71.4332
7170	64.0286
7180	74.0286
7190	84.0286
7200	63.4986
7210	73.4986
7220	62.2865
7230	72.2865
7240	82.2865
7250	69.131
7260	53.0565
7270	63.0565
7280	52.6693
7290	62.6693
7300	72.6693
7310	63.4135
7320	73.4135
7330	53.4559
7340	63.4559
7350	57.3198
7360	67.3198
7370	63
7380	73
7390	57.2995
7400	67.2995
7410	77.2995
7420	67.4785
7430	60.2619
7440	70.2619
7450	80.2619
7460	60.2619
7470	70.2619
7480	59.5432
7490	69.5432
7500	55.813
7510	65.813
7520	50.0142
7530	60.0141
7540	54.4889
7550	64.4889
7560	74.4889
7570	62.7835
7580	72.7835
7590	65.5089
7600	75.5089
7610	85.5089
7620	76.9361
7630	61.0599
7640	71.0599
7650	81.0599
7660	70.8377
7670	61.7342
7680	71.7342
7690	81.7342
7700	61.5803
7710	71.5803
7720	56.6469
7730	66.6469
7740	76.6469
7750	66.7517
7760	50.8479
7770	60.8479
7780	70.8479
7790	60.9767
7800	70.9767
7810	59.3858
7820	69.3858
7830	62.5694
7840	72.5694
7850	82.5694
7860	73.5599
7870	83.5599
7880	63.2716
7890	73.2716
7900	60.6685
7910	70.6685
7920	61.0482
7930	71.0482
7940	55.2351
7950	65.2351
7960	75.2351
7970	67.7851
7980	77.7851
7990	69.9568
8000	79.9568
8010	59.9143
8020	69.9143
8030	79.9143
8040	65.9227
8050	75.9227
8060	60.6612
8070	70.6612
8080	50.779
8090	60.779
8100	57.5146
8110	67.5146
8120	63.1941
8130	73.1941
8140	83.1941
8150	63.1698
8160	73.1698
8170	63.4336
8180	73.4336
8190	83.4336
8200	71.0811
8210	55.3999
8220	65.3999
8230	75.3999
8240	58.9073
8250	68.9073
8260	57.4179
8270	67.4179
8280	77.4179
8290	71.5784
8300	81.5784
8310	75.1034
8320	85.1034
8330	64.9263
8340	74.9263
8350	61.145
8360	71.145
8370	59.8593
8380	69.8593
8390	54.1868
8400	64.1868
8410	74.1868
8420	60.1052
8430	70.1052
8440	58.7765
8450	68.7765
8460	60.3501
8470	70.3501
8480	63.0319
8490	73.0319
8500	83.0319
8510	63.1718
8520	73.1718
8530	66.2238
8540	76.2238
8550	67.2882
8560	77.2882
8570	61.8703
8580	71.8703
8590	59.0297
8600	69.0297
8610	79.0297
8620	62.381
8630	47.0325
8640	57.0325
8650	67.0325
8660	60.8543
8670	70.8543
8680	59.6092
8690	69.6092
8700	79.6092
8710	72.0971
8720	82.0971
8730	72.9534
8740	82.9534
8750	63.1224
8760	73.1224
8770	58.1239
8780	68.1239
8790	58.6839
8800	68.6839
8810	78.6839
8820	58.8172
8830	68.8172
8840	63.142
8850	73.142
8860	64.9604
8870	74.9604
8880	59.3315
8890	69.3315
8900	57.4455
8910	67.4455
8920	55.1351
8930	65.1351
8940	49.4772
8950	59.4772
8960	69.4772
8970	64.297
8980	74.297
8990	62.7695
9000	72.7695
9010	64.0197
9020	74.0197
9030	66.6373
9040	76.6373
9050	60.8502
9060	70.8502
9070	80.8502
9080	70.4199
9090	80.4198
9100	71.114
9110	81.114
9120	61.1741
9130	71.174
9140	81.1741
9150	66.7662
9160	76.7661
9170	59.5259
9180	69.5259
9190	49.8073
9200	59.8073
9210	56.3775
9220	66.3775
9230	61.7766
9240	71.7766
9250	56.4722
9260	50.7703
9270	60.7703
9280	70.7703
9290	62.2652
9300	72.2652
9310	56.7977
9320	66.7977
9330	76.7977
9340	65.4811
9350	75.4811
9360	64.2311
9370	74.2311
9380	63.2311
9390	73.2311
9400	64.0856
9410	74.0856
9420	84.0856
9430	64.3356
9440	74.3356
9450	63.2673
9460	73.2673
9470	63.7766
9480	73.7766
9490	83.7766
9500	64.3677
9510	51.3055
9520	61.3055
9530	71.3055
9540	65.2104
9550	75.2105
9560	60.1101
9570	70.1101
9580	59.7145
9590	69.7145
9600	79.7145
9610	68.2743
9620	78.2743
9630	59.1371
9640	69.1371
9650	53.8401
9660	63.8401
9670	59.3351
9680	69.3351
9690	54.3598
9700	64.3598
9710	74.3598
9720	67.6682
9730	77.6682
9740	70.3248
9750	80.3248
9760	61.3576
9770	71.3576
9780	58.2813
9790	68.2813
9800	57.0705
9810	67.0705
9820	77.0705
9830	58.247
9840	68.247
9850	62.9327
9860	72.9327
9870	82.9327
9880	73.9079
9890	83.908
9900	65.0454
9910	75.0454
9920	60.4686
9930	70.4686
9940	60.3315
9950	70.3315
9960	55.6834
9970	65.6834
9980	60.6037
9990	70.6037
10000	80.6037
10010	71.9992
10020	81.9992
10030	63.071
10040	73.071
10050	60.6142
10060	70.6142
10070	58.7123
10080	68.7123
10090	78.7123
10100	59.5525
10110	69.5525
10120	63.5202
10130	73.5202
10140	64.9493
10150	74.9493
10160	84.9493
10170	65.9385
10180	53.7499
10190	63.7499
10200	73.7498
10210	63.703
10220	73.703
10230	58.9573
10240	68.9573
10250	62.8621
10260	72.8621
10270	82.8621
10280	74.7618
10290	84.7618
10300	65.8918
10310	75.8918
10320	62.1629
10330	72.1629
10340	59.435
10350	69.435
10360	79.435
10370	60.565
10380	70.565
10390	60
10400	70
10410	65.3149
10420	75.3149
10430	85.3149
10440	66.5375
10450	54.2703
10460	64.2703
10470	52.8458
10480	62.8458
10490	72.8458
10500	58.2391
10510	68.2391
10520	59.2421
10530	69.2421
10540	62.3596
10550	72.3596
10560	57.7528
10570	67.7528
10580	55.0755
10590	65.0755
10600	60.4863
10610	70.4863
10620	55.9895
10630	65.9895
10640	75.9895
10650	67.0781
10660	77.0781
10670	68.1443
10680	78.1443
10690	59.4093
10700	69.4093
10710	56.2455
10720	66.2455
10730	60.3538
10740	70.3538
10750	80.3538
10760	61.576
10770	71.576
10780	61.5623
10790	71.5623
10800	81.5623
10810	68.4839
10820	78.4839
10830	59.8784
10840	69.8784
10850	54.9107
10860	64.9108
10870	59.972
10880	69.972
10890	55.5764
10900	65.5764
10910	75.5764
10920	69.8604
10930	62.7136
10940	72.7136
10950	82.7136
10960	64.252
10970	52.4938
10980	62.4938
10990	49.3956
11000	59.3956
11010	69.3956
11020	55
11030	65
11040	59.2857
11050	69.2857
11060	79.2857
11070	71.1095
11080	56.7471
11090	66.7471
11100	76.7471
11110	68.3579
11120	78.3579
11130	70.7329
11140	80.7329
11150	62.3545
11160	72.3545
11170	82.3545
11180	71.7035
11190	81.7035
11200	67.8116
11210	53.4873
11220	63.4873
11230	73.4873
11240	55.3513
11250	65.3513
11260	55.0459
11270	65.0459
11280	60.3738
11290	70.3738
11300	65.6949
11310	75.6949
11320	85.6949
11330	67.0421
11340	77.0421
11350	68.9355
11360	78.9355
11370	68.5066
11380	78.5066
11390	63.7745
11400	73.7746
11410	83.7746
11420	68.771
11430	78.771
11440	59.3989
11450	69.3989
11460	50.4018
11470	60.4018
11480	55.1256
11490	65.1256
11500	61.4108
11510	71.4108
11520	81.4108
11530	62.3055
11540	53.8883
11550	63.8883
11560	73.8883
11570	63.2047
11580	73.2047
11590	58.3749
11600	68.3749
11610	59.2068
11620	69.2068
11630	79.2068
11640	70.8822
11650	56.0655
11660	66.0655
11670	76.0655
11680	67.1975
11690	77.1975
11700	68.7435
11710	78.7435
11720	59.7906
11730	69.7906
11740	79.7906
11750	64.3581
11760	74.3581
11770	60.5714
11780	70.5714
11790	51.4595
11800	61.4595
11810	56.8394
11820	66.8394
11830	61.2109
11840	71.2109
11850	56.3404
11860	50.0069
11870	60.0069
11880	70.0069
11890	59.843
11900	69.843
11910	54.996
11920	64.996
11930	74.996
11940	65.0669
11950	75.0669
11960	66.6748
11970	76.6748
11980	57.8088
11990	67.8088
12000	60.2462
12010	70.2462
12020	80.2462
12030	70.0598
12040	80.0598
12050	61.1598
12060	71.1598
12070	60.8573
12080	70.8573
12090	60.6807
12100	70.6807
12110	55.9582
12120	65.9582
12130	75.9582
12140	69.598
12150	62.1318
12160	72.1318
12170	82.1318
12180	63.4207
12190	51.3055
12200	61.3055
12210	48.9265
12220	58.9265
12230	68.9265
12240	54.5406
12250	64.5406
12260	58.5159
12270	68.5159
12280	78.5159
12290	70.0119
12300	55.7683
12310	65.7683
12320	75.7683
12330	68.1639
12340	78.1639
12350	71.3582
12360	81.3582
12370	63.2649
12380	73.2649
12390	83.2649
12400	72.4918
12410	82.4918
12420	68.7691
12430	78.7691
12440	61.3252
12450	71.3252
12460	45.0208
12470	55.0208
12480	53.1875
12490	63.1875
12500	73.1875
12510	63.037
12520	73.037
12530	66.4915
12540	76.4915
12550	86.4915
12560	74.7744
12570	60.4916
12580	70.4916
12590	60.0373
12600	70.0373
12610	80.0373
12620	68.8775
12630	78.8775
12640	60.6737
12650	70.6737
12660	80.6737
12670	69.0703
12680	79.0703
12690	65.7286
12700	75.7285
12710	57.4266
12720	67.4266
12730	57.9926
12740	52.0062
12750	62.0062
12760	72.0062
12770	57.6584
12780	67.6584
12790	59.1031
12800	69.1031
12810	79.1031
12820	65.8819
12830	51.5887
12840	61.5887
12850	71.5887
12860	62.7597
12870	72.7597
12880	62.5555
12890	72.5555
12900	82.5555
12910	74.3816
12920	84.3816
12930	72.948
12940	82.948
12950	64.5833
12960	74.5833
12970	58.1665
12980	68.1665
12990	58.2922
13000	68.2922
13010	53.9244
13020	63.9244
13030	73.9244
13040	67.4081
13050	77.4081
13060	67.0506
13070	77.0506
13080	87.0506
13090	76.8315
13100	86.8316
13110	72.0571
13120	82.0571
13130	63.3157
13140	73.3157
13150	60.1991
13160	70.1991
13170	60.9012
13180	70.9012
13190	56.0977
13200	66.0977
13210	58.5456
13220	68.5456
13230	60.7394
13240	70.7394
13250	55.9212
13260	65.9212
13270	56.0018
13280	66.0018
13290	76.0018
13300	66.8888
13310	76.8888
13320	57.9897
13330	67.9897
13340	55.3315
13350	65.3315
13360	58.2738
13370	68.2738
13380	78.2738
13390	59.2192
13400	69.2192
13410	63.1419
13420	73.1419
13430	83.1419
13440	74.5232
13450	84.5232
13460	65.6734
13470	52.9006
13480	62.9006
13490	72.9006
13500	63.2085
13510	73.2085
13520	58.5026
13530	68.5026
13540	59.6863
13550	69.6863
13560	62.6436
13570	72.6436
13580	57.8026
13590	67.8026
13600	54.9226
13610	64.9226
13620	55.4322
13630	65.4322
13640	75.4322
13650	56.2629
13660	66.2629
13670	57.4528
13680	67.4528
13690	77.4528
13700	70.0697
13710	55.0123
13720	65.0123
13730	58.43
13740	68.43
13750	78.43
13760	71.4941
13770	81.4941
13780	62.3687
13790	72.3687
13800	63.2337
13810	73.2337
13820	83.2337
13830	69.9403
13840	79.9403
13850	60.8391
13860	70.8391
13870	51.6983
13880	61.6983
13890	58.9045
13900	68.9045
13910	53.9893
13920	63.9893
13930	73.9893
13940	69.076
13950	61.877
13960	71.877
13970	81.877
13980	62.7629
13990	72.7629
14000	61.4232
14010	71.4232
14020	55.8901
14030	65.8901
14040	50.8392
14050	60.8392
14060	55.2895
14070	65.2895
14080	75.2895
14090	68.9671
14100	78.9671
14110	59.6508
14120	69.6508
14130	60.8619
14140	70.8619
14150	63.6737
14160	73.6737
14170	83.6737
14180	64.3162
14190	74.3162
14200	63.0228
14210	73.0228
14220	60.5988
14230	70.5988
14240	80.5988
14250	61.0963
14260	49.0564
14270	59.0564
14280	53.8205
14290	63.8205
14300	73.8205
14310	58.56
14320	68.56
14330	63.4868
14340	73.4868
14350	64.931
14360	74.931
14370	59.6108
14380	69.6108
14390	57.561
14400	67.561
14410	55.7676
14420	65.7675
14430	50.3292
14440	60.3292
14450	70.3292
14460	64.5285
14470	74.5285
14480	63.304
14490	73.304
14500	64.528
14510	74.528
14520	65.7923
14530	75.7923
14540	60.3385
14550	70.3385
14560	80.3385
14570	70.6899
14580	80.6899
14590	72.0988
14600	82.0988
14610	92.0988
14620	68.2777
14630	78.2777
14640	62.6267
14650	72.6267
14660	82.6267
14670	63.6082
14680	48.2237
14690	58.2237
14700	54.3489
14710	64.3489
14720	74.3489
14730	63.1692
14740	73.1692
14750	65.9728
14760	75.9728
14770	67.4509
14780	77.4509
14790	87.4509
14800	67.7601
14810	54.2192
14820	64.2192
14830	74.2192
14840	62.5113
14850	72.5113
14860	57.049
14870	67.049
14880	77.049
14890	69.5382
14900	79.5382
14910	72.2002
14920	82.2002
14930	62.5532
14940	72.5532
14950	59.0179
14960	69.0179
14970	58.7194
14980	68.7194
14990	53.4131
15000	63.4131
15010	73.4131
15020	64.3791
15030	74.3791
15040	63.3674
15050	73.3674
15060	64.5554
15070	74.5554
15080	65.7998
15090	75.7998
15100	85.7998
15110	66.3834
15120	76.3834
15130	62.3735
15140	72.3735
15150	82.3735
15160	71.6937
15170	81.6937
15180	62.254
15190	72.254
15200	58.3683
15210	68.3683
15220	59.6381
15230	69.6381
15240	54.2757
15250	64.2757
15260	74.2757
15270	68.1925
15280	78.1925
15290	70.9428
15300	80.9428
15310	61.4231
15320	71.4231
15330	59.4794
15340	69.4794
15350	58.6776
15360	68.6776
15370	78.6776
15380	59.269
15390	69.269
15400	60.3923
15410	70.3923
15420	80.3923
15430	73.6517
15440	83.6517
15450	64.1234
15460	52.338
15470	62.338
15480	72.338
15490	60.3529
15500	70.3529
15510	55.0658
15520	65.0658
15530	56.3562
15540	66.3562
15550	60.9956
15560	70.9956
15570	55.8442
15580	65.8442
15590	53.9982
15600	63.9982
15610	59.777
15620	69.7769
15630	79.7769
15640	60.5232
15650	70.5232
15660	61.477
15670	71.477
15680	59.7415
15690	69.7414
15700	79.7415
15710	60.4877
15720	48.6594
15730	58.6594
15740	68.6594
15750	62.9906
15760	72.9906
15770	57.8316
15780	67.8316
15790	77.8316
15800	70.4062
15810	80.4062
15820	72.5328
15830	82.5328
15840	63.1276
15850	73.1276
15860	59.7007
15870	69.7007
15880	58.5874
15890	68.5874
15900	53.3829
15910	63.3829
15920	73.3829
15930	64.4908
15940	74.4908
15950	63.4652
15960	73.4652
15970	65.1341
15980	75.1341
15990	66.4458
16000	76.4458
16010	86.4458
16020	67.0643
16030	77.0643
16040	62.6587
16050	72.6587
16060	63.2136
16070	73.2136
16080	83.2136
16090	63.8753
16100	52.3631
16110	62.3631
16120	72.3631
16130	63.0147
16140	73.0147
16150	57.8676
16160	67.8676
16170	77.8676
16180	69.7794
16190	79.7794
16200	72.1324
16210	82.1324
16220	62.7941
16230	72.7941
16240	59.6159
16250	69.6159
16260	58.7947
16270	68.7947
16280	78.7947
16290	59.5117
16300	69.5117
16310	59.7587
16320	69.7587
16330	64.4009
16340	74.4009
16350	84.4009
16360	65.1524
16370	53.3285
16380	63.3285
16390	73.3285
16400	61.4952
16410	71.4952
16420	56.4952
16430	66.4952
16440	56.6938
16450	66.6938
16460	61.4551
16470	71.4551
16480	56.3982
16490	66.3982
16500	54.2894
16510	64.2894
16520	59.8474
16530	69.8474
16540	54.7346
16550	64.7346
16560	74.7346
16570	65.0376
16580	75.0376
16590	64.4664
16600	74.4664
16610	84.4664
16620	61.1464
16630	49.18
16640	59.18
16650	69.18
16660	64.0746
16670	74.0747
16680	59.1284
16690	69.1284
16700	79.1284
16710	67.9985
16720	77.9985
16730	70.9415
16740	80.9415
16750	61.8015
16760	71.8016
16770	58.3132
16780	68.3132
16790	56.8844
16800	66.8844
16810	51.9022
16820	61.9022
16830	71.9022
16840	61.9747
16850	71.9747
16860	61.1895
16870	71.1895
16880	62.6939
16890	72.6939
16900	64.8107
16910	74.8107
16920	84.8107
16930	65.6073
16940	75.6073
16950	67.7367
16960	77.7367
16970	67.6669
16980	77.6669
16990	87.6669
17000	68.5308
17010	78.5308
17020	64.2887
17030	74.2887
17040	57.061
17050	67.061
17060	52.0075
17070	62.0075
17080	55.1506
17090	65.1506
17100	60.5026
17110	70.5026
17120	55.5891
17130	65.5891
17140	58.32
17150	68.32
17160	61.1665
17170	71.1665
17180	81.1665
17190	62.1265
17200	72.1265
17210	62.3923
17220	72.3923
17230	59.5854
17240	69.5854
17250	79.5854
17260	60.5816
17270	47.8283
17280	57.8283
17290	67.8283
17300	63.3422
17310	73.3422
17320	58.4137
17330	68.4137
17340	78.4137
17350	70.2864
17360	80.2864
17370	72.7392
17380	82.7392
17390	63.7324
17400	73.7324
17410	59.2587
17420	69.2587
17430	56.6111
17440	66.6111
17450	51.7481
17460	61.7481
17470	71.7481
17480	62.159
17490	72.159
17500	61.4568
17510	71.4568
17520	62.1543
17530	72.1543
17540	64.9053
17550	74.9053
17560	84.9053
17570	66.0214
17580	76.0214
17590	67.2263
17600	77.2263
17610	67.5445
17620	77.5445
17630	87.5445
17640	68.7117
17650	55.7572
17660	65.7572
17670	75.7572
17680	60.2437
17690	70.2437
17700	55.5639
17710	65.5639
17720	75.5639
17730	67.3647
17740	77.3647
17750	69.8715
17760	79.8715
17770	61.2
17780	71.2
17790	62.152
17800	72.152
17810	63.6343
17820	73.6343
17830	83.6343
17840	64.9766
17850	74.9766
17860	65.3457
17870	75.3457
17880	85.3457
17890	70.9162
17900	56.35
17910	66.35
17920	52.1949
17930	62.1949
17940	72.1949
17950	61.6949
17960	71.6949
17970	64.912
17980	74.912
17990	84.912
18000	75.8383
18010	61.2383
18020	71.2383
18030	81.2383
18040	71.1862
18050	81.1862
18060	70.3153
18070	80.3153
18080	61.5016
18090	71.5016
18100	81.5016
18110	70.0798
18120	80.0798
18130	67.6086
18140	77.6086
18150	58.7578
18160	68.7578
18170	53.8159
18180	63.8159
18190	57.2596
18200	67.2596
18210	77.2596
18220	70.4879
18230	80.4879
18240	71.5401
18250	81.5401
18260	62.5666
18270	72.5666
18280	63.4665
18290	73.4665
18300	83.4665
18310	72.7484
18320	82.7483
18330	63.7497
18340	73.7497
18350	83.7497
18360	72.4468
18370	82.4468
18380	68.3766
18390	78.3766
18400	59.2485
18410	69.2485
18420	54.4576
18430	64.4576
18440	61.7877
18450	71.7877
18460	81.7877
18470	62.5443
18480	72.5443
18490	62.8582
18500	72.8582
18510	82.8582
18520	68.8536
18530	53.8275
18540	63.8275
18550	54.0802
18560	64.0802
18570	59.3019
18580	69.3019
18590	54.3536
18600	64.3536
18610	74.3536
18620	64.5862
18630	74.5862
18640	63.7843
18650	73.7843
18660	54.6691
18670	64.6691
18680	55.8114
18690	65.8114
18700	75.8114
18710	64.9304
18720	74.9304
18730	68.1054
18740	78.1054
18750	88.1054
18760	77.4469
18770	62.3927
18780	72.3927
18790	82.3927
18800	69.9697
18810	58.8422
18820	68.8422
18830	53.861
18840	63.861
18850	73.861
18860	63.8134
18870	73.8134
18880	63.3795
18890	73.3795
18900	54.2128
18910	64.2128
18920	54.7146
18930	64.7146
18940	74.7146
18950	63.8496
18960	73.8496
18970	67.5117
18980	77.5117
18990	67.5397
19000	77.5397
19010	87.5397
19020	68.2426
19030	52.8145
19040	62.8145
19050	72.8145
19060	62.815
19070	72.815
19080	57.7031
19090	67.7031
19100	77.7031
19110	69.3103
19120	62.7014
19130	72.7014
19140	82.7014
19150	63.2932
19160	51.3181
19170	61.3181
19180	51.2178
19190	61.2178
19200	71.2178
19210	55.9949
19220	65.9949
19230	57.6133
19240	67.6133
19250	62.4869
19260	72.4869
19270	82.4869
19280	63.1455
19290	51.2457
19300	61.2457
19310	71.2457
19320	64.6256
19330	74.6256
19340	59.4557
19350	69.4557
19360	79.4557
19370	67.7681
19380	77.7681
19390	67.8304
19400	77.8304
19410	58.3686
19420	68.3686
19430	55.0184
19440	65.0184
19450	59.2636
19460	69.2636
19470	54.0435
19480	64.0435
19490	74.0435
19500	64.0791
19510	74.0791
19520	62.9854
19530	72.9854
19540	82.9854
19550	73.047
19560	83.047
19570	69.862
19580	79.862
19590	60.2298
19600	70.2299
19610	59.6032
19620	69.6032
19630	79.6032
19640	68.2163
19650	78.2163
19660	58.559
19670	68.559
19680	60.6231
19690	70.6231
19700	80.623
19710	67.5165
19720	52.0476
19730	62.0476
19740	72.0476
19750	64.6176
19760	56.3335
19770	66.3335
19780	76.3335
19790	56.4904
19800	66.4904
19810	57.8483
19820	67.8483
19830	58.1401
19840	68.1401
19850	52.4506
19860	62.4506
19870	55.7872
19880	65.7871
19890	75.7872
19900	68.7657
19910	78.7657
19920	58.7183
19930	52.2612
19940	62.2612
19950	72.2612
19960	64.1344
19970	74.1344
19980	58.3675
19990	68.3675
20000	78.3675
20010	67.3212
20020	77.3212
20030	67.0428
20040	77.0428
20050	57.0563
20060	67.0563
20070	53.6727
20080	63.6727
20090	59.131
20100	69.131
20110	79.131
20120	59.0639
20130	69.0639
20140	59.5866
20150	69.5866
20160	62.4957
20170	72.4957
20180	56.6797
20190	66.6797
20200	54.9622
20210	64.9622
20220	57.5449
20230	67.5449
20240	51.7917
20250	61.7917
20260	71.7917
20270	62.1571
20280	72.1571
20290	60.7405
20300	70.7405
20310	62.3785
20320	72.3785
20330	64.2726
20340	74.2726
20350	58.5003
20360	68.5003
20370	78.5003
20380	69.6146
20390	61.6903
20400	71.6903
20410	81.6903
20420	61.6008
20430	51.5425
20440	61.5425
20450	71.5425
20460	59.2942
20470	69.2942
20480	53.4132
20490	63.4132
20500	57.0383
20510	67.0383
20520	77.0383
20530	65.4439
20540	57.1638
20550	67.1638
20560	77.1638
20570	69.0931
20580	79.0931
20590	63.1551
20600	73.1551
20610	63.3959
20620	73.3959
20630	63.9112
20640	73.9112
20650	58.0989
20660	68.0989
20670	56.7556
20680	66.7556
20690	55.7761
20700	65.7761
20710	75.7761
20720	55.6884
20730	65.6884
20740	58.9329
20750	68.9329
20760	63.9191
20770	73.9191
20780	83.9191
20790	64.0148
20800	52.8124
20810	62.8124
20820	72.8124
20830	64.2231
20840	74.2231
20850	58.6579
20860	68.6579
20870	78.6579
20880	66.8258
20890	76.8258
20900	67.9161
20910	77.9161
20920	58.1036
20930	68.1036
20940	55.3039
20950	65.3039
20960	59.0809
20970	69.0809
20980	53.5852
20990	63.5852
21000	73.5852
21010	63.319
21020	73.319
21030	62.0495
21040	72.0495
21050	82.0495
21060	72.8162
21070	82.8162
21080	69.9148
21090	79.9148
21100	60.1033
21110	70.1033
21120	60.526
21130	70.526
21140	60.1342
21150	70.1342
21160	80.1342
21170	60.2197
21180	70.2197
21190	61.1819
21200	71.1819
21210	81.1819
21220	68.4491
21230	52.8421
21240	62.8421
21250	72.8421
21260	63.8997
21270	56.5598
21280	66.5598
21290	76.5598
21300	56.7157
21310	66.7157
21320	59.1088
21330	69.1088
21340	59.751
21350	69.7511
21360	54.1963
21370	64.1963
21380	55.2319
21390	65.2319
21400	57.426
21410	67.426
21420	77.426
21430	57.5884
21440	51.5555
21450	61.5555
21460	71.5555
21470	65.2298
21480	75.2298
21490	59.5267
21500	69.5267
21510	79.5267
21520	67.5359
21530	77.5359
21540	68.3844
21550	78.3844
21560	58.4082
21570	68.4082
21580	56.082
21590	66.082
21600	58.7302
21610	68.7302
21620	53.1555
21630	63.1555
21640	73.1555
21650	62.6065
21660	72.6065
21670	61.2768
21680	71.2768
21690	81.2768
21700	72.7046
21710	82.7046
21720	70.5878
21730	80.5878
21740	60.6447
21750	70.6447
21760	60.7442
21770	70.7442
21780	80.7442
21790	68.7095
21800	78.7095
21810	58.8197
21820	68.8197
21830	59.121
21840	69.121
21850	79.121
21860	66.7844
21870	51.1582
21880	61.1582
21890	71.1582
21900	65.1802
21910	56.3562
21920	66.3562
21930	76.3562
21940	56.3265
21950	66.3265
21960	58.1778
21970	68.1778
21980	59.0801
21990	69.0801
22000	53.2813
22010	63.2813
22020	56.1104
22030	66.1104
22040	76.1104
22050	67.4175
22060	77.4175
22070	57.3755
22080	51.325
22090	61.325
22100	71.325
22110	64.7019
22120	74.7019
22130	58.9269
22140	68.9269
22150	78.9269
22160	67.288
22170	77.2881
22180	67.1609
22190	77.1609
22200	57.0306
22210	67.0306
22220	54.3771
22230	64.3771
22240	58.4607
22250	68.4607
22260	78.4607
22270	58.1864
22280	68.1864
22290	58.2136
22300	68.2136
22310	62.6027
22320	72.6027
22330	56.7622
22340	66.7622
22350	55.6586
22360	65.6586
22370	58.3311
22380	68.3311
22390	52.5022
22400	62.5022
22410	72.5022
22420	62.3497
22430	72.3497
22440	60.7664
22450	70.7664
22460	62.5285
22470	72.5285
22480	82.5285
22490	69.733
22500	53.813
22510	63.813
22520	73.813
22530	66.7846
22540	58.2361
22550	68.2361
22560	78.2361
22570	58.0627
22580	68.0627
22590	58.096
22600	68.096
22610	58.3722
22620	68.3722
22630	52.5817
22640	62.5817
22650	55.6264
22660	65.6264
22670	75.6264
22680	67.5265
22690	77.5265
22700	57.4941
22710	50.9529
22720	60.9529
22730	70.9529
22740	64.8576
22750	74.8576
22760	59.0443
22770	69.0443
22780	79.0443
22790	67.3598
22800	77.3599
22810	67.018
22820	77.018
22830	87.018
22840	62.6324
22850	49.581
22860	59.581
22870	53.9265
22880	63.9265
22890	73.9265
22900	58.12
22910	68.12
22920	58.1609
22930	68.1609
22940	63.0512
22950	73.0512
22960	57.1707
22970	67.1707
22980	55.9253
22990	65.9253
23000	57.9964
23010	67.9964
23020	52.1171
23030	62.1171
23040	72.1171
23050	62.1997
23060	72.1998
23070	60.6791
23080	70.6791
23090	80.6791
23100	71.6514
23110	81.6514
23120	68.9073
23130	53.0826
23140	63.0826
23150	73.0826
23160	66.6259
23170	58.0692
23180	68.0692
23190	78.0692
23200	57.9592
23210	67.9592
23220	56.9866
23230	66.9866
23240	57.5259
23250	67.5259
23260	51.7675
23270	61.7675
23280	54.5464
23290	64.5464
23300	74.5464
23310	67.2538
23320	77.2538
23330	57.2024
23340	67.2024
23350	59.3875
23360	69.3875
23370	63.7275
23380	73.7275
23390	83.7275
23400	63.6761
23410	73.6761
23420	61.7224
23430	71.7224
23440	60.8018
23450	70.8018
23460	80.8018
23470	60.7359
23480	49.7164
23490	59.7164
23500	54.1261
23510	64.1261
23520	74.1261
23530	58.3267
23540	68.3267
23550	57.7902
23560	67.7902
23570	62.969
23580	72.969
23590	57.1675
23600	67.1675
23610	55.997
23620	65.997
23630	58.0916
23640	68.0916
23650	52.2901
23660	62.2901
23670	72.2901
23680	61.7812
23690	71.7812
23700	60.2799
23710	70.2799
23720	80.2799
23730	71.5592
23740	81.5592
23750	68.697
23760	52.8788
23770	62.8788
23780	72.8788
23790	66.6794
23800	57.8382
23810	67.8382
23820	77.8382
23830	57.692
23840	67.692
23850	57.0833
23860	67.0833
23870	77.0832
23880	65.5288
23890	49.6121
23900	59.6121
23910	69.6121
23920	60.9189
23930	70.9189
23940	63.9105
23950	73.9105
23960	53.6389
23970	63.6389
23980	57.126
23990	67.126
24000	61.7849
24010	71.7849
24020	81.7849
24030	61.5735
24040	71.5735
24050	61.454
24060	71.454
24070	61.1036
24080	71.1036
24090	81.1036
24100	60.9041
24110	49.5076
24120	59.5076
24130	69.5076
24140	63.0424
24150	73.0424
24160	57.1732
24170	67.1732
24180	57.0869
24190	67.0869
24200	62.1359
24210	72.1358
24220	56.3438
24230	66.3438
24240	55.0053
24250	65.0053
24260	57.3496
24270	67.3496
24280	51.5801
24290	61.5801
24300	71.5801
24310	61.5899
24320	71.5899
24330	60.0553
24340	70.0553
24350	80.0553
24360	71.5134
24370	81.5134
24380	68.6295
24390	78.6295
24400	58.4669
24410	68.4669
24420	62.1227
24430	72.1227
24440	62.1703
24450	72.1703
24460	56.2763
24470	66.2763
24480	55.6131
24490	65.6131
24500	75.6131
24510	64.4628
24520	48.563
24530	58.563
24540	53.4781
24550	63.4781
24560	73.4781
24570	63.3019
24580	73.3019
24590	53.0698
24600	63.0698
24610	56.8758
24620	66.8758
24630	61.3977
24640	71.3977
24650	81.3977
24660	61.1418
24670	71.1418
24680	62.5088
24690	72.5088
24700	62.1318
24710	72.1318
24720	82.1318
24730	61.8253
24740	50.8853
24750	60.8853
24760	70.8853
24770	61.7921
24780	71.7921
24790	55.7899
24800	65.7899
24810	58.2784
24820	68.2784
24830	78.2784
24840	66.6506
24850	59.0916
24860	69.0916
24870	79.0916
24880	70.4815
24890	80.4815
24900	64.5395
24910	74.5395
24920	84.5395
24930	72.7146
24940	61.9292
24950	71.9292
24960	81.9292
24970	61.726
24980	51.0282
24990	61.0282
25000	52.1514
25010	62.1514
25020	72.1514
25030	56.2719
25040	66.2719
25050	58.5128
25060	68.5128
25070	60.6506
25080	70.6506
25090	80.6506
25100	60.4578
25110	49.7854
25120	59.7854
25130	69.7854
25140	64.6161
25150	74.6161
25160	58.7192
25170	68.7192
25180	78.7192
25190	65.989
25200	75.989
25210	68.8321
25220	78.8321
25230	58.5239
25240	68.5238
25250	56.4064
25260	66.4064
25270	57.7178
25280	67.7178
25290	51.6557
25300	61.6557
25310	71.6557
25320	60.5462
25330	70.5462
25340	58.8278
25350	68.8278
25360	61.4911
25370	71.4911
25380	64.297
25390	74.297
25400	84.297
25410	64.018
25420	74.018
25430	66.2139
25440	76.2139
25450	86.2139
25460	73.3996
25470	83.3996
25480	63.2026
25490	73.2026
25500	60.7225
25510	70.7225
25520	57.3238
25530	67.3238
25540	51.4886
25550	61.4886
25560	71.4886
25570	63.6278
25580	73.6278
25590	62.0984
25600	72.0984
25610	64.2396
25620	74.2396
25630	66.5713
25640	76.5713
25650	86.5713
25660	66.4047
25670	76.4047
25680	66.4055
25690	76.4055
25700	65.3221
25710	75.3221
25720	85.3221
25730	65.0816
25740	54.0346
25750	64.0346
25760	74.0346
25770	60.5631
25780	70.5631
25790	54.5782
25800	64.5782
25810	56.6286
25820	66.6286
25830	76.6286
25840	64.9675
25850	57.2179
25860	67.2179
25870	77.2179
25880	69.696
25890	79.696
25900	63.7267
25910	73.7267
25920	83.7267
25930	73.9153
25940	83.9153
25950	71.1484
25960	81.1484
25970	60.8113
25980	70.8113
25990	58.0794
26000	68.0794
26010	55.6157
26020	65.6157
26030	75.6157
26040	55.261
26050	65.2611
26060	57.4598
26070	67.4598
26080	63.5736
26090	73.5736
26100	57.5228
26110	67.5228
26120	56.5032
26130	66.5033
26140	60
26150	70
26160	53.9492
26170	63.9492
26180	73.9492
26190	62.9035
26200	72.9035
26210	63.9828
26220	73.9828
26230	53.708
26240	63.708
26250	52.7593
26260	62.7593
26270	59.413
26280	69.413
26290	79.413
26300	59.1994
26310	69.1994
26320	57.895
26330	67.895
26340	77.895
26350	71.2891
26360	81.2891
26370	61.0167
26380	50.2193
26390	60.2193
26400	70.2193
26410	61.5108
26420	71.5108
26430	55.5837
26440	65.5837
26450	54.3105
26460	64.3105
26470	74.3105
26480	62.6552
26490	54.9327
26500	64.9327
26510	74.9327
26520	67.321
26530	77.321
26540	61.2691
26550	71.2691
26560	81.2692
26570	71.7072
26580	81.7072
26590	72.6649
26600	82.6649
26610	92.6649
26620	67.9085
26630	55.377
26640	65.377
26650	53.1167
26660	63.1167
26670	73.1167
26680	57.0472
26690	67.0472
26700	55.9829
26710	65.9829
26720	75.9829
26730	64.2827
26740	56.3564
26750	66.3564
26760	76.3564
26770	68.9257
26780	78.9257
26790	62.9259
26800	72.9259
26810	65.3465
26820	75.3465
26830	85.3465
26840	72.8648
26850	82.8648
26860	62.6707
26870	72.6707
26880	59.7013
26890	69.7013
26900	56.5738
26910	66.5738
26920	50.6189
26930	60.6189
26940	70.6189
26950	63.0696
26960	73.0696
26970	61.3882
26980	71.3882
26990	63.3684
27000	73.3684
27010	66.3537
27020	76.3537
27030	86.3537
27040	65.9997
27050	75.9997
27060	66.064
27070	76.064
27080	65.3592
27090	75.3592
27100	85.3592
27110	64.9565
27120	53.691
27130	63.691
27140	73.691
27150	60.4783
27160	70.4783
27170	54.3408
27180	64.3408
27190	74.3408
27200	65.291
27210	75.291
27220	63.495
27230	73.495
27240	63.8913
27250	73.8913
27260	66.2668
27270	76.2668
27280	86.2668
27290	65.7798
27300	75.7798
27310	66.0095
27320	76.0095
27330	65.2734
27340	75.2734
27350	85.2734
27360	64.8517
27370	53.4079
27380	63.4079
27390	51.396
27400	61.396
27410	71.396
27420	55.3179
27430	65.3179
27440	57.6811
27450	67.6811
27460	77.6811
27470	65.9448
27480	57.8555
27490	67.8555
27500	77.8555
27510	70.5094
27520	80.5094
27530	64.4619
27540	74.4619
27550	84.4619
27560	74.4613
27570	84.4613
27580	71.8101
27590	81.8101
27600	61.3786
27610	71.3786
27620	58.4175
27630	68.4175
27640	55.7418
27650	65.7418
27660	49.6211
27670	59.6211
27680	69.6211
27690	61.8465
27700	71.8465
27710	60.113
27720	70.113
27730	62.1155
27740	72.1155
27750	65.5684
27760	75.5684
27770	85.5685
27780	65.1101
27790	75.1101
27800	66.0033
27810	76.0033
27820	86.0033
27830	73.4727
27840	83.4727
27850	63.004
27860	73.004
27870	60.1085
27880	70.1085
27890	57.1386
27900	67.1386
27910	51.0868
27920	61.0868
27930	71.0868
27940	63.326
27950	73.326
27960	61.6956
27970	71.6956
27980	63.7153
27990	73.7152
28000	66.2741
28010	76.2741
28020	86.2741
28030	66.0198
28040	76.0198
28050	66.0925
28060	76.0925
28070	64.8849
28080	74.8849
28090	84.8849
28100	64.6307
28110	53.423
28120	63.423
28130	73.423
28140	60.6356
28150	70.6356
28160	54.7034
28170	64.7034
28180	56.7626
28190	66.7626
28200	76.7626
28210	65.102
28220	57.1751
28230	67.175
28240	77.175
28250	69.7084
28260	79.7084
28270	63.7041
28280	73.7041
28290	83.7041
28300	73.5995
28310	83.5995
28320	70.8088
28330	80.8088
28340	60.4705
28350	70.4705
28360	57.6798
28370	67.6798
28380	55.8562
28390	65.8562
28400	75.8562
28410	55.4965
28420	65.4965
28430	57.6025
28440	67.6025
28450	63.6576
28460	73.6576
28470	57.5638
28480	67.5638
28490	56.4466
28500	66.4466
28510	59.6049
28520	69.6049
28530	53.4433
28540	63.4433
28550	73.4433
28560	62.3753
28570	72.3753
28580	64.2652
28590	74.2652
28600	53.7071
28610	63.7071
28620	52.6996
28630	62.6996
28640	59.4323
28650	69.4323
28660	79.4323
28670	59.0357
28680	69.0357
28690	57.8977
28700	67.8977
28710	77.8977
28720	71.1972
28730	81.1972
28740	60.8005
28750	49.9028
28760	59.9028
28770	69.9028
28780	61.5481
28790	71.5481
28800	55.5273
28810	65.5273
28820	54.2588
28830	64.2588
28840	74.2588
28850	62.5733
28860	54.9318
28870	64.9318
28880	74.9318
28890	67.2159
28900	77.2159
28910	61.1029
28920	71.1029
28930	81.1029
28940	71.4117
28950	81.4117
28960	72.443
28970	82.443
28980	92.443
28990	67.5773
29000	55.2428
29010	65.2428
29020	53.3375
29030	63.3375
29040	73.3375
29050	57.1165
29060	67.1165
29070	55.6764
29080	65.6764
29090	75.6764
29100	63.8094
29110	56.3807
29120	66.3807
29130	76.3807
29140	68.8467
29150	78.8467
29160	62.6044
29170	72.6044
29180	82.6044
29190	72.9046
29200	82.9046
29210	73.3733
29220	83.3733
29230	62.7422
29240	72.7422
29250	60.4962
29260	70.4962
29270	57.4935
29280	67.4935
29290	51.2358
29300	61.2358
29310	71.2358
29320	59.9679
29330	69.9679
29340	58.0866
29350	68.0866
29360	60.5428
29370	70.5428
29380	63.8507
29390	73.8507
29400	83.8507
29410	63.1513
29420	73.1513
29430	66.0712
29440	76.0712
29450	64.7919
29460	74.7919
29470	84.7919
29480	64.0622
29490	53.4152
29500	63.4152
29510	73.4152
29520	60.4843
29530	70.4843
29540	54.0848
29550	64.0848
29560	74.0848
29570	64.3624
29580	74.3624
29590	62.3899
29600	72.3899
29610	63.4265
29620	73.4265
29630	66.1745
29640	76.1745
29650	86.1745
29660	65.4787
29670	75.4787
29680	66.2347
29690	76.2347
29700	64.7617
29710	74.7617
29720	84.7617
29730	64.0134
29740	74.0134
29750	62.7175
29760	72.7175
29770	57.5945
29780	67.5945
29790	51.2618
29800	61.2618
29810	52.9764
29820	62.9764
29830	72.9764
29840	61.0325
29850	71.0325
29860	65.3005
29870	75.3005
29880	85.3005
29890	76.5698
29900	60.3318
29910	70.3318
29920	80.3318
29930	70.8818
29940	80.8818
29950	67.4058
29960	77.4058
29970	56.8502
29980	66.8502
29990	76.8502
30000	63.9167
30010	73.9167
30020	63.5471
30030	47.3564
30040	57.3564
30050	67.3564
30060	58.8255
30070	68.8255
30080	56.9875
30090	66.9875
30100	76.9875
30110	69.6355
30120	79.6355
30130	67.8285
30140	77.8285
30150	67.2949
30160	77.2949
30170	68.7821
30180	78.7821
30190	88.7821
30200	68.3173
30210	78.3173
30220	61.239
30230	71.239
30240	59.3975
30250	69.3975
30260	79.3975
30270	59.0556
30280	48.3742
30290	58.3742
30300	68.3742
30310	64.6184
30320	74.6184
30330	58.6147
30340	68.6147
30350	78.6147
30360	64.6758
30370	74.6758
30380	62.9961
30390	72.9961
30400	63.9894
30410	73.9894
30420	64.8923
30430	74.8923
30440	58.8766
30450	68.8766
30460	78.8766
30470	67.7456
30480	77.7456
30490	65.3661
30500	75.3661
30510	55.161
30520	65.161
30530	54.5151
30540	64.5151
30550	57.956
30560	67.9559
30570	77.9559
30580	57.7954
30590	67.7954
30600	58.7981
30610	68.7981
30620	78.7981
30630	72.8908
30640	82.8908
30650	62.7745
30660	52.1054
30670	62.1054
30680	72.1054
30690	62.053
30700	72.053
30710	56.269
30720	66.269
30730	76.269
30740	62.0161
30750	72.0161
30760	60.5461
30770	70.5461
30780	61.5089
30790	71.5089
30800	63.6235
30810	73.6235
30820	83.6235
30830	63.582
30840	73.582
30850	64.4465
30860	74.4465
30870	66.3444
30880	76.3444
30890	86.3444
30900	66.3444
30910	55.756
30920	65.756
30930	53.7273
30940	63.7273
30950	73.7272
30960	58.013
30970	68.013
30980	55.4261
30990	65.4261
31000	61.139
31010	71.139
31020	55.4247
31030	65.4247
31040	54.8504
31050	64.8504
31060	60.5535
31070	70.5535
31080	54.826
31090	64.826
31100	74.826
31110	62.1413
31120	72.1413
31130	63.6434
31140	73.6434
31150	53.6242
31160	63.6242
31170	53.126
31180	63.126
31190	59.6015
31200	69.6015
31210	79.6015
31220	59.5209
31230	69.5209
31240	56.8001
31250	66.8001
31260	76.8001
31270	65.2582
31280	57.9613
31290	67.9613
31300	77.9613
31310	69.1936
31320	79.1936
31330	63.3181
31340	73.3182
31350	63.0897
31360	73.0897
31370	83.0897
31380	68.7508
31390	78.7508
31400	58.5599
31410	68.5599
31420	56.6542
31430	66.6542
31440	58.976
31450	68.976
31460	78.9761
31470	58.8337
31480	68.8337
31490	59.7568
31500	69.7568
31510	64.3154
31520	74.3154
31530	84.3154
31540	64.1778
31550	53.8885
31560	63.8885
31570	73.8885
31580	62.8687
31590	72.8687
31600	57.0204
31610	67.0204
31620	54.573
31630	64.5731
31640	74.5731
31650	63.0047
31660	55.7993
31670	65.7993
31680	75.7993
31690	67.946
31700	77.946
31710	62.0281
31720	72.0281
31730	82.0281
31740	71.3819
31750	81.3819
31760	72.0251
31770	82.0251
31780	61.8092
31790	71.8092
31800	59.983
31810	69.983
31820	58.3068
31830	68.3068
31840	78.3068
31850	58.0405
31860	68.0405
31870	55.6457
31880	65.6457
31890	61.0489
31900	71.0489
31910	55.1665
31920	65.1665
31930	54.9102
31940	64.9102
31950	60.1294
31960	70.1294
31970	54.2993
31980	64.2993
31990	74.2993
32000	62.0034
32010	72.0034
32020	63.9392
32030	73.9392
32040	53.7914
32050	63.7914
32060	53.4705
32070	63.4705
32080	59.6755
32090	69.6755
32100	79.6755
32110	59.4896
32120	69.4896
32130	57.2654
32140	67.2654
32150	77.2654
32160	70.8757
32170	80.8757
32180	60.6738
32190	50.4186
32200	60.4186
32210	70.4186
32220	62.2377
32230	72.2377
32240	56.3488
32250	66.3488
32260	54.1838
32270	64.1838
32280	74.1838
32290	62.6424
32300	55.5463
32310	65.5463
32320	75.5463
32330	67.1017
32340	77.1017
32350	61.2071
32360	71.207
32370	81.207
32380	70.6093
32390	80.6093
32400	71.984
32410	81.984
32420	91.984
32430	67.3762
32440	55.7004
32450	65.7004
32460	54.0009
32470	64.0009
32480	74.0009
32490	58.0341
32500	68.0341
32510	55.7689
32520	65.7689
32530	61.0313
32540	71.0313
32550	55.0645
32560	65.0645
32570	54.954
32580	64.954
32590	60.2578
32600	70.2578
32610	54.2883
32620	64.2883
32630	74.2883
32640	62.0488
32650	72.0488
32660	64.0212
32670	74.0212
32680	53.6988
32690	63.6988
32700	53.4689
32710	63.4689
32720	59.512
32730	69.512
32740	79.512
32750	59.1098
32760	69.1098
32770	56.9691
32780	66.9691
32790	76.9691
32800	70.8156
32810	80.8156
32820	60.3498
32830	50.166
32840	60.166
32850	70.166
32860	62.2642
32870	72.2641
32880	56.107
32890	66.107
32900	76.107
32910	62.1785
32920	72.1785
32930	60.3194
32940	70.3194
32950	61.7868
32960	71.7868
32970	63.5845
32980	73.5845
32990	83.5845
33000	62.9573
33010	72.9573
33020	64.2315
33030	74.2315
33040	65.79
33050	75.79
33060	85.79
33070	65.1887
33080	55.1288
33090	65.1288
33100	53.8426
33110	63.8426
33120	73.8426
33130	57.6757
33140	67.6757
33150	55.6454
33160	65.6454
33170	60.9895
33180	70.9895
33190	54.8151
33200	64.8151
33210	54.7116
33220	64.7116
33230	60.0117
33240	70.0117
33250	53.8358
33260	63.8358
33270	73.8358
33280	61.8818
33290	71.8818
33300	60.089
33310	70.089
33320	80.089
33330	69.8754
33340	79.8754
33350	68.3316
33360	52.1887
33370	62.1887
33380	72.1887
33390	63.528
33400	56.2404
33410	66.2404
33420	76.2404
33430	55.7404
33440	65.7404
33450	58.5015
33460	68.5015
33470	78.5015
33480	68.4754
33490	52.3722
33500	62.3721
33510	72.3721
33520	60.3551
33530	70.3551
33540	62.0083
33550	72.0083
33560	51.5488
33570	61.5488
33580	55.9452
33590	65.9452
33600	60.9972
33610	70.9972
33620	80.9972
33630	60.5012
33640	70.5012
33650	58.5664
33660	68.5664
33670	61.3011
33680	71.3011
33690	81.3011
33700	60.8609
33710	50.5117
33720	60.5117
33730	70.5117
33740	63.21
33750	73.21
33760	57.115
33770	67.115
33780	55.1025
33790	65.1025
33800	75.1025
33810	63.3482
33820	56.1535
33830	66.1535
33840	76.1535
33850	67.689
33860	77.689
33870	61.5838
33880	71.5838
33890	81.5838
33900	71.1627
33910	81.1627
33920	71.405
33930	81.405
33940	60.9489
33950	70.9489
33960	59.0892
33970	69.0892
33980	58.4561
33990	68.4561
34000	78.4561
34010	57.9959
34020	67.9959
34030	55.8957
34040	65.8957
34050	61.1738
34060	71.1738
34070	55.0549
34080	65.0549
34090	54.8102
34100	64.8102
34110	59.6146
34120	69.6145
34130	53.4878
34140	63.4878
34150	73.4878
34160	61.4807
34170	71.4807
34180	64.3696
34190	74.3696
34200	53.8818
34210	63.8818
34220	53.7245
34230	63.7245
34240	59.8141
34250	69.8141
34260	79.8141
34270	59.2693
34280	69.2693
34290	57.3236
34300	67.3236
34310	77.3236
34320	70.1439
34330	80.1439
34340	59.5874
34350	49.4656
34360	59.4656
34370	69.4656
34380	62.4174
34390	72.4174
34400	56.2261
34410	66.2261
34420	54.2956
34430	64.2956
34440	74.2956
34450	62.4696
34460	55.4423
34470	65.4423
34480	75.4423
34490	67.1893
34500	77.1893
34510	60.9867
34520	70.9867
34530	80.9867
34540	70.7953
34550	80.7953
34560	71.2116
34570	81.2116
34580	91.2116
34590	66.1904
34600	54.3814
34610	64.3814
34620	53.9979
34630	63.9979
34640	73.9979
34650	57.6767
34660	67.6767
34670	55.8885
34680	65.8885
34690	61.3661
34700	71.3661
34710	55.0449
34720	65.0449
34730	54.8376
34740	64.8376
34750	59.4128
34760	69.4128
34770	53.0915
34780	63.0915
34790	73.0915
34800	61.3126
34810	71.3126
34820	59.3782
34830	69.3782
34840	79.3782
34850	69.9163
34860	79.9163
34870	68.1648
34880	51.7967
34890	61.7967
34900	71.7967
34910	63.3543
34920	73.3543
34930	61.3612
34940	71.3612
34950	81.3612
34960	71.8163
34970	81.8163
34980	73.1422
34990	83.1422
35000	62.4444
35010	72.4444
35020	59.1609
35030	69.1609
35040	57.3409
35050	67.3409
35060	77.3409
35070	56.7084
35080	66.7084
35090	56.5507
35100	66.5507
35110	76.5507
35120	64.6703
35130	57.5592
35140	67.5592
35150	77.5592
35160	67.4566
35170	77.4566
35180	61.2002
35190	71.2002
35200	62.7745
35210	72.7745
35220	82.7745
35230	73.391
35240	83.391
35250	62.8033
35260	72.8033
35270	61.0468
35280	71.0468
35290	59.2976
35300	69.2976
35310	79.2976
35320	58.6991
35330	68.6991
35340	57.786
35350	54.9945
35360	64.9945
35370	74.9944
35380	58.71
35390	50.1056
35400	60.1056
35410	70.1056
35420	58.4148
35430	68.4148
35440	52.0952
35450	62.0952
35460	72.0952
35470	64.9429
35480	74.9429
35490	63.0186
35500	73.0186
35510	64.521
35520	74.521
35530	66.1155
35540	76.1155
35550	86.1155
35560	65.3856
35570	75.3856
35580	65.4666
35590	75.4666
35600	64.0144
35610	74.0144
35620	57.7075
35630	49.2843
35640	59.2843
35650	69.2843
35660	57.3788
35670	67.3788
35680	51.0694
35690	61.0694
35700	71.0694
35710	64.0716
35720	74.0716
35730	62.1275
35740	72.1275
35750	63.6255
35760	73.6255
35770	65.1482
35780	75.1482
35790	85.1482
35800	64.3604
35810	74.3604
35820	64.5905
35830	74.5905
35840	64.0251
35850	74.0251
35860	57.5929
35870	49.0919
35880	59.0919
35890	69.0919
35900	57.3127
35910	67.3128
35920	50.8703
35930	60.8703
35940	70.8703
35950	63.9811
35960	73.9811
35970	61.9076
35980	71.9075
35990	63.436
36000	73.436
