10	11
20	10
30	5
40	5
50	5
60	5
70	10
80	20
90	23.3333
100	33.3333
110	30
120	40
130	30
140	40
150	50
160	38
170	48
180	37.6667
190	47.6667
200	57.6667
210	30
220	40
230	32.5
240	42.5
250	35
260	45
270	55
280	30
290	40
300	35.5833
310	45.5833
320	33.7619
330	43.7619
340	53.7619
350	31.5476
360	41.5476
370	37.2619
380	47.2619
390	40.119
400	50.119
410	60.1191
420	52.7143
430	62.7143
440	54.2857
450	64.2857
460	44.2857
470	54.2857
480	64.2857
490	40
500	50
510	39.8095
520	49.8095
530	59.8095
540	49.254
550	59.254
560	47.1111
570	57.1111
580	43.7778
590	53.7778
600	38.8889
610	48.8889
620	58.8889
630	48.8889
640	58.8889
650	45.5556
660	55.5556
670	65.5556
680	48.8889
690	39
700	49
710	39.8333
720	49.8333
730	59.8333
740	46.6111
750	56.6111
760	42.2364
770	52.2364
780	42.1091
790	52.1091
800	62.1091
810	48.1455
820	37.1152
830	47.1152
840	57.1152
850	47.8182
860	57.8182
870	45.2885
880	55.2885
890	40.1603
900	50.1603
910	36.2179
920	46.2179
930	42.5696
940	52.5696
950	40.3718
960	50.3718
970	60.3718
980	50.989
990	60.989
1000	46.1786
1010	56.1786
1020	42.6518
1030	52.6518
1040	37.1875
1050	47.1875
1060	42.2237
1070	52.2237
1080	62.2237
1090	49.1711
1100	36.7895
1110	46.7895
1120	38.6842
1130	48.6842
1140	58.6842
1150	50.3053
1160	60.3053
1170	50.3573
1180	60.3573
1190	46.7501
1200	56.7501
1210	44.8573
1220	54.8573
1230	64.8573
1240	57.96
1250	67.96
1260	57.3595
1270	45.7446
1280	55.7446
1290	65.7446
1300	56.1264
1310	49.817
1320	59.817
1330	52.7174
1340	62.7174
1350	53.7591
1360	63.7591
1370	51.7808
1380	61.7808
1390	71.7808
1400	60.9475
1410	70.9475
1420	54.8491
1430	64.8491
1440	55.0541
1450	65.0541
1460	60.4075
1470	70.4075
1480	64.5269
1490	74.5269
1500	84.5269
1510	70.198
1520	59.8907
1530	69.8907
1540	61.6575
1550	71.6575
1560	81.6575
1570	71.8458
1580	81.8458
1590	72.0326
1600	82.0326
1610	92.0326
1620	73.8651
1630	54.2492
1640	64.2492
1650	74.2492
1660	64.2894
1670	56.9926
1680	66.9926
1690	57.6823
1700	67.6823
1710	77.6823
1720	65.2685
1730	75.2685
1740	58.7167
1750	52.165
1760	62.165
1770	72.165
1780	63.4581
1790	73.4581
1800	64.5388
1810	74.5388
1820	66.3526
1830	76.3526
1840	63.6595
1850	73.6595
1860	56.826
1870	66.826
1880	59.325
1890	53.1901
1900	63.1901
1910	73.1901
1920	63.3679
1930	73.3679
1940	60.8409
1950	70.8409
1960	58.4159
1970	68.4159
1980	55.5052
1990	65.5052
2000	59.6829
2010	69.6829
2020	79.6829
2030	69.8302
2040	79.8302
2050	65.1107
2060	75.1107
2070	60.256
2080	70.256
2090	63.9952
2100	73.9952
2110	83.9952
2120	73.4095
2130	83.4095
2140	72.6677
2150	82.6677
2160	92.6677
2170	76.6956
2180	86.6956
2190	66.6971
2200	45.8629
2210	55.8629
2220	65.8629
2230	60.8385
2240	70.8385
2250	63.4742
2260	73.4742
2270	83.4742
2280	73.8773
2290	83.8773
2300	69.4328
2310	52.5592
2320	62.5592
2330	72.5592
2340	65.0542
2350	75.0542
2360	68.1458
2370	78.1458
2380	88.1458
2390	77.2091
2400	87.2091
2410	72.241
2420	82.241
2430	64.6199
2440	74.6199
2450	84.6199
2460	60.6565
2470	70.6565
2480	63.7279
2490	73.7279
2500	63.5238
2510	73.5238
2520	83.5238
2530	73.5238
2540	83.5238
2550	71.591
2560	81.591
2570	67.2053
2580	77.2053
2590	87.2053
2600	74.8599
2610	84.8599
2620	68.7275
2630	78.7275
2640	64.5024
2650	74.5024
2660	84.5024
2670	72.0468
2680	82.0468
2690	67.7501
2700	77.7501
2710	62.3437
2720	72.3437
2730	82.3437
2740	67.4993
2750	59.7136
2760	69.7136
2770	60.4362
2780	70.4362
2790	80.4362
2800	70.26
2810	80.26
2820	67.5565
2830	77.5565
2840	87.5565
2850	75.5913
2860	85.5913
2870	69.2816
2880	79.2816
2890	59.3121
2900	69.3121
2910	60.1105
2920	70.1105
2930	61.4255
2940	71.4255
2950	63.5593
2960	73.5593
2970	63.2542
2980	73.2542
2990	61.3305
3000	71.3305
3010	57.0508
3020	67.0508
3030	77.0508
3040	68.2712
3050	58.1864
3060	68.1864
3070	58.1864
3080	68.1864
3090	56.5411
3100	66.5411
3110	57.9044
3120	67.9044
3130	59.2634
3140	69.2634
3150	62.9566
3160	72.9566
3170	62.7466
3180	72.7466
3190	59.2623
3200	69.2623
3210	53.9727
3220	63.9727
3230	57.902
3240	53.2463
3250	63.2463
3260	73.2463
3270	66.0629
3280	56.9172
3290	66.9172
3300	76.9172
3310	62.6452
3320	50.3722
3330	60.3722
3340	51.9983
3350	61.9983
3360	57.3846
3370	67.3846
3380	60.4615
3390	70.4615
3400	62.4863
3410	72.4863
3420	60.2535
3430	70.2535
3440	55.8416
3450	65.8416
3460	55.8673
3470	65.8673
3480	75.8673
3490	67.7369
3500	77.7369
3510	69.7015
3520	79.7015
3530	66.7164
3540	76.7164
3550	63.7313
3560	73.7314
3570	60.7428
3580	70.7428
3590	80.7428
3600	67.8591
3610	77.8591
3620	66.6655
3630	76.6655
3640	63.8568
3650	73.8568
3660	60.9414
3670	70.9414
3680	61.0219
3690	71.0218
3700	81.0219
3710	70.7655
3720	80.7655
3730	70.1937
3740	80.1937
3750	90.1937
3760	74.5337
3770	84.5337
3780	69.4241
3790	79.4241
3800	59.5992
3810	69.5992
3820	62.9433
3830	72.9433
3840	82.9433
3850	73.6885
3860	83.6885
3870	70.4814
3880	80.4814
3890	90.4814
3900	74.205
3910	84.205
3920	69.0319
3930	79.0319
3940	64.4174
3950	74.4174
3960	61.5419
3970	71.5419
3980	58.6252
3990	68.6252
4000	61.9612
4010	71.9612
4020	81.9612
4030	69.1615
4040	79.1615
4050	66.3725
4060	76.3725
4070	66.6809
4080	76.6809
4090	86.6809
4100	70.4772
4110	80.4772
4120	64.1096
4130	74.1096
4140	61.5069
4150	71.5069
4160	81.5069
4170	72.6893
4180	63.2128
4190	73.2128
4200	61.5755
4210	71.5755
4220	81.5755
4230	66.7751
4240	76.7752
4250	64.3199
4260	74.3199
4270	60.2997
4280	70.2997
4290	80.2996
4300	69.2105
4310	79.2105
4320	68.8837
4330	59.8684
4340	69.8684
4350	79.8684
4360	66.8023
4370	76.8023
4380	63.2679
4390	54.5108
4400	64.5108
4410	74.5108
4420	59.7453
4430	69.7453
4440	61.1818
4450	71.1818
4460	60.9561
4470	70.9561
4480	80.9561
4490	70.8462
4500	80.8462
4510	71.2538
4520	81.2538
4530	68.625
4540	78.625
4550	62.625
4560	52.625
4570	62.625
4580	72.625
4590	58.3134
4600	54.3256
4610	64.3256
4620	74.3256
4630	65.8476
4640	58.2341
4650	68.2341
4660	78.2341
4670	64.7024
4680	51.2195
4690	61.2195
4700	53.7805
4710	63.7805
4720	57.6829
4730	67.6829
4740	60.2439
4750	70.2439
4760	61.2195
4770	71.2195
4780	59.7561
4790	69.7561
4800	56.3415
4810	66.3415
4820	57.3171
4830	52.5626
4840	62.5626
4850	72.5626
4860	63.2239
4870	73.2239
4880	63.8316
4890	73.8316
4900	83.8316
4910	70.2722
4920	80.2722
4930	65.3161
4940	75.3161
4950	64.3764
4960	74.3764
4970	66.1606
4980	76.1606
4990	64.221
5000	74.221
5010	58.6588
5020	68.6588
5030	78.6588
5040	68.7581
5050	78.7581
5060	64.9387
5070	74.9387
5080	62.6797
5090	72.6797
5100	82.6797
5110	72.2036
5120	82.2036
5130	69.0479
5140	79.0479
5150	66.5483
5160	76.5483
5170	86.5483
5180	74.3864
5190	84.3864
5200	69.1638
5210	79.1638
5220	89.1638
5230	74.0355
5240	84.0355
5250	68.6659
5260	78.6659
5270	61.622
5280	71.622
5290	81.622
5300	71.7158
5310	81.7158
5320	70.5043
5330	80.5043
5340	66.3528
5350	76.3529
5360	86.3528
5370	73.6493
5380	83.6494
5390	68.1965
5400	78.1965
5410	88.1965
5420	68.7384
5430	78.7384
5440	69.4216
5450	79.4216
5460	68.6823
5470	78.6823
5480	88.6823
5490	73.2212
5500	83.2212
5510	69.7071
5520	79.7071
5530	64.7607
5540	74.7607
5550	84.7607
5560	66.942
5570	76.942
5580	67.9366
5590	77.9366
5600	87.9366
5610	75.8655
5620	85.8655
5630	71.1469
5640	81.1469
5650	67.9167
5660	77.9167
5670	87.9167
5680	71.5185
5690	81.5185
5700	64.0346
5710	74.0346
5720	65.2577
5730	75.2577
5740	85.2577
5750	73.6645
5760	83.6645
5770	69.2629
5780	79.2629
5790	66.3634
5800	76.3634
5810	86.3634
5820	72.1389
5830	82.1389
5840	64.0527
5850	74.0527
5860	64.3434
5870	74.3434
5880	84.3434
5890	73.1313
5900	83.1313
5910	69.0909
5920	79.0909
5930	89.0909
5940	74.8485
5950	84.8485
5960	70.8081
5970	80.8081
5980	62.5455
5990	72.5454
6000	82.5454
6010	71.3899
6020	81.3899
6030	70.3099
6040	80.3099
6050	66.1868
6060	76.1868
6070	86.1868
6080	72.8517
6090	82.8517
6100	69.3145
6110	79.3145
6120	89.3145
6130	69.7616
6140	79.7616
6150	69.2371
6160	79.2371
6170	68.1206
6180	78.1206
6190	64.6697
6200	74.6697
6210	84.6697
6220	71.4993
6230	81.4993
6240	68.0469
6250	78.0469
6260	88.0469
6270	69.7024
6280	60.6496
6290	70.6496
6300	80.6496
6310	67.574
6320	77.574
6330	67.4665
6340	77.4665
6350	87.4665
6360	74.7469
6370	84.7469
6380	69.5238
6390	79.5238
6400	63.5238
6410	73.5238
6420	59.5238
6430	69.5238
6440	60.9524
6450	70.9524
6460	80.9524
6470	70.9524
6480	80.9524
6490	69.9048
6500	79.9048
6510	89.9048
6520	74.4246
6530	84.4246
6540	66.4982
6550	54.2917
6560	64.2917
6570	74.2917
6580	64.4194
6590	74.4194
6600	66.029
6610	76.029
6620	86.029
6630	73.6583
6640	83.6583
6650	69.2816
6660	79.2816
6670	89.2816
6680	70.6764
6690	57.1028
6700	67.1028
6710	58.8785
6720	68.8785
6730	78.8785
6740	69.2523
6750	79.2523
6760	68.5981
6770	78.5981
6780	88.5981
6790	72.4299
6800	82.4299
6810	65.6361
6820	75.6361
6830	62.1835
6840	72.1835
6850	62.6911
6860	72.6911
6870	64.5943
6880	74.5943
6890	84.5943
6900	72.8199
6910	82.8199
6920	67.5902
6930	77.5902
6940	87.5902
6950	68.6209
6960	56.5473
6970	66.5473
6980	76.5473
6990	67.9163
7000	77.9163
7010	67.8227
7020	77.8227
7030	65.806
7040	75.806
7050	63.3579
7060	73.3579
7070	59.439
7080	69.439
7090	56.9755
7100	66.9755
7110	61.5164
7120	71.5164
7130	81.5164
7140	70.0141
7150	58.3236
7160	68.3236
7170	58.9179
7180	68.9179
7190	78.9179
7200	66.1539
7210	76.1539
7220	62.852
7230	72.852
7240	63.6515
7250	73.6515
7260	83.6515
7270	73.598
7280	83.598
7290	70.598
7300	80.598
7310	65.25
7320	75.25
7330	85.25
7340	73.25
7350	83.25
7360	69.2661
7370	79.2661
7380	89.2661
7390	70.2289
7400	80.2289
7410	67.3287
7420	77.3287
7430	67.4144
7440	77.4144
7450	87.4144
7460	73.8123
7470	83.8123
7480	68.2747
7490	78.2747
7500	66.5662
7510	76.5661
7520	86.5661
7530	70.9559
7540	80.9559
7550	64.4136
7560	74.4136
7570	67.381
7580	77.381
7590	87.381
7600	75.2748
7610	85.2748
7620	69.4731
7630	79.4731
7640	62.656
7650	72.656
7660	82.656
7670	69.807
7680	79.807
7690	65.6862
7700	75.6862
7710	68.088
7720	78.088
7730	66.8361
7740	76.8361
7750	63.3477
7760	73.3477
7770	83.3477
7780	67.0091
7790	77.0091
7800	62.5898
7810	72.5898
7820	62.3438
7830	72.3438
7840	82.3438
7850	72.6562
7860	82.6562
7870	71.0938
7880	81.0938
7890	68.6034
7900	78.6034
7910	88.6034
7920	72.1015
7930	82.1015
7940	65.9387
7950	75.9387
7960	64.1606
7970	74.1606
7980	84.1606
7990	71.3318
8000	81.3318
8010	66.3566
8020	76.3566
8030	86.3566
8040	73.1008
8050	83.1008
8060	70.7752
8070	80.7752
8080	67.1284
8090	77.1284
8100	65.4612
8110	75.4612
8120	64.3635
8130	74.3635
8140	61.284
8150	71.284
8160	81.284
8170	66.2422
8180	76.2422
8190	62.2491
8200	72.2491
8210	65.282
8220	75.282
8230	64.9397
8240	74.9397
8250	64.0586
8260	74.0586
8270	84.0586
8280	69.5394
8290	79.5394
8300	64.4317
8310	74.4317
8320	60.7736
8330	70.7736
8340	80.7736
8350	72.0235
8360	61.538
8370	71.538
8380	81.538
8390	69.5282
8400	79.5282
8410	67.1773
8420	77.1773
8430	61.9745
8440	71.9745
8450	57.8086
8460	67.8086
8470	77.8086
8480	69.1455
8490	59.9614
8500	69.9614
8510	79.9614
8520	68.9512
8530	78.9512
8540	67.1391
8550	77.1391
8560	62.0761
8570	72.0761
8580	82.0761
8590	65.7762
8600	75.7762
8610	66.0929
8620	58.4145
8630	68.4145
8640	78.4145
8650	67.0849
8660	77.0849
8670	65.8021
8680	75.8021
8690	85.8021
8700	68.9444
8710	78.9444
8720	64.0426
8730	74.0426
8740	63.7589
8750	73.7589
8760	64.8936
8770	74.8936
8780	63.6879
8790	73.688
8800	62.4926
8810	72.4926
8820	82.4926
8830	67.6516
8840	77.6516
8850	62.8548
8860	72.8548
8870	62.6937
8880	72.6937
8890	64.6249
8900	74.6249
8910	63.0588
8920	73.0588
8930	83.0588
8940	70.5463
8950	80.5463
8960	66.0728
8970	76.0728
8980	61.6349
8990	71.6349
9000	81.6349
9010	70.2161
9020	80.2161
9030	69.3828
9040	79.3828
9050	89.3828
9060	75.7639
9070	85.7639
9080	73.4028
9090	83.4028
9100	67.1987
9110	77.1987
9120	60.8535
9130	70.8535
9140	80.8535
9150	69.5991
9160	79.5991
9170	65.1536
9180	75.1536
9190	85.1536
9200	75.0133
9210	85.0133
9220	72.7151
9230	82.715
9240	92.7151
9250	76.4533
9260	60.2789
9270	70.2789
9280	60.3961
9290	70.396
9300	80.396
9310	65.893
9320	57.3908
9330	67.3907
9340	77.3907
9350	65.012
9360	75.012
9370	64.8732
9380	74.8732
9390	63.3619
9400	73.3619
9410	63.3034
9420	73.3034
9430	61.9853
9440	71.9853
9450	58.4368
9460	68.4368
9470	60.4586
9480	70.4586
9490	80.4586
9500	67.0266
9510	58.5144
9520	68.5144
9530	78.5144
9540	68.3028
9550	78.3028
9560	65.0139
9570	75.0139
9580	61.764
9590	71.764
9600	61.8551
9610	71.8551
9620	60.4459
9630	70.4459
9640	60.5732
9650	70.5732
9660	61.465
9670	71.465
9680	81.465
9690	68.2803
9700	56.879
9710	66.879
9720	76.879
9730	67.0064
9740	77.0064
9750	63.8375
9760	55.5167
9770	65.5167
9780	75.5167
9790	64.8705
9800	74.8705
9810	63.0994
9820	73.0994
9830	59.85
9840	69.85
9850	61.667
9860	71.667
9870	81.667
9880	68.7609
9890	58.9815
9900	68.9815
9910	60.2004
9920	70.2004
9930	80.2004
9940	66.6664
9950	54.4324
9960	64.4324
9970	74.4324
9980	65.0311
9990	75.0311
10000	64.1615
10010	74.1615
10020	63.9752
10030	73.9752
10040	63.7888
10050	73.7888
10060	62.2219
10070	72.2219
10080	58.1384
10090	68.1384
10100	60.1254
10110	70.1254
10120	80.1254
10130	67.3842
10140	58.5664
10150	68.5664
10160	78.5664
10170	68.1723
10180	78.1723
10190	65.444
10200	75.444
10210	61.3993
10220	71.3993
10230	61.8786
10240	71.8786
10250	60.4304
10260	70.4304
10270	60.1796
10280	70.1796
10290	61.497
10300	71.497
10310	81.497
10320	68.9221
10330	56.6467
10340	66.6467
10350	76.6467
10360	67.1856
10370	77.1856
10380	63.8323
10390	55.1497
10400	65.1497
10410	75.1497
10420	64.9397
10430	74.9397
10440	64.1753
10450	74.1753
10460	59.8352
10470	69.8352
10480	61.5561
10490	71.5561
10500	81.5561
10510	68.4282
10520	58.3775
10530	68.3775
10540	59.9386
10550	69.9386
10560	79.9386
10570	67.6864
10580	55.0369
10590	65.0369
10600	75.0369
10610	65.1229
10620	75.1229
10630	63.9412
10640	73.9412
10650	63.2941
10660	73.2941
10670	63.4118
10680	73.4118
10690	62.7059
10700	72.7059
10710	58.8295
10720	68.8295
10730	60.4998
10740	70.4998
10750	80.4998
10760	67.6164
10770	58.6126
10780	68.6126
10790	78.6126
10800	67.408
10810	77.408
10820	64.7548
10830	74.7548
10840	84.7548
10850	70.7853
10860	80.7853
10870	69.1118
10880	79.1118
10890	66.9143
10900	76.9143
10910	64.6589
10920	74.6589
10930	59.6213
10940	69.6213
10950	79.6213
10960	68.9646
10970	78.9646
10980	66.0547
10990	76.0547
11000	86.0547
11010	74.0462
11020	84.0462
11030	70.5223
11040	80.5223
11050	67.7676
11060	77.7676
11070	87.7676
11080	70.7036
11090	80.7036
11100	69.6776
11110	79.6776
11120	64.7778
11130	74.7778
11140	84.7778
11150	72.9207
11160	82.9207
11170	69.6214
11180	79.6214
11190	63.2458
11200	73.2458
11210	83.2458
11220	70.802
11230	80.802
11240	69.939
11250	79.939
11260	89.939
11270	73.5126
11280	83.5126
11290	70.6147
11300	80.6147
11310	67.2632
11320	77.2632
11330	87.2632
11340	69.3734
11350	79.3734
11360	67.2132
11370	77.2132
11380	66.1878
11390	76.1878
11400	86.1878
11410	71.85
11420	81.85
11430	68.739
11440	78.739
11450	88.739
11460	73.5501
11470	83.5502
11480	67.7915
11490	77.7915
11500	65.848
11510	75.848
11520	64.6848
11530	74.6848
11540	84.6848
11550	70.5262
11560	80.5262
11570	67.1407
11580	77.1407
11590	87.1407
11600	73.7821
11610	83.7821
11620	67.4731
11630	77.4731
11640	65.6452
11650	75.6452
11660	85.6452
11670	73.0782
11680	83.0782
11690	69.0262
11700	79.0262
11710	89.0262
11720	73.7277
11730	83.7276
11740	70.4719
11750	80.4719
11760	64.2354
11770	74.2354
11780	84.2354
11790	70.9626
11800	80.9626
11810	70
11820	80
11830	66.0428
11840	76.0428
11850	86.0428
11860	72.1163
11870	82.1163
11880	68.9727
11890	78.9727
11900	62.8912
11910	72.8912
11920	82.8912
11930	71.3542
11940	81.3542
11950	70.0427
11960	80.0427
11970	90.0427
11980	73.9113
11990	83.9112
12000	70.3748
12010	80.3748
12020	66.9582
12030	76.9582
12040	86.9582
12050	69.5371
12060	79.5371
12070	68.0796
12080	78.0796
12090	66.3231
12100	76.3231
12110	86.3231
12120	71.7065
12130	81.7065
12140	68.5891
12150	78.5891
12160	88.5891
12170	73.8734
12180	83.8734
12190	68.122
12200	78.122
12210	65.8974
12220	75.8974
12230	64.359
12240	74.359
12250	84.359
12260	69.9487
12270	79.9487
12280	66.9836
12290	76.9836
12300	86.9836
12310	74.0435
12320	84.0435
12330	68.2548
12340	78.2548
12350	66.0641
12360	76.0641
12370	86.0641
12380	72.508
12390	82.508
12400	68.2388
12410	78.2388
12420	88.2388
12430	73.5994
12440	83.5994
12450	70.7888
12460	80.7888
12470	65.2614
12480	75.2614
12490	85.2614
12500	71.7694
12510	81.7694
12520	69.2321
12530	79.2321
12540	65.2814
12550	75.2814
12560	85.2814
12570	72.0744
12580	82.0744
12590	68.889
12600	78.889
12610	63.6139
12620	73.6139
12630	83.6139
12640	71.885
12650	81.885
12660	69.4871
12670	79.4871
12680	89.4871
12690	73.0378
12700	83.0378
12710	69.8429
12720	79.8429
12730	66.8787
12740	76.8787
12750	86.8787
12760	70.0803
12770	80.0803
12780	68.5722
12790	78.5722
12800	66.3861
12810	76.3861
12820	86.3861
12830	71.4671
12840	81.4671
12850	67.7792
12860	77.7792
12870	87.7792
12880	73.4114
12890	83.4114
12900	68.6798
12910	78.6798
12920	67.4427
12930	77.4427
12940	64.9583
12950	74.9583
12960	84.9583
12970	69.9132
12980	79.9132
12990	65.4947
13000	75.4947
13010	85.4947
13020	73.0993
13030	83.0993
13040	68.6847
13050	78.6848
13060	67.2844
13070	77.2844
13080	87.2844
13090	73.3411
13100	83.3411
13110	68.3212
13120	78.3212
13130	88.3212
13140	72.271
13150	82.271
13160	70.0013
13170	80.0013
13180	65.3292
13190	75.3292
13200	85.3292
13210	72.0595
13220	82.0595
13230	69.8897
13240	79.8897
13250	65.0548
13260	75.0548
13270	85.0548
13280	70.9159
13290	80.9159
13300	68.8038
13310	78.8038
13320	64.0191
13330	74.0191
13340	84.0191
13350	71.9259
13360	81.9259
13370	69.8477
13380	79.8477
13390	89.8477
13400	73.3483
13410	83.3483
13420	69.2451
13430	79.2451
13440	67.2456
13450	77.2456
13460	87.2456
13470	70.2134
13480	80.2134
13490	68.2767
13500	78.2767
13510	66.3549
13520	76.3549
13530	86.3549
13540	71.8009
13550	81.8009
13560	67.2512
13570	77.2512
13580	87.2512
13590	73.7198
13600	83.7198
13610	68.5388
13620	78.5389
13630	66.6859
13640	76.6859
13650	64.8187
13660	74.8187
13670	84.8187
13680	70.4219
13690	80.4219
13700	66.0743
13710	76.0743
13720	86.0743
13730	73.8015
13740	83.8015
13750	68.8419
13760	78.8419
13770	66.7976
13780	76.7976
13790	86.7976
13800	72.822
13810	82.822
13820	68.4664
13830	78.4664
13840	88.4664
13850	72.2678
13860	82.2678
13870	70.4607
13880	80.4607
13890	65.472
13900	75.472
13910	85.472
13920	72.1698
13930	82.1698
13940	69.8169
13950	79.8169
13960	65.5892
13970	75.5892
13980	85.5892
13990	70.7812
14000	80.7812
14010	68.2619
14020	78.2619
14030	63.5349
14040	73.5349
14050	83.5349
14060	72.0199
14070	82.0199
14080	69.9099
14090	79.9099
14100	89.9099
14110	74.2377
14120	84.2377
14130	69.6981
14140	79.6981
14150	66.4528
14160	76.4528
14170	86.4528
14180	69.4456
14190	79.4456
14200	68.1102
14210	78.1102
14220	66.2577
14230	76.2577
14240	86.2577
14250	72.6133
14260	82.6133
14270	67.8583
14280	77.8583
14290	87.8583
14300	73.2972
14310	83.2972
14320	67.9595
14330	77.9595
14340	66.3518
14350	76.3518
14360	64.7577
14370	74.7577
14380	84.7577
14390	71.3216
14400	81.3216
14410	66.0352
14420	76.0352
14430	86.0352
14440	73.2273
14450	83.2273
14460	67.9695
14470	77.9695
14480	66.4281
14490	76.4281
14500	86.4281
14510	73.2107
14520	83.2107
14530	69.4323
14540	79.4323
14550	89.4323
14560	72.5182
14570	82.5182
14580	69.8769
14590	79.8769
14600	64.8035
14610	74.8035
14620	84.8035
14630	71.8777
14640	81.8777
14650	69.869
14660	79.869
14670	65.9829
14680	75.9829
14690	85.9829
14700	70.9501
14710	80.9501
14720	68.3736
14730	78.3736
14740	63.3719
14750	73.3719
14760	83.3719
14770	72.049
14780	82.049
14790	70.1008
14800	80.1008
14810	90.1008
14820	73.9256
14830	83.9256
14840	69.1137
14850	79.1137
14860	66.4077
14870	76.4077
14880	86.4077
14890	69.9279
14900	79.9279
14910	68.8841
14920	78.8841
14930	66.6524
14940	76.6524
14950	86.6524
14960	72.0172
14970	82.0172
14980	67.3918
14990	77.3918
15000	87.3918
15010	72.9582
15020	82.9582
15030	68.4036
15040	78.4036
15050	67.4932
15060	77.4931
15070	64.7721
15080	74.7721
15090	84.7721
15100	70.0668
15110	80.0668
15120	65.7698
15130	75.7698
15140	85.7698
15150	72.7646
15160	82.7646
15170	68.4467
15180	78.4467
15190	67.6065
15200	77.6065
15210	87.6065
15220	73.053
15230	83.0529
15240	68.2729
15250	78.2729
15260	88.273
15270	72.5818
15280	82.5818
15290	69.8221
15300	79.8221
15310	65.3408
15320	75.3408
15330	85.3408
15340	72.8991
15350	82.8991
15360	69.7964
15370	79.7964
15380	64.6121
15390	74.612
15400	84.6121
15410	70.8224
15420	80.8224
15430	68.161
15440	78.161
15450	63.9759
15460	73.976
15470	83.9759
15480	73.308
15490	83.308
15500	69.9473
15510	79.9473
15520	89.9473
15530	72.9796
15540	82.9796
15550	68.9796
15560	78.9796
15570	66.1224
15580	76.1224
15590	86.1224
15600	70.4082
15610	80.4082
15620	69.8367
15630	79.8367
15640	66.4231
15650	76.4231
15660	86.4231
15670	71.3398
15680	81.3398
15690	67.4423
15700	77.4423
15710	87.4423
15720	73.1287
15730	83.1287
15740	68.6685
15750	78.6685
15760	67.7815
15770	77.7815
15780	64.2879
15790	74.2879
15800	84.2879
15810	69.594
15820	79.594
15830	65.9155
15840	75.9155
15850	85.9155
15860	73.5396
15870	83.5396
15880	68.9633
15890	78.9633
15900	67.7673
15910	77.7673
15920	87.7673
15930	72.7002
15940	82.7002
15950	68.2161
15960	78.2161
15970	88.2161
15980	72.5957
15990	82.5957
16000	69.8503
16010	79.8503
16020	65.4293
16030	75.4293
16040	85.4293
16050	72.5954
16060	82.5954
16070	69.3174
16080	79.3174
16090	64.9448
16100	74.9448
16110	84.9448
16120	71.0907
16130	81.0907
16140	68.4266
16150	78.4265
16160	64.1178
16170	74.1178
16180	84.1178
16190	72.5895
16200	82.5895
16210	69.4184
16220	79.4184
16230	89.4184
16240	73.3604
16250	83.3604
16260	69.1356
16270	79.1356
16280	66.5751
16290	76.5751
16300	86.5751
16310	70.652
16320	80.652
16330	69.2222
16340	79.2222
16350	66.1639
16360	76.1639
16370	86.1639
16380	71.4863
16390	81.4863
16400	67.3706
16410	77.3706
16420	87.3706
16430	73.2627
16440	83.2627
16450	68.7988
16460	78.7988
16470	67.4945
16480	77.4945
16490	64.645
16500	74.645
16510	84.645
16520	69.8069
16530	79.8069
16540	65.9689
16550	75.9689
16560	85.9689
16570	73.2486
16580	83.2486
16590	68.9189
16600	78.9189
16610	67.2973
16620	77.2973
16630	87.2973
16640	72.973
16650	82.973
16660	68.1081
16670	78.1081
16680	88.1081
16690	72.6255
16700	82.6255
16710	69.8777
16720	79.8777
16730	65.5761
16740	75.5761
16750	85.5761
16760	72.4481
16770	82.4481
16780	69.7977
16790	79.7977
16800	65.0039
16810	75.0039
16820	85.0039
16830	71.3077
16840	81.3077
16850	68.1539
16860	78.1539
16870	63.9231
16880	73.9231
16890	83.9231
16900	72.3846
16910	82.3846
16920	69.7692
16930	79.7692
16940	89.7692
16950	73.2308
16960	83.2308
16970	69.5385
16980	79.5385
16990	66.3846
17000	76.3846
17010	86.3846
17020	70.4344
17030	80.4344
17040	68.9177
17050	78.9177
17060	66.3376
17070	76.3376
17080	86.3376
17090	71.6273
17100	81.6273
17110	67.5944
17120	77.5945
17130	87.5944
17140	72.8849
17150	82.8849
17160	68.772
17170	78.7719
17180	67.3499
17190	77.3499
17200	64.8746
17210	74.8746
17220	84.8746
17230	69.8873
17240	79.8873
17250	65.8721
17260	75.8721
17270	85.8721
17280	72.9506
17290	82.9506
17300	68.5615
17310	78.5615
17320	67.2681
17330	77.2681
17340	87.2681
17350	73.338
17360	83.338
17370	68.3595
17380	78.3596
17390	88.3595
17400	72.7525
17410	82.7525
17420	69.9309
17430	79.9309
17440	65.0599
17450	75.0599
17460	85.0599
17470	72.4024
17480	82.4024
17490	70.0103
17500	80.0103
17510	65.248
17520	75.248
17530	85.248
17540	71.1813
17550	81.1813
17560	68.1347
17570	78.1347
17580	63.5115
17590	73.5115
17600	83.5115
17610	72.3411
17620	82.3411
17630	69.8435
17640	79.8435
17650	89.8435
17660	73.5126
17670	83.5126
17680	69.4314
17690	79.4314
17700	66.4677
17710	76.4677
17720	86.4677
17730	70.2151
17740	80.2151
17750	68.8664
17760	78.8664
17770	66.5001
17780	76.5001
17790	86.5001
17800	71.77
17810	81.77
17820	67.3782
17830	77.3782
17840	87.3783
17850	72.9475
17860	82.9475
17870	68.6258
17880	78.6258
17890	67.4313
17900	77.4313
17910	64.9119
17920	74.9119
17930	84.9119
17940	69.7929
17950	79.7929
17960	65.6237
17970	75.6237
17980	85.6237
17990	73.0388
18000	83.0388
18010	68.9392
18020	78.9392
18030	67.9436
18040	77.9436
18050	87.9436
18060	73.294
18070	83.294
18080	67.8882
18090	77.8882
18100	87.8882
18110	72.2056
18120	82.2056
18130	69.7881
18140	79.7881
18150	65.3957
18160	75.3957
18170	85.3957
18180	72.9282
18190	82.9282
18200	70.0911
18210	80.0911
18220	64.4505
18230	74.4505
18240	84.4505
18250	70.6602
18260	80.6602
18270	68.4184
18280	78.4184
18290	64.0633
18300	74.0633
18310	84.0633
18320	72.8697
18330	82.8697
18340	70.1739
18350	80.1739
18360	90.1739
18370	72.6308
18380	82.6308
18390	68.9659
18400	78.9659
18410	66.7021
18420	76.7021
18430	86.7021
18440	70.3043
18450	80.3043
18460	69.1992
18470	79.1992
18480	66.5983
18490	76.5983
18500	86.5983
18510	71.0036
18520	81.0036
18530	67.4194
18540	77.4194
18550	87.4194
18560	73.2258
18570	83.2258
18580	68.6474
18590	78.6474
18600	67.466
18610	77.466
18620	64.9221
18630	74.9221
18640	84.9221
18650	69.4115
18660	79.4115
18670	65.9257
18680	75.9257
18690	85.9257
18700	73.1663
18710	83.1663
18720	68.7564
18730	78.7564
18740	67.3627
18750	77.3627
18760	87.3627
18770	73.1083
18780	83.1083
18790	67.8056
18800	77.8056
18810	87.8056
18820	72.8614
18830	82.8614
18840	70.1102
18850	80.1102
18860	65.2334
18870	75.2334
18880	85.2334
18890	72.4991
18900	82.4991
18910	69.8269
18920	79.8269
18930	64.7156
18940	74.7156
18950	84.7156
18960	71.5977
18970	81.5977
18980	68.983
18990	78.983
19000	63.4737
19010	73.4737
19020	83.4737
19030	72.3509
19040	82.3509
19050	69.7617
19060	79.7617
19070	89.7617
19080	72.9465
19090	82.9465
19100	69.8951
19110	79.8951
19120	67.3276
19130	77.3276
19140	87.3276
19150	69.7131
19160	79.7131
19170	68.5465
19180	78.5465
19190	65.8857
19200	75.8857
19210	85.8857
19220	71.1243
19230	81.1243
19240	68.3464
19250	78.3464
19260	88.3464
19270	73.976
19280	83.976
19290	68.1525
19300	78.1525
19310	66.8161
19320	76.8161
19330	64.0093
19340	74.0093
19350	84.0093
19360	69.4924
19370	79.4924
19380	66.9966
19390	76.9966
19400	86.9967
19410	74.1247
19420	84.1247
19430	68.2996
19440	78.2996
19450	66.722
19460	76.722
19470	86.722
19480	72.3286
19490	82.3285
19500	67.7152
19510	77.7152
19520	87.7152
19530	73.9183
19540	83.9183
19550	70.9702
19560	80.9702
19570	65.0236
19580	75.0236
19590	85.0236
19600	71.743
19610	81.743
19620	69.1578
19630	79.1578
19640	64.7139
19650	74.7139
19660	84.7139
19670	72.3579
19680	82.3579
19690	69.3794
19700	79.3794
19710	63.6339
19720	73.6339
19730	83.6339
19740	71.5794
19750	81.5794
19760	69.0348
19770	79.0348
19780	89.0348
19790	73.1522
19800	83.1522
19810	70.5486
19820	80.5486
19830	67.4587
19840	77.4587
19850	87.4587
19860	70.231
19870	80.231
19880	68.0528
19890	78.0528
19900	65.4184
19910	75.4184
19920	85.4184
19930	71.4151
19940	81.4151
19950	68.8142
19960	78.8142
19970	88.8142
19980	73.8354
19990	83.8354
20000	68.32
20010	78.32
20020	66.253
20030	76.253
20040	63.7416
20050	73.7416
20060	83.7416
20070	69.8866
20080	79.8866
20090	67.4325
20100	77.4325
20110	87.4325
20120	74.0946
20130	84.0946
20140	68.2124
20150	78.2124
20160	66.2883
20170	76.2883
20180	86.2883
20190	71.8893
20200	81.8893
20210	68.1759
20220	78.1759
20230	88.1759
20240	74.2345
20250	84.2345
20260	70.9621
20270	80.9621
20280	64.9405
20290	74.9405
20300	84.9405
20310	71.4197
20320	81.4197
20330	68.8139
20340	78.814
20350	65.3582
20360	75.3582
20370	85.3582
20380	72.6294
20390	82.6294
20400	69.2986
20410	79.2986
20420	63.3102
20430	73.3102
20440	83.3102
20450	71.2816
20460	81.2816
20470	68.9604
20480	78.9604
20490	88.9604
20500	73.7019
20510	83.702
20520	70.6781
20530	80.6781
20540	67.3759
20550	77.3759
20560	87.3759
20570	69.8555
20580	79.8555
20590	67.7482
20600	77.7482
20610	65.6709
20620	75.6709
20630	85.6709
20640	71.96
20650	81.96
20660	69.0566
20670	79.0566
20680	89.0566
20690	73.604
20700	83.604
20710	67.994
20720	77.994
20730	66.05
20740	76.0501
20750	64.1452
20760	74.1452
20770	84.1452
20780	70.2149
20790	80.2149
20800	67.2919
20810	77.2919
20820	87.2919
20830	73.3532
20840	83.3532
20850	67.5873
20860	77.5873
20870	65.8559
20880	75.8559
20890	85.8559
20900	72.73
20910	82.73
20920	69.0205
20930	79.0205
20940	89.0205
20950	74.1829
20960	84.1829
20970	70.0045
20980	80.0045
20990	64.4161
21000	74.4161
21010	84.4161
21020	71.1724
21030	81.1724
21040	69.9714
21050	79.9714
21060	65.8471
21070	75.8471
21080	85.8471
21090	72.6192
21100	82.6192
21110	68.1517
21120	78.1517
21130	62.8623
21140	72.8623
21150	82.8623
21160	71.1403
21170	81.1403
21180	70.1206
21190	80.1206
21200	90.1206
21210	74.0324
21220	84.0324
21230	70.9715
21240	80.9715
21250	66.3566
21260	76.3566
21270	86.3566
21280	69.201
21290	79.201
21300	67.38
21310	77.38
21320	66.5305
21330	76.5305
21340	86.5305
21350	72.3902
21360	82.3902
21370	69.5277
21380	79.5277
21390	89.5277
21400	72.6376
21410	82.6376
21420	67.3637
21430	77.3637
21440	65.423
21450	75.423
21460	64.7271
21470	74.7271
21480	84.727
21490	70.7025
21500	80.7025
21510	68.04
21520	78.04
21530	88.04
21540	72.5997
21550	82.5997
21560	67.6117
21570	77.6117
21580	65.5608
21590	75.5608
21600	85.5608
21610	73.2407
21620	83.2407
21630	69.1615
21640	79.1615
21650	89.1615
21660	74.6926
21670	84.6926
21680	69.4201
21690	79.4201
21700	64.5769
21710	74.5769
21720	84.5769
21730	70.6019
21740	80.6019
21750	69.9021
21760	79.9021
21770	65.988
21780	75.988
21790	85.988
21800	73.3321
21810	83.3321
21820	67.902
21830	77.902
21840	63.2732
21850	73.2732
21860	83.2732
21870	70.2882
21880	80.2882
21890	69.7118
21900	79.7118
21910	89.7118
21920	74.2075
21930	84.2075
21940	71.5917
21950	81.5917
21960	66.1283
21970	76.1283
21980	86.1283
21990	69.8658
22000	79.8658
22010	66.763
22020	76.763
22030	66.1802
22040	76.1802
22050	86.1802
22060	72.5981
22070	82.5981
22080	69.9172
22090	79.9172
22100	89.9173
22110	72.5267
22120	82.5267
22130	68.1578
22140	78.1578
22150	65.1156
22160	75.1156
22170	64.2969
22180	74.2969
22190	84.2969
22200	70.6466
22210	80.6466
22220	67.9511
22230	77.9511
22240	87.9511
22250	72.5223
22260	82.5223
22270	68.2961
22280	78.2961
22290	65.1233
22300	75.1233
22310	85.1233
22320	72.9094
22330	82.9094
22340	69.2111
22350	79.2111
22360	89.2111
22370	74.7441
22380	84.7441
22390	69.5954
22400	79.5954
22410	65.2823
22420	75.2824
22430	85.2823
22440	70.2349
22450	80.2349
22460	69.4206
22470	79.4206
22480	65.7098
22490	75.7098
22500	85.7098
22510	73.0232
22520	83.0232
22530	68.0607
22540	78.0607
22550	63.8118
22560	73.8118
22570	83.8117
22580	70.4581
22590	80.4581
22600	69.4535
22610	79.4535
22620	89.4535
22630	73.6758
22640	83.6758
22650	71.1894
22660	81.1894
22670	66.4337
22680	76.4337
22690	86.4337
22700	70.3292
22710	80.3293
22720	67.1259
22730	77.1259
22740	66.2157
22750	76.2157
22760	86.2157
22770	71.898
22780	81.8981
22790	69.4889
22800	79.4889
22810	89.4889
22820	72.7399
22830	82.74
22840	68.4553
22850	78.4553
22860	65.3117
22870	75.3117
22880	64.4445
22890	74.4445
22900	84.4444
22910	70.1626
22920	80.1626
22930	67.7778
22940	77.7778
22950	87.7778
22960	72.7016
22970	82.7016
22980	68.4367
22990	78.4367
23000	65.3225
23010	75.3225
23020	85.3225
23030	72.9076
23040	82.9076
23050	68.7034
23060	78.7034
23070	88.7034
23080	74.8171
23090	84.8171
23100	69.5195
23110	79.5195
23120	65.3639
23130	75.3639
23140	85.3639
23150	70.7088
23160	80.7088
23170	69.5921
23180	79.5921
23190	65.4681
23200	75.4681
23210	85.4681
23220	73.2415
23230	83.2415
23240	67.7206
23250	77.7206
23260	63.6332
23270	73.6332
23280	83.6332
23290	70.6933
23300	80.6933
23310	69.6419
23320	79.6419
23330	89.6419
23340	73.6379
23350	83.6379
23360	71.4799
23370	81.4799
23380	65.9566
23390	75.9566
23400	85.9566
23410	70.2377
23420	80.2377
23430	67.2081
23440	77.2081
23450	66.2214
23460	76.2214
23470	86.2214
23480	71.8759
23490	81.8759
23500	69.7569
23510	79.7569
23520	89.7569
23530	72.505
23540	82.505
23550	68.5901
23560	78.5901
23570	65.449
23580	75.449
23590	64.4252
23600	74.4252
23610	84.4252
23620	70.2408
23630	80.2408
23640	67.6668
23650	77.6668
23660	87.6668
23670	72.4145
23680	82.4145
23690	68.3969
23700	78.3969
23710	65.4675
23720	75.4675
23730	85.4675
23740	72.9311
23750	82.9311
23760	68.9059
23770	78.9059
23780	88.9059
23790	74.7324
23800	84.7324
23810	69.4534
23820	79.4534
23830	65.3096
23840	75.3096
23850	85.3096
23860	70.6914
23870	80.6914
23880	69.8982
23890	79.8982
23900	65.4948
23910	75.4948
23920	85.4948
23930	72.8906
23940	82.8906
23950	67.7344
23960	77.7344
23970	63.6799
23980	73.6799
23990	83.6799
24000	70.7443
24010	80.7443
24020	69.8556
24030	79.8556
24040	89.8556
24050	73.7395
24060	83.7395
24070	70.8917
24080	80.8917
24090	65.9382
24100	75.9382
24110	85.9382
24120	70.4092
24130	80.4092
24140	67.4152
24150	77.4152
24160	66.5338
24170	76.5338
24180	86.5338
24190	72.0791
24200	82.0791
24210	68.9206
24220	78.9206
24230	88.9206
24240	72.2648
24250	82.2648
24260	68.5871
24270	78.5871
24280	65.6438
24290	75.6438
24300	64.8624
24310	74.8624
24320	84.8624
24330	70.5186
24340	80.5186
24350	67.2602
24360	77.2602
24370	87.2602
24380	72.2264
24390	82.2264
24400	68.4123
24410	78.4123
24420	65.541
24430	75.541
24440	85.541
24450	73.3115
24460	83.3114
24470	68.9644
24480	78.9644
24490	88.9644
24500	74.1484
24510	84.1484
24520	69.2398
24530	79.2398
24540	65.4333
24550	75.4333
24560	85.4332
24570	71.0715
24580	81.0715
24590	70.1848
24600	80.1848
24610	65.5222
24620	75.5222
24630	85.5222
24640	72.2431
24650	82.2431
24660	67.5601
24670	77.5601
24680	63.9557
24690	73.9557
24700	83.9557
24710	70.8672
24720	80.8672
24730	69.6341
24740	79.6341
24750	89.6341
24760	74.4612
24770	62.957
24780	72.957
24790	60.167
24800	70.167
24810	80.167
24820	66.5062
24830	76.5062
24840	64.9822
24850	74.9822
24860	61.953
24870	71.953
24880	81.953
24890	72.0155
24900	61.4469
24910	71.4469
24920	81.4469
24930	67.0825
24940	77.0825
24950	65.1252
24960	75.1252
24970	63.2559
24980	73.2559
24990	60.3474
25000	70.3474
25010	80.3474
25020	68.7345
25030	59.7022
25040	69.7022
25050	79.7022
25060	67.1027
25070	77.1027
25080	65.2121
25090	75.2121
25100	63.3343
25110	73.3343
25120	83.3343
25130	68.6214
25140	78.6214
25150	66.8047
25160	76.8047
25170	66.344
25180	76.344
25190	63.7046
25200	73.7045
25210	62.019
25220	72.019
25230	82.019
25240	68.512
25250	78.512
25260	65.7859
25270	75.7859
25280	63.6192
25290	73.6192
25300	83.6192
25310	72.6888
25320	82.6888
25330	69.4767
25340	79.4767
25350	65.8522
25360	75.8522
25370	85.8522
25380	72.5702
25390	82.5702
25400	68.2926
25410	78.2926
25420	88.2926
25430	72.4516
25440	82.4516
25450	67.8888
25460	77.8888
25470	67.7183
25480	77.7183
25490	87.7183
25500	72.5311
25510	82.5311
25520	69.3782
25530	79.3782
25540	64.9286
25550	74.9286
25560	84.9286
25570	70.5513
25580	80.5513
25590	66.1344
25600	76.1344
25610	66.0889
25620	76.0889
25630	86.0889
25640	72.4741
25650	82.4741
25660	69.4806
25670	79.4806
25680	64.9298
25690	74.9298
25700	84.9298
25710	70.308
25720	80.308
25730	66.062
25740	76.062
25750	86.062
25760	74.7288
25770	84.7288
25780	70.9836
25790	80.9836
25800	68.1204
25810	78.1204
25820	88.1204
25830	71.8676
25840	81.8676
25850	67.0449
25860	77.0449
25870	62.8842
25880	72.8842
25890	82.8842
25900	72.4714
25910	82.4714
25920	69.8004
25930	79.8004
25940	89.8004
25950	75.383
25960	85.383
25970	70.9621
25980	80.9621
25990	65.9784
26000	75.9784
26010	85.9784
26020	69.8564
26030	79.8564
26040	66.1681
26050	76.1681
26060	66.4411
26070	76.4411
26080	86.4411
26090	73.5802
26100	83.5802
26110	69.3056
26120	79.3056
26130	89.3056
26140	72.4868
26150	82.4868
26160	67.9645
26170	77.9645
26180	64.3071
26190	74.3071
26200	84.3071
26210	73.1301
26220	83.1301
26230	70.3313
26240	80.3314
26250	66.2626
26260	76.2626
26270	86.2626
26280	71.2636
26290	81.2636
26300	66.9381
26310	76.9381
26320	62.8034
26330	72.8034
26340	82.8034
26350	72.8184
26360	82.8184
26370	70.2057
26380	80.2057
26390	66.1394
26400	76.1394
26410	86.1394
26420	71.3137
26430	81.3137
26440	67.1366
26450	77.1366
26460	87.1366
26470	70.9575
26480	80.9575
26490	71.0652
26500	81.0652
26510	68.6385
26520	78.6385
26530	88.6385
26540	72.9328
26550	82.9328
26560	67.8576
26570	77.8576
26580	63.6202
26590	73.6202
26600	83.6202
26610	69.0879
26620	79.0879
26630	69.3427
26640	79.3427
26650	89.3426
26660	75.466
26670	85.466
26680	71.3013
26690	81.3013
26700	66.1792
26710	76.1792
26720	86.1792
26730	70.2956
26740	80.2956
26750	65.8293
26760	75.8293
26770	65.8975
26780	75.8975
26790	85.8975
26800	73.6792
26810	83.6792
26820	69.5663
26830	79.5663
26840	89.5663
26850	72.7303
26860	82.7303
26870	68.3678
26880	78.3677
26890	63.9888
26900	73.9888
26910	83.9888
26920	72.6026
26930	82.6026
26940	70.4976
26950	80.4976
26960	66.5212
26970	76.5212
26980	86.5212
26990	71.4336
27000	81.4336
27010	66.8847
27020	76.8847
27030	62.6739
27040	72.6739
27050	82.6739
27060	72.5675
27070	82.5675
27080	70.5831
27090	80.5831
27100	66.4385
27110	76.4385
27120	86.4385
27130	71.2547
27140	81.2547
27150	66.7733
27160	76.7733
27170	86.7733
27180	70.9265
27190	80.9265
27200	70.8913
27210	80.8913
27220	68.9919
27230	78.9919
27240	88.9919
27250	73.1956
27260	83.1956
27270	67.8907
27280	77.8907
27290	63.1543
27300	73.1543
27310	83.1543
27320	68.9985
27330	78.9985
27340	69.0559
27350	79.0559
27360	89.0559
27370	75.7124
27380	85.7124
27390	71.7931
27400	81.7931
27410	66.6678
27420	76.6678
27430	86.6678
27440	69.9786
27450	79.9786
27460	65.5466
27470	75.5466
27480	65.5681
27490	75.5681
27500	85.5681
27510	73.6941
27520	83.6941
27530	70.0254
27540	80.0254
27550	90.0254
27560	73.3781
27570	83.3781
27580	68.245
27590	78.245
27600	63.7243
27610	73.7243
27620	83.7243
27630	72.391
27640	82.391
27650	70.3475
27660	80.3475
27670	66.7806
27680	76.7806
27690	86.7806
27700	71.7816
27710	81.7816
27720	66.7336
27730	76.7336
27740	62.3268
27750	72.3268
27760	82.3268
27770	72.5365
27780	82.5366
27790	70.4081
27800	80.4081
27810	66.8559
27820	76.8559
27830	86.8559
27840	71.3894
27850	81.3893
27860	66.5783
27870	76.5783
27880	86.5783
27890	70.4789
27900	80.4789
27910	70.848
27920	80.848
27930	68.8147
27940	78.8147
27950	88.8146
27960	73.5991
27970	83.5991
27980	67.9526
27990	77.9526
28000	63.2146
28010	73.2146
28020	83.2146
28030	68.7896
28040	78.7896
28050	69.1753
28060	79.1753
28070	89.1753
28080	75.6351
28090	85.6351
28100	72.1853
28110	82.1853
28120	66.205
28130	76.205
28140	86.205
28150	69.8545
28160	79.8545
28170	65.5701
28180	75.5701
28190	65.757
28200	75.757
28210	85.757
28220	73.9526
28230	83.9526
28240	70.3947
28250	80.3947
28260	90.3947
28270	72.6002
28280	82.6002
28290	68.1551
28300	78.1551
28310	63.7683
28320	73.7683
28330	83.7683
28340	72.4441
28350	82.4441
28360	70.6034
28370	80.6034
28380	67.1835
28390	77.1835
28400	87.1835
28410	71.1487
28420	81.1487
28430	66.5962
28440	76.5962
28450	62.2244
28460	72.2244
28470	82.2244
28480	72.4199
28490	82.4199
28500	70.5527
28510	80.5527
28520	67.2089
28530	77.2089
28540	87.2089
28550	71.2779
28560	81.2779
28570	66.8496
28580	76.8496
28590	86.8496
28600	70.5346
28610	80.5346
28620	70.6578
28630	80.6578
28640	68.7189
28650	78.7189
28660	88.7189
28670	73.6451
28680	83.6451
28690	67.687
28700	77.687
28710	63.4303
28720	73.4303
28730	83.4303
28740	68.9076
28750	78.9076
28760	69.0677
28770	79.0677
28780	89.0677
28790	75.645
28800	85.645
28810	72.1253
28820	82.1253
28830	65.9668
28840	75.9668
28850	85.9668
28860	70.1147
28870	80.1147
28880	65.4807
28890	75.4807
28900	65.7294
28910	75.7294
28920	85.7294
28930	73.9583
28940	83.9583
28950	70.4526
28960	80.4526
28970	90.4526
28980	72.2911
28990	82.2911
29000	68.2227
29010	78.2227
29020	63.5861
29030	73.5861
29040	83.5861
29050	72.4804
29060	82.4803
29070	70.7611
29080	80.7611
29090	67.1418
29100	77.1418
29110	87.1418
29120	70.8086
29130	80.8086
29140	66.8021
29150	76.8021
29160	62.1592
29170	72.1592
29180	82.1592
29190	72.513
29200	82.513
29210	70.8571
29220	80.8571
29230	67.1939
29240	77.1939
29250	87.1939
29260	70.93
29270	80.93
29280	67.0215
29290	77.0215
29300	87.0215
29310	70.2291
29320	80.2291
29330	70.687
29340	80.687
29350	69.0336
29360	79.0336
29370	89.0336
29380	73.8443
29390	83.8443
29400	67.2879
29410	77.2879
29420	63.5593
29430	73.5593
29440	83.5593
29450	68.7284
29460	78.7284
29470	69.1196
29480	79.1196
29490	89.1196
29500	75.6485
29510	85.6485
29520	72.0961
29530	82.0961
29540	65.5331
29550	75.5331
29560	85.5331
29570	70.2583
29580	80.2583
29590	65.5409
29600	75.5409
29610	65.9432
29620	75.9432
29630	85.9432
29640	74.0771
29650	84.0771
29660	70.5071
29670	80.5071
29680	90.5071
29690	71.9067
29700	81.9067
29710	68.3367
29720	78.3367
29730	63.6351
29740	73.6351
29750	83.6351
29760	72.6531
29770	82.6531
29780	70.8066
29790	80.8066
29800	67.2683
29810	77.2683
29820	87.2683
29830	70.6336
29840	80.6336
29850	66.8623
29860	76.8623
29870	62.2353
29880	72.2353
29890	82.2353
29900	72.7119
29910	82.7119
29920	70.6743
29930	80.6743
29940	67.1567
29950	77.1567
29960	87.1567
29970	70.4996
29980	80.4996
29990	66.738
30000	76.738
30010	86.738
30020	70.4768
30030	80.4768
30040	71.0421
30050	81.0421
30060	69.1366
30070	79.1366
30080	89.1366
30090	73.9188
30100	83.9188
30110	67.2914
30120	77.2914
30130	63.2582
30140	73.2582
30150	83.2582
30160	68.606
30170	78.606
30180	68.9107
30190	78.9107
30200	88.9107
30210	75.6566
30220	85.6566
30230	72.454
30240	82.454
30250	65.9591
30260	75.9591
30270	85.9591
30280	70.2616
30290	80.2616
30300	65.3987
30310	75.3987
30320	65.572
30330	75.572
30340	85.572
30350	73.8367
30360	83.8367
30370	70.6746
30380	80.6746
30390	90.6746
30400	72.4424
30410	82.4424
30420	68.4292
30430	78.4292
30440	63.3986
30450	73.3986
30460	83.3986
30470	72.2787
30480	82.2787
30490	70.7245
30500	80.7245
30510	67.3097
30520	77.3097
30530	87.3097
30540	71.1904
30550	81.1904
30560	67.2676
30570	77.2676
30580	62.0281
30590	72.0281
30600	82.0281
30610	72.2139
30620	82.2139
30630	70.5304
30640	80.5304
30650	67.1559
30660	77.1559
30670	87.1559
30680	71.0343
30690	81.0343
30700	67.2159
30710	77.2159
30720	87.2159
30730	70.2731
30740	80.2731
30750	70.5349
30760	80.5349
30770	68.8023
30780	78.8023
30790	88.8023
30800	73.687
30810	83.687
30820	67.5622
30830	77.5622
30840	63.8495
30850	73.8495
30860	83.8495
30870	68.6462
30880	78.6462
30890	68.8167
30900	78.8167
30910	88.8167
30920	75.5835
30930	85.5835
30940	72.3277
30950	82.3277
30960	65.9552
30970	75.9552
30980	85.9552
30990	70.5264
31000	80.5264
31010	65.3336
31020	75.3336
31030	65.6494
31040	75.6494
31050	85.6494
31060	73.8661
31070	83.8661
31080	70.6085
31090	80.6085
31100	90.6085
31110	72.1682
31120	82.1683
31130	68.6643
31140	78.6643
31150	63.6028
31160	73.6028
31170	83.6028
31180	72.2864
31190	82.2864
31200	70.4354
31210	80.4354
31220	67.2744
31230	77.2744
31240	87.2744
31250	70.6955
31260	80.6955
31270	67.2744
31280	77.2744
31290	62.2778
31300	72.2778
31310	82.2778
31320	72.2885
31330	82.2885
31340	70.464
31350	80.464
31360	67.1836
31370	77.1836
31380	87.1836
31390	70.6577
31400	80.6577
31410	67.2959
31420	77.2959
31430	87.2959
31440	70.5901
31450	80.5901
31460	70.6568
31470	80.6568
31480	68.6517
31490	78.6517
31500	88.6517
31510	73.6517
31520	83.6517
31530	67.1772
31540	77.1772
31550	63.8545
31560	73.8545
31570	83.8545
31580	68.9694
31590	78.9694
31600	68.9166
31610	78.9166
31620	88.9166
31630	75.2997
31640	85.2997
31650	72.0471
31660	82.0471
31670	65.6756
31680	75.6756
31690	85.6756
31700	70.5819
31710	80.5819
31720	65.8147
31730	75.8147
31740	65.7492
31750	75.7492
31760	85.7492
31770	73.4688
31780	83.4688
31790	70.2471
31800	80.2471
31810	90.2471
31820	72.1205
31830	82.1205
31840	68.7565
31850	78.7565
31860	64.0513
31870	74.0513
31880	84.0513
31890	72.6771
31900	82.6771
31910	70.0865
31920	80.0865
31930	66.8036
31940	76.8036
31950	86.8036
31960	70.7081
31970	80.7081
31980	67.4746
31990	77.4746
32000	62.6083
32010	72.6083
32020	82.6083
32030	72.7754
32040	82.7754
32050	69.9287
32060	79.9287
32070	66.7866
32080	76.7866
32090	86.7866
32100	70.8447
32110	80.8447
32120	67.5019
32130	77.5019
32140	87.5019
32150	70.8395
32160	80.8395
32170	71.0977
32180	81.0977
32190	68.0611
32200	78.0611
32210	88.0611
32220	73.3863
32230	83.3863
32240	67.5658
32250	77.5658
32260	63.9435
32270	73.9435
32280	83.9435
32290	69.2008
32300	79.2008
32310	69.3417
32320	79.3417
32330	89.3417
32340	74.5511
32350	84.5511
32360	71.6515
32370	81.6515
32380	65.9664
32390	75.9664
32400	85.9664
32410	70.6374
32420	80.6374
32430	65.9682
32440	75.9682
32450	66.1584
32460	76.1584
32470	86.1584
32480	72.8021
32490	82.8021
32500	69.9633
32510	79.9633
32520	89.9633
32530	72.5199
32540	82.5199
32550	68.9503
32560	78.9503
32570	64.1219
32580	74.1219
32590	84.1219
32600	72.7508
32610	82.7508
32620	69.4659
32630	79.4659
32640	66.701
32650	76.701
32660	86.701
32670	71.0701
32680	81.0701
32690	67.5313
32700	77.5313
32710	62.5333
32720	72.5332
32730	82.5332
32740	72.6211
32750	82.6211
32760	69.4891
32770	79.4891
32780	66.8665
32790	76.8665
32800	86.8665
32810	71.2136
32820	81.2136
32830	67.6549
32840	77.6549
32850	87.6549
32860	70.8259
32870	80.8259
32880	70.8101
32890	80.81
32900	67.8065
32910	77.8065
32920	87.8065
32930	73.3718
32940	83.3718
32950	67.6415
32960	77.6415
32970	64.1575
32980	74.1575
32990	84.1575
33000	69.1603
33010	79.1603
33020	69.2382
33030	79.2382
33040	89.2382
33050	74.5378
33060	84.5378
33070	71.6957
33080	81.6957
33090	66.1455
33100	76.1455
33110	86.1455
33120	70.7401
33130	80.7401
33140	65.6869
33150	75.6869
33160	65.954
33170	75.954
33180	85.954
33190	72.8012
33200	82.8012
33210	70.1582
33220	80.1582
33230	90.1582
33240	72.7417
33250	82.7417
33260	68.8752
33270	78.8752
33280	63.7786
33290	73.7786
33300	83.7786
33310	72.6889
33320	82.6889
33330	69.5606
33340	79.5606
33350	66.9244
33360	76.9244
33370	86.9244
33380	71.3357
33390	81.3357
33400	67.4692
33410	77.4692
33420	62.3726
33430	72.3726
33440	82.3726
33450	72.6889
33460	82.6889
33470	69.5606
33480	79.5606
33490	66.9244
33500	76.9244
33510	86.9244
33520	71.3179
33530	81.3179
33540	67.473
33550	77.473
33560	87.473
33570	70.5209
33580	80.5209
33590	70.8981
33600	80.8981
33610	67.8645
33620	77.8645
33630	87.8645
33640	73.7427
33650	83.7427
33660	67.8912
33670	77.8912
33680	63.9832
33690	73.9832
33700	83.9832
33710	68.8689
33720	78.8689
33730	69.2748
33740	79.2748
33750	89.2748
33760	74.3646
33770	84.3646
33780	71.9862
33790	81.9862
33800	66.2153
33810	76.2153
33820	86.2153
33830	70.67
33840	80.67
33850	65.6467
33860	75.6467
33870	65.9731
33880	75.9731
33890	85.9731
33900	72.6649
33910	82.6649
33920	70.3334
33930	80.3334
33940	90.3334
33950	72.7793
33960	82.7793
33970	68.7012
33980	78.7012
33990	63.7284
34000	73.7284
34010	83.7284
34020	72.6931
34030	82.6931
34040	69.4318
34050	79.4318
34060	67.1544
34070	77.1544
34080	87.1544
34090	71.4479
34100	81.4479
34110	67.1798
34120	77.1798
34130	62.3163
34140	72.3163
34150	82.3163
34160	72.6015
34170	82.6015
34180	69.4778
34190	79.4778
34200	67.3717
34210	77.3717
34220	87.3717
34230	71.3749
34240	81.3749
34250	67.0365
34260	77.0365
34270	87.0365
34280	70.6254
34290	80.6254
34300	70.8057
34310	80.8057
34320	67.5818
34330	77.5818
34340	87.5818
34350	74.0588
34360	84.0588
34370	68.0681
34380	78.0681
34390	63.7643
34400	73.7643
34410	83.7643
34420	69.1061
34430	79.1061
34440	69.1889
34450	79.1889
34460	89.1889
34470	74.2223
34480	84.2223
34490	72.252
34500	82.252
34510	66.4131
34520	76.4131
34530	86.4131
34540	70.3845
34550	80.3845
34560	65.7819
34570	75.7819
34580	65.9249
34590	75.9249
34600	85.9249
34610	72.5372
34620	82.5372
34630	70.3919
34640	80.3919
34650	90.3919
34660	72.8162
34670	82.8162
34680	68.4992
34690	78.4992
34700	63.946
34710	73.946
34720	83.946
34730	72.7027
34740	82.7027
34750	69.341
34760	79.341
34770	67.1674
34780	77.1674
34790	87.1674
34800	71.4051
34810	81.4051
34820	66.9544
34830	76.9544
34840	62.4632
34850	72.4632
34860	82.4632
34870	72.6916
34880	82.6916
34890	69.395
34900	79.395
34910	67.2773
34920	77.2773
34930	87.2773
34940	71.395
34950	81.395
34960	66.9276
34970	76.9276
34980	86.9276
34990	70.7211
35000	80.7211
35010	70.8757
35020	80.8757
35030	67.6236
35040	77.6236
35050	87.6236
35060	73.8811
35070	83.8812
35080	68.0962
35090	78.0962
35100	63.5623
35110	73.5623
35120	83.5623
35130	69.1327
35140	79.1327
35150	69.21
35160	79.21
35170	89.21
35180	74.4451
35190	84.4451
35200	72.293
35210	82.293
35220	66.4934
35230	76.4934
35240	86.4934
35250	70.2982
35260	80.2982
35270	65.9096
35280	75.9096
35290	65.685
35300	75.685
35310	85.685
35320	72.5297
35330	82.5297
35340	70.5476
35350	80.5476
35360	90.5476
35370	72.9563
35380	82.9563
35390	68.4885
35400	78.4885
35410	63.9955
35420	73.9955
35430	83.9955
35440	72.264
35450	82.264
35460	69.2296
35470	79.2295
35480	67.352
35490	77.352
35500	87.352
35510	71.5625
35520	81.5625
35530	67.1546
35540	77.1546
35550	62.5164
35560	72.5164
35570	82.5164
35580	72.2533
35590	82.2533
35600	69.227
35610	79.227
35620	67.3543
35630	77.3543
35640	87.3543
35650	71.5766
35660	81.5766
35670	67.1887
35680	77.1887
35690	87.1887
35700	70.6822
35710	80.6822
35720	70.4594
35730	80.4594
35740	67.3569
35750	77.3569
35760	87.3569
35770	73.9863
35780	83.9863
35790	68.2829
35800	78.2829
35810	63.9647
35820	73.9647
35830	83.9647
35840	69.0916
35850	79.0916
35860	68.9147
35870	78.9147
35880	88.9147
35890	74.1096
35900	84.1095
35910	72.3442
35920	82.3442
35930	66.6347
35940	76.6347
35950	86.6347
35960	70.6302
35970	80.6302
35980	65.6836
35990	75.6836
36000	65.5526
