10	11
20	10
30	3
40	3
50	3
60	3
70	5.5
80	15.5
90	25.5
100	21.5
110	31.5
120	20
130	30
140	40
150	28
160	38
170	29.3333
180	39.3333
190	49.3333
200	36.6667
210	26.1667
220	36.1667
230	46.1667
240	35.5833
250	45.5833
260	30.5833
270	40.5833
280	29.3333
290	24.3333
300	34.3333
310	44.3333
320	38.3333
330	48.3333
340	34.2619
350	44.2619
360	24.4524
370	21.5952
380	31.5952
390	29.1667
400	39.1667
410	36.6429
420	46.6429
430	56.6429
440	39.75
450	27.175
460	37.175
470	47.175
480	42.45
490	52.45
500	42.45
510	52.45
520	37.6583
530	47.6583
540	44.2
550	54.2
560	64.2
570	50.5282
580	60.5282
590	45.359
600	55.359
610	65.359
620	38.5385
630	29.9286
640	39.9286
650	49.9286
660	44.3187
670	54.3187
680	42.6978
690	52.6978
700	37.6978
710	47.6978
720	44.2857
730	54.2857
740	64.2857
750	48.5143
760	58.5143
770	45.4857
780	55.4857
790	65.4857
800	41.3905
810	27.278
820	37.278
830	47.278
840	43.6905
850	53.6905
860	41.8155
870	51.8155
880	36.8167
890	34.1549
900	44.1549
910	54.1549
920	51.4118
930	45.2322
940	55.2322
950	65.2322
960	46.1022
970	30.9628
980	40.9628
990	38.2711
1000	48.2711
1010	46.0606
1020	56.0606
1030	66.0606
1040	56.3313
1050	40.617
1060	50.617
1070	60.617
1080	55.0824
1090	65.0824
1100	53.6538
1110	63.6538
1120	50.9955
1130	60.9955
1140	52.7719
1150	62.7718
1160	72.7719
1170	52.4116
1180	62.4116
1190	56.6998
1200	66.6998
1210	53.2215
1220	63.2215
1230	47.2165
1240	57.2165
1250	52.4398
1260	62.4398
1270	54.3829
1280	64.3829
1290	49.1864
1300	59.1864
1310	41.5059
1320	39.2837
1330	49.2837
1340	59.2837
1350	57.4762
1360	67.4762
1370	57.6442
1380	67.6442
1390	54.5436
1400	64.5436
1410	60.0947
1420	70.0947
1430	55.8533
1440	65.8533
1450	59.2228
1460	69.2228
1470	62.4346
1480	72.4346
1490	82.4346
1500	63.4691
1510	73.4691
1520	64.1845
1530	74.1845
1540	84.1845
1550	66.7454
1560	52.2765
1570	62.2765
1580	72.2765
1590	64.2016
1600	74.2016
1610	63.5048
1620	73.5048
1630	62.6532
1640	72.6532
1650	66.2699
1660	76.2699
1670	86.2699
1680	66.9151
1690	76.9151
1700	67.5677
1710	77.5677
1720	64.1659
1730	74.1659
1740	84.1659
1750	68.77
1760	78.77
1770	50.488
1780	60.488
1790	70.488
1800	62.7133
1810	72.7133
1820	55.9539
1830	65.9539
1840	45.0716
1850	55.0716
1860	48.8684
1870	58.8684
1880	68.8684
1890	57.0491
1900	45.2633
1910	55.2633
1920	52.2734
1930	62.2734
1940	72.2734
1950	56.7496
1960	49.8131
1970	59.8131
1980	69.8131
1990	61.4177
2000	71.4177
2010	56.5641
2020	66.5641
2030	57.3674
2040	67.3674
2050	61.7936
2060	71.7936
2070	81.7936
2080	63.3279
2090	73.3279
2100	65.8578
2110	75.8578
2120	62.4015
2130	72.4015
2140	58.0938
2150	68.0938
2160	54.6839
2170	64.6839
2180	74.6839
2190	70.0728
2200	80.0728
2210	62.2449
2220	48.0647
2230	58.0647
2240	68.0647
2250	58.7058
2260	68.7058
2270	54.9849
2280	64.9849
2290	74.9849
2300	62.3605
2310	72.3605
2320	59.1047
2330	69.1047
2340	51.4303
2350	61.4303
2360	59.0698
2370	69.0698
2380	65.8266
2390	75.8266
2400	62.3573
2410	72.3573
2420	59.4057
2430	69.4057
2440	55.4423
2450	65.4423
2460	75.4423
2470	57.5787
2480	67.5787
2490	55.6642
2500	65.6642
2510	75.6642
2520	63.442
2530	49.442
2540	59.442
2550	69.442
2560	58.1859
2570	68.1859
2580	58.5338
2590	68.5338
2600	61.0921
2610	71.0921
2620	63.479
2630	73.479
2640	59.3532
2650	69.3531
2660	79.3531
2670	70.1903
2680	63.7899
2690	73.7899
2700	83.7899
2710	65.9889
2720	50.7628
2730	60.7628
2740	54.2216
2750	64.2216
2760	74.2216
2770	60.4716
2780	70.4716
2790	57.9716
2800	67.9716
2810	77.9716
2820	67.1383
2830	53.3883
2840	63.3883
2850	73.3883
2860	63.3333
2870	73.3333
2880	66.6667
2890	76.6667
2900	58.9583
2910	68.9583
2920	78.9583
2930	62.7734
2940	72.7734
2950	55.0923
2960	65.0923
2970	47.8136
2980	57.8136
2990	56.9762
3000	66.9762
3010	62.6209
3020	72.6208
3030	82.6208
3040	65.1699
3050	53.4868
3060	63.4868
3070	73.4868
3080	65.812
3090	75.812
3100	62.2826
3110	72.2826
3120	82.2826
3130	72.3529
3140	59.4287
3150	69.4287
3160	79.4287
3170	63.0185
3180	41.9853
3190	51.9853
3200	49.7273
3210	59.7273
3220	69.7272
3230	60.3255
3240	70.3255
3250	61.6717
3260	71.6717
3270	81.6717
3280	67.1331
3290	54.0048
3300	64.0048
3310	54.4317
3320	64.4317
3330	74.4317
3340	68.804
3350	78.804
3360	62.0768
3370	72.0768
3380	60.2586
3390	70.2586
3400	55.6798
3410	65.6798
3420	75.6798
3430	58.9525
3440	68.9525
3450	61.8351
3460	71.8351
3470	62.3273
3480	72.3273
3490	58.8331
3500	68.8331
3510	60.8067
3520	70.8067
3530	59.4314
3540	69.4314
3550	79.4314
3560	62.7713
3570	50.6334
3580	60.6334
3590	70.6334
3600	62.1872
3610	72.1872
3620	59.4286
3630	69.4286
3640	79.4286
3650	68.7857
3660	78.7857
3670	66.5086
3680	76.5086
3690	59.3678
3700	69.3678
3710	61.4074
3720	71.4074
3730	62.5821
3740	72.5821
3750	59.2767
3760	69.2768
3770	57.364
3780	67.364
3790	52.9016
3800	62.9016
3810	72.9016
3820	56.0683
3830	66.0683
3840	59.8737
3850	69.8737
3860	79.8737
3870	68.2781
3880	55.4666
3890	65.4666
3900	75.4666
3910	63.647
3920	73.647
3930	65.792
3940	75.792
3950	59.6114
3960	69.6114
3970	58.489
3980	68.489
3990	60.0524
4000	70.0524
4010	58.1885
4020	68.1885
4030	78.1885
4040	65.4642
4050	75.4642
4060	65.8312
4070	75.8312
4080	60.6749
4090	70.6749
4100	59.2016
4110	69.2016
4120	79.2016
4130	70.0615
4140	80.0615
4150	65.1154
4160	53.4209
4170	63.4209
4180	73.4209
4190	57.6143
4200	67.6143
4210	56.4305
4220	66.4305
4230	76.4305
4240	71.1657
4250	81.1657
4260	70.1517
4270	59.2156
4280	69.2156
4290	79.2156
4300	69.3649
4310	58.4755
4320	68.4755
4330	78.4755
4340	66.9805
4350	76.9805
4360	55.0335
4370	65.0335
4380	49.3443
4390	59.3443
4400	54.0437
4410	64.0437
4420	74.0437
4430	59.2158
4440	69.2158
4450	64.4157
4460	74.4157
4470	84.4157
4480	73.5514
4490	61.6222
4500	71.6222
4510	64.1379
4520	74.1379
4530	84.1379
4540	70.8504
4550	80.8504
4560	65.0134
4570	75.0134
4580	61.9711
4590	71.9711
4600	81.9711
4610	64.5303
4620	52.2597
4630	62.2597
4640	72.2597
4650	63.756
4660	53.6791
4670	63.6791
4680	73.6791
4690	57.9264
4700	47.6089
4710	57.6089
4720	67.6089
4730	63.4739
4740	73.4739
4750	61.6918
4760	71.6918
4770	63.7648
4780	73.7648
4790	83.7648
4800	69.6194
4810	58.1021
4820	68.1021
4830	78.1021
4840	65.2521
4850	75.2521
4860	66.9352
4870	76.9352
4880	61.8735
4890	71.8735
4900	57.2002
4910	67.2002
4920	52.8599
4930	62.8599
4940	72.8599
4950	58.1109
4960	53.5531
4970	63.5531
4980	73.5531
4990	67.5955
5000	77.5955
5010	66.6317
5020	76.6317
5030	86.6317
5040	75.0848
5050	85.0848
5060	70.9884
5070	80.9884
5080	66.4531
5090	76.4531
5100	64.402
5110	74.402
5120	62.4125
5130	72.4125
5140	82.4125
5150	67.4923
5160	53.7354
5170	63.7354
5180	73.7354
5190	57.048
5200	67.048
5210	55.5781
5220	65.5781
5230	60.1881
5240	70.1881
5250	80.1881
5260	66.8478
5270	55.2437
5280	65.2437
5290	75.2437
5300	65.7577
5310	75.7577
5320	67.9608
5330	77.9608
5340	62.7923
5350	72.7923
5360	59.2152
5370	69.2152
5380	58.3895
5390	68.3895
5400	78.3895
5410	62.8153
5420	72.8153
5430	59.5983
5440	69.5983
5450	79.5983
5460	66.265
5470	54.265
5480	64.265
5490	74.265
5500	66.1765
5510	61.1473
5520	71.1473
5530	59.7032
5540	69.7032
5550	79.7032
5560	66.2368
5570	76.2368
5580	58.0145
5590	68.0145
5600	52.8143
5610	62.8143
5620	54.5726
5630	64.5726
5640	60.1921
5650	70.1921
5660	58.7184
5670	68.7184
5680	54.5734
5690	64.5734
5700	58.4898
5710	68.4899
5720	78.4898
5730	63.5924
5740	73.5924
5750	64.1872
5760	74.1872
5770	84.1872
5780	68.8403
5790	57.4152
5800	67.4152
5810	58.0029
5820	68.0029
5830	78.0029
5840	72.2269
5850	82.2269
5860	67.2764
5870	77.2764
5880	61.5455
5890	71.5455
5900	56.1176
5910	66.1176
5920	57.1366
5930	67.1366
5940	77.1366
5950	54.8113
5960	44.3409
5970	54.3409
5980	64.3409
5990	59.3228
6000	69.3228
6010	57.558
6020	67.5581
6030	59.7347
6040	69.7347
6050	65.2934
6060	75.2934
6070	85.2934
6080	70.1055
6090	80.1055
6100	71.1629
6110	81.1629
6120	91.1629
6130	76.0246
6140	64.6358
6150	74.6358
6160	84.6358
6170	72.0057
6180	60.3481
6190	70.3481
6200	58.6338
6210	68.6338
6220	56.3314
6230	66.3314
6240	52.2704
6250	62.2704
6260	72.2704
6270	56.9371
6280	66.9371
6290	60.8571
6300	70.8571
6310	80.8571
6320	66.0952
6330	54.381
6340	64.381
6350	74.381
6360	63.8095
6370	73.8095
6380	63.8095
6390	73.8095
6400	58.5371
6410	68.5371
6420	53.6384
6430	63.6384
6440	58.8336
6450	68.8336
6460	78.8336
6470	63.9844
6480	73.9844
6490	61.2747
6500	71.2747
6510	81.2747
6520	65.8032
6530	54.4526
6540	64.4526
6550	74.4526
6560	65.952
6570	75.952
6580	67.7088
6590	77.7088
6600	62.8194
6610	72.8194
6620	56.9939
6630	66.9939
6640	51.672
6650	61.672
6660	71.672
6670	57.0764
6680	51.3051
6690	61.3051
6700	56.2428
6710	66.2428
6720	76.2428
6730	65.0513
6740	75.0513
6750	66.2927
6760	76.2927
6770	86.2927
6780	70.4306
6790	59.2237
6800	69.2237
6810	79.2237
6820	68.3781
6830	78.3781
6840	68.915
6850	78.915
6860	63.8531
6870	73.8531
6880	58.1786
6890	68.1786
6900	52.5001
6910	62.5001
6920	72.5001
6930	57.5045
6940	52.3646
6950	62.3646
6960	72.3646
6970	65.7887
6980	75.7887
6990	64.3302
7000	74.3302
7010	66.007
7020	76.007
7030	86.007
7040	70.6103
7050	59.288
7060	69.288
7070	79.2879
7080	65.7997
7090	75.7997
7100	68.4331
7110	78.4331
7120	88.4331
7130	70.0033
7140	54.3835
7150	64.3835
7160	74.3835
7170	57.9643
7180	67.9643
7190	56.7585
7200	66.7585
7210	60.4281
7220	70.4281
7230	80.4281
7240	64.8942
7250	53.824
7260	63.824
7270	56.6752
7280	66.6752
7290	76.6752
7300	65.4663
7310	75.4663
7320	60.9948
7330	70.9948
7340	54.9785
7350	64.9785
7360	57.9753
7370	67.9753
7380	77.9753
7390	63.5037
7400	73.5037
7410	65.6346
7420	75.6346
7430	85.6346
7440	69.7086
7450	58.455
7460	68.4549
7470	78.4549
7480	68.7505
7490	59.1626
7500	69.1626
7510	57.6246
7520	67.6246
7530	54.5674
7540	64.5674
7550	51.9557
7560	61.9557
7570	71.9557
7580	56.63
7590	51.5159
7600	61.5159
7610	71.5159
7620	64.6673
7630	74.6673
7640	63.0822
7650	73.0822
7660	83.0822
7670	73.3672
7680	83.3672
7690	68.4389
7700	78.4389
7710	62.9996
7720	72.9996
7730	62.3139
7740	72.3139
7750	63.2738
7760	73.2738
7770	61.4133
7780	49.0878
7790	59.0878
7800	69.0878
7810	56.2971
7820	66.2971
7830	54.4366
7840	64.4366
7850	57.0723
7860	67.0723
7870	59.6124
7880	69.6124
7890	79.6124
7900	64.0754
7910	74.0754
7920	65.9831
7930	75.9831
7940	85.9831
7950	71.3352
7960	59.4227
7970	69.4227
7980	79.4227
7990	67.4257
8000	60.1448
8010	70.1448
8020	80.1448
8030	64.8694
8040	52.209
8050	62.209
8060	72.209
8070	57.3971
8080	67.3971
8090	56.0107
8100	66.0107
8110	76.0107
8120	68.1629
8130	78.1629
8140	62.959
8150	72.959
8160	58.0701
8170	68.0701
8180	60.1441
8190	70.1441
8200	61.8767
8210	71.8767
8220	81.8767
8230	66.9878
8240	51.8101
8250	61.8101
8260	54.4636
8270	64.4636
8280	74.4636
8290	62.8744
8300	72.8744
8310	61.7932
8320	71.7932
8330	81.7932
8340	66.8717
8350	55.0066
8360	65.0066
8370	75.0066
8380	65.8798
8390	75.8798
8400	68.2997
8410	78.2997
8420	62.5119
8430	72.5119
8440	57.8879
8450	67.8879
8460	53.9716
8470	63.9716
8480	73.9716
8490	58.2561
8500	68.2561
8510	61.2506
8520	71.2506
8530	59.434
8540	69.434
8550	57.2953
8560	67.2953
8570	59.2925
8580	69.2925
8590	79.2925
8600	72.2423
8610	82.2423
8620	66.2982
8630	76.2982
8640	60.0971
8650	70.0972
8660	60.2435
8670	70.2435
8680	80.2435
8690	64.2638
8700	74.2638
8710	60.8599
8720	70.8599
8730	80.8599
8740	67.2731
8750	54.9521
8760	64.9521
8770	56.565
8780	66.565
8790	60.0636
8800	70.0636
8810	57.6525
8820	67.6525
8830	56.4433
8840	66.4433
8850	53.8098
8860	63.8098
8870	73.8098
8880	57.4287
8890	67.4287
8900	61.2289
8910	71.2289
8920	81.2289
8930	67.4388
8940	54.671
8950	64.671
8960	74.671
8970	65.6794
8980	75.6794
8990	68.4743
9000	78.4743
9010	61.9109
9020	71.9109
9030	58.3612
9040	68.3612
9050	58.0193
9060	68.0193
9070	55.0807
9080	65.0807
9090	75.0807
9100	64.768
9110	74.768
9120	63.729
9130	73.729
9140	56.9282
9150	66.9282
9160	58.6188
9170	68.6188
9180	78.6188
9190	71.7491
9200	81.7491
9210	65.1039
9220	51.2972
9230	61.2972
9240	71.2972
9250	58.0382
9260	68.0383
9270	55.1995
9280	65.1995
9290	75.1995
9300	67.4194
9310	77.4194
9320	63.5484
9330	73.5484
9340	56.9276
9350	66.9276
9360	59.9251
9370	69.9251
9380	63.9582
9390	73.9582
9400	83.9582
9410	67.5802
9420	53.3476
9430	63.3476
9440	73.3476
9450	62.8742
9460	72.8742
9470	60.2655
9480	70.2655
9490	80.2655
9500	68.9871
9510	78.9871
9520	64.4945
9530	74.4945
9540	58.0794
9550	68.0794
9560	59.9314
9570	53.1452
9580	63.1452
9590	73.1452
9600	60.3831
9610	48.3704
9620	58.3704
9630	68.3704
9640	57.3221
9650	67.3221
9660	54.5371
9670	64.5371
9680	74.5371
9690	68.0223
9700	78.0223
9710	63.8373
9720	73.8373
9730	57.0932
9740	67.0932
9750	61.4615
9760	71.4615
9770	62.0004
9780	72.0004
9790	82.0004
9800	65.3582
9810	51.3919
9820	61.3919
9830	71.3919
9840	61.0012
9850	71.0012
9860	58.1791
9870	68.1791
9880	61.3079
9890	71.3079
9900	81.3079
9910	67.3815
9920	54.5595
9930	64.5595
9940	74.5595
9950	66.9939
9960	76.9939
9970	68.0982
9980	78.0982
9990	88.0982
10000	67.6687
10010	53.7423
10020	63.7423
10030	73.7423
10040	59.2025
10050	69.2025
10060	56.3586
10070	66.3586
10080	58.7211
10090	68.7211
10100	78.7211
10110	65.0075
10120	51.9978
10130	61.9978
10140	71.9978
10150	64.7396
10160	74.7396
10170	67.7312
10180	77.7312
10190	60.7432
10200	70.7433
10210	57.2493
10220	67.2493
10230	58.5752
10240	68.5752
10250	78.5752
10260	61.6271
10270	71.6271
10280	61.068
10290	71.068
10300	81.068
10310	67.9864
10320	54.9728
10330	64.9728
10340	74.9728
10350	65.6439
10360	59.0233
10370	69.0233
10380	56.0821
10390	66.0821
10400	55.4224
10410	65.4224
10420	53.2502
10430	63.2502
10440	73.2502
10450	56.8634
10460	66.8634
10470	59.9176
10480	69.9176
10490	79.9176
10500	66.852
10510	54.4209
10520	64.4209
10530	74.4209
10540	65.7812
10550	75.7812
10560	67.498
10570	77.498
10580	61.4381
10590	71.4381
10600	58.5884
10610	68.5884
10620	59.0031
10630	69.0031
10640	79.0031
10650	62.6896
10660	72.6896
10670	62.7521
10680	72.7521
10690	82.7521
10700	70.1122
10710	57.4109
10720	67.4109
10730	77.4109
10740	66.0354
10750	76.0355
10760	67.9416
10770	77.9416
10780	61.5515
10790	71.5515
10800	59.1134
10810	69.1134
10820	56.3746
10830	66.3746
10840	76.3746
10850	59.717
10860	69.717
10870	61.4759
10880	71.4759
10890	61.4642
10900	71.4642
10910	58.4245
10920	68.4245
10930	62.3021
10940	72.3021
10950	62.9164
10960	72.9164
10970	59.7453
10980	69.7453
10990	57.8249
11000	67.8249
11010	55.7303
11020	65.7302
11030	52.3418
11040	62.3418
11050	72.3418
11060	66.1628
11070	76.1628
11080	66.5893
11090	76.5893
11100	59.198
11110	69.198
11120	61.4506
11130	71.4506
11140	63.1564
11150	73.1564
11160	83.1564
11170	65.8476
11180	53.9012
11190	63.9012
11200	73.9012
11210	61.953
11220	71.953
11230	58.6016
11240	68.6016
11250	78.6016
11260	66.9306
11270	76.9306
11280	64.8113
11290	74.8113
11300	57.3727
11310	67.3727
11320	61.8679
11330	71.8679
11340	62.7815
11350	72.7815
11360	59.1645
11370	69.1645
11380	57.3326
11390	67.3326
11400	57.7934
11410	67.7934
11420	54.1764
11430	64.1764
11440	58.8338
11450	68.8338
11460	78.8338
11470	69.5029
11480	79.5029
11490	61.7875
11500	71.7875
11510	53.5653
11520	63.5653
11530	55.7612
11540	65.7612
11550	75.7612
11560	58.24
11570	68.24
11580	61.9142
11590	71.9142
11600	81.9142
11610	70.271
11620	56.9786
11630	66.9786
11640	76.9786
11650	69.1117
11660	60.4395
11670	70.4395
11680	57.2234
11690	67.2234
11700	57.9866
11710	67.9866
11720	56.6422
11730	66.6422
11740	76.6422
11750	59.6702
11760	69.6702
11770	58.8836
11780	68.8836
11790	78.8836
11800	67.6359
11810	54.6056
11820	64.6056
11830	74.6056
11840	65.8734
11850	75.8734
11860	67.6633
11870	77.6633
11880	60.6956
11890	70.6956
11900	59.5389
11910	69.5389
11920	60.442
11930	70.442
11940	80.442
11950	63.3565
11960	73.3565
11970	63.0476
11980	73.0476
11990	64.2497
12000	74.2497
12010	61.1492
12020	71.1492
12030	50.0797
12040	60.0797
12050	52.9926
12060	62.9926
12070	57.1116
12080	67.1116
12090	77.1116
12100	59.6784
12110	48.9056
12120	58.9056
12130	54.3089
12140	64.3089
12150	74.3089
12160	60.6636
12170	70.6636
12180	63.3151
12190	73.3151
12200	65.6852
12210	75.6852
12220	62.9831
12230	72.9831
12240	51.6405
12250	61.6405
12260	52.7333
12270	62.7333
12280	56.6837
12290	66.6837
12300	76.6837
12310	59.2482
12320	48.8064
12330	58.8064
12340	68.8064
12350	63.6449
12360	73.6449
12370	60.3462
12380	70.3462
12390	62.5544
12400	72.5544
12410	82.5544
12420	71.8252
12430	58.6657
12440	68.6657
12450	78.6657
12460	67.3808
12470	77.3808
12480	67.3433
12490	77.3433
12500	87.3432
12510	66.4861
12520	76.4861
12530	63.8194
12540	73.8194
12550	83.8194
12560	64.4861
12570	51.3432
12580	61.3432
12590	54.1905
12600	64.1905
12610	74.1905
12620	64.9048
12630	74.9048
12640	67.0952
12650	77.0952
12660	87.0952
12670	74.0476
12680	60.8931
12690	70.8931
12700	60.9986
12710	70.9986
12720	80.9986
12730	69.1622
12740	79.1622
12750	61.9584
12760	71.9584
12770	81.9584
12780	69.3716
12790	79.3716
12800	62.2566
12810	72.2566
12820	55.0297
12830	65.0297
12840	57.2375
12850	67.2375
12860	62.8503
12870	72.8503
12880	59.3597
12890	50.6687
12900	60.6687
12910	70.6687
12920	58.1915
12930	68.1915
12940	54.723
12950	64.723
12960	74.723
12970	65.4624
12980	75.4624
12990	64.4567
13000	74.4567
13010	57.2047
13020	67.2047
13030	59.7553
13040	69.7553
13050	79.7553
13060	71.6227
13070	81.6227
13080	64.3628
13090	52.9427
13100	62.9427
13110	72.9427
13120	63.3831
13130	73.3831
13140	59.9886
13150	69.9886
13160	79.9886
13170	68.1492
13180	78.1492
13190	66.629
13200	76.629
13210	59.1682
13220	69.1682
13230	58.8652
13240	68.8652
13250	61.4904
13260	71.4904
13270	81.4904
13280	64.1179
13290	52.7337
13300	62.7337
13310	72.7337
13320	59.0673
13330	69.0673
13340	55.7083
13350	65.7083
13360	59.3285
13370	69.3285
13380	79.3285
13390	68.0615
13400	54.7049
13410	64.7049
13420	74.7049
13430	68.4139
13440	78.4139
13450	67.8635
13460	77.8635
13470	60.3983
13480	70.3983
13490	80.3983
13500	68.6943
13510	78.6943
13520	61.2239
13530	71.2239
13540	53.6006
13550	63.6006
13560	56.3303
13570	66.3303
13580	76.3304
13590	70.8287
13600	80.8287
13610	63.1707
13620	52.1825
13630	62.1825
13640	72.1825
13650	62.1594
13660	72.1594
13670	58.4261
13680	68.4261
13690	78.4261
13700	66.6302
13710	76.6302
13720	65.7551
13730	75.7551
13740	57.9726
13750	67.9726
13760	57.1397
13770	67.1397
13780	64.4952
13790	74.4952
13800	84.4952
13810	66.6191
13820	55.8263
13830	65.8263
13840	75.8263
13850	62.616
13860	72.616
13870	61.935
13880	71.935
13890	50.2064
13900	60.2064
13910	51.572
13920	61.572
13930	58.0722
13940	68.0722
13950	78.0722
13960	60.3189
13970	70.3189
13980	60.2748
13990	70.2748
14000	80.2748
14010	69.57
14020	55.7815
14030	65.7814
14040	75.7815
14050	67.9295
14060	59.5197
14070	69.5196
14080	55.8177
14090	65.8177
14100	75.8177
14110	65.6075
14120	75.6075
14130	60.5698
14140	70.5698
14150	53.0589
14160	63.0589
14170	54.1077
14180	64.1077
14190	74.1077
14200	64.4861
14210	57.7421
14220	67.7421
14230	77.7421
14240	67.3444
14250	77.3444
14260	63.8661
14270	73.8661
14280	83.8661
14290	71.8148
14300	81.8148
14310	70.9828
14320	57.5225
14330	67.5225
14340	77.5225
14350	67.2388
14360	77.2388
14370	66.7313
14380	76.7313
14390	86.7313
14400	65.3747
14410	54.8205
14420	64.8205
14430	74.8205
14440	63.2416
14450	73.2416
14460	59.6519
14470	69.6519
14480	61.7542
14490	71.7542
14500	81.7542
14510	69.6174
14520	79.6174
14530	62.0961
14540	72.0961
14550	53.386
14560	63.386
14570	58.3496
14580	68.3496
14590	54.6334
14600	64.6334
14610	74.6333
14620	67.3173
14630	77.3173
14640	68.8394
14650	78.8394
14660	61.331
14670	71.331
14680	61.9451
14690	71.9451
14700	81.9451
14710	70.0184
14720	80.0184
14730	62.55
14740	51.8749
14750	61.8749
14760	71.8749
14770	58.4572
14780	68.4572
14790	54.9021
14800	64.9021
14810	74.9021
14820	68.0298
14830	78.0298
14840	67.462
14850	53.8653
14860	63.8653
14870	73.8653
14880	66.4193
14890	76.4193
14900	68.1
14910	78.1
14920	88.1
14930	66.7212
14940	76.7212
14950	65.237
14960	75.237
14970	85.237
14980	66.1931
14990	52.5155
15000	62.5155
15010	72.5155
15020	60.4976
15030	70.4976
15040	60.7446
15050	70.7446
15060	64.8321
15070	74.832
15080	84.8321
15090	72.2269
15100	58.5
15110	68.5
15120	57.0045
15130	67.0045
15140	77.0045
15150	66.7736
15160	76.7736
15170	59.0593
15180	69.0593
15190	58.6512
15200	68.6512
15210	58.407
15220	68.407
15230	78.407
15240	60.7619
15250	70.7619
15260	63.7404
15270	73.7404
15280	83.7404
15290	73.0465
15300	59.3193
15310	69.3193
15320	79.3193
15330	68.8237
15340	59.5006
15350	69.5006
15360	55.6949
15370	65.6949
15380	75.6949
15390	65.698
15400	75.6979
15410	60.9514
15420	70.9514
15430	53.2693
15440	63.2693
15450	54.5018
15460	64.5018
15470	74.5018
15480	64.7437
15490	58.2921
15500	68.2921
15510	78.2921
15520	68.3832
15530	78.3832
15540	68.0582
15550	78.0582
15560	56.2851
15570	66.2851
15580	57.8644
15590	67.8644
15600	60.0728
15610	70.0728
15620	80.0728
15630	62.0728
15640	72.0728
15650	62.2939
15660	72.2939
15670	64.6442
15680	74.6442
15690	62.2164
15700	72.2164
15710	50.2722
15720	60.2722
15730	52.049
15740	62.049
15750	56.603
15760	66.603
15770	76.603
15780	58.6143
15790	48.3375
15800	58.3375
15810	54.1134
15820	64.1134
15830	74.1134
15840	60.0658
15850	70.0658
15860	63.042
15870	73.042
15880	83.042
15890	72.8608
15900	58.8792
15910	68.8792
15920	78.8792
15930	68.0665
15940	78.0665
15950	67.2272
15960	77.2272
15970	59.3366
15980	69.3366
15990	79.3366
16000	67.4897
16010	77.4897
16020	61.62
16030	71.62
16040	53.5797
16050	63.5797
16060	56.2068
16070	66.2068
16080	60.0828
16090	70.0828
16100	64.2679
16110	74.2679
16120	65.6744
16130	75.6744
16140	85.6744
16150	67.4156
16160	77.4156
16170	66.6745
16180	76.6745
16190	86.6745
16200	74.7273
16210	84.7273
16220	66.5525
16230	76.5525
16240	59.1592
16250	69.1592
16260	57.6979
16270	67.6979
16280	77.6979
16290	59.4162
16300	69.4162
16310	61.6068
16320	71.6068
16330	63.9936
16340	73.9936
16350	59.7671
16360	69.7671
16370	60.7693
16380	70.7693
16390	61.1293
16400	71.1293
16410	81.1293
16420	62.8925
16430	53.2905
16440	63.2905
16450	73.2905
16460	61.9151
16470	71.9151
16480	57.7798
16490	67.7798
16500	77.7798
16510	69.7279
16520	79.7279
16530	70.179
16540	80.179
16550	62.0211
16560	72.0211
16570	62.7933
16580	72.7933
16590	62.1123
16600	72.1123
16610	57.9551
16620	50.4194
16630	60.4194
16640	70.4194
16650	59.1938
16660	69.1938
16670	54.9326
16680	64.9326
16690	74.9326
16700	65.1775
16710	75.1775
16720	65.8544
16730	75.8544
16740	57.4677
16750	67.4677
16760	60.7604
16770	70.7604
16780	80.7604
16790	71.8552
16800	81.8552
16810	63.4972
16820	54.3435
16830	64.3435
16840	74.3435
16850	63.6181
16860	73.6181
16870	59.3178
16880	69.3178
16890	79.3178
16900	68.0122
16910	61.0628
16920	71.0628
16930	81.0628
16940	62.7935
16950	48.1556
16960	58.1556
16970	50.1116
16980	60.1116
16990	70.1116
17000	55.9738
17010	65.9738
17020	57.6958
17030	67.6958
17040	77.6958
17050	68.5234
17060	54.4713
17070	64.4713
17080	57.5239
17090	67.5239
17100	77.5239
17110	71.6016
17120	81.6016
17130	63.5418
17140	73.5418
17150	83.5418
17160	72.3611
17170	82.3611
17180	67.3481
17190	77.3481
17200	59.2477
17210	69.2477
17220	54.0384
17230	64.0384
17240	57.9954
17250	67.9954
17260	62.4251
17270	72.4251
17280	64.3875
17290	74.3875
17300	84.3875
17310	66.3875
17320	76.3875
17330	67.5771
17340	77.5771
17350	68.6822
17360	78.6822
17370	88.6822
17380	70.6822
17390	55.1464
17400	65.1464
17410	75.1464
17420	64.1464
17430	74.1464
17440	62.1116
17450	72.1116
17460	82.1116
17470	56.228
17480	48.6239
17490	58.6239
17500	55.9182
17510	65.9182
17520	75.9182
17530	62.1656
17540	72.1656
17550	62.527
17560	72.527
17570	64.857
17580	74.857
17590	63.5158
17600	73.5158
17610	51.9515
17620	61.9515
17630	52.5235
17640	62.5235
17650	56.9123
17660	66.9123
17670	76.9123
17680	59.2418
17690	50.0335
17700	60.0335
17710	70.0335
17720	63.8476
17730	73.8476
17740	60.0976
17750	70.0976
17760	62.897
17770	72.897
17780	66.0573
17790	76.0573
17800	62.3073
17810	72.3073
17820	57.4809
17830	67.4809
17840	55.6944
17850	65.6944
17860	51.9444
17870	61.9444
17880	71.9444
17890	61.6319
17900	71.6319
17910	61.8403
17920	71.8403
17930	60.8333
17940	70.8333
17950	64.0625
17960	74.0625
17970	84.0625
17980	66.4276
17990	76.4276
18000	68.7589
18010	78.7589
18020	68.3513
18030	78.3513
18040	67.6228
18050	77.6228
18060	56.2457
18070	66.2457
18080	47.2857
18090	57.2857
18100	54.7414
18110	64.7414
18120	74.7414
18130	57.1451
18140	67.1451
18150	62.7947
18160	72.7947
18170	65.3681
18180	75.3681
18190	61.7668
18200	71.7668
18210	64.3682
18220	74.3682
18230	64.0779
18240	74.0779
18250	62.678
18260	72.678
18270	51.2336
18280	61.2336
18290	48.0668
18300	46.31
18310	56.31
18320	66.31
18330	60.7626
18340	70.7626
18350	61.0922
18360	71.0922
18370	81.0922
18380	74.7642
18390	84.7642
18400	73.6472
18410	59.962
18420	69.962
18430	79.962
18440	70.1574
18450	80.1574
18460	69.0946
18470	79.0946
18480	89.0946
18490	67.3299
18500	77.3299
18510	59.5557
18520	69.5557
18530	79.5557
18540	62.8653
18550	48.8753
18560	58.8753
18570	55.5335
18580	65.5335
18590	60.0224
18600	70.0224
18610	56.0888
18620	66.0888
18630	76.0888
18640	66.1527
18650	76.1527
18660	63.1332
18670	73.1332
18680	55.1868
18690	65.1868
18700	55.2591
18710	65.2591
18720	61.9377
18730	71.9377
18740	81.9377
18750	63.9523
18760	54.8267
18770	64.8267
18780	74.8267
18790	61.588
18800	71.588
18810	57.509
18820	67.509
18830	77.509
18840	68.7968
18850	78.7968
18860	69.7179
18870	55.6416
18880	65.6416
18890	75.6416
18900	67.2923
18910	77.2923
18920	67.0495
18930	77.0495
18940	59.0639
18950	69.0639
18960	79.0639
18970	66.8892
18980	76.8892
18990	62.0083
19000	72.0083
19010	54.0391
19020	64.0391
19030	56.8056
19040	66.8056
19050	76.8056
19060	70.6136
19070	80.6136
19080	62.568
19090	72.568
19100	61.4526
19110	71.4526
19120	62.2685
19130	72.2685
19140	58.3263
19150	68.3263
19160	78.3263
19170	66.3503
19180	58.9666
19190	68.9666
19200	78.9666
19210	61.132
19220	48.4111
19230	58.4111
19240	49.9849
19250	59.9849
19260	69.9849
19270	56.0348
19280	66.0348
19290	57.2323
19300	67.2323
19310	77.2323
19320	68.4083
19330	54.514
19340	64.514
19350	74.514
19360	68.4022
19370	78.4022
19380	71.1681
19390	81.1681
19400	63.3018
19410	73.3019
19420	83.3018
19430	71.4715
19440	81.4715
19450	66.9717
19460	76.9717
19470	59.0775
19480	69.0775
19490	52.9695
19500	62.9695
19510	57.0704
19520	67.0704
19530	77.0704
19540	69.8162
19550	79.8162
19560	68.8964
19570	78.8964
19580	61.1431
19590	71.1431
19600	62.3849
19610	72.3849
19620	82.3849
19630	74.4765
19640	84.4765
19650	66.7407
19660	76.7407
19670	65.6401
19680	75.6401
19690	62.0551
19700	72.0551
19710	59.2203
19720	69.2203
19730	79.2203
19740	53.534
19750	48.248
19760	58.248
19770	68.248
19780	62.7575
19790	72.7575
19800	58.945
19810	68.945
19820	78.945
19830	67.0694
19840	77.0694
19850	67.9086
19860	77.9086
19870	60.2002
19880	70.2002
19890	61.6676
19900	53.943
19910	63.943
19920	73.943
19930	60.1034
19940	52.7604
19950	62.7604
19960	72.7604
19970	61.0148
19980	71.0148
19990	57.2291
20000	67.2291
20010	77.2291
20020	66.0905
20030	76.0905
20040	66.8954
20050	76.8954
20060	59.1555
20070	69.1555
20080	59.7288
20090	69.7288
20100	59.605
20110	69.605
20120	79.605
20130	61.8334
20140	52.6543
20150	62.6543
20160	72.6543
20170	65.1041
20180	75.1041
20190	61.1893
20200	71.1893
20210	64.1667
20220	74.1667
20230	64.1244
20240	74.1244
20250	60.1513
20260	70.1513
20270	55.2715
20280	65.2715
20290	53.9396
20300	63.9396
20310	73.9396
20320	56.0778
20330	66.0778
20340	58.959
20350	68.959
20360	78.959
20370	69.7328
20380	55.7694
20390	65.7694
20400	75.7694
20410	68.0458
20420	78.0458
20430	71.351
20440	81.351
20450	63.4784
20460	73.4784
20470	83.4784
20480	71.7713
20490	81.7713
20500	66.8747
20510	76.8747
20520	59.1681
20530	69.1681
20540	53.743
20550	63.7429
20560	60.1626
20570	70.1626
20580	80.1626
20590	62.4675
20600	53.22
20610	63.22
20620	73.22
20630	59.7766
20640	69.7766
20650	55.9928
20660	65.9928
20670	75.9928
20680	70.1863
20690	80.1863
20700	70.989
20710	57.2622
20720	67.2622
20730	77.2622
20740	66.8731
20750	76.8731
20760	66.3602
20770	76.3602
20780	58.66
20790	68.66
20800	78.66
20810	66.2281
20820	76.2281
20830	61.1422
20840	71.1422
20850	53.3228
20860	63.3228
20870	56.0193
20880	66.0192
20890	76.0192
20900	69.8773
20910	79.8773
20920	61.911
20930	71.911
20940	60.7865
20950	70.7865
20960	63.342
20970	73.342
20980	59.3209
20990	69.3209
21000	79.3209
21010	67.1798
21020	58.6053
21030	68.6053
21040	78.6053
21050	60.4227
21060	47.5576
21070	57.5576
21080	49.605
21090	59.605
21100	69.6049
21110	55.3944
21120	65.3944
21130	56.4443
21140	66.4443
21150	76.4443
21160	67.4484
21170	53.1892
21180	63.1892
21190	73.1892
21200	67.4145
21210	77.4145
21220	71.4544
21230	81.4544
21240	63.03
21250	73.03
21260	83.03
21270	71.0202
21280	81.0202
21290	66.4506
21300	76.4506
21310	57.8643
21320	67.8643
21330	53.1259
21340	63.1259
21350	56.7234
21360	66.7234
21370	76.7234
21380	69.534
21390	79.534
21400	68.8283
21410	78.8283
21420	60.1366
21430	70.1366
21440	59.2953
21450	69.2953
21460	79.2953
21470	74.113
21480	84.113
21490	65.4674
21500	75.4674
21510	64.5507
21520	74.5507
21530	61.2171
21540	71.2171
21550	59.6583
21560	69.6583
21570	79.6583
21580	52.7325
21590	47.5122
21600	57.5122
21610	67.5122
21620	62.0081
21630	72.0081
21640	57.4865
21650	67.4865
21660	77.4865
21670	65.5908
21680	75.5908
21690	66.3434
21700	76.3434
21710	57.6502
21720	67.6502
21730	60.2294
21740	54.0419
21750	64.0419
21760	74.0419
21770	59.3444
21780	52.0296
21790	62.0296
21800	72.0296
21810	60.2531
21820	70.2531
21830	55.5515
21840	65.5515
21850	75.5515
21860	65.1837
21870	75.1837
21880	65.7744
21890	75.7744
21900	56.9857
21910	66.9856
21920	58.7692
21930	68.7693
21940	58.6284
21950	68.6284
21960	78.6284
21970	59.8397
21980	50.4052
21990	60.4052
22000	70.4052
22010	64.4353
22020	74.4353
22030	59.7334
22040	69.7334
22050	62.7584
22060	72.7584
22070	65.0627
22080	75.0627
22090	60.2731
22100	70.2731
22110	55.1918
22120	65.1918
22130	54.7739
22140	64.7739
22150	74.7739
22160	55.964
22170	65.964
22180	55.8521
22190	65.8521
22200	75.8521
22210	66.5847
22220	51.9782
22230	61.9782
22240	71.9782
22250	66.998
22260	76.998
22270	71.3711
22280	81.3711
22290	62.6383
22300	72.6383
22310	82.6383
22320	71.0106
22330	81.0106
22340	65.9364
22350	75.9364
22360	57.189
22370	67.189
22380	52.5829
22390	62.5829
22400	56.0993
22410	66.0993
22420	76.0993
22430	69.1631
22440	79.1631
22450	68.0035
22460	78.0035
22470	59.1444
22480	69.1444
22490	59.3476
22500	69.3476
22510	79.3476
22520	74.2338
22530	84.2338
22540	65.2679
22550	56.1096
22560	66.1096
22570	76.1096
22580	63.1284
22590	73.1284
22600	61.451
22610	71.451
22620	48.2666
22630	58.2666
22640	51.1304
22650	61.1304
22660	57.24
22670	67.24
22680	77.24
22690	58.0481
22700	68.0481
22710	58.298
22720	68.298
22730	78.298
22740	69.238
22750	54.2549
22760	64.2549
22770	74.2549
22780	66.7063
22790	59.8734
22800	69.8734
22810	79.8734
22820	60.7383
22830	70.7383
22840	61.0687
22850	71.0687
22860	81.0687
22870	66.1461
22880	51.0787
22890	61.0787
22900	71.0787
22910	60.8261
22920	70.8261
22930	59.8583
22940	69.8583
22950	63.3701
22960	73.3701
22970	83.3701
22980	72.2807
22990	82.2807
23000	62.9258
23010	72.9258
23020	54.2942
23030	64.2942
23040	58.8172
23050	68.8172
23060	53.6559
23070	63.6559
23080	73.6559
23090	67.1113
23100	77.1113
23110	66.1271
23120	76.1271
23130	65.1958
23140	75.1958
23150	65.8805
23160	75.8805
23170	85.8805
23180	66.5604
23190	76.5605
23200	62.4532
23210	72.4532
23220	62.7657
23230	72.7657
23240	82.7657
23250	63.4968
23260	48.839
23270	58.839
23280	68.839
23290	62.9193
23300	72.9193
23310	57.9264
23320	67.9264
23330	61.0549
23340	71.0549
23350	81.0549
23360	72.0212
23370	57.0081
23380	67.0081
23390	77.0081
23400	66.8482
23410	76.8482
23420	65.8859
23430	75.8859
23440	85.8859
23450	62.535
23460	72.535
23470	61.1102
23480	71.1102
23490	81.1102
23500	64.5239
23510	49.4647
23520	59.4647
23530	54.2731
23540	64.2731
23550	74.2731
23560	63.3261
23570	73.3261
23580	66.5474
23590	76.5474
23600	86.5474
23610	75.7386
23620	60.5418
23630	70.5418
23640	59.7088
23650	69.7088
23660	79.7088
23670	67.6924
23680	77.6924
23690	58.2961
23700	68.2961
23710	78.2961
23720	66.9838
23730	76.9838
23740	62.4168
23750	72.4168
23760	53.0205
23770	63.0205
23780	57.2703
23790	67.2703
23800	62.1547
23810	72.1547
23820	56.9908
23830	50.0027
23840	60.0027
23850	70.0027
23860	58.6807
23870	68.6807
23880	53.5902
23890	63.5902
23900	73.5902
23910	64.106
23920	74.106
23930	65.2224
23940	75.2224
23950	56.0416
23960	66.0416
23970	59.1009
23980	69.101
23990	79.101
24000	70.3278
24010	80.3278
24020	61.2283
24030	52.2544
24040	62.2544
24050	72.2544
24060	64.0474
24070	74.0474
24080	59.0901
24090	69.0901
24100	79.0901
24110	67.3531
24120	60.4842
24130	70.4842
24140	80.4842
24150	61.3582
24160	46.9185
24170	56.9185
24180	49.5956
24190	59.5956
24200	69.5956
24210	54.6905
24220	64.6905
24230	55.8849
24240	65.8849
24250	75.8849
24260	67.199
24270	52.3439
24280	62.3439
24290	57.5986
24300	67.5986
24310	77.5986
24320	71.5981
24330	81.5981
24340	62.6832
24350	72.6832
24360	82.6832
24370	70.4337
24380	80.4337
24390	66.2576
24400	76.2576
24410	57.3534
24420	67.3534
24430	53.1326
24440	63.1326
24450	56.5844
24460	66.5844
24470	76.5844
24480	68.9927
24490	78.9927
24500	68.612
24510	78.612
24520	59.6526
24530	69.6526
24540	61.7713
24550	71.7713
24560	81.7713
24570	73.9848
24580	83.9848
24590	65.0254
24600	75.0254
24610	64.2386
24620	74.2386
24630	84.2386
24640	68.307
24650	53.4461
24660	63.4461
24670	73.4461
24680	59.3481
24690	69.3481
24700	58.583
24710	68.583
24720	78.583
24730	69.4727
24740	79.4727
24750	69.1854
24760	79.1854
24770	60.1138
24780	70.1138
24790	59.9186
24800	69.9186
24810	64.463
24820	74.463
24830	84.463
24840	65.4544
24850	75.4544
24860	64.6849
24870	74.6849
24880	84.6849
24890	68.8264
24900	53.9885
24910	63.9885
24920	51.1762
24930	61.1762
24940	71.1762
24950	60.5181
24960	70.5181
24970	62.9854
24980	72.9854
24990	82.9854
25000	72.5305
25010	57.7709
25020	67.7709
25030	77.7709
25040	67.7354
25050	77.7354
25060	70.7758
25070	80.7758
25080	61.8639
25090	71.8639
25100	81.8639
25110	69.7574
25120	79.7574
25130	65.7379
25140	75.7379
25150	56.8304
25160	66.8304
25170	53.1927
25180	63.1927
25190	56.668
25200	66.668
25210	76.668
25220	69.4184
25230	79.4184
25240	69.227
25250	79.2269
25260	60.334
25270	70.334
25280	60.9209
25290	70.9209
25300	80.9209
25310	73.4126
25320	83.4126
25330	64.595
25340	74.595
25350	84.595
25360	72.4516
25370	82.4516
25380	66.5917
25390	76.5917
25400	57.8781
25410	67.8781
25420	54.1383
25430	64.1383
25440	61.318
25450	71.318
25460	81.318
25470	62.6657
25480	72.6657
25490	62.1298
25500	72.1298
25510	82.1298
25520	65.7716
25530	51.1876
25540	61.1876
25550	54.354
25560	64.354
25570	74.354
25580	63.8012
25590	73.8012
25600	66.891
25610	76.891
25620	66.2648
25630	76.2648
25640	86.2648
25650	67.5622
25660	51.1395
25670	61.1395
25680	71.1395
25690	61.3389
25700	71.3389
25710	56.7675
25720	66.7675
25730	76.7675
25740	67.8957
25750	77.8957
25760	68.848
25770	78.848
25780	60.1882
25790	70.1882
25800	61.6007
25810	71.6007
25820	62.363
25830	72.3631
25840	57.8093
25850	67.8093
25860	59.0029
25870	69.0029
25880	79.0029
25890	64.3295
25900	49.7323
25910	59.7323
25920	69.7323
25930	60.9266
25940	70.9266
25950	60.4243
25960	70.4243
25970	80.4243
25980	71.6868
25990	81.6868
26000	70.7444
26010	80.7444
26020	62.0096
26030	72.0096
26040	59.8768
26050	69.8768
26060	62.299
26070	72.299
26080	57.6471
26090	67.6471
26100	58.5124
26110	68.5124
26120	56.8083
26130	66.8083
26140	76.8083
26150	58.1114
26160	68.1114
26170	59.2388
26180	69.2388
26190	79.2388
26200	70.1066
26210	55.5198
26220	65.5198
26230	58.2142
26240	68.2142
26250	78.2142
26260	66.2147
26270	76.2147
26280	57.5987
26290	67.5987
26300	58.4131
26310	68.4131
26320	59.6524
26330	69.6524
26340	55.1767
26350	65.1767
26360	75.1767
26370	67.7258
26380	61.193
26390	71.193
26400	81.193
26410	62.6446
26420	49.4214
26430	59.4214
26440	69.4214
26450	59.6246
26460	69.6246
26470	55.1321
26480	65.1321
26490	55.9484
26500	65.9484
26510	75.9484
26520	66.7193
26530	52.2021
26540	62.2021
26550	72.2021
26560	64.9483
26570	74.9483
26580	64.4647
26590	74.4647
26600	67.3489
26610	77.3489
26620	66.605
26630	76.605
26640	63.6563
26650	73.6563
26660	50.8277
26670	60.8277
26680	50.2469
26690	60.2469
26700	70.2469
26710	59.6586
26720	69.6586
26730	62.2256
26740	72.2256
26750	82.2256
26760	69.4141
26770	54.7083
26780	64.7083
26790	58.0041
26800	68.0041
26810	78.0041
26820	71.0806
26830	81.0806
26840	62.3683
26850	72.3683
26860	82.3683
26870	70.0579
26880	80.0579
26890	65.4462
26900	75.4462
26910	56.7488
26920	66.7488
26930	54.1973
26940	64.1973
26950	57.7847
26960	67.7847
26970	77.7847
26980	70.0806
26990	80.0806
27000	69.3698
27010	79.3698
27020	60.6906
27030	70.6906
27040	62.1733
27050	72.1733
27060	63.8744
27070	73.8744
27080	83.8744
27090	65.14
27100	75.14
27110	64.2488
27120	74.2488
27130	84.2488
27140	68.0218
27150	53.4312
27160	63.4312
27170	73.4312
27180	60.6284
27190	70.6284
27200	60.0729
27210	70.0729
27220	62.4671
27230	72.4671
27240	82.4671
27250	71.9643
27260	57.2776
27270	67.2776
27280	77.2776
27290	68.4657
27300	78.4657
27310	69.5936
27320	79.5936
27330	89.5936
27340	66.6732
27350	76.6732
27360	64.3723
27370	74.3723
27380	84.3723
27390	68.3269
27400	53.691
27410	63.691
27420	51.353
27430	61.353
27440	71.353
27450	60.8617
27460	70.8617
27470	63.3543
27480	73.3543
27490	83.3543
27500	72.8146
27510	58.2042
27520	68.2042
27530	60.2399
27540	70.2399
27550	80.2399
27560	71.548
27570	81.5481
27580	62.7348
27590	72.7348
27600	82.7348
27610	70.374
27620	80.374
27630	66.2229
27640	76.223
27650	57.3661
27660	67.3661
27670	53.852
27680	63.852
27690	57.3687
27700	67.3687
27710	77.3687
27720	69.8855
27730	79.8855
27740	69.5393
27750	79.5393
27760	60.6236
27770	70.6236
27780	61.7554
27790	71.7554
27800	64.003
27810	74.003
27820	84.003
27830	65.0142
27840	75.0142
27850	64.2609
27860	74.2609
27870	84.2609
27880	68.5409
27890	53.7061
27900	63.7061
27910	73.7061
27920	60.4503
27930	70.4503
27940	59.8003
27950	69.8003
27960	79.8003
27970	70.7232
27980	80.7233
27990	70.6709
28000	80.6709
28010	61.6977
28020	71.6977
28030	62.3173
28040	72.3173
28050	63.6691
28060	73.6691
28070	83.6691
28080	64.652
28090	74.652
28100	64.0948
28110	74.0948
28120	84.0948
28130	68.6821
28140	53.7998
28150	63.7998
28160	51.7541
28170	61.7541
28180	71.7541
28190	61.0094
28200	71.0094
28210	63.4722
28220	73.4722
28230	83.4722
28240	73.5924
28250	58.6887
28260	68.6887
28270	78.6887
28280	68.9999
28290	78.9999
28300	70.3904
28310	80.3904
28320	61.2794
28330	71.2794
28340	81.2794
28350	69.0172
28360	79.0172
28370	65.6525
28380	75.6525
28390	56.5483
28400	66.5483
28410	53.3973
28420	63.3973
28430	56.8564
28440	66.8564
28450	76.8564
28460	69.1518
28470	79.1518
28480	69.5186
28490	79.5186
28500	60.6087
28510	70.6087
28520	61.6691
28530	71.6691
28540	81.6691
28550	72.9588
28560	82.9588
28570	64.0023
28580	74.0023
28590	84.0023
28600	71.4324
28610	81.4324
28620	66.5325
28630	76.5325
28640	57.4633
28650	67.4633
28660	54.4426
28670	52.5308
28680	62.5308
28690	72.5308
28700	57.6039
28710	67.6039
28720	58.3277
28730	68.3277
28740	78.3277
28750	65.2161
28760	50.3119
28770	60.3119
28780	70.312
28790	62.3142
28800	72.3142
28810	61.5067
28820	71.5067
28830	81.5067
28840	72.3707
28850	82.3707
28860	72.7969
28870	82.7969
28880	63.5844
28890	73.5844
28900	61.697
28910	52.3819
28920	62.3819
28930	72.3819
28940	57.2685
28950	67.2685
28960	58.211
28970	68.211
28980	78.211
28990	65.1712
29000	50.1024
29010	60.1024
29020	70.1024
29030	62.1229
29040	72.1229
29050	61.2213
29060	71.2213
29070	81.2213
29080	72.2687
29090	82.2687
29100	72.892
29110	82.892
29120	63.5512
29130	73.5512
29140	61.5941
29150	71.5941
29160	61.6036
29170	71.6036
29180	56.3792
29190	66.3792
29200	57.5117
29210	67.5117
29220	77.5117
29230	64.6911
29240	49.4683
29250	59.4683
29260	69.4683
29270	61.3332
29280	71.3332
29290	60.3556
29300	70.3556
29310	80.3556
29320	71.5301
29330	81.5301
29340	71.9908
29350	81.9908
29360	62.6625
29370	72.6625
29380	60.6676
29390	70.6676
29400	61.6151
29410	71.6151
29420	56.4224
29430	66.4224
29440	57.6695
29450	67.6695
29460	77.6695
29470	64.4599
29480	49.2681
29490	59.2681
29500	69.2681
29510	61.2429
29520	71.2429
29530	60.2915
29540	70.2915
29550	80.2915
29560	71.5525
29570	81.5525
29580	71.9799
29590	81.9799
29600	62.6378
29610	72.6378
29620	60.752
29630	70.752
29640	61.435
29650	71.4351
29660	56.355
29670	66.355
29680	76.355
29690	66.0447
29700	76.0447
29710	62.9412
29720	72.9412
29730	53.7695
29740	63.7695
29750	55.9771
29760	65.9771
29770	62.0239
29780	72.0239
29790	82.0239
29800	62.7936
29810	72.7936
29820	62.6481
29830	72.6481
29840	82.6481
29850	67.9267
29860	52.8814
29870	62.8814
29880	52.6297
29890	62.6297
29900	72.6297
29910	61.7615
29920	71.7615
29930	64.8125
29940	74.8125
29950	84.8125
29960	75.4876
29970	60.3954
29980	70.3954
29990	80.3954
30000	69.0412
30010	79.0412
30020	69.3025
30030	79.3026
30040	59.9385
30050	69.9385
30060	79.9385
30070	68.4439
30080	78.4439
30090	65.6954
30100	75.6954
30110	56.3178
30120	66.3178
30130	54.6819
30140	64.6819
30150	60.8538
30160	70.8538
30170	55.7503
30180	65.7503
30190	57.2241
30200	67.2241
30210	77.2241
30220	64.4548
30230	49.3767
30240	59.3767
30250	69.3767
30260	61.6425
30270	71.6425
30280	60.753
30290	70.753
30300	80.753
30310	72.2497
30320	82.2497
30330	72.917
30340	82.917
30350	63.7414
30360	73.7414
30370	63.14
30380	73.14
30390	60.9074
30400	70.9074
30410	55.9269
30420	65.9269
30430	75.9269
30440	65.9437
30450	75.9436
30460	62.9281
30470	72.9281
30480	53.7841
30490	63.7841
30500	56.0311
30510	66.0311
30520	76.0311
30530	65.2463
30540	75.2463
30550	68.286
30560	78.286
30570	88.286
30580	77.0639
30590	62.2282
30600	72.2282
30610	61.7331
30620	71.7331
30630	59.377
30640	69.377
30650	54.6108
30660	64.6108
30670	74.6108
30680	64.3131
30690	74.3131
30700	63.041
30710	73.041
30720	54.1932
30730	64.1932
30740	56.0596
30750	66.0596
30760	76.0596
30770	65.4807
30780	75.4807
30790	68.2188
30800	78.2188
30810	88.2188
30820	76.9672
30830	62.2692
30840	72.2692
30850	61.614
30860	71.614
30870	59.6894
30880	69.6894
30890	54.9566
30900	64.9566
30910	74.9566
30920	64.6098
30930	74.6098
30940	63.3164
30950	73.3164
30960	54.4245
30970	64.4245
30980	56.1011
30990	66.1011
31000	76.1011
31010	71.1573
31020	81.1572
31030	62.1815
31040	72.1815
31050	61.8919
31060	71.8919
31070	81.8919
31080	67.1216
31090	52.2546
31100	62.2546
31110	72.2546
31120	61.3162
31130	71.3162
31140	60.5527
31150	70.5527
31160	63.4212
31170	73.4212
31180	83.4212
31190	73.9768
31200	59.0637
31210	69.0637
31220	79.0637
31230	68.6045
31240	78.6045
31250	68.1077
31260	78.1078
31270	88.1077
31280	64.9777
31290	74.9777
31300	63.2608
31310	73.2608
31320	83.2608
31330	68.1715
31340	53.3696
31350	63.3696
31360	53.3998
31370	63.3998
31380	73.3998
31390	62.6842
31400	72.6841
31410	66.0485
31420	76.0485
31430	65.909
31440	75.909
31450	85.909
31460	66.9569
31470	51.934
31480	61.934
31490	71.934
31500	62.6994
31510	72.6993
31520	57.829
31530	67.829
31540	77.829
31550	69.1367
31560	79.1367
31570	71.7846
31580	81.7846
31590	62.7943
31600	72.7943
31610	57.8772
31620	67.8772
31630	57.4843
31640	67.4843
31650	52.5871
31660	62.5871
31670	72.5871
31680	62.4102
31690	72.4102
31700	61.6625
31710	71.6625
31720	62.1318
31730	72.1318
31740	63.7269
31750	73.7269
31760	83.7269
31770	64.619
31780	74.619
31790	66.5357
31800	76.5357
31810	86.5357
31820	74.8467
31830	84.8467
31840	65.7189
31850	75.7189
31860	60.8635
31870	70.8635
31880	57.547
31890	67.547
31900	52.5526
31910	62.5526
31920	72.5526
31930	65.5915
31940	75.5915
31950	64.7195
31960	74.7195
31970	65.1184
31980	75.1184
31990	66.0566
32000	76.0566
32010	86.0566
32020	66.8153
32030	76.8153
32040	66.3875
32050	76.3875
32060	66.3858
32070	76.3858
32080	86.3858
32090	67.1034
32100	53.9395
32110	63.9395
32120	73.9395
32130	60.7822
32140	70.7822
32150	55.6767
32160	65.6767
32170	58.8135
32180	68.8135
32190	78.8135
32200	70.9185
32210	55.7605
32220	65.7605
32230	75.7605
32240	66.8268
32250	76.8268
32260	68.9629
32270	78.963
32280	59.5707
32290	69.5707
32300	79.5707
32310	68.1719
32320	78.1719
32330	64.9609
32340	74.9609
32350	55.5089
32360	65.5089
32370	53.4151
32380	63.4151
32390	73.4151
32400	62.3238
32410	72.3238
32420	65.5578
32430	75.5578
32440	85.5578
32450	74.1905
32460	58.8694
32470	68.8694
32480	78.8694
32490	70.0381
32500	80.0381
32510	69.8349
32520	79.8349
32530	60.2936
32540	70.2936
32550	80.2936
32560	68.9725
32570	78.9725
32580	65.8349
32590	75.8349
32600	56.2936
32610	66.2936
32620	53.3578
32630	63.3578
32640	56.4771
32650	66.4771
32660	76.4771
32670	69.7348
32680	79.7348
32690	70.1121
32700	80.1121
32710	60.5543
32720	70.5542
32730	62.5224
32740	72.5224
32750	82.5224
32760	72.3771
32770	82.3771
32780	62.7495
32790	72.7495
32800	63.0281
32810	73.0281
32820	83.0281
32830	67.9965
32840	52.6361
32850	62.6361
32860	72.6361
32870	59.8284
32880	69.8284
32890	58.7234
32900	68.7234
32910	61.8085
32920	71.8085
32930	81.8085
32940	72.1135
32950	56.7731
32960	66.7731
32970	76.773
32980	68.1785
32990	78.1785
33000	68.9846
33010	78.9846
33020	88.9845
33030	65.1705
33040	75.1705
33050	63.5068
33060	73.5068
33070	83.5068
33080	68.6067
33090	53.2252
33100	63.2252
33110	51.4625
33120	61.4625
33130	71.4625
33140	60.2639
33150	70.2639
33160	63.3465
33170	73.3465
33180	83.3465
33190	73.8409
33200	58.4724
33210	68.4724
33220	60.6608
33230	70.6608
33240	80.6608
33250	70.8965
33260	80.8965
33270	61.3442
33280	71.3442
33290	81.3442
33300	69.9985
33310	79.9985
33320	66.9667
33330	76.9667
33340	57.3561
33350	67.3561
33360	54.0593
33370	64.0593
33380	57.1539
33390	67.1539
33400	77.1539
33410	70.3615
33420	80.3615
33430	70.9299
33440	80.9299
33450	61.4237
33460	71.4237
33470	61.0931
33480	71.0931
33490	63.4954
33500	73.4954
33510	83.4954
33520	63.9966
33530	73.9966
33540	64.0786
33550	74.0786
33560	84.0786
33570	69.3147
33580	54.0898
33590	64.0898
33600	74.0898
33610	60.6026
33620	70.6026
33630	59.6236
33640	69.6236
33650	79.6236
33660	71.3644
33670	81.3644
33680	71.749
33690	81.749
33700	62.3755
33710	72.3755
33720	62.2408
33730	72.2408
33740	63.5502
33750	73.5502
33760	83.5502
33770	64.1738
33780	74.1738
33790	64.3965
33800	74.3965
33810	84.3965
33820	69.3132
33830	54.1865
33840	64.1865
33850	51.606
33860	61.606
33870	71.606
33880	60.6697
33890	70.6697
33900	63.8708
33910	73.8708
33920	83.8708
33930	74.2266
33940	59.0823
33950	69.0823
33960	79.0823
33970	68.8312
33980	78.8312
33990	70.163
34000	80.163
34010	60.8452
34020	70.8452
34030	80.8452
34040	69.3402
34050	79.3403
34060	66.2301
34070	76.2301
34080	56.8705
34090	66.8705
34100	53.5504
34110	63.5504
34120	56.7517
34130	66.7517
34140	76.7517
34150	69.8994
34160	79.8994
34170	70.4052
34180	80.4052
34190	60.9991
34200	70.9991
34210	61.4987
34220	71.4987
34230	81.4987
34240	72.5816
34250	82.5816
34260	63.1922
34270	73.1922
34280	83.1921
34290	71.7165
34300	81.7165
34310	67.009
34320	77.009
34330	57.6426
34340	67.6426
34350	54.4904
34360	52.1634
34370	62.1634
34380	72.1634
34390	56.9376
34400	66.9376
34410	58.4642
34420	68.4642
34430	78.4642
34440	65.5678
34450	50.337
34460	60.337
34470	70.337
34480	62.2735
34490	72.2735
34500	61.2479
34510	71.2479
34520	81.2479
34530	72.7963
34540	82.7963
34550	74.347
34560	84.347
34570	64.8951
34580	74.8951
34590	58.3977
34600	68.3977
34610	57.9125
34620	67.9125
34630	52.6655
34640	62.6655
34650	72.6655
34660	62.7337
34670	72.7337
34680	61.6945
34690	71.6945
34700	62.2056
34710	72.2056
34720	64.2078
34730	74.2078
34740	84.2078
34750	64.753
34760	74.753
34770	64.5164
34780	74.5164
34790	64.5928
34800	74.5928
34810	84.5928
34820	65.0769
34830	52.0668
34840	62.0668
34850	72.0668
34860	61.5941
34870	71.5941
34880	56.2745
34890	66.2745
34900	76.2745
34910	67.9492
34920	77.9492
34930	70.322
34940	80.322
34950	60.7797
34960	70.7797
34970	62.1031
34980	72.1031
34990	61.9492
35000	71.9492
35010	81.9491
35020	62.4068
35030	72.4068
35040	62.5763
35050	72.5763
35060	82.5763
35070	67.9096
35080	52.6289
35090	62.6289
35100	52.7105
35110	62.7105
35120	72.7105
35130	61.6914
35140	71.6914
35150	64.972
35160	74.972
35170	84.972
35180	75.6672
35190	60.4754
35200	70.4754
35210	80.4754
35220	69.2131
35230	79.2131
35240	68.6165
35250	78.6165
35260	59.2815
35270	69.2815
35280	79.2815
35290	68.0706
35300	78.0706
35310	65.0183
35320	75.0183
35330	55.693
35340	65.693
35350	55.0774
35360	65.0774
35370	61.2187
35380	71.2187
35390	56.0509
35400	66.0509
35410	57.928
35420	67.928
35430	77.928
35440	64.8072
35450	49.6394
35460	59.6394
35470	69.6394
35480	61.1074
35490	71.1074
35500	60.1342
35510	70.1342
35520	80.1342
35530	72.0134
35540	82.0134
35550	72.4562
35560	82.4562
35570	63.0854
35580	73.0854
35590	62.7992
35600	72.7992
35610	61.4439
35620	71.4439
35630	56.2796
35640	66.2796
35650	76.2796
35660	66.7244
35670	76.7244
35680	63.5827
35690	73.5827
35700	54.2993
35710	64.2993
35720	55.5497
35730	65.5497
35740	61.7978
35750	71.7978
35760	81.7978
35770	62.5632
35780	72.5632
35790	62.8852
35800	72.8852
35810	82.8852
35820	67.9601
35830	52.9018
35840	62.9018
35850	53.0141
35860	63.0141
35870	73.0141
35880	62.1216
35890	72.1216
35900	65.4957
35910	75.4957
35920	85.4957
35930	75.9642
35940	60.8896
35950	70.8896
35960	80.8896
35970	69.8859
35980	79.8859
35990	68.5726
36000	78.5726
