10	11
20	10
30	5
40	5
50	5
60	5
70	10
80	20
90	20
100	30
110	20
120	30
130	20
140	30
150	40
160	27.6667
170	37.6667
180	28.6667
190	38.6667
200	48.6667
210	36.6667
220	46.6667
230	33.3333
240	43.3333
250	30
260	40
270	50
280	38.25
290	48.25
300	28.4167
310	38.4167
320	30
330	40
340	50
350	35
360	45
370	32.5
380	42.5
390	35.6
400	45.6
410	55.6
420	34.8
430	44.8
440	40.4
450	50.4
460	44
470	54
480	40
490	50
500	38
510	48
520	58
530	50
540	60
550	42
560	32.0667
570	42.0667
580	52.0667
590	39.8
600	49.8
610	39.2667
620	49.2667
630	41.6667
640	51.6667
650	61.6667
660	48.3333
670	58.3333
680	45
690	55
700	41.9048
710	51.9048
720	39.0476
730	49.0476
740	41.9048
750	51.9048
760	61.9048
770	46.3214
780	56.3214
790	38.3036
800	48.3036
810	36.4821
820	46.4821
830	41.4821
840	51.4821
850	38.9821
860	48.9821
870	58.9821
880	51.75
890	61.75
900	51.25
910	61.25
920	49.5
930	59.5
940	46
950	56
960	54
970	64
980	56
990	66
1000	76
1010	71.3
1020	81.3
1030	71.4
1040	81.4
1050	70.5
1060	80.5
1070	67.4
1080	56.8667
1090	66.8667
1100	76.8667
1110	65.8333
1120	75.8333
1130	60.8333
1140	70.8333
1150	55.8333
1160	65.8333
1170	50.8333
1180	60.8333
1190	55.8333
1200	65.8333
1210	75.8333
1220	63.3333
1230	53.3333
1240	63.3333
1250	73.3333
1260	60.8333
1270	55
1280	65
1290	57.8571
1300	67.8571
1310	77.8571
1320	67.9762
1330	77.9762
1340	62.619
1350	72.6191
1360	60.6333
1370	70.6333
1380	80.6333
1390	69.7905
1400	79.7905
1410	67.0875
1420	77.0875
1430	69.4048
1440	79.4048
1450	89.4048
1460	72.0262
1470	82.0262
1480	69.0887
1490	79.0887
1500	65.6875
1510	75.6875
1520	85.6875
1530	69.975
1540	79.975
1550	63.275
1560	73.275
1570	55.775
1580	65.775
1590	75.775
1600	61.7364
1610	71.7364
1620	66.2227
1630	76.2227
1640	86.2227
1650	74.5832
1660	84.5832
1670	71.9458
1680	61.0591
1690	71.0591
1700	81.0591
1710	66.9846
1720	76.9846
1730	65.4928
1740	75.4927
1750	85.4928
1760	69.4275
1770	79.4275
1780	66.2935
1790	76.2935
1800	63.8261
1810	73.8261
1820	83.8261
1830	69.0985
1840	79.0985
1850	66.7051
1860	76.7051
1870	58.109
1880	68.109
1890	78.109
1900	64.1516
1910	74.1516
1920	67.3384
1930	77.3384
1940	87.3384
1950	80.3411
1960	90.3411
1970	75.7386
1980	85.7385
1990	70.2935
2000	80.2935
2010	65.1983
2020	75.1983
2030	60.4524
2040	70.4524
2050	80.4524
2060	67
2070	53.5677
2080	63.5677
2090	53.7226
2100	63.7226
2110	50.7204
2120	60.7204
2130	55.2366
2140	65.2366
2150	60.6882
2160	70.6882
2170	66.2452
2180	76.2452
2190	86.2452
2200	74.6205
2210	62.4231
2220	72.4231
2230	57.3674
2240	67.3674
2250	77.3673
2260	65.4961
2270	75.4961
2280	65.6512
2290	75.6512
2300	85.6512
2310	70.3939
2320	57.6997
2330	67.6997
2340	52.0407
2350	62.0407
2360	72.0407
2370	64.7092
2380	74.7093
2390	64.1378
2400	74.1378
2410	84.1378
2420	74.0832
2430	84.0832
2440	69.7499
2450	79.7499
2460	62.5435
2470	72.5435
2480	59.6751
2490	69.6751
2500	79.6751
2510	68.5368
2520	78.5368
2530	69.2268
2540	79.2268
2550	70.2561
2560	80.2561
2570	90.2561
2580	74.4666
2590	84.4666
2600	69.2845
2610	79.2845
2620	65.2946
2630	75.2946
2640	85.2946
2650	69.083
2660	79.083
2670	66.0416
2680	76.0416
2690	57.7125
2700	67.7125
2710	77.7125
2720	70.104
2730	80.104
2740	70.9897
2750	80.9897
2760	68.9246
2770	78.9246
2780	64.9593
2790	74.9593
2800	61.6657
2810	71.6657
2820	81.6657
2830	63.4377
2840	73.4377
2850	65.6033
2860	75.6033
2870	62.4837
2880	72.4837
2890	60.6342
2900	70.6342
2910	64.2726
2920	74.2726
2930	65.8841
2940	75.8841
2950	65.0507
2960	75.0507
2970	60.1407
2980	70.1407
2990	53.0367
3000	47.2225
3010	57.2225
3020	67.2225
3030	61.7119
3040	71.7119
3050	61.7614
3060	71.7614
3070	58.0249
3080	68.0249
3090	60.2931
3100	70.2931
3110	63.2743
3120	73.2743
3130	65.6863
3140	75.6863
3150	66.0784
3160	76.0784
3170	62.549
3180	72.549
3190	57.451
3200	67.451
3210	77.451
3220	64.5098
3230	55.6863
3240	65.6863
3250	56.0784
3260	66.0784
3270	52.549
3280	62.549
3290	56.8627
3300	66.8627
3310	76.8627
3320	69.2157
3330	79.2157
3340	72.7451
3350	82.7451
3360	92.7451
3370	79.2157
3380	63.3777
3390	73.3777
3400	56.3874
3410	66.3874
3420	76.3874
3430	64.7521
3440	74.7521
3450	60.8953
3460	70.8953
3470	80.8953
3480	68.2538
3490	55.5753
3500	65.5753
3510	56.9516
3520	66.9516
3530	61.529
3540	71.529
3550	63.6847
3560	73.6847
3570	83.6847
3580	70.3248
3590	80.3248
3600	70.2742
3610	80.2742
3620	66.6333
3630	76.6333
3640	86.6333
3650	72.5217
3660	58.5339
3670	68.5339
3680	55.9472
3690	65.9472
3700	75.9472
3710	63.7256
3720	73.7256
3730	63.2365
3740	73.2365
3750	61.8106
3760	71.8106
3770	81.8106
3780	70.286
3790	80.286
3800	67.243
3810	77.243
3820	68.7841
3830	78.7841
3840	88.7841
3850	75.3115
3860	85.3115
3870	69.7377
3880	79.7377
3890	89.7377
3900	74.7541
3910	84.7541
3920	64.918
3930	74.918
3940	61.9672
3950	71.9672
3960	60.3279
3970	70.3279
3980	80.3279
3990	64.8091
4000	74.8091
4010	65.7525
4020	75.7525
4030	67.7102
4040	77.7102
4050	68.1988
4060	78.1988
4070	67.1412
4080	77.1412
4090	87.1412
4100	70
4110	80
4120	62.7885
4130	72.7885
4140	55.1039
4150	65.1039
4160	75.1039
4170	69.1388
4180	79.1388
4190	71.2463
4200	81.2463
4210	70.2755
4220	80.2755
4230	90.2755
4240	75.5684
4250	85.5684
4260	68.4521
4270	78.4521
4280	64.6106
4290	74.6106
4300	84.6106
4310	72.6474
4320	82.6474
4330	69.6337
4340	79.6338
4350	67.4713
4360	77.4713
4370	87.4713
4380	69.6636
4390	79.6636
4400	63.5558
4410	73.5558
4420	65.5558
4430	75.5558
4440	85.5558
4450	74.0173
4460	62.0173
4470	72.0173
4480	58.9404
4490	68.9404
4500	78.9404
4510	67.6923
4520	77.6923
4530	65.5669
4540	75.5669
4550	66.7228
4560	76.7228
4570	86.7228
4580	73.1049
4590	83.1049
4600	66.0756
4610	76.0756
4620	60.5422
4630	70.5422
4640	80.5422
4650	64.9361
4660	74.9361
4670	66.7373
4680	76.7373
4690	67.1721
4700	77.1721
4710	87.1721
4720	74.7019
4730	65.4565
4740	75.4565
4750	63.4855
4760	73.4855
4770	83.4855
4780	70.7681
4790	55.942
4800	65.942
4810	50.8333
4820	60.8333
4830	52.9916
4840	62.9916
4850	54.9855
4860	64.9855
4870	74.9855
4880	66.3954
4890	76.3954
4900	67.8623
4910	77.8623
4920	66.9034
4930	76.9033
4940	64.9018
4950	74.9018
4960	65.9167
4970	75.9167
4980	85.9167
4990	73.5441
5000	83.5441
5010	70.916
5020	80.916
5030	90.916
5040	72.8712
5050	52.1948
5060	62.1948
5070	54.163
5080	64.163
5090	54.7133
5100	64.7133
5110	59.2268
5120	69.2268
5130	79.2268
5140	67.4611
5150	56.3181
5160	66.3181
5170	76.3181
5180	68.5609
5190	78.5609
5200	67.592
5210	77.592
5220	66.6095
5230	76.6095
5240	62.5589
5250	72.5589
5260	59.7468
5270	69.7468
5280	55.0633
5290	65.0633
5300	75.0633
5310	64.0152
5320	74.0152
5330	62.4778
5340	72.4778
5350	64.474
5360	74.474
5370	84.474
5380	76.8478
5390	86.8478
5400	74.3146
5410	84.3146
5420	70.25
5430	80.25
5440	90.25
5450	72.25
5460	82.25
5470	59
5480	69
5490	79
5500	68.4354
5510	78.4354
5520	65.6457
5530	75.6457
5540	67.8579
5550	77.8579
5560	87.8579
5570	74.2872
5580	84.2872
5590	65.0957
5600	75.0957
5610	65.2552
5620	75.2552
5630	85.2552
5640	71.937
5650	81.937
5660	69.8372
5670	60.5054
5680	70.5054
5690	80.5054
5700	63.8698
5710	73.8698
5720	58.0039
5730	68.0039
5740	58.4471
5750	68.4471
5760	78.4471
5770	69.6389
5780	79.6389
5790	67.4788
5800	77.4788
5810	65.2698
5820	75.2698
5830	85.2698
5840	75.4356
5850	85.4356
5860	72.544
5870	82.5439
5880	70.9795
5890	80.9795
5900	90.9795
5910	71.588
5920	81.588
5930	60.9475
5940	52.262
5950	62.262
5960	72.262
5970	61.8045
5980	55.0654
5990	65.0654
6000	58.2045
6010	68.2045
6020	60.4921
6030	70.4921
6040	59.0786
6050	69.0786
6060	79.0786
6070	67.8418
6080	57.7752
6090	67.7752
6100	77.7752
6110	64.0421
6120	74.0421
6130	64.7872
6140	74.7872
6150	84.7872
6160	71.68
6170	81.68
6180	65.7136
6190	56.0084
6200	66.0084
6210	76.0084
6220	64.9453
6230	74.9453
6240	66.9794
6250	76.9794
6260	67.4179
6270	77.4179
6280	63.8361
6290	73.8361
6300	59.3021
6310	69.3021
6320	79.3021
6330	63.7717
6340	73.7717
6350	66.1653
6360	76.1653
6370	64.8729
6380	74.8729
6390	63.7753
6400	73.7753
6410	83.7753
6420	72.6252
6430	64.5545
6440	74.5545
6450	84.5545
6460	71.3861
6470	81.3861
6480	65.6436
6490	75.6436
6500	54.7758
6510	64.7758
6520	74.7758
6530	65.4242
6540	75.4242
6550	68.8721
6560	78.8721
6570	69.4079
6580	79.4079
6590	89.4079
6600	75.8591
6610	85.8591
6620	67.6238
6630	77.6238
6640	62.3644
6650	72.3644
6660	82.3644
6670	73.202
6680	83.202
6690	72.1485
6700	82.1485
6710	70.3361
6720	80.3361
6730	90.3361
6740	71.552
6750	81.552
6760	59.0915
6770	69.0915
6780	79.0915
6790	71.7412
6800	81.7412
6810	70.8795
6820	80.8795
6830	69.4194
6840	79.4194
6850	66.3697
6860	76.3697
6870	60.635
6880	70.635
6890	56.6875
6900	66.6875
6910	76.6875
6920	67.0777
6930	77.0777
6940	68.5614
6950	78.5614
6960	67.5334
6970	77.5334
6980	66.1536
6990	76.1536
7000	86.1536
7010	71.1815
7020	81.1815
7030	71.7458
7040	81.7458
7050	91.7458
7060	77.309
7070	87.309
7080	68.6645
7090	78.6645
7100	61.4808
7110	71.4808
7120	65.3124
7130	75.3124
7140	65.4772
7150	75.4772
7160	64.6237
7170	74.6237
7180	60.884
7190	70.884
7200	52.7058
7210	62.7058
7220	57.7554
7230	67.7554
7240	77.7554
7250	68.0111
7260	78.0111
7270	68.9771
7280	78.9771
7290	67.7553
7300	77.7553
7310	87.7553
7320	69.6229
7330	79.6229
7340	64.5142
7350	74.5142
7360	64.5703
7370	74.5703
7380	84.5703
7390	73.6905
7400	83.6905
7410	69.9277
7420	79.9277
7430	64.6152
7440	74.6152
7450	84.6152
7460	70.2956
7470	80.2956
7480	69.0106
7490	79.0106
7500	67.3575
7510	77.3575
7520	65.1844
7530	75.1844
7540	60.0524
7550	70.0524
7560	57.2854
7570	67.2854
7580	77.2854
7590	67.9869
7600	77.9869
7610	69.1812
7620	79.1812
7630	89.1812
7640	75.1812
7650	85.1812
7660	67.1812
7670	77.1812
7680	63.1667
7690	73.1667
7700	63.9167
7710	73.9167
7720	83.9167
7730	71.25
7740	81.25
7750	69.25
7760	79.25
7770	89.25
7780	71.3189
7790	81.3189
7800	67.3352
7810	77.3352
7820	66.5016
7830	76.5016
7840	64.7197
7850	74.7197
7860	62.8991
7870	72.8991
7880	60.1297
7890	70.1297
7900	80.1297
7910	66.6203
7920	76.6203
7930	67.9607
7940	77.9607
7950	67.5938
7960	77.5938
7970	87.5938
7980	73.468
7990	83.468
8000	66.4832
8010	76.4832
8020	61.9076
8030	71.9076
8040	81.9076
8050	70.898
8060	80.8981
8070	70.4511
8080	80.4511
8090	68.5797
8100	78.5797
8110	88.5797
8120	71.897
8130	81.897
8140	65.1587
8150	75.1587
8160	66.2698
8170	76.2698
8180	86.2698
8190	71.8474
8200	81.8474
8210	68.0941
8220	78.0941
8230	63.7477
8240	73.7477
8250	83.7477
8260	69.7067
8270	60.4873
8280	70.4873
8290	80.4873
8300	71.7323
8310	81.7323
8320	69.2126
8330	79.2126
8340	63.622
8350	73.622
8360	83.6221
8370	62.7559
8380	72.7559
8390	64.8031
8400	57.1654
8410	67.1654
8420	77.1654
8430	68.1102
8440	78.1102
8450	66.4567
8460	55.0394
8470	65.0394
8480	75.0394
8490	58.6102
8500	68.6102
8510	60.6996
8520	70.6996
8530	63.4525
8540	73.4525
8550	83.4525
8560	72.7253
8570	82.7253
8580	67.3538
8590	77.3538
8600	63.3879
8610	73.3879
8620	83.3879
8630	70.2103
8640	80.2103
8650	69.5522
8660	79.5522
8670	89.5522
8680	73.9771
8690	83.9771
8700	70.7779
8710	80.7779
8720	64.8283
8730	74.8283
8740	61.1544
8750	71.1544
8760	81.1544
8770	71.0748
8780	81.0748
8790	70.4289
8800	80.4289
8810	90.4289
8820	76.5742
8830	86.5742
8840	69.551
8850	79.551
8860	59.7103
8870	69.7103
8880	79.7103
8890	69.7494
8900	79.7494
8910	70.1736
8920	80.1736
8930	90.1736
8940	78.1926
8950	88.1925
8960	74.6921
8970	84.6921
8980	66.6889
8990	76.6889
9000	86.6889
9010	63.8576
9020	73.8576
9030	65.7183
9040	75.7183
9050	66.636
9060	76.636
9070	86.636
9080	75.8522
9090	85.8522
9100	71.9728
9110	81.9728
9120	91.9728
9130	74.1568
9140	54.6872
9150	64.6872
9160	58.1131
9170	68.1131
9180	78.1131
9190	69.2991
9200	59.5331
9210	69.5331
9220	79.5332
9230	67.355
9240	77.355
9250	62.7259
9260	72.7259
9270	58.7371
9280	68.7371
9290	61.3117
9300	71.3117
9310	81.3117
9320	71.3424
9330	81.3424
9340	70.7172
9350	80.7172
9360	65.9536
9370	75.9536
9380	85.9536
9390	72.9396
9400	82.9396
9410	68.1111
9420	78.1111
9430	61.3988
9440	71.3988
9450	81.3988
9460	68.9771
9470	78.9771
9480	68.3598
9490	78.3598
9500	66.6444
9510	76.6444
9520	86.6444
9530	74.9513
9540	84.9513
9550	72.2337
9560	82.2337
9570	65.3771
9580	75.3771
9590	85.3771
9600	64.4113
9610	74.4113
9620	66.6335
9630	76.6335
9640	66.9184
9650	76.9184
9660	86.9185
9670	74.093
9680	62.047
9690	72.047
9700	82.047
9710	68.9627
9720	78.9627
9730	60.5628
9740	52.989
9750	62.989
9760	72.989
9770	64.4209
9780	74.4209
9790	62.2781
9800	72.2781
9810	63.1958
9820	73.1958
9830	61.1971
9840	71.1971
9850	60.9774
9860	70.9774
9870	80.9774
9880	66.6072
9890	76.6072
9900	64.7173
9910	74.7173
9920	65.641
9930	75.641
9940	85.641
9950	69.4872
9960	79.4872
9970	67.9487
9980	77.9487
9990	87.9487
10000	75.7247
10010	85.7247
10020	71.5381
10030	81.5381
10040	63.7935
10050	73.7935
10060	59.9425
10070	69.9425
10080	79.9425
10090	68.0221
10100	78.0221
10110	69.3373
10120	79.3373
10130	89.3373
10140	78.0222
10150	88.0222
10160	74.0644
10170	84.0644
10180	66.5823
10190	76.5823
10200	86.5823
10210	64.3038
10220	74.3038
10230	65.6962
10240	75.6962
10250	67.0886
10260	77.0886
10270	87.0886
10280	75.8228
10290	85.8228
10300	71.8414
10310	81.8414
10320	91.8414
10330	72.4616
10340	82.4616
10350	62.3844
10360	72.3844
10370	63.9301
10380	73.9301
10390	83.9301
10400	74.2451
10410	84.2451
10420	72.8174
10430	82.8174
10440	67.8576
10450	77.8576
10460	87.8576
10470	71.0682
10480	81.0682
10490	60.869
10500	70.869
10510	62.7654
10520	72.7654
10530	82.7654
10540	74.158
10550	84.158
10560	72.6534
10570	82.6534
10580	92.6534
10590	75.9216
10600	85.9216
10610	69.2428
10620	79.2428
10630	59.1333
10640	69.1333
10650	79.1333
10660	70.1034
10670	80.1034
10680	70.9748
10690	80.9748
10700	90.9748
10710	78.2082
10720	88.2082
10730	72.768
10740	82.768
10750	66.2534
10760	76.2534
10770	56.5117
10780	66.5117
10790	76.5117
10800	68.5781
10810	78.5781
10820	69.6756
10830	79.6756
10840	89.6756
10850	77.7518
10860	87.7518
10870	72.4182
10880	82.4182
10890	66.3328
10900	76.3328
10910	86.3328
10920	64.4593
10930	74.4593
10940	66.6083
10950	76.6083
10960	67.9853
10970	77.9853
10980	87.9853
10990	75.3645
11000	85.3645
11010	70.3518
11020	80.3518
11030	90.3518
11040	72.7459
11050	82.7459
11060	63.0143
11070	73.0143
11080	64.6238
11090	74.6238
11100	84.6238
11110	74.9115
11120	84.9115
11130	71.813
11140	81.813
11150	66.6296
11160	76.6296
11170	86.6296
11180	71.146
11190	81.146
11200	61.7353
11210	71.7353
11220	63.4883
11230	73.4883
11240	65.4614
11250	75.4614
11260	65.2004
11270	75.2004
11280	63.121
11290	73.121
11300	60.8716
11310	70.8716
11320	55.9579
11330	65.9579
11340	75.9579
11350	68.0876
11360	78.0876
11370	67.7884
11380	77.7884
11390	65.9164
11400	75.9164
11410	85.9164
11420	73.1917
11430	83.1917
11440	68.5164
11450	78.5164
11460	64.9193
11470	74.9193
11480	84.9193
11490	72.1371
11500	82.1371
11510	66.0093
11520	76.0093
11530	65.5066
11540	75.5066
11550	85.5066
11560	71.2642
11570	81.2642
11580	67.3522
11590	77.3522
11600	68.797
11610	78.797
11620	88.797
11630	75.6227
11640	85.6227
11650	68.6389
11660	78.6389
11670	88.6389
11680	71.2625
11690	81.2625
11700	63.5445
11710	73.5445
11720	65.7755
11730	75.7755
11740	85.7755
11750	75.3204
11760	85.3204
11770	72.2411
11780	82.2411
11790	65.48
11800	75.48
11810	85.48
11820	69.7752
11830	79.7752
11840	62.3355
11850	72.3355
11860	64.5503
11870	74.5503
11880	84.5503
11890	75.291
11900	85.291
11910	72.3384
11920	82.3384
11930	92.3384
11940	73.8091
11950	83.8091
11960	67.9436
11970	77.9436
11980	60.6207
11990	70.6207
12000	80.6207
12010	71.0584
12020	63.1111
12030	73.1111
12040	83.1111
12050	71.2105
12060	81.2105
12070	66.5789
12080	76.5789
12090	62.5803
12100	72.5803
12110	57.2972
12120	67.2972
12130	77.2972
12140	67.7712
12150	59.3997
12160	69.3997
12170	79.3997
12180	68.6588
12190	78.6588
12200	68.2199
12210	55.6041
12220	65.6041
12230	75.6041
12240	60.4531
12250	70.4531
12260	61.0206
12270	71.0206
12280	61.8443
12290	71.8443
12300	81.8443
12310	71.0536
12320	81.0536
12330	68.3695
12340	78.3695
12350	67.8539
12360	77.8539
12370	63.2072
12380	53.8505
12390	63.8505
12400	73.8505
12410	60.1608
12420	70.1608
12430	60.9221
12440	70.9221
12450	80.9221
12460	71.2112
12470	81.2112
12480	70.6847
12490	59.6208
12500	69.6208
12510	79.6208
12520	65.7586
12530	75.7586
12540	64.9855
12550	74.9855
12560	84.9855
12570	68.2584
12580	78.2584
12590	67.6515
12600	77.6515
12610	64.7923
12620	74.7923
12630	62.6419
12640	72.6419
12650	64.4437
12660	74.4437
12670	84.4437
12680	72.0858
12690	82.0858
12700	67.4885
12710	77.4885
12720	87.4885
12730	71.0755
12740	55.9749
12750	65.9749
12760	59.1482
12770	69.1481
12780	79.1481
12790	69.321
12800	79.321
12810	68.2825
12820	78.2825
12830	88.2825
12840	72.2083
12850	82.2083
12860	68.0425
12870	78.0425
12880	61.3369
12890	71.3369
12900	62.9258
12910	72.9258
12920	82.9259
12930	72.3477
12940	82.3477
12950	70.0526
12960	80.0526
12970	90.0526
12980	73.9959
12990	83.9959
13000	68.1149
13010	52.8219
13020	62.8219
13030	72.8219
13040	64.8095
13050	74.8095
13060	65.619
13070	75.619
13080	85.619
13090	73.619
13100	83.619
13110	69.4347
13120	79.4347
13130	65.191
13140	75.191
13150	57.9571
13160	67.9571
13170	61.3392
13180	71.3392
13190	81.3392
13200	70.8455
13210	61.7833
13220	71.7833
13230	81.7833
13240	68.5105
13250	78.5105
13260	64.1381
13270	74.1381
13280	58.9495
13290	68.9495
13300	62.2179
13310	72.2179
13320	61.0324
13330	71.0324
13340	60.8356
13350	70.8356
13360	62.5
13370	72.5
13380	82.5
13390	68.466
13400	55.1927
13410	65.1926
13420	55.8262
13430	65.8262
13440	75.8262
13450	66.4516
13460	76.4516
13470	67.2457
13480	77.2457
13490	87.2457
13500	76.0123
13510	86.0123
13520	72.1519
13530	82.1519
13540	65.1689
13550	75.1689
13560	58.275
13570	68.275
13580	78.275
13590	69.8016
13600	79.8016
13610	68.7592
13620	78.7592
13630	68.7492
13640	78.7492
13650	88.7492
13660	74.7616
13670	84.7616
13680	67.4952
13690	77.4952
13700	60.6587
13710	70.6587
13720	80.6587
13730	71.9792
13740	81.9792
13750	69.9741
13760	79.9741
13770	66.2817
13780	76.2817
13790	86.2817
13800	73.2864
13810	83.2864
13820	69.4933
13830	79.4933
13840	61.8217
13850	71.8217
13860	81.8217
13870	70.0356
13880	80.0356
13890	68.7114
13900	78.7114
13910	67.8099
13920	77.8099
13930	87.8099
13940	73.0274
13950	61.1852
13960	71.1852
13970	81.1852
13980	67.1236
13990	77.1236
14000	63.8067
14010	54.7977
14020	64.7977
14030	74.7977
14040	64.5533
14050	74.5533
14060	62.6923
14070	72.6924
14080	62.1422
14090	72.1422
14100	63.6276
14110	73.6276
14120	83.6276
14130	70.5968
14140	55.987
14150	65.987
14160	56.2408
14170	66.2408
14180	76.2408
14190	65.9633
14200	75.9633
14210	67.0572
14220	77.0572
14230	87.0572
14240	75.2616
14250	85.2616
14260	71.9947
14270	81.9947
14280	65.7556
14290	75.7556
14300	58.3404
14310	68.3404
14320	60.6045
14330	70.6045
14340	80.6045
14350	70.3993
14360	80.3993
14370	70.0194
14380	80.0194
14390	90.0194
14400	74.9937
14410	60.8526
14420	70.8526
14430	80.8526
14440	63.1795
14450	73.1795
14460	63.7449
14470	73.7449
14480	83.7449
14490	73.7515
14500	83.7515
14510	71.8454
14520	81.8454
14530	68.4034
14540	78.4034
14550	62.5829
14560	72.5829
14570	56.9932
14580	66.9932
14590	76.9932
14600	67.6569
14610	77.6569
14620	69.1797
14630	79.1797
14640	89.1797
14650	76.9784
14660	86.9784
14670	71.9163
14680	57.746
14690	67.746
14700	77.746
14710	60.2925
14720	70.2925
14730	62.0987
14740	72.0987
14750	82.0987
14760	72.1018
14770	82.1018
14780	71.8443
14790	81.8443
14800	91.8443
14810	77.1851
14820	60.8132
14830	70.8132
14840	55.2453
14850	65.2453
14860	75.2453
14870	65.4863
14880	75.4863
14890	66.931
14900	76.931
14910	86.931
14920	75.2974
14930	85.2974
14940	72.4889
14950	82.4889
14960	66.2087
14970	76.2087
14980	58.4142
14990	68.4142
15000	60.1121
15010	70.1121
15020	80.112
15030	69.9467
15040	79.9467
15050	70.1678
15060	80.1678
15070	90.1678
15080	75.52
15090	61.0845
15100	71.0845
15110	81.0845
15120	63.1369
15130	73.1369
15140	63.3854
15150	73.3854
15160	83.3854
15170	73.3316
15180	83.3316
15190	72.1997
15200	82.1997
15210	68.8157
15220	78.8158
15230	62.7855
15240	72.7855
15250	57.1092
15260	67.1092
15270	77.1092
15280	67.1743
15290	77.1743
15300	68.3829
15310	78.3829
15320	68.5452
15330	78.5452
15340	88.5452
15350	74.7063
15360	84.7063
15370	68.9583
15380	78.9583
15390	61.1168
15400	71.1168
15410	81.1168
15420	70.795
15430	80.795
15440	69.1257
15450	79.1257
15460	65.8409
15470	75.8409
15480	85.8409
15490	74.1246
15500	84.1246
15510	70.4596
15520	80.4596
15530	90.4596
15540	70.7826
15550	80.7826
15560	68.7972
15570	78.7972
15580	65.4536
15590	75.4536
15600	85.4536
15610	74.0048
15620	84.0048
15630	68.8577
15640	78.8577
15650	66.9462
15660	76.9462
15670	86.9462
15680	71.5494
15690	81.5494
15700	65.9711
15710	75.9711
15720	65.6346
15730	75.6346
15740	85.6346
15750	74.222
15760	84.222
15770	70.1327
15780	55.5019
15790	65.5019
15800	75.5019
15810	65.4162
15820	75.4162
15830	63.1312
15840	73.1312
15850	64.3137
15860	74.3137
15870	62.9709
15880	72.9709
15890	58.8759
15900	68.8759
15910	59.9468
15920	69.9468
15930	57.7848
15940	67.7848
15950	60.1288
15960	70.1288
15970	80.1288
15980	70.7584
15990	80.7584
16000	69.2977
16010	79.2977
16020	62.986
16030	72.986
16040	82.986
16050	70.6127
16060	80.6127
16070	67.2117
16080	77.2117
16090	66.755
16100	76.755
16110	86.755
16120	72.2365
16130	82.2365
16140	67.6068
16150	77.6068
16160	87.6068
16170	73.4643
16180	83.4643
16190	67.5177
16200	77.5177
16210	67.199
16220	77.199
16230	87.199
16240	75.143
16250	85.143
16260	70.0378
16270	80.0378
16280	62.2744
16290	72.2744
16300	62.0217
16310	72.0217
16320	60.9025
16330	70.9025
16340	80.9025
16350	70.6859
16360	59.7473
16370	69.7473
16380	79.7473
16390	67.5451
16400	77.5451
16410	65.0181
16420	75.0181
16430	61.083
16440	71.083
16450	62.7798
16460	72.7798
16470	59.7563
16480	69.7563
16490	59.5563
16500	69.5563
16510	61.8223
16520	71.8223
16530	81.8223
16540	69.3569
16550	57.0111
16560	67.0111
16570	56.1829
16580	66.1829
16590	76.1829
16600	64.8984
16610	74.8984
16620	66.2434
16630	76.2434
16640	86.2434
16650	75.6631
16660	85.6631
16670	73.2975
16680	83.2975
16690	67.2043
16700	77.2043
16710	58.11
16720	68.11
16730	78.11
16740	67.9068
16750	77.9068
16760	67.8673
16770	77.8673
16780	87.8673
16790	77.3427
16800	87.3427
16810	73.3261
16820	59.1799
16830	69.1799
16840	79.1799
16850	60.2035
16860	70.2035
16870	61.1949
16880	71.1949
16890	81.1949
16900	71.1788
16910	81.1788
16920	71.8539
16930	81.8539
16940	69.6891
16950	79.6891
16960	63.769
16970	73.769
16980	57.0797
16990	67.0797
17000	77.0797
17010	66.8094
17020	76.8094
17030	68.0293
17040	78.0293
17050	88.0293
17060	76.8955
17070	86.8955
17080	72.9847
17090	82.9847
17100	66.8348
17110	76.8348
17120	58.3727
17130	68.3727
17140	59.7076
17150	69.7076
17160	79.7076
17170	69.6191
17180	79.6191
17190	70.0825
17200	80.0825
17210	90.0825
17220	76.1464
17230	61.4886
17240	71.4886
17250	55.2389
17260	65.2388
17270	75.2389
17280	64.821
17290	74.821
17300	66.3641
17310	76.3641
17320	86.3641
17330	75.5529
17340	85.5529
17350	72.404
17360	82.4039
17370	67.0345
17380	77.0345
17390	59.0345
17400	69.0345
17410	79.0345
17420	68.2759
17430	78.2759
17440	68.4459
17450	78.4459
17460	67.2508
17470	77.2508
17480	87.2508
17490	73.6012
17500	83.6012
17510	70.0656
17520	80.0656
17530	62.2481
17540	72.2481
17550	82.2481
17560	71.1663
17570	81.1663
17580	67.9076
17590	77.9076
17600	65.0222
17610	75.0222
17620	85.0222
17630	74.3055
17640	84.3055
17650	70.8801
17660	80.8801
17670	63.1751
17680	73.1751
17690	83.1751
17700	70.1318
17710	80.1318
17720	65.8586
17730	75.8586
17740	85.8586
17750	74.6465
17760	84.6465
17770	73.9057
17780	83.9057
17790	70.3367
17800	80.3367
17810	90.3367
17820	70.5387
17830	80.5387
17840	63.67
17850	73.67
17860	62.4579
17870	72.4579
17880	82.4579
17890	72.6599
17900	82.6599
17910	71.9257
17920	81.9257
17930	91.9257
17940	76.5531
17950	86.5531
17960	68.7837
17970	78.7837
17980	61.9761
17990	71.9761
18000	60.8325
18010	70.8325
18020	80.8325
18030	70.9272
18040	80.9272
18050	70.3142
18060	80.3142
18070	90.3142
18080	76.4561
18090	86.4561
18100	68.5695
18110	78.5695
18120	61.8801
18130	71.8801
18140	81.8801
18150	69.3964
18160	79.3964
18170	69.4432
18180	79.4432
18190	89.4432
18200	77.6172
18210	87.6172
18220	73.7774
18230	83.7774
18240	65.6414
18250	75.6414
18260	85.6414
18270	67.0178
18280	77.0178
18290	65.7279
18300	75.7279
18310	65.9522
18320	75.9522
18330	85.9522
18340	75.7308
18350	85.7308
18360	71.844
18370	81.844
18380	63.8125
18390	73.8125
18400	83.8125
18410	67.2138
18420	77.2138
18430	65.6698
18440	75.6698
18450	85.6698
18460	74.5724
18470	84.5724
18480	74.4458
18490	84.4458
18500	94.4458
18510	78.1652
18520	88.1652
18530	68.9194
18540	54.3713
18550	64.3713
18560	74.3713
18570	62.9728
18580	72.9728
18590	64.8099
18600	74.8099
18610	64.68
18620	74.68
18630	63.2532
18640	73.2532
18650	62.2336
18660	72.2336
18670	57.7859
18680	67.7859
18690	59.5162
18700	69.5162
18710	79.5162
18720	67.4676
18730	57.4637
18740	67.4637
18750	77.4637
18760	68.286
18770	78.286
18780	66.9732
18790	76.9732
18800	62.6452
18810	72.6452
18820	62.9355
18830	72.9355
18840	82.9355
18850	66.9355
18860	58.0645
18870	68.0645
18880	78.0645
18890	65.4194
18900	56.7097
18910	66.7097
18920	76.7097
18930	65.4194
18940	57.2258
18950	67.2258
18960	77.2258
18970	63.2258
18980	55.8088
18990	65.8088
19000	56.6615
19010	66.6615
19020	54.237
19030	64.237
19040	58.6537
19050	68.6537
19060	60.506
19070	70.506
19080	58.2547
19090	68.2547
19100	60.9141
19110	70.9141
19120	60.1165
19130	49.6492
19140	59.6492
19150	69.6492
19160	62.3718
19170	72.3718
19180	62.1795
19190	72.1795
19200	82.1795
19210	69.5833
19220	79.5833
19230	70.8333
19240	80.8333
19250	90.8333
19260	76.6026
19270	60.5769
19280	70.5769
19290	58.3529
19300	68.3529
19310	78.3529
19320	65.3309
19330	57.167
19340	67.167
19350	77.167
19360	68.5269
19370	78.5269
19380	67.9225
19390	77.9225
19400	63.5926
19410	73.5926
19420	57.1986
19430	67.1986
19440	59.9228
19450	69.9228
19460	60.1494
19470	70.1494
19480	63.0585
19490	73.0585
19500	83.0585
19510	70.8675
19520	58.2949
19530	68.2949
19540	78.2949
19550	61.9443
19560	71.9443
19570	63.0977
19580	73.0977
19590	63.4527
19600	73.4527
19610	65.0532
19620	75.0532
19630	64.3281
19640	74.3281
19650	60.5954
19660	70.5954
19670	55.7933
19680	65.7933
19690	75.7933
19700	67.0939
19710	59.104
19720	69.104
19730	60.425
19740	70.425
19750	80.425
19760	69.0514
19770	58.0656
19780	68.0656
19790	78.0656
19800	62.6562
19810	72.6562
19820	65.5844
19830	75.5844
19840	65.1765
19850	75.1765
19860	62.8738
19870	72.8738
19880	82.8738
19890	67.8181
19900	57.4153
19910	67.4153
19920	77.4153
19930	65.5349
19940	56.7094
19950	66.7094
19960	76.7094
19970	65.6533
19980	75.6533
19990	64.955
20000	74.955
20010	84.955
20020	71.0929
20030	81.0929
20040	70.6686
20050	80.6686
20060	67.7002
20070	77.7002
20080	62.4342
20090	72.4342
20100	59.7924
20110	69.7924
20120	79.7924
20130	67.5182
20140	59.7534
20150	69.7534
20160	60.4466
20170	70.4466
20180	80.4466
20190	68.7383
20200	78.7383
20210	66.5336
20220	76.5336
20230	59.8013
20240	69.8013
20250	79.8013
20260	70.3758
20270	80.3758
20280	69.6959
20290	57.6804
20300	67.6804
20310	77.6804
20320	69.0511
20330	79.0511
20340	66.5742
20350	76.5742
20360	86.5742
20370	67.6557
20380	77.6557
20390	62.58
20400	72.58
20410	64.8584
20420	74.8584
20430	64.1716
20440	74.1716
20450	64.9704
20460	74.9704
20470	63.6686
20480	73.6686
20490	58.8215
20500	68.8215
20510	55.6778
20520	65.6778
20530	59.3657
20540	69.3657
20550	61.6439
20560	71.6439
20570	60.7425
20580	70.7425
20590	60.0935
20600	70.0935
20610	60.2705
20620	70.2705
20630	56.8611
20640	66.8611
20650	76.8611
20660	69.2655
20670	61.6154
20680	71.6154
20690	60.6044
20700	70.6044
20710	80.6044
20720	63.8398
20730	73.8398
20740	62.1454
20750	72.1454
20760	61.1614
20770	71.1614
20780	81.1614
20790	73.3982
20800	83.3982
20810	72.5104
20820	82.5104
20830	69.8123
20840	79.8123
20850	89.8123
20860	70.6087
20870	80.6087
20880	63.0145
20890	73.0145
20900	63.5362
20910	73.5362
20920	83.5362
20930	72.8406
20940	82.8406
20950	68.4928
20960	78.4928
20970	88.4928
20980	73.4709
20990	83.4709
21000	69.8619
21010	79.8619
21020	64.5732
21030	74.5732
21040	84.5732
21050	73.7892
21060	83.7892
21070	72.7961
21080	82.7961
21090	68.2671
21100	78.2671
21110	88.2671
21120	69.069
21130	79.069
21140	61.7562
21150	71.7562
21160	63.2817
21170	73.2817
21180	83.2817
21190	74.0891
21200	84.0891
21210	72.9316
21220	82.9316
21230	92.9316
21240	76.6371
21250	86.6371
21260	67.3025
21270	77.3025
21280	59.9615
21290	69.9615
21300	79.9615
21310	70.0358
21320	80.0358
21330	70.9033
21340	80.9033
21350	90.9033
21360	78.1346
21370	88.1346
21380	72.9015
21390	82.9015
21400	65.0445
21410	75.0445
21420	57.9154
21430	67.9154
21440	60.6961
21450	70.6961
21460	80.6961
21470	71.5488
21480	60.6626
21490	70.6626
21500	80.6626
21510	67.6814
21520	77.6814
21530	65.2681
21540	51.6708
21550	61.6707
21560	71.6707
21570	62.93
21580	72.93
21590	62.9392
21600	72.9392
21610	82.9392
21620	72.3646
21630	82.3646
21640	72.5399
21650	82.5399
21660	92.5399
21670	76.9644
21680	61.1911
21690	71.1911
21700	54.1828
21710	64.1828
21720	74.1828
21730	65.5679
21740	75.5679
21750	67.5338
21760	77.5338
21770	87.5338
21780	76.2218
21790	86.2218
21800	70.6876
21810	80.6876
21820	65.8039
21830	75.8039
21840	85.8039
21850	66.6604
21860	76.6604
21870	68.0987
21880	78.0987
21890	88.0987
21900	76.8643
21910	86.8643
21920	73.3624
21930	83.3624
21940	69.0649
21950	79.0649
21960	89.0649
21970	68.0996
21980	78.0996
21990	64.2489
22000	74.2489
22010	65.8082
22020	75.8082
22030	85.8082
22040	72.1848
22050	82.1848
22060	69.4126
22070	58.6208
22080	68.6208
22090	78.6208
22100	64.1706
22110	74.1706
22120	62.1963
22130	72.1963
22140	62.6596
22150	72.6596
22160	62.7943
22170	72.7943
22180	59.836
22190	69.836
22200	60.1354
22210	70.1354
22220	61.6851
22230	71.6851
22240	81.6851
22250	69.5872
22260	56.2835
22270	66.2835
22280	76.2835
22290	63.1569
22300	73.1569
22310	63.3423
22320	73.3423
22330	83.3423
22340	73.7197
22350	83.7197
22360	72.1824
22370	82.1824
22380	68.9304
22390	78.9304
22400	63.5119
22410	73.5119
22420	56.0792
22430	66.0792
22440	76.0792
22450	67.683
22460	77.683
22470	69.5846
22480	79.5846
22490	68.4014
22500	78.4014
22510	88.4014
22520	73.2353
22530	83.2353
22540	67.9023
22550	77.9023
22560	87.9023
22570	69.3045
22580	61.8942
22590	71.8941
22600	62.3013
22610	72.3013
22620	82.3013
22630	70.1516
22640	59.1783
22650	69.1783
22660	79.1783
22670	65.0568
22680	75.0568
22690	63.6462
22700	73.6462
22710	60.2845
22720	70.2845
22730	61.491
22740	71.491
22750	62.0502
22760	72.0502
22770	82.0502
22780	71.2385
22790	81.2385
22800	69.7737
22810	79.7737
22820	89.7737
22830	74.0441
22840	84.0441
22850	69.0988
22860	79.0988
22870	62.5741
22880	72.5741
22890	82.5741
22900	72.8997
22910	82.8997
22920	69.5865
22930	79.5865
22940	66.9816
22950	76.9816
22960	64.1732
22970	74.1732
22980	60.1575
22990	70.1575
23000	80.1575
23010	67.0157
23020	57.6073
23030	67.6073
23040	59.2511
23050	69.2511
23060	79.2511
23070	66.4851
23080	56.4448
23090	66.4448
23100	76.4448
23110	65.6806
23120	75.6806
23130	64.3778
23140	74.3778
23150	61.3026
23160	71.3026
23170	60.5143
23180	70.5143
23190	60.9091
23200	70.9091
23210	80.9091
23220	70.8057
23230	80.8057
23240	69.5831
23250	79.5831
23260	89.5831
23270	73.9051
23280	83.9051
23290	68.9207
23300	78.9208
23310	62.5367
23320	72.5367
23330	82.5367
23340	73.0487
23350	83.0487
23360	69.8522
23370	79.8522
23380	66.9965
23390	76.9965
23400	64.1631
23410	74.1631
23420	59.9894
23430	69.9894
23440	79.9894
23450	66.8805
23460	57.5868
23470	67.5868
23480	59.544
23490	69.544
23500	79.544
23510	66.6817
23520	56.4364
23530	66.4364
23540	76.4364
23550	65.4557
23560	75.4557
23570	64.3642
23580	74.3642
23590	61.4555
23600	71.4555
23610	60.7948
23620	70.7948
23630	61.198
23640	71.198
23650	81.198
23660	70.5601
23670	80.5601
23680	69.5084
23690	79.5084
23700	89.5084
23710	72.8924
23720	82.8924
23730	68.3304
23740	78.3304
23750	62.4617
23760	72.4617
23770	82.4617
23780	72.538
23790	82.538
23800	71.5984
23810	81.5984
23820	91.5984
23830	77.1319
23840	87.1319
23850	70.4895
23860	80.4895
23870	62.0181
23880	72.0181
23890	82.0181
23900	68.0091
23910	78.0091
23920	69.2638
23930	79.2638
23940	68.3022
23950	78.3022
23960	88.3022
23970	75.6439
23980	85.6439
23990	69.0934
24000	79.0934
24010	60.5759
24020	70.5759
24030	80.5759
24040	68.0319
24050	78.0319
24060	68.9677
24070	78.9677
24080	88.9677
24090	76.6946
24100	86.6946
24110	73.6319
24120	83.6318
24130	68.0204
24140	78.0204
24150	88.0204
24160	67.7999
24170	77.7999
24180	65.4725
24190	75.4724
24200	66.25
24210	76.25
24220	86.25
24230	73.0232
24240	83.0232
24250	69.1156
24260	79.1156
24270	66.819
24280	76.819
24290	86.819
24300	68.7863
24310	78.7863
24320	66.5962
24330	76.5962
24340	65.4687
24350	75.4687
24360	63.0616
24370	73.0616
24380	63.5271
24390	73.5271
24400	83.5271
24410	71.1367
24420	81.1367
24430	65.0014
24440	75.0014
24450	85.0014
24460	72.0541
24470	58.4907
24480	68.4907
24490	78.4907
24500	68.9034
24510	78.9034
24520	67.9868
24530	77.9868
24540	65.5309
24550	75.5309
24560	61.7067
24570	71.7067
24580	58.6344
24590	68.6344
24600	58.3332
24610	68.3332
24620	61.6191
24630	71.6191
24640	81.6191
24650	68.9905
24660	58.1573
24670	68.1573
24680	78.1573
24690	67.5851
24700	77.5851
24710	62.663
24720	53.9762
24730	63.9762
24740	73.9762
24750	63.2027
24760	73.2027
24770	62.3723
24780	72.3723
24790	82.3723
24800	71.6029
24810	81.6029
24820	70.5562
24830	80.5562
24840	66.8844
24850	76.8844
24860	86.8844
24870	71.7893
24880	81.7893
24890	65.3847
24900	75.3847
24910	65.9929
24920	75.9929
24930	85.9929
24940	73.0577
24950	83.0577
24960	69.4052
24970	79.4052
24980	66.2304
24990	76.2304
25000	61.0955
25010	71.0956
25020	61.0175
25030	71.0175
25040	61.6469
25050	71.6469
25060	61.0107
25070	71.0107
25080	81.0107
25090	67.8401
25100	57.2925
25110	67.2925
25120	77.2925
25130	66.78
25140	76.78
25150	65.4809
25160	53.8357
25170	63.8357
25180	73.8357
25190	62.8575
25200	72.8575
25210	62.3434
25220	72.3434
25230	82.3434
25240	71.8996
25250	81.8996
25260	70.672
25270	80.672
25280	66.7332
25290	76.7332
25300	86.7332
25310	71.6234
25320	81.6234
25330	65.1044
25340	75.1044
25350	66.0242
25360	76.0242
25370	86.0242
25380	72.9211
25390	82.9211
25400	69.6244
25410	79.6244
25420	66.653
25430	76.653
25440	61.0653
25450	71.0653
25460	60.5429
25470	70.543
25480	61.3705
25490	71.3705
25500	61.021
25510	71.021
25520	81.021
25530	68.1951
25540	57.9481
25550	67.9481
25560	77.9481
25570	66.7779
25580	76.7779
25590	66.2061
25600	53.3192
25610	63.3192
25620	73.3192
25630	62.6475
25640	72.6475
25650	62.1118
25660	72.1118
25670	82.1118
25680	71.7192
25690	81.7192
25700	70.6032
25710	80.6032
25720	90.6032
25730	75.8701
25740	62.2042
25750	72.2042
25760	55.3692
25770	65.3692
25780	75.3692
25790	66.1373
25800	76.1373
25810	67.1755
25820	77.1755
25830	87.1755
25840	74.5241
25850	84.5241
25860	69.5975
25870	79.5975
25880	64.8823
25890	74.8823
25900	84.8823
25910	68.2715
25920	78.2715
25930	68.7286
25940	78.7286
25950	88.7286
25960	77.0155
25970	87.0155
25980	73.8578
25990	83.8578
26000	68.2355
26010	78.2355
26020	88.2355
26030	67.3737
26040	77.3738
26050	65.4333
26060	75.4334
26070	66.0145
26080	76.0145
26090	86.0145
26100	72.8012
26110	82.8012
26120	69.341
26130	79.341
26140	67.1773
26150	77.1773
26160	87.1773
26170	68.4306
26180	78.4306
26190	66.3794
26200	76.3794
26210	64.8827
26220	74.8827
26230	62.962
26240	72.962
26250	63.6082
26260	73.6082
26270	83.6082
26280	71.48
26290	81.48
26300	65.0904
26310	75.0904
26320	85.0904
26330	71.5864
26340	58.1625
26350	68.1625
26360	78.1625
26370	68.9217
26380	78.9217
26390	67.9757
26400	77.9757
26410	65.6676
26420	75.6676
26430	61.8918
26440	71.8918
26450	58.36
26460	68.36
26470	58.0632
26480	68.0632
26490	61.7204
26500	71.7204
26510	81.7204
26520	69.523
26530	58.3772
26540	68.3772
26550	58.6442
26560	68.6442
26570	78.6442
26580	64.9735
26590	74.9735
26600	64.7524
26610	74.7524
26620	64.6118
26630	74.6118
26640	84.6118
26650	72.6513
26660	82.6513
26670	69.0241
26680	79.0241
26690	64.8735
26700	74.8735
26710	84.8735
26720	72.8379
26730	82.8379
26740	68.7069
26750	78.7069
26760	88.7069
26770	72.3749
26780	60.715
26790	70.715
26800	80.715
26810	68.2801
26820	78.2801
26830	67.3045
26840	77.3045
26850	65.1455
26860	75.1455
26870	61.7404
26880	71.7404
26890	60.0738
26900	70.0738
26910	58.2731
26920	68.2731
26930	61.4064
26940	71.4064
26950	81.4064
26960	69.1901
26970	58.1798
26980	68.1797
26990	58.5567
27000	68.5566
27010	78.5566
27020	65.2586
27030	75.2586
27040	65.0905
27050	75.0905
27060	64.7753
27070	74.7753
27080	84.7753
27090	72.3805
27100	82.3805
27110	68.881
27120	78.881
27130	64.7765
27140	74.7765
27150	84.7765
27160	73.1074
27170	83.1074
27180	68.6228
27190	78.6228
27200	88.6228
27210	72.315
27220	60.8627
27230	70.8627
27240	80.8627
27250	68.3505
27260	78.3505
27270	67.1162
27280	77.1162
27290	64.7962
27300	74.7962
27310	61.7261
27320	71.7261
27330	60.3724
27340	70.3724
27350	58.5763
27360	68.5763
27370	61.4578
27380	71.4578
27390	81.4578
27400	69.0407
27410	57.8756
27420	67.8756
27430	58.5139
27440	68.5139
27450	78.5139
27460	65.5319
27470	75.5319
27480	65.3404
27490	75.3404
27500	64.9192
27510	74.9192
27520	84.9192
27530	72.1228
27540	82.1228
27550	68.7861
27560	78.7861
27570	64.6282
27580	74.6282
27590	84.6282
27600	73.1599
27610	83.1599
27620	68.7522
27630	78.7522
27640	88.7522
27650	72.459
27660	61.0546
27670	71.0546
27680	81.0546
27690	68.3775
27700	78.3775
27710	67.0789
27720	77.0789
27730	64.7782
27740	74.7782
27750	61.4672
27760	71.4672
27770	60.0671
27780	70.0671
27790	58.5343
27800	68.5343
27810	61.6204
27820	71.6204
27830	81.6204
27840	69.449
27850	58.2731
27860	68.2731
27870	58.7684
27880	68.7684
27890	78.7684
27900	65.1805
27910	75.1805
27920	65.0461
27930	75.0461
27940	64.9578
27950	74.9578
27960	84.9578
27970	72.2999
27980	82.2999
27990	68.9568
28000	78.9568
28010	64.8881
28020	74.8881
28030	84.8881
28040	72.7485
28050	82.7485
28060	68.7235
28070	78.7235
28080	88.7235
28090	72.4476
28100	60.9692
28110	70.9692
28120	80.9692
28130	68.2135
28140	78.2135
28150	67.3239
28160	77.3239
28170	65.2631
28180	75.2631
28190	61.4898
28200	71.4899
28210	60.1262
28220	70.1262
28230	58.432
28240	68.432
28250	61.3325
28260	71.3325
28270	81.3325
28280	69.3106
28290	58.5071
28300	68.5071
28310	78.5071
28320	67.6796
28330	77.6796
28340	62.5215
28350	53.8743
28360	63.8743
28370	73.8743
28380	63.7713
28390	73.7713
28400	62.5125
28410	72.5125
28420	82.5125
28430	71.8389
28440	81.8389
28450	70.4398
28460	80.4398
28470	66.4582
28480	76.4582
28490	86.4582
28500	72.2945
28510	82.2944
28520	65.8382
28530	75.8382
28540	66.0662
28550	76.0662
28560	86.0662
28570	72.7493
28580	82.7493
28590	69.182
28600	79.182
28610	89.182
28620	75.2556
28630	85.2556
28640	66.9121
28650	76.9121
28660	65.1534
28670	75.1534
28680	63.7832
28690	73.7832
28700	61.2065
28710	71.2065
28720	81.2065
28730	70.56
28740	60.3266
28750	70.3266
28760	80.3266
28770	66.4255
28780	76.4256
28790	65.1021
28800	53.3871
28810	63.3871
28820	73.3871
28830	65.1051
28840	75.1051
28850	62.7346
28860	72.7346
28870	61.9305
28880	71.9305
28890	62.9002
28900	72.9002
28910	82.9002
28920	67.6077
28930	57.4478
28940	67.4478
28950	57.0272
28960	67.0272
28970	77.0272
28980	66.0023
28990	76.0023
29000	66.8411
29010	76.8411
29020	86.8411
29030	74.8216
29040	84.8216
29050	69.4661
29060	79.4661
29070	64.8315
29080	74.8315
29090	84.8315
29100	68.4423
29110	78.4423
29120	68.7738
29130	78.7738
29140	88.7738
29150	76.648
29160	86.648
29170	73.3706
29180	83.3706
29190	68.4001
29200	78.4001
29210	88.4001
29220	67.3574
29230	77.3574
29240	65.5517
29250	75.5517
29260	65.9692
29270	75.9692
29280	85.9692
29290	72.7515
29300	82.7514
29310	69.1411
29320	58.4222
29330	68.4222
29340	78.4222
29350	63.5604
29360	73.5604
29370	63.2324
29380	73.2324
29390	63.9462
29400	73.9462
29410	62.7634
29420	72.7634
29430	60.0199
29440	70.0199
29450	59.4235
29460	69.4235
29470	60.8151
29480	70.8151
29490	80.8151
29500	69.6085
29510	57.6285
29520	67.6285
29530	77.6285
29540	64.908
29550	74.908
29560	63.7605
29570	73.7605
29580	83.7605
29590	72.9979
29600	82.9979
29610	71.3469
29620	81.3469
29630	66.3594
29640	76.3594
29650	86.3594
29660	71.4168
29670	81.4168
29680	64.8162
29690	74.8162
29700	65.1425
29710	75.1425
29720	85.1425
29730	74.339
29740	84.339
29750	71.1698
29760	81.1698
29770	66.5064
29780	76.5064
29790	86.5064
29800	67.5024
29810	77.5023
29820	65.6279
29830	75.6279
29840	66.0504
29850	76.0504
29860	86.0504
29870	72.9212
29880	82.9212
29890	68.7898
29900	78.7898
29910	66.0867
29920	76.0867
29930	61.5782
29940	71.5782
29950	61.1767
29960	71.1768
29970	61.9761
29980	71.9761
29990	61.1018
30000	71.1018
30010	81.1018
30020	68.2838
30030	56.93
30040	66.93
30050	76.93
30060	67.1068
30070	77.1068
30080	65.946
30090	54.0675
30100	64.0675
30110	74.0675
30120	63.2293
30130	73.2293
30140	62.4633
30150	72.4633
30160	82.4633
30170	71.206
30180	81.206
30190	69.8337
30200	79.8337
30210	67.0825
30220	77.0825
30230	87.0825
30240	71.9829
30250	81.9829
30260	65.5745
30270	75.5745
30280	66.139
30290	76.139
30300	86.139
30310	72.8186
30320	82.8186
30330	68.641
30340	78.641
30350	65.6498
30360	75.6498
30370	61.4927
30380	71.4927
30390	61.3763
30400	71.3763
30410	61.8518
30420	71.8518
30430	60.9755
30440	70.9755
30450	80.9755
30460	68.0291
30470	56.7597
30480	66.7597
30490	76.7597
30500	67.1815
30510	77.1815
30520	65.7336
30530	54.112
30540	64.112
30550	74.112
30560	63.2625
30570	73.2626
30580	62.4166
30590	72.4166
30600	82.4166
30610	70.995
30620	80.995
30630	69.5757
30640	79.5757
30650	67.0224
30660	77.0225
30670	87.0225
30680	72.0737
30690	82.0737
30700	65.8902
30710	75.8902
30720	66.2535
30730	76.2535
30740	86.2535
30750	72.9733
30760	82.9733
30770	68.4252
30780	78.4252
30790	65.4026
30800	75.4025
30810	61.5203
30820	71.5203
30830	61.6632
30840	71.6632
30850	62.218
30860	72.218
30870	61.0474
30880	71.0474
30890	81.0474
30900	67.7977
30910	56.4571
30920	66.4571
30930	76.4571
30940	67.1429
30950	77.1429
30960	65.7714
30970	54.4381
30980	64.4381
30990	74.4381
31000	63.2952
31010	73.2952
31020	62.1524
31030	72.1524
31040	82.1524
31050	70.8243
31060	80.8243
31070	69.4669
31080	79.4669
31090	67.1975
31100	77.1975
31110	87.1975
31120	71.8615
31130	81.8615
31140	65.988
31150	75.988
31160	66.0481
31170	76.0481
31180	86.0481
31190	72.7924
31200	82.7924
31210	68.4749
31220	78.4749
31230	65.2936
31240	75.2936
31250	61.5952
31260	71.5952
31270	61.6319
31280	71.6319
31290	62.277
31300	72.277
31310	60.9298
31320	70.9298
31330	80.9298
31340	67.7609
31350	56.5097
31360	66.5097
31370	76.5097
31380	67.2782
31390	77.2782
31400	66.0077
31410	54.5086
31420	64.5086
31430	74.5086
31440	63.3179
31450	73.3179
31460	61.9186
31470	71.9186
31480	81.9186
31490	70.7349
31500	80.7349
31510	69.4639
31520	79.4639
31530	67.3602
31540	77.3602
31550	87.3602
31560	72.0207
31570	82.0207
31580	65.9434
31590	75.9434
31600	65.7574
31610	75.7574
31620	85.7574
31630	72.517
31640	82.517
31650	68.4398
31660	78.4398
31670	65.282
31680	75.282
31690	61.8233
31700	71.8233
31710	61.7857
31720	71.7857
31730	62.4248
31740	72.4248
31750	60.7143
31760	70.7143
31770	80.7143
31780	67.5564
31790	56.5038
31800	66.5038
31810	76.5038
31820	67.4436
31830	77.4436
31840	66.1568
31850	54.5917
31860	64.5917
31870	74.5917
31880	63.4805
31890	73.4805
31900	61.8101
31910	71.8101
31920	81.8101
31930	70.6213
31940	80.6213
31950	69.4087
31960	79.4087
31970	67.5043
31980	77.5043
31990	87.5043
32000	72.136
32010	82.136
32020	66.0549
32030	76.0549
32040	65.8954
32050	75.8954
32060	85.8954
32070	72.8041
32080	82.8041
32090	68.2454
32100	78.2454
32110	65.0558
32120	75.0558
32130	61.774
32140	71.774
32150	61.6698
32160	71.6698
32170	62.5087
32180	72.5088
32190	61.016
32200	71.016
32210	81.016
32220	67.9264
32230	56.3356
32240	66.3356
32250	76.3356
32260	67.3331
32270	77.3331
32280	66.3374
32290	54.5393
32300	64.5393
32310	74.5393
32320	63.496
32330	73.496
32340	62.0627
32350	72.0627
32360	82.0627
32370	70.5964
32380	80.5964
32390	69.6839
32400	79.6839
32410	67.5317
32420	77.5317
32430	87.5317
32440	72.305
32450	82.305
32460	65.9752
32470	75.9752
32480	65.7625
32490	75.7625
32500	85.7625
32510	73.0016
32520	83.0016
32530	68.3221
32540	78.3221
32550	65.2512
32560	75.2512
32570	61.6484
32580	71.6484
32590	61.7229
32600	71.7229
32610	81.7229
32620	71.5615
32630	81.5615
32640	66.9245
32650	76.9245
32660	63.8826
32670	73.8826
32680	60.3953
32690	70.3953
32700	61.2449
32710	71.2449
32720	81.2449
32730	69.7983
32740	60.8537
32750	70.8537
32760	59.8487
32770	69.8487
32780	79.8487
32790	65.4331
32800	75.4331
32810	64.8985
32820	74.8985
32830	84.8985
32840	74.5108
32850	84.5108
32860	71.8785
32870	81.8785
32880	66.475
32890	76.475
32900	86.475
32910	68.9946
32920	78.9946
32930	68.8869
32940	78.8869
32950	88.8869
32960	75.1885
32970	85.1885
32980	72.5455
32990	82.5455
33000	67.1369
33010	77.1369
33020	87.1369
33030	69.4946
33040	79.4946
33050	68.164
33060	78.164
33070	68.0985
33080	78.0985
33090	88.0985
33100	75.307
33110	85.307
33120	70.114
33130	52.6861
33140	62.6861
33150	72.6861
33160	63.6368
33170	73.6368
33180	63.8959
33190	73.8959
33200	64.7949
33210	74.7949
33220	63.3264
33230	73.3264
33240	60.1846
33250	70.1846
33260	58.0931
33270	68.0931
33280	60.5815
33290	70.5815
33300	80.5815
33310	69.6763
33320	58.5322
33330	68.5321
33340	78.5321
33350	65.4613
33360	75.4613
33370	63.7094
33380	73.7094
33390	83.7094
33400	71.3924
33410	81.3924
33420	71.0643
33430	81.0643
33440	66.4492
33450	76.4492
33460	86.4492
33470	71.2045
33480	81.2045
33490	65.5553
33500	75.5553
33510	65.2611
33520	75.2611
33530	85.2611
33540	72.8396
33550	82.8396
33560	70.2144
33570	80.2144
33580	67.0956
33590	77.0956
33600	87.0956
33610	67.7132
33620	77.7132
33630	66.5486
33640	76.5486
33650	66.1401
33660	76.1401
33670	86.1401
33680	73.5969
33690	83.5969
33700	67.3401
33710	77.3401
33720	87.3401
33730	71.9373
33740	81.9373
33750	67.5297
33760	77.5297
33770	66.3236
33780	76.3236
33790	86.3236
33800	74.548
33810	84.548
33820	72.0358
33830	82.0358
33840	65.8099
33850	75.8099
33860	85.8099
33870	66.2417
33880	76.2417
33890	66.2138
33900	76.2137
33910	86.2137
33920	73.4595
33930	83.4595
33940	72.9867
33950	82.9867
33960	70.5064
33970	80.5064
33980	90.5064
33990	72.3424
34000	82.3424
34010	62.8688
34020	72.8688
34030	62.8645
34040	72.8645
34050	82.8645
34060	71.5505
34070	81.5505
34080	71.2147
34090	81.2147
34100	91.2147
34110	76.8739
34120	86.8739
34130	70.7599
34140	80.7599
34150	61.2608
34160	71.2608
34170	81.2608
34180	69.7676
34190	79.7676
34200	68.5099
34210	78.5099
34220	68.2285
34230	78.2285
34240	88.2285
34250	75.4063
34260	85.4063
34270	69.3865
34280	79.3866
34290	59.8011
34300	69.8011
34310	79.8011
34320	69.6932
34330	79.6932
34340	68.5445
34350	78.5445
34360	68.1389
34370	78.1389
34380	88.1389
34390	75.2918
34400	85.2918
34410	69.3977
34420	79.3977
34430	89.3977
34440	67.71
34450	77.71
34460	67.6338
34470	77.6338
34480	66.6247
34490	76.6247
34500	86.6247
34510	74.5807
34520	84.5807
34530	71.6988
34540	81.6988
34550	65.7275
34560	75.7275
34570	85.7275
34580	66.1929
34590	76.1929
34600	66.1968
34610	76.1968
34620	86.1968
34630	73.7696
34640	83.7696
34650	73.0907
34660	83.0907
34670	70.2891
34680	80.2891
34690	90.2891
34700	72.383
34710	82.383
34720	62.6019
34730	72.6019
34740	62.7113
34750	72.7113
34760	82.7113
34770	71.7963
34780	81.7963
34790	71.1861
34800	81.1861
34810	91.1861
34820	76.919
34830	86.919
34840	70.8389
34850	80.8389
34860	60.8985
34870	70.8985
34880	80.8985
34890	69.755
34900	79.755
34910	68.8107
34920	78.8108
34930	68.1859
34940	78.1859
34950	88.1859
34960	75.5796
34970	85.5796
34980	69.3436
34990	79.3436
35000	59.464
35010	69.464
35020	79.464
35030	69.8816
35040	79.8816
35050	68.6363
35060	78.6363
35070	68.1529
35080	78.1529
35090	88.1529
35100	75.5971
35110	85.5971
35120	69.2355
35130	79.2355
35140	89.2354
35150	67.3795
35160	77.3795
35170	67.8157
35180	77.8157
35190	66.4677
35200	76.4677
35210	86.4677
35220	74.5984
35230	84.5984
35240	72.1064
35250	82.1064
35260	65.6844
35270	75.6844
35280	85.6844
35290	65.9785
35300	75.9785
35310	66.3069
35320	76.3069
35330	86.3069
35340	73.5147
35350	83.5147
35360	73.0051
35370	83.0051
35380	70.6182
35390	80.6182
35400	90.6182
35410	72.2065
35420	82.2065
35430	62.4944
35440	72.4944
35450	62.9275
35460	72.9275
35470	82.9275
35480	71.7641
35490	81.7641
35500	71.09
35510	81.09
35520	91.09
35530	77.1504
35540	87.1505
35550	70.5231
35560	80.5231
35570	60.9254
35580	70.9254
35590	80.9254
35600	70.0411
35610	80.0411
35620	68.7398
35630	78.7398
35640	68.1178
35650	78.1178
35660	88.1178
35670	75.6628
35680	85.6628
35690	69.0835
35700	79.0835
35710	59.5254
35720	69.5254
35730	79.5254
35740	70.0252
35750	80.0252
35760	68.7251
35770	78.7251
35780	68.1169
35790	78.1169
35800	88.1168
35810	75.6847
35820	85.6847
35830	69.1385
35840	79.1385
35850	89.1385
35860	67.5349
35870	77.5349
35880	67.8259
35890	77.8259
35900	66.505
35910	76.505
35920	86.505
35930	74.3206
35940	84.3206
35950	72.0177
35960	82.0177
35970	65.6517
35980	75.6517
35990	85.6517
36000	66.3738
