10	10
20	3
30	3
40	3
50	3
60	3
70	3
80	3
90	3
100	3
110	3
120	3
130	3
140	3
150	3
160	3
170	3
180	3
190	5.5
200	15.5
210	25.5
220	21.5
230	31.5
240	20
250	30
260	20
270	30
280	20
290	30
300	40
310	25
320	35
330	20
340	30
350	28.25
360	38.25
370	48.25
380	33.25
390	43.25
400	33.2
410	43.2
420	37.4
430	47.4
440	57.4
450	38.8
460	48.8
470	42
480	52
490	44
500	54
510	64
520	47.1333
530	57.1333
540	44.3667
550	54.3667
560	47.7667
570	57.7667
580	47.7667
590	41.1
600	51.1
610	61.1
620	52.8333
630	62.8333
640	53.2
650	63.2
660	73.2
670	59.6667
680	69.6667
690	53.6
700	63.6
710	53.2231
720	63.2231
730	73.2231
740	52.7385
750	62.7385
760	52.6154
770	62.6154
780	50.6256
790	60.6256
800	50.9462
810	60.9462
820	55.0218
830	65.0218
840	75.0218
850	66.1
860	76.1
870	58.525
880	43.525
890	53.525
900	63.525
910	45
920	55
930	46.5074
940	38.1985
950	48.1985
960	58.1985
970	53.5956
980	63.5956
990	56.351
1000	66.351
1010	55.0476
1020	65.0476
1030	52
1040	62
1050	51.2025
1060	61.2025
1070	71.2025
1080	55.9709
1090	41.5288
1100	51.5288
1110	45.5303
1120	55.5303
1130	49.2238
1140	59.2238
1150	48.9238
1160	58.9238
1170	46.0134
1180	56.0134
1190	51.2857
1200	61.2857
1210	71.2857
1220	60.8355
1230	70.8355
1240	56.6251
1250	44.6251
1260	54.6251
1270	64.6251
1280	59.2502
1290	69.2502
1300	65.6019
1310	75.6019
1320	65.7471
1330	75.7471
1340	61.7227
1350	71.7227
1360	59.2996
1370	69.2996
1380	79.2996
1390	71.0957
1400	81.0957
1410	68.466
1420	78.466
1430	66.9206
1440	76.9206
1450	86.9206
1460	66.9206
1470	76.9206
1480	65.5783
1490	75.5783
1500	64.1404
1510	74.1404
1520	84.1404
1530	64.837
1540	53.1806
1550	63.1806
1560	73.1806
1570	63.9596
1580	57.0049
1590	67.0049
1600	61.0361
1610	71.0361
1620	60.4528
1630	70.4528
1640	62.6864
1650	72.6864
1660	64.5986
1670	74.5986
1680	66.1464
1690	76.1464
1700	65.0435
1710	75.0435
1720	58.449
1730	41.2317
1740	51.2317
1750	61.2317
1760	57.2504
1770	67.2504
1780	60.1045
1790	70.1045
1800	80.1045
1810	64.7156
1820	74.7156
1830	62.4572
1840	72.4572
1850	57.0666
1860	67.0666
1870	61.1016
1880	71.1016
1890	81.1016
1900	67.3443
1910	77.3443
1920	70.152
1930	80.152
1940	90.152
1950	78.1318
1960	88.1318
1970	73.0737
1980	61.1142
1990	71.1142
2000	81.1142
2010	65.6932
2020	75.6932
2030	65.6734
2040	75.6734
2050	65.9298
2060	75.9298
2070	85.9298
2080	72.7366
2090	82.7366
2100	66.4301
2110	76.4301
2120	86.4301
2130	75.2359
2140	85.236
2150	67.9966
2160	77.9966
2170	55.9921
2180	65.9921
2190	57.605
2200	67.605
2210	77.605
2220	65.0391
2230	75.0391
2240	64.9871
2250	74.9871
2260	60.6213
2270	70.6213
2280	80.6213
2290	73.0693
2300	83.0693
2310	72.9035
2320	82.9035
2330	72.6548
2340	82.6548
2350	92.6548
2360	76.2371
2370	86.2371
2380	64.7846
2390	74.7846
2400	84.7846
2410	69.7285
2420	79.7285
2430	69.0921
2440	79.0921
2450	64.1934
2460	74.1934
2470	60.7567
2480	70.7567
2490	80.7567
2500	60.2852
2510	70.2852
2520	64.845
2530	74.845
2540	84.845
2550	73.5311
2560	83.5311
2570	68.746
2580	78.746
2590	64.1346
2600	74.1346
2610	57.1958
2620	67.1958
2630	77.1958
2640	68.1633
2650	78.1633
2660	67.9592
2670	77.9592
2680	87.9592
2690	73.5429
2700	83.5429
2710	68.4482
2720	78.4482
2730	59.401
2740	69.401
2750	79.401
2760	70.0187
2770	80.0187
2780	68.5934
2790	78.5934
2800	66.915
2810	76.915
2820	86.915
2830	68.802
2840	78.802
2850	60.6346
2860	70.6346
2870	62.4736
2880	72.4736
2890	82.4736
2900	71.5177
2910	81.5177
2920	68.3596
2930	78.3596
2940	63.1004
2950	73.1004
2960	83.1004
2970	65.4289
2980	75.4289
2990	64.8615
3000	74.8615
3010	64.4031
3020	74.4031
3030	84.4031
3040	72.069
3050	82.069
3060	65.352
3070	75.352
3080	58.8706
3090	68.8706
3100	78.8706
3110	70.9259
3120	80.9259
3130	68.7037
3140	78.7037
3150	68.367
3160	78.367
3170	88.367
3180	71.862
3190	81.862
3200	63.2357
3210	73.2357
3220	62.0741
3230	72.0741
3240	82.0741
3250	68.2222
3260	78.2222
3270	66.4463
3280	76.4462
3290	61.9855
3300	71.9855
3310	81.9855
3320	63.8878
3330	73.8878
3340	66.9998
3350	76.9999
3360	65.4849
3370	75.4849
3380	64.8119
3390	74.812
3400	61.8295
3410	71.8295
3420	58.998
3430	68.998
3440	59.4737
3450	69.4737
3460	79.4737
3470	68.3055
3480	55.6086
3490	65.6086
3500	57.5517
3510	67.5517
3520	56.7048
3530	66.7048
3540	57.7768
3550	67.7768
3560	77.7768
3570	67.3808
3580	56.6055
3590	66.6055
3600	54.3703
3610	64.3703
3620	57.3416
3630	67.3416
3640	59.8126
3650	69.8126
3660	79.8126
3670	66.3053
3680	57.8753
3690	67.8753
3700	77.8753
3710	64.1078
3720	74.1078
3730	65.0464
3740	75.0465
3750	85.0464
3760	71.834
3770	81.834
3780	66.5108
3790	56.4604
3800	66.4604
3810	76.4604
3820	64.1185
3830	74.1185
3840	60.9503
3850	70.9503
3860	62.6158
3870	72.6158
3880	82.6159
3890	71.0301
3900	81.0301
3910	67.8961
3920	77.8961
3930	66.6271
3940	76.6271
3950	86.6271
3960	74.4178
3970	84.4178
3980	65.934
3990	75.934
4000	66.358
4010	76.358
4020	86.358
4030	73.8629
4040	83.8629
4050	69.0755
4060	79.0755
4070	61.5029
4080	71.5029
4090	55.288
4100	65.288
4110	60.8353
4120	70.8353
4130	61.9337
4140	71.9337
4150	81.9337
4160	71.2267
4170	81.2267
4180	68.8062
4190	78.8062
4200	88.8062
4210	71.04
4220	81.04
4230	65.4114
4240	75.4114
4250	62.4197
4260	72.4197
4270	64.1009
4280	74.1009
4290	84.1009
4300	73.4709
4310	83.4709
4320	68.4956
4330	78.4956
4340	88.4956
4350	74.4601
4360	84.4601
4370	71.8794
4380	81.8794
4390	67.844
4400	77.844
4410	63
4420	73
4430	58.25
4440	68.25
4450	59.5
4460	69.5
4470	79.5
4480	68.9167
4490	78.9167
4500	67.0105
4510	77.0105
4520	65.85
4530	75.85
4540	85.85
4550	68.0567
4560	78.0566
4570	66.3013
4580	76.3013
4590	66.0596
4600	76.0596
4610	86.0596
4620	72.5655
4630	82.5655
4640	69.2513
4650	79.2513
4660	63.7635
4670	73.7635
4680	83.7635
4690	71.0976
4700	81.0976
4710	69.0085
4720	79.0085
4730	67.6001
4740	77.6001
4750	62.3612
4760	72.3612
4770	57.1154
4780	67.1154
4790	59.0081
4800	69.0081
4810	79.0081
4820	67.9479
4830	77.9479
4840	68.1896
4850	78.1896
4860	67.2212
4870	77.2212
4880	87.2212
4890	70.0783
4900	80.0783
4910	64.6429
4920	74.6429
4930	63.6905
4940	73.6905
4950	83.6905
4960	73.5444
4970	83.5444
4980	70.5871
4990	80.5871
5000	66.2922
5010	76.2922
5020	86.2922
5030	70.9405
5040	80.9405
5050	67.7938
5060	77.7938
5070	64.3348
5080	74.3348
5090	63.1499
5100	73.1499
5110	59.5212
5120	69.5212
5130	59.5182
5140	69.5182
5150	79.5182
5160	68.5681
5170	78.5681
5180	68.3858
5190	78.3858
5200	88.3858
5210	75.6533
5220	85.6533
5230	69.0828
5240	79.0828
5250	63.0377
5260	73.0377
5270	62.3913
5280	72.3913
5290	82.3913
5300	71.1043
5310	81.1043
5320	70.7144
5330	80.7144
5340	90.7144
5350	74.3302
5360	84.3302
5370	68.1983
5380	78.1983
5390	65.675
5400	75.675
5410	63.0442
5420	73.0442
5430	62.8083
5440	72.8083
5450	61.1817
5460	71.1817
5470	81.1817
5480	67.465
5490	77.465
5500	67.1965
5510	77.1965
5520	66.2451
5530	76.2451
5540	86.2451
5550	74.2395
5560	84.2395
5570	68.6097
5580	78.6097
5590	62.3639
5600	72.3639
5610	82.364
5620	70.4883
5630	80.4883
5640	69.4098
5650	61.0101
5660	71.0101
5670	81.0101
5680	67.4046
5690	77.4046
5700	59.5374
5710	69.5374
5720	59.9401
5730	69.9401
5740	79.9401
5750	66.5315
5760	76.5315
5770	69.6772
5780	79.6772
5790	89.6772
5800	77.3546
5810	87.3546
5820	71.1921
5830	81.1921
5840	64.7525
5850	74.7525
5860	84.7525
5870	72.3456
5880	82.3456
5890	67.1514
5900	77.1514
5910	66.6077
5920	76.6077
5930	86.6077
5940	70.6219
5950	80.6219
5960	66.5855
5970	59.0698
5980	69.0698
5990	79.0698
6000	69.1745
6010	79.1745
6020	65.619
6030	75.619
6040	60.8051
6050	70.8051
6060	80.8051
6070	62.1241
6080	72.1241
6090	66.0596
6100	76.0596
6110	67.6298
6120	77.6298
6130	68.1757
6140	78.1757
6150	65.1905
6160	75.1905
6170	85.1905
6180	67.9724
6190	77.9724
6200	59.1913
6210	69.1913
6220	62.3474
6230	72.3474
6240	82.3474
6250	73.7681
6260	83.7681
6270	73.2828
6280	83.2828
6290	93.2828
6300	77.4128
6310	87.4128
6320	70.8495
6330	80.8495
6340	59.9153
6350	69.9153
6360	60.2358
6370	70.2358
6380	80.2358
6390	68.6525
6400	78.6525
6410	69.6785
6420	79.6785
6430	89.6785
6440	78.3178
6450	88.3178
6460	72.1732
6470	82.1732
6480	61.1615
6490	71.1615
6500	81.1615
6510	70.6374
6520	80.6374
6530	68.8837
6540	78.8837
6550	65.1158
6560	75.1158
6570	85.1158
6580	72.0955
6590	82.0955
6600	65.8285
6610	75.8285
6620	63.0662
6630	73.0662
6640	65.4745
6650	75.4745
6660	64.5713
6670	74.5713
6680	84.5713
6690	70.8521
6700	80.8521
6710	66.4104
6720	76.4104
6730	57.985
6740	67.985
6750	77.985
6760	71.0148
6770	81.0148
6780	70.8315
6790	80.8315
6800	90.8315
6810	77.5844
6820	87.5844
6830	74.0473
6840	84.0473
6850	67.4673
6860	77.4673
6870	57.3186
6880	67.3186
6890	77.3186
6900	67.1541
6910	77.1541
6920	67.2204
6930	77.2204
6940	87.2204
6950	76.899
6960	86.899
6970	74.5791
6980	84.5791
6990	68.1833
7000	78.1833
7010	61.7457
7020	71.7457
7030	81.7457
7040	68.0115
7050	78.0115
7060	69.3409
7070	79.3409
7080	89.3409
7090	77.3018
7100	87.3018
7110	70.2766
7120	80.2766
7130	64.5701
7140	74.57
7150	66.4625
7160	76.4625
7170	64.7727
7180	74.7727
7190	62.1212
7200	72.1212
7210	59.3939
7220	69.3939
7230	53.8717
7240	63.8717
7250	73.8717
7260	68.1515
7270	78.1515
7280	69.8946
7290	79.8946
7300	89.8946
7310	77.3532
7320	64.8701
7330	74.8701
7340	60.2249
7350	70.2249
7360	80.2249
7370	63.8341
7380	57.5221
7390	67.5221
7400	77.5221
7410	65.3286
7420	75.3286
7430	64.2406
7440	74.2406
7450	62.3698
7460	72.3698
7470	82.3698
7480	71.6299
7490	81.6299
7500	70.7294
7510	80.7294
7520	66.2211
7530	76.2211
7540	86.2211
7550	68.7077
7560	78.7077
7570	68.6092
7580	78.6092
7590	67.1408
7600	77.1408
7610	87.1408
7620	71.2857
7630	81.2857
7640	64.9027
7650	74.9027
7660	64.4859
7670	74.4859
7680	84.4859
7690	71.7403
7700	81.7403
7710	67.984
7720	77.984
7730	67.3892
7740	77.3892
7750	87.3892
7760	71.4378
7770	81.4378
7780	65.2629
7790	75.2629
7800	67.7582
7810	77.7582
7820	67.0437
7830	77.0437
7840	64.5966
7850	74.5966
7860	84.5966
7870	67.926
7880	77.926
7890	59.9772
7900	69.9772
7910	61.7293
7920	71.7293
7930	81.7293
7940	73.0485
7950	83.0485
7960	72.6463
7970	82.6463
7980	92.6463
7990	77.3572
8000	87.3572
8010	70.8887
8020	80.8887
8030	60.8385
8040	70.8385
8050	60.8101
8060	70.8101
8070	80.8101
8080	68.4808
8090	78.4808
8100	70.2578
8110	80.2578
8120	90.2578
8130	77.2114
8140	87.2114
8150	71.781
8160	81.781
8170	65.298
8180	75.298
8190	64.9007
8200	74.9007
8210	64.2384
8220	74.2384
8230	62.7152
8240	72.7152
8250	82.7152
8260	67.7686
8270	77.7686
8280	60.2691
8290	70.2691
8300	63.9578
8310	73.9578
8320	65.0903
8330	75.0903
8340	63.8968
8350	73.8968
8360	83.8968
8370	70.7812
8380	80.7812
8390	66.0702
8400	76.0702
8410	58.4875
8420	68.4875
8430	78.4875
8440	71.1572
8450	62.5751
8460	72.5751
8470	82.5751
8480	69.9407
8490	79.9407
8500	67.6615
8510	77.6615
8520	62.7894
8530	72.7894
8540	55.2685
8550	65.2685
8560	75.2685
8570	68.1321
8580	61.1188
8590	71.1188
8600	81.1188
8610	70.4022
8620	80.4022
8630	67.8545
8640	77.8545
8650	62.7749
8660	72.7749
8670	82.7749
8680	63.6029
8690	73.6029
8700	64.7907
8710	74.7907
8720	67.1949
8730	77.1949
8740	87.1949
8750	76.939
8760	86.939
8770	72.4418
8780	82.4418
8790	92.4418
8800	73.4428
8810	83.4428
8820	64.678
8830	74.678
8840	63.9893
8850	73.9893
8860	83.9893
8870	69.7515
8880	79.7515
8890	68.882
8900	78.882
8910	67.7149
8920	77.7149
8930	87.7149
8940	73.1705
8950	83.1705
8960	68.0558
8970	58.7423
8980	68.7423
8990	78.7423
9000	67.8492
9010	77.8492
9020	65.3704
9030	75.3704
9040	60.4938
9050	70.4938
9060	80.4938
9070	64.0123
9080	74.0123
9090	66.2346
9100	76.2346
9110	67.716
9120	77.716
9130	66.8519
9140	76.8519
9150	64.3827
9160	74.3827
9170	84.3827
9180	67.5926
9190	77.5926
9200	61.1111
9210	71.1111
9220	61.8047
9230	71.8047
9240	81.8046
9250	72.6256
9260	82.6256
9270	72.0135
9280	82.0135
9290	69.9132
9300	79.9132
9310	89.9132
9320	73.3821
9330	83.3821
9340	64.3902
9350	74.3902
9360	63.0488
9370	73.0488
9380	83.0488
9390	70.869
9400	80.869
9410	67.0038
9420	77.0038
9430	87.0039
9440	74.3965
9450	84.3965
9460	69.5548
9470	79.5548
9480	65.8468
9490	75.8468
9500	64.6881
9510	74.6881
9520	64.3285
9530	74.3285
9540	62.1717
9550	72.1718
9560	82.1718
9570	68.0052
9580	78.0052
9590	60.7206
9600	70.7206
9610	63.8319
9620	73.8319
9630	64.6317
9640	74.6317
9650	64.5785
9660	74.5785
9670	84.5785
9680	70.7808
9690	80.7808
9700	66.4787
9710	76.4787
9720	59.1882
9730	69.1882
9740	79.1882
9750	70.5233
9760	61.6279
9770	71.6279
9780	81.6279
9790	69.6512
9800	79.6512
9810	67.7616
9820	77.7616
9830	63.4493
9840	73.4493
9850	56.3723
9860	66.3723
9870	76.3723
9880	68.6111
9890	59.9275
9900	69.9275
9910	79.9275
9920	69.8448
9930	79.8448
9940	68.3342
9950	78.3342
9960	63.7344
9970	73.7344
9980	83.7344
9990	64.4241
10000	74.4241
10010	65.2888
10020	57.6332
10030	67.6332
10040	77.6332
10050	67.8103
10060	77.8103
10070	66.544
10080	76.544
10090	86.544
10100	69.7226
10110	79.7226
10120	62.6484
10130	72.6484
10140	63.0444
10150	73.0444
10160	64.1774
10170	74.1774
10180	64.371
10190	74.371
10200	63.0528
10210	73.0528
10220	83.0528
10230	68.4715
10240	78.4715
10250	61.7901
10260	71.7901
10270	61.7127
10280	71.7127
10290	64.4802
10300	74.4802
10310	64.3927
10320	74.3927
10330	84.3927
10340	71.2402
10350	81.2402
10360	66.8521
10370	76.8521
10380	59.9307
10390	69.9307
10400	79.9307
10410	68.503
10420	78.503
10430	69.7578
10440	79.7578
10450	89.7578
10460	77.5515
10470	87.5515
10480	74.8183
10490	84.8183
10500	67.6008
10510	77.6008
10520	58.9612
10530	68.9612
10540	78.9612
10550	67.9406
10560	77.9406
10570	65.6596
10580	75.6596
10590	85.6596
10600	76.0108
10610	86.0108
10620	72.3822
10630	82.3822
10640	68.1269
10650	78.1269
10660	62.5593
10670	72.5593
10680	63.2204
10690	73.2204
10700	62.5171
10710	72.5171
10720	82.5171
10730	71.1499
10740	81.1499
10750	65.6678
10760	75.6678
10770	58.8581
10780	68.8581
10790	78.8581
10800	71.1336
10810	61.9519
10820	71.9519
10830	81.9519
10840	69.8626
10850	79.8626
10860	68.188
10870	78.188
10880	62.9843
10890	72.9843
10900	82.9843
10910	63.5908
10920	73.5908
10930	66.0282
10940	58.468
10950	68.468
10960	78.468
10970	68.1129
10980	78.1129
10990	66.4184
11000	76.4184
11010	61.3542
11020	71.3542
11030	81.3542
11040	63.5938
11050	73.5938
11060	64.6354
11070	74.6354
11080	67.1419
11090	77.1419
11100	66.8537
11110	76.8537
11120	64.9711
11130	74.9711
11140	84.9711
11150	68.0718
11160	78.0718
11170	60.4221
11180	70.4221
11190	61.5626
11200	71.5626
11210	81.5626
11220	72.9426
11230	82.9426
11240	72.1638
11250	82.1638
11260	69.8387
11270	79.8387
11280	89.8387
11290	73.1481
11300	83.1481
11310	63.6285
11320	73.6285
11330	63.505
11340	73.505
11350	83.505
11360	71.1126
11370	81.1126
11380	66.7663
11390	76.7663
11400	86.7663
11410	74.1055
11420	84.1055
11430	69.0194
11440	79.0194
11450	65.752
11460	75.752
11470	65.7918
11480	75.7918
11490	64.2488
11500	74.2488
11510	61.7814
11520	71.7814
11530	81.7814
11540	67.3604
11550	77.3604
11560	60.2526
11570	70.2526
11580	64.4353
11590	74.4353
11600	66.0012
11610	76.0012
11620	64.3089
11630	74.3089
11640	84.3089
11650	70.2854
11660	80.2854
11670	66.0582
11680	76.0582
11690	58.5858
11700	68.5858
11710	78.5858
11720	71.0553
11730	62.7673
11740	72.7673
11750	82.7673
11760	69.5803
11770	79.5803
11780	67.4162
11790	77.4162
11800	62.9514
11810	72.9514
11820	55.6479
11830	65.6479
11840	75.6479
11850	68.8911
11860	61.4327
11870	71.4327
11880	81.4327
11890	69.559
11900	79.559
11910	67.5622
11920	77.5622
11930	62.9851
11940	72.9851
11950	82.9851
11960	63.7313
11970	73.7313
11980	65.5721
11990	75.5721
12000	67.0218
12010	77.0218
12020	87.0218
12030	75.9847
12040	85.9847
12050	72.5309
12060	82.5309
12070	92.5309
12080	73.6877
12090	83.6877
12100	65.0129
12110	75.0129
12120	64.6245
12130	74.6245
12140	84.6245
12150	69.036
12160	79.036
12170	69.4618
12180	79.4618
12190	68.449
12200	78.449
12210	88.449
12220	75.0432
12230	85.0432
12240	66.5314
12250	76.5314
12260	65.8975
12270	75.8975
12280	85.8975
12290	71.969
12300	81.969
12310	68.8734
12320	78.8734
12330	62.3462
12340	72.3462
12350	82.3462
12360	67.8204
12370	77.8204
12380	68.2067
12390	78.2067
12400	67.4315
12410	77.4315
12420	65.4882
12430	75.4882
12440	63.6527
12450	73.6527
12460	83.6527
12470	67.5192
12480	77.5192
12490	60.5686
12500	70.5686
12510	64.1832
12520	74.1832
12530	66.0328
12540	76.0328
12550	64.0609
12560	74.0609
12570	84.0609
12580	70.7094
12590	80.7094
12600	66.6749
12610	76.6749
12620	59.4276
12630	69.4276
12640	60.2516
12650	70.2516
12660	80.2516
12670	69.9556
12680	79.9556
12690	70.3497
12700	80.3497
12710	90.3498
12720	77.0273
12730	87.0273
12740	71.6107
12750	81.6107
12760	61.8743
12770	71.8743
12780	81.8743
12790	69.5297
12800	79.5297
12810	65.9224
12820	75.9224
12830	67.6514
12840	77.6514
12850	87.6515
12860	76.5453
12870	86.5453
12880	71.4843
12890	81.4843
12900	91.4843
12910	69.9772
12920	79.9772
12930	68.7601
12940	78.7601
12950	64.881
12960	74.881
12970	84.8809
12980	70.1519
12990	80.1519
13000	68.7908
13010	78.7908
13020	65.8083
13030	75.8083
13040	85.8083
13050	72.1333
13060	62.4889
13070	72.4889
13080	82.4889
13090	68.2222
13100	78.2222
13110	66.8554
13120	76.8554
13130	63.6169
13140	73.6169
13150	56.5122
13160	66.5122
13170	76.5122
13180	68.3866
13190	60.9309
13200	70.9309
13210	80.9309
13220	68.5782
13230	78.5782
13240	67.4134
13250	77.4134
13260	63.8639
13270	73.8639
13280	83.8639
13290	65.0657
13300	75.0657
13310	65.2141
13320	75.2141
13330	66.3126
13340	76.3126
13350	86.3126
13360	74.8076
13370	84.8076
13380	72.2322
13390	82.2322
13400	92.2322
13410	74.4795
13420	84.4794
13430	66.21
13440	76.21
13450	64.9631
13460	74.9631
13470	84.9631
13480	69.3335
13490	79.3335
13500	69.9393
13510	79.9393
13520	68.967
13530	78.967
13540	88.967
13550	73.0701
13560	83.0701
13570	65.0664
13580	75.0664
13590	63.784
13600	73.784
13610	83.784
13620	69.8396
13630	79.8396
13640	67.4835
13650	77.4835
13660	67.2161
13670	77.2161
13680	87.2161
13690	72.6803
13700	82.6803
13710	68.0289
13720	78.0289
13730	66.5456
13740	76.5456
13750	64.3527
13760	74.3527
13770	63.8165
13780	73.8165
13790	83.8165
13800	68.2584
13810	78.2584
13820	61.8713
13830	71.8713
13840	64.2558
13850	74.2558
13860	65.0307
13870	75.0307
13880	63.0344
13890	73.0344
13900	83.0344
13910	71.0528
13920	81.0528
13930	67.1338
13940	77.1338
13950	61.0078
13960	71.0078
13970	60.2458
13980	70.2458
13990	80.2458
14000	69.7068
14010	79.7068
14020	69.4342
14030	79.4342
14040	89.4342
14050	77.0084
14060	87.0084
14070	71.3396
14080	81.3396
14090	63.4055
14100	73.4055
14110	83.4055
14120	69.5998
14130	79.5998
14140	65.6636
14150	75.6636
14160	67.7075
14170	77.7075
14180	87.7075
14190	76.334
14200	86.334
14210	70.4816
14220	80.4816
14230	90.4816
14240	70.9807
14250	80.9807
14260	69.1581
14270	79.1581
14280	65.151
14290	75.151
14300	85.151
14310	70.7053
14320	80.7053
14330	68.2345
14340	78.2345
14350	67.3368
14360	77.3368
14370	87.3368
14380	70.2714
14390	80.2714
14400	68.2838
14410	78.2838
14420	88.2838
14430	73.0632
14440	83.0632
14450	70.6857
14460	80.6857
14470	64.5315
14480	74.5315
14490	62.8878
14500	72.8878
14510	82.8878
14520	70.3087
14530	59.6736
14540	69.6736
14550	79.6736
14560	68.0693
14570	78.0693
14580	67.4943
14590	77.4943
14600	63.4351
14610	73.4351
14620	83.435
14630	65.9341
14640	75.9341
14650	66.5884
14660	57.7308
14670	67.7308
14680	77.7308
14690	66.2308
14700	76.2308
14710	65.7308
14720	75.7308
14730	85.7308
14740	69.8846
14750	79.8846
14760	64.3846
14770	74.3846
14780	63.3846
14790	73.3846
14800	64.5385
14810	74.5385
14820	63.0385
14830	73.0385
14840	62.5385
14850	72.5385
14860	82.5385
14870	68.5385
14880	78.5385
14890	63.0385
14900	73.0385
14910	62.0508
14920	72.0508
14930	82.0508
14940	72.2551
14950	82.2551
14960	70.5493
14970	80.5493
14980	90.5493
14990	76.6603
15000	86.6603
15010	70.9692
15020	80.9692
15030	63.7023
15040	73.7023
15050	83.7023
15060	69.6565
15070	79.6565
15080	66.6794
15090	76.6794
15100	86.6794
15110	76.0687
15120	86.0687
15130	73.626
15140	83.626
15150	67.9855
15160	77.9855
15170	60.7572
15180	70.7572
15190	80.7572
15200	68.1165
15210	78.1165
15220	65.1906
15230	75.1906
15240	85.1906
15250	76.0125
15260	86.0125
15270	73.6581
15280	83.6581
15290	68.1295
15300	78.1295
15310	88.1295
15320	69.0884
15330	79.0884
15340	65.9444
15350	75.9444
15360	63.1394
15370	73.1394
15380	83.1394
15390	74.086
15400	84.086
15410	71.8851
15420	81.8851
15430	91.8851
15440	74.4874
15450	84.4874
15460	67.0522
15470	77.0522
15480	63.8948
15490	73.8948
15500	83.8948
15510	69.6775
15520	79.6775
15530	70.7732
15540	80.7732
15550	68.73
15560	78.73
15570	88.73
15580	73.0071
15590	83.0071
15600	65.1629
15610	75.1629
15620	61.993
15630	71.993
15640	81.993
15650	69.6236
15660	79.6236
15670	70.9355
15680	80.9355
15690	90.9355
15700	77.6391
15710	87.639
15720	71.408
15730	81.408
15740	63.3361
15750	73.3361
15760	83.3361
15770	68.4485
15780	78.4485
15790	66.3624
15800	76.3624
15810	86.3624
15820	76.6202
15830	86.6202
15840	74.2094
15850	84.2094
15860	69.1438
15870	79.1438
15880	60.7695
15890	70.7695
15900	59.1449
15910	69.1449
15920	79.1449
15930	67.4007
15940	58.6282
15950	68.6282
15960	78.6282
15970	69.1336
15980	79.1336
15990	66.8756
16000	54.5925
16010	64.5925
16020	74.5925
16030	63.1001
16040	73.1001
16050	62.3436
16060	72.3436
16070	60.6677
16080	70.6677
16090	60.349
16100	70.349
16110	62.3523
16120	72.3523
16130	82.3523
16140	69.8381
16150	79.8381
16160	68.4453
16170	78.4453
16180	64.0851
16190	74.0851
16200	84.0851
16210	69.9792
16220	79.9792
16230	65.1095
16240	75.1095
16250	85.1095
16260	75.6064
16270	85.6064
16280	73.0017
16290	83.0017
16300	69.9424
16310	79.9424
16320	89.9424
16330	72.0052
16340	82.0052
16350	63.7253
16360	73.7253
16370	61.8053
16380	71.8053
16390	81.8053
16400	72.2769
16410	82.2769
16420	71.7402
16430	60.592
16440	70.592
16450	80.592
16460	65.7148
16470	75.7148
16480	59.6768
16490	69.6768
16500	59.4856
16510	69.4856
16520	79.4856
16530	68.4138
16540	78.4138
16550	68.9655
16560	78.9655
16570	88.9655
16580	75.7931
16590	85.7931
16600	72.8342
16610	82.8342
16620	64.8582
16630	74.8582
16640	84.8582
16650	71.3936
16660	81.3936
16670	68.7513
16680	78.7513
16690	66.1202
16700	76.1202
16710	86.1202
16720	69.1989
16730	79.1989
16740	65.2034
16750	75.2034
16760	64.9101
16770	74.9101
16780	84.9101
16790	72.8745
16800	82.8745
16810	70.3818
16820	80.3818
16830	67.4844
16840	77.4844
16850	87.4844
16860	70.7773
16870	80.7773
16880	62.4667
16890	72.4667
16900	82.4667
16910	73.2992
16920	83.2992
16930	71.4357
16940	81.4357
16950	69.124
16960	79.124
16970	89.124
16980	74.6041
16990	84.6041
17000	68.0663
17010	78.0663
17020	59.6528
17030	69.6528
17040	79.6528
17050	71.0193
17060	81.0193
17070	70.4968
17080	80.4968
17090	90.4968
17100	76.6054
17110	86.6054
17120	73.159
17130	83.159
17140	66.7823
17150	76.7823
17160	86.7823
17170	66.6122
17180	76.6122
17190	65.0295
17200	75.0295
17210	67.2754
17220	77.2754
17230	87.2754
17240	74.5412
17250	84.5412
17260	71.0135
17270	81.0135
17280	91.0135
17290	72.657
17300	82.657
17310	64.8344
17320	74.8344
17330	63.0464
17340	73.0463
17350	83.0464
17360	74.1722
17370	84.1722
17380	71.4569
17390	81.4569
17400	67.8146
17410	77.8146
17420	87.8146
17430	71.3907
17440	81.3907
17450	63.5762
17460	73.5762
17470	61.7881
17480	71.7881
17490	81.7881
17500	72.3179
17510	82.3179
17520	72.1854
17530	60.2318
17540	70.2318
17550	80.2318
17560	65.7053
17570	75.7053
17580	59.9011
17590	69.9011
17600	79.9011
17610	68.1652
17620	78.1652
17630	66.8759
17640	76.8759
17650	66.7341
17660	76.7341
17670	86.7341
17680	73.9798
17690	83.9798
17700	70.0036
17710	80.0036
17720	65.0164
17730	75.0164
17740	85.0164
17750	73.4426
17760	83.4426
17770	70.4918
17780	80.4918
17790	67.082
17800	77.082
17810	87.082
17820	70.459
17830	80.459
17840	62.459
17850	72.459
17860	65.0237
17870	75.0237
17880	85.0237
17890	73.4891
17900	83.4891
17910	70.6071
17920	80.6071
17930	90.6071
17940	75.2216
17950	85.2216
17960	68.4167
17970	78.4167
17980	60.6111
17990	70.6111
18000	80.6111
18010	72.1049
18020	82.1049
18030	70.7733
18040	80.7733
18050	68.1058
18060	78.1058
18070	88.1058
18080	74.1115
18090	84.1115
18100	67.4336
18110	77.4336
18120	87.4336
18130	67.438
18140	77.438
18150	69.2824
18160	79.2824
18170	69.218
18180	79.218
18190	89.218
18200	74.9082
18210	84.9082
18220	70.6655
18230	80.6655
18240	64.1699
18250	74.1699
18260	84.1699
18270	66.3052
18280	76.3052
18290	65.2328
18300	75.2328
18310	67.2812
18320	77.2812
18330	87.2812
18340	76.0723
18350	63.6403
18360	73.6403
18370	83.6403
18380	67.0947
18390	77.0947
18400	60.9869
18410	70.9869
18420	61.5286
18430	71.5286
18440	81.5286
18450	68.6223
18460	78.6223
18470	68.0518
18480	78.0518
18490	67.1307
18500	77.1307
18510	87.1307
18520	73.165
18530	83.165
18540	68.4702
18550	78.4702
18560	67.1395
18570	77.1395
18580	87.1395
18590	74.2524
18600	84.2524
18610	70.2035
18620	80.2035
18630	90.2035
18640	72.0445
18650	82.0445
18660	64.0642
18670	74.0642
18680	65.4028
18690	75.4028
18700	85.4028
18710	74.2991
18720	84.2991
18730	71.6199
18740	81.6199
18750	67.6382
18760	77.6383
18770	87.6383
18780	71.4938
18790	81.4938
18800	63.6188
18810	73.6188
18820	61.5996
18830	71.5996
18840	81.5996
18850	72.2162
18860	82.2162
18870	72.2967
18880	60.1171
18890	70.1171
18900	80.1171
18910	65.9556
18920	75.9556
18930	60.2145
18940	70.2145
18950	80.2145
18960	68.1621
18970	78.1622
18980	66.7523
18990	76.7523
19000	66.4366
19010	76.4366
19020	86.4366
19030	74.3251
19040	84.3251
19050	71.4565
19060	81.4565
19070	63.7353
19080	73.7353
19090	83.7353
19100	71.8736
19110	81.8736
19120	68.7592
19130	78.7592
19140	65.2456
19150	75.2456
19160	85.2456
19170	69.4363
19180	79.4363
19190	65.6834
19200	75.6834
19210	64.9003
19220	74.9003
19230	84.9003
19240	73.1915
19250	83.1915
19260	70.2128
19270	80.2128
19280	90.2128
19290	75.0913
19300	85.0913
19310	69.1553
19320	79.1553
19330	61.5304
19340	71.5304
19350	81.5304
19360	71.9737
19370	81.9737
19380	70.3568
19390	80.3568
19400	67.5023
19410	77.5023
19420	87.5023
19430	73.8534
19440	83.8534
19450	67.8046
19460	77.8046
19470	87.8046
19480	68.0405
19490	78.0405
19500	69.2696
19510	79.2696
19520	68.6637
19530	78.6637
19540	88.6637
19550	74.4668
19560	84.4668
19570	70.764
19580	80.764
19590	64.9107
19600	74.9107
19610	84.9107
19620	66.994
19630	76.994
19640	64.9107
19650	74.9107
19660	84.9107
19670	75.7219
19680	85.7219
19690	73.241
19700	83.241
19710	69.5272
19720	79.5272
19730	89.5272
19740	71.7965
19750	81.7965
19760	63.9814
19770	73.9814
19780	61.6172
19790	71.6172
19800	81.6172
19810	72.4611
19820	82.4611
19830	72.1184
19840	60.0212
19850	70.0212
19860	80.0212
19870	65.846
19880	75.846
19890	60.1614
19900	70.1614
19910	59.3895
19920	69.3895
19930	79.3895
19940	68.7395
19950	78.7395
19960	68.2972
19970	78.2972
19980	88.2972
19990	76.1416
20000	86.1416
20010	73.0559
20020	83.0559
20030	65.6361
20040	75.6361
20050	85.6361
20060	71.2273
20070	81.2273
20080	69.2032
20090	79.2032
20100	65.2757
20110	75.2757
20120	85.2757
20130	69.2729
20140	79.2729
20150	65.9482
20160	75.9482
20170	65.5217
20180	75.5217
20190	85.5217
20200	72.422
20210	82.422
20220	70.4357
20230	80.4357
20240	66.3901
20250	76.3901
20260	86.3901
20270	70.5327
20280	80.5327
20290	63.4968
20300	73.4968
20310	83.4968
20320	74.1989
20330	84.1989
20340	71.271
20350	81.271
20360	69.1748
20370	79.1749
20380	89.1748
20390	73.2815
20400	83.2815
20410	67.654
20420	77.654
20430	60.8581
20440	70.858
20450	80.858
20460	71.0482
20470	81.0482
20480	70.057
20490	80.057
20500	90.057
20510	76.5527
20520	86.5527
20530	72.2222
20540	82.2222
20550	66.6952
20560	76.6952
20570	86.6952
20580	68.0627
20590	78.0627
20600	64.9288
20610	74.9288
20620	66.5853
20630	76.5853
20640	86.5853
20650	74.6662
20660	84.6662
20670	70.3786
20680	80.3786
20690	90.3786
20700	72.8616
20710	82.8616
20720	66.2659
20730	76.2659
20740	63.0531
20750	73.0531
20760	83.0531
20770	73.5801
20780	83.5801
20790	71.3556
20800	81.3556
20810	67.1204
20820	77.1204
20830	87.1204
20840	71.587
20850	81.587
20860	64.9145
20870	74.9145
20880	61.731
20890	71.731
20900	81.731
20910	72.6552
20920	82.6552
20930	72.1281
20940	59.4273
20950	69.4273
20960	79.4273
20970	65.9444
20980	75.9444
20990	61.0278
21000	71.0278
21010	81.0278
21020	67.6944
21030	77.6944
21040	67.1242
21050	77.1242
21060	66.1581
21070	76.1581
21080	86.1581
21090	74.3339
21100	84.3339
21110	71.4075
21120	81.4075
21130	64.7164
21140	74.7164
21150	84.7164
21160	71.1831
21170	81.1831
21180	69.2017
21190	79.2018
21200	64.7492
21210	74.7492
21220	84.7492
21230	68.9728
21240	78.9728
21250	66.2494
21260	76.2494
21270	66.0486
21280	76.0486
21290	86.0486
21300	72.6553
21310	82.6553
21320	70.652
21330	80.652
21340	90.652
21350	73.9917
21360	83.9917
21370	68.3667
21380	78.3667
21390	61.8445
21400	71.8445
21410	81.8445
21420	71.9025
21430	81.9025
21440	70.5938
21450	80.5938
21460	68.4977
21470	78.4977
21480	88.4977
21490	73.456
21500	83.4561
21510	67.9331
21520	77.9331
21530	87.9331
21540	69.4227
21550	79.4227
21560	66.2445
21570	76.2445
21580	67.3669
21590	77.3669
21600	67.4018
21610	77.4018
21620	64.1521
21630	74.1521
21640	60.1512
21650	70.1512
21660	80.1512
21670	65.5473
21680	75.5473
21690	64.1359
21700	74.1359
21710	63.8113
21720	73.8113
21730	83.8113
21740	72.5237
21750	82.5237
21760	70.0659
21770	80.0659
21780	90.0659
21790	75.798
21800	85.798
21810	69.5174
21820	79.5174
21830	66.622
21840	76.622
21850	86.622
21860	73.2976
21870	83.2976
21880	68.5255
21890	78.5255
21900	62.252
21910	72.252
21920	82.252
21930	69.695
21940	79.695
21950	69.1179
21960	79.1179
21970	66.2474
21980	76.2474
21990	86.2474
22000	74.5273
22010	84.5273
22020	69.7439
22030	79.7439
22040	89.7439
22050	71.685
22060	81.685
22070	65.2143
22080	75.2143
22090	65.4784
22100	75.4784
22110	85.4784
22120	73.79
22130	83.79
22140	72.2551
22150	82.2551
22160	67.3975
22170	77.3975
22180	87.3975
22190	71.0847
22200	81.0847
22210	64.5037
22220	74.5037
22230	61.5611
22240	71.5611
22250	81.5611
22260	72.9518
22270	82.9518
22280	71.7325
22290	60.185
22300	70.185
22310	80.185
22320	65.8468
22330	75.8468
22340	61.1757
22350	71.1757
22360	81.1757
22370	68.2842
22380	78.2842
22390	68.1343
22400	78.1343
22410	64.9775
22420	74.9775
22430	84.9775
22440	72.476
22450	82.476
22460	69.4868
22470	79.4868
22480	65.6402
22490	75.6402
22500	85.6402
22510	72.6595
22520	82.6595
22530	71.151
22540	81.151
22550	66.3745
22560	76.3745
22570	86.3745
22580	70.1552
22590	80.1552
22600	63.2176
22610	73.2176
22620	64.9471
22630	74.9471
22640	84.9471
22650	73.7402
22660	83.7403
22670	72.2857
22680	82.2857
22690	92.2857
22700	75.7922
22710	85.7922
22720	69.6321
22730	79.6321
22740	62.6848
22750	72.6848
22760	82.6848
22770	67.6731
22780	77.6731
22790	69.1798
22800	79.1798
22810	69.3511
22820	79.3511
22830	66.5822
22840	76.5822
22850	62.2822
22860	72.2822
22870	82.2822
22880	65.3407
22890	75.3407
22900	63.6977
22910	73.6977
22920	63.7509
22930	73.7509
22940	64.2567
22950	74.2567
22960	84.2567
22970	71.6555
22980	81.6555
22990	69.076
23000	79.076
23010	89.076
23020	72.4472
23030	82.4472
23040	69.3982
23050	79.3982
23060	68.153
23070	78.153
23080	88.153
23090	71.3276
23100	81.3276
23110	64.7025
23120	74.7025
23130	63.9495
23140	73.9495
23150	83.9495
23160	72.4647
23170	82.4647
23180	69.6163
23190	79.6163
23200	89.6163
23210	77.0436
23220	87.0436
23230	71.7836
23240	81.7836
23250	65.115
23260	75.115
23270	85.115
23280	66.9805
23290	76.9805
23300	67.5008
23310	77.5008
23320	66.8042
23330	76.8042
23340	67.0007
23350	77.0007
23360	64.5842
23370	74.5842
23380	84.5842
23390	67.7786
23400	77.7786
23410	63.3075
23420	73.3075
23430	62.3373
23440	72.3373
23450	82.3373
23460	70.6192
23470	61.2809
23480	71.2809
23490	61.7744
23500	71.7744
23510	81.7744
23520	66.9839
23530	76.9839
23540	62.5247
23550	72.5247
23560	61.6168
23570	71.6168
23580	81.6168
23590	68.0638
23600	61.3635
23610	71.3635
23620	81.3635
23630	70.2962
23640	80.2962
23650	65.6371
23660	75.6371
23670	60.8539
23680	70.8539
23690	80.8539
23700	68.4802
23710	78.4802
23720	64.8403
23730	74.8403
23740	66.9565
23750	76.9564
23760	66.1596
23770	76.1595
23780	63.6963
23790	73.6963
23800	58.8152
23810	68.8152
23820	59.4652
23830	69.4652
23840	79.4652
23850	65.9075
23860	75.9075
23870	65.1065
23880	75.1065
23890	85.1065
23900	74.6107
23910	84.6107
23920	71.7937
23930	59.4753
23940	69.4753
23950	79.4753
23960	66.6667
23970	76.6667
23980	63.2603
23990	73.2603
24000	83.2603
24010	66.691
24020	76.691
24030	65.8151
24040	75.8151
24050	66.472
24060	76.472
24070	86.472
24080	74.2092
24090	84.2092
24100	71.3924
24110	81.3924
24120	66.2004
24130	76.2004
24140	86.2004
24150	69.5052
24160	79.5052
24170	62.9746
24180	72.9746
24190	82.9746
24200	73.6672
24210	83.6672
24220	72.9423
24230	82.9423
24240	70.1891
24250	80.1891
24260	90.1891
24270	73.2462
24280	83.2462
24290	66.477
24300	76.477
24310	59.8204
24320	69.8204
24330	79.8204
24340	71.9078
24350	81.9078
24360	71.0447
24370	81.0447
24380	68.4337
24390	78.4337
24400	88.4337
24410	73.1325
24420	83.1325
24430	66.4819
24440	76.4819
24450	86.4819
24460	67.9432
24470	77.9432
24480	69.9977
24490	79.9976
24500	69.1228
24510	79.1228
24520	89.1228
24530	74.9372
24540	84.9372
24550	69.7451
24560	79.7451
24570	89.7451
24580	71.0186
24590	81.0186
24600	64.5357
24610	74.5357
24620	66.4397
24630	76.4397
24640	65.6699
24650	75.6699
24660	85.6698
24670	72.8947
24680	82.8947
24690	67.7807
24700	77.7807
24710	87.7807
24720	71.0061
24730	81.0061
24740	64.5752
24750	74.5752
24760	66.5207
24770	76.5207
24780	86.5208
24790	74.0708
24800	84.0708
24810	71.399
24820	81.399
24830	66.1513
24840	76.1513
24850	86.1513
24860	69.5496
24870	79.5496
24880	62.9989
24890	72.9989
24900	82.9989
24910	73.7936
24920	83.7936
24930	72.891
24940	82.891
24950	70.3317
24960	80.3318
24970	90.3317
24980	72.9621
24990	82.9621
25000	66.4013
25010	76.4013
25020	59.8914
25030	69.8914
25040	79.8914
25050	71.9874
25060	81.9874
25070	70.9734
25080	80.9734
25090	68.404
25100	78.404
25110	88.404
25120	73.0548
25130	83.0548
25140	66.4211
25150	76.4211
25160	86.4211
25170	68.2518
25180	78.2518
25190	70.2362
25200	80.2362
25210	68.9184
25220	78.9184
25230	88.9184
25240	74.7794
25250	84.7794
25260	69.6839
25270	79.6839
25280	89.6839
25290	71.1311
25300	81.1312
25310	64.8149
25320	57.7567
25330	67.7567
25340	77.7567
25350	67.3582
25360	77.3582
25370	66.5969
25380	76.5969
25390	86.5968
25400	71.2113
25410	81.2113
25420	66.5735
25430	76.5735
25440	62.2448
25450	72.2448
25460	60.5657
25470	70.5657
25480	63.0464
25490	73.0464
25500	83.0464
25510	72.7394
25520	60.8747
25530	70.8747
25540	80.8747
25550	66.3119
25560	76.3119
25570	62.066
25580	72.066
25590	61.7272
25600	71.7272
25610	60.8903
25620	70.8903
25630	60.9341
25640	70.9341
25650	80.9341
25660	70.2403
25670	80.2403
25680	68.6991
25690	78.6991
25700	88.6991
25710	72.438
25720	62.1576
25730	72.1576
25740	61.373
25750	71.373
25760	81.373
25770	65.9852
25780	75.9852
25790	61.5106
25800	71.5106
25810	81.5106
25820	71.0385
25830	81.0385
25840	70.6958
25850	80.6958
25860	68.5622
25870	78.5622
25880	88.5622
25890	74.6567
25900	84.6567
25910	69.3429
25920	79.3429
25930	89.3429
25940	70.9812
25950	80.9812
25960	65.0974
25970	57.5319
25980	67.5319
25990	77.5319
26000	67.3423
26010	77.3423
26020	66.5541
26030	76.5541
26040	86.5541
26050	71.3288
26060	81.3288
26070	66.7398
26080	76.7398
26090	86.7398
26100	70.9017
26110	58.5334
26120	68.5334
26130	60.9696
26140	70.9696
26150	80.9696
26160	70.8186
26170	58.9888
26180	68.9888
26190	78.9888
26200	64.4494
26210	74.4494
26220	62.3371
26230	72.3371
26240	61.5955
26250	71.5955
26260	60.8539
26270	70.8539
26280	60.8315
26290	70.8315
26300	80.8315
26310	70.0383
26320	80.0383
26330	68.6552
26340	78.6552
26350	88.6552
26360	72.8847
26370	62.1647
26380	72.1647
26390	82.1647
26400	69.8773
26410	79.8773
26420	64.4671
26430	74.4671
26440	84.4671
26450	67.8209
26460	77.8209
26470	67.639
26480	77.639
26490	67.5906
26500	77.5906
26510	65.0632
26520	75.0632
26530	85.0632
26540	72.7319
26550	82.7318
26560	67.4289
26570	77.4289
26580	87.4289
26590	70.9019
26600	80.9019
26610	65.0387
26620	75.0387
26630	65.7344
26640	75.7344
26650	65.7936
26660	75.7937
26670	64.9733
26680	74.9733
26690	84.9733
26700	69.7585
26710	79.7585
26720	65.2
26730	75.2
26740	85.2
26750	69.3847
26760	58.3056
26770	68.3056
26780	60.7222
26790	70.7222
26800	80.7222
26810	70.8324
26820	59.2671
26830	69.2671
26840	79.2671
26850	64.5011
26860	74.5011
26870	62.4168
26880	72.4168
26890	61.3747
26900	71.3747
26910	60.63
26920	70.63
26930	80.63
26940	69.0171
26950	79.0171
26960	68.0945
26970	78.0945
26980	88.0945
26990	75.557
27000	85.557
27010	69.916
27020	58.8836
27030	68.8837
27040	78.8837
27050	66.699
27060	76.699
27070	63.2671
27080	73.2671
27090	83.2671
27100	66.839
27110	76.839
27120	66.8294
27130	58.755
27140	68.755
27150	78.755
27160	66.978
27170	76.978
27180	66.4983
27190	76.4983
27200	86.4983
27210	71.3994
27220	81.3994
27230	66.7831
27240	76.7831
27250	86.7831
27260	71.4024
27270	58.4716
27280	68.4716
27290	61.179
27300	71.179
27310	81.179
27320	70.5677
27330	59.083
27340	69.083
27350	79.083
27360	64.3886
27370	74.3886
27380	62.6419
27390	72.6419
27400	61.3601
27410	71.3601
27420	60.9433
27430	70.9433
27440	61.1806
27450	71.1806
27460	81.1806
27470	70.3572
27480	80.3572
27490	68.5231
27500	78.5231
27510	88.5231
27520	73.0056
27530	61.6812
27540	71.6812
27550	81.6812
27560	69.8231
27570	79.8231
27580	64.647
27590	74.647
27600	84.647
27610	68.0585
27620	78.0585
27630	67.9496
27640	77.9496
27650	67.5459
27660	77.5459
27670	64.4538
27680	74.4538
27690	84.4538
27700	72.7202
27710	82.7202
27720	67.614
27730	77.614
27740	87.614
27750	71.1139
27760	81.1139
27770	65.535
27780	75.535
27790	65.4692
27800	75.4692
27810	65.1931
27820	75.1931
27830	65.1073
27840	75.1073
27850	85.1073
27860	69.8712
27870	79.8712
27880	65.3267
27890	75.3267
27900	85.3267
27910	69.8067
27920	58.06
27930	68.06
27940	61.1039
27950	71.1039
27960	81.1039
27970	70.6852
27980	59.147
27990	69.147
28000	79.147
28010	64.7381
28020	74.7381
28030	62.7619
28040	72.7619
28050	60.7444
28060	70.7444
28070	60.8349
28080	70.8349
28090	80.8349
28100	69.3091
28110	79.3091
28120	68.622
28130	78.622
28140	88.622
28150	75.6284
28160	85.6284
28170	70.1348
28180	58.1634
28190	68.1634
28200	78.1634
28210	66.8926
28220	76.8926
28230	63.3334
28240	73.3334
28250	83.3335
28260	67.1569
28270	77.1569
28280	67.1074
28290	58.531
28300	68.531
28310	78.531
28320	66.6009
28330	76.6009
28340	66.8099
28350	76.8099
28360	86.8099
28370	71.4126
28380	81.4125
28390	67.0867
28400	77.0867
28410	87.0867
28420	71.7219
28430	58.0584
28440	68.0584
28450	61.1929
28460	71.1929
28470	81.1929
28480	69.9504
28490	79.9504
28500	66.4616
28510	76.4616
28520	86.4616
28530	70.3178
28540	80.3178
28550	66.8669
28560	76.8669
28570	62.9515
28580	72.9515
28590	64.6736
28600	74.6736
28610	65.0152
28620	75.0152
28630	85.0152
28640	69.793
28650	79.793
28660	65.5736
28670	75.5736
28680	85.5736
28690	70.2868
28700	57.9613
28710	67.9613
28720	77.9613
28730	69.7399
28740	79.7399
28750	68.6449
28760	78.6449
28770	88.6449
28780	73.5114
28790	83.5114
28800	67.2939
28810	77.2939
28820	63.7773
28830	73.7773
28840	59.647
28850	69.647
28860	62.8615
28870	72.8615
28880	82.8615
28890	71.9372
28900	81.9372
28910	68.5315
28920	78.5315
28930	88.5315
28940	72.1881
28950	82.1881
28960	66.7076
28970	54.3763
28980	64.3763
28990	74.3763
29000	66.3395
29010	76.3395
29020	66.9325
29030	76.9325
29040	86.9325
29050	71.7382
29060	81.7382
29070	67.2901
29080	77.2901
29090	87.2901
29100	71.8414
29110	57.8294
29120	67.8294
29130	61.1245
29140	71.1245
29150	81.1245
29160	70.0209
29170	80.0209
29180	66.51
29190	76.51
29200	86.51
29210	70.3462
29220	80.3462
29230	66.8629
29240	76.8629
29250	62.7383
29260	72.7383
29270	64.8479
29280	74.8479
29290	65.071
29300	75.071
29310	85.071
29320	69.8088
29330	79.8088
29340	65.5763
29350	75.5763
29360	85.5763
29370	70.3242
29380	57.8189
29390	67.8189
29400	77.8189
29410	69.7836
29420	79.7836
29430	68.5952
29440	78.5952
29450	88.5952
29460	73.4944
29470	83.4944
29480	67.4393
29490	77.4393
29500	63.7418
29510	73.7418
29520	59.5407
29530	69.5407
29540	62.8313
29550	72.8313
29560	82.8313
29570	71.747
29580	81.747
29590	68.5141
29600	78.5141
29610	88.5141
29620	72.3695
29630	82.3695
29640	66.7871
29650	54.3373
29660	64.3373
29670	74.3373
29680	66.3454
29690	76.3454
29700	66.7671
29710	76.7671
29720	86.7671
29730	71.747
29740	81.747
29750	67.4699
29760	77.4699
29770	87.4699
29780	71.8876
29790	57.7108
29800	67.7108
29810	61.004
29820	71.004
29830	81.004
29840	69.9197
29850	79.9197
29860	66.691
29870	76.691
29880	86.691
29890	70.5622
29900	80.5622
29910	66.8299
29920	76.8299
29930	62.6815
29940	72.6815
29950	64.7158
29960	74.7158
29970	64.9299
29980	74.9299
29990	84.9299
30000	69.9599
30010	79.9599
30020	65.7315
30030	75.7315
30040	85.7315
30050	70.2121
30060	57.8251
30070	67.8251
30080	77.8251
30090	69.7596
30100	79.7596
30110	68.3547
30120	78.3547
30130	88.3547
30140	73.5083
30150	83.5083
30160	67.5803
30170	77.5803
30180	63.774
30190	73.774
30200	59.8505
30210	69.8505
30220	62.7659
30230	72.7659
30240	82.7659
30250	71.3836
30260	81.3836
30270	68.4573
30280	78.4573
30290	88.4573
30300	72.5921
30310	82.5921
30320	66.8285
30330	54.7151
30340	64.7151
30350	74.7151
30360	66.1151
30370	76.1151
30380	66.346
30390	76.346
30400	86.346
30410	71.7558
30420	81.7558
30430	67.6565
30440	77.6565
30450	87.6565
30460	72.0102
30470	58.3073
30480	68.3073
30490	60.73
30500	70.73
30510	80.73
30520	69.5573
30530	79.5573
30540	66.6696
30550	76.6696
30560	86.6696
30570	70.6428
30580	80.6428
30590	66.9942
30600	76.9942
30610	63.348
30620	73.3479
30630	64.2095
30640	74.2095
30650	64.6873
30660	74.6873
30670	84.6873
30680	69.8915
30690	79.8915
30700	65.8556
30710	75.8556
30720	85.8556
30730	70.5444
30740	58.5692
30750	68.5692
30760	78.5692
30770	69.3003
30780	79.3003
30790	68.1346
30800	78.1346
30810	88.1346
30820	73.2702
30830	83.2702
30840	67.4061
30850	77.4061
30860	64.0883
30870	74.0883
30880	60.3601
30890	70.3601
30900	62.589
30910	72.589
30920	82.589
30930	71.3023
30940	81.3022
30950	68.292
30960	78.292
30970	88.292
30980	72.4423
30990	82.4423
31000	67.1346
31010	55.1346
31020	65.1346
31030	75.1346
31040	66.0192
31050	76.0192
31060	66.2519
31070	76.2519
31080	86.2519
31090	71.5118
31100	81.5118
31110	67.5609
31120	77.5609
31130	87.5609
31140	72.0723
31150	58.4638
31160	68.4638
31170	60.7997
31180	70.7997
31190	80.7997
31200	69.3857
31210	79.3857
31220	66.5354
31230	76.5354
31240	86.5354
31250	70.8545
31260	80.8545
31270	66.999
31280	76.9991
31290	63.2971
31300	73.2971
31310	64.256
31320	74.2559
31330	64.4284
31340	74.4284
31350	84.4284
31360	70.0273
31370	80.0273
31380	66.1683
31390	76.1683
31400	86.1683
31410	70.2268
31420	58.3228
31430	68.3228
31440	78.3228
31450	69.2967
31460	79.2967
31470	67.8886
31480	77.8886
31490	87.8886
31500	73.6541
31510	83.6541
31520	68.1367
31530	78.1367
31540	63.9919
31550	73.9919
31560	60.176
31570	70.176
31580	62.3293
31590	72.3293
31600	82.3294
31610	70.865
31620	80.865
31630	68.5252
31640	78.5252
31650	88.5252
31660	73.1627
31670	83.1627
31680	67.1787
31690	55.0692
31700	65.0692
31710	75.0692
31720	65.576
31730	75.576
31740	65.7912
31750	75.7912
31760	85.7912
31770	71.8928
31780	81.8928
31790	68.2535
31800	78.2535
31810	88.2535
31820	72.3889
31830	58.2314
31840	68.2314
31850	60.2574
31860	70.2574
31870	80.2574
31880	69.1208
31890	79.1208
31900	66.8867
31910	76.8867
31920	86.8867
31930	71.1554
31940	81.1554
31950	67.1751
31960	77.1751
31970	63.0077
31980	73.0077
31990	63.7967
32000	73.7967
32010	64.3306
32020	74.3306
32030	84.3306
32040	70.592
32050	80.592
32060	66.4661
32070	76.4661
32080	86.4661
32090	70.3259
32100	57.8704
32110	67.8704
32120	77.8704
32130	68.7955
32140	78.7955
32150	67.9536
32160	77.9536
32170	87.9536
32180	74.1421
32190	84.1421
32200	68.2553
32210	78.2553
32220	64.0024
32230	74.0024
32240	59.5905
32250	69.5905
32260	61.9458
32270	71.9458
32280	81.9458
32290	71.1769
32300	81.1769
32310	69.0778
32320	79.0778
32330	89.0778
32340	73.255
32350	83.255
32360	67.179
32370	54.3764
32380	64.3764
32390	74.3764
32400	65.3967
32410	75.3967
32420	66.0416
32430	76.0416
32440	86.0416
32450	72.2854
32460	82.2854
32470	68.3102
32480	78.3102
32490	88.3102
32500	72.3583
32510	57.9367
32520	67.9367
32530	60.2564
32540	70.2564
32550	80.2564
32560	69.1972
32570	79.1972
32580	67.1421
32590	77.1421
32600	87.1421
32610	71.1204
32620	81.1204
32630	67.1253
32640	77.1253
32650	62.8671
32660	72.8671
32670	63.8738
32680	73.8738
32690	64.4
32700	74.4
32710	84.4
32720	70.4776
32730	80.4776
32740	66.4054
32750	76.4054
32760	86.4054
32770	70.2865
32780	57.8488
32790	67.8488
32800	77.8488
32810	68.8737
32820	78.8737
32830	67.8826
32840	77.8826
32850	87.8826
32860	73.9889
32870	83.9889
32880	68.1621
32890	78.1621
32900	63.9816
32910	73.9816
32920	59.8932
32930	69.8932
32940	62.105
32950	72.105
32960	82.105
32970	71.0879
32980	81.0879
32990	68.8416
33000	78.8416
33010	88.8416
33020	73.1784
33030	83.1784
33040	67.1294
33050	54.6976
33060	64.6976
33070	74.6976
33080	65.4827
33090	75.4827
33100	66.0479
33110	76.0479
33120	86.0479
33130	72.1706
33140	82.1706
33150	68.194
33160	78.194
33170	88.194
33180	72.1272
33190	58.0308
33200	68.0308
33210	60.1019
33220	70.1019
33230	80.1019
33240	69.2255
33250	79.2255
33260	67.1185
33270	77.1185
33280	87.1185
33290	71.3635
33300	81.3635
33310	67.2359
33320	77.2359
33330	62.9945
33340	72.9945
33350	63.6436
33360	73.6436
33370	64.1472
33380	74.1472
33390	84.1472
33400	70.4021
33410	80.4021
33420	66.5385
33430	76.5385
33440	86.5385
33450	70.5996
33460	58.1074
33470	68.1074
33480	78.1074
33490	68.7853
33500	78.7853
33510	67.6236
33520	77.6236
33530	87.6236
33540	73.9137
33550	83.9137
33560	68.2548
33570	78.2548
33580	64.2124
33590	74.2124
33600	60.0419
33610	70.0419
33620	62.1427
33630	72.1427
33640	82.1427
33650	70.7943
33660	80.7943
33670	68.8576
33680	78.8576
33690	88.8576
33700	73.082
33710	83.082
33720	67.1473
33730	54.7943
33740	64.7943
33750	74.7943
33760	65.5979
33770	75.5979
33780	65.6935
33790	75.6935
33800	85.6935
33810	72.1608
33820	82.1608
33830	68.304
33840	78.304
33850	88.304
33860	72.2759
33870	58.0937
33880	68.0937
33890	60.3486
33900	70.3486
33910	80.3486
33920	68.8256
33930	78.8256
33940	67.0466
33950	77.0466
33960	87.0466
33970	71.4162
33980	81.4162
33990	67.1546
34000	77.1546
34010	62.994
34020	72.994
34030	63.9165
34040	73.9165
34050	63.9719
34060	73.9719
34070	83.9719
34080	70.4009
34090	80.4009
34100	66.6781
34110	76.6781
34120	86.6781
34130	70.4182
34140	58.0507
34150	68.0507
34160	78.0507
34170	69.0276
34180	79.0276
34190	67.6019
34200	77.6019
34210	87.6019
34220	73.836
34230	83.836
34240	68.3427
34250	78.3427
34260	63.9581
34270	73.9581
34280	59.9396
34290	69.9396
34300	62.2948
34310	72.2948
34320	82.2948
34330	70.6938
34340	80.6938
34350	68.6779
34360	78.6779
34370	88.6779
34380	73.3468
34390	83.3468
34400	67.079
34410	54.9163
34420	64.9163
34430	74.9163
34440	65.8278
34450	75.8278
34460	65.6729
34470	75.6729
34480	85.6729
34490	71.828
34500	81.828
34510	68.3644
34520	78.3644
34530	88.3644
34540	72.0164
34550	58.1576
34560	68.1576
34570	60.4852
34580	70.4852
34590	80.4852
34600	68.8563
34610	78.8563
34620	66.8039
34630	76.8039
34640	86.8039
34650	71.6441
34660	81.6441
34670	66.9661
34680	76.9661
34690	63
34700	73
34710	64.0169
34720	74.017
34730	63.9661
34740	73.9661
34750	83.9661
34760	70.2373
34770	80.2373
34780	66.8847
34790	76.8847
34800	86.8847
34810	70.3216
34820	58.0821
34830	68.0821
34840	78.0821
34850	68.9806
34860	78.9806
34870	67.4137
34880	77.4137
34890	87.4137
34900	73.7339
34910	83.7339
34920	68.6481
34930	78.6481
34940	64.0534
34950	74.0534
34960	60.0478
34970	70.0478
34980	62.0356
34990	72.0356
35000	82.0356
35010	70.5769
35020	80.5769
35030	68.6394
35040	78.6394
35050	88.6394
35060	73.6945
35070	83.6945
35080	67.2042
35090	54.938
35100	64.938
35110	74.938
35120	65.4362
35130	75.4362
35140	65.5872
35150	75.5872
35160	85.5872
35170	71.8624
35180	81.8624
35190	68.7455
35200	78.7455
35210	88.7455
35220	72.2155
35230	58.1822
35240	68.1822
35250	60.0808
35260	70.0808
35270	80.0808
35280	68.7415
35290	78.7415
35300	66.7632
35310	76.7632
35320	86.7632
35330	71.9423
35340	81.9423
35350	67.3324
35360	77.3324
35370	63.2486
35380	73.2486
35390	63.4907
35400	73.4907
35410	63.7573
35420	73.7573
35430	83.7573
35440	70.1878
35450	80.1878
35460	67.1718
35470	77.1718
35480	87.1718
35490	70.5927
35500	58.2977
35510	68.2977
35520	78.2977
35530	68.4894
35540	78.4894
35550	67.2781
35560	77.2781
35570	87.2781
35580	73.8006
35590	83.8006
35600	68.8446
35610	78.8446
35620	64.1549
35630	74.1549
35640	60.1155
35650	70.1155
35660	61.8579
35670	71.8579
35680	81.8579
35690	70.4303
35700	80.4303
35710	68.766
35720	78.766
35730	88.766
35740	73.844
35750	83.844
35760	67.3284
35770	55.0737
35780	65.0737
35790	75.0737
35800	65.4803
35810	75.4803
35820	65.2455
35830	75.2455
35840	85.2455
35850	71.8372
35860	81.8372
35870	68.768
35880	78.768
35890	88.768
35900	72.409
35910	58.5797
35920	68.5797
35930	60.297
35940	70.297
35950	80.297
35960	68.3497
35970	78.3497
35980	66.683
35990	76.683
36000	86.683
