10	6
20	14.25
30	24.25
40	24.6667
50	16.75
60	22.25
70	22.6667
80	14.75
90	19.25
100	19.6667
110	11.75
120	16.25
130	26.25
140	26.6667
150	18.75
160	23.25
170	23.6667
180	15.75
190	20.25
200	20.6667
210	12.75
220	17.25
230	27.25
240	27.6667
250	19.75
260	24.25
270	24.6667
280	16.75
290	21.25
300	21.6667
310	13.75
320	18.25
330	18.6667
340	10.75
350	15.25
360	25.25
370	25.6667
380	17.75
390	22.25
400	22.6667
410	14.75
420	19.25
430	19.6667
440	11.75
450	16.25
460	26.25
470	26.6667
480	18.75
490	23.25
500	23.6667
510	15.75
520	20.25
530	20.6667
540	12.75
550	17.25
560	27.25
570	27.6667
580	19.75
590	24.25
600	24.6667
610	16.75
620	21.25
630	21.6667
640	13.75
650	18.25
660	18.6667
670	10.75
680	15.25
690	25.25
700	25.6667
710	17.75
720	22.25
730	22.6667
740	14.75
750	19.25
760	19.6667
770	11.75
780	16.25
790	26.25
800	26.6667
810	18.75
820	23.25
830	23.6667
840	15.75
850	20.25
860	20.6667
870	12.75
880	17.25
890	27.25
900	27.6667
910	19.75
920	24.25
930	24.6667
940	16.75
950	21.25
960	21.6667
970	13.75
980	18.25
990	18.6667
1000	10.75
1010	15.25
1020	25.25
1030	25.6667
1040	17.75
1050	22.25
1060	22.6667
1070	14.75
1080	19.25
1090	19.6667
1100	11.75
1110	16.25
1120	26.25
1130	26.6667
1140	18.75
1150	23.25
1160	23.6667
1170	15.75
1180	20.25
1190	20.6667
1200	12.75
1210	17.25
1220	27.25
1230	27.6667
1240	19.75
1250	24.25
1260	24.6667
1270	16.75
1280	21.25
1290	21.6667
1300	13.75
1310	18.25
1320	18.6667
1330	10.75
1340	15.25
1350	25.25
1360	25.6667
1370	17.75
1380	22.25
1390	22.6667
1400	14.75
1410	19.25
1420	19.6667
1430	11.75
1440	16.25
1450	26.25
1460	26.6667
1470	18.75
1480	23.25
1490	23.6667
1500	15.75
1510	20.25
1520	20.6667
1530	12.75
1540	17.25
1550	27.25
1560	27.6667
1570	19.75
1580	24.25
1590	24.6667
1600	16.75
1610	21.25
1620	21.6667
1630	13.75
1640	18.25
1650	18.6667
1660	10.75
1670	15.25
1680	25.25
1690	25.6667
1700	17.75
1710	22.25
1720	22.6667
1730	14.75
1740	19.25
1750	19.6667
1760	11.75
1770	16.25
1780	26.25
1790	26.6667
1800	18.75
1810	23.25
1820	23.6667
1830	15.75
1840	20.25
1850	20.6667
1860	12.75
1870	17.25
1880	27.25
1890	27.6667
1900	19.75
1910	24.25
1920	24.6667
1930	16.75
1940	21.25
1950	21.6667
1960	13.75
1970	18.25
1980	18.6667
1990	10.75
2000	15.25
2010	25.25
2020	25.6667
2030	17.75
2040	22.25
2050	22.6667
2060	14.75
2070	19.25
2080	19.6667
2090	11.75
2100	16.25
2110	26.25
2120	26.6667
2130	18.75
2140	23.25
2150	23.6667
2160	15.75
2170	20.25
2180	20.6667
2190	12.75
2200	17.25
2210	27.25
2220	27.6667
2230	19.75
2240	24.25
2250	24.6667
2260	16.75
2270	21.25
2280	21.6667
2290	13.75
2300	18.25
2310	18.6667
2320	10.75
2330	15.25
2340	25.25
2350	25.6667
2360	17.75
2370	22.25
2380	22.6667
2390	14.75
2400	19.25
2410	19.6667
2420	11.75
2430	16.25
2440	26.25
2450	26.6667
2460	18.75
2470	23.25
2480	23.6667
2490	15.75
2500	20.25
2510	20.6667
2520	12.75
2530	17.25
2540	27.25
2550	27.6667
2560	19.75
2570	24.25
2580	24.6667
2590	16.75
2600	21.25
2610	21.6667
2620	13.75
2630	18.25
2640	18.6667
2650	10.75
2660	15.25
2670	25.25
2680	25.6667
2690	17.75
2700	22.25
2710	22.6667
2720	14.75
2730	19.25
2740	19.6667
2750	11.75
2760	16.25
2770	26.25
2780	26.6667
2790	18.75
2800	23.25
2810	23.6667
2820	15.75
2830	20.25
2840	20.6667
2850	12.75
2860	17.25
2870	27.25
2880	27.6667
2890	19.75
2900	24.25
2910	24.6667
2920	16.75
2930	21.25
2940	21.6667
2950	13.75
2960	18.25
2970	18.6667
2980	10.75
2990	15.25
3000	25.25
3010	25.6667
3020	17.75
3030	22.25
3040	22.6667
3050	14.75
3060	19.25
3070	19.6667
3080	11.75
3090	16.25
3100	26.25
3110	26.6667
3120	18.75
3130	23.25
3140	23.6667
3150	15.75
3160	20.25
3170	20.6667
3180	12.75
3190	17.25
3200	27.25
3210	27.6667
3220	19.75
3230	24.25
3240	24.6667
3250	16.75
3260	21.25
3270	21.6667
3280	13.75
3290	18.25
3300	18.6667
3310	10.75
3320	15.25
3330	25.25
3340	25.6667
3350	17.75
3360	22.25
3370	22.6667
3380	14.75
3390	19.25
3400	19.6667
3410	11.75
3420	16.25
3430	26.25
3440	26.6667
3450	18.75
3460	23.25
3470	23.6667
3480	15.75
3490	20.25
3500	20.6667
3510	12.75
3520	17.25
3530	27.25
3540	27.6667
3550	19.75
3560	24.25
3570	24.6667
3580	16.75
3590	21.25
3600	21.6667
3610	13.75
3620	18.25
3630	18.6667
3640	10.75
3650	15.25
3660	25.25
3670	25.6667
3680	17.75
3690	22.25
3700	22.6667
3710	14.75
3720	19.25
3730	19.6667
3740	11.75
3750	16.25
3760	26.25
3770	26.6667
3780	18.75
3790	23.25
3800	23.6667
3810	15.75
3820	20.25
3830	20.6667
3840	12.75
3850	17.25
3860	27.25
3870	27.6667
3880	19.75
3890	24.25
3900	24.6667
3910	16.75
3920	21.25
3930	21.6667
3940	13.75
3950	18.25
3960	18.6667
3970	10.75
3980	15.25
3990	25.25
4000	25.6667
4010	17.75
4020	22.25
4030	22.6667
4040	14.75
4050	19.25
4060	19.6667
4070	11.75
4080	16.25
4090	26.25
4100	26.6667
4110	18.75
4120	23.25
4130	23.6667
4140	15.75
4150	20.25
4160	20.6667
4170	12.75
4180	17.25
4190	27.25
4200	27.6667
4210	19.75
4220	24.25
4230	24.6667
4240	16.75
4250	21.25
4260	21.6667
4270	13.75
4280	18.25
4290	18.6667
4300	10.75
4310	15.25
4320	25.25
4330	25.6667
4340	17.75
4350	22.25
4360	22.6667
4370	14.75
4380	19.25
4390	19.6667
4400	11.75
4410	16.25
4420	26.25
4430	26.6667
4440	18.75
4450	23.25
4460	23.6667
4470	15.75
4480	20.25
4490	20.6667
4500	12.75
4510	17.25
4520	27.25
4530	27.6667
4540	19.75
4550	24.25
4560	24.6667
4570	16.75
4580	21.25
4590	21.6667
4600	13.75
4610	18.25
4620	18.6667
4630	10.75
4640	15.25
4650	25.25
4660	25.6667
4670	17.75
4680	22.25
4690	22.6667
4700	14.75
4710	19.25
4720	19.6667
4730	11.75
4740	16.25
4750	26.25
4760	26.6667
4770	18.75
4780	23.25
4790	23.6667
4800	15.75
4810	20.25
4820	20.6667
4830	12.75
4840	17.25
4850	27.25
4860	27.6667
4870	19.75
4880	24.25
4890	24.6667
4900	16.75
4910	21.25
4920	21.6667
4930	13.75
4940	18.25
4950	18.6667
4960	10.75
4970	15.25
4980	25.25
4990	25.6667
5000	17.75
5010	22.25
5020	22.6667
5030	14.75
5040	19.25
5050	19.6667
5060	11.75
5070	16.25
5080	26.25
5090	26.6667
5100	18.75
5110	23.25
5120	23.6667
5130	15.75
5140	20.25
5150	20.6667
5160	12.75
5170	17.25
5180	27.25
5190	27.6667
5200	19.75
5210	24.25
5220	24.6667
5230	16.75
5240	21.25
5250	21.6667
5260	13.75
5270	18.25
5280	18.6667
5290	10.75
5300	15.25
5310	25.25
5320	25.6667
5330	17.75
5340	22.25
5350	22.6667
5360	14.75
5370	19.25
5380	19.6667
5390	11.75
5400	16.25
5410	26.25
5420	26.6667
5430	18.75
5440	23.25
5450	23.6667
5460	15.75
5470	20.25
5480	20.6667
5490	12.75
5500	17.25
5510	27.25
5520	27.6667
5530	19.75
5540	24.25
5550	24.6667
5560	16.75
5570	21.25
5580	21.6667
5590	13.75
5600	18.25
5610	18.6667
5620	10.75
5630	15.25
5640	25.25
5650	25.6667
5660	17.75
5670	22.25
5680	22.6667
5690	14.75
5700	19.25
5710	19.6667
5720	11.75
5730	16.25
5740	26.25
5750	26.6667
5760	18.75
5770	23.25
5780	23.6667
5790	15.75
5800	20.25
5810	20.6667
5820	12.75
5830	17.25
5840	27.25
5850	27.6667
5860	19.75
5870	24.25
5880	24.6667
5890	16.75
5900	21.25
5910	21.6667
5920	13.75
5930	18.25
5940	18.6667
5950	10.75
5960	15.25
5970	25.25
5980	25.6667
5990	17.75
6000	22.25
6010	22.6667
6020	14.75
6030	19.25
6040	19.6667
6050	11.75
6060	16.25
6070	26.25
6080	26.6667
6090	18.75
6100	23.25
6110	23.6667
6120	15.75
6130	20.25
6140	20.6667
6150	12.75
6160	17.25
6170	27.25
6180	27.6667
6190	19.75
6200	24.25
6210	24.6667
6220	16.75
6230	21.25
6240	21.6667
6250	13.75
6260	18.25
6270	18.6667
6280	10.75
6290	15.25
6300	25.25
6310	25.6667
6320	17.75
6330	22.25
6340	22.6667
6350	14.75
6360	19.25
6370	19.6667
6380	11.75
6390	16.25
6400	26.25
6410	26.6667
6420	18.75
6430	23.25
6440	23.6667
6450	15.75
6460	20.25
6470	20.6667
6480	12.75
6490	17.25
6500	27.25
6510	27.6667
6520	19.75
6530	24.25
6540	24.6667
6550	16.75
6560	21.25
6570	21.6667
6580	13.75
6590	18.25
6600	18.6667
6610	10.75
6620	15.25
6630	25.25
6640	25.6667
6650	17.75
6660	22.25
6670	22.6667
6680	14.75
6690	19.25
6700	19.6667
6710	11.75
6720	16.25
6730	26.25
6740	26.6667
6750	18.75
6760	23.25
6770	23.6667
6780	15.75
6790	20.25
6800	20.6667
6810	12.75
6820	17.25
6830	27.25
6840	27.6667
6850	19.75
6860	24.25
6870	24.6667
6880	16.75
6890	21.25
6900	21.6667
6910	13.75
6920	18.25
6930	18.6667
6940	10.75
6950	15.25
6960	25.25
6970	25.6667
6980	17.75
6990	22.25
7000	22.6667
7010	14.75
7020	19.25
7030	19.6667
7040	11.75
7050	16.25
7060	26.25
7070	26.6667
7080	18.75
7090	23.25
7100	23.6667
7110	15.75
7120	20.25
7130	20.6667
7140	12.75
7150	17.25
7160	27.25
7170	27.6667
7180	19.75
7190	24.25
7200	24.6667
7210	16.75
7220	21.25
7230	21.6667
7240	13.75
7250	18.25
7260	18.6667
7270	10.75
7280	15.25
7290	25.25
7300	25.6667
7310	17.75
7320	22.25
7330	22.6667
7340	14.75
7350	19.25
7360	19.6667
7370	11.75
7380	16.25
7390	26.25
7400	26.6667
7410	18.75
7420	23.25
7430	23.6667
7440	15.75
7450	20.25
7460	20.6667
7470	12.75
7480	17.25
7490	27.25
7500	27.6667
7510	19.75
7520	24.25
7530	24.6667
7540	16.75
7550	21.25
7560	21.6667
7570	13.75
7580	18.25
7590	18.6667
7600	10.75
7610	15.25
7620	25.25
7630	25.6667
7640	17.75
7650	22.25
7660	22.6667
7670	14.75
7680	19.25
7690	19.6667
7700	11.75
7710	16.25
7720	26.25
7730	26.6667
7740	18.75
7750	23.25
7760	23.6667
7770	15.75
7780	20.25
7790	20.6667
7800	12.75
7810	17.25
7820	27.25
7830	27.6667
7840	19.75
7850	24.25
7860	24.6667
7870	16.75
7880	21.25
7890	21.6667
7900	13.75
7910	18.25
7920	18.6667
7930	10.75
7940	15.25
7950	25.25
7960	25.6667
7970	17.75
7980	22.25
7990	22.6667
8000	14.75
8010	19.25
8020	19.6667
8030	11.75
8040	16.25
8050	26.25
8060	26.6667
8070	18.75
8080	23.25
8090	23.6667
8100	15.75
8110	20.25
8120	20.6667
8130	12.75
8140	17.25
8150	27.25
8160	27.6667
8170	19.75
8180	24.25
8190	24.6667
8200	16.75
8210	21.25
8220	21.6667
8230	13.75
8240	18.25
8250	18.6667
8260	10.75
8270	15.25
8280	25.25
8290	25.6667
8300	17.75
8310	22.25
8320	22.6667
8330	14.75
8340	19.25
8350	19.6667
8360	11.75
8370	16.25
8380	26.25
8390	26.6667
8400	18.75
8410	23.25
8420	23.6667
8430	15.75
8440	20.25
8450	20.6667
8460	12.75
8470	17.25
8480	27.25
8490	27.6667
8500	19.75
8510	24.25
8520	24.6667
8530	16.75
8540	21.25
8550	21.6667
8560	13.75
8570	18.25
8580	18.6667
8590	10.75
8600	15.25
8610	25.25
8620	25.6667
8630	17.75
8640	22.25
8650	22.6667
8660	14.75
8670	19.25
8680	19.6667
8690	11.75
8700	16.25
8710	26.25
8720	26.6667
8730	18.75
8740	23.25
8750	23.6667
8760	15.75
8770	20.25
8780	20.6667
8790	12.75
8800	17.25
8810	27.25
8820	27.6667
8830	19.75
8840	24.25
8850	24.6667
8860	16.75
8870	21.25
8880	21.6667
8890	13.75
8900	18.25
8910	18.6667
8920	10.75
8930	15.25
8940	25.25
8950	25.6667
8960	17.75
8970	22.25
8980	22.6667
8990	14.75
9000	19.25
9010	19.6667
9020	11.75
9030	16.25
9040	26.25
9050	26.6667
9060	18.75
9070	23.25
9080	23.6667
9090	15.75
9100	20.25
9110	20.6667
9120	12.75
9130	17.25
9140	27.25
9150	27.6667
9160	19.75
9170	24.25
9180	24.6667
9190	16.75
9200	21.25
9210	21.6667
9220	13.75
9230	18.25
9240	18.6667
9250	10.75
9260	15.25
9270	25.25
9280	25.6667
9290	17.75
9300	22.25
9310	22.6667
9320	14.75
9330	19.25
9340	19.6667
9350	11.75
9360	16.25
9370	26.25
9380	26.6667
9390	18.75
9400	23.25
9410	23.6667
9420	15.75
9430	20.25
9440	20.6667
9450	12.75
9460	17.25
9470	27.25
9480	27.6667
9490	19.75
9500	24.25
9510	24.6667
9520	16.75
9530	21.25
9540	21.6667
9550	13.75
9560	18.25
9570	18.6667
9580	10.75
9590	15.25
9600	25.25
9610	25.6667
9620	17.75
9630	22.25
9640	22.6667
9650	14.75
9660	19.25
9670	19.6667
9680	11.75
9690	16.25
9700	26.25
9710	26.6667
9720	18.75
9730	23.25
9740	23.6667
9750	15.75
9760	20.25
9770	20.6667
9780	12.75
9790	17.25
9800	27.25
9810	27.6667
9820	19.75
9830	24.25
9840	24.6667
9850	16.75
9860	21.25
9870	21.6667
9880	13.75
9890	18.25
9900	18.6667
9910	10.75
9920	15.25
9930	25.25
9940	25.6667
9950	17.75
9960	22.25
9970	22.6667
9980	14.75
9990	19.25
10000	19.6667
10010	11.75
10020	16.25
10030	26.25
10040	26.6667
10050	18.75
10060	23.25
10070	23.6667
10080	15.75
10090	20.25
10100	20.6667
10110	12.75
10120	17.25
10130	27.25
10140	27.6667
10150	19.75
10160	24.25
10170	24.6667
10180	16.75
10190	21.25
10200	21.6667
10210	13.75
10220	18.25
10230	18.6667
10240	10.75
10250	15.25
10260	25.25
10270	25.6667
10280	17.75
10290	22.25
10300	22.6667
10310	14.75
10320	19.25
10330	19.6667
10340	11.75
10350	16.25
10360	26.25
10370	26.6667
10380	18.75
10390	23.25
10400	23.6667
10410	15.75
10420	20.25
10430	20.6667
10440	12.75
10450	17.25
10460	27.25
10470	27.6667
10480	19.75
10490	24.25
10500	24.6667
10510	16.75
10520	21.25
10530	21.6667
10540	13.75
10550	18.25
10560	18.6667
10570	10.75
10580	15.25
10590	25.25
10600	25.6667
10610	17.75
10620	22.25
10630	22.6667
10640	14.75
10650	19.25
10660	19.6667
10670	11.75
10680	16.25
10690	26.25
10700	26.6667
10710	18.75
10720	23.25
10730	23.6667
10740	15.75
10750	20.25
10760	20.6667
10770	12.75
10780	17.25
10790	27.25
10800	27.6667
10810	19.75
10820	24.25
10830	24.6667
10840	16.75
10850	21.25
10860	21.6667
10870	13.75
10880	18.25
10890	18.6667
10900	10.75
10910	15.25
10920	25.25
10930	25.6667
10940	17.75
10950	22.25
10960	22.6667
10970	14.75
10980	19.25
10990	19.6667
11000	11.75
11010	16.25
11020	26.25
11030	26.6667
11040	18.75
11050	23.25
11060	23.6667
11070	15.75
11080	20.25
11090	20.6667
11100	12.75
11110	17.25
11120	27.25
11130	27.6667
11140	19.75
11150	24.25
11160	24.6667
11170	16.75
11180	21.25
11190	21.6667
11200	13.75
11210	18.25
11220	18.6667
11230	10.75
11240	15.25
11250	25.25
11260	25.6667
11270	17.75
11280	22.25
11290	22.6667
11300	14.75
11310	19.25
11320	19.6667
11330	11.75
11340	16.25
11350	26.25
11360	26.6667
11370	18.75
11380	23.25
11390	23.6667
11400	15.75
11410	20.25
11420	20.6667
11430	12.75
11440	17.25
11450	27.25
11460	27.6667
11470	19.75
11480	24.25
11490	24.6667
11500	16.75
11510	21.25
11520	21.6667
11530	13.75
11540	18.25
11550	18.6667
11560	10.75
11570	15.25
11580	25.25
11590	25.6667
11600	17.75
11610	22.25
11620	22.6667
11630	14.75
11640	19.25
11650	19.6667
11660	11.75
11670	16.25
11680	26.25
11690	26.6667
11700	18.75
11710	23.25
11720	23.6667
11730	15.75
11740	20.25
11750	20.6667
11760	12.75
11770	17.25
11780	27.25
11790	27.6667
11800	19.75
11810	24.25
11820	24.6667
11830	16.75
11840	21.25
11850	21.6667
11860	13.75
11870	18.25
11880	18.6667
11890	10.75
11900	15.25
11910	25.25
11920	25.6667
11930	17.75
11940	22.25
11950	22.6667
11960	14.75
11970	19.25
11980	19.6667
11990	11.75
12000	16.25
12010	26.25
12020	26.6667
12030	18.75
12040	23.25
12050	23.6667
12060	15.75
12070	20.25
12080	20.6667
12090	12.75
12100	17.25
12110	27.25
12120	27.6667
12130	19.75
12140	24.25
12150	24.6667
12160	16.75
12170	21.25
12180	21.6667
12190	13.75
12200	18.25
12210	18.6667
12220	10.75
12230	15.25
12240	25.25
12250	25.6667
12260	17.75
12270	22.25
12280	22.6667
12290	14.75
12300	19.25
12310	19.6667
12320	11.75
12330	16.25
12340	26.25
12350	26.6667
12360	18.75
12370	23.25
12380	23.6667
12390	15.75
12400	20.25
12410	20.6667
12420	12.75
12430	17.25
12440	27.25
12450	27.6667
12460	19.75
12470	24.25
12480	24.6667
12490	16.75
12500	21.25
12510	21.6667
12520	13.75
12530	18.25
12540	18.6667
12550	10.75
12560	15.25
12570	25.25
12580	25.6667
12590	17.75
12600	22.25
12610	22.6667
12620	14.75
12630	19.25
12640	19.6667
12650	11.75
12660	16.25
12670	26.25
12680	26.6667
12690	18.75
12700	23.25
12710	23.6667
12720	15.75
12730	20.25
12740	20.6667
12750	12.75
12760	17.25
12770	27.25
12780	27.6667
12790	19.75
12800	24.25
12810	24.6667
12820	16.75
12830	21.25
12840	21.6667
12850	13.75
12860	18.25
12870	18.6667
12880	10.75
12890	15.25
12900	25.25
12910	25.6667
12920	17.75
12930	22.25
12940	22.6667
12950	14.75
12960	19.25
12970	19.6667
12980	11.75
12990	16.25
13000	26.25
13010	26.6667
13020	18.75
13030	23.25
13040	23.6667
13050	15.75
13060	20.25
13070	20.6667
13080	12.75
13090	17.25
13100	27.25
13110	27.6667
13120	19.75
13130	24.25
13140	24.6667
13150	16.75
13160	21.25
13170	21.6667
13180	13.75
13190	18.25
13200	18.6667
13210	10.75
13220	15.25
13230	25.25
13240	25.6667
13250	17.75
13260	22.25
13270	22.6667
13280	14.75
13290	19.25
13300	19.6667
13310	11.75
13320	16.25
13330	26.25
13340	26.6667
13350	18.75
13360	23.25
13370	23.6667
13380	15.75
13390	20.25
13400	20.6667
13410	12.75
13420	17.25
13430	27.25
13440	27.6667
13450	19.75
13460	24.25
13470	24.6667
13480	16.75
13490	21.25
13500	21.6667
13510	13.75
13520	18.25
13530	18.6667
13540	10.75
13550	15.25
13560	25.25
13570	25.6667
13580	17.75
13590	22.25
13600	22.6667
13610	14.75
13620	19.25
13630	19.6667
13640	11.75
13650	16.25
13660	26.25
13670	26.6667
13680	18.75
13690	23.25
13700	23.6667
13710	15.75
13720	20.25
13730	20.6667
13740	12.75
13750	17.25
13760	27.25
13770	27.6667
13780	19.75
13790	24.25
13800	24.6667
13810	16.75
13820	21.25
13830	21.6667
13840	13.75
13850	18.25
13860	18.6667
13870	10.75
13880	15.25
13890	25.25
13900	25.6667
13910	17.75
13920	22.25
13930	22.6667
13940	14.75
13950	19.25
13960	19.6667
13970	11.75
13980	16.25
13990	26.25
14000	26.6667
14010	18.75
14020	23.25
14030	23.6667
14040	15.75
14050	20.25
14060	20.6667
14070	12.75
14080	17.25
14090	27.25
14100	27.6667
14110	19.75
14120	24.25
14130	24.6667
14140	16.75
14150	21.25
14160	21.6667
14170	13.75
14180	18.25
14190	18.6667
14200	10.75
14210	15.25
14220	25.25
14230	25.6667
14240	17.75
14250	22.25
14260	22.6667
14270	14.75
14280	19.25
14290	19.6667
14300	11.75
14310	16.25
14320	26.25
14330	26.6667
14340	18.75
14350	23.25
14360	23.6667
14370	15.75
14380	20.25
14390	20.6667
14400	12.75
14410	17.25
14420	27.25
14430	27.6667
14440	19.75
14450	24.25
14460	24.6667
14470	16.75
14480	21.25
14490	21.6667
14500	13.75
14510	18.25
14520	18.6667
14530	10.75
14540	15.25
14550	25.25
14560	25.6667
14570	17.75
14580	22.25
14590	22.6667
14600	14.75
14610	19.25
14620	19.6667
14630	11.75
14640	16.25
14650	26.25
14660	26.6667
14670	18.75
14680	23.25
14690	23.6667
14700	15.75
14710	20.25
14720	20.6667
14730	12.75
14740	17.25
14750	27.25
14760	27.6667
14770	19.75
14780	24.25
14790	24.6667
14800	16.75
14810	21.25
14820	21.6667
14830	13.75
14840	18.25
14850	18.6667
14860	10.75
14870	15.25
14880	25.25
14890	25.6667
14900	17.75
14910	22.25
14920	22.6667
14930	14.75
14940	19.25
14950	19.6667
14960	11.75
14970	16.25
14980	26.25
14990	26.6667
15000	18.75
15010	23.25
15020	23.6667
15030	15.75
15040	20.25
15050	20.6667
15060	12.75
15070	17.25
15080	27.25
15090	27.6667
15100	19.75
15110	24.25
15120	24.6667
15130	16.75
15140	21.25
15150	21.6667
15160	13.75
15170	18.25
15180	18.6667
15190	10.75
15200	15.25
15210	25.25
15220	25.6667
15230	17.75
15240	22.25
15250	22.6667
15260	14.75
15270	19.25
15280	19.6667
15290	11.75
15300	16.25
15310	26.25
15320	26.6667
15330	18.75
15340	23.25
15350	23.6667
15360	15.75
15370	20.25
15380	20.6667
15390	12.75
15400	17.25
15410	27.25
15420	27.6667
15430	19.75
15440	24.25
15450	24.6667
15460	16.75
15470	21.25
15480	21.6667
15490	13.75
15500	18.25
15510	18.6667
15520	10.75
15530	15.25
15540	25.25
15550	25.6667
15560	17.75
15570	22.25
15580	22.6667
15590	14.75
15600	19.25
15610	19.6667
15620	11.75
15630	16.25
15640	26.25
15650	26.6667
15660	18.75
15670	23.25
15680	23.6667
15690	15.75
15700	20.25
15710	20.6667
15720	12.75
15730	17.25
15740	27.25
15750	27.6667
15760	19.75
15770	24.25
15780	24.6667
15790	16.75
15800	21.25
15810	21.6667
15820	13.75
15830	18.25
15840	18.6667
15850	10.75
15860	15.25
15870	25.25
15880	25.6667
15890	17.75
15900	22.25
15910	22.6667
15920	14.75
15930	19.25
15940	19.6667
15950	11.75
15960	16.25
15970	26.25
15980	26.6667
15990	18.75
16000	23.25
16010	23.6667
16020	15.75
16030	20.25
16040	20.6667
16050	12.75
16060	17.25
16070	27.25
16080	27.6667
16090	19.75
16100	24.25
16110	24.6667
16120	16.75
16130	21.25
16140	21.6667
16150	13.75
16160	18.25
16170	18.6667
16180	10.75
16190	15.25
16200	25.25
16210	25.6667
16220	17.75
16230	22.25
16240	22.6667
16250	14.75
16260	19.25
16270	19.6667
16280	11.75
16290	16.25
16300	26.25
16310	26.6667
16320	18.75
16330	23.25
16340	23.6667
16350	15.75
16360	20.25
16370	20.6667
16380	12.75
16390	17.25
16400	27.25
16410	27.6667
16420	19.75
16430	24.25
16440	24.6667
16450	16.75
16460	21.25
16470	21.6667
16480	13.75
16490	18.25
16500	18.6667
16510	10.75
16520	15.25
16530	25.25
16540	25.6667
16550	17.75
16560	22.25
16570	22.6667
16580	14.75
16590	19.25
16600	19.6667
16610	11.75
16620	16.25
16630	26.25
16640	26.6667
16650	18.75
16660	23.25
16670	23.6667
16680	15.75
16690	20.25
16700	20.6667
16710	12.75
16720	17.25
16730	27.25
16740	27.6667
16750	19.75
16760	24.25
16770	24.6667
16780	16.75
16790	21.25
16800	21.6667
16810	13.75
16820	18.25
16830	18.6667
16840	10.75
16850	15.25
16860	25.25
16870	25.6667
16880	17.75
16890	22.25
16900	22.6667
16910	14.75
16920	19.25
16930	19.6667
16940	11.75
16950	16.25
16960	26.25
16970	26.6667
16980	18.75
16990	23.25
17000	23.6667
17010	15.75
17020	20.25
17030	20.6667
17040	12.75
17050	17.25
17060	27.25
17070	27.6667
17080	19.75
17090	24.25
17100	24.6667
17110	16.75
17120	21.25
17130	21.6667
17140	13.75
17150	18.25
17160	18.6667
17170	10.75
17180	15.25
17190	25.25
17200	25.6667
17210	17.75
17220	22.25
17230	22.6667
17240	14.75
17250	19.25
17260	19.6667
17270	11.75
17280	16.25
17290	26.25
17300	26.6667
17310	18.75
17320	23.25
17330	23.6667
17340	15.75
17350	20.25
17360	20.6667
17370	12.75
17380	17.25
17390	27.25
17400	27.6667
17410	19.75
17420	24.25
17430	24.6667
17440	16.75
17450	21.25
17460	21.6667
17470	13.75
17480	18.25
17490	18.6667
17500	10.75
17510	15.25
17520	25.25
17530	25.6667
17540	17.75
17550	22.25
17560	22.6667
17570	14.75
17580	19.25
17590	19.6667
17600	11.75
17610	16.25
17620	26.25
17630	26.6667
17640	18.75
17650	23.25
17660	23.6667
17670	15.75
17680	20.25
17690	20.6667
17700	12.75
17710	17.25
17720	27.25
17730	27.6667
17740	19.75
17750	24.25
17760	24.6667
17770	16.75
17780	21.25
17790	21.6667
17800	13.75
17810	18.25
17820	18.6667
17830	10.75
17840	15.25
17850	25.25
17860	25.6667
17870	17.75
17880	22.25
17890	22.6667
17900	14.75
17910	19.25
17920	19.6667
17930	11.75
17940	16.25
17950	26.25
17960	26.6667
17970	18.75
17980	23.25
17990	23.6667
18000	15.75
18010	20.25
18020	20.6667
18030	12.75
18040	17.25
18050	27.25
18060	27.6667
18070	19.75
18080	24.25
18090	24.6667
18100	16.75
18110	21.25
18120	21.6667
18130	13.75
18140	18.25
18150	18.6667
18160	10.75
18170	15.25
18180	25.25
18190	25.6667
18200	17.75
18210	22.25
18220	22.6667
18230	14.75
18240	19.25
18250	19.6667
18260	11.75
18270	16.25
18280	26.25
18290	26.6667
18300	18.75
18310	23.25
18320	23.6667
18330	15.75
18340	20.25
18350	20.6667
18360	12.75
18370	17.25
18380	27.25
18390	27.6667
18400	19.75
18410	24.25
18420	24.6667
18430	16.75
18440	21.25
18450	21.6667
18460	13.75
18470	18.25
18480	18.6667
18490	10.75
18500	15.25
18510	25.25
18520	25.6667
18530	17.75
18540	22.25
18550	22.6667
18560	14.75
18570	19.25
18580	19.6667
18590	11.75
18600	16.25
18610	26.25
18620	26.6667
18630	18.75
18640	23.25
18650	23.6667
18660	15.75
18670	20.25
18680	20.6667
18690	12.75
18700	17.25
18710	27.25
18720	27.6667
18730	19.75
18740	24.25
18750	24.6667
18760	16.75
18770	21.25
18780	21.6667
18790	13.75
18800	18.25
18810	18.6667
18820	10.75
18830	15.25
18840	25.25
18850	25.6667
18860	17.75
18870	22.25
18880	22.6667
18890	14.75
18900	19.25
18910	19.6667
18920	11.75
18930	16.25
18940	26.25
18950	26.6667
18960	18.75
18970	23.25
18980	23.6667
18990	15.75
19000	20.25
19010	20.6667
19020	12.75
19030	17.25
19040	27.25
19050	27.6667
19060	19.75
19070	24.25
19080	24.6667
19090	16.75
19100	21.25
19110	21.6667
19120	13.75
19130	18.25
19140	18.6667
19150	10.75
19160	15.25
19170	25.25
19180	25.6667
19190	17.75
19200	22.25
19210	22.6667
19220	14.75
19230	19.25
19240	19.6667
19250	11.75
19260	16.25
19270	26.25
19280	26.6667
19290	18.75
19300	23.25
19310	23.6667
19320	15.75
19330	20.25
19340	20.6667
19350	12.75
19360	17.25
19370	27.25
19380	27.6667
19390	19.75
19400	24.25
19410	24.6667
19420	16.75
19430	21.25
19440	21.6667
19450	13.75
19460	18.25
19470	18.6667
19480	10.75
19490	15.25
19500	25.25
19510	25.6667
19520	17.75
19530	22.25
19540	22.6667
19550	14.75
19560	19.25
19570	19.6667
19580	11.75
19590	16.25
19600	26.25
19610	26.6667
19620	18.75
19630	23.25
19640	23.6667
19650	15.75
19660	20.25
19670	20.6667
19680	12.75
19690	17.25
19700	27.25
19710	27.6667
19720	19.75
19730	24.25
19740	24.6667
19750	16.75
19760	21.25
19770	21.6667
19780	13.75
19790	18.25
19800	18.6667
19810	10.75
19820	15.25
19830	25.25
19840	25.6667
19850	17.75
19860	22.25
19870	22.6667
19880	14.75
19890	19.25
19900	19.6667
19910	11.75
19920	16.25
19930	26.25
19940	26.6667
19950	18.75
19960	23.25
19970	23.6667
19980	15.75
19990	20.25
20000	20.6667
20010	12.75
20020	17.25
20030	27.25
20040	27.6667
20050	19.75
20060	24.25
20070	24.6667
20080	16.75
20090	21.25
20100	21.6667
20110	13.75
20120	18.25
20130	18.6667
20140	10.75
20150	15.25
20160	25.25
20170	25.6667
20180	17.75
20190	22.25
20200	22.6667
20210	14.75
20220	19.25
20230	19.6667
20240	11.75
20250	16.25
20260	26.25
20270	26.6667
20280	18.75
20290	23.25
20300	23.6667
20310	15.75
20320	20.25
20330	20.6667
20340	12.75
20350	17.25
20360	27.25
20370	27.6667
20380	19.75
20390	24.25
20400	24.6667
20410	16.75
20420	21.25
20430	21.6667
20440	13.75
20450	18.25
20460	18.6667
20470	10.75
20480	15.25
20490	25.25
20500	25.6667
20510	17.75
20520	22.25
20530	22.6667
20540	14.75
20550	19.25
20560	19.6667
20570	11.75
20580	16.25
20590	26.25
20600	26.6667
20610	18.75
20620	23.25
20630	23.6667
20640	15.75
20650	20.25
20660	20.6667
20670	12.75
20680	17.25
20690	27.25
20700	27.6667
20710	19.75
20720	24.25
20730	24.6667
20740	16.75
20750	21.25
20760	21.6667
20770	13.75
20780	18.25
20790	18.6667
20800	10.75
20810	15.25
20820	25.25
20830	25.6667
20840	17.75
20850	22.25
20860	22.6667
20870	14.75
20880	19.25
20890	19.6667
20900	11.75
20910	16.25
20920	26.25
20930	26.6667
20940	18.75
20950	23.25
20960	23.6667
20970	15.75
20980	20.25
20990	20.6667
21000	12.75
21010	17.25
21020	27.25
21030	27.6667
21040	19.75
21050	24.25
21060	24.6667
21070	16.75
21080	21.25
21090	21.6667
21100	13.75
21110	18.25
21120	18.6667
21130	10.75
21140	15.25
21150	25.25
21160	25.6667
21170	17.75
21180	22.25
21190	22.6667
21200	14.75
21210	19.25
21220	19.6667
21230	11.75
21240	16.25
21250	26.25
21260	26.6667
21270	18.75
21280	23.25
21290	23.6667
21300	15.75
21310	20.25
21320	20.6667
21330	12.75
21340	17.25
21350	27.25
21360	27.6667
21370	19.75
21380	24.25
21390	24.6667
21400	16.75
21410	21.25
21420	21.6667
21430	13.75
21440	18.25
21450	18.6667
21460	10.75
21470	15.25
21480	25.25
21490	25.6667
21500	17.75
21510	22.25
21520	22.6667
21530	14.75
21540	19.25
21550	19.6667
21560	11.75
21570	16.25
21580	26.25
21590	26.6667
21600	18.75
21610	23.25
21620	23.6667
21630	15.75
21640	20.25
21650	20.6667
21660	12.75
21670	17.25
21680	27.25
21690	27.6667
21700	19.75
21710	24.25
21720	24.6667
21730	16.75
21740	21.25
21750	21.6667
21760	13.75
21770	18.25
21780	18.6667
21790	10.75
21800	15.25
21810	25.25
21820	25.6667
21830	17.75
21840	22.25
21850	22.6667
21860	14.75
21870	19.25
21880	19.6667
21890	11.75
21900	16.25
21910	26.25
21920	26.6667
21930	18.75
21940	23.25
21950	23.6667
21960	15.75
21970	20.25
21980	20.6667
21990	12.75
22000	17.25
22010	27.25
22020	27.6667
22030	19.75
22040	24.25
22050	24.6667
22060	16.75
22070	21.25
22080	21.6667
22090	13.75
22100	18.25
22110	18.6667
22120	10.75
22130	15.25
22140	25.25
22150	25.6667
22160	17.75
22170	22.25
22180	22.6667
22190	14.75
22200	19.25
22210	19.6667
22220	11.75
22230	16.25
22240	26.25
22250	26.6667
22260	18.75
22270	23.25
22280	23.6667
22290	15.75
22300	20.25
22310	20.6667
22320	12.75
22330	17.25
22340	27.25
22350	27.6667
22360	19.75
22370	24.25
22380	24.6667
22390	16.75
22400	21.25
22410	21.6667
22420	13.75
22430	18.25
22440	18.6667
22450	10.75
22460	15.25
22470	25.25
22480	25.6667
22490	17.75
22500	22.25
22510	22.6667
22520	14.75
22530	19.25
22540	19.6667
22550	11.75
22560	16.25
22570	26.25
22580	26.6667
22590	18.75
22600	23.25
22610	23.6667
22620	15.75
22630	20.25
22640	20.6667
22650	12.75
22660	17.25
22670	27.25
22680	27.6667
22690	19.75
22700	24.25
22710	24.6667
22720	16.75
22730	21.25
22740	21.6667
22750	13.75
22760	18.25
22770	18.6667
22780	10.75
22790	15.25
22800	25.25
22810	25.6667
22820	17.75
22830	22.25
22840	22.6667
22850	14.75
22860	19.25
22870	19.6667
22880	11.75
22890	16.25
22900	26.25
22910	26.6667
22920	18.75
22930	23.25
22940	23.6667
22950	15.75
22960	20.25
22970	20.6667
22980	12.75
22990	17.25
23000	27.25
23010	27.6667
23020	19.75
23030	24.25
23040	24.6667
23050	16.75
23060	21.25
23070	21.6667
23080	13.75
23090	18.25
23100	18.6667
23110	10.75
23120	15.25
23130	25.25
23140	25.6667
23150	17.75
23160	22.25
23170	22.6667
23180	14.75
23190	19.25
23200	19.6667
23210	11.75
23220	16.25
23230	26.25
23240	26.6667
23250	18.75
23260	23.25
23270	23.6667
23280	15.75
23290	20.25
23300	20.6667
23310	12.75
23320	17.25
23330	27.25
23340	27.6667
23350	19.75
23360	24.25
23370	24.6667
23380	16.75
23390	21.25
23400	21.6667
23410	13.75
23420	18.25
23430	18.6667
23440	10.75
23450	15.25
23460	25.25
23470	25.6667
23480	17.75
23490	22.25
23500	22.6667
23510	14.75
23520	19.25
23530	19.6667
23540	11.75
23550	16.25
23560	26.25
23570	26.6667
23580	18.75
23590	23.25
23600	23.6667
23610	15.75
23620	20.25
23630	20.6667
23640	12.75
23650	17.25
23660	27.25
23670	27.6667
23680	19.75
23690	24.25
23700	24.6667
23710	16.75
23720	21.25
23730	21.6667
23740	13.75
23750	18.25
23760	18.6667
23770	10.75
23780	15.25
23790	25.25
23800	25.6667
23810	17.75
23820	22.25
23830	22.6667
23840	14.75
23850	19.25
23860	19.6667
23870	11.75
23880	16.25
23890	26.25
23900	26.6667
23910	18.75
23920	23.25
23930	23.6667
23940	15.75
23950	20.25
23960	20.6667
23970	12.75
23980	17.25
23990	27.25
24000	27.6667
24010	19.75
24020	24.25
24030	24.6667
24040	16.75
24050	21.25
24060	21.6667
24070	13.75
24080	18.25
24090	18.6667
24100	10.75
24110	15.25
24120	25.25
24130	25.6667
24140	17.75
24150	22.25
24160	22.6667
24170	14.75
24180	19.25
24190	19.6667
24200	11.75
24210	16.25
24220	26.25
24230	26.6667
24240	18.75
24250	23.25
24260	23.6667
24270	15.75
24280	20.25
24290	20.6667
24300	12.75
24310	17.25
24320	27.25
24330	27.6667
24340	19.75
24350	24.25
24360	24.6667
24370	16.75
24380	21.25
24390	21.6667
24400	13.75
24410	18.25
24420	18.6667
24430	10.75
24440	15.25
24450	25.25
24460	25.6667
24470	17.75
24480	22.25
24490	22.6667
24500	14.75
24510	19.25
24520	19.6667
24530	11.75
24540	16.25
24550	26.25
24560	26.6667
24570	18.75
24580	23.25
24590	23.6667
24600	15.75
24610	20.25
24620	20.6667
24630	12.75
24640	17.25
24650	27.25
24660	27.6667
24670	19.75
24680	24.25
24690	24.6667
24700	16.75
24710	21.25
24720	21.6667
24730	13.75
24740	18.25
24750	18.6667
24760	10.75
24770	15.25
24780	25.25
24790	25.6667
24800	17.75
24810	22.25
24820	22.6667
24830	14.75
24840	19.25
24850	19.6667
24860	11.75
24870	16.25
24880	26.25
24890	26.6667
24900	18.75
24910	23.25
24920	23.6667
24930	15.75
24940	20.25
24950	20.6667
24960	12.75
24970	17.25
24980	27.25
24990	27.6667
25000	19.75
25010	24.25
25020	24.6667
25030	16.75
25040	21.25
25050	21.6667
25060	13.75
25070	18.25
25080	18.6667
25090	10.75
25100	15.25
25110	25.25
25120	25.6667
25130	17.75
25140	22.25
25150	22.6667
25160	14.75
25170	19.25
25180	19.6667
25190	11.75
25200	16.25
25210	26.25
25220	26.6667
25230	18.75
25240	23.25
25250	23.6667
25260	15.75
25270	20.25
25280	20.6667
25290	12.75
25300	17.25
25310	27.25
25320	27.6667
25330	19.75
25340	24.25
25350	24.6667
25360	16.75
25370	21.25
25380	21.6667
25390	13.75
25400	18.25
25410	18.6667
25420	10.75
25430	15.25
25440	25.25
25450	25.6667
25460	17.75
25470	22.25
25480	22.6667
25490	14.75
25500	19.25
25510	19.6667
25520	11.75
25530	16.25
25540	26.25
25550	26.6667
25560	18.75
25570	23.25
25580	23.6667
25590	15.75
25600	20.25
25610	20.6667
25620	12.75
25630	17.25
25640	27.25
25650	27.6667
25660	19.75
25670	24.25
25680	24.6667
25690	16.75
25700	21.25
25710	21.6667
25720	13.75
25730	18.25
25740	18.6667
25750	10.75
25760	15.25
25770	25.25
25780	25.6667
25790	17.75
25800	22.25
25810	22.6667
25820	14.75
25830	19.25
25840	19.6667
25850	11.75
25860	16.25
25870	26.25
25880	26.6667
25890	18.75
25900	23.25
25910	23.6667
25920	15.75
25930	20.25
25940	20.6667
25950	12.75
25960	17.25
25970	27.25
25980	27.6667
25990	19.75
26000	24.25
26010	24.6667
26020	16.75
26030	21.25
26040	21.6667
26050	13.75
26060	18.25
26070	18.6667
26080	10.75
26090	15.25
26100	25.25
26110	25.6667
26120	17.75
26130	22.25
26140	22.6667
26150	14.75
26160	19.25
26170	19.6667
26180	11.75
26190	16.25
26200	26.25
26210	26.6667
26220	18.75
26230	23.25
26240	23.6667
26250	15.75
26260	20.25
26270	20.6667
26280	12.75
26290	17.25
26300	27.25
26310	27.6667
26320	19.75
26330	24.25
26340	24.6667
26350	16.75
26360	21.25
26370	21.6667
26380	13.75
26390	18.25
26400	18.6667
26410	10.75
26420	15.25
26430	25.25
26440	25.6667
26450	17.75
26460	22.25
26470	22.6667
26480	14.75
26490	19.25
26500	19.6667
26510	11.75
26520	16.25
26530	26.25
26540	26.6667
26550	18.75
26560	23.25
26570	23.6667
26580	15.75
26590	20.25
26600	20.6667
26610	12.75
26620	17.25
26630	27.25
26640	27.6667
26650	19.75
26660	24.25
26670	24.6667
26680	16.75
26690	21.25
26700	21.6667
26710	13.75
26720	18.25
26730	18.6667
26740	10.75
26750	15.25
26760	25.25
26770	25.6667
26780	17.75
26790	22.25
26800	22.6667
26810	14.75
26820	19.25
26830	19.6667
26840	11.75
26850	16.25
26860	26.25
26870	26.6667
26880	18.75
26890	23.25
26900	23.6667
26910	15.75
26920	20.25
26930	20.6667
26940	12.75
26950	17.25
26960	27.25
26970	27.6667
26980	19.75
26990	24.25
27000	24.6667
27010	16.75
27020	21.25
27030	21.6667
27040	13.75
27050	18.25
27060	18.6667
27070	10.75
27080	15.25
27090	25.25
27100	25.6667
27110	17.75
27120	22.25
27130	22.6667
27140	14.75
27150	19.25
27160	19.6667
27170	11.75
27180	16.25
27190	26.25
27200	26.6667
27210	18.75
27220	23.25
27230	23.6667
27240	15.75
27250	20.25
27260	20.6667
27270	12.75
27280	17.25
27290	27.25
27300	27.6667
27310	19.75
27320	24.25
27330	24.6667
27340	16.75
27350	21.25
27360	21.6667
27370	13.75
27380	18.25
27390	18.6667
27400	10.75
27410	15.25
27420	25.25
27430	25.6667
27440	17.75
27450	22.25
27460	22.6667
27470	14.75
27480	19.25
27490	19.6667
27500	11.75
27510	16.25
27520	26.25
27530	26.6667
27540	18.75
27550	23.25
27560	23.6667
27570	15.75
27580	20.25
27590	20.6667
27600	12.75
27610	17.25
27620	27.25
27630	27.6667
27640	19.75
27650	24.25
27660	24.6667
27670	16.75
27680	21.25
27690	21.6667
27700	13.75
27710	18.25
27720	18.6667
27730	10.75
27740	15.25
27750	25.25
27760	25.6667
27770	17.75
27780	22.25
27790	22.6667
27800	14.75
27810	19.25
27820	19.6667
27830	11.75
27840	16.25
27850	26.25
27860	26.6667
27870	18.75
27880	23.25
27890	23.6667
27900	15.75
27910	20.25
27920	20.6667
27930	12.75
27940	17.25
27950	27.25
27960	27.6667
27970	19.75
27980	24.25
27990	24.6667
28000	16.75
28010	21.25
28020	21.6667
28030	13.75
28040	18.25
28050	18.6667
28060	10.75
28070	15.25
28080	25.25
28090	25.6667
28100	17.75
28110	22.25
28120	22.6667
28130	14.75
28140	19.25
28150	19.6667
28160	11.75
28170	16.25
28180	26.25
28190	26.6667
28200	18.75
28210	23.25
28220	23.6667
28230	15.75
28240	20.25
28250	20.6667
28260	12.75
28270	17.25
28280	27.25
28290	27.6667
28300	19.75
28310	24.25
28320	24.6667
28330	16.75
28340	21.25
28350	21.6667
28360	13.75
28370	18.25
28380	18.6667
28390	10.75
28400	15.25
28410	25.25
28420	25.6667
28430	17.75
28440	22.25
28450	22.6667
28460	14.75
28470	19.25
28480	19.6667
28490	11.75
28500	16.25
28510	26.25
28520	26.6667
28530	18.75
28540	23.25
28550	23.6667
28560	15.75
28570	20.25
28580	20.6667
28590	12.75
28600	17.25
28610	27.25
28620	27.6667
28630	19.75
28640	24.25
28650	24.6667
28660	16.75
28670	21.25
28680	21.6667
28690	13.75
28700	18.25
28710	18.6667
28720	10.75
28730	15.25
28740	25.25
28750	25.6667
28760	17.75
28770	22.25
28780	22.6667
28790	14.75
28800	19.25
28810	19.6667
28820	11.75
28830	16.25
28840	26.25
28850	26.6667
28860	18.75
28870	23.25
28880	23.6667
28890	15.75
28900	20.25
28910	20.6667
28920	12.75
28930	17.25
28940	27.25
28950	27.6667
28960	19.75
28970	24.25
28980	24.6667
28990	16.75
29000	21.25
29010	21.6667
29020	13.75
29030	18.25
29040	18.6667
29050	10.75
29060	15.25
29070	25.25
29080	25.6667
29090	17.75
29100	22.25
29110	22.6667
29120	14.75
29130	19.25
29140	19.6667
29150	11.75
29160	16.25
29170	26.25
29180	26.6667
29190	18.75
29200	23.25
29210	23.6667
29220	15.75
29230	20.25
29240	20.6667
29250	12.75
29260	17.25
29270	27.25
29280	27.6667
29290	19.75
29300	24.25
29310	24.6667
29320	16.75
29330	21.25
29340	21.6667
29350	13.75
29360	18.25
29370	18.6667
29380	10.75
29390	15.25
29400	25.25
29410	25.6667
29420	17.75
29430	22.25
29440	22.6667
29450	14.75
29460	19.25
29470	19.6667
29480	11.75
29490	16.25
29500	26.25
29510	26.6667
29520	18.75
29530	23.25
29540	23.6667
29550	15.75
29560	20.25
29570	20.6667
29580	12.75
29590	17.25
29600	27.25
29610	27.6667
29620	19.75
29630	24.25
29640	24.6667
29650	16.75
29660	21.25
29670	21.6667
29680	13.75
29690	18.25
29700	18.6667
29710	10.75
29720	15.25
29730	25.25
29740	25.6667
29750	17.75
29760	22.25
29770	22.6667
29780	14.75
29790	19.25
29800	19.6667
29810	11.75
29820	16.25
29830	26.25
29840	26.6667
29850	18.75
29860	23.25
29870	23.6667
29880	15.75
29890	20.25
29900	20.6667
29910	12.75
29920	17.25
29930	27.25
29940	27.6667
29950	19.75
29960	24.25
29970	24.6667
29980	16.75
29990	21.25
30000	21.6667
30010	13.75
30020	18.25
30030	18.6667
30040	10.75
30050	15.25
30060	25.25
30070	25.6667
30080	17.75
30090	22.25
30100	22.6667
30110	14.75
30120	19.25
30130	19.6667
30140	11.75
30150	16.25
30160	26.25
30170	26.6667
30180	18.75
30190	23.25
30200	23.6667
30210	15.75
30220	20.25
30230	20.6667
30240	12.75
30250	17.25
30260	27.25
30270	27.6667
30280	19.75
30290	24.25
30300	24.6667
30310	16.75
30320	21.25
30330	21.6667
30340	13.75
30350	18.25
30360	18.6667
30370	10.75
30380	15.25
30390	25.25
30400	25.6667
30410	17.75
30420	22.25
30430	22.6667
30440	14.75
30450	19.25
30460	19.6667
30470	11.75
30480	16.25
30490	26.25
30500	26.6667
30510	18.75
30520	23.25
30530	23.6667
30540	15.75
30550	20.25
30560	20.6667
30570	12.75
30580	17.25
30590	27.25
30600	27.6667
30610	19.75
30620	24.25
30630	24.6667
30640	16.75
30650	21.25
30660	21.6667
30670	13.75
30680	18.25
30690	18.6667
30700	10.75
30710	15.25
30720	25.25
30730	25.6667
30740	17.75
30750	22.25
30760	22.6667
30770	14.75
30780	19.25
30790	19.6667
30800	11.75
30810	16.25
30820	26.25
30830	26.6667
30840	18.75
30850	23.25
30860	23.6667
30870	15.75
30880	20.25
30890	20.6667
30900	12.75
30910	17.25
30920	27.25
30930	27.6667
30940	19.75
30950	24.25
30960	24.6667
30970	16.75
30980	21.25
30990	21.6667
31000	13.75
31010	18.25
31020	18.6667
31030	10.75
31040	15.25
31050	25.25
31060	25.6667
31070	17.75
31080	22.25
31090	22.6667
31100	14.75
31110	19.25
31120	19.6667
31130	11.75
31140	16.25
31150	26.25
31160	26.6667
31170	18.75
31180	23.25
31190	23.6667
31200	15.75
31210	20.25
31220	20.6667
31230	12.75
31240	17.25
31250	27.25
31260	27.6667
31270	19.75
31280	24.25
31290	24.6667
31300	16.75
31310	21.25
31320	21.6667
31330	13.75
31340	18.25
31350	18.6667
31360	10.75
31370	15.25
31380	25.25
31390	25.6667
31400	17.75
31410	22.25
31420	22.6667
31430	14.75
31440	19.25
31450	19.6667
31460	11.75
31470	16.25
31480	26.25
31490	26.6667
31500	18.75
31510	23.25
31520	23.6667
31530	15.75
31540	20.25
31550	20.6667
31560	12.75
31570	17.25
31580	27.25
31590	27.6667
31600	19.75
31610	24.25
31620	24.6667
31630	16.75
31640	21.25
31650	21.6667
31660	13.75
31670	18.25
31680	18.6667
31690	10.75
31700	15.25
31710	25.25
31720	25.6667
31730	17.75
31740	22.25
31750	22.6667
31760	14.75
31770	19.25
31780	19.6667
31790	11.75
31800	16.25
31810	26.25
31820	26.6667
31830	18.75
31840	23.25
31850	23.6667
31860	15.75
31870	20.25
31880	20.6667
31890	12.75
31900	17.25
31910	27.25
31920	27.6667
31930	19.75
31940	24.25
31950	24.6667
31960	16.75
31970	21.25
31980	21.6667
31990	13.75
32000	18.25
32010	18.6667
32020	10.75
32030	15.25
32040	25.25
32050	25.6667
32060	17.75
32070	22.25
32080	22.6667
32090	14.75
32100	19.25
32110	19.6667
32120	11.75
32130	16.25
32140	26.25
32150	26.6667
32160	18.75
32170	23.25
32180	23.6667
32190	15.75
32200	20.25
32210	20.6667
32220	12.75
32230	17.25
32240	27.25
32250	27.6667
32260	19.75
32270	24.25
32280	24.6667
32290	16.75
32300	21.25
32310	21.6667
32320	13.75
32330	18.25
32340	18.6667
32350	10.75
32360	15.25
32370	25.25
32380	25.6667
32390	17.75
32400	22.25
32410	22.6667
32420	14.75
32430	19.25
32440	19.6667
32450	11.75
32460	16.25
32470	26.25
32480	26.6667
32490	18.75
32500	23.25
32510	23.6667
32520	15.75
32530	20.25
32540	20.6667
32550	12.75
32560	17.25
32570	27.25
32580	27.6667
32590	19.75
32600	24.25
32610	24.6667
32620	16.75
32630	21.25
32640	21.6667
32650	13.75
32660	18.25
32670	18.6667
32680	10.75
32690	15.25
32700	25.25
32710	25.6667
32720	17.75
32730	22.25
32740	22.6667
32750	14.75
32760	19.25
32770	19.6667
32780	11.75
32790	16.25
32800	26.25
32810	26.6667
32820	18.75
32830	23.25
32840	23.6667
32850	15.75
32860	20.25
32870	20.6667
32880	12.75
32890	17.25
32900	27.25
32910	27.6667
32920	19.75
32930	24.25
32940	24.6667
32950	16.75
32960	21.25
32970	21.6667
32980	13.75
32990	18.25
33000	18.6667
33010	10.75
33020	15.25
33030	25.25
33040	25.6667
33050	17.75
33060	22.25
33070	22.6667
33080	14.75
33090	19.25
33100	19.6667
33110	11.75
33120	16.25
33130	26.25
33140	26.6667
33150	18.75
33160	23.25
33170	23.6667
33180	15.75
33190	20.25
33200	20.6667
33210	12.75
33220	17.25
33230	27.25
33240	27.6667
33250	19.75
33260	24.25
33270	24.6667
33280	16.75
33290	21.25
33300	21.6667
33310	13.75
33320	18.25
33330	18.6667
33340	10.75
33350	15.25
33360	25.25
33370	25.6667
33380	17.75
33390	22.25
33400	22.6667
33410	14.75
33420	19.25
33430	19.6667
33440	11.75
33450	16.25
33460	26.25
33470	26.6667
33480	18.75
33490	23.25
33500	23.6667
33510	15.75
33520	20.25
33530	20.6667
33540	12.75
33550	17.25
33560	27.25
33570	27.6667
33580	19.75
33590	24.25
33600	24.6667
33610	16.75
33620	21.25
33630	21.6667
33640	13.75
33650	18.25
33660	18.6667
33670	10.75
33680	15.25
33690	25.25
33700	25.6667
33710	17.75
33720	22.25
33730	22.6667
33740	14.75
33750	19.25
33760	19.6667
33770	11.75
33780	16.25
33790	26.25
33800	26.6667
33810	18.75
33820	23.25
33830	23.6667
33840	15.75
33850	20.25
33860	20.6667
33870	12.75
33880	17.25
33890	27.25
33900	27.6667
33910	19.75
33920	24.25
33930	24.6667
33940	16.75
33950	21.25
33960	21.6667
33970	13.75
33980	18.25
33990	18.6667
34000	10.75
34010	15.25
34020	25.25
34030	25.6667
34040	17.75
34050	22.25
34060	22.6667
34070	14.75
34080	19.25
34090	19.6667
34100	11.75
34110	16.25
34120	26.25
34130	26.6667
34140	18.75
34150	23.25
34160	23.6667
34170	15.75
34180	20.25
34190	20.6667
34200	12.75
34210	17.25
34220	27.25
34230	27.6667
34240	19.75
34250	24.25
34260	24.6667
34270	16.75
34280	21.25
34290	21.6667
34300	13.75
34310	18.25
34320	18.6667
34330	10.75
34340	15.25
34350	25.25
34360	25.6667
34370	17.75
34380	22.25
34390	22.6667
34400	14.75
34410	19.25
34420	19.6667
34430	11.75
34440	16.25
34450	26.25
34460	26.6667
34470	18.75
34480	23.25
34490	23.6667
34500	15.75
34510	20.25
34520	20.6667
34530	12.75
34540	17.25
34550	27.25
34560	27.6667
34570	19.75
34580	24.25
34590	24.6667
34600	16.75
34610	21.25
34620	21.6667
34630	13.75
34640	18.25
34650	18.6667
34660	10.75
34670	15.25
34680	25.25
34690	25.6667
34700	17.75
34710	22.25
34720	22.6667
34730	14.75
34740	19.25
34750	19.6667
34760	11.75
34770	16.25
34780	26.25
34790	26.6667
34800	18.75
34810	23.25
34820	23.6667
34830	15.75
34840	20.25
34850	20.6667
34860	12.75
34870	17.25
34880	27.25
34890	27.6667
34900	19.75
34910	24.25
34920	24.6667
34930	16.75
34940	21.25
34950	21.6667
34960	13.75
34970	18.25
34980	18.6667
34990	10.75
35000	15.25
35010	25.25
35020	25.6667
35030	17.75
35040	22.25
35050	22.6667
35060	14.75
35070	19.25
35080	19.6667
35090	11.75
35100	16.25
35110	26.25
35120	26.6667
35130	18.75
35140	23.25
35150	23.6667
35160	15.75
35170	20.25
35180	20.6667
35190	12.75
35200	17.25
35210	27.25
35220	27.6667
35230	19.75
35240	24.25
35250	24.6667
35260	16.75
35270	21.25
35280	21.6667
35290	13.75
35300	18.25
35310	18.6667
35320	10.75
35330	15.25
35340	25.25
35350	25.6667
35360	17.75
35370	22.25
35380	22.6667
35390	14.75
35400	19.25
35410	19.6667
35420	11.75
35430	16.25
35440	26.25
35450	26.6667
35460	18.75
35470	23.25
35480	23.6667
35490	15.75
35500	20.25
35510	20.6667
35520	12.75
35530	17.25
35540	27.25
35550	27.6667
35560	19.75
35570	24.25
35580	24.6667
35590	16.75
35600	21.25
35610	21.6667
35620	13.75
35630	18.25
35640	18.6667
35650	10.75
35660	15.25
35670	25.25
35680	25.6667
35690	17.75
35700	22.25
35710	22.6667
35720	14.75
35730	19.25
35740	19.6667
35750	11.75
35760	16.25
35770	26.25
35780	26.6667
35790	18.75
35800	23.25
35810	23.6667
35820	15.75
35830	20.25
35840	20.6667
35850	12.75
35860	17.25
35870	27.25
35880	27.6667
35890	19.75
35900	24.25
35910	24.6667
35920	16.75
35930	21.25
35940	21.6667
35950	13.75
35960	18.25
35970	18.6667
35980	10.75
35990	15.25
36000	25.25
