10	10
20	2
30	2
40	2
50	2
60	2
70	2
80	2
90	2
100	2
110	2
120	2
130	3.66667
140	13.6667
150	18
160	13.3333
170	16.6667
180	13.3333
190	16
200	16.5
210	26.5
220	21.5
230	22.5
240	22.5
250	17.5
260	20.5
270	30.5
280	22.5
290	22
300	20
310	30
320	28.4571
330	20.9714
340	22.5714
350	21.1429
360	25.4286
370	27.1429
380	25.7302
390	35.7302
400	34.9683
410	28.3016
420	23.619
430	22.4524
440	24.4889
450	34.4889
460	29.4889
470	25.3444
480	25.3444
490	26
500	36
510	31
520	27.5
530	27.5
540	28.3333
550	38.3333
560	33.9048
570	29.7143
580	25.7143
590	22.8571
600	25
610	26.4286
620	23.5714
630	33.5714
640	30.7143
650	27.8571
660	27.1429
670	27.1429
680	24.2857
690	23.5714
700	33.5714
710	30.7143
720	27.8571
730	29.2857
740	26.4375
750	23.8214
760	25.0714
770	35.0714
780	33.2589
790	30.1339
800	27.5347
810	37.5347
820	33.75
830	27.6597
840	27.2222
850	26.1111
860	24.4444
870	23.3333
880	33.3333
890	31.6667
900	30.5556
910	28.8889
920	27.7778
930	22.2222
940	23.3333
950	25.5556
960	26.6667
970	26.6667
980	25
990	23.8889
1000	33.8889
1010	32.7778
1020	27.2222
1030	27.2222
1040	26.1667
1050	24.4111
1060	23.7
1070	33.7
1080	31.7
1090	29.2
1100	28.5
1110	26.5
1120	24.5
1130	34.5
1140	32
1150	26
1160	27
1170	27
1180	25
1190	22.5
1200	32.5
1210	30.5
1220	30.5476
1230	30.1548
1240	26.7619
1250	21.4286
1260	23.8095
1270	25.2381
1280	23.7888
1290	25.3665
1300	35.3665
1310	33.6273
1320	30.3851
1330	25.6522
1340	23.913
1350	26.087
1360	26.9565
1370	36.9565
1380	31.3043
1390	28.2609
1400	25.1866
1410	23.6268
1420	33.6268
1430	34.6649
1440	32.9982
1450	27.9982
1460	23.3417
1470	24.72
1480	22.945
1490	32.945
1500	34.4
1510	32.4
1520	28.3793
1530	38.3793
1540	31.957
1550	25.7422
1560	25.3719
1570	27.4074
1580	25.2143
1590	23.7698
1600	33.7698
1610	31.1032
1620	25.3889
1630	25.3889
1640	27.7956
1650	26.1724
1660	23.8621
1670	33.8621
1680	31.7241
1690	26.5517
1700	26.8632
1710	27.3148
1720	25.7642
1730	24.1935
1740	34.1935
1750	31.2903
1760	25.8548
1770	26.9214
1780	27.9859
1790	26.875
1800	21.875
1810	23.125
1820	24.7045
1830	23.5909
1840	33.5909
1850	33.9924
1860	33.0833
1870	28.5379
1880	23.6488
1890	25.5633
1900	24.8895
1910	34.8895
1920	33.2353
1930	32.6471
1940	28.5496
1950	23.8655
1960	26.0908
1970	25.805
1980	35.805
1990	33.7143
2000	32.2857
2010	28.5714
2020	23.1429
2030	26.2857
2040	26
2050	24.5591
2060	34.5591
2070	31.966
2080	28.0054
2090	27.027
2100	26.2162
2110	25.7269
2120	23.6095
2130	33.6095
2140	32.5569
2150	31.3898
2160	28.6842
2170	26.836
2180	36.836
2190	28.1073
2200	29.0337
2210	28.7179
2220	27.1795
2230	23.3276
2240	25.4968
2250	35.4968
2260	34.8577
2270	32.75
2280	26.75
2290	23.25
2300	25.25
2310	35.25
2320	34.75
2330	32.75
2340	26.75
2350	23.25
2360	25.2061
2370	26.5116
2380	36.5116
2390	34.6726
2400	28.0872
2410	24.878
2420	26.3812
2430	24.2314
2440	24.1208
2450	24.8837
2460	34.8837
2470	29.0698
2480	29.3208
2490	28.9271
2500	26.723
2510	22.9545
2520	24.7727
2530	26.5909
2540	27.0455
2550	37.0455
2560	30.6818
2570	27.0455
2580	26.8182
2590	24.5277
2600	34.5277
2610	33.5227
2620	31.8152
2630	26.163
2640	23.2609
2650	25.4348
2660	25.8596
2670	26.5987
2680	25.1694
2690	35.1694
2700	31.6667
2710	30.2083
2720	25.2083
2730	25.2083
2740	35.2083
2750	33.75
2760	28.75
2770	25
2780	26.6667
2790	25.4167
2800	23.9583
2810	24.7917
2820	34.7917
2830	29.7917
2840	29.7917
2850	28.3333
2860	26.875
2870	36.875
2880	28.125
2890	28.9583
2900	28.9583
2910	27.5
2920	22.5
2930	23.3333
2940	26.6667
2950	25.4167
2960	23.9718
2970	24.7377
2980	34.7377
2990	29.8137
3000	29.4118
3010	28.6275
3020	26.8627
3030	36.8627
3040	28.2353
3050	29.4118
3060	28.6275
3070	26.8775
3080	36.8774
3090	28.3861
3100	29.661
3110	29.0385
3120	26.5385
3130	36.5385
3140	28.2393
3150	29.688
3160	29.3148
3170	26.4815
3180	36.4815
3190	27.963
3200	29.6296
3210	29.2593
3220	27.037
3230	37.037
3240	28.5185
3250	28.1481
3260	28.1603
3270	27.1434
3280	24.5737
3290	24.3636
3300	34.3636
3310	29.8182
3320	30
3330	29.0909
3340	26.3636
3350	36.3636
3360	28.1818
3370	29.4545
3380	29.6364
3390	26.9091
3400	22.3636
3410	23.6364
3420	26
3430	25.0909
3440	25.2877
3450	35.2877
3460	34.4526
3470	30.0955
3480	25
3490	26.0714
3500	25.3571
3510	24.6429
3520	24.6429
3530	34.6429
3540	30.3571
3550	29.6429
3560	28.9187
3570	26.3239
3580	36.3239
3590	28.8485
3600	29.883
3610	29.4828
3620	26.5517
3630	22.7586
3640	23.7931
3650	26.0345
3660	25.6897
3670	25.3391
3680	35.3391
3690	33.9575
3700	30.4977
3710	24.6667
3720	26.3333
3730	26.3333
3740	24.6705
3750	24.0519
3760	34.0519
3770	30.888
3780	30.3279
3790	28.8525
3800	25.7377
3810	35.7377
3820	29.3443
3830	30.3279
3840	28.8525
3850	25.7335
3860	35.7335
3870	29.4405
3880	30.0407
3890	28.7097
3900	25.8064
3910	35.8064
3920	29.6774
3930	30
3940	28.7097
3950	25.8064
3960	35.8064
3970	29.6774
3980	30
3990	28.7097
4000	25.8064
4010	35.8064
4020	29.6774
4030	30
4040	28.7011
4050	25.7147
4060	35.7147
4070	29.8982
4080	30.4688
4090	28.75
4100	25.4647
4110	35.4647
4120	29.931
4130	30.1935
4140	28.6154
4150	25.5385
4160	35.5385
4170	30.1538
4180	30.1538
4190	28.6154
4200	25.5385
4210	35.5385
4220	30.209
4230	30.0657
4240	28.3183
4250	25.5224
4260	35.5224
4270	30.597
4280	30.1615
4290	28.2704
4300	25.6734
4310	35.6734
4320	30.2941
4330	30
4340	28.2353
4350	25.7353
4360	35.7353
4370	30.2941
4380	30
4390	28.2353
4400	25.7353
4410	35.7353
4420	30.2941
4430	30
4440	28.2353
4450	25.7353
4460	35.7353
4470	30.2941
4480	30
4490	28.2353
4500	25.7353
4510	35.7353
4520	30.321
4530	29.8427
4540	28.1667
4550	25.7971
4560	35.7971
4570	30.5797
4580	29.7226
4590	27.9747
4600	25.7404
4610	35.7404
4620	30.7143
4630	30
4640	27.8606
4650	25.7553
4660	35.7553
4670	30.8863
4680	29.7183
4690	27.7465
4700	25.7746
4710	35.7746
4720	30.9859
4730	29.7183
4740	27.7465
4750	25.7746
4760	35.7746
4770	30.9859
4780	29.7183
4790	27.7465
4800	25.7746
4810	35.7746
4820	30.9859
4830	29.7183
4840	27.7465
4850	25.7746
4860	35.7746
4870	30.9859
4880	29.7183
4890	27.7465
4900	25.7746
4910	35.7746
4920	30.9859
4930	29.7183
4940	27.7498
4950	25.6618
4960	35.6618
4970	31.0004
4980	29.8611
4990	28.0556
5000	25.5556
5010	35.5556
5020	30.9722
5030	29.8611
5040	28.0556
5050	25.5521
5060	35.5521
5070	30.7844
5080	29.7616
5090	28.0822
5100	25.7534
5110	35.7534
5120	30.6849
5130	29.726
5140	28.0822
5150	25.7534
5160	35.7534
5170	30.6849
5180	29.7494
5190	28.1925
5200	25.7016
5210	35.7016
5220	30.4
5230	29.7333
5240	28.4059
5250	25.6687
5260	35.6687
5270	30.1797
5280	29.7403
5290	28.7013
5300	25.7204
5310	35.7204
5320	30.2859
5330	30.0488
5340	28.7342
5350	25.4522
5360	35.4522
5370	30.3345
5380	30.2813
5390	29
5400	25.25
5410	35.25
5420	30.2939
5430	30.1768
5440	29.0695
5450	25.122
5460	35.122
5470	30.4878
5480	30.0837
5490	28.9115
5500	25.8043
5510	35.8043
5520	31.3253
5530	30.241
5540	27.2392
5550	26.432
5560	24.9484
5570	23.5714
5580	25
5590	26.4286
5600	25
5610	23.5714
5620	25
5630	26.4286
5640	25
5650	23.5714
5660	24.9836
5670	26.3547
5680	24.8867
5690	23.7931
5700	25.0575
5710	26.3218
5720	24.8406
5730	23.691
5740	25.0149
5750	26.3636
5760	25
5770	23.6364
5780	25.0097
5790	26.25
5800	24.963
5810	23.7079
5820	25.1685
5830	26.1798
5840	24.9119
5850	23.7196
5860	25.2372
5870	26.3333
5880	24.7778
5890	23.6667
5900	25.1971
5910	26.3758
5920	24.7101
5930	23.8043
5940	25.1087
5950	26.413
5960	24.6865
5970	23.8579
5980	25.2183
5990	26.2366
6000	24.6237
6010	23.871
6020	25.278
6030	26.1304
6040	24.5916
6050	23.9362
6060	25.4255
6070	26.0638
6080	24.5866
6090	23.9875
6100	25.2779
6110	26
6120	24.6316
6130	24.1053
6140	25.2307
6150	26.0013
6160	24.7039
6170	24.2708
6180	25.1042
6190	25.9375
6200	24.6991
6210	24.32
6220	24.9626
6230	25.8763
6240	24.7423
6250	24.433
6260	24.9485
6270	25.8763
6280	24.7423
6290	24.433
6300	24.9485
6310	25.8763
6320	24.7423
6330	24.433
6340	24.9485
6350	25.8763
6360	24.7423
6370	24.433
6380	24.9173
6390	25.8776
6400	24.8117
6410	24.5918
6420	24.7959
6430	25.8163
6440	24.807
6450	24.4976
6460	24.7611
6470	25.8586
6480	24.9495
6490	24.4444
6500	24.7172
6510	25.8594
6520	25.0158
6530	24.6
6540	24.6
6550	25.8
6560	25.0107
6570	24.6467
6580	24.4685
6590	25.7426
6600	25.0495
6610	24.7525
6620	24.4655
6630	25.6453
6640	25.0151
6650	24.8039
6660	24.6078
6670	25.5882
6680	25
6690	24.8039
6700	24.6078
6710	25.5882
6720	25
6730	24.8039
6740	24.6177
6750	25.6288
6760	24.8692
6770	24.7573
6780	24.6602
6790	25.7282
6800	24.8264
6810	24.7633
6820	24.7244
6830	25.8654
6840	24.7115
6850	24.7115
6860	24.7115
6870	25.8654
6880	24.7115
6890	24.7115
6900	24.7115
6910	25.8654
6920	24.7222
6930	24.6222
6940	24.6793
6950	25.9048
6960	24.8571
6970	24.5714
6980	24.6478
6990	25.9432
7000	24.7952
7010	24.6729
7020	24.5794
7030	25.9813
7040	24.7869
7050	24.6299
7060	24.4273
7070	25.9633
7080	24.9541
7090	24.6789
7100	24.3766
7110	25.9631
7120	25.014
7130	24.8182
7140	24.2727
7150	25.9091
7160	24.9838
7170	24.7406
7180	24.3081
7190	26.0714
7200	25
7210	24.6429
7220	24.2857
7230	26.0714
7240	25
7250	24.6429
7260	24.2857
7270	26.0714
7280	24.9843
7290	24.6908
7300	24.4427
7310	26.0526
7320	24.8246
7330	24.6491
7340	24.4737
7350	26.0526
7360	24.8246
7370	24.6491
7380	24.4737
7390	26.0526
7400	24.8343
7410	24.5681
7420	24.4458
7430	26.087
7440	24.9565
7450	24.5217
7460	24.452
7470	26.0345
7480	24.8131
7490	24.5299
7500	24.6154
7510	26.0684
7520	24.7959
7530	24.5699
7540	24.5024
7550	26.0169
7560	24.8305
7570	24.661
7580	24.4915
7590	26.0169
7600	24.8305
7610	24.661
7620	24.4915
7630	26.0169
7640	24.8399
7650	24.5827
7660	24.4645
7670	26.0504
7680	24.958
7690	24.5378
7700	24.4538
7710	26.0504
7720	24.958
7730	24.5378
7740	24.4538
7750	26.0504
7760	24.9672
7770	24.4608
7780	24.4272
7790	26.0833
7800	25.0833
7810	24.4167
7820	24.4249
7830	26.1157
7840	24.9719
7850	24.3802
7860	24.4628
7870	26.1983
7880	24.9587
7890	24.3802
7900	24.4628
7910	26.1983
7920	24.9587
7930	24.3802
7940	24.4628
7950	26.1983
7960	24.9587
7970	24.3802
7980	24.4628
7990	26.1983
8000	24.9444
8010	24.4261
8020	24.6055
8030	26.1789
8040	24.7967
8050	24.3902
8060	24.642
8070	26.2106
8080	24.69
8090	24.3548
8100	24.6774
8110	25.9677
8120	25.4839
8130	25.1613
8140	35.1613
8150	33.0645
8160	28.5484
8170	28.0645
8180	25.1613
8190	35.1613
8200	33.0645
8210	28.5484
8220	28.0645
8230	25.1613
8240	35.1613
8250	33.0645
8260	28.5484
8270	28.0645
8280	25.1613
8290	35.1613
8300	33.0645
8310	28.5484
8320	28.0645
8330	25.1613
8340	35.1613
8350	33.0645
8360	28.5351
8370	28.0978
8380	25.1024
8390	35.1024
8400	33.1746
8410	28.4921
8420	28.0159
8430	25.6349
8440	35.6349
8450	33.7302
8460	29.0476
8470	25.9524
8480	25.6333
8490	35.6333
8500	33.7642
8510	28.9203
8520	25.9055
8530	25.6755
8540	35.6755
8550	33.8995
8560	29.0067
8570	26.0938
8580	25.5469
8590	35.5469
8600	33.839
8610	28.9081
8620	26.0694
8630	25.5814
8640	35.5814
8650	33.4884
8660	29.542
8670	26.6712
8680	26.2447
8690	36.2447
8700	31.2308
8710	29.6923
8720	26.6154
8730	26.2308
8740	36.2308
8750	31.2308
8760	29.6923
8770	26.6154
8780	26.2292
8790	36.2292
8800	31.2727
8810	29.5639
8820	26.5649
8830	26.258
8840	36.258
8850	31.2714
8860	29.4913
8870	26.5909
8880	26.3636
8890	36.3636
8900	31.2121
8910	29.4697
8920	26.5909
8930	26.3636
8940	36.3636
8950	31.2121
8960	29.4837
8970	26.5543
8980	26.4003
8990	36.4003
9000	31.1194
9010	29.5522
9020	26.491
9030	26.3846
9040	36.3846
9050	31.2938
9060	29.635
9070	26.4963
9080	26.2774
9090	36.2774
9100	31.3139
9110	29.635
9120	26.4963
9130	26.2759
9140	36.2759
9150	31.3536
9160	29.5137
9170	26.4493
9180	26.3043
9190	36.3043
9200	31.4493
9210	29.4928
9220	26.4493
9230	26.3043
9240	36.3043
9250	31.4493
9260	29.4996
9270	26.3817
9280	26.2718
9290	36.2718
9300	31.5108
9310	29.6403
9320	26.3328
9330	26.2767
9340	36.2767
9350	31.3724
9360	29.5714
9370	26.3571
9380	26.3571
9390	36.3571
9400	31.3571
9410	29.5714
9420	26.3571
9430	26.3571
9440	36.3571
9450	31.3571
9460	29.5714
9470	26.3571
9480	26.3571
9490	36.3571
9500	31.3571
9510	29.5714
9520	26.3571
9530	26.3571
9540	36.3571
9550	31.3571
9560	29.5847
9570	26.3239
9580	26.3915
9590	36.3915
9600	31.2676
9610	29.6479
9620	26.2713
9630	26.3659
9640	36.3659
9650	31.3554
9660	29.5833
9670	26.3889
9680	26.325
9690	36.325
9700	31.4335
9710	29.6752
9720	26.5517
9730	26.2041
9740	36.2041
9750	31.4532
9760	29.6243
9770	26.3946
9780	26.1905
9790	36.1905
9800	31.5646
9810	29.6599
9820	26.3946
9830	26.1905
9840	36.1905
9850	31.5646
9860	29.6663
9870	26.4261
9880	26.2551
9890	36.2551
9900	31.4189
9910	29.5946
9920	26.4207
9930	26.3005
9940	36.3005
9950	31.4975
9960	29.4631
9970	26.3758
9980	26.3087
9990	36.3087
10000	31.5436
10010	29.4631
10020	26.3758
10030	26.3127
10040	36.3127
10050	31.6219
10060	29.6342
10070	26.4238
10080	26.1589
10090	36.1589
10100	31.573
10110	29.7024
10120	26.3774
10130	26.2092
10140	36.2092
10150	31.5033
10160	29.7187
10170	26.3444
10180	26.2452
10190	36.2452
10200	31.6234
10210	29.6104
10220	26.2987
10230	26.2338
10240	36.2338
10250	31.6234
10260	29.6104
10270	26.2987
10280	26.2338
10290	36.2338
10300	31.6234
10310	29.6104
10320	26.2987
10330	26.2299
10340	36.2299
10350	31.6046
10360	29.54
10370	26.1783
10380	26.3057
10390	36.3057
10400	31.6561
10410	29.5541
10420	26.1783
10430	26.3057
10440	36.3057
10450	31.6561
10460	29.5541
10470	26.1783
10480	26.3057
10490	36.3057
10500	31.6561
10510	29.5541
10520	26.18
10530	26.3212
10540	36.3212
10550	31.5328
10560	29.4937
10570	26.2025
10580	26.3924
10590	36.3924
10600	31.519
10610	29.4937
10620	26.2025
10630	26.3962
10640	36.3962
10650	31.5934
10660	29.4741
10670	26.3125
10680	26.3125
10690	36.3125
10700	31.6097
10710	29.3716
10720	26.3309
10730	26.4198
10740	36.4198
10750	31.6049
10760	29.2408
10770	26.3001
10780	26.4526
10790	36.4526
10800	31.7178
10810	29.1411
10820	26.2577
10830	26.4417
10840	36.4417
10850	31.7178
10860	29.1411
10870	26.2577
10880	26.4442
10890	36.4442
10900	31.7069
10910	29.0874
10920	26.3855
10930	26.4458
10940	36.4458
10950	31.6867
10960	29.0361
10970	26.3855
10980	26.4458
10990	36.4458
11000	31.6867
11010	29.0361
11020	26.3855
11030	26.4458
11040	36.4458
11050	31.6867
11060	29.0304
11070	26.3599
11080	26.3628
11090	36.3628
11100	31.8343
11110	29.1124
11120	26.3905
11130	26.3314
11140	36.3314
11150	31.8343
11160	29.1124
11170	26.3905
11180	26.3314
11190	36.3314
11200	31.8343
11210	29.1124
11220	26.3905
11230	26.3361
11240	36.3361
11250	31.8714
11260	29.1929
11270	26.5294
11280	26.2353
11290	36.2353
11300	31.8235
11310	29.1765
11320	26.5294
11330	26.2353
11340	36.2353
11350	31.8235
11360	29.1824
11370	26.4742
11380	26.2089
11390	36.2089
11400	31.8713
11410	29.2982
11420	26.4327
11430	26.1988
11440	36.1988
11450	31.8713
11460	29.2982
11470	26.4327
11480	26.1976
11490	36.1976
11500	31.9018
11510	29.3711
11520	26.3372
11530	26.1662
11540	36.1662
11550	31.9842
11560	29.5676
11570	26.3793
11580	26.0345
11590	36.0345
11600	31.9732
11610	29.5709
11620	26.4306
11630	25.9659
11640	35.9659
11650	32.0455
11660	29.5285
11670	26.481
11680	25.9981
11690	35.9981
11700	32.1469
11710	29.435
11720	26.4421
11730	25.9413
11740	35.9413
11750	32.1477
11760	29.4944
11770	26.573
11780	25.8977
11790	35.8977
11800	32.1629
11810	29.5634
11820	26.4804
11830	25.8647
11840	35.8647
11850	32.2065
11860	29.516
11870	26.4444
11880	25.8889
11890	35.8889
11900	32.2868
11910	29.4432
11920	26.4252
11930	25.9116
11940	35.9116
11950	32.3757
11960	29.3923
11970	26.4088
11980	25.9116
11990	35.9116
12000	32.3757
12010	29.3923
12020	26.4088
12030	25.9116
12040	35.9116
12050	32.3757
12060	29.3923
12070	26.4088
12080	25.9116
12090	35.9116
12100	32.3757
12110	29.3923
12120	26.4088
12130	25.9136
12140	35.9136
12150	32.3583
12160	29.34
12170	26.5217
12180	25.9239
12190	35.9239
12200	32.3133
12210	29.2924
12220	26.5566
12230	26
12240	36
12250	32.2162
12260	29.2543
12270	26.5148
12280	25.9
12290	35.9
12300	32.246
12310	29.4118
12320	26.5789
12330	25.8962
12340	35.8962
12350	32.1399
12360	29.3617
12370	26.5957
12380	25.9552
12390	35.9552
12400	32.1807
12410	29.3401
12420	26.4737
12430	25.9474
12440	35.9474
12450	32.2632
12460	29.3684
12470	26.4737
12480	25.9474
12490	35.9474
12500	32.2632
12510	29.3684
12520	26.4737
12530	25.9474
12540	35.9474
12550	32.2632
12560	29.3684
12570	26.4737
12580	25.9474
12590	35.9474
12600	32.2632
12610	29.3684
12620	26.475
12630	25.9033
12640	35.9033
12650	32.2635
12660	29.4241
12670	26.5969
12680	25.8657
12690	35.8657
12700	32.2352
12710	29.3735
12720	26.701
12730	25.8803
12740	35.8803
12750	32.2471
12760	29.3989
12770	26.8205
12780	25.7949
12790	35.7949
12800	32.2051
12810	29.3846
12820	26.8205
12830	25.7949
12840	35.7949
12850	32.2051
12860	29.3846
12870	26.8205
12880	25.7949
12890	35.7949
12900	32.2051
12910	29.3846
12920	26.8231
12930	25.7662
12940	35.7662
12950	32.262
12960	29.3401
12970	26.9036
12980	25.736
12990	35.736
13000	32.2843
13010	29.3401
13020	26.9036
13030	25.736
13040	35.736
13050	32.2843
13060	29.3401
13070	26.9036
13080	25.736
13090	35.736
13100	32.2924
13110	29.3692
13120	26.834
13130	25.7071
13140	35.7071
13150	32.3232
13160	29.4496
13170	26.8411
13180	25.6362
13190	35.6362
13200	32.3116
13210	29.4975
13220	26.9322
13230	25.5957
13240	35.5957
13250	32.3613
13260	29.6517
13270	26.9652
13280	25.5251
13290	35.5251
13300	32.2967
13310	29.6827
13320	27.0936
13330	25.515
13340	35.515
13350	32.1711
13360	29.6806
13370	27.0244
13380	25.561
13390	35.561
13400	32.1542
13410	29.6568
13420	27.0059
13430	25.5825
13440	35.5825
13450	32.233
13460	29.5972
13470	26.9929
13480	25.6116
13490	35.6116
13500	32.3188
13510	29.5169
13520	26.9565
13530	25.6039
13540	35.6039
13550	32.3188
13560	29.5169
13570	26.9565
13580	25.6039
13590	35.6039
13600	32.3188
13610	29.5169
13620	26.9565
13630	25.6065
13640	35.6065
13650	32.3698
13660	29.5001
13670	27.0335
13680	25.5502
13690	35.5502
13700	32.4073
13710	29.452
13720	26.9499
13730	25.545
13740	35.545
13750	32.5118
13760	29.4787
13770	26.9194
13780	25.545
13790	35.545
13800	32.5118
13810	29.4787
13820	26.9206
13830	25.558
13840	35.558
13850	32.563
13860	29.3868
13870	26.8868
13880	25.5697
13890	35.5697
13900	32.6211
13910	29.4495
13920	26.9953
13930	25.493
13940	35.493
13950	32.5822
13960	29.4366
13970	26.9953
13980	25.493
13990	35.493
14000	32.5687
14010	29.4623
14020	26.9602
14030	25.5349
14040	35.5349
14050	32.5116
14060	29.4932
14070	26.9513
14080	25.5813
14090	35.5813
14100	32.4074
14110	29.4444
14120	26.9422
14130	25.572
14140	35.572
14150	32.4526
14160	29.5872
14170	26.9725
14180	25.5035
14190	35.5035
14200	32.4528
14210	29.5104
14220	26.9406
14230	25.5251
14240	35.5251
14250	32.5114
14260	29.4977
14270	26.9406
14280	25.5251
14290	35.5251
14300	32.5114
14310	29.4977
14320	26.9406
14330	25.5251
14340	35.5251
14350	32.5114
14360	29.5024
14370	26.8977
14380	25.5071
14390	35.5071
14400	32.5455
14410	29.5909
14420	26.8603
14430	25.5079
14440	35.5079
14450	32.5897
14460	29.6833
14470	26.7873
14480	25.4731
14490	35.4731
14500	32.5359
14510	29.7071
14520	26.7265
14530	25.5147
14540	35.5147
14550	32.4475
14560	29.7003
14570	26.7411
14580	25.5804
14590	35.5804
14600	32.4177
14610	29.7126
14620	26.7961
14630	25.5111
14640	35.5111
14650	32.4
14660	29.7378
14670	26.8649
14680	25.4494
14690	35.4494
14700	32.3894
14710	29.7788
14720	26.9469
14730	25.4425
14740	35.4425
14750	32.3894
14760	29.7788
14770	26.9469
14780	25.4425
14790	35.4425
14800	32.3894
14810	29.7788
14820	26.9469
14830	25.4415
14840	35.4415
14850	32.4102
14860	29.8318
14870	26.8722
14880	25.4185
14890	35.4185
14900	32.4229
14910	29.8678
14920	26.8722
14930	25.4185
14940	35.4185
14950	32.4229
14960	29.8591
14970	26.8342
14980	25.4285
14990	35.4285
15000	32.5328
15010	29.869
15020	26.7708
15030	25.3911
15040	35.3911
15050	32.444
15060	29.8701
15070	26.8831
15080	25.4136
15090	35.4136
15100	32.4689
15110	29.8529
15120	26.9528
15130	25.3628
15140	35.3628
15150	32.5289
15160	29.8071
15170	26.8511
15180	25.3617
15190	35.3617
15200	32.6022
15210	29.7858
15220	26.8357
15230	25.3814
15240	35.3814
15250	32.6695
15260	29.7501
15270	26.7826
15280	25.3651
15290	35.3651
15300	32.7004
15310	29.8312
15320	26.7511
15330	25.3587
15340	35.3587
15350	32.7004
15360	29.8312
15370	26.7511
15380	25.3577
15390	35.3577
15400	32.6398
15410	29.802
15420	26.7647
15430	25.4202
15440	35.4202
15450	32.605
15460	29.7899
15470	26.7647
15480	25.4202
15490	35.4202
15500	32.5929
15510	29.8119
15520	26.7348
15530	25.4583
15540	35.4583
15550	32.5417
15560	29.8333
15570	26.7083
15580	25.4583
15590	35.4583
15600	32.5417
15610	29.8333
15620	26.7094
15630	25.424
15640	35.424
15650	32.5406
15660	29.8755
15670	26.805
15680	25.3932
15690	35.3932
15700	32.4719
15710	29.8466
15720	26.8182
15730	25.4527
15740	35.4527
15750	32.4767
15760	29.8145
15770	26.7213
15780	25.4508
15790	35.4508
15800	32.5536
15810	29.8817
15820	26.7167
15830	25.3659
15840	35.3659
15850	32.561
15860	29.9472
15870	26.7508
15880	25.3908
15890	35.3908
15900	32.6316
15910	29.8785
15920	26.7217
15930	25.3957
15940	35.3957
15950	32.6746
15960	29.7984
15970	26.6935
15980	25.4014
15990	35.4014
16000	32.7384
16010	29.7791
16020	26.6
16030	25.3991
16040	35.3991
16050	32.8182
16060	29.7327
16070	26.5737
16080	25.4183
16090	35.4183
16100	32.8745
16110	29.7438
16120	26.5203
16130	25.3968
16140	35.3968
16150	32.8968
16160	29.8057
16170	26.4715
16180	25.3814
16190	35.3814
16200	32.9249
16210	29.8814
16220	26.4448
16230	25.3536
16240	35.3536
16250	32.9635
16260	29.8431
16270	26.5098
16280	25.3355
16290	35.3355
16300	33.0191
16310	29.9411
16320	26.537
16330	25.252
16340	35.252
16350	33.0133
16360	30.0076
16370	26.4729
16380	25.2326
16390	35.2326
16400	33.0233
16410	30.0388
16420	26.4729
16430	25.2326
16440	35.2326
16450	33.0233
16460	30.0273
16470	26.4761
16480	25.2566
16490	35.2566
16500	33.0888
16510	29.9614
16520	26.4499
16530	25.2298
16540	35.2298
16550	33.0066
16560	29.9617
16570	26.5517
16580	25.2482
16590	35.2482
16600	33.0054
16610	30.0074
16620	26.4885
16630	25.2273
16640	35.2273
16650	32.9768
16660	29.9468
16670	26.4773
16680	25.303
16690	35.303
16700	32.9754
16710	29.923
16720	26.5024
16730	25.3585
16740	35.3585
16750	32.9057
16760	29.8946
16770	26.474
16780	25.2921
16790	35.2921
16800	32.9213
16810	30
16820	26.5179
16830	25.2911
16840	35.2911
16850	32.8445
16860	29.9627
16870	26.5299
16880	25.335
16890	35.335
16900	32.8526
16910	30.0073
16920	26.4684
16930	25.316
16940	35.316
16950	32.8625
16960	30.0372
16970	26.4684
16980	25.316
16990	35.316
17000	32.8625
17010	30.0372
17020	26.4684
17030	25.316
17040	35.316
17050	32.8625
17060	30.0262
17070	26.4715
17080	25.3389
17090	35.3389
17100	32.9259
17110	29.963
17120	26.4428
17130	25.3496
17140	35.3496
17150	32.9988
17160	29.9632
17170	26.3603
17180	25.3329
17190	35.3329
17200	33.0509
17210	29.9489
17220	26.4234
17230	25.2912
17240	35.2912
17250	33.0818
17260	29.8653
17270	26.4
17280	25.3091
17290	35.3091
17300	33.1215
17310	29.8946
17320	26.422
17330	25.2878
17340	35.2878
17350	33.0576
17360	29.9281
17370	26.4388
17380	25.2878
17390	35.2878
17400	33.0576
17410	29.9281
17420	26.4408
17430	25.2679
17440	35.2679
17450	32.9812
17460	29.9286
17470	26.5357
17480	25.2877
17490	35.2877
17500	32.9994
17510	29.9145
17520	26.5957
17530	25.2466
17540	35.2466
17550	32.9784
17560	29.8093
17570	26.5845
17580	25.3169
17590	35.3169
17600	32.9823
17610	29.8076
17620	26.6514
17630	25.3147
17640	35.3147
17650	32.9021
17660	29.7902
17670	26.6783
17680	25.3147
17690	35.3147
17700	32.9021
17710	29.7902
17720	26.6776
17730	25.3018
17740	35.3018
17750	32.9691
17760	29.827
17770	26.6782
17780	25.2587
17790	35.2587
17800	32.9911
17810	29.7686
17820	26.6552
17830	25.2743
17840	35.2743
17850	32.9997
17860	29.7766
17870	26.6096
17880	25.3082
17890	35.3082
17900	32.9795
17910	29.7945
17920	26.6096
17930	25.3082
17940	35.3082
17950	32.9795
17960	29.7945
17970	26.6096
17980	25.3082
17990	35.3082
18000	32.9795
18010	29.7945
18020	26.6096
18030	25.3082
18040	35.3082
18050	32.9795
18060	29.7945
18070	26.6096
18080	25.3082
18090	35.3082
18100	32.9795
18110	29.7945
18120	26.6096
18130	25.3074
18140	35.3074
18150	32.9298
18160	29.771
18170	26.6212
18180	25.3584
18190	35.3584
18200	32.8959
18210	29.7986
18220	26.6401
18230	25.3378
18240	35.3378
18250	32.8378
18260	29.8381
18270	26.6402
18280	25.2785
18290	35.2785
18300	32.8523
18310	29.9329
18320	26.6787
18330	25.2409
18340	35.2409
18350	32.8506
18360	29.9666
18370	26.7559
18380	25.2166
18390	35.2166
18400	32.7944
18410	29.943
18420	26.7667
18430	25.2667
18440	35.2667
18450	32.7667
18460	29.9333
18470	26.7667
18480	25.2667
18490	35.2667
18500	32.7717
18510	29.8988
18520	26.7549
18530	25.2824
18540	35.2824
18550	32.8239
18560	29.8573
18570	26.7465
18580	25.303
18590	35.303
18600	32.8808
18610	29.8013
18620	26.7219
18630	25.298
18640	35.298
18650	32.8808
18660	29.8013
18670	26.7219
18680	25.2973
18690	35.2973
18700	32.8956
18710	29.7455
18720	26.6997
18730	25.3128
18740	35.3128
18750	32.8895
18760	29.7134
18770	26.7105
18780	25.3618
18790	35.3618
18800	32.8618
18810	29.7039
18820	26.7105
18830	25.3618
18840	35.3618
18850	32.8618
18860	29.7039
18870	26.7105
18880	25.3618
18890	35.3618
18900	32.8618
18910	29.7039
18920	26.709
18930	25.3406
18940	35.3406
18950	32.8913
18960	29.8039
18970	26.732
18980	25.2941
18990	35.2941
19000	32.8758
19010	29.8039
19020	26.732
19030	25.2934
19040	35.2934
19050	32.8904
19060	29.8432
19070	26.6775
19080	25.2769
19090	35.2769
19100	32.8892
19110	29.8869
19120	26.7391
19130	25.2751
19140	35.2751
19150	32.8155
19160	29.8739
19170	26.7789
19180	25.308
19190	35.308
19200	32.7419
19210	29.8387
19220	26.775
19230	25.2962
19240	35.2962
19250	32.7406
19260	29.8714
19270	26.8489
19280	25.2733
19290	35.2733
19300	32.7331
19310	29.8714
19320	26.8489
19330	25.2726
19340	35.2726
19350	32.6868
19360	29.8489
19370	26.859
19380	25.3205
19390	35.3205
19400	32.6651
19410	29.8577
19420	26.8154
19430	25.3035
19440	35.3035
19450	32.6837
19460	29.9074
19470	26.82
19480	25.336
19490	35.336
19500	32.6115
19510	29.8726
19520	26.8138
19530	25.33
19540	35.33
19550	32.6411
19560	29.9684
19570	26.8354
19580	25.2841
19590	35.2841
19600	32.641
19610	29.9145
19620	26.8139
19630	25.299
19640	35.299
19650	32.6957
19660	29.943
19670	26.761
19680	25.283
19690	35.283
19700	32.7091
19710	29.9861
19720	26.8
19730	25.2351
19740	35.2351
19750	32.6959
19760	29.9939
19770	26.8507
19780	25.2119
19790	35.2119
19800	32.7414
19810	29.9688
19820	26.8855
19830	25.2113
19840	35.2113
19850	32.7742
19860	29.9068
19870	26.8634
19880	25.2174
19890	35.2174
19900	32.795
19910	29.9068
19920	26.8634
19930	25.2174
19940	35.2174
19950	32.795
19960	29.9068
19970	26.8634
19980	25.2174
19990	35.2174
20000	32.7996
20010	29.9242
20020	26.9017
20030	25.1703
20040	35.1703
20050	32.7864
20060	29.9413
20070	26.9494
20080	25.2021
20090	35.2021
20100	32.716
20110	29.9074
20120	26.946
20130	25.1997
20140	35.1997
20150	32.7473
20160	29.8773
20170	26.9939
20180	25.1826
20190	35.1826
20200	32.7302
20210	29.8039
20220	26.9817
20230	25.2462
20240	35.2462
20250	32.7607
20260	29.8262
20270	27.0517
20280	25.1976
20290	35.1976
20300	32.7356
20310	29.8176
20320	27.0517
20330	25.1976
20340	35.1976
20350	32.7356
20360	29.8208
20370	27.0232
20380	25.1864
20390	35.1863
20400	32.7576
20410	29.8788
20420	27.0008
20430	25.1905
20440	35.1905
20450	32.7895
20460	29.8187
20470	26.9789
20480	25.1957
20490	35.1957
20500	32.8231
20510	29.8549
20520	26.9277
20530	25.1823
20540	35.1823
20550	32.861
20560	29.8674
20570	26.976
20580	25.1497
20590	35.1497
20600	32.883
20610	29.8363
20620	27.0019
20630	25.119
20640	35.119
20650	32.9167
20660	29.8245
20670	27.0376
20680	25.0785
20690	35.0785
20700	32.908
20710	29.8516
20720	27.0935
20730	25.0588
20740	35.0588
20750	32.9372
20760	29.823
20770	27.1386
20780	25.0435
20790	35.0435
20800	32.9627
20810	29.8582
20820	27.0882
20830	25.028
20840	35.028
20850	32.996
20860	29.8673
20870	27.0175
20880	25.0292
20890	35.0292
20900	33.0451
20910	29.8995
20920	27.0535
20930	24.9854
20940	34.9854
20950	33.0321
20960	29.9186
20970	27.0709
20980	24.9359
20990	34.9359
21000	33.0435
21010	30
21020	27.1014
21030	24.9275
21040	34.9275
21050	33.0435
21060	30
21070	27.1014
21080	24.9268
21090	34.9268
21100	33.0558
21110	30.0342
21120	27.052
21130	24.9133
21140	34.9133
21150	33.0636
21160	30.0578
21170	27.052
21180	24.9133
21190	34.9133
21200	33.0677
21210	30.0278
21220	27.0415
21230	24.928
21240	34.928
21250	33.1124
21260	30.003
21270	27.0049
21280	24.9179
21290	34.9179
21300	33.1322
21310	30.0575
21320	26.9828
21330	24.9138
21340	34.9138
21350	33.1322
21360	30.0575
21370	26.9828
21380	24.9124
21390	34.9124
21400	33.1021
21410	29.9879
21420	26.9714
21430	24.9714
21440	34.9714
21450	33.1143
21460	29.9714
21470	26.9714
21480	24.9714
21490	34.9714
21500	33.1264
21510	29.9739
21520	26.9577
21530	24.9292
21540	34.9292
21550	33.1728
21560	30
21570	26.9688
21580	24.9292
21590	34.9292
21600	33.1728
21610	30
21620	26.9696
21630	24.9374
21640	34.9374
21650	33.2016
21660	29.9435
21670	26.9492
21680	24.9428
21690	34.9428
21700	33.1787
21710	29.9235
21720	26.9577
21730	24.9881
21740	34.9881
21750	33.1697
21760	29.9518
21770	27.0225
21780	24.9438
21790	34.9438
21800	33.15
21810	29.9148
21820	27.0123
21830	24.958
21840	34.958
21850	33.1933
21860	29.8939
21870	27.0288
21880	24.9494
21890	34.9494
21900	33.1198
21910	29.8886
21920	27.0759
21930	24.9663
21940	34.9663
21950	33.1483
21960	29.8333
21970	27.0556
21980	24.9716
21990	34.9716
22000	33.1784
22010	29.7862
22020	27.036
22030	24.9882
22040	34.9882
22050	33.2278
22060	29.8144
22070	27.0994
22080	24.9448
22090	34.9448
22100	33.2044
22110	29.8066
22120	27.0994
22130	24.9448
22140	34.9448
22150	33.2044
22160	29.8066
22170	27.0994
22180	24.9448
22190	34.9448
22200	33.2044
22210	29.8066
22220	27.0994
22230	24.9448
22240	34.9448
22250	33.2044
22260	29.8066
22270	27.0994
22280	24.9448
22290	34.9448
22300	33.2044
22310	29.8066
22320	27.0994
22330	24.9455
22340	34.9455
22350	33.1898
22360	29.8559
22370	27.1233
22380	24.9315
22390	34.9315
22400	33.1382
22410	29.8621
22420	27.1405
22430	24.9727
22440	34.9727
22450	33.0874
22460	29.839
22470	27.1437
22480	25.0012
22490	35.0012
22500	33.0245
22510	29.8093
22520	27.141
22530	25.0076
22540	35.0076
22550	32.995
22560	29.7568
22570	27.1892
22580	25.0291
22590	35.0291
22600	33.0144
22610	29.7918
22620	27.2507
22630	24.9859
22640	34.9859
22650	32.9524
22660	29.7655
22670	27.2581
22680	25.0269
22690	35.0269
22700	32.934
22710	29.7304
22720	27.2478
22730	25.0402
22740	35.0402
22750	32.9759
22760	29.7051
22770	27.2386
22780	25.0402
22790	35.0402
22800	32.9759
22810	29.7051
22820	27.2386
22830	25.0402
22840	35.0402
22850	32.9759
22860	29.7051
22870	27.2386
22880	25.0402
22890	35.0402
22900	32.9759
22910	29.7051
22920	27.2386
22930	25.0422
22940	35.0422
22950	32.9902
22960	29.74
22970	27.2995
22980	25
22990	35
23000	32.9596
23010	29.7469
23020	27.3481
23030	25
23040	35
23050	32.8989
23060	29.7368
23070	27.3419
23080	24.9906
23090	34.9906
23100	32.9178
23110	29.7878
23120	27.321
23130	24.9867
23140	34.9867
23150	32.9178
23160	29.7878
23170	27.321
23180	24.9861
23190	34.9861
23200	32.9293
23210	29.7427
23220	27.3016
23230	24.9994
23240	34.9994
23250	32.9744
23260	29.6906
23270	27.2823
23280	25.0132
23290	35.0132
23300	32.9997
23310	29.6556
23320	27.2884
23330	25.0656
23340	35.0656
23350	32.9921
23360	29.6042
23370	27.2953
23380	25.0738
23390	35.0738
23400	32.9688
23410	29.5573
23420	27.319
23430	25.0933
23440	35.0933
23450	32.9426
23460	29.4819
23470	27.3057
23480	25.1315
23490	35.1315
23500	32.9673
23510	29.516
23520	27.3643
23530	25.0898
23540	35.0898
23550	32.957
23560	29.5404
23570	27.3196
23580	25.0773
23590	35.0773
23600	32.956
23610	29.5349
23620	27.3253
23630	25.1282
23640	35.1282
23650	32.9487
23660	29.4927
23670	27.2949
23680	25.1452
23690	35.1452
23700	32.9082
23710	29.5153
23720	27.2723
23730	25.1473
23740	35.1473
23750	32.8816
23760	29.4684
23770	27.3165
23780	25.1659
23790	35.1659
23800	32.9109
23810	29.4593
23820	27.3552
23830	25.1392
23840	35.1392
23850	32.9099
23860	29.4924
23870	27.375
23880	25.125
23890	35.125
23900	32.875
23910	29.5
23920	27.375
23930	25.125
23940	35.125
23950	32.875
23960	29.4927
23970	27.3762
23980	25.1408
23990	35.1408
24000	32.9177
24010	29.4514
24020	27.3566
24030	25.1372
24040	35.1372
24050	32.9177
24060	29.4514
24070	27.3566
24080	25.1359
24090	35.1359
24100	32.8924
24110	29.3929
24120	27.3449
24130	25.188
24140	35.188
24150	32.9167
24160	29.4125
24170	27.401
24180	25.1485
24190	35.1485
24200	32.9033
24210	29.395
24220	27.4208
24230	25.1232
24240	35.1232
24250	32.931
24260	29.3869
24270	27.4493
24280	25.0896
24290	35.0896
24300	32.9238
24310	29.4103
24320	27.4939
24330	25.086
24340	35.086
24350	32.9238
24360	29.4103
24370	27.4939
24380	25.0854
24390	35.0854
24400	32.9346
24410	29.4402
24420	27.451
24430	25.0735
24440	35.0735
24450	32.9412
24460	29.4608
24470	27.451
24480	25.0735
24490	35.0735
24500	32.9447
24510	29.4749
24520	27.4168
24530	25.0611
24540	35.0611
24550	32.9584
24560	29.511
24570	27.4083
24580	25.0611
24590	35.0611
24600	32.9584
24610	29.511
24620	27.4089
24630	25.0415
24640	35.0415
24650	32.9571
24660	29.5366
24670	27.4634
24680	25.0238
24690	35.0238
24700	32.9618
24710	29.5661
24720	27.4209
24730	25.011
24740	35.011
24750	32.9433
24760	29.5287
24770	27.4092
24780	25.0605
24790	35.0605
24800	32.9575
24810	29.5296
24820	27.4383
24830	25.0242
24840	35.0242
24850	32.9469
24860	29.5392
24870	27.4526
24880	25.056
24890	35.056
24900	32.9496
24910	29.5204
24920	27.4088
24930	25.0717
24940	35.0717
24950	32.9232
24960	29.5465
24970	27.3747
24980	25.0835
24990	35.0835
25000	32.9117
25010	29.5465
25020	27.3747
25030	25.0829
25040	35.0829
25050	32.9221
25060	29.5754
25070	27.3333
25080	25.0714
25090	35.0714
25100	32.9286
25110	29.5952
25120	27.3333
25130	25.0714
25140	35.0714
25150	32.9286
25160	29.5978
25170	27.344
25180	25.0961
25190	35.0961
25200	32.8741
25210	29.5724
25220	27.3402
25230	25.0878
25240	35.0878
25250	32.873
25260	29.5972
25270	27.3934
25280	25.0723
25290	35.0723
25300	32.8904
25310	29.5881
25320	27.4292
25330	25.046
25340	35.046
25350	32.9215
25360	29.5642
25370	27.3709
25380	25.0469
25390	35.0469
25400	32.9611
25410	29.5909
25420	27.3992
25430	25.0117
25440	35.0117
25450	32.9508
25460	29.595
25470	27.425
25480	25.0267
25490	35.0267
25500	32.9907
25510	29.5561
25520	27.4059
25530	25.0162
25540	35.0162
25550	33.0354
25560	29.5824
25570	27.4014
25580	24.9873
25590	34.9873
25600	33.0593
25610	29.5713
25620	27.3441
25630	24.9885
25640	34.9885
25650	33.0947
25660	29.5843
25670	27.3441
25680	24.9885
25690	34.9885
25700	33.0947
25710	29.5843
25720	27.3441
25730	24.9885
25740	34.9885
25750	33.0947
25760	29.5776
25770	27.3453
25780	25.0033
25790	35.0033
25800	33.1336
25810	29.5392
25820	27.3255
25830	25.0045
25840	35.0045
25850	33.1551
25860	29.5862
25870	27.2874
25880	24.9897
25890	34.9897
25900	33.1712
25910	29.644
25920	27.2998
25930	24.9445
25940	34.9445
25950	33.1698
25960	29.6866
25970	27.3516
25980	24.9087
25990	34.9087
26000	33.1507
26010	29.6804
26020	27.3516
26030	24.9087
26040	34.9087
26050	33.1507
26060	29.6828
26070	27.3619
26080	24.8779
26090	34.8779
26100	33.1435
26110	29.7039
26120	27.4037
26130	24.8565
26140	34.8565
26150	33.1419
26160	29.7273
26170	27.4545
26180	24.8403
26190	34.8403
26200	33.1459
26210	29.6887
26220	27.4376
26230	24.8526
26240	34.8526
26250	33.1746
26260	29.6825
26270	27.4376
26280	24.8526
26290	34.8526
26300	33.1746
26310	29.6825
26320	27.4376
26330	24.8526
26340	34.8526
26350	33.1746
26360	29.6784
26370	27.449
26380	24.837
26390	34.837
26400	33.2054
26410	29.6614
26420	27.4718
26430	24.8307
26440	34.8307
26450	33.2054
26460	29.6614
26470	27.4718
26480	24.8307
26490	34.8307
26500	33.2054
26510	29.6614
26520	27.4718
26530	24.8301
26540	34.8301
26550	33.2148
26560	29.6885
26570	27.4324
26580	24.8198
26590	34.8198
26600	33.2104
26610	29.7066
26620	27.4461
26630	24.8539
26640	34.8539
26650	33.1685
26660	29.6902
26670	27.4584
26680	24.8474
26690	34.8474
26700	33.1096
26710	29.6868
26720	27.4944
26730	24.8546
26740	34.8546
26750	33.1096
26760	29.6868
26770	27.4944
26780	24.854
26790	34.854
26800	33.0766
26810	29.6712
26820	27.5
26830	24.8878
26840	34.8878
26850	33.0252
26860	29.6496
26870	27.5056
26880	24.922
26890	34.9221
26900	33.013
26910	29.6335
26920	27.4657
26930	24.9224
26940	34.9224
26950	33.0599
26960	29.6476
26970	27.46
26980	24.9456
26990	34.9456
27000	33.0089
27010	29.6239
27020	27.4558
27030	24.9557
27040	34.9557
27050	33.0089
27060	29.6239
27070	27.4558
27080	24.9552
27090	34.9552
27100	33.0183
27110	29.5865
27120	27.4393
27130	24.968
27140	34.968
27150	33.0256
27160	29.5942
27170	27.4945
27180	24.967
27190	34.967
27200	32.9922
27210	29.595
27220	27.4638
27230	24.9561
27240	34.9561
27250	33.0044
27260	29.6295
27270	27.4659
27280	24.9266
27290	34.9266
27300	32.9978
27310	29.6499
27320	27.506
27330	24.93
27340	34.93
27350	32.9528
27360	29.6288
27370	27.5109
27380	24.9558
27390	34.9558
27400	32.957
27410	29.5919
27420	27.4946
27430	24.9673
27440	34.9673
27450	32.9847
27460	29.5861
27470	27.4946
27480	24.9673
27490	34.9673
27500	32.991
27510	29.6109
27520	27.4903
27530	24.9241
27540	34.9241
27550	32.9935
27560	29.6529
27570	27.5054
27580	24.9241
27590	34.9241
27600	32.9935
27610	29.6529
27620	27.5043
27630	24.9112
27640	34.9112
27650	33.0125
27660	29.7192
27670	27.5162
27680	24.8807
27690	34.8807
27700	32.9704
27710	29.7041
27720	27.5216
27730	24.9138
27740	34.9138
27750	32.9526
27760	29.6983
27770	27.5216
27780	24.9138
27790	34.9138
27800	32.9459
27810	29.6754
27820	27.5259
27830	24.9571
27840	34.9571
27850	32.9399
27860	29.6375
27870	27.5203
27880	24.9795
27890	34.9795
27900	32.8908
27910	29.6146
27920	27.5161
27930	24.9893
27940	34.9893
27950	32.8908
27960	29.6146
27970	27.5161
27980	24.9888
27990	34.9888
28000	32.8595
28010	29.5997
28020	27.5214
28030	25.0214
28040	35.0214
28050	32.8419
28060	29.594
28070	27.5214
28080	25.0214
28090	35.0214
28100	32.8385
28110	29.5836
28120	27.551
28130	25.0318
28140	35.0318
28150	32.8238
28160	29.5564
28170	27.5381
28180	25.0243
28190	35.0243
28200	32.839
28210	29.5975
28220	27.5201
28230	25.0317
28240	35.0317
28250	32.816
28260	29.6203
28270	27.4895
28280	25.0411
28290	35.0411
28300	32.8244
28310	29.61
28320	27.437
28330	25.0426
28340	35.0426
28350	32.847
28360	29.6598
28370	27.453
28380	25.0313
28390	35.0313
28400	32.8184
28410	29.666
28420	27.453
28430	25.0313
28440	35.0313
28450	32.8184
28460	29.666
28470	27.453
28480	25.0313
28490	35.0313
28500	32.8184
28510	29.666
28520	27.453
28530	25.0313
28540	35.0313
28550	32.8184
28560	29.666
28570	27.453
28580	25.0313
28590	35.0313
28600	32.8184
28610	29.666
28620	27.453
28630	25.0308
28640	35.0308
28650	32.8275
28660	29.6306
28670	27.4375
28680	25.0417
28690	35.0417
28700	32.8447
28710	29.6244
28720	27.45
28730	25.0728
28740	35.0728
28750	32.8067
28760	29.6072
28770	27.423
28780	25.0653
28790	35.0653
28800	32.8216
28810	29.6473
28820	27.4066
28830	25.0622
28840	35.0622
28850	32.8216
28860	29.6473
28870	27.4066
28880	25.0622
28890	35.0622
28900	32.8216
28910	29.6473
28920	27.4066
28930	25.0628
28940	35.0628
28950	32.8117
28960	29.6249
28970	27.4433
28980	25.0722
28990	35.0722
29000	32.7978
29010	29.6193
29020	27.4803
29030	25.0719
29040	35.0719
29050	32.7515
29060	29.612
29070	27.504
29080	25.044
29090	35.044
29100	32.7459
29110	29.6311
29120	27.542
29130	25.0532
29140	35.0532
29150	32.726
29160	29.5714
29170	27.5306
29180	25.0816
29190	35.0816
29200	32.7347
29210	29.5714
29220	27.5306
29230	25.0827
29240	35.0827
29250	32.7548
29260	29.6226
29270	27.5406
29280	25.0406
29290	35.0406
29300	32.7499
29310	29.6247
29320	27.5567
29330	25.0202
29340	35.0202
29350	32.7733
29360	29.6116
29370	27.5806
29380	25.0543
29390	35.0543
29400	32.7621
29410	29.5565
29420	27.5605
29430	25.0605
29440	35.0605
29450	32.7621
29460	29.5565
29470	27.5605
29480	25.06
29490	35.06
29500	32.771
29510	29.5808
29520	27.5252
29530	25.0513
29540	35.0513
29550	32.7583
29560	29.6098
29570	27.5751
29580	25.0501
29590	35.0501
29600	32.7314
29610	29.5899
29620	27.5908
29630	25.0299
29640	35.0299
29650	32.7545
29660	29.5829
29670	27.6136
29680	25.0029
29690	35.0029
29700	32.749
29710	29.6016
29720	27.6504
29730	24.9902
29740	34.9902
29750	32.7078
29760	29.6032
29770	27.6984
29780	24.9995
29790	34.9995
29800	32.6695
29810	29.5893
29820	27.703
29830	25.0292
29840	35.0292
29850	32.6623
29860	29.6079
29870	27.668
29880	25.0198
29890	35.0198
29900	32.668
29910	29.6245
29920	27.668
29930	25.0198
29940	35.0198
29950	32.668
29960	29.6228
29970	27.6585
29980	25.0461
29990	35.0461
30000	32.6719
30010	29.6071
30020	27.6237
30030	25.0609
30040	35.0609
30050	32.653
30060	29.5499
30070	27.6125
30080	25.0876
30090	35.0876
30100	32.6702
30110	29.5735
30120	27.5781
30130	25.0796
30140	35.0796
30150	32.6864
30160	29.6153
30170	27.6218
30180	25.0487
30190	35.0487
30200	32.6735
30210	29.6212
30220	27.5944
30230	25.0389
30240	35.0389
30250	32.6848
30260	29.6498
30270	27.5875
30280	25.0389
30290	35.0389
30300	32.6848
30310	29.6498
30320	27.5885
30330	25.0505
30340	35.0505
30350	32.6661
30360	29.593
30370	27.5775
30380	25.0766
30390	35.0766
30400	32.655
30410	29.6029
30420	27.5483
30430	25.0956
30440	35.0956
30450	32.6255
30460	29.5679
30470	27.5385
30480	25.1346
30490	35.1346
30500	32.626
30510	29.5571
30520	27.5499
30530	25.1631
30540	35.1631
30550	32.5912
30560	29.5413
30570	27.5516
30580	25.183
30590	35.183
30600	32.5479
30610	29.5211
30620	27.5469
30630	25.18
30640	35.18
30650	32.5662
30660	29.5802
30670	27.5573
30680	25.1536
30690	35.1536
30700	32.5764
30710	29.6279
30720	27.5665
30730	25.1141
30740	35.1141
30750	32.5665
30760	29.6388
30770	27.5665
30780	25.1141
30790	35.1141
30800	32.5609
30810	29.6185
30820	27.57
30830	25.1515
30840	35.1515
30850	32.5568
30860	29.5853
30870	27.5651
30880	25.1711
30890	35.1711
30900	32.5142
30910	29.5652
30920	27.5623
30930	25.17
30940	35.17
30950	32.5342
30960	29.548
30970	27.5895
30980	25.1596
30990	35.1596
31000	32.5152
31010	29.535
31020	27.594
31030	25.1889
31040	35.1889
31050	32.519
31060	29.5773
31070	27.603
31080	25.1498
31090	35.1498
31100	32.515
31110	29.5793
31120	27.6175
31130	25.1306
31140	35.1306
31150	32.5373
31160	29.5673
31170	27.6134
31180	25.1357
31190	35.1357
31200	32.5836
31210	29.5725
31220	27.5827
31230	25.1393
31240	35.1393
31250	32.5642
31260	29.5926
31270	27.5556
31280	25.1477
31290	35.1477
31300	32.5639
31310	29.5613
31320	27.5416
31330	25.1567
31340	35.1567
31350	32.5962
31360	29.5252
31370	27.5277
31380	25.1661
31390	35.1661
31400	32.6227
31410	29.5308
31420	27.5497
31430	25.1381
31440	35.1381
31450	32.6151
31460	29.5415
31470	27.5771
31480	25.1572
31490	35.1572
31500	32.5735
31510	29.5221
31520	27.5735
31530	25.1654
31540	35.1654
31550	32.5735
31560	29.5221
31570	27.5735
31580	25.1668
31590	35.1668
31600	32.5837
31610	29.5461
31620	27.6147
31630	25.139
31640	35.139
31650	32.5789
31660	29.5652
31670	27.6557
31680	25.1099
31690	35.1099
31700	32.5587
31710	29.5702
31720	27.688
31730	25.1095
31740	35.1095
31750	32.5182
31760	29.562
31770	27.7007
31780	25.1095
31790	35.1095
31800	32.5182
31810	29.562
31820	27.7007
31830	25.1095
31840	35.1095
31850	32.5182
31860	29.562
31870	27.7007
31880	25.1104
31890	35.1104
31900	32.5365
31910	29.6077
31920	27.7091
31930	25.0727
31940	35.0727
31950	32.5273
31960	29.6182
31970	27.7091
31980	25.0727
31990	35.0727
32000	32.5273
32010	29.6182
32020	27.7091
32030	25.0727
32040	35.0727
32050	32.5273
32060	29.6201
32070	27.717
32080	25.0917
32090	35.0917
32100	32.4864
32110	29.6007
32120	27.7137
32130	25.0854
32140	35.0854
32150	32.4861
32160	29.6196
32170	27.7536
32180	25.0715
32190	35.0715
32200	32.4639
32210	29.5762
32220	27.7437
32230	25.1078
32240	35.1078
32250	32.4811
32260	29.5362
32270	27.7297
32280	25.1171
32290	35.1171
32300	32.4964
32310	29.5309
32320	27.7402
32330	25.1439
32340	35.1439
32350	32.464
32360	29.5144
32370	27.7338
32380	25.1439
32390	35.1439
32400	32.464
32410	29.5144
32420	27.7342
32430	25.1493
32440	35.1493
32450	32.4279
32460	29.4973
32470	27.7379
32480	25.1697
32490	35.1697
32500	32.4401
32510	29.4887
32520	27.6923
32530	25.1699
32540	35.1699
32550	32.4687
32560	29.4991
32570	27.6923
32580	25.1699
32590	35.1699
32600	32.4714
32610	29.5092
32620	27.667
32630	25.1607
32640	35.1607
32650	32.4821
32660	29.5376
32670	27.6435
32680	25.1542
32690	35.1542
32700	32.4955
32710	29.5722
32720	27.6292
32730	25.1515
32740	35.1515
32750	32.4955
32760	29.5722
32770	27.6292
32780	25.1524
32790	35.1524
32800	32.5135
32810	29.6168
32820	27.6377
32830	25.115
32840	35.115
32850	32.4788
32860	29.6146
32870	27.6418
32880	25.1418
32890	35.1418
32900	32.4645
32910	29.6099
32920	27.6418
32930	25.1418
32940	35.1418
32950	32.4645
32960	29.6047
32970	27.6425
32980	25.1531
32990	35.1531
33000	32.4956
33010	29.5752
33020	27.6292
33030	25.161
33040	35.161
33050	32.4791
33060	29.5238
33070	27.619
33080	25.1847
33090	35.1847
33100	32.4948
33110	29.5451
33120	27.588
33130	25.1756
33140	35.1756
33150	32.508
33160	29.5811
33170	27.5571
33180	25.167
33190	35.167
33200	32.5107
33210	29.587
33220	27.5357
33230	25.1923
33240	35.1923
33250	32.5175
33260	29.5822
33270	27.5252
33280	25.2103
33290	35.2103
33300	32.4782
33310	29.5637
33320	27.5205
33330	25.2215
33340	35.2215
33350	32.4953
33360	29.5993
33370	27.4913
33380	25.2082
33390	35.2082
33400	32.5072
33410	29.5908
33420	27.4479
33430	25.2083
33440	35.2083
33450	32.5347
33460	29.6007
33470	27.4479
33480	25.2083
33490	35.2083
33500	32.5374
33510	29.5828
33520	27.4409
33530	25.2166
33540	35.2166
33550	32.565
33560	29.5685
33570	27.4427
33580	25.2345
33590	35.2345
33600	32.526
33610	29.5502
33620	27.4394
33630	25.2422
33640	35.2422
33650	32.526
33660	29.5502
33670	27.4394
33680	25.2418
33690	35.2418
33700	32.5339
33710	29.521
33720	27.4266
33730	25.2513
33740	35.2513
33750	32.5409
33760	29.5272
33770	27.4699
33780	25.2496
33790	35.2496
33800	32.5155
33810	29.5278
33820	27.4457
33830	25.2405
33840	35.2406
33850	32.5258
33860	29.5533
33870	27.4399
33880	25.2405
33890	35.2406
33900	32.5258
33910	29.5533
33920	27.4399
33930	25.2405
33940	35.2406
33950	32.5258
33960	29.5533
33970	27.4399
33980	25.2405
33990	35.2406
34000	32.5258
34010	29.5533
34020	27.4399
34030	25.2397
34040	35.2397
34050	32.5089
34060	29.5622
34070	27.4144
34080	25.2568
34090	35.2568
34100	32.4924
34110	29.5714
34120	27.4246
34130	25.2821
34140	35.2821
34150	32.4615
34160	29.5523
34170	27.4271
34180	25.3102
34190	35.3102
34200	32.4532
34210	29.506
34220	27.4101
34230	25.3096
34240	35.3096
34250	32.4881
34260	29.5254
34270	27.4068
34280	25.2886
34290	35.2886
34300	32.4845
34310	29.5565
34320	27.4199
34330	25.2791
34340	35.2791
34350	32.4793
34360	29.5552
34370	27.4454
34380	25.2605
34390	35.2605
34400	32.4825
34410	29.5552
34420	27.4754
34430	25.2596
34440	35.2596
34450	32.4456
34460	29.5495
34470	27.4714
34480	25.2534
34490	35.2534
34500	32.4582
34510	29.5819
34520	27.4586
34530	25.2374
34540	35.2374
34550	32.458
34560	29.5993
34570	27.4958
34580	25.2254
34590	35.2254
34600	32.4541
34610	29.5993
34620	27.4958
34630	25.225
34640	35.225
34650	32.4618
34660	29.6194
34670	27.4667
34680	25.2167
34690	35.2167
34700	32.4618
34710	29.6421
34720	27.4964
34730	25.2159
34740	35.216
34750	32.4253
34760	29.6313
34770	27.5163
34780	25.2435
34790	35.2435
34800	32.4172
34810	29.5861
34820	27.5
34830	25.2483
34840	35.2483
34850	32.4172
34860	29.5861
34870	27.5
34880	25.2496
34890	35.2496
34900	32.4265
34910	29.6077
34920	27.5372
34930	25.2223
34940	35.2223
34950	32.3971
34960	29.6117
34970	27.5124
34980	25.2389
34990	35.2389
35000	32.3888
35010	29.6211
35020	27.5124
35030	25.2389
35040	35.2389
35050	32.3888
35060	29.6179
35070	27.5203
35080	25.2267
35090	35.2267
35100	32.4138
35110	29.6059
35120	27.5377
35130	25.2313
35140	35.2313
35150	32.3987
35160	29.5581
35170	27.5286
35180	25.2533
35190	35.2533
35200	32.3824
35210	29.5468
35220	27.5327
35230	25.2778
35240	35.2778
35250	32.3693
35260	29.5425
35270	27.5327
35280	25.2778
35290	35.2778
35300	32.3693
35310	29.5425
35320	27.5327
35330	25.2778
35340	35.2778
35350	32.3693
35360	29.5427
35370	27.532
35380	25.2763
35390	35.2763
35400	32.3701
35410	29.5455
35420	27.5312
35430	25.2791
35440	35.2791
35450	32.3862
35460	29.5786
35470	27.5041
35480	25.2674
35490	35.2674
35500	32.3825
35510	29.5786
35520	27.5041
35530	25.267
35540	35.267
35550	32.39
35560	29.5512
35570	27.4919
35580	25.2751
35590	35.2751
35600	32.4135
35610	29.5561
35620	27.5112
35630	25.2504
35640	35.2504
35650	32.4071
35660	29.5655
35670	27.5128
35680	25.2444
35690	35.2444
35700	32.4194
35710	29.5968
35720	27.5
35730	25.2419
35740	35.2419
35750	32.4194
35760	29.5968
35770	27.5
35780	25.2415
35790	35.2415
35800	32.3962
35810	29.5856
35820	27.504
35830	25.2665
35840	35.2665
35850	32.3998
35860	29.6217
35870	27.512
35880	25.2327
35890	35.2327
35900	32.3966
35910	29.6232
35920	27.483
35930	25.232
35940	35.232
35950	32.432
35960	29.632
35970	27.472
35980	25.232
35990	35.232
36000	32.432
