10	10
20	2
30	2
40	2
50	2
60	2
70	2
80	2
90	2
100	2
110	2
120	2
130	2
140	2
150	2
160	2
170	2
180	2
190	3.66667
200	13.6667
210	18
220	13.3333
230	16.6667
240	13.3333
250	17
260	17.5
270	27.5
280	15
290	17.5
300	12.5
310	15.05
320	18
330	12
340	8.4
350	18.4
360	20.4
370	5.6
380	15.6
390	20
400	9.33333
410	14
420	24
430	20
440	21.7381
450	17.7857
460	20
470	15.7143
480	18.5714
490	21.4286
500	17.0714
510	19.5714
520	21.3929
530	9.64286
540	13.25
550	23.25
560	18.4
570	20.95
580	18.95
590	20
600	18
610	19.9
620	29.9
630	22.1833
640	23.0833
650	21.4167
660	23.0833
670	21.4167
680	24.7024
690	34.7024
700	27.4167
710	27.75
720	26.3214
730	27.1429
740	37.1429
750	30.3429
760	29.0952
770	24.7191
780	18.719
790	23.444
800	25.5774
810	24.3274
820	26.5607
830	36.5607
840	29.6857
850	27.1857
860	25.9357
870	26.875
880	36.875
890	30
900	27.5
910	26.25
920	19.375
930	21.875
940	31.875
950	25
960	27.5
970	26.25
980	27.6029
990	37.6029
1000	31.3235
1010	29.2353
1020	30
1030	24.1176
1040	23.5666
1050	23.0155
1060	20.6378
1070	30.6378
1080	24.8483
1090	26.9536
1100	26.4272
1110	20.6378
1120	25.3746
1130	27.4799
1140	26.9536
1150	27.4641
1160	37.4641
1170	32.1483
1180	27.9588
1190	29
1200	24
1210	25
1220	23
1230	33
1240	23.4762
1250	23.4762
1260	23.9524
1270	25.3095
1280	25.3095
1290	35.3095
1300	26.2619
1310	26.2619
1320	26.7381
1330	28.2288
1340	38.2288
1350	34.6346
1360	26.7464
1370	28.2609
1380	27.8261
1390	24.7464
1400	22.6304
1410	32.6304
1420	27.9565
1430	21.2899
1440	23.7899
1450	25.4565
1460	35.4565
1470	28.3232
1480	23.7732
1490	24.9732
1500	26.9732
1510	26.1732
1520	22.9776
1530	32.9776
1540	32.6843
1550	29.351
1560	30.2489
1570	29.619
1580	26.127
1590	19.6746
1600	29.6746
1610	25.746
1620	26.1032
1630	26.8175
1640	26.8667
1650	36.8667
1660	33.3076
1670	25.3766
1680	26.8966
1690	26.5402
1700	22.9264
1710	23.3586
1720	33.3586
1730	30.0253
1740	21.3586
1750	24.692
1760	25.3607
1770	27.4357
1780	37.4357
1790	33.3732
1800	27.519
1810	27.5
1820	23.4375
1830	24.0625
1840	34.0625
1850	30
1860	28.75
1870	26.25
1880	22.1875
1890	24.6875
1900	34.6875
1910	30.625
1920	25
1930	25.625
1940	25.6174
1950	35.6174
1960	32.7424
1970	24.3902
1980	26.0606
1990	26.0606
2000	22.2638
2010	23.8503
2020	33.8503
2030	30.9091
2040	22.0856
2050	25.8824
2060	26.1765
2070	22.1933
2080	24.0252
2090	34.0252
2100	30.3109
2110	22.0252
2120	25.2237
2130	26.0507
2140	36.0507
2150	37.6069
2160	33.8232
2170	27.607
2180	37.6069
2190	33.6521
2200	25.2114
2210	21.878
2220	22.6473
2230	25.9806
2240	35.9806
2250	32.3652
2260	31.8652
2270	31.737
2280	28.237
2290	27.7029
2300	26.2268
2310	36.2268
2320	27.878
2330	24.2195
2340	24.9512
2350	25.1161
2360	35.1161
2370	31.1754
2380	22.9477
2390	26.4286
2400	25.7143
2410	22.1683
2420	23.8571
2430	33.8571
2440	29.804
2450	21.1993
2460	24.2226
2470	24.9203
2480	34.9203
2490	34.1592
2500	30.5228
2510	30.1634
2520	29.2543
2530	25.5977
2540	35.5977
2550	34.5525
2560	29.6111
2570	21.8333
2580	24
2590	22.6667
2600	19.314
2610	29.314
2620	27.7372
2630	24.6937
2640	26.8676
2650	36.8676
2660	33.8889
2670	31.9296
2680	31.0694
2690	28.3034
2700	26.1757
2710	25.7394
2720	35.7394
2730	28.8599
2740	22.367
2750	24.0337
2760	34.0337
2770	31.5337
2780	29.0762
2790	27.5744
2800	24.7768
2810	22.5319
2820	32.5319
2830	29.6747
2840	27.4625
2850	28.8253
2860	25.6939
2870	23.6939
2880	33.6939
2890	30.4939
2900	28.4586
2910	26.3902
2920	23.3886
2930	33.3886
2940	26.918
2950	23.9769
2960	25.7189
2970	27.191
2980	37.191
2990	34.4987
3000	31.8064
3010	32.1005
3020	42.1005
3030	34.9598
3040	28.2762
3050	26.6038
3060	23.5849
3070	21.1321
3080	22.4528
3090	32.4528
3100	29.7834
3110	27.0056
3120	26.6981
3130	23.9203
3140	21.1426
3150	31.1426
3160	28.3648
3170	25.587
3180	27.0685
3190	37.0685
3200	34.2722
3210	31.753
3220	32.1009
3230	29.2437
3240	26.9223
3250	25.8891
3260	35.8891
3270	28.8665
3280	22.1692
3290	23.7481
3300	33.7481
3310	31.1165
3320	28.485
3330	26.8421
3340	24.2105
3350	21.5789
3360	31.5789
3370	28.9474
3380	26.3333
3390	27.9737
3400	37.9737
3410	35.4737
3420	32.9737
3430	32.7421
3440	30.25
3450	27.7977
3460	37.7977
3470	33.7079
3480	27.2
3490	20.6921
3500	22.4197
3510	24.2432
3520	34.2432
3530	31.5869
3540	29.3994
3550	30.0417
3560	27.3617
3570	37.3617
3580	31.0265
3590	29.8485
3600	22.8788
3610	20.6061
3620	22.1845
3630	32.1845
3640	30.095
3650	27.5577
3660	28.5346
3670	26.4332
3680	23.8274
3690	33.8274
3700	31.9156
3710	29.1215
3720	27.5158
3730	25.604
3740	35.604
3750	28.6688
3760	26.4949
3770	26.8244
3780	24.2157
3790	22.0444
3800	32.0444
3810	29.6607
3820	27.4072
3830	27.9247
3840	25.6712
3850	23.4277
3860	33.4277
3870	31.134
3880	28.8052
3890	27.3158
3900	24.9871
3910	34.9871
3920	28.5876
3930	26.1235
3940	27.0568
3950	24.8947
3960	22.3271
3970	32.3271
3980	30.1475
3990	27.5437
4000	27.1757
4010	24.9388
4020	22.3073
4030	32.3073
4040	30.0704
4050	27.4388
4060	27.8947
4070	25.6579
4080	35.6579
4090	28.8158
4100	26.6054
4110	26.4918
4120	23.6722
4130	21.5943
4140	31.5943
4150	28.7372
4160	26.6286
4170	28.0353
4180	25.31
4190	23.0023
4200	33.0023
4210	30.31
4220	28.0179
4230	27.2098
4240	24.3496
4250	34.3496
4260	28.147
4270	25.2356
4280	26.8373
4290	24.7462
4300	21.6782
4310	31.6782
4320	29.6782
4330	26.5532
4340	26.8637
4350	24.9181
4360	21.9065
4370	31.9065
4380	30.0546
4390	27.0917
4400	28.1481
4410	26.271
4420	36.271
4430	28.938
4440	27.0103
4450	26.2651
4460	23.253
4470	21.3253
4480	31.3253
4490	28.3133
4500	26.3855
4510	27.7108
4520	29.0344
4530	39.0344
4540	33.0017
4550	25.7969
4560	25.2381
4570	23.0952
4580	20.2885
4590	30.2885
4600	27.9356
4610	25.2297
4620	26.9944
4630	28.5189
4640	38.5189
4650	36.2569
4660	33.6988
4670	32.647
4680	30.4377
4690	40.4377
4700	33.6936
4710	29.6512
4720	23.3721
4730	20.814
4740	22.6744
4750	32.6744
4760	30.0695
4770	27.9397
4780	29.0115
4790	26.2529
4800	24.1839
4810	34.1839
4820	31.4543
4830	29.2766
4840	27.3038
4850	24.6902
4860	34.6902
4870	28.3265
4880	25.7041
4890	26.9495
4900	24.6263
4910	21.9596
4920	31.9596
4930	29.6263
4940	26.9342
4950	27.0994
4960	24.8745
4970	22.0173
4980	32.0173
4990	29.8195
5000	26.9578
5010	27.7092
5020	25.4652
5030	35.4652
5040	28.2609
5050	26.0028
5060	26.4534
5070	23.4775
5080	21.315
5090	31.315
5100	28.2299
5110	26.1023
5120	27.3835
5130	28.4175
5140	38.4175
5150	32.0529
5160	24.7897
5170	25.4737
5180	23.1579
5190	20.1964
5200	30.1964
5210	27.8253
5220	24.8356
5230	26.5882
5240	27.924
5250	37.924
5260	35.4389
5270	32.5818
5280	31.7098
5290	29.1587
5300	39.1587
5310	32.0159
5320	29.6939
5330	22.9592
5340	20.102
5350	21.7347
5360	31.7347
5370	28.7621
5380	26.3379
5390	27.651
5400	37.651
5410	35.2268
5420	32.2182
5430	31.5722
5440	29.0015
5450	26.1015
5460	36.1015
5470	34
5480	27.2
5490	20
5500	21.6
5510	23
5520	33
5530	30.4
5540	27.5
5550	29.1
5560	39.1
5570	36.2
5580	33.6
5590	32.4
5600	29.5113
5610	26.9446
5620	24.9588
5630	34.9588
5640	27.5331
5650	20.8994
5660	22.1865
5670	32.1865
5680	29.7113
5690	26.642
5700	29.0099
5710	26.5347
5720	23.4709
5730	33.4709
5740	31.0731
5750	27.8378
5760	26.779
5770	24.418
5780	21.217
5790	31.217
5800	28.984
5810	25.8772
5820	27.1936
5830	24.9606
5840	34.9606
5850	27.4849
5860	25.2519
5870	26.699
5880	23.5922
5890	21.3592
5900	31.3592
5910	28.2524
5920	26.0194
5930	27.4757
5940	24.3689
5950	22.143
5960	32.1429
5970	29.1693
5980	26.8836
5990	27.6165
6000	24.7593
6010	34.7593
6020	28.4054
6030	25.617
6040	26.4033
6050	24.2335
6060	21.4977
6070	31.4977
6080	29.3156
6090	26.556
6100	27.4593
6110	25.2371
6120	22.4593
6130	32.4593
6140	30.227
6150	27.4276
6160	27.4152
6170	25.1424
6180	35.1424
6190	28.0515
6200	25.7522
6210	26.7117
6220	23.9898
6230	21.5573
6240	31.5573
6250	28.8546
6260	26.4161
6270	27.4915
6280	24.7563
6290	22.2784
6300	32.2784
6310	29.535
6320	27.0528
6330	27.4472
6340	24.6738
6350	34.6738
6360	27.9781
6370	25.1955
6380	26.5231
6390	23.9411
6400	21.2393
6410	31.2393
6420	28.5669
6430	25.8945
6440	27.3289
6450	24.642
6460	21.942
6470	31.942
6480	29.2301
6490	26.5183
6500	27.2881
6510	24.6119
6520	34.6119
6530	27.7695
6540	25.1645
6550	26.8067
6560	24.199
6570	21.5782
6580	31.5782
6590	28.9335
6600	26.2889
6610	27.1174
6620	24.4754
6630	21.8205
6640	31.8205
6650	29.1376
6660	26.4547
6670	27.5771
6680	24.9283
6690	34.9283
6700	28.12
6710	25.5393
6720	26.2097
6730	23.629
6740	21.0497
6750	31.0497
6760	28.5955
6770	25.9764
6780	28.0375
6790	25.6566
6800	23.0375
6810	33.0375
6820	30.6566
6830	28.0375
6840	26.746
6850	24.3651
6860	34.3651
6870	27.5397
6880	25.1587
6890	27.3016
6900	24.6825
6910	22.3062
6920	32.3062
6930	29.7501
6940	27.2304
6950	26.7835
6960	24.2638
6970	21.7623
6980	31.7623
6990	29.2948
7000	26.6385
7010	28.1427
7020	25.7208
7030	35.7208
7040	28.8374
7050	26.3931
7060	26.1018
7070	23.4095
7080	20.948
7090	30.948
7100	28.2556
7110	25.7941
7120	27.3326
7130	37.3326
7140	34.871
7150	32.1787
7160	31.7692
7170	29.3077
7180	26.6154
7190	36.6154
7200	33.6923
7210	27.0769
7220	20.1515
7230	21.8284
7240	23.3436
7250	33.3436
7260	30.8436
7270	28.1163
7280	29.783
7290	39.783
7300	36.9691
7310	34.5631
7320	33.6137
7330	30.7587
7340	28.3424
7350	24.7528
7360	34.7528
7370	27.5676
7380	20.975
7390	22.3824
7400	32.3824
7410	29.928
7420	27.152
7430	28.8308
7440	30.3637
7450	40.3637
7460	37.8566
7470	35.2049
7480	33.1991
7490	43.1991
7500	36.3875
7510	29.5759
7520	26.3792
7530	23.7079
7540	21.1748
7550	22.6856
7560	32.6856
7570	30.1676
7580	27.4295
7590	27.1366
7600	24.7607
7610	21.9947
7620	31.9947
7630	29.6543
7640	26.9062
7650	28.0449
7660	38.0449
7670	31.5501
7680	24.7669
7690	25.2448
7700	22.8671
7710	20.2797
7720	22.028
7730	32.028
7740	29.4406
7750	27.0629
7760	28.6713
7770	38.6713
7780	36.2937
7790	33.7063
7800	32.9371
7810	30.5594
7820	27.9691
7830	37.9691
7840	34.6916
7850	28.0698
7860	21.4032
7870	23.0698
7880	24.7365
7890	34.7365
7900	32.2365
7910	29.7365
7920	28.0556
7930	25.5556
7940	35.5556
7950	28.9464
7960	26.3257
7970	27.317
7980	24.9033
7990	22.2797
8000	32.2797
8010	29.7896
8020	27.2554
8030	26.6538
8040	24.1195
8050	21.5897
8060	31.5897
8070	29.0377
8080	26.4701
8090	28.0917
8100	38.0917
8110	35.5242
8120	32.941
8130	32.0489
8140	29.5488
8150	26.8642
8160	24.5638
8170	34.5638
8180	27.9361
8190	21.0685
8200	22.8018
8210	32.8018
8220	30.2018
8230	27.8018
8240	30.0088
8250	27.4088
8260	25.0088
8270	35.0088
8280	33.8
8290	27
8300	20.4721
8310	22.1055
8320	23.8936
8330	33.8936
8340	31.377
8350	29.0592
8360	29.8787
8370	27.4167
8380	37.4167
8390	30.9578
8400	29.8693
8410	23.3987
8420	21.0458
8430	22.8372
8440	32.8372
8450	30.3697
8460	28.0969
8470	28.7781
8480	26.3052
8490	24.002
8500	34.002
8510	31.6149
8520	29.2278
8530	27.4259
8540	25.0012
8550	35.0012
8560	28.5644
8570	26.0644
8580	26.859
8590	24.5513
8600	22.055
8610	32.055
8620	29.797
8630	27.1855
8640	27.336
8650	25.1142
8660	22.524
8670	32.524
8680	30.1822
8690	27.6506
8700	27.7283
8710	25.3865
8720	35.3865
8730	28.6044
8740	26.3403
8750	26.609
8760	23.9674
8770	21.7044
8780	31.7044
8790	29.0444
8800	26.7462
8810	27.7869
8820	25.1161
8830	22.8224
8840	32.8224
8850	30.2345
8860	27.9032
8870	27.263
8880	24.7477
8890	34.7477
8900	28.306
8910	25.7907
8920	26.9939
8930	24.6626
8940	22.1472
8950	32.1472
8960	29.816
8970	27.3006
8980	27.1779
8990	24.8466
9000	22.3313
9010	32.3313
9020	29.9935
9030	27.4621
9040	27.9167
9050	25.5531
9060	35.5531
9070	28.8258
9080	26.4569
9090	26.3455
9100	23.9252
9110	21.53
9120	31.53
9130	29.1348
9140	26.7355
9150	28.1525
9160	25.7326
9170	23.3066
9180	33.3066
9190	30.8806
9200	28.4618
9210	26.9795
9220	24.6095
9230	34.6095
9240	28.1389
9250	25.786
9260	27.3538
9270	24.9596
9280	22.6596
9290	32.6596
9300	30.2035
9310	27.9228
9320	26.9591
9330	24.5029
9340	22.2222
9350	32.2222
9360	29.7661
9370	27.4854
9380	28.3626
9390	25.9306
9400	35.9306
9410	29.4533
9420	27.0696
9430	26.1628
9440	23.7838
9450	21.3594
9460	31.3594
9470	29.0473
9480	26.5617
9490	28.2705
9500	25.9604
9510	23.4672
9520	33.4672
9530	31.1243
9540	28.61
9550	26.8674
9560	24.5146
9570	34.5146
9580	27.8008
9590	25.4279
9600	27.2881
9610	24.7458
9620	22.3762
9630	32.3762
9640	29.8784
9650	27.4065
9660	26.8626
9670	24.3926
9680	21.9576
9690	31.9576
9700	29.4576
9710	27.1243
9720	28.1238
9730	25.6238
9740	35.6238
9750	29.1599
9760	26.6324
9770	26.2723
9780	23.9096
9790	21.3822
9800	31.3822
9810	29.0195
9820	26.4921
9830	28.022
9840	25.6593
9850	23.1227
9860	33.1227
9870	30.7087
9880	28.2497
9890	27.0593
9900	24.6003
9910	34.6003
9920	28.004
9930	25.491
9940	27.0768
9950	24.6855
9960	22.1312
9970	32.1312
9980	29.7399
9990	27.1855
10000	27.0109
10010	24.6196
10020	22.0652
10030	32.0652
10040	29.6549
10050	27.1367
10060	28.017
10070	25.5305
10080	35.5305
10090	28.8818
10100	26.3954
10110	26.2703
10120	23.7838
10130	21.2973
10140	31.2973
10150	28.8108
10160	26.3118
10170	27.9931
10180	25.5604
10190	22.9797
10200	32.9797
10210	30.5604
10220	27.9704
10230	26.9863
10240	24.6178
10250	34.6178
10260	27.7195
10270	25.3665
10280	27.1123
10290	24.4385
10300	22.0856
10310	32.0856
10320	29.4118
10330	27.0588
10340	27.0588
10350	24.385
10360	22.0321
10370	32.0321
10380	29.3583
10390	27.0053
10400	28.0214
10410	25.3394
10420	35.3394
10430	28.8408
10440	26.1424
10450	26.1905
10460	23.8095
10470	21.1111
10480	31.1111
10490	28.7302
10500	26.0317
10510	27.8836
10520	25.5088
10530	22.8282
10540	32.8282
10550	30.3546
10560	27.723
10570	26.952
10580	24.4478
10590	34.4478
10600	27.6718
10610	25.1064
10620	27.0157
10630	24.4503
10640	21.8857
10650	31.8857
10660	29.4027
10670	26.812
10680	27.0574
10690	24.6222
10700	22.0315
10710	32.0315
10720	29.5963
10730	27.0056
10740	27.772
10750	25.3368
10760	35.3368
10770	28.5327
10780	26.0712
10790	26.4182
10800	23.8028
10810	21.3443
10820	31.3443
10830	28.7697
10840	26.2186
10850	27.7644
10860	25.2134
10870	22.6539
10880	32.6539
10890	30.0556
10900	27.5683
10910	27.1667
10920	24.5271
10930	34.5271
10940	27.8921
10950	25.2028
10960	26.8282
10970	24.404
10980	21.6767
10990	31.6767
11000	29.267
11010	26.4906
11020	27.0477
11030	24.6859
11040	21.8719
11050	31.8719
11060	29.5048
11070	26.6791
11080	27.6408
11090	25.2528
11100	35.2528
11110	28.1384
11120	25.746
11130	26.4261
11140	23.5725
11150	21.1587
11160	31.1587
11170	28.3016
11180	25.8763
11190	27.3343
11200	37.3343
11210	34.8343
11220	32.0402
11230	30.9503
11240	28.4543
11250	25.6266
11260	35.6266
11270	33.9541
11280	27.3687
11290	20.198
11300	21.9053
11310	23.3199
11320	33.3199
11330	30.8809
11340	28.0029
11350	29.2195
11360	26.8006
11370	36.8006
11380	29.5468
11390	27.1681
11400	26.4078
11410	23.4466
11420	21.066
11430	31.066
11440	28.1445
11450	25.8256
11460	27.2266
11470	37.2266
11480	34.9009
11490	31.9903
11500	31.1152
11510	28.7707
11520	25.852
11530	35.852
11540	33.8306
11550	27.4046
11560	20.1065
11570	21.916
11580	23.2494
11590	33.2494
11600	30.9637
11610	27.9637
11620	29.381
11630	27.0952
11640	37.0952
11650	29.7619
11660	27.4622
11670	26.3254
11680	23.3768
11690	21.0071
11700	31.0071
11710	28.0687
11720	25.6991
11730	27.0735
11740	37.0735
11750	34.7038
11760	31.7654
11770	31.09
11780	28.7243
11790	25.7537
11800	35.7537
11810	33.8234
11820	27.4083
11830	20.0499
11840	21.8462
11850	23.135
11860	33.135
11870	30.8815
11880	27.7829
11890	29.3069
11900	27.0914
11910	37.0914
11920	29.6089
11930	27.4694
11940	26.5116
11950	23.3953
11960	21.2586
11970	31.2586
11980	28.1807
11990	25.9585
12000	27.2548
12010	28.3408
12020	38.3408
12030	31.9953
12040	24.6441
12050	25.4839
12060	23.1797
12070	20.1856
12080	30.1856
12090	27.8666
12100	24.8529
12110	26.6338
12120	27.958
12130	37.958
12140	35.6244
12150	32.6011
12160	31.6176
12170	29.2647
12180	39.2647
12190	31.8891
12200	29.5928
12210	23.1222
12220	20.0905
12230	21.8552
12240	31.8552
12250	28.8235
12260	26.478
12270	27.7546
12280	37.7546
12290	35.4573
12300	32.3492
12310	31.507
12320	29.2134
12330	26.075
12340	36.075
12350	33.9039
12360	27.5811
12370	20.0026
12380	21.8448
12390	23.0791
12400	33.0791
12410	30.8916
12420	27.7666
12430	29.1708
12440	27.0014
12450	37.0014
12460	29.4264
12470	27.293
12480	26.4
12490	23.2
12500	21.0693
12510	31.0693
12520	27.9063
12530	25.6939
12540	26.9328
12550	36.9328
12560	34.7139
12570	31.5626
12580	30.9381
12590	28.7013
12600	25.5434
12610	35.5434
12620	33.8234
12630	27.524
12640	20.0171
12650	21.8786
12660	23.134
12670	33.134
12680	30.9262
12690	27.8093
12700	29.0909
12710	26.8831
12720	36.8831
12730	29.3939
12740	27.1949
12750	26.5076
12760	23.3301
12770	21.1749
12780	31.1749
12790	27.9852
12800	25.8199
12810	27.0532
12820	37.0532
12830	34.8214
12840	31.6884
12850	30.7029
12860	28.4695
12870	25.3301
12880	35.3301
12890	33.9199
12900	27.5794
12910	20.0475
12920	21.8808
12930	23.0863
12940	33.0863
12950	30.8829
12960	27.6625
12970	28.9926
12980	26.7893
12990	36.7893
13000	29.1621
13010	26.9587
13020	26.4831
13030	23.2627
13040	21.0593
13050	31.0593
13060	27.839
13070	25.6356
13080	26.822
13090	36.822
13100	34.6186
13110	31.3983
13120	30.5932
13130	28.3898
13140	25.1695
13150	35.1695
13160	33.8983
13170	27.6271
13180	20
13190	21.8644
13200	23.0508
13210	33.0508
13220	30.868
13230	27.6397
13240	28.9021
13250	26.8012
13260	36.8012
13270	29.1542
13280	27.0409
13290	26.6312
13300	23.442
13310	21.2663
13320	31.2663
13330	28.0864
13340	25.9075
13350	27.172
13360	28.1382
13370	38.1382
13380	31.8727
13390	24.4453
13400	25.4772
13410	23.278
13420	20.2075
13430	30.2075
13440	28.0083
13450	24.9378
13460	27.4689
13470	25.2697
13480	22.1992
13490	32.1992
13500	30
13510	26.9295
13520	26.9716
13530	24.764
13540	21.6824
13550	31.6824
13560	29.4601
13570	26.3737
13580	27.4486
13590	25.2263
13600	35.2263
13610	27.7778
13620	25.5556
13630	26.5021
13640	23.411
13650	21.2088
13660	31.2088
13670	28.0531
13680	25.881
13690	27.1105
13700	28.2392
13710	38.2392
13720	31.9959
13730	24.4409
13740	25.4472
13750	23.252
13760	20.0586
13770	30.0586
13780	27.9128
13790	24.674
13800	26.5768
13810	27.7491
13820	37.7491
13830	35.5578
13840	32.3723
13850	31.4378
13860	29.22
13870	39.22
13880	31.6517
13890	29.534
13900	23.1794
13910	20.0469
13920	21.8541
13930	31.8541
13940	28.7338
13950	26.4045
13960	27.6845
13970	37.6845
13980	35.3245
13990	32.2445
14000	31.4144
14010	29.0741
14020	25.9447
14030	35.9447
14040	33.9442
14050	27.5299
14060	20.0035
14070	21.7682
14080	23.0381
14090	33.0381
14100	30.6571
14110	27.5619
14120	28.9739
14130	26.5698
14140	36.5698
14150	29.1612
14160	26.7106
14170	26.4032
14180	23.3552
14190	20.9242
14200	30.9242
14210	27.814
14220	25.4124
14230	26.6723
14240	36.6723
14250	34.2837
14260	31.1337
14270	30.4953
14280	28.1424
14290	24.9647
14300	34.9647
14310	33.9769
14320	27.5327
14330	20.0134
14340	21.7963
14350	23.0388
14360	33.0388
14370	30.7433
14380	27.5387
14390	28.7768
14400	26.4988
14410	36.4988
14420	28.9044
14430	26.5878
14440	26.545
14450	23.3911
14460	21.045
14470	31.045
14480	27.8878
14490	25.5951
14500	26.8164
14510	36.8164
14520	34.5645
14530	31.3966
14540	30.4665
14550	28.1876
14560	25.0564
14570	35.0564
14580	33.9544
14590	27.5285
14600	20.0338
14610	21.8395
14620	23.0516
14630	33.0516
14640	30.7789
14650	27.5971
14660	28.9448
14670	26.7029
14680	36.7029
14690	29.1134
14700	26.933
14710	26.6165
14720	23.4211
14730	21.2406
14740	31.2406
14750	28.0451
14760	25.8647
14770	27.0677
14780	28.0509
14790	38.0509
14800	31.8249
14810	24.2641
14820	25.6134
14830	23.4572
14840	20.2929
14850	30.2929
14860	28.1157
14870	24.9423
14880	27.1644
14890	24.9873
14900	21.8123
14910	31.8123
14920	29.5936
14930	26.4686
14940	27.1751
14950	24.9368
14960	21.8246
14970	31.8246
14980	29.5169
14990	26.44
15000	27.1829
15010	24.8752
15020	34.8752
15030	27.3981
15040	25.1353
15050	26.6816
15060	23.543
15070	21.2787
15080	31.2787
15090	28.1012
15100	25.883
15110	27.083
15120	27.8968
15130	37.8968
15140	31.6177
15150	23.9811
15160	25.583
15170	23.4091
15180	20.1482
15190	30.1482
15200	27.9689
15210	24.7005
15220	27.1038
15230	24.9096
15240	21.6362
15250	31.6362
15260	29.4373
15270	26.2176
15280	27.0535
15290	24.8392
15300	21.6607
15310	31.6607
15320	29.4424
15330	26.3137
15340	27.2175
15350	24.9835
15360	34.9835
15370	27.5367
15380	25.3026
15390	26.7021
15400	23.617
15410	21.383
15420	31.383
15430	28.2979
15440	26.0555
15450	27.4778
15460	24.4296
15470	22.1328
15480	32.1328
15490	29.094
15500	26.7971
15510	27.4558
15520	24.417
15530	34.417
15540	28.0212
15550	24.9823
15560	26.4316
15570	24.1521
15580	21.0695
15590	31.0695
15600	28.816
15610	25.7174
15620	27.1801
15630	24.9196
15640	21.8851
15650	31.8851
15660	29.6124
15670	26.6054
15680	27.3427
15690	25.0842
15700	35.0842
15710	27.6823
15720	25.4524
15730	26.6202
15740	23.554
15750	21.324
15760	31.324
15770	28.2578
15780	26.0279
15790	27.5958
15800	24.5305
15810	22.2954
15820	32.2954
15830	29.2158
15840	26.9667
15850	27.3766
15860	24.3121
15870	34.3121
15880	27.9187
15890	24.8842
15900	26.5172
15910	24.2069
15920	21.1744
15930	31.1744
15940	28.8908
15950	25.798
15960	27.0845
15970	24.8165
15980	21.7237
15990	31.7237
16000	29.4556
16010	26.3629
16020	27.2852
16030	25.0172
16040	35.0172
16050	27.5215
16060	25.2955
16070	26.6122
16080	23.4615
16090	21.2361
16100	31.2361
16110	28.0774
16120	25.8325
16130	27.057
16140	28.0385
16150	38.0385
16160	31.734
16170	24.1755
16180	25.479
16190	23.3169
16200	20.1412
16210	30.1412
16220	27.99
16230	24.7803
16240	27.3488
16250	25.2276
16260	21.9953
16270	31.9953
16280	29.8835
16290	26.6764
16300	26.8874
16310	24.8069
16320	21.6189
16330	31.6189
16340	29.5264
16350	26.362
16360	27.5012
16370	25.3607
16380	35.3607
16390	27.8356
16400	25.7019
16410	26.4992
16420	23.3919
16430	21.2919
16440	31.2919
16450	28.1919
16460	26.0919
16470	27.3586
16480	28.2667
16490	38.2667
16500	32.1333
16510	24.6667
16520	25.5
16530	23.4
16540	20.3
16550	30.3
16560	28.2
16570	25.1
16580	27.4333
16590	25.3333
16600	22.2333
16610	32.2333
16620	30.1333
16630	27.0333
16640	27.0333
16650	24.9333
16660	21.8333
16670	31.8333
16680	29.7333
16690	26.6333
16700	27.4333
16710	25.3269
16720	35.3269
16730	27.947
16740	25.8278
16750	26.6887
16760	23.6755
16770	21.5563
16780	31.5563
16790	28.543
16800	26.4238
16810	27.6821
16820	24.6697
16830	22.5455
16840	32.5455
16850	29.5192
16860	27.381
16870	27.4734
16880	24.4471
16890	34.4471
16900	28.2629
16910	25.2365
16920	26.5461
16930	24.4079
16940	21.3802
16950	31.3802
16960	29.2049
16970	26.2213
16980	27.1858
16990	24.9929
17000	22.0206
17010	32.0206
17020	29.7657
17030	26.8246
17040	27.3888
17050	25.1339
17060	35.1339
17070	27.9071
17080	25.5944
17090	26.6149
17100	23.7159
17110	21.4032
17120	31.4032
17130	28.5042
17140	26.1915
17150	27.5896
17160	24.6906
17170	22.3725
17180	32.3725
17190	29.4439
17200	27.1712
17210	27.4087
17220	24.4541
17230	34.4541
17240	28.0905
17250	25.136
17260	26.5584
17270	24.2857
17280	21.3312
17290	31.3312
17300	29.0451
17310	26.1143
17320	27.1928
17330	24.8627
17340	21.9501
17350	31.9501
17360	29.62
17370	26.7073
17380	27.3786
17390	25.0485
17400	35.0485
17410	27.8317
17420	25.5016
17430	26.6019
17440	23.6893
17450	21.3592
17460	31.3592
17470	28.4466
17480	26.1165
17490	27.5728
17500	24.6602
17510	22.3301
17520	32.3301
17530	29.4175
17540	27.0953
17550	27.3515
17560	24.4286
17570	34.4286
17580	28.0942
17590	25.1682
17600	26.6559
17610	24.4051
17620	21.4791
17630	31.4791
17640	29.2283
17650	26.3022
17660	27.1061
17670	24.8553
17680	21.9293
17690	31.9293
17700	29.6785
17710	26.7524
17720	27.492
17730	25.2353
17740	35.2353
17750	27.9873
17760	25.719
17770	26.5495
17780	23.6066
17790	21.3539
17800	31.3539
17810	28.3602
17820	26.1309
17830	27.7091
17840	24.7191
17850	22.5001
17860	32.5001
17870	29.4525
17880	27.2621
17890	27.3362
17900	24.2845
17910	34.2845
17920	28.0128
17930	24.9529
17940	26.5931
17950	24.3849
17960	21.3249
17970	31.3249
17980	29.1167
17990	26.0568
18000	27.0347
18010	24.8239
18020	21.7498
18030	31.7498
18040	29.58
18050	26.4668
18060	27.393
18070	25.2232
18080	35.2232
18090	27.7663
18100	25.5406
18110	26.5541
18120	23.482
18130	21.255
18140	31.255
18150	28.2088
18160	26.0213
18170	27.6303
18180	24.5991
18190	22.4116
18200	32.4116
18210	29.3803
18220	27.1928
18230	27.4375
18240	24.4062
18250	34.4062
18260	28.1562
18270	25.125
18280	26.5312
18290	24.3438
18300	21.3125
18310	31.3125
18320	29.1121
18330	26.1038
18340	27.1731
18350	24.9301
18360	21.9395
18370	31.9395
18380	29.6965
18390	26.7059
18400	27.352
18410	25.109
18420	35.109
18430	27.7882
18440	25.5515
18450	26.6456
18460	23.611
18470	21.406
18480	31.406
18490	28.3625
18500	26.1502
18510	27.6047
18520	24.5935
18530	22.3335
18540	32.3335
18550	29.3304
18560	27.0703
18570	27.3994
18580	24.3963
18590	34.3963
18600	28.0495
18610	25.0464
18620	26.533
18630	24.2881
18640	21.2465
18650	31.2465
18660	29.0243
18670	25.9687
18680	27.1301
18690	24.9016
18700	21.8377
18710	31.8377
18720	29.5985
18730	26.531
18740	27.3006
18750	25.0738
18760	35.0738
18770	27.6905
18780	25.4886
18790	26.7278
18800	23.7003
18810	21.4985
18820	31.4985
18830	28.4709
18840	26.2691
18850	27.5229
18860	24.4989
18870	22.3069
18880	32.3069
18890	29.2277
18900	27.063
18910	27.5334
18920	24.4502
18930	34.4502
18940	28.3045
18950	25.2136
18960	26.5152
18970	24.4242
18980	21.335
18990	31.335
19000	29.2673
19010	26.1253
19020	27.1349
19030	25.0841
19040	21.9527
19050	31.9527
19060	29.8443
19070	26.7418
19080	27.3222
19090	25.2138
19100	35.2138
19110	27.7439
19120	25.6355
19130	26.6867
19140	23.5843
19150	21.4759
19160	31.4759
19170	28.3735
19180	26.2651
19190	27.6506
19200	24.5482
19210	22.4421
19220	32.4421
19230	29.3336
19240	27.2078
19250	27.4663
19260	24.3526
19270	34.3526
19280	28.1934
19290	25.051
19300	26.4832
19310	24.3936
19320	21.2294
19330	31.2294
19340	29.1483
19350	25.9557
19360	27.091
19370	25.0374
19380	21.8231
19390	31.8231
19400	29.766
19410	26.5935
19420	27.312
19430	25.241
19440	35.241
19450	27.7262
19460	25.6464
19470	26.6221
19480	23.5183
19490	21.3944
19500	31.3944
19510	28.297
19520	26.1779
19530	27.7365
19540	24.5994
19550	22.5112
19560	32.5112
19570	29.3641
19580	27.2742
19590	27.3869
19600	24.2315
19610	34.2315
19620	28.0912
19630	24.9333
19640	26.5502
19650	24.459
19660	21.2651
19670	31.2651
19680	29.1951
19690	25.9881
19700	26.9971
19710	24.9271
19720	21.7201
19730	31.7201
19740	29.6501
19750	26.4431
19760	27.3469
19770	25.2713
19780	35.2713
19790	27.6516
19800	25.5646
19810	26.6087
19820	23.3939
19830	21.2862
19840	31.2862
19850	28.107
19860	25.9683
19870	27.1821
19880	28.1513
19890	38.1513
19900	31.9565
19910	24.3744
19920	25.4885
19930	23.3333
19940	20.1276
19950	30.1276
19960	28.0073
19970	24.7695
19980	27.3089
19990	25.1886
20000	21.9511
20010	31.9511
20020	29.8203
20030	26.5725
20040	26.9605
20050	24.8237
20060	21.5759
20070	31.5759
20080	29.4391
20090	26.1912
20100	27.2934
20110	25.1567
20120	35.1567
20130	27.4929
20140	25.3561
20150	26.5812
20160	23.3333
20170	21.196
20180	31.196
20190	27.9655
20200	25.8469
20210	27.0333
20220	28.1752
20230	38.1752
20240	32.0127
20250	24.3796
20260	25.4263
20270	23.2915
20280	20.0611
20290	30.0611
20300	27.9354
20310	24.6768
20320	26.6096
20330	27.7581
20340	37.7581
20350	35.6572
20360	32.3873
20370	31.4123
20380	29.2991
20390	39.2991
20400	31.6947
20410	29.5265
20420	23.3694
20430	20.1953
20440	22.1067
20450	32.1067
20460	28.9765
20470	26.8435
20480	28.0885
20490	29.0957
20500	39.0957
20510	32.9531
20520	25.384
20530	25.442
20540	23.3425
20550	20.1503
20560	30.1503
20570	28.0842
20580	24.861
20590	27.4128
20600	25.3434
20610	22.1347
20620	32.1347
20630	30.0194
20640	26.8325
20650	26.9247
20660	24.8104
20670	21.6209
20680	31.6209
20690	29.4898
20700	26.2931
20710	27.4098
20720	25.2896
20730	35.2896
20740	27.6482
20750	25.5501
20760	26.5395
20770	23.297
20780	21.2005
20790	31.2005
20800	27.9808
20810	25.8341
20820	27.0297
20830	28.2104
20840	38.2104
20850	32.0055
20860	24.3877
20870	25.4324
20880	23.2703
20890	20.0517
20900	30.0517
20910	27.9092
20920	24.7286
20930	26.6423
20940	27.8553
20950	37.8553
20960	35.7259
20970	32.5453
20980	31.6167
20990	29.4873
21000	39.4873
21010	31.9132
21020	29.4362
21030	23.256
21040	20.0673
21050	21.9708
21060	31.9708
21070	28.7804
21080	26.64
21090	27.8254
21100	37.8254
21110	35.7131
21120	32.4778
21130	31.6167
21140	29.5012
21150	26.2801
21160	36.2801
21170	33.8415
21180	27.6282
21190	20.0282
21200	21.9215
21210	23.1215
21220	33.1215
21230	30.9615
21240	27.7615
21250	29.12
21260	26.9442
21270	36.9442
21280	29.3793
21290	27.1718
21300	26.4362
21310	23.2713
21320	21.0643
21330	31.0643
21340	27.9435
21350	25.7213
21360	26.9912
21370	36.9912
21380	34.7689
21390	31.6737
21400	30.7234
21410	28.5012
21420	25.406
21430	35.406
21440	33.9153
21450	27.619
21460	20.1587
21470	22.0106
21480	23.2804
21490	33.2804
21500	31.0553
21510	27.9547
21520	29.0759
21530	26.8391
21540	36.8391
21550	29.3654
21560	27.1208
21570	26.4954
21580	23.4188
21590	21.1354
21600	31.1354
21610	28.0645
21620	25.7853
21630	27.0507
21640	37.0507
21650	34.7994
21660	31.6843
21670	30.6642
21680	28.412
21690	25.2929
21700	35.2929
21710	33.9353
21720	27.5812
21730	20.0812
21740	21.9032
21750	23.1493
21760	33.1493
21770	30.8695
21780	27.7348
21790	29.0014
21800	26.7321
21810	36.7321
21820	29.1756
21830	26.9275
21840	26.4858
21850	23.3075
21860	21.0599
21870	31.0599
21880	27.8757
21890	25.6135
21900	26.8217
21910	36.8217
21920	34.5474
21930	31.38
21940	30.5618
21950	28.2541
21960	25.1003
21970	35.1003
21980	33.9501
21990	27.5577
22000	19.9805
22010	21.7963
22020	22.9984
22030	32.9984
22040	30.7131
22050	27.5342
22060	28.9395
22070	26.6181
22080	36.6181
22090	29.067
22100	26.7433
22110	26.4578
22120	23.3503
22130	21.0152
22140	31.0152
22150	27.9188
22160	25.5879
22170	26.8724
22180	36.8724
22190	34.5686
22200	31.5053
22210	30.5509
22220	28.2471
22230	25.1838
22240	35.1838
22250	33.9494
22260	27.5443
22270	20.1266
22280	21.9261
22290	23.2002
22300	33.2002
22310	30.9274
22320	27.8214
22330	29.0209
22340	26.7333
22350	36.7333
22360	29.2915
22370	26.9742
22380	26.4736
22390	23.4005
22400	21.0821
22410	31.0821
22420	27.9821
22430	25.6957
22440	26.952
22450	36.952
22460	34.6655
22470	31.5499
22480	30.6073
22490	28.3208
22500	25.2053
22510	35.2053
22520	33.93
22530	27.5829
22540	20.087
22550	21.937
22560	23.187
22570	33.187
22580	30.9681
22590	27.8207
22600	29.1134
22610	26.9188
22620	36.9188
22630	29.3627
22640	27.1733
22650	26.467
22660	23.265
22670	21.1008
22680	31.1008
22690	27.8919
22700	25.7258
22710	26.9157
22720	36.9157
22730	34.7375
22740	31.5197
22750	30.7118
22760	28.5306
22770	25.3258
22780	35.3258
22790	33.878
22800	27.5817
22810	20.0014
22820	21.8524
22830	23.0587
22840	33.0587
22850	30.8228
22860	27.6287
22870	29.053
22880	26.8026
22890	36.8026
22900	29.2428
22910	26.9634
22920	26.4216
22930	23.2598
22940	20.9804
22950	30.9804
22960	27.8186
22970	25.5392
22980	26.7647
22990	36.7647
23000	34.4933
23010	31.3068
23020	30.6499
23030	28.4005
23040	25.1976
23050	35.1976
23060	33.8875
23070	27.555
23080	19.9511
23090	21.7848
23100	22.9829
23110	32.9829
23120	30.7308
23130	27.5232
23140	29.0236
23150	26.7609
23160	36.7609
23170	29.1453
23180	26.8875
23190	26.4312
23200	23.1856
23210	20.9526
23220	30.9526
23230	27.7002
23240	25.4672
23250	26.6322
23260	36.6322
23270	34.3992
23280	31.1468
23290	30.5825
23300	28.3515
23310	25.1119
23320	35.1119
23330	33.827
23340	27.5558
23350	19.9287
23360	21.7922
23370	23.0042
23380	33.0042
23390	30.7873
23400	27.6307
23410	29.2207
23420	26.9994
23430	36.9994
23440	29.4484
23450	27.2182
23460	26.3309
23470	23.1655
23480	20.9353
23490	30.9353
23500	27.7698
23510	25.5396
23520	26.7626
23530	36.7626
23540	34.5324
23550	31.3669
23560	30.9353
23570	28.705
23580	25.5396
23590	35.5396
23600	33.789
23610	27.482
23620	19.9281
23630	21.7746
23640	22.9976
23650	32.9976
23660	30.7589
23670	27.6102
23680	29.2692
23690	26.9965
23700	36.9965
23710	29.4845
23720	27.2096
23730	26.3196
23740	23.1782
23750	20.8925
23760	30.8925
23770	27.7497
23780	25.4639
23790	26.702
23800	36.702
23810	34.4163
23820	31.2735
23830	30.9048
23840	28.619
23850	25.4762
23860	35.4762
23870	33.8095
23880	27.4286
23890	19.9048
23900	21.7162
23910	22.9383
23920	32.9383
23930	30.6818
23940	27.4989
23950	29.2217
23960	26.9608
23970	36.9608
23980	29.375
23990	27.1055
24000	26.3121
24010	23.1206
24020	20.8525
24030	30.8525
24040	27.6807
24050	25.3694
24060	26.5958
24070	36.5958
24080	34.2922
24090	31.108
24100	30.8416
24110	28.5593
24120	25.3593
24130	35.3593
24140	33.8118
24150	27.4353
24160	19.8353
24170	21.6471
24180	22.8471
24190	32.8471
24200	30.5564
24210	27.3729
24220	29.157
24230	39.157
24240	35.9879
24250	33.664
24260	32.7571
24270	29.5736
24280	27.2699
24290	24.9415
24300	34.9415
24310	27.3302
24320	20.9326
24330	22.1404
24340	32.1404
24350	29.8039
24360	26.6264
24370	28.4021
24380	29.617
24390	39.617
24400	37.2806
24410	34.103
24420	33.2528
24430	30.9164
24440	40.9164
24450	33.3668
24460	29.4654
24470	22.962
24480	19.8151
24490	21.5634
24500	31.5633
24510	28.4165
24520	26.0389
24530	27.2743
24540	37.2743
24550	34.8967
24560	31.7498
24570	31.6084
24580	29.2308
24590	26.0839
24600	36.0839
24610	33.8462
24620	27.3465
24630	19.7991
24640	21.5665
24650	22.7758
24660	32.7758
24670	30.427
24680	27.244
24690	28.9937
24700	38.9937
24710	35.8382
24720	33.4484
24730	32.6588
24740	29.5034
24750	27.1136
24760	24.9188
24770	34.9188
24780	27.3782
24790	20.8585
24800	22.0892
24810	32.0892
24820	29.6709
24830	26.5459
24840	28.2588
24850	29.5088
24860	39.5088
24870	37.0783
24880	33.9533
24890	33.2018
24900	30.7712
24910	40.7712
24920	33.2621
24930	29.4848
24940	22.9366
24950	19.7726
24960	21.5047
24970	31.5047
24980	28.3549
24990	25.9463
25000	27.2106
25010	37.2106
25020	34.7968
25030	31.6934
25040	31.6603
25050	29.2418
25060	26.1823
25070	36.1823
25080	33.8673
25090	27.2998
25100	19.9085
25110	21.6247
25120	22.9291
25130	32.9291
25140	30.5034
25150	27.46
25160	29.1762
25170	39.1762
25180	36.1268
25190	33.6894
25200	32.718
25210	29.6656
25220	27.2282
25230	24.8975
25240	34.8975
25250	27.4943
25260	20.9112
25270	22.2096
25280	32.2096
25290	29.7797
25300	26.7042
25310	28.4315
25320	29.7042
25330	39.7042
25340	37.2928
25350	34.2335
25360	33.3197
25370	30.8989
25380	40.8989
25390	33.5233
25400	29.4703
25410	22.9034
25420	19.9206
25430	21.6323
25440	31.6323
25450	28.6593
25460	26.2344
25470	27.5815
25480	37.5815
25490	35.2048
25500	32.2227
25510	31.9722
25520	29.5973
25530	26.6
25540	36.6
25550	33.8044
25560	27.3391
25570	19.9789
25580	21.7481
25590	23.0528
25600	33.0528
25610	30.7314
25620	27.6733
25630	29.358
25640	27.0366
25650	37.0366
25660	29.6259
25670	27.3044
25680	26.2723
25690	23.2143
25700	20.8919
25710	30.8919
25720	27.81
25730	25.516
25740	26.7855
25750	36.7855
25760	34.4915
25770	31.3958
25780	31.0285
25790	28.7345
25800	25.6387
25810	35.6387
25820	33.7862
25830	27.3942
25840	19.9332
25850	21.7372
25860	23.0067
25870	33.0067
25880	30.7048
25890	27.6246
25900	29.3435
25910	27.0102
25920	37.0102
25930	29.5879
25940	27.2481
25950	26.2629
25960	23.2204
25970	20.8479
25980	30.8479
25990	27.8102
26000	25.445
26010	26.7492
26020	36.7492
26030	34.4313
26040	31.3849
26050	31.0855
26060	28.7669
26070	25.7171
26080	35.7171
26090	33.7606
26100	27.3211
26110	19.9145
26120	21.6965
26130	22.9784
26140	32.9784
26150	30.6757
26160	27.5836
26170	29.3819
26180	39.3819
26190	36.2842
26200	33.9698
26210	33.0919
26220	29.9915
26230	27.6822
26240	24.8752
26250	34.8752
26260	27.4327
26270	20.9621
26280	22.2475
26290	32.2475
26300	29.8915
26310	26.8537
26320	28.6107
26330	29.9339
26340	39.9339
26350	37.5695
26360	34.5535
26370	33.3721
26380	43.3721
26390	36.8737
26400	29.5087
26410	26.0475
26420	23.6761
26430	20.6341
26440	22.4013
26450	32.4013
26460	29.341
26470	26.9919
26480	27.5009
26490	24.4509
26500	22.0751
26510	32.0751
26520	29.0429
26530	26.6558
26540	27.9676
26550	28.6251
26560	38.6251
26570	32.1355
26580	24.7106
26590	25.2575
26600	22.8952
26610	19.8241
26620	29.8241
26630	27.5164
26640	24.4395
26650	26.2343
26660	36.2343
26670	33.1478
26680	30.8559
26690	31.3818
26700	28.2688
26710	25.9873
26720	24.8827
26730	34.8827
26740	27.3987
26750	21.0235
26760	22.2815
26770	24.0942
26780	34.0942
26790	30.9761
26800	28.6831
26810	29.9358
26820	39.9358
26830	37.6428
26840	34.5207
26850	33.4669
26860	31.1648
26870	28.0358
26880	25.1163
26890	35.1163
26900	28.7029
26910	21.2124
26920	22.9845
26930	32.9845
26940	29.8833
26950	27.5415
26960	28.2509
26970	25.1497
26980	22.8079
26990	32.8079
27000	29.7066
27010	27.3649
27020	27.9114
27030	24.8101
27040	22.4684
27050	32.4684
27060	29.3671
27070	27.0253
27080	26.8987
27090	23.8067
27100	33.8067
27110	27.3138
27120	24.2401
27130	25.9875
27140	27.2717
27150	37.2717
27160	34.8927
27170	31.8191
27180	31.0316
27190	28.6526
27200	38.6526
27210	31.2211
27220	29.4316
27230	22.9263
27240	19.8526
27250	21.6
27260	31.6
27270	28.5263
27280	26.1474
27290	27.4316
27300	37.4316
27310	35.0526
27320	31.9835
27330	31.8804
27340	29.4706
27350	26.4244
27360	36.4244
27370	33.8025
27380	27.2465
27390	19.8477
27400	21.5632
27410	22.8602
27420	32.8602
27430	30.4335
27440	27.3783
27450	29.0891
27460	39.0891
27470	36.0266
27480	33.5891
27490	32.8796
27500	29.8195
27510	27.3889
27520	24.8665
27530	34.8665
27540	27.4029
27550	20.8541
27560	22.1231
27570	32.1232
27580	29.686
27590	26.6154
27600	28.3167
27610	29.6032
27620	39.6032
27630	37.1484
27640	34.0699
27650	33.2882
27660	43.2882
27670	36.6766
27680	29.2386
27690	25.9711
27700	23.5124
27710	20.4339
27720	22.1281
27730	32.1281
27740	29.0414
27750	26.5973
27760	27.511
27770	24.3976
27780	21.9646
27790	31.9646
27800	28.8566
27810	26.4373
27820	27.713
27830	28.4008
27840	38.4008
27850	31.8576
27860	24.4044
27870	25.3475
27880	22.9605
27890	19.8394
27900	29.8394
27910	27.4574
27920	24.3352
27930	26.0756
27940	36.0756
27950	32.9468
27960	30.5542
27970	31.0788
27980	27.9503
27990	25.5728
28000	24.9297
28010	34.9297
28020	27.4144
28030	20.9582
28040	22.1983
28050	23.9802
28060	33.9802
28070	30.8095
28080	28.4924
28090	29.7119
28100	39.7119
28110	37.3709
28120	34.2269
28130	33.1854
28140	30.8325
28150	27.6908
28160	37.6908
28170	33.8795
28180	27.4322
28190	19.8614
28200	21.6427
28210	31.6427
28220	28.4646
28230	26.1367
28240	27.3512
28250	29.1326
28260	39.1326
28270	35.9545
28280	33.6255
28290	32.5877
28300	42.5877
28310	35.0753
28320	28.6236
28330	25.6855
28340	22.5693
28350	20.2252
28360	21.5104
28370	31.5104
28380	29.161
28390	26.0887
28400	27.8566
28410	37.8566
28420	34.7605
28430	32.4359
28440	31.6761
28450	28.571
28460	26.2537
28470	25.0216
28480	35.0216
28490	27.5016
28500	21.1016
28510	22.3416
28520	24.1428
28530	34.1428
28540	31.0194
28550	28.684
28560	29.9415
28570	30.5866
28580	40.5866
28590	34.1195
28600	26.658
28610	25.4781
28620	23.1076
28630	20.0207
28640	30.0207
28650	27.6442
28660	24.549
28670	26.295
28680	36.295
28690	33.1998
28700	30.8189
28710	30.8009
28720	27.7057
28730	25.3247
28740	25
28750	35
28760	27.5319
28770	21.0378
28780	22.2854
28790	24.0477
28800	34.0477
28810	30.919
28820	28.5591
28830	29.8179
28840	39.8179
28850	37.4266
28860	34.3238
28870	32.9192
28880	30.5268
28890	27.4335
28900	37.4335
28910	33.9855
28920	27.4174
28930	19.9815
28940	21.6975
28950	31.6975
28960	28.6206
28970	26.1946
28980	27.4766
28990	29.1929
29000	39.1929
29010	36.1485
29020	33.7124
29030	32.2844
29040	42.2844
29050	34.9171
29060	28.3339
29070	25.7397
29080	22.7077
29090	20.2615
29100	21.5727
29110	31.5727
29120	29.1242
29130	26.0866
29140	28.1223
29150	25.6661
29160	22.6252
29170	32.6252
29180	30.1622
29190	27.1348
29200	26.9892
29210	36.9892
29220	30.3355
29230	22.9814
29240	25.7789
29250	23.3008
29260	20.3063
29270	21.9956
29280	31.9956
29290	29.0053
29300	26.5347
29310	27.8423
29320	24.8721
29330	22.3721
29340	32.3721
29350	29.407
29360	26.9094
29370	27.5817
29380	37.5817
29390	30.2587
29400	23.6242
29410	25.6867
29420	22.6886
29430	20.2128
29440	21.5474
29450	31.5474
29460	29.0716
29470	26.0735
29480	27.7571
29490	37.7571
29500	34.7766
29510	32.3249
29520	31.5164
29530	28.5417
29540	26.087
29550	25.0012
29560	35.0012
29570	27.7704
29580	21.155
29590	22.5396
29600	24.2323
29610	34.2323
29620	31.3042
29630	28.8329
29640	29.8622
29650	39.8622
29660	32.6132
29670	25.9983
29680	25.7762
29690	22.8126
29700	20.3651
29710	21.7227
29720	31.7227
29730	29.2753
29740	26.3116
29750	28.1071
29760	25.6597
29770	22.6943
29780	32.6943
29790	30.2268
29800	27.2879
29810	27.1024
29820	37.1024
29830	30.4611
29840	23.2092
29850	25.7634
29860	23.2824
29870	20.3435
29880	22.0229
29890	32.0229
29900	29.084
29910	26.6031
29920	27.9962
29930	25.0573
29940	22.5763
29950	32.5763
29960	29.6358
29970	27.1498
29980	27.4816
29990	37.4816
30000	30.2192
30010	23.5652
30020	25.7605
30030	22.8137
30040	20.3232
30050	21.692
30060	31.692
30070	29.2015
30080	26.258
30090	28.1041
30100	25.6326
30110	22.7104
30120	32.7104
30130	30.2436
30140	27.3206
30150	27.0374
30160	37.0374
30170	30.4668
30180	23.2268
30190	25.8412
30200	23.4199
30210	20.486
30220	22.1997
30230	32.1997
30240	29.2619
30250	26.8325
30260	27.9111
30270	24.9615
30280	22.5485
30290	32.5485
30300	29.5786
30310	27.1726
30320	27.6316
30330	37.6316
30340	30.3707
30350	23.8197
30360	25.6742
30370	22.7528
30380	20.3349
30390	21.7303
30400	31.7303
30410	29.2817
30420	26.3845
30430	28.3579
30440	25.9098
30450	23.0185
30460	33.0185
30470	30.5835
30480	27.7025
30490	26.9367
30500	36.9367
30510	30.3505
30520	23.2235
30530	25.9815
30540	23.537
30550	20.7037
30560	22.4074
30570	32.4074
30580	29.5741
30590	27.1296
30600	27.7593
30610	24.9259
30620	22.4815
30630	32.4815
30640	29.6481
30650	27.2037
30660	27.8148
30670	37.8148
30680	30.7092
30690	24.0983
30700	25.584
30710	22.7744
30720	20.2975
30730	21.7577
30740	31.7577
30750	29.2593
30760	26.4733
30770	28.1338
30780	38.1338
30790	35.3479
30800	32.8371
30810	32.0367
30820	29.2439
30830	26.7255
30840	24.8529
30850	34.8529
30860	27.7922
30870	21.127
30880	22.5922
30890	24.2772
30900	34.2772
30910	31.475
30920	29.0016
30930	30.4222
30940	40.4222
30950	33.3438
30960	26.7015
30970	25.5474
30980	22.732
30990	20.2616
31000	21.7006
31010	31.7006
31020	29.2416
31030	26.4001
31040	28.094
31050	38.094
31060	35.2525
31070	32.7935
31080	32.1319
31090	29.2904
31100	26.8314
31110	24.8452
31120	34.8452
31130	27.7231
31140	21.1111
31150	22.5501
31160	24.2426
31170	34.2426
31180	31.3961
31190	28.9823
31200	30.416
31210	40.416
31220	38.0075
31230	35.1405
31240	33.7982
31250	31.6848
31260	25.163
31270	17.9891
31280	19.729
31290	29.729
31300	26.8649
31310	24.496
31320	25.9246
31330	27.6779
31340	37.6779
31350	34.8011
31360	32.4546
31370	31.8758
31380	28.9877
31390	38.9877
31400	32.5308
31410	30.5489
31420	23.337
31430	21.0127
31440	22.4001
31450	32.4001
31460	30.0735
31470	27.1503
31480	27.4435
31490	25.1096
31500	22.1832
31510	32.1832
31520	29.8429
31530	26.9289
31540	27.819
31550	25.4534
31560	35.4534
31570	28.2491
31580	25.8835
31590	26.2186
31600	23.3154
31610	20.9498
31620	30.9498
31630	28.0466
31640	25.6797
31650	27.0741
31660	37.0741
31670	34.6991
31680	31.7884
31690	31.318
31700	28.943
31710	26.0323
31720	36.0323
31730	33.7679
31740	27.2679
31750	20.0536
31760	21.8036
31770	23.1964
31780	33.1964
31790	30.8214
31800	27.9107
31810	29.5536
31820	27.1859
31830	37.1859
31840	29.9412
31850	27.5882
31860	26.221
31870	23.2799
31880	20.9262
31890	30.9262
31900	27.9658
31910	25.6348
31920	26.9871
31930	36.9871
31940	34.6562
31950	31.6846
31960	31.2666
31970	28.9356
31980	25.9641
31990	35.9641
32000	33.7555
32010	27.3267
32020	20.0041
32030	21.798
32040	23.1302
32050	33.1302
32060	30.8255
32070	27.8076
32080	29.4941
32090	27.2069
32100	37.2069
32110	29.831
32120	27.5438
32130	26.2411
32140	23.2092
32150	20.922
32160	30.922
32170	27.8901
32180	25.6086
32190	26.9174
32200	36.9174
32210	34.6736
32220	31.6348
32230	31.1802
32240	28.9343
32250	25.9046
32260	35.9046
32270	33.7752
32280	27.4084
32290	20.0539
32300	21.8719
32310	23.1827
32320	33.1827
32330	30.9292
32340	27.8834
32350	29.4233
32360	27.1698
32370	37.1698
32380	29.7754
32390	27.5219
32400	26.3028
32410	23.257
32420	21.0035
32430	31.0035
32440	27.9577
32450	25.7042
32460	27.007
32470	37.007
32480	34.7509
32490	31.7011
32500	31.1446
32510	28.8814
32520	25.8288
32530	35.8288
32540	33.7618
32550	27.4055
32560	20.0431
32570	21.8612
32580	23.1899
32590	33.1899
32600	30.9172
32610	27.9102
32620	29.5105
32630	27.2378
32640	37.2378
32650	29.8951
32660	27.6224
32670	26.2587
32680	23.2517
32690	20.979
32700	30.979
32710	27.972
32720	25.6952
32730	27.0344
32740	37.0344
32750	34.7308
32760	31.7465
32770	31.2636
32780	28.9613
32790	25.9652
32800	35.9652
32810	33.7466
32820	27.3703
32830	20.0184
32840	21.8296
32850	23.1717
32860	33.1717
32870	30.8801
32880	27.9113
32890	29.4703
32900	27.1857
32910	37.1857
32920	29.8645
32930	27.5942
32940	26.3085
32950	23.3102
32960	21.0399
32970	31.0399
32980	28.0416
32990	25.7712
33000	27.1057
33010	37.1057
33020	34.8354
33030	31.8371
33040	31.1785
33050	28.9081
33060	25.9099
33070	35.9099
33080	33.7782
33090	27.4177
33100	20.0867
33110	21.9064
33120	23.2409
33130	33.2409
33140	30.9705
33150	27.9723
33160	29.4454
33170	27.175
33180	37.175
33190	29.844
33200	27.5685
33210	26.3056
33220	23.3261
33230	21.0251
33240	31.0251
33250	28.0493
33260	25.7442
33270	27.1041
33280	37.1041
33290	34.7725
33300	31.8191
33310	31.1813
33320	28.8511
33330	25.886
33340	35.886
33350	33.7941
33360	27.3803
33370	20.0699
33380	21.8624
33390	23.2045
33400	33.2045
33410	30.8849
33420	27.8952
33430	29.4241
33440	27.1015
33450	37.1015
33460	29.775
33470	27.4462
33480	26.2842
33490	23.2877
33500	20.9592
33510	30.9592
33520	27.9583
33530	25.6204
33540	26.9515
33550	36.9515
33560	34.6192
33570	31.6291
33580	31.1205
33590	28.8037
33600	25.8224
33610	35.8224
33620	33.7649
33630	27.3424
33640	20.0341
33650	21.8228
33660	23.1687
33670	33.1687
33680	30.8518
33690	27.8705
33700	29.4889
33710	27.1721
33720	37.1721
33730	29.8637
33740	27.5468
33750	26.2521
33760	23.2709
33770	20.954
33780	30.954
33790	27.9727
33800	25.6559
33810	27.0017
33820	37.0017
33830	34.6848
33840	31.7036
33850	31.2266
33860	28.9111
33870	25.9183
33880	35.9183
33890	33.7595
33900	27.3649
33910	20.018
33920	21.8207
33930	23.1472
33940	33.1472
33950	30.8513
33960	27.8411
33970	29.4728
33980	27.1738
33990	37.1738
34000	29.8201
34010	27.515
34020	26.2542
34030	23.2373
34040	20.9332
34050	30.9332
34060	27.9302
34070	25.5952
34080	26.9319
34090	36.9319
34100	34.5889
34110	31.6072
34120	31.196
34130	28.8311
34140	25.8582
34150	35.8582
34160	33.773
34170	27.2983
34180	20.0207
34190	21.7914
34200	23.1573
34210	33.1573
34220	30.8175
34230	27.8511
34240	29.5534
34250	27.2302
34260	37.2302
34270	29.9238
34280	27.5991
34290	26.215
34300	23.2296
34310	20.8974
34320	30.8974
34330	27.9108
34340	25.5746
34350	26.9271
34360	36.9271
34370	34.5653
34380	31.6004
34390	31.2798
34400	28.9193
34410	25.9431
34420	35.9431
34430	33.7467
34440	27.2919
34450	19.9675
34460	21.7381
34470	23.0846
34480	33.0846
34490	30.7139
34500	27.7423
34510	29.4952
34520	39.4952
34530	36.5236
34540	34.153
34550	33.1927
34560	30.2211
34570	27.8544
34580	24.8295
34590	34.8295
34600	27.5527
34610	21.0194
34620	22.3861
34630	32.3861
34640	29.9861
34650	27.0361
34660	28.7694
34670	30.1361
34680	40.1361
34690	37.7361
34700	34.7854
34710	33.5225
34720	43.5225
34730	36.9796
34740	29.7039
34750	26.0465
34760	23.633
34770	20.6869
34780	22.3951
34790	32.3951
34800	29.4597
34810	27.0219
34820	27.5296
34830	24.5943
34840	22.1565
34850	32.1565
34860	29.2211
34870	26.7833
34880	27.9436
34890	37.9436
34900	30.6777
34910	24.1145
34920	25.4967
34930	22.5331
34940	20.1159
34950	21.4735
34960	31.4735
34970	29.0563
34980	26.0927
34990	27.8146
35000	37.8146
35010	34.851
35020	32.4338
35030	32.2517
35040	29.2881
35050	26.8709
35060	24.8179
35070	34.8179
35080	27.5331
35090	20.9768
35100	22.3344
35110	24.0573
35120	34.0573
35130	31.1073
35140	28.661
35150	30.0329
35160	40.0329
35170	37.5866
35180	34.6473
35190	33.4685
35200	30.999
35210	28.0782
35220	25.198
35230	35.198
35240	28.5685
35250	21.3257
35260	23.0226
35270	33.0226
35280	30.0737
35290	27.619
35300	28.1899
35310	25.2383
35320	22.7775
35330	32.7775
35340	29.8218
35350	27.3588
35360	27.9146
35370	24.959
35380	22.4959
35390	32.4959
35400	29.5402
35410	27.0772
35420	26.8309
35430	23.8752
35440	33.8752
35450	27.2578
35460	24.3021
35470	25.9934
35480	27.3573
35490	37.3573
35500	34.9071
35510	31.9235
35520	31.1561
35530	28.7135
35540	38.7135
35550	31.402
35560	29.459
35570	22.8689
35580	19.8852
35590	21.5902
35600	31.5902
35610	28.6066
35620	26.1639
35630	27.5082
35640	37.5082
35650	35.0656
35660	32.0855
35670	32.0052
35680	29.5795
35690	26.6172
35700	36.6172
35710	33.748
35720	27.1876
35730	19.9144
35740	21.6464
35750	23.019
35760	33.019
35770	30.617
35780	27.6758
35790	29.4079
35800	39.4079
35810	36.4667
35820	34.0647
35830	33.3407
35840	30.3995
35850	27.9976
35860	24.7712
35870	34.7712
35880	27.5163
35890	20.9804
35900	22.3529
35910	32.3529
35920	29.951
35930	27.0098
35940	28.7418
35950	30.1137
35960	40.1137
35970	37.6935
35980	34.7735
35990	33.3085
36000	43.3085
