10	10
20	2
30	2
40	2
50	2
60	2
70	2
80	2
90	2
100	2
110	2
120	2
130	4.5
140	11
150	21
160	20
170	15
180	15
190	25
200	21.3333
210	19.3333
220	20
230	20
240	20
250	20
260	30
270	26.6667
280	23.3333
290	20
300	20
310	19.9167
320	20.6667
330	30.6667
340	22.5
350	22.5
360	22.5
370	17.5
380	20
390	30
400	25
410	22.5
420	22.5
430	17.5
440	20.75
450	30.75
460	25.75
470	20
480	20
490	30
500	30
510	25
520	18.3333
530	28.3333
540	23.3333
550	23.3333
560	23.3333
570	18.3333
580	18.3333
590	28.3333
600	23.3333
610	23.3333
620	23.3571
630	19.1429
640	17.1429
650	27.1429
660	24.2857
670	21.4286
680	22.8571
690	20
700	30
710	22.8571
720	20
730	21.4286
740	22.873
750	32.873
760	29.7143
770	26.381
780	23.3333
790	33.3333
800	25.5556
810	17.7778
820	18.8889
830	20
840	21.1111
850	31.1111
860	27.7172
870	24.2222
880	23.6364
890	20
900	30
910	21.8182
920	18.1469
930	20.1049
940	20.8741
950	30.8741
960	29.3357
970	25.4895
980	27.3077
990	37.3077
1000	31.9231
1010	23.4615
1020	25.3846
1030	23.8462
1040	20.0659
1050	21.8462
1060	31.8462
1070	28.989
1080	26.1319
1090	27.5604
1100	37.5604
1110	35.1319
1120	32.114
1130	31.331
1140	30.081
1150	26.956
1160	23.75
1170	33.75
1180	28.75
1190	21.25
1200	23.75
1210	25
1220	35
1230	33.75
1240	30.625
1250	29.375
1260	28.125
1270	38.125
1280	30.3934
1290	30.4559
1300	26.0515
1310	21.9338
1320	23.5294
1330	22.9412
1340	32.9412
1350	24.6405
1360	22.9739
1370	24.085
1380	26.3072
1390	36.3072
1400	32.7984
1410	31.4592
1420	30.4348
1430	40.4348
1440	31.4874
1450	26.7506
1460	27.3684
1470	23.1579
1480	22.1053
1490	22.6316
1500	24.2105
1510	34.2105
1520	29.2526
1530	20.7079
1540	22.7079
1550	23.7079
1560	33.7079
1570	31.7079
1580	28.2079
1590	29.1395
1600	27.1395
1610	37.1395
1620	29.1395
1630	27.1395
1640	28.0048
1650	24.7619
1660	22.1333
1670	32.1333
1680	29.2762
1690	26.419
1700	25.7226
1710	22.7971
1720	19.8095
1730	29.8095
1740	26.766
1750	23.7226
1760	25.0269
1770	35.0269
1780	31.8791
1790	28.6791
1800	29.8791
1810	39.8791
1820	36.6435
1830	33.3635
1840	31.9121
1850	28.5787
1860	25.2454
1870	35.2454
1880	31.8853
1890	28.4868
1900	27.7548
1910	24.3065
1920	20.8582
1930	30.8582
1940	27.4996
1950	23.7571
1960	25.0904
1970	35.0904
1980	31.0904
1990	28.0904
2000	27.0391
2010	23.0391
2020	20.0391
2030	30.0391
2040	26.0391
2050	23.0391
2060	23.7057
2070	33.7057
2080	30.3402
2090	26.7918
2100	27.7595
2110	37.7595
2120	34.1877
2130	30.5865
2140	31.5347
2150	27.8983
2160	24.262
2170	34.262
2180	30.6256
2190	26.9892
2200	27.2727
2210	23.6364
2220	20
2230	30
2240	26.2674
2250	22.8449
2260	23.4332
2270	33.4332
2280	30.1979
2290	26.0802
2300	26.5009
2310	23.2656
2320	19.148
2330	29.1479
2340	25.9127
2350	21.795
2360	22.9715
2370	32.9715
2380	29.1227
2390	25.4085
2400	26.2656
2410	36.2656
2420	32.6295
2430	29.0912
2440	30.3798
2450	26.9587
2460	23.5377
2470	33.5377
2480	30.0982
2490	26.6324
2500	27.6324
2510	37.6324
2520	34.1324
2530	30.6324
2540	31.1326
2550	27.6041
2560	24.0517
2570	34.0517
2580	30.4803
2590	26.9088
2600	24.9825
2610	21.4984
2620	18.0937
2630	28.0937
2640	24.7603
2650	21.427
2660	22.5381
2670	32.5381
2680	28.9632
2690	25.9197
2700	27.1081
2710	23.4356
2720	20.4661
2730	30.4661
2740	26.4236
2750	23.6576
2760	24.2959
2770	34.2959
2780	31.53
2790	27.4874
2800	28.9546
2810	26.1886
2820	22.1461
2830	32.1461
2840	29.3619
2850	25.2985
2860	26.7271
2870	36.7271
2880	32.6454
2890	29.7883
2900	30.4005
2910	40.4005
2920	37.5434
2930	33.4617
2940	31.9151
2950	29.0579
2960	24.9869
2970	34.9869
2980	32.2926
2990	27.8926
3000	28.0343
3010	25.4404
3020	21.0343
3030	31.0343
3040	28.342
3050	23.9189
3060	24.4323
3070	21.74
3080	31.74
3090	22.6907
3100	19.6718
3110	20.2378
3120	21.5586
3130	31.5586
3140	27.4076
3150	24.3888
3160	24.9548
3170	34.9548
3180	31.9359
3190	27.785
3200	27.2044
3210	24.1856
3220	20.0346
3230	30.0346
3240	27.0158
3250	22.8648
3260	24.1856
3270	34.1856
3280	30.0346
3290	27.0158
3300	27.5818
3310	37.5818
3320	34.4791
3330	30.4854
3340	29.9585
3350	26.6251
3360	22.7362
3370	32.7362
3380	29.389
3390	25.4776
3400	26.5491
3410	36.5491
3420	32.6205
3430	29.2276
3440	29.9231
3450	31.0885
3460	41.0885
3470	36.878
3480	33.7201
3490	32.9837
3500	42.9837
3510	34.0185
3520	26.4122
3530	26.6102
3540	22.3729
3550	19.1525
3560	19.661
3570	29.661
3580	26.4018
3590	22.1395
3600	23.287
3610	33.287
3620	29.0247
3630	25.746
3640	25.7544
3650	21.4921
3660	18.2134
3670	28.2134
3680	23.8919
3690	20.7345
3700	21.0571
3710	31.0571
3720	27.9926
3730	23.4765
3740	24.7806
3750	25.1954
3760	35.1954
3770	32.3382
3780	28.0525
3790	28.3934
3800	25.5143
3810	35.5143
3820	26.4447
3830	23.5217
3840	23.9832
3850	25.3613
3860	35.3613
3870	30.903
3880	28.1757
3890	28.4788
3900	38.4788
3910	35.7515
3920	31.2324
3930	31.9199
3940	29.2874
3950	24.9396
3960	24.058
3970	34.058
3980	27.1967
3990	18.1756
4000	19.6041
4010	29.6041
4020	25.4613
4030	22.6041
4040	23.1889
4050	24.6899
4060	34.6899
4070	30.7462
4080	28.0701
4090	28.7744
4100	28.8222
4110	38.8222
4120	31.9208
4130	23.3293
4140	24.8786
4150	25.5701
4160	35.5701
4170	32.8537
4180	29.292
4190	29.2765
4200	39.2765
4210	32.2902
4220	24.2385
4230	25.2499
4240	22.3158
4250	18.9374
4260	20.2888
4270	30.2888
4280	26.8587
4290	23.9837
4300	24.9171
4310	34.9171
4320	32.1171
4330	28.5171
4340	30.4401
4350	27.5496
4360	24.0808
4370	34.0808
4380	31.0545
4390	27.6335
4400	26.3175
4410	23.2726
4420	20.0924
4430	30.0924
4440	27.0155
4450	23.9386
4460	25.2206
4470	35.2206
4480	32.3617
4490	29.2367
4500	29.2212
4510	26.4712
4520	23.3462
4530	33.3462
4540	30.5962
4550	27.4712
4560	27.375
4570	37.375
4580	30.3622
4590	22.8363
4600	25.3857
4610	22.5808
4620	19.4101
4630	20.8735
4640	30.8735
4650	27.8085
4660	24.7965
4670	26.1218
4680	36.1218
4690	33.1097
4700	30.0977
4710	30.9903
4720	27.9783
4730	24.9662
4740	24.8193
4750	34.8193
4760	27.506
4770	20.042
4780	21.4706
4790	22.6611
4800	32.6611
4810	29.8039
4820	26.5896
4830	28.0182
4840	38.0182
4850	34.8039
4860	31.9468
4870	32.3921
4880	29.1779
4890	26.3207
4900	36.3207
4910	34.1667
4920	26.5476
4930	19.4048
4940	20.5887
4950	30.5887
4960	27.8374
4970	24.4256
4980	25.955
4990	27.0036
5000	37.0036
5010	34.2643
5020	31.1609
5030	31.3052
5040	41.3052
5050	34.2937
5060	26.7905
5070	25.6119
5080	22.9741
5090	19.6787
5100	21.2696
5110	31.2696
5120	28.009
5130	25.4757
5140	26.7116
5150	36.7116
5160	34.2397
5170	31.0936
5180	30.9011
5190	28.4069
5200	25.231
5210	24.7253
5220	34.7253
5230	28.022
5240	20.4396
5250	22.0879
5260	23.2967
5270	33.2967
5280	30.7692
5290	27.5824
5300	29.2308
5310	39.2308
5320	36.1395
5330	33.4221
5340	32.9013
5350	29.8579
5360	27.1405
5370	37.1405
5380	34.1304
5390	26.7391
5400	19.7826
5410	21.087
5420	31.087
5430	28.3566
5440	25.2882
5450	26.7775
5460	28.0541
5470	38.0541
5480	35.2882
5490	32.2031
5500	31.8765
5510	41.8765
5520	34.8552
5530	27.4084
5540	25.4255
5550	22.6596
5560	19.5745
5570	21.0638
5580	31.0638
5590	27.9787
5600	25.2307
5610	26.4242
5620	36.4242
5630	33.7926
5640	30.5295
5650	30.9913
5660	28.3597
5670	25.0965
5680	24.7368
5690	34.7368
5700	27.8947
5710	20.2105
5720	21.7982
5730	22.8864
5740	32.8864
5750	30.3864
5760	26.9489
5770	28.6156
5780	38.6156
5790	35.1781
5800	32.6781
5810	32.6333
5820	29.1958
5830	26.6992
5840	36.6992
5850	34.301
5860	26.3546
5870	19.6199
5880	20.6403
5890	30.6403
5900	28.0762
5910	24.5885
5920	26.1885
5930	27.1885
5940	37.1885
5950	34.5885
5960	31.1018
5970	31.3811
5980	41.3811
5990	34.3916
6000	26.5698
6010	25.3465
6020	22.5743
6030	19.2079
6040	20.6931
6050	30.6931
6060	27.3267
6070	24.5545
6080	25.6381
6090	35.6381
6100	32.9535
6110	29.4241
6120	30.5371
6130	27.8859
6140	24.3085
6150	24.6665
6160	34.6665
6170	27.9674
6180	19.715
6190	21.3655
6200	22.2349
6210	32.2349
6220	29.7869
6230	26.2292
6240	27.96
6250	37.96
6260	34.3959
6270	31.9643
6280	31.9566
6290	28.3717
6300	25.9188
6310	35.9188
6320	34.532
6330	26.4865
6340	19.7406
6350	20.7686
6360	30.7686
6370	28.1518
6380	24.6939
6390	26.2827
6400	27.3107
6410	37.3107
6420	34.6939
6430	31.2359
6440	30.7477
6450	40.7477
6460	34.0031
6470	25.906
6480	25.463
6490	22.963
6500	19.3418
6510	21.0544
6520	31.0544
6530	27.2929
6540	24.9076
6550	25.7333
6560	35.7333
6570	33.3479
6580	29.5865
6590	29.919
6600	27.5336
6610	23.7744
6620	33.7744
6630	31.3624
6640	27.5786
6650	26.6933
6660	24.2608
6670	20.4608
6680	30.4608
6690	28.0011
6700	24.4613
6710	26.1427
6720	36.1427
6730	32.6029
6740	30.1396
6750	29.4284
6760	25.773
6770	23.4046
6780	33.4046
6790	29.7204
6800	27.3733
6810	27.4912
6820	37.4912
6830	29.2207
6840	23.0138
6850	25.6034
6860	21.8929
6870	19.7136
6880	20.5611
6890	30.5611
6900	28.3577
6910	24.6289
6920	26.4933
6930	36.4933
6940	32.7645
6950	30.5611
6960	31.6167
6970	27.8879
6980	25.6845
6990	25
7000	35
7010	26.6949
7020	20.4237
7030	21.2712
7040	23.1371
7050	33.1371
7060	29.3949
7070	27.1449
7080	27.9782
7090	37.9782
7100	35.7519
7110	31.9258
7120	32.1277
7130	29.9789
7140	26.0946
7150	24.9587
7160	34.9587
7170	28.7603
7180	20.2479
7190	22.1488
7200	32.1488
7210	28.2645
7220	26.1323
7230	26.8101
7240	27.8997
7250	37.8997
7260	31.8341
7270	23.1456
7280	25.6594
7290	23.588
7300	19.559
7310	21.4944
7320	31.4944
7330	27.4622
7340	25.3751
7350	25.9649
7360	35.9649
7370	33.9649
7380	29.8049
7390	28.9057
7400	26.9089
7410	22.7454
7420	32.7454
7430	30.6981
7440	26.5249
7450	27.0215
7460	24.9275
7470	34.9275
7480	26.1406
7490	23.9531
7500	24.5781
7510	26.0927
7520	36.0927
7530	29.8153
7540	21.0513
7550	22.8975
7560	23.5129
7570	33.5129
7580	31.2709
7590	27.322
7600	29.2165
7610	26.9438
7620	23.0802
7630	33.0802
7640	30.8075
7650	26.9438
7660	25.9848
7670	23.7121
7680	19.8485
7690	29.8485
7700	27.5676
7710	23.6949
7720	25.486
7730	35.486
7740	31.6054
7750	29.2919
7760	30.0377
7770	31.0911
7780	41.0911
7790	34.6324
7800	26.103
7810	24.9265
7820	22.5735
7830	18.6765
7840	28.6765
7850	26.3235
7860	22.4265
7870	24.1912
7880	24.9237
7890	34.9237
7900	32.6029
7910	28.7899
7920	30.5885
7930	40.5885
7940	36.7986
7950	34.5462
7960	33.656
7970	29.9418
7980	27.7275
7990	37.7275
8000	34.717
8010	26.4832
8020	20.0881
8030	21.0101
8040	31.0101
8050	28.6697
8060	25.0687
8070	27.1519
8080	24.8839
8090	21.3628
8100	31.3628
8110	29.1092
8120	25.5727
8130	27.3148
8140	25.1298
8150	21.4935
8160	31.4935
8170	29.3256
8180	25.6987
8190	26.45
8200	36.45
8210	30.09
8220	22.0344
8230	23.84
8240	24.8246
8250	26.6153
8260	36.6153
8270	33.2591
8280	30.9304
8290	30.9543
8300	40.9543
8310	33.0706
8320	26.7161
8330	25.5102
8340	22.0408
8350	19.7959
8360	20.8163
8370	30.8163
8380	28.6266
8390	25.0455
8400	26.9374
8410	36.9374
8420	33.3513
8430	31.2864
8440	31.9719
8450	28.3719
8460	26.3719
8470	25.0667
8480	35.0667
8490	26.9333
8500	20.9333
8510	21.8667
8520	23.8667
8530	33.8667
8540	30.2667
8550	28.2667
8560	29.2
8570	39.2
8580	37.2
8590	33.6
8600	32.9338
8610	30.9629
8620	27.2869
8630	37.2869
8640	33.7086
8650	27.8146
8660	19.5359
8670	21.5741
8680	31.5741
8690	27.8486
8700	25.8878
8710	26.7375
8720	28.7675
8730	38.7675
8740	35.0985
8750	33.0206
8760	32.5285
8770	42.5285
8780	34.3221
8790	28.2623
8800	25.7474
8810	22.0054
8820	20.0054
8830	20.8442
8840	30.8442
8850	28.8954
8860	25.0493
8870	27.1006
8880	37.1006
8890	33.2544
8900	31.344
8910	31.7003
8920	27.9277
8930	26.0805
8940	25.0318
8950	35.0318
8960	26.6639
8970	20.9102
8980	21.6697
8990	23.8216
9000	33.8216
9010	29.9609
9020	28.1847
9030	28.938
9040	38.938
9050	37.1255
9060	33.2505
9070	32.602
9080	30.797
9090	26.945
9100	24.975
9110	34.975
9120	29.0744
9130	20.6893
9140	22.7401
9150	32.7402
9160	28.9998
9170	27.1096
9180	28.0321
9190	24.3126
9200	22.4236
9210	32.4236
9220	28.6943
9230	26.7666
9240	27.61
9250	28.4546
9260	38.4546
9270	32.4861
9280	24.2496
9290	24.9701
9300	22.9341
9310	19.2879
9320	29.2879
9330	27.295
9340	23.545
9350	25.5688
9360	26.4021
9370	36.4021
9380	34.452
9390	30.6507
9400	31.4859
9410	41.4859
9420	35.6279
9430	27.1664
9440	25.858
9450	23.9645
9460	20.1183
9470	22.1894
9480	32.1894
9490	28.3432
9500	26.459
9510	27.3534
9520	23.4313
9530	21.6077
9540	31.6077
9550	27.6665
9560	25.8462
9570	26.5817
9580	36.5817
9590	34.7898
9600	30.9169
9610	30.9515
9620	29.1606
9630	25.312
9640	35.312
9650	33.2475
9660	27.5657
9670	19.1566
9680	21.3123
9690	31.3123
9700	27.56
9710	25.6956
9720	26.5431
9730	28.6313
9740	38.6313
9750	34.9513
9760	33.1535
9770	32.311
9780	28.6593
9790	38.6593
9800	32.9052
9810	31.1619
9820	23.0283
9830	21.1289
9840	22.0786
9850	32.0786
9860	30.1946
9870	26.6619
9880	26.6813
9890	24.848
9900	21.348
9910	31.348
9920	29.5147
9930	26.0147
9940	28.0556
9950	26.2222
9960	36.2222
9970	28.2222
9980	26.3889
9990	26
10000	22.5
10010	20.6667
10020	30.6667
10030	27.1667
10040	25.3287
10050	26.321
10060	36.321
10070	34.4529
10080	30.9364
10090	31.548
10100	29.681
10110	26.1597
10120	25.2286
10130	35.2286
10140	29.359
10150	21.3155
10160	23.3893
10170	24.3612
10180	34.3612
10190	32.587
10200	29.0386
10210	27.7126
10220	37.7126
10230	31.9487
10240	23.9566
10250	26.2567
10260	24.385
10270	20.9091
10280	22.9947
10290	32.9947
10300	29.4601
10310	27.6516
10320	27.0839
10330	23.52
10340	21.7073
10350	31.7073
10360	28.0913
10370	26.3453
10380	27.2448
10390	37.2448
10400	35.4987
10410	31.848
10420	31.9159
10430	30.1699
10440	26.5191
10450	36.5191
10460	33.1776
10470	27.465
10480	19.3262
10490	21.4315
10500	31.4315
10510	27.8525
10520	26.0207
10530	26.9251
10540	29.0717
10550	39.0717
10560	35.4068
10570	33.6267
10580	32.2905
10590	28.5972
10600	38.5972
10610	32.9518
10620	29.2018
10630	27.0833
10640	25.3686
10650	21.585
10660	31.585
10670	29.9269
10680	26.0927
10690	25.8055
10700	24.1538
10710	20.3386
10720	30.3386
10730	28.586
10740	24.8231
10750	26.9881
10760	36.9881
10770	33.2252
10780	31.4726
10790	32.1885
10800	28.4256
10810	26.6793
10820	36.6793
10830	35.3208
10840	27.0361
10850	21.2412
10860	22.113
10870	32.113
10880	30.2422
10890	26.5918
10900	26.4407
10910	24.5019
10920	20.8794
10930	30.8794
10940	28.9548
10950	25.2852
10960	27.3665
10970	37.3665
10980	33.6609
10990	31.7827
11000	32.2495
11010	28.5716
11020	26.6263
11030	24.7475
11040	34.7475
11050	26.5657
11060	20.594
11070	21.535
11080	23.4948
11090	33.4949
11100	29.927
11110	27.8667
11120	28.8215
11130	38.8215
11140	38.8689
11150	32.6988
11160	24.6988
11170	25.3
11180	23.1481
11190	19.6422
11200	29.6422
11210	27.464
11220	23.9491
11230	25.8954
11240	23.7132
11250	20.1767
11260	30.1767
11270	28.0585
11280	24.4624
11290	26.3836
11300	36.3836
11310	32.7784
11320	30.6321
11330	31.7944
11340	28.1847
11350	26.0383
11360	36.0383
11370	32.4286
11380	31.0732
11390	24.878
11400	21.2683
11410	31.2683
11420	29.122
11430	25.5122
11440	25.8537
11450	23.7073
11460	20.0976
11470	30.0976
11480	27.965
11490	24.3101
11500	26.2519
11510	36.2519
11520	32.5626
11530	30.4752
11540	31.7233
11550	28.0339
11560	25.9466
11570	35.9466
11580	32.2572
11590	31.0194
11600	24.9107
11610	21.1846
11620	23.1653
11630	33.1653
11640	29.3972
11650	27.3682
11660	26.9098
11670	23.1416
11680	33.1416
11690	27.103
11700	23.3349
11710	25.3156
11720	26.1368
11730	36.1368
11740	34.1078
11750	30.3397
11760	31.3043
11770	29.2754
11780	39.2754
11790	30.8659
11800	28.7045
11810	22.7429
11820	18.8968
11830	20.916
11840	30.916
11850	27.0699
11860	25.0987
11870	25.8679
11880	35.8679
11890	33.8968
11900	30.0488
11910	30.5419
11920	28.5467
11930	24.6896
11940	25.1905
11950	35.1905
11960	29.1905
11970	20.7143
11980	22.7143
11990	23.4762
12000	33.4762
12010	31.4762
12020	27.619
12030	27.3333
12040	37.3333
12050	31.3333
12060	22.8571
12070	26.0476
12080	24.0476
12090	20.1905
12100	22.1905
12110	32.1905
12120	28.3333
12130	26.3333
12140	26.9048
12150	23.0476
12160	21.0476
12170	31.0476
12180	27.1905
12190	25.1905
12200	25.9524
12210	35.9524
12220	33.9903
12230	30.0566
12240	31.1618
12250	29.2187
12260	25.2807
12270	35.2807
12280	33.3204
12290	27.3167
12300	18.8262
12310	20.8073
12320	30.8073
12330	26.9567
12340	24.9623
12350	25.7604
12360	27.7792
12370	37.7792
12380	33.9764
12390	32.0046
12400	31.847
12410	28.0442
12420	38.0442
12430	32.0817
12440	28.2789
12450	26.8075
12460	24.8357
12470	21.0329
12480	31.0329
12490	29.061
12500	25.2481
12510	25.9579
12520	24.0308
12530	20.1523
12540	30.1523
12550	28.2364
12560	24.3579
12570	26.414
12580	36.414
12590	32.5355
12600	30.6196
12610	31.6355
12620	27.757
12630	25.8411
12640	24.9065
12650	34.9065
12660	26.4019
12670	20.514
12680	21.2638
12690	31.2638
12700	29.2891
12710	25.4751
12720	27.4751
12730	28.2683
12740	38.2683
12750	36.3035
12760	32.4146
12770	31.5307
12780	41.5307
12790	35.6048
12800	27.0846
12810	25.8631
12820	24.0099
12830	20.1109
12840	22.221
12850	32.221
12860	28.3219
12870	26.487
12880	27.3853
12890	23.4862
12900	21.6514
12910	31.6514
12920	27.7503
12930	25.9001
12940	26.6274
12950	36.6274
12960	34.7637
12970	30.8546
12980	30.7531
12990	28.9091
13000	24.949
13010	34.9491
13020	33.4842
13030	27.7376
13040	19.0947
13050	21.2109
13060	31.2109
13070	27.2199
13080	25.3813
13090	26.054
13100	28.1643
13110	38.1643
13120	34.2128
13130	32.2932
13140	32.6073
13150	28.6787
13160	38.6787
13170	32.7677
13180	28.9624
13190	26.7328
13200	24.7859
13210	20.9809
13220	30.9809
13230	29.017
13240	25.2013
13250	26.0194
13260	24.0457
13270	20.2393
13280	30.2393
13290	28.2935
13300	24.4071
13310	26.4595
13320	36.4595
13330	32.573
13340	30.6585
13350	31.5475
13360	27.605
13370	25.7354
13380	35.7354
13390	31.7789
13400	29.3489
13410	23.5451
13420	19.5353
13430	29.5353
13440	27.7171
13450	23.6912
13460	25.8071
13470	26.4807
13480	36.4807
13490	34.5841
13500	30.6186
13510	31.5894
13520	41.5894
13530	35.6756
13540	27.1148
13550	25.8798
13560	23.9056
13570	20
13580	22.0172
13590	32.0172
13600	28.1512
13610	26.0999
13620	27.1439
13630	23.2978
13640	21.2447
13650	31.2447
13660	27.4278
13670	25.4025
13680	26.2042
13690	36.2042
13700	34.1612
13710	30.3966
13720	30.6775
13730	28.5766
13740	24.8371
13750	34.8371
13760	33.6174
13770	27.4701
13780	19.1417
13790	21.0583
13800	31.0583
13810	27.3083
13820	25.171
13830	26.0328
13840	27.9001
13850	37.9001
13860	34.2071
13870	32.0079
13880	32.5293
13890	28.8552
13900	38.8552
13910	32.5161
13920	28.8797
13930	26.6529
13940	24.3753
13950	20.7614
13960	30.7614
13970	28.4157
13980	24.8355
13990	26.2159
14000	23.8702
14010	20.29
14020	30.29
14030	27.9443
14040	24.364
14050	26.1336
14060	36.1336
14070	32.5456
14080	30.1783
14090	30.9771
14100	27.3852
14110	25.0207
14120	35.0207
14130	31.4228
14140	29.7682
14150	23.25
14160	19.6467
14170	29.6467
14180	27.2714
14190	23.6285
14200	25.4027
14210	26.2898
14220	36.2898
14230	33.9511
14240	30.2817
14250	31.2196
14260	28.8809
14270	38.8809
14280	30.6551
14290	29.1532
14300	22.7049
14310	19.0093
14320	20.8166
14330	30.8166
14340	27.0816
14350	24.7925
14360	25.6337
14370	35.6337
14380	33.3789
14390	29.5789
14400	31.1435
14410	28.9035
14420	25.1017
14430	35.1017
14440	33.6839
14450	27.2955
14460	18.9688
14470	20.7617
14480	21.5965
14490	31.5965
14500	29.2413
14510	25.5508
14520	27.2968
14530	37.2968
14540	33.6315
14550	31.2389
14560	32.0887
14570	28.506
14580	26.1044
14590	36.1044
14600	32.5217
14610	30.8661
14620	24.3307
14630	20.748
14640	30.748
14650	28.3465
14660	24.7619
14670	26.1097
14680	23.6913
14690	20.0975
14700	30.0975
14710	27.6756
14720	24.0734
14730	25.8147
14740	35.8147
14750	32.1571
14760	29.7835
14770	31.0257
14780	27.3663
14790	24.9723
14800	34.9723
14810	31.3676
14820	29.6922
14830	23.1031
14840	19.4967
14850	21.1818
14860	31.1818
14870	27.6297
14880	25.12
14890	26.0853
14900	36.0853
14910	33.5756
14920	30.0235
14930	31.3576
14940	28.848
14950	25.2966
14960	35.2966
14970	33.718
14980	27.0206
14990	18.9363
15000	20.5838
15010	30.5838
15020	27.0039
15030	24.5038
15040	25.4199
15050	27.0993
15060	37.0993
15070	33.4733
15080	30.9971
15090	31.7789
15100	28.1926
15110	38.1926
15120	31.6147
15130	28.0406
15140	26.7989
15150	24.3843
15160	20.8479
15170	30.8479
15180	28.4615
15190	24.9388
15200	26.1745
15210	23.8053
15220	20.2391
15230	30.2391
15240	27.8994
15250	24.3145
15260	26.0881
15270	36.0881
15280	32.5373
15290	30.1312
15300	31.0705
15310	27.5374
15320	25.1262
15330	35.1262
15340	31.5814
15350	29.7439
15360	23.1767
15370	19.6286
15380	29.6286
15390	27.164
15400	23.6696
15410	25.3424
15420	26.3461
15430	36.3461
15440	33.8517
15450	30.3514
15460	31.4201
15470	28.9109
15480	38.9109
15490	30.9035
15500	29.2279
15510	22.5398
15520	19.0252
15530	20.6735
15540	30.6735
15550	27.1571
15560	24.6296
15570	25.6186
15580	35.6186
15590	33.0911
15600	29.5746
15610	31.1131
15620	28.5841
15630	25.0496
15640	25.1491
15650	35.1491
15660	28.5067
15670	20.4045
15680	22.0822
15690	23.0269
15700	33.0269
15710	30.5269
15720	26.94
15730	27.7687
15740	37.7687
15750	31.102
15760	22.9861
15770	25.9058
15780	23.4058
15790	19.8188
15800	21.4855
15810	31.4855
15820	27.9312
15830	25.3681
15840	26.3428
15850	36.3428
15860	36.4702
15870	29.6816
15880	21.6765
15890	23.2593
15900	24.2665
15910	34.2665
15920	31.6406
15930	28.1514
15940	28.9568
15950	26.3309
15960	22.8417
15970	32.8417
15980	30.2124
15990	26.7175
16000	26.156
16010	36.156
16020	29.2988
16030	21.2988
16040	22.8702
16050	23.8702
16060	25.4417
16070	35.4417
16080	31.9417
16090	29.2988
16100	30.2988
16110	40.2988
16120	37.656
16130	34.156
16140	33.4286
16150	30.7857
16160	27.2864
16170	37.2864
16180	33.796
16190	26.9233
16200	18.9091
16210	20.4694
16220	30.4694
16230	26.9841
16240	24.3146
16250	25.371
16260	26.9203
16270	36.9203
16280	33.5142
16290	30.8057
16300	31.8934
16310	41.8934
16320	41.5312
16330	34.5488
16340	26.7242
16350	25.1579
16360	22.4211
16370	19.0526
16380	29.0526
16390	26.3158
16400	22.9459
16410	24.4473
16420	34.4473
16430	31.0675
16440	28.3149
16450	28.7636
16460	25.3831
16470	22.6658
16480	32.6658
16490	29.2748
16500	26.6104
16510	27.6926
16520	24.3054
16530	21.6527
16540	31.6527
16550	28.2045
16560	25.5838
16570	26.485
16580	23.0178
16590	33.0178
16600	26.2336
16610	22.7284
16620	24.3436
16630	25.3401
16640	35.3401
16650	32.7628
16660	29.2577
16670	30.4467
16680	27.8694
16690	37.8694
16700	29.8625
16710	27.2852
16720	25.945
16730	22.4399
16740	19.8625
16750	29.8625
16760	26.3682
16770	23.757
16780	24.7844
16790	34.7844
16800	32.1475
16810	28.6886
16820	30.4473
16830	27.8276
16840	24.4023
16850	34.4023
16860	33.8567
16870	27.0648
16880	19.1802
16890	20.7777
16900	21.8286
16910	31.8286
16920	29.2184
16930	25.7947
16940	27.3879
16950	37.3879
16960	33.9642
16970	31.354
16980	32.1109
16990	28.6841
17000	26.0583
17010	24.8672
17020	34.8672
17030	27.0294
17040	20.1375
17050	21.2186
17060	31.2186
17070	28.5455
17080	25.221
17090	26.7646
17100	27.9055
17110	37.9055
17120	35.221
17130	31.9324
17140	32.0474
17150	42.0474
17160	35.1346
17170	27.4165
17180	25.9741
17190	23.3108
17200	19.9756
17210	21.5475
17220	31.5475
17230	28.203
17240	25.5588
17250	26.6573
17260	36.6573
17270	36.6657
17280	29.7886
17290	21.9813
17300	23.5412
17310	24.6328
17320	34.6328
17330	31.9596
17340	28.5932
17350	28.9905
17360	26.3153
17370	22.9651
17380	32.9651
17390	30.2349
17400	26.9125
17410	26.2846
17420	36.2846
17430	29.3109
17440	21.5477
17450	23.0609
17460	24.1793
17470	25.6929
17480	35.6929
17490	32.3636
17500	29.6185
17510	30.6838
17520	40.6838
17530	32.906
17540	25.9194
17550	25.3701
17560	21.9915
17570	19.2879
17580	20.3628
17590	30.3628
17600	27.6689
17610	24.2507
17620	25.8091
17630	35.8091
17640	32.3676
17650	29.7052
17660	31.4073
17670	27.9617
17680	25.2883
17690	24.8387
17700	34.8387
17710	26.9032
17720	19.998
17730	21.0256
17740	22.5641
17750	32.5641
17760	29.1026
17770	26.4103
17780	27.4359
17790	37.4359
17800	34.7706
17810	31.2562
17820	31.67
17830	29.0182
17840	25.5038
17850	25.1438
17860	35.1438
17870	28.2748
17880	20.2556
17890	21.8211
17900	31.8211
17910	28.3067
17920	25.655
17930	26.6454
17940	27.8275
17950	37.8275
17960	30.9585
17970	22.9393
17980	25.8786
17990	23.2268
18000	19.7125
18010	21.2785
18020	31.2785
18030	27.8184
18040	25.1518
18050	26.1994
18060	36.1994
18070	33.5327
18080	30.1041
18090	29.1186
18100	26.452
18110	23.0234
18120	33.0234
18130	30.3567
18140	26.9324
18150	27.3082
18160	24.5995
18170	34.5995
18180	26.7514
18190	24.0299
18200	25.1051
18210	26.6184
18220	36.6184
18230	33.2222
18240	30.4863
18250	28.8537
18260	25.4854
18270	35.4854
18280	28.4901
18290	25.1776
18300	26.6875
18310	23.9375
18320	20.6236
18330	30.6236
18340	27.8396
18350	24.5686
18360	26.3277
18370	23.5248
18380	20.251
18390	30.251
18400	27.4336
18410	24.1519
18420	25.607
18430	35.607
18440	32.3253
18450	29.5079
18460	30.5628
18470	27.2811
18480	24.4638
18490	34.4638
18500	31.1881
18510	28.3846
18520	26.4285
18530	23.1769
18540	33.1769
18550	26.1217
18560	22.8702
18570	24.3426
18580	25.5082
18590	35.5082
18600	32.7168
18610	29.4653
18620	30.6135
18630	27.8221
18640	37.8221
18650	30.1534
18660	27.362
18670	25.8589
18680	22.6067
18690	19.8099
18700	29.8099
18710	26.5477
18720	23.7428
18730	24.9013
18740	34.9013
18750	32.0964
18760	28.8342
18770	30.583
18780	27.7781
18790	24.5159
18800	34.5159
18810	33.8415
18820	26.7683
18830	19.0854
18840	20.5488
18850	21.7077
18860	31.7077
18870	28.9519
18880	25.6792
18890	27.1944
18900	37.1944
18910	33.9216
18920	31.1874
18930	32.0808
18940	28.8401
18950	26.0607
18960	36.0607
18970	34.7734
18980	27.1249
18990	20.1023
19000	21.2468
19010	31.2468
19020	28.5059
19030	25.2227
19040	26.9294
19050	24.1677
19060	20.9138
19070	30.9138
19080	28.121
19090	24.8778
19100	26.3492
19110	36.3492
19120	33.106
19130	30.3132
19140	30.6006
19150	27.3574
19160	24.5646
19170	34.5646
19180	31.3213
19190	28.5285
19200	26.5165
19210	23.2733
19220	20.4814
19230	30.4814
19240	27.2318
19250	24.4259
19260	25.59
19270	35.59
19280	32.7841
19290	29.5303
19300	30.4278
19310	27.6218
19320	24.3681
19330	34.3681
19340	31.5519
19350	28.3192
19360	26.3748
19370	36.3748
19380	29.2319
19390	21.6129
19400	23.0393
19410	24.2245
19420	25.6447
19430	35.6447
19440	32.4198
19450	29.55
19460	30.5184
19470	40.5184
19480	32.8852
19490	25.7255
19500	25.355
19510	22.1302
19520	19.2604
19530	20.4438
19540	30.4438
19550	27.574
19560	24.3491
19570	25.7692
19580	35.7692
19590	32.5444
19600	29.6746
19610	31.2426
19620	28.0177
19630	25.1492
19640	24.7972
19650	34.7972
19660	27.1547
19670	19.9782
19680	21.1547
19690	22.5681
19700	32.5681
19710	29.3574
19720	26.4248
19730	27.6272
19740	37.6272
19750	34.6946
19760	31.5033
19770	31.9645
19780	28.992
19790	25.8341
19800	25.2339
19810	35.2339
19820	27.9216
19830	20.3721
19840	21.7093
19850	31.7093
19860	28.5407
19870	25.5465
19880	26.7674
19890	28.1046
19900	38.1046
19910	34.936
19920	31.9418
19930	30.2952
19940	27.1266
19950	37.1266
19960	29.801
19970	26.6324
19980	26.686
19990	23.6919
20000	20.5233
20010	30.5233
20020	27.5291
20030	24.3605
20040	25.6977
20050	35.6977
20060	32.5161
20070	29.5445
20080	28.6492
20090	25.4318
20100	22.4753
20110	32.4753
20120	29.2579
20130	26.3014
20140	27.4783
20150	24.2609
20160	21.3043
20170	31.3043
20180	28.0946
20190	25.1118
20200	26.3257
20210	36.3257
20220	33.3199
20230	30.1407
20240	28.5605
20250	25.5685
20260	22.4159
20270	32.4159
20280	29.4476
20290	26.3064
20300	27.3487
20310	24.3804
20320	34.3804
20330	26.8588
20340	23.8905
20350	25.1297
20360	26.4845
20370	36.4845
20380	33.3366
20390	30.3566
20400	28.8454
20410	25.6935
20420	35.6935
20430	28.3792
20440	25.3023
20450	26.5853
20460	23.5938
20470	20.5185
20480	30.5185
20490	27.5504
20500	24.4254
20510	25.7891
20520	35.7891
20530	32.6641
20540	29.7217
20550	29.0559
20560	25.9221
20570	23.0407
20580	33.0407
20590	29.9051
20600	27.0286
20610	27.2954
20620	24.1218
20630	21.2768
20640	31.2768
20650	28.0937
20660	25.2474
20670	26.4542
20680	36.4542
20690	33.5971
20700	30.4038
20710	29.148
20720	26.2908
20730	23.0975
20740	33.0975
20750	30.2404
20760	27.0471
20770	27.1709
20780	24.3257
20790	34.3257
20800	26.6877
20810	23.8665
20820	25.0397
20830	26.491
20840	36.491
20850	33.2212
20860	30.4357
20870	29.2584
20880	25.9714
20890	35.9714
20900	28.9129
20910	25.6469
20920	26.4489
20930	23.6156
20940	20.3656
20950	30.3656
20960	27.5294
20970	24.274
20980	25.7104
20990	35.7104
21000	32.4508
21010	29.6054
21020	29.2104
21030	25.9654
21040	23.0854
21050	33.0854
21060	29.8623
21070	26.9697
21080	27.2452
21090	24.022
21100	21.1295
21110	31.1295
21120	27.9063
21130	25.0138
21140	26.1983
21150	36.1983
21160	33.2981
21170	30.0652
21180	29.061
21190	26.1577
21200	22.9222
21210	32.9222
21220	30.0067
21230	26.7642
21240	27.1162
21250	24.2007
21260	34.2007
21270	26.5136
21280	23.6332
21290	24.7745
21300	26.1875
21310	36.1875
21320	32.8904
21330	30.0286
21340	29.1464
21350	25.8131
21360	35.8131
21370	28.6857
21380	25.3584
21390	26.4041
21400	23.5199
21410	20.2226
21420	30.2226
21430	27.3307
21440	24.0382
21450	25.4221
21460	35.4221
21470	32.1606
21480	29.2226
21490	29.0909
21500	25.8265
21510	22.9024
21520	32.9024
21530	29.5959
21540	26.6927
21550	27.2057
21560	23.9023
21570	21.0083
21580	31.0083
21590	27.6571
21600	24.7884
21610	25.8876
21620	35.8876
21630	33.0419
21640	29.6462
21650	28.9151
21660	26.0809
21670	22.6863
21680	32.6863
21690	29.8459
21700	26.4417
21710	27.0298
21720	24.1841
21730	34.1841
21740	26.3117
21750	23.466
21760	24.5298
21770	25.966
21780	35.966
21790	32.5617
21800	29.716
21810	29.0691
21820	25.6649
21830	35.6649
21840	28.5372
21850	25.133
21860	26.3564
21870	23.5106
21880	20.1064
21890	30.1064
21900	27.2606
21910	23.8564
21920	25.291
21930	35.291
21940	31.9117
21950	29.0204
21960	29.0542
21970	25.6855
21980	22.7958
21990	32.7958
22000	29.4495
22010	26.513
22020	27.173
22030	23.8426
22040	20.9152
22050	30.9152
22060	27.5379
22070	24.6355
22080	25.7173
22090	35.7173
22100	32.8228
22110	29.4207
22120	28.8551
22130	25.9867
22140	22.5656
22150	32.5656
22160	29.6972
22170	26.2762
22180	27
22190	24.1316
22200	34.1316
22210	26.2368
22220	23.3796
22230	24.4282
22240	25.8941
22250	35.8941
22260	32.4648
22270	29.6637
22280	28.9897
22290	25.5459
22300	35.5459
22310	28.5113
22320	25.0387
22330	26.3969
22340	23.6285
22350	20.1527
22360	30.1527
22370	27.3735
22380	23.893
22390	25.3735
22400	35.3735
22410	31.9023
22420	29.1429
22430	28.925
22440	25.4794
22450	22.7336
22460	32.7336
22470	29.3319
22480	26.5742
22490	27.3529
22500	23.9766
22510	21.2189
22520	31.2189
22530	27.8426
22540	25.0849
22550	26.1674
22560	36.1674
22570	33.4096
22580	30.0379
22590	28.8988
22600	26.1057
22610	22.7637
22620	32.7637
22630	29.9617
22640	26.6232
22650	27.1519
22660	24.3161
22670	34.3161
22680	26.5725
22690	23.7263
22700	24.8517
22710	26.3007
22720	36.3007
22730	32.9503
22740	30.137
22750	29.0609
22760	25.7078
22770	35.7078
22780	28.6122
22790	25.2535
22800	26.4377
22810	23.6132
22820	20.2545
22830	30.2545
22840	27.43
22850	24.0712
22860	25.5216
22870	35.5216
22880	32.1628
22890	29.3384
22900	29.0331
22910	25.6743
22920	22.8499
22930	32.8499
22940	29.4892
22950	26.6585
22960	27.3026
22970	23.9355
22980	21.1001
22990	31.1001
23000	27.7397
23010	24.8812
23020	25.9923
23030	35.9923
23040	33.1135
23050	29.7802
23060	28.8434
23070	25.9646
23080	22.6313
23090	32.6313
23100	29.7525
23110	26.4191
23120	27.1212
23130	24.2532
23140	34.2532
23150	26.509
23160	23.6627
23170	24.7962
23180	26.2323
23190	36.2323
23200	32.9272
23210	30.07
23220	29.1914
23230	25.8831
23240	35.8831
23250	28.7403
23260	25.432
23270	26.391
23280	23.5338
23290	20.2256
23300	30.2256
23310	27.3684
23320	24.0602
23330	25.4887
23340	35.4887
23350	32.1805
23360	29.3162
23370	29.1683
23380	25.8878
23390	22.9878
23400	32.9878
23410	29.7128
23420	26.8114
23430	27.2028
23440	23.9209
23450	21.0105
23460	31.0105
23470	27.7269
23480	24.8196
23490	25.946
23500	35.946
23510	33.0675
23520	29.7425
23530	28.9896
23540	26.1091
23550	22.7928
23560	32.7928
23570	29.9463
23580	26.6542
23590	27.0069
23600	24.1604
23610	34.1604
23620	26.4376
23630	23.5911
23640	24.7297
23650	26.1657
23660	36.1657
23670	32.8683
23680	30.0112
23690	29.3289
23700	26.0284
23710	36.0284
23720	28.8758
23730	25.5938
23740	26.3428
23750	23.4436
23760	20.1757
23770	30.1757
23780	27.2741
23790	24.0015
23800	25.3951
23810	35.3951
23820	32.1188
23830	29.2093
23840	29.2767
23850	25.9841
23860	23.0977
23870	33.0977
23880	29.7806
23890	26.9026
23900	27.1221
23910	23.8169
23920	20.9097
23930	30.9097
23940	27.625
23950	24.7053
23960	25.8489
23970	35.8489
23980	32.9015
23990	29.6491
24000	29.1351
24010	26.1718
24020	22.9279
24030	32.9279
24040	29.9982
24050	26.7778
24060	26.9511
24070	24.0213
24080	34.0213
24090	26.4366
24100	23.4969
24110	24.7258
24120	26.0993
24130	36.0993
24140	32.9553
24150	30.0103
24160	29.3058
24170	26.2123
24180	36.2123
24190	28.9461
24200	25.8578
24210	26.4823
24220	23.5585
24230	20.4963
24240	30.4963
24250	27.5776
24260	24.51
24270	25.9119
24280	35.9119
24290	32.8093
24300	29.9215
24310	29.2431
24320	26.1426
24330	23.2384
24340	33.2384
24350	30.167
24360	27.2384
24370	27.3109
24380	24.2421
24390	21.3218
24400	31.3218
24410	28.2101
24420	25.3123
24430	26.5712
24440	36.5712
24450	33.6733
24460	30.5617
24470	29.1467
24480	26.2488
24490	23.1372
24500	33.1372
24510	30.2393
24520	27.1277
24530	27.2447
24540	24.3468
24550	34.3468
24560	26.8553
24570	23.9747
24580	25.207
24590	26.6288
24600	36.6288
24610	33.4771
24620	30.6098
24630	29.2214
24640	26.0697
24650	36.0697
24660	28.9133
24670	25.7617
24680	26.5125
24690	23.6694
24700	20.5633
24710	30.5633
24720	27.7567
24730	24.667
24740	26.128
24750	36.128
24760	33.0599
24770	30.2128
24780	29.35
24790	26.2912
24800	23.4431
24810	33.4431
24820	30.4037
24830	27.5868
24840	27.3275
24850	24.302
24860	21.4931
24870	31.4931
24880	28.4252
24890	25.6383
24900	26.9105
24910	23.8426
24920	33.8426
24930	26.8133
24940	23.7059
24950	25.2012
24960	26.4629
24970	36.4629
24980	33.7156
24990	30.6358
25000	30.1115
25010	27.4032
25020	37.4032
25030	29.9958
25040	27.2857
25050	26.2997
25060	23.2366
25070	20.5177
25080	30.5177
25090	27.4532
25100	24.7382
25110	26.0104
25120	36.0104
25130	33.3207
25140	30.2173
25150	30.1917
25160	27.502
25170	24.3986
25180	34.3986
25190	34.0919
25200	27.1724
25210	19.7011
25220	21.2414
25230	22.5057
25240	32.5057
25250	29.8161
25260	26.7126
25270	28.2529
25280	38.2529
25290	35.1436
25300	32.4434
25310	31.7889
25320	28.6768
25330	25.978
25340	24.9554
25350	34.9554
25360	27.5243
25370	20.5767
25380	21.8751
25390	31.8751
25400	29.1644
25410	26.112
25420	27.6382
25430	28.9366
25440	38.9366
25450	36.2259
25460	33.1765
25470	32.6017
25480	29.8609
25490	39.8609
25500	32.4973
25510	29.7273
25520	22.7247
25530	19.7137
25540	21.1877
25550	31.1877
25560	28.1945
25570	25.4054
25580	26.7429
25590	36.7429
25600	33.9468
25610	30.9446
25620	31.0856
25630	28.2865
25640	25.2833
25650	35.2833
25660	34.088
25670	26.9851
25680	19.6878
25690	21.1292
25700	22.4806
25710	32.4806
25720	29.6427
25730	26.6698
25740	28.1112
25750	38.1112
25760	35.1361
25770	32.2928
25780	31.8471
25790	28.8651
25800	26.0175
25810	24.8879
25820	34.8879
25830	27.5785
25840	20.4484
25850	21.7937
25860	31.7937
25870	28.9462
25880	25.9641
25890	27.3991
25900	28.7444
25910	38.7444
25920	35.8969
25930	32.9148
25940	32.5112
25950	29.6509
25960	39.6509
25970	32.3705
25980	29.7987
25990	22.6175
26000	19.6644
26010	21.0707
26020	31.0707
26030	28.1085
26040	25.2132
26050	26.5718
26060	36.5718
26070	33.6841
26080	30.6993
26090	30.9977
26100	28.1311
26110	25.1311
26120	35.1311
26130	34.1111
26140	26.9556
26150	19.6222
26160	21.0444
26170	22.3781
26180	32.3781
26190	29.5475
26200	26.5386
26210	27.9988
26220	37.9988
26230	34.9899
26240	32.1789
26250	31.7197
26260	28.7038
26270	25.8844
26280	24.9339
26290	34.9339
26300	27.5771
26310	20.4846
26320	21.8062
26330	31.8062
26340	28.9868
26350	25.9692
26360	27.4248
26370	28.7314
26380	38.7314
26390	35.9402
26400	32.8853
26410	32.3202
26420	29.5257
26430	39.5257
26440	32.1106
26450	29.7812
26460	22.7133
26470	19.6499
26480	21.116
26490	31.116
26500	28.0525
26510	25.2516
26520	26.5427
26530	36.5427
26540	33.7492
26550	30.7029
26560	30.8601
26570	28.0872
26580	25.0522
26590	35.0522
26600	34.083
26610	27.0524
26620	19.6725
26630	21.1572
26640	22.4672
26650	32.4672
26660	29.6868
26670	26.667
26680	28.1267
26690	38.1267
26700	35.1202
26710	32.3097
26720	31.8388
26730	28.8323
26740	26.0218
26750	24.902
26760	34.902
26770	27.5599
26780	20.4756
26790	21.8168
26800	31.8168
26810	28.969
26820	25.9907
26830	27.4255
26840	28.7745
26850	38.7745
26860	35.9444
26870	32.9292
26880	32.4918
26890	29.6719
26900	39.6719
26910	32.3371
26920	29.785
26930	22.6421
26940	19.6551
26950	21.0837
26960	31.0837
26970	28.0966
26980	25.2395
26990	26.5815
27000	36.5815
27010	33.7244
27020	30.7373
27030	30.9957
27040	28.1385
27050	25.1515
27060	35.1515
27070	34.1126
27080	26.9648
27090	19.6618
27100	21.0657
27110	22.4264
27120	32.4264
27130	29.5322
27140	26.5761
27150	27.964
27160	37.964
27170	35.033
27180	32.1019
27190	31.7357
27200	28.8047
27210	25.8736
27220	24.8707
27230	34.8707
27240	27.6293
27250	20.3879
27260	21.7682
27270	31.7682
27280	28.8114
27290	25.9082
27300	27.2631
27310	28.66
27320	38.66
27330	35.6691
27340	32.7935
27350	32.4668
27360	29.4625
27370	39.4625
27380	32.3015
27390	29.8803
27400	22.5085
27410	19.6606
27420	20.9668
27430	30.9668
27440	28.1188
27450	25.0781
27460	26.5128
27470	36.5128
27480	33.4721
27490	30.6242
27500	30.9813
27510	27.9629
27520	25.1551
27530	35.1551
27540	34.1578
27550	26.8443
27560	19.7868
27570	21.1301
27580	22.6013
27590	32.6013
27600	29.6162
27610	26.823
27620	28.1663
27630	38.1663
27640	35.3913
27650	32.4338
27660	31.8638
27670	29.0978
27680	26.1404
27690	24.8085
27700	34.8085
27710	27.7872
27720	20.5106
27730	22
27740	32
27750	29.0426
27760	26.2766
27770	27.6383
27780	29.1277
27790	39.1277
27800	36.1702
27810	33.4043
27820	32.8511
27830	29.8936
27840	39.8936
27850	32.8723
27860	29.8519
27870	22.589
27880	19.7926
27890	21.1726
27900	31.1726
27910	28.3701
27920	25.439
27930	26.8996
27940	36.8996
27950	33.9609
27960	31.1491
27970	31.2866
27980	28.3479
27990	25.5361
28000	35.5361
28010	34.1015
28020	26.8499
28030	19.7674
28040	21.1453
28050	22.6004
28060	32.6004
28070	29.7162
28080	26.8951
28090	28.3056
28100	38.3056
28110	35.5025
28120	32.6454
28130	32.106
28140	29.3119
28150	26.4547
28160	24.8319
28170	34.8319
28180	27.7731
28190	20.6303
28200	22.1008
28210	32.1008
28220	29.2509
28230	26.4351
28240	27.8817
28250	29.3282
28260	39.3282
28270	36.498
28280	33.6642
28290	32.9208
28300	30.1111
28310	40.1111
28320	32.9563
28330	29.7699
28340	22.6987
28350	19.8326
28360	21.2971
28370	31.2971
28380	28.431
28390	25.6276
28400	27.0502
28410	37.0502
28420	34.2469
28430	31.3808
28440	31.3389
28450	28.5356
28460	25.6695
28470	35.6695
28480	34.0586
28490	26.9874
28500	19.8326
28510	21.2971
28520	22.7197
28530	32.7197
28540	29.9163
28550	27.0502
28560	28.5146
28570	38.5146
28580	35.6548
28590	32.8311
28600	32.1236
28610	29.2843
28620	26.4451
28630	24.8428
28640	34.8428
28650	27.7047
28660	20.6089
28670	22.0256
28680	32.0256
28690	29.2131
28700	26.3425
28710	27.783
28720	29.2175
28730	39.2175
28740	36.3693
28750	33.521
28760	32.8587
28770	30.0104
28780	40.0104
28790	32.8794
28800	29.7921
28810	22.6611
28820	19.8129
28830	21.2563
28840	31.2563
28850	28.3725
28860	25.5509
28870	26.9617
28880	36.9617
28890	34.1401
28900	31.2563
28910	31.2895
28920	28.4679
28930	25.5841
28940	35.5841
28950	34.0664
28960	26.971
28970	19.7925
28980	21.2448
28990	22.6547
29000	32.6547
29010	29.8106
29020	26.9535
29030	28.382
29040	38.382
29050	35.5249
29060	32.6678
29070	32.0562
29080	29.1991
29090	26.3419
29100	24.8447
29110	34.8447
29120	27.6948
29130	20.5661
29140	21.971
29150	31.971
29160	29.1405
29170	26.2479
29180	27.696
29190	29.0868
29200	39.0868
29210	36.2827
29220	33.3548
29230	32.7774
29240	29.979
29250	39.979
29260	32.7599
29270	29.7131
29280	22.6639
29290	19.7541
29300	21.2295
29310	31.2295
29320	28.3197
29330	25.5328
29340	26.9262
29350	36.9262
29360	34.1463
29370	31.2155
29380	31.3832
29390	28.6225
29400	25.6777
29410	35.6777
29420	34.0093
29430	27.0097
29440	19.7187
29450	21.2289
29460	22.5758
29470	32.5758
29480	29.8411
29490	26.8615
29500	28.3718
29510	38.3718
29520	35.3922
29530	32.6575
29540	32.2042
29550	29.2343
29560	26.475
29570	24.8472
29580	34.8472
29590	27.5764
29600	20.5464
29610	21.9224
29620	31.9224
29630	29.1175
29640	26.1907
29650	27.6541
29660	29.0356
29670	39.0356
29680	36.2415
29690	33.3324
29700	32.9337
29710	30.1458
29720	40.1458
29730	32.9281
29740	29.6807
29750	22.6988
29760	19.7813
29770	21.2903
29780	31.2903
29790	28.3673
29800	25.6218
29810	27.0045
29820	37.0045
29830	34.259
29840	31.3375
29850	31.3885
29860	28.6643
29870	25.7643
29880	35.7643
29890	34.04
29900	27.0834
29910	19.8954
29920	21.4323
29930	22.8495
29940	32.8495
29950	30.1549
29960	27.2772
29970	28.8251
29980	38.8251
29990	35.9167
30000	33.2474
30010	32.3901
30020	29.484
30030	26.8213
30040	24.8724
30050	34.8724
30060	27.6159
30070	20.7571
30080	22.1297
30090	32.1297
30100	29.4615
30110	26.5448
30120	28.0924
30130	29.4813
30140	39.4813
30150	36.8027
30160	33.8861
30170	33.0816
30180	30.403
30190	40.403
30200	33.1808
30210	29.6825
30220	22.7778
30230	19.8611
30240	21.4087
30250	31.4087
30260	28.498
30270	25.8337
30280	27.2396
30290	37.2396
30300	34.5862
30310	31.6951
30320	31.585
30330	28.9315
30340	26.0404
30350	36.0404
30360	33.9406
30370	27.0693
30380	19.8789
30390	21.4533
30400	22.8367
30410	32.8367
30420	30.2082
30430	27.2833
30440	28.8644
30450	38.8644
30460	35.9395
30470	33.311
30480	32.5523
30490	29.6274
30500	26.9989
30510	24.8419
30520	34.8419
30530	27.6087
30540	20.7708
30550	22.1542
30560	32.1542
30570	29.5323
30580	26.5872
30590	28.1849
30600	29.5458
30610	39.5458
30620	36.9522
30630	33.9893
30640	33.2555
30650	30.7015
30660	40.7015
30670	33.4127
30680	29.5497
30690	22.8063
30700	19.833
30710	21.4573
30720	31.4573
30730	28.4827
30740	25.9191
30750	27.2694
30760	37.2694
30770	34.7058
30780	31.7313
30790	31.7417
30800	29.1797
30810	26.1919
30820	36.1919
30830	33.8682
30840	27.1495
30850	19.8057
30860	21.4464
30870	22.7745
30880	32.7745
30890	30.2354
30900	27.2276
30910	28.8682
30920	38.8682
30930	35.8604
30940	33.3214
30950	32.6953
30960	29.6875
30970	27.1484
30980	24.8438
30990	34.8438
31000	27.5
31010	20.7812
31020	22.1094
31030	32.1094
31040	29.5678
31050	26.5553
31060	28.1895
31070	29.5125
31080	39.5125
31090	36.9639
31100	33.9483
31110	33.3091
31120	43.3091
31130	36.5776
31140	29.2235
31150	25.9728
31160	23.4241
31170	20.4086
31180	22.0428
31190	32.0428
31200	29.0272
31210	26.4786
31220	27.4888
31230	24.4797
31240	21.9414
31250	31.9414
31260	28.9433
31270	26.4095
31280	27.7441
31290	37.7441
31300	35.2102
31310	32.2122
31320	31.0058
31330	28.472
31340	25.4761
31350	35.4761
31360	33.8349
31370	27.1456
31380	19.7711
31390	21.4314
31400	31.4314
31410	28.4005
31420	25.8908
31430	27.2036
31440	28.8638
31450	38.8638
31460	35.8264
31470	33.3296
31480	32.8281
31490	42.8281
31500	35.41
31510	28.7626
31520	25.4825
31530	22.4315
31540	19.9659
31550	21.2736
31560	31.2736
31570	28.8121
31580	25.7736
31590	27.466
31600	37.4659
31610	34.4275
31620	31.9659
31630	32.1538
31640	29.1154
31650	26.6538
31660	24.8077
31670	34.8077
31680	27.4231
31690	20.8077
31700	22.1154
31710	23.8077
31720	33.8077
31730	30.7692
31740	28.3077
31750	29.6154
31760	39.6154
31770	37.1474
31780	34.1589
31790	33.0952
31800	30.6239
31810	27.6354
31820	25.2299
31830	35.2299
31840	28.6015
31850	21.2835
31860	22.9693
31870	32.9693
31880	29.9788
31890	27.5017
31900	28.0282
31910	25.032
31920	22.5511
31930	32.5511
31940	29.5664
31950	27.0801
31960	27.9385
31970	24.9918
31980	22.5013
31990	32.5013
32000	29.5545
32010	27.064
32020	26.7871
32030	23.8403
32040	33.8403
32050	27.1863
32060	24.2382
32070	25.9065
32080	27.2701
32090	37.2701
32100	34.7701
32110	31.8156
32120	31.1856
32130	28.6903
32140	38.6903
32150	31.4343
32160	29.5104
32170	22.8625
32180	19.9247
32190	21.5976
32200	31.5976
32210	28.652
32220	26.1567
32230	27.5263
32240	37.5263
32250	35.0285
32260	32.0783
32270	31.9388
32280	29.4341
32290	26.48
32300	36.48
32310	33.834
32320	27.1295
32330	19.8907
32340	21.5325
32350	22.9131
32360	32.9131
32370	30.3758
32380	27.4467
32390	29.0885
32400	39.0885
32410	36.1594
32420	33.622
32430	32.8731
32440	29.944
32450	27.4067
32460	24.8134
32470	34.8134
32480	27.5794
32490	20.8457
32500	22.2423
32510	32.2423
32520	29.6725
32530	26.7675
32540	28.3891
32550	29.7731
32560	39.7731
32570	37.2266
32580	34.2898
32590	33.4019
32600	43.4019
32610	36.6732
32620	29.4242
32630	26.0223
32640	23.4758
32650	20.539
32660	22.1747
32670	32.1747
32680	29.2168
32690	26.6936
32700	27.4991
32710	24.5306
32720	22.0096
32730	32.0096
32740	29.0555
32750	26.5
32760	27.8182
32770	37.8182
32780	30.5516
32790	23.824
32800	25.4914
32810	22.5155
32820	19.9831
32830	21.3325
32840	31.3325
32850	28.8155
32860	25.8082
32870	27.4687
32880	37.4687
32890	34.4613
32900	31.9467
32910	31.9752
32920	28.9878
32930	26.4464
32940	24.825
32950	34.825
32960	27.5065
32970	20.7977
32980	22.1212
32990	23.7756
33000	33.7756
33010	30.7609
33020	28.2448
33030	29.5548
33040	39.5548
33050	37.0594
33060	34.0135
33070	33.2659
33080	30.7711
33090	27.7234
33100	25.159
33110	35.159
33120	28.4863
33130	21.0822
33140	22.7466
33150	32.7466
33160	29.7103
33170	27.2285
33180	28.1069
33190	25.0777
33200	22.5959
33210	32.5959
33220	29.5667
33230	27.085
33240	27.8832
33250	24.8524
33260	22.3622
33270	32.3622
33280	29.3567
33290	26.843
33300	26.7774
33310	23.7719
33320	33.7719
33330	27.1022
33340	24.1204
33350	25.7931
33360	27.1386
33370	37.1386
33380	34.6477
33390	31.6659
33400	31.0197
33410	28.5288
33420	38.5288
33430	31.2197
33440	29.5091
33450	22.8545
33460	19.8727
33470	21.5455
33480	31.5455
33490	28.5636
33500	26.0727
33510	27.4182
33520	37.4182
33530	34.9273
33540	31.9455
33550	31.8545
33560	29.3615
33570	26.3891
33580	36.3891
33590	33.8485
33600	27.1516
33610	19.8739
33620	21.5234
33630	22.8939
33640	32.8939
33650	30.3396
33660	27.4048
33670	29.0352
33680	39.0352
33690	36.0799
33700	33.5482
33710	32.8192
33720	29.8535
33730	27.3261
33740	24.8333
33750	34.8333
33760	27.5661
33770	20.8152
33780	22.187
33790	32.187
33800	29.6299
33810	26.6692
33820	28.3088
33830	29.6602
33840	39.6602
33850	37.1196
33860	34.149
33870	33.3684
33880	43.3684
33890	36.6131
33900	29.3469
33910	26.0072
33920	23.43
33930	20.492
33940	22.0899
33950	32.0899
33960	29.1635
33970	26.5602
33980	27.4692
33990	24.5428
34000	21.9396
34010	31.9396
34020	29.0132
34030	26.4099
34040	27.7738
34050	37.7738
34060	30.5386
34070	23.7343
34080	25.4758
34090	22.5494
34100	19.9461
34110	21.3285
34120	31.3285
34130	28.7253
34140	25.7989
34150	27.3968
34160	37.3968
34170	34.4746
34180	31.8797
34190	31.8756
34200	28.9649
34210	26.3733
34220	24.8381
34230	34.8381
34240	27.5964
34250	20.8406
34260	22.2131
34270	23.8363
34280	33.8363
34290	30.9097
34300	28.3118
34310	29.6997
34320	39.6997
34330	37.1018
34340	34.1827
34350	33.3302
34360	30.7681
34370	27.8425
34380	37.8425
34390	33.9362
34400	27.1977
34410	19.9605
34420	21.5859
34430	31.5859
34440	28.6531
34450	26.0912
34460	27.4693
34470	29.0948
34480	39.0948
34490	36.1619
34500	33.6001
34510	32.5639
34520	42.5639
34530	35.3152
34540	28.5575
34550	25.5634
34560	22.6232
34570	20.0528
34580	21.4261
34590	31.4261
34600	28.8352
34610	25.9178
34620	27.5171
34630	37.5171
34640	34.6058
34650	31.9864
34660	31.7001
34670	28.8054
34680	26.1738
34690	24.8597
34700	34.8596
34710	27.6667
34720	20.8246
34730	22.2281
34740	23.807
34750	33.807
34760	30.9168
34770	28.269
34780	29.6876
34790	39.6876
34800	37.0256
34810	34.1534
34820	33.2141
34830	30.541
34840	27.6846
34850	37.6846
34860	33.986
34870	27.0629
34880	19.9301
34890	21.4685
34900	31.4685
34910	28.6189
34920	25.9266
34930	27.3601
34940	28.8979
34950	38.8979
34960	36.0293
34970	33.3591
34980	32.4547
34990	42.4547
35000	35.2819
35010	28.3883
35020	25.5323
35030	22.6527
35040	19.9825
35050	21.3962
35060	31.3962
35070	28.7059
35080	25.8487
35090	27.3818
35100	37.3818
35110	34.5247
35120	31.823
35130	31.6266
35140	28.7633
35150	26.0549
35160	24.8438
35170	34.8438
35180	27.691
35190	20.7465
35200	22.1701
35210	23.6979
35220	33.6979
35230	30.8333
35240	28.1242
35250	29.5446
35260	39.5446
35270	36.8284
35280	33.9564
35290	33.1355
35300	30.4189
35310	27.5443
35320	37.5443
35330	34.0021
35340	27.0366
35350	19.8642
35360	21.3804
35370	31.3804
35380	28.5166
35390	25.7627
35400	27.1913
35410	28.6887
35420	38.6887
35430	35.8316
35440	33.0777
35450	32.3275
35460	42.3275
35470	35.1847
35480	28.1795
35490	25.5077
35500	22.6506
35510	19.8967
35520	21.3253
35530	31.3253
35540	28.5765
35550	25.7027
35560	27.2147
35570	37.2147
35580	34.3281
35590	31.5962
35600	31.5353
35610	28.6575
35620	25.9039
35630	24.8371
35640	34.8371
35650	27.6844
35660	20.665
35670	22.099
35680	23.5716
35690	33.5716
35700	30.7291
35710	27.938
35720	29.3764
35730	39.3764
35740	36.5853
35750	33.7428
35760	33.0515
35770	30.2604
35780	27.4198
35790	37.4198
35800	34.0284
35810	26.994
35820	19.8316
35830	21.3187
35840	31.3188
35850	28.4392
35860	25.683
35870	27.0823
35880	28.584
35890	38.584
35900	35.6874
35910	32.9243
35920	32.2669
35930	42.2669
35940	35.0949
35950	28.0591
35960	25.5026
35970	22.6235
35980	19.8467
35990	21.2606
36000	31.2606
