10	8.4
20	3.53
30	3.53
40	3.53
50	3.53
60	3.53
70	5.44667
80	10.0633
90	12.805
100	14.38
110	15.4467
120	13.8633
130	12.9217
140	15.5533
150	17.5483
160	15.715
170	18.115
180	19.55
190	17.6567
200	18.0205
210	22.8306
220	23.56
230	23.0072
240	22.647
250	20.9876
260	22.7382
270	24.9299
280	23.1229
290	26.0229
300	24.3955
310	24.2043
320	26.9027
330	24.2026
340	24.1458
350	24.2109
360	26.1676
370	25.2917
380	25.5069
390	26.1206
400	24.6602
410	26.0494
420	26.2159
430	26.2095
440	25.2262
450	24.7148
460	26.4149
470	26.3332
480	25.9336
490	26.1452
500	28.2377
510	26.0782
520	28.0385
530	27.2409
540	27.4115
550	27.4823
560	25.8847
570	27.6994
580	27.4424
590	28.2745
600	27.5614
610	27.6786
620	26.4468
630	27.8484
640	29.071
650	31.0719
660	28.6722
670	27.1513
680	26.7632
690	25.0476
700	27.7366
710	27.7303
720	29.1369
730	31.8357
740	28.1997
750	27.4832
760	26.3353
770	26.6147
780	29.4241
790	28.8413
800	28.8656
810	28.2652
820	29.9763
830	27.5423
840	27.735
850	27.9458
860	27.4956
870	27.0646
880	27.9835
890	31.2146
900	31.1005
910	28.635
920	27.7797
930	28.6207
940	27.677
950	29.267
960	28.473
970	27.2638
980	27.3625
990	27.5142
1000	29.0536
1010	28.3013
1020	27.6021
1030	27.9782
1040	28.126
1050	28.5875
1060	29.2362
1070	28.3846
1080	30.2936
1090	28.3754
1100	26.8144
1110	27.7448
1120	26.9298
1130	29.8541
1140	28.1702
1150	29.8873
1160	29.3046
1170	28.6331
1180	28.2093
1190	27.1507
1200	28.7648
1210	28.1515
1220	31.3592
1230	29.2707
1240	27.08
1250	26.7644
1260	30.4241
1270	30.828
1280	28.6118
1290	28.3272
1300	28.6181
1310	30.0779
1320	30.7636
1330	28.4418
1340	26.4685
1350	26.0936
1360	28.6553
1370	32.7286
1380	29.8903
1390	29.7399
1400	27.8582
1410	27.5708
1420	28.372
1430	28.7237
1440	28.298
1450	27.826
1460	27.2499
1470	28.2211
1480	27.9721
1490	27.8686
1500	29.1625
1510	28.2597
1520	31.0713
1530	29.418
1540	27.7301
1550	28.5896
1560	27.9945
1570	31.391
1580	29.1436
1590	27.808
1600	28.7579
1610	27.6147
1620	29.1543
1630	27.8456
1640	27.5083
1650	26.5722
1660	28.4424
1670	30.934
1680	29.3799
1690	27.7673
1700	27.2276
1710	29.3302
1720	30.5493
1730	29.2428
1740	30.2244
1750	28.9779
1760	28.9817
1770	29.2327
1780	28.8817
1790	28.2215
1800	27.6463
1810	28.6961
1820	29.634
1830	29.857
1840	29.1066
1850	28.0378
1860	29.4559
1870	29.6422
1880	28.2043
1890	28.3948
1900	27.4495
1910	30.5663
1920	30.7062
1930	31.266
1940	29.3255
1950	27.0873
1960	27.0887
1970	28.4321
1980	29.2804
1990	27.1427
2000	27.0678
2010	28.0726
2020	29.3461
2030	29.0196
2040	28.1706
2050	28.2198
2060	30.0019
2070	29.9838
2080	29.5174
2090	27.1962
2100	26.1882
2110	26.7467
2120	27.7838
2130	28.8023
2140	28.0673
2150	29.0912
2160	27.2185
2170	27.9773
2180	28.6614
2190	27.3005
2200	28.0658
2210	26.9825
2220	29.4437
2230	29.8601
2240	27.5945
2250	27.4346
2260	26.6088
2270	28.5079
2280	28.6944
2290	28.0398
2300	28.5429
2310	28.2343
2320	27.5468
2330	28.7856
2340	27.2944
2350	28.9572
2360	27.3531
2370	27.5952
2380	30.9152
2390	28.6187
2400	27.8793
2410	26.3252
2420	26.1702
2430	27.2561
2440	26.2026
2450	28.5674
2460	28.0196
2470	27.6158
2480	29.7398
2490	28.9073
2500	29.6092
2510	27.2536
2520	26.5059
2530	29.3141
2540	28.9922
2550	30.9769
2560	27.3395
2570	26.1122
2580	27.2885
2590	26.3787
2600	27.5963
2610	27.3819
2620	26.8005
2630	29.0983
2640	28.4222
2650	29.7738
2660	27.5231
2670	26.8679
2680	27.4848
2690	27.6852
2700	26.6918
2710	25.574
2720	26.1873
2730	29.441
2740	30.2176
2750	29.1392
2760	27.1367
2770	25.7706
2780	27.8887
2790	27.7974
2800	28.5818
2810	26.5927
2820	26.9234
2830	29.1335
2840	28.6879
2850	29.7274
2860	27.6783
2870	27.5076
2880	28.9889
2890	27.7564
2900	26.98
2910	25.8683
2920	26.2284
2930	29.7691
2940	29.1102
2950	27.6927
2960	27.1169
2970	26.1839
2980	29.6296
2990	28.3558
3000	28.4263
3010	26.8941
3020	26.3267
3030	30.2084
3040	28.5081
3050	29.4977
3060	27.2812
3070	27.404
3080	30.7337
3090	30.3836
3100	30.1726
3110	27.6154
3120	25.7873
3130	29.2105
3140	28.7083
3150	28.0215
3160	27.6972
3170	27.5203
3180	31.293
3190	30.1861
3200	28.6585
3210	26.6351
3220	27.8144
3230	30.5931
3240	30.1166
3250	28.5462
3260	26.4088
3270	28.0149
3280	29.5477
3290	29.8032
3300	29.0398
3310	27.1708
3320	26.8342
3330	29.8101
3340	29.106
3350	28.5173
3360	26.2745
3370	26.1012
3380	28.8459
3390	28.6013
3400	28.3586
3410	26.253
3420	25.9665
3430	29.0626
3440	29.3884
3450	28.5095
3460	26.9838
3470	26.1109
3480	28.5903
3490	28.5911
3500	27.1747
3510	27.3807
3520	27.1463
3530	30.1802
3540	31.8544
3550	29.7403
3560	28.2919
3570	27.0618
3580	29.8382
3590	31.2305
3600	28.9765
3610	27.6165
3620	27.8022
3630	29.6331
3640	29.2742
3650	27.7569
3660	27.8157
3670	26.9129
3680	30.0547
3690	30.6199
3700	29.3524
3710	28.884
3720	27.1055
3730	28.8766
3740	28.5541
3750	28.444
3760	29.8724
3770	28.0277
3780	28.9551
3790	28.3533
3800	28.3561
3810	30.629
3820	28.1898
3830	28.958
3840	28.8417
3850	27.325
3860	29.9381
3870	27.517
3880	29.2026
3890	28.6735
3900	29.3913
3910	31.7603
3920	28.8846
3930	29.2826
3940	28.5353
3950	28.3185
3960	31.8434
3970	29.0296
3980	29.7428
3990	28.944
4000	27.3825
4010	30.9756
4020	29.511
4030	30.314
4040	29.2011
4050	27.335
4060	30.2308
4070	29.0136
4080	29.0831
4090	27.9497
4100	26.585
4110	31.1049
4120	29.1158
4130	28.6585
4140	27.7399
4150	26.2855
4160	30.2319
4170	29.6492
4180	29.6664
4190	29.0348
4200	27.3401
4210	29.7391
4220	29.7164
4230	29.2231
4240	28.6636
4250	27.1337
4260	29.1685
4270	27.0686
4280	27.5053
4290	28.4113
4300	27.2143
4310	29.5126
4320	29.6133
4330	29.0705
4340	29.7239
4350	27.4061
4360	29.5057
4370	28.3743
4380	29.2124
4390	29.9728
4400	27.9099
4410	29.6372
4420	28.4479
4430	29.3998
4440	29.8182
4450	27.2359
4460	29.6493
4470	28.7992
4480	28.5858
4490	28.983
4500	26.8672
4510	29.5097
4520	28.8728
4530	29.0582
4540	29.9547
4550	27.8349
4560	28.7879
4570	27.7686
4580	27.78
4590	30.7943
4600	28.542
4610	30.5769
4620	29.5309
4630	28.4603
4640	30.9445
4650	27.9478
4660	30.3807
4670	29.5921
4680	28.693
4690	29.7973
4700	27.5345
4710	29.9364
4720	29.3036
4730	28.4213
4740	30.8644
4750	28.5241
4760	30.799
4770	29.3618
4780	28.256
4790	29.8817
4800	28.5878
4810	30.7734
4820	29.8926
4830	28.6967
4840	29.9051
4850	28.4956
4860	30.5825
4870	29.5547
4880	28.6875
4890	30.0228
4900	27.7639
4910	30.0039
4920	29.0097
4930	28.292
4940	30.0146
4950	28.6844
4960	31.0362
4970	29.713
4980	28.6513
4990	29.7021
5000	27.7291
5010	30.9472
5020	29.9171
5030	29.0434
5040	30.233
5050	27.6404
5060	30.9965
5070	29.5345
5080	28.8984
5090	30.1424
5100	27.9388
5110	30.013
5120	29.0872
5130	28.3555
5140	29.8607
5150	27.8081
5160	31.095
5170	29.9892
5180	29.1395
5190	29.9956
5200	27.5708
5210	30.0476
5220	30.0267
5230	29.2133
5240	30.5298
5250	27.9771
5260	30.141
5270	29.9667
5280	29.0226
5290	30.1971
5300	28.0433
5310	30.2243
5320	29.1553
5330	28.4751
5340	29.7678
5350	27.552
5360	30.2512
5370	30.1326
5380	29.5669
5390	30.4362
5400	27.7738
5410	29.8483
5420	29.2109
5430	29.5494
5440	30.6822
5450	28.1549
5460	30.2809
5470	29.0959
5480	29.5726
5490	30.3442
5500	28.0771
5510	30.3231
5520	29.3161
5530	29.6555
5540	30.3428
5550	27.9607
5560	29.2863
5570	28.6555
5580	28.15
5590	29.5138
5600	27.6284
5610	28.9077
5620	28.7571
5630	29.2069
5640	30.1913
5650	28.0198
5660	29.1016
5670	28.7955
5680	29.1038
5690	30.0533
5700	28.2234
5710	29.1675
5720	28.7274
5730	28.9307
5740	30.1996
5750	28.2392
5760	29.1683
5770	28.6788
5780	29.1616
5790	30.3182
5800	27.9352
5810	28.9975
5820	28.8731
5830	29.1762
5840	30.2992
5850	27.7737
5860	29.1714
5870	28.887
5880	29.0715
5890	30.2064
5900	27.9725
5910	29.1756
5920	28.8239
5930	28.958
5940	30.3598
5950	28.0022
5960	29.1051
5970	28.7007
5980	29.1479
5990	30.4199
6000	27.9149
6010	28.9557
6020	28.8696
6030	29.1904
6040	30.3419
6050	27.7593
6060	29.1508
6070	28.8685
6080	29.1152
6090	30.2441
6100	27.926
6110	29.081
6120	28.786
6130	29.0767
6140	30.4352
6150	27.959
6160	29.0598
6170	28.7326
6180	29.1567
6190	30.3693
6200	27.8989
6210	28.9921
6220	28.8609
6230	29.17
6240	30.2866
6250	27.8652
6260	29.0838
6270	28.8872
6280	29.1635
6290	30.2453
6300	27.9099
6310	29.073
6320	28.847
6330	29.116
6340	30.3362
6350	27.9022
6360	29.048
6370	28.781
6380	29.2029
6390	30.3513
6400	27.8792
6410	28.9739
6420	28.8864
6430	28.3552
6440	29.845
6450	27.3145
6460	28.6975
6470	28.9835
6480	28.2331
6490	29.6089
6500	27.4666
6510	28.7591
6520	29.0718
6530	28.0049
6540	29.6892
6550	27.5392
6560	28.8045
6570	28.8287
6580	28.1027
6590	29.7297
6600	27.6486
6610	28.5758
6620	28.9054
6630	28.1633
6640	29.8331
6650	27.41
6660	28.6821
6670	28.9378
6680	28.2332
6690	29.6188
6700	27.5457
6710	28.7187
6720	29.022
6730	27.9673
6740	29.7433
6750	27.6201
6760	28.7666
6770	28.8199
6780	28.0829
6790	29.7767
6800	27.6337
6810	28.5103
6820	28.9587
6830	28.1907
6840	29.8136
6850	27.415
6860	28.6568
6870	28.9945
6880	28.2397
6890	29.5698
6900	27.6014
6910	28.7028
6920	28.9761
6930	27.9508
6940	29.7388
6950	27.6862
6960	28.7789
6970	28.6988
6980	28.1027
6990	29.8362
7000	27.6809
7010	28.4947
7020	28.8407
7030	28.227
7040	29.8274
7050	27.3997
7060	28.6532
7070	28.9329
7080	28.233
7090	29.567
7100	27.6041
7110	28.7665
7120	28.9416
7130	27.9477
7140	29.7171
7150	27.7221
7160	28.7625
7170	28.6421
7180	28.101
7190	29.8277
7200	27.764
7210	28.5057
7220	28.7924
7230	28.2112
7240	29.8515
7250	27.5082
7260	28.6672
7270	28.8564
7280	28.1984
7290	29.5972
7300	27.6875
7310	28.7786
7320	28.8703
7330	27.9402
7340	29.7757
7350	27.7411
7360	28.7487
7370	28.6185
7380	28.1316
7390	29.8469
7400	27.7091
7410	28.4855
7420	28.7866
7430	28.199
7440	29.88
7450	27.4904
7460	28.6961
7470	28.8442
7480	28.149
7490	29.5818
7500	27.7253
7510	28.7944
7520	28.8243
7530	27.8791
7540	29.8007
7550	27.8428
7560	28.7889
7570	28.544
7580	28.0514
7590	29.8661
7600	27.7799
7610	28.5431
7620	28.7716
7630	28.1664
7640	29.8087
7650	27.5538
7660	28.7451
7670	28.8545
7680	28.0668
7690	29.5371
7700	27.7748
7710	28.8708
7720	28.8107
7730	27.79
7740	29.7447
7750	27.9185
7760	28.8362
7770	28.499
7780	27.9786
7790	29.8919
7800	27.9037
7810	28.5394
7820	28.6783
7830	28.1048
7840	29.8179
7850	27.598
7860	28.7719
7870	28.8376
7880	28.0669
7890	29.5121
7900	27.7986
7910	28.8879
7920	28.8474
7930	27.7714
7940	29.7073
7950	27.9083
7960	28.8479
7970	28.5461
7980	27.9604
7990	29.8422
8000	27.8691
8010	28.5798
8020	28.7873
8030	28.0704
8040	29.7608
8050	27.5617
8060	28.799
8070	28.9389
8080	28.0138
8090	29.5237
8100	27.7442
8110	28.9035
8120	28.9075
8130	27.8381
8140	30.6988
8150	28.4806
8160	29.185
8170	28.9181
8180	28.0187
8190	30.6745
8200	28.5141
8210	28.9938
8220	29.105
8230	27.9872
8240	30.7134
8250	28.3276
8260	29.1764
8270	29.0433
8280	27.9935
8290	30.5489
8300	28.5487
8310	29.14
8320	29.092
8330	27.8017
8340	30.7051
8350	28.5118
8360	29.1885
8370	28.9052
8380	27.9818
8390	30.6622
8400	28.5808
8410	28.9845
8420	29.081
8430	28.0382
8440	30.8182
8450	28.4747
8460	29.2364
8470	28.6754
8480	28.1114
8490	30.6207
8500	28.6479
8510	29.178
8520	28.7491
8530	27.896
8540	30.8281
8550	28.6093
8560	29.2671
8570	28.5574
8580	28.1063
8590	30.7534
8600	28.6662
8610	28.9986
8620	28.7539
8630	28.0943
8640	30.8713
8650	28.3866
8660	29.231
8670	28.7508
8680	28.253
8690	30.6947
8700	28.3722
8710	29.1923
8720	28.8308
8730	27.9839
8740	30.9019
8750	28.3388
8760	29.279
8770	28.5871
8780	28.1885
8790	30.8701
8800	28.3959
8810	28.9891
8820	28.8285
8830	28.1829
8840	30.9489
8850	28.1066
8860	29.1773
8870	28.7798
8880	28.2822
8890	30.7654
8900	28.3228
8910	29.133
8920	28.8262
8930	28.0322
8940	31.0049
8950	28.2843
8960	29.2038
8970	28.5838
8980	28.2104
8990	30.9575
9000	28.3596
9010	28.9869
9020	28.7989
9030	28.1663
9040	31.012
9050	28.1603
9060	29.183
9070	28.7603
9080	28.1889
9090	30.798
9100	28.3663
9110	29.1697
9120	28.7715
9130	27.9888
9140	31.0126
9150	28.3383
9160	29.1836
9170	28.6006
9180	28.1948
9190	30.9919
9200	28.3499
9210	28.9638
9220	28.7855
9230	28.1845
9240	31.0029
9250	28.1746
9260	29.1365
9270	28.7772
9280	28.2207
9290	30.817
9300	28.3784
9310	29.1336
9320	28.785
9330	27.987
9340	30.9849
9350	28.4221
9360	29.1622
9370	28.5513
9380	28.1467
9390	31.0295
9400	28.4376
9410	28.9682
9420	28.7221
9430	28.1581
9440	31.0196
9450	28.2307
9460	29.1435
9470	28.8073
9480	28.1421
9490	30.8046
9500	28.3891
9510	29.1786
9520	28.7585
9530	27.9251
9540	30.9832
9550	28.4675
9560	29.1508
9570	28.572
9580	28.1072
9590	31.0467
9600	28.4077
9610	28.991
9620	28.7199
9630	28.1548
9640	30.9886
9650	28.2456
9660	29.1581
9670	28.8125
9680	28.091
9690	30.7963
9700	28.4086
9710	29.2381
9720	28.7628
9730	27.9199
9740	30.934
9750	28.506
9760	29.1648
9770	28.5579
9780	28.0828
9790	31.0149
9800	28.4562
9810	29.0057
9820	28.7291
9830	28.1908
9840	30.9057
9850	28.2695
9860	29.1603
9870	28.8112
9880	28.1295
9890	30.7596
9900	28.4253
9910	29.2208
9920	28.7255
9930	27.9859
9940	30.9173
9950	28.5384
9960	29.1406
9970	28.5353
9980	28.1327
9990	30.9983
10000	28.4492
10010	28.985
10020	28.675
10030	28.2378
10040	29.8227
10050	27.6693
10060	28.9116
10070	29.6859
10080	28.6152
10090	30.1824
10100	28.1544
10110	28.9723
10120	28.6517
10130	28.9313
10140	30.5156
10150	28.0619
10160	29.1279
10170	28.4874
10180	29.0593
10190	30.6242
10200	28.0356
10210	28.9653
10220	28.5942
10230	29.1239
10240	30.5384
10250	27.9003
10260	29.1041
10270	28.6856
10280	29.0568
10290	30.3746
10300	28.0103
10310	29.1973
10320	28.6144
10330	28.9314
10340	30.5101
10350	28.0997
10360	29.0904
10370	28.4541
10380	29.102
10390	30.7195
10400	28.092
10410	28.9596
10420	28.6267
10430	29.2056
10440	30.6429
10450	27.9681
10460	29.1221
10470	28.6741
10480	29.0957
10490	30.5096
10500	28.1296
10510	29.2067
10520	28.5695
10530	28.9427
10540	30.6561
10550	28.2228
10560	29.1442
10570	28.4069
10580	29.0921
10590	30.75
10600	28.1334
10610	28.9798
10620	28.5415
10630	29.1697
10640	30.6778
10650	27.9995
10660	29.1192
10670	28.6488
10680	29.0993
10690	30.5102
10700	28.1402
10710	29.2066
10720	28.5505
10730	28.9291
10740	30.6217
10750	28.2783
10760	29.113
10770	28.4143
10780	29.0803
10790	30.7409
10800	28.1907
10810	28.9547
10820	28.5523
10830	29.1991
10840	30.6014
10850	28.0272
10860	29.075
10870	28.6889
10880	29.1134
10890	30.4639
10900	28.1486
10910	29.1522
10920	28.5829
10930	29.0008
10940	30.6341
10950	28.2429
10960	29.0506
10970	28.4402
10980	29.1467
10990	30.7439
11000	28.1319
11010	28.9091
11020	28.5827
11030	29.259
11040	30.6312
11050	27.9928
11060	29.0397
11070	28.7006
11080	29.1351
11090	30.4989
11100	28.1162
11110	29.1625
11120	28.604
11130	29.0086
11140	30.6009
11150	28.2458
11160	29.0493
11170	28.4935
11180	29.1101
11190	30.6934
11200	28.1591
11210	28.9236
11220	28.6155
11230	29.2194
11240	30.5999
11250	28.0448
11260	29.0193
11270	28.7126
11280	29.1186
11290	30.481
11300	28.1665
11310	29.1406
11320	28.6325
11330	28.9886
11340	30.5785
11350	28.2629
11360	29.0533
11370	28.4902
11380	29.0948
11390	30.6811
11400	28.1519
11410	28.9516
11420	28.6116
11430	29.2265
11440	30.6083
11450	28.0197
11460	29.0445
11470	28.7097
11480	29.1341
11490	30.4561
11500	28.1364
11510	29.197
11520	28.6173
11530	28.9859
11540	30.5502
11550	28.2821
11560	29.1326
11570	28.4835
11580	29.0542
11590	30.6586
11600	28.1816
11610	28.966
11620	28.6313
11630	29.2098
11640	30.5461
11650	28.017
11660	29.0615
11670	28.7856
11680	29.1325
11690	30.3584
11700	28.1752
11710	29.1928
11720	28.6868
11730	28.9476
11740	30.4809
11750	28.3237
11760	29.0967
11770	28.5166
11780	29.0626
11790	30.6383
11800	28.2418
11810	28.9321
11820	28.6092
11830	29.196
11840	30.5517
11850	28.0789
11860	29.0398
11870	28.7764
11880	29.1068
11890	30.3854
11900	28.1711
11910	29.1821
11920	28.703
11930	28.9627
11940	30.4853
11950	28.3076
11960	29.0745
11970	28.5424
11980	29.0918
11990	30.6284
12000	28.2021
12010	28.8853
12020	28.6604
12030	29.2381
12040	30.5478
12050	28.0299
12060	28.9951
12070	28.81
12080	29.1486
12090	30.3797
12100	28.1458
12110	29.1307
12120	28.6989
12130	28.9886
12140	30.5058
12150	28.3091
12160	29.0423
12170	28.5301
12180	29.0915
12190	30.6364
12200	28.2206
12210	28.8885
12220	28.6313
12230	29.2404
12240	30.5702
12250	28.0507
12260	29.0083
12270	28.7676
12280	29.1152
12290	30.3735
12300	28.1707
12310	29.176
12320	28.6848
12330	28.9605
12340	30.4908
12350	28.3007
12360	29.059
12370	28.5446
12380	29.1037
12390	30.6367
12400	28.17
12410	28.8825
12420	28.6774
12430	29.2445
12440	30.5282
12450	28.0082
12460	29.0185
12470	28.8116
12480	29.1165
12490	30.4013
12500	28.156
12510	29.148
12520	28.6957
12530	28.9857
12540	30.5685
12550	28.2582
12560	29.0087
12570	28.5238
12580	29.1219
12590	30.713
12600	28.1407
12610	28.8579
12620	28.6691
12630	29.261
12640	30.5853
12650	27.964
12660	29.0181
12670	28.8243
12680	29.1261
12690	30.4096
12700	28.1115
12710	29.1555
12720	28.7203
12730	28.9503
12740	30.5619
12750	28.2684
12760	29.043
12770	28.5326
12780	29.0991
12790	30.6997
12800	28.1458
12810	28.8582
12820	28.7034
12830	29.2322
12840	30.6056
12850	27.9641
12860	29.0097
12870	28.8233
12880	29.104
12890	30.4293
12900	28.1372
12910	29.146
12920	28.7085
12930	28.9142
12940	30.613
12950	28.2649
12960	29.0233
12970	28.5156
12980	29.0864
12990	30.7283
13000	28.1263
13010	28.8408
13020	28.7152
13030	29.2276
13040	30.6215
13050	27.9515
13060	29.0068
13070	28.8227
13080	29.0826
13090	30.453
13100	28.1459
13110	29.1244
13120	28.6878
13130	28.9244
13140	30.6286
13150	28.2611
13160	29.0098
13170	28.5206
13180	29.1055
13190	30.7573
13200	28.1443
13210	28.8194
13220	28.6934
13230	29.2267
13240	30.6494
13250	27.9846
13260	29.0063
13270	28.7844
13280	29.0995
13290	30.4733
13300	28.1668
13310	29.1363
13320	28.6629
13330	28.9054
13340	30.6374
13350	28.2806
13360	29.0257
13370	28.4895
13380	29.0658
13390	30.767
13400	28.1704
13410	28.8528
13420	28.6417
13430	29.1693
13440	30.6692
13450	28.0113
13460	29.0311
13470	28.7369
13480	29.0738
13490	30.4967
13500	28.1795
13510	29.1273
13520	28.6463
13530	28.9024
13540	30.6807
13550	28.2728
13560	29.051
13570	28.4615
13580	29.059
13590	30.7624
13600	28.2092
13610	28.882
13620	28.6259
13630	29.1292
13640	30.6902
13650	28.0342
13660	29.0341
13670	28.7038
13680	29.0585
13690	30.5051
13700	28.2182
13710	29.0995
13720	28.6333
13730	28.8755
13740	30.6898
13750	28.3054
13760	29.0421
13770	28.4441
13780	29.0454
13790	30.7508
13800	28.2636
13810	28.8482
13820	28.6184
13830	29.0905
13840	30.7106
13850	28.1063
13860	29.0079
13870	28.6693
13880	29.0444
13890	30.5375
13900	28.2769
13910	29.0514
13920	28.623
13930	28.8653
13940	30.7141
13950	28.3293
13960	29.0101
13970	28.45
13980	29.002
13990	30.7603
14000	28.3057
14010	28.8561
14020	28.5968
14030	29.0386
14040	30.7212
14050	28.1428
14060	29.0056
14070	28.6703
14080	29.035
14090	30.5926
14100	28.2616
14110	29.0105
14120	28.6252
14130	28.8766
14140	30.7129
14150	28.3229
14160	29.0165
14170	28.4776
14180	28.9938
14190	30.75
14200	28.3086
14210	28.8566
14220	28.6158
14230	29.0377
14240	30.721
14250	28.1627
14260	28.9784
14270	28.6634
14280	29.0064
14290	30.561
14300	28.303
14310	29.0274
14320	28.6183
14330	28.8575
14340	30.7378
14350	28.3503
14360	28.999
14370	28.4383
14380	28.963
14390	30.741
14400	28.3427
14410	28.9001
14420	28.5795
14430	29.0015
14440	30.7331
14450	28.1729
14460	29.0224
14470	28.6094
14480	29.0049
14490	30.5697
14500	28.3325
14510	29.0785
14520	28.5816
14530	28.8174
14540	30.7083
14550	28.3796
14560	29.0852
14570	28.4072
14580	28.9233
14590	30.7383
14600	28.368
14610	28.9342
14620	28.5743
14630	28.9685
14640	30.6928
14650	28.1953
14660	29.0818
14670	28.6456
14680	28.9307
14690	30.5198
14700	28.3356
14710	29.1339
14720	28.6079
14730	28.7722
14740	30.6622
14750	28.3798
14760	29.0923
14770	28.4534
14780	28.9379
14790	30.7233
14800	28.3249
14810	28.9188
14820	28.6074
14830	29.002
14840	30.6739
14850	28.1737
14860	29.0602
14870	28.6556
14880	28.9452
14890	30.5226
14900	28.3364
14910	29.1314
14920	28.6051
14930	28.7855
14940	30.6663
14950	28.399
14960	29.0727
14970	28.4428
14980	28.9346
14990	30.7547
15000	28.3428
15010	28.9043
15020	28.5681
15030	29.014
15040	30.6896
15050	28.1543
15060	29.0387
15070	28.665
15080	28.9848
15090	30.5316
15100	28.2888
15110	29.1284
15120	28.6309
15130	28.8073
15140	30.6591
15150	28.3844
15160	29.0497
15170	28.4529
15180	28.9448
15190	30.7539
15200	28.3268
15210	28.885
15220	28.5866
15230	29.0493
15240	30.7032
15250	28.161
15260	29.0323
15270	28.6501
15280	28.9608
15290	30.5326
15300	28.3139
15310	29.1418
15320	28.5657
15330	28.8074
15340	30.6915
15350	28.4179
15360	29.0318
15370	28.3972
15380	28.9621
15390	30.7976
15400	28.3077
15410	28.8731
15420	28.5369
15430	29.0862
15440	30.7159
15450	28.1527
15460	28.9963
15470	28.6365
15480	29.0168
15490	30.5709
15500	28.2891
15510	29.1006
15520	28.5534
15530	28.8628
15540	30.6866
15550	28.3971
15560	29.0158
15570	28.4039
15580	29.0016
15590	30.7972
15600	28.3128
15610	28.8417
15620	28.5432
15630	29.1215
15640	30.717
15650	28.139
15660	28.9673
15670	28.6611
15680	29.0408
15690	30.5407
15700	28.2739
15710	29.0909
15720	28.5958
15730	28.8601
15740	30.6855
15750	28.3898
15760	28.9946
15770	28.3925
15780	29.0165
15790	30.8217
15800	28.3137
15810	28.8037
15820	28.5508
15830	29.1303
15840	30.7355
15850	28.1263
15860	28.9511
15870	28.6767
15880	29.0546
15890	30.5416
15900	28.2674
15910	29.0671
15920	28.5996
15930	28.8566
15940	30.6911
15950	28.4199
15960	29.0012
15970	28.3971
15980	28.9887
15990	30.811
16000	28.3342
16010	28.8035
16020	28.54
16030	29.1343
16040	30.7202
16050	28.1435
16060	28.9653
16070	28.6873
16080	29.0379
16090	30.5078
16100	28.2948
16110	29.1106
16120	28.5729
16130	28.8417
16140	30.6559
16150	28.4382
16160	29.0241
16170	28.384
16180	29.0009
16190	30.791
16200	28.323
16210	28.8512
16220	28.5376
16230	29.116
16240	30.7021
16250	28.1425
16260	29.0061
16270	28.6551
16280	29.0289
16290	30.5229
16300	28.3192
16310	29.1294
16320	28.5537
16330	28.83
16340	30.678
16350	28.4263
16360	29.0393
16370	28.3595
16380	28.9836
16390	30.7917
16400	28.336
16410	28.8758
16420	28.529
16430	29.0836
16440	30.6755
16450	28.1778
16460	29.0379
16470	28.634
16480	29.0122
16490	30.5312
16500	28.342
16510	29.0999
16520	28.5255
16530	28.8447
16540	30.6946
16550	28.4315
16560	29.0157
16570	28.3782
16580	29.0029
16590	30.7788
16600	28.3258
16610	28.8581
16620	28.5516
16630	29.0908
16640	30.6788
16650	28.1775
16660	29.0321
16670	28.6141
16680	28.9788
16690	30.53
16700	28.3519
16710	29.1215
16720	28.5257
16730	28.8346
16740	30.6793
16750	28.4526
16760	29.0148
16770	28.3731
16780	28.9966
16790	30.7662
16800	28.3295
16810	28.8861
16820	28.5356
16830	29.1083
16840	30.6485
16850	28.1847
16860	29.0438
16870	28.6349
16880	28.9877
16890	30.4951
16900	28.3651
16910	29.15
16920	28.4962
16930	28.8327
16940	30.6536
16950	28.486
16960	29.011
16970	28.3298
16980	29.0046
16990	30.7988
17000	28.3717
17010	28.8565
17020	28.4939
17030	29.1093
17040	30.6508
17050	28.2335
17060	29.0388
17070	28.5935
17080	28.977
17090	30.5327
17100	28.4108
17110	29.1167
17120	28.457
17130	28.8393
17140	30.7056
17150	28.5218
17160	29.0027
17170	28.2983
17180	29.0124
17190	30.7841
17200	28.3863
17210	28.8615
17220	28.4863
17230	29.1188
17240	30.6505
17250	28.2413
17260	29.0353
17270	28.591
17280	28.9842
17290	30.4945
17300	28.4228
17310	29.1426
17320	28.4546
17330	28.8382
17340	30.6669
17350	28.5215
17360	29.0112
17370	28.3051
17380	29.0094
17390	30.7755
17400	28.4128
17410	28.8773
17420	28.4602
17430	29.1094
17440	30.6333
17450	28.273
17460	29.0403
17470	28.5652
17480	28.9688
17490	30.5113
17500	28.4271
17510	29.1424
17520	28.4361
17530	28.8359
17540	30.679
17550	28.5391
17560	28.9829
17570	28.3066
17580	28.9983
17590	30.8037
17600	28.4008
17610	28.8592
17620	28.4639
17630	29.1093
17640	30.6498
17650	28.2868
17660	29.0112
17670	28.5807
17680	28.9883
17690	30.5308
17700	28.4251
17710	29.105
17720	28.4289
17730	28.87
17740	30.6777
17750	28.5352
17760	28.9737
17770	28.3121
17780	29.0232
17790	30.7807
17800	28.3864
17810	28.8459
17820	28.4698
17830	29.1504
17840	30.6381
17850	28.2586
17860	29.0015
17870	28.5924
17880	29.0097
17890	30.4943
17900	28.4073
17910	29.1302
17920	28.4656
17930	28.8603
17940	30.6374
17950	28.527
17960	28.999
17970	28.3343
17980	29.0129
17990	30.7553
18000	28.3896
18010	28.86
18020	28.5001
18030	29.1367
18040	30.6182
18050	28.2381
18060	29.0124
18070	28.6202
18080	28.9934
18090	30.4862
18100	28.4079
18110	29.1408
18120	28.4626
18130	28.8644
18140	30.6481
18150	28.5183
18160	28.9848
18170	28.3414
18180	29.0349
18190	30.7586
18200	28.3594
18210	28.8687
18220	28.5073
18230	29.1417
18240	30.6071
18250	28.2269
18260	29.0392
18270	28.6124
18280	28.9919
18290	30.4592
18300	28.4029
18310	29.1663
18320	28.4798
18330	28.8556
18340	30.6127
18350	28.5216
18360	29.0237
18370	28.3452
18380	29.0133
18390	30.7277
18400	28.3696
18410	28.8686
18420	28.5086
18430	29.159
18440	30.5934
18450	28.2234
18460	29.041
18470	28.6134
18480	29.0012
18490	30.4524
18500	28.4015
18510	29.1705
18520	28.4645
18530	28.8521
18540	30.6239
18550	28.5335
18560	29.0199
18570	28.3258
18580	29.0108
18590	30.741
18600	28.3853
18610	28.8911
18620	28.4867
18630	29.14
18640	30.587
18650	28.2497
18660	29.0474
18670	28.6134
18680	28.9996
18690	30.4551
18700	28.4188
18710	29.1866
18720	28.4451
18730	28.8449
18740	30.6189
18750	28.5408
18760	29.023
18770	28.3141
18780	29.017
18790	30.751
18800	28.3868
18810	28.8887
18820	28.4753
18830	29.1358
18840	30.605
18850	28.2556
18860	29.0494
18870	28.5934
18880	28.9638
18890	30.4646
18900	28.4313
18910	29.1812
18920	28.4521
18930	28.8363
18940	30.6244
18950	28.55
18960	29.0309
18970	28.3238
18980	29.0009
18990	30.7299
19000	28.3961
19010	28.9032
19020	28.4842
19030	29.121
19040	30.5749
19050	28.2784
19060	29.0622
19070	28.5945
19080	28.9671
19090	30.4597
19100	28.4387
19110	29.1828
19120	28.4397
19130	28.845
19140	30.6047
19150	28.5619
19160	29.0263
19170	28.3208
19180	29.0164
19190	30.7176
19200	28.3808
19210	28.9103
19220	28.486
19230	29.1321
19240	30.5573
19250	28.2591
19260	29.0849
19270	28.6149
19280	28.9712
19290	30.4389
19300	28.4287
19310	29.2042
19320	28.4458
19330	28.8414
19340	30.6046
19350	28.5305
19360	29.0732
19370	28.3309
19380	29.0132
19390	30.6994
19400	28.3762
19410	28.9451
19420	28.4873
19430	29.1108
19440	30.5528
19450	28.252
19460	29.1184
19470	28.5965
19480	28.9808
19490	30.4168
19500	28.4006
19510	29.2246
19520	28.4639
19530	28.8562
19540	30.5734
19550	28.5226
19560	29.099
19570	28.3265
19580	28.9929
19590	30.6987
19600	28.3889
19610	28.9659
19620	28.4609
19630	29.1129
19640	30.5579
19650	28.2532
19660	29.1098
19670	28.5708
19680	28.9866
19690	30.4324
19700	28.4165
19710	29.2294
19720	28.4265
19730	28.8482
19740	30.5949
19750	28.5426
19760	29.0915
19770	28.2805
19780	29.0019
19790	30.7072
19800	28.3938
19810	28.9573
19820	28.4506
19830	29.1232
19840	30.5626
19850	28.2496
19860	29.1245
19870	28.5662
19880	28.9888
19890	30.4095
19900	28.4137
19910	29.2478
19920	28.4537
19930	28.8436
19940	30.571
19950	28.5314
19960	29.1131
19970	28.2849
19980	29.0073
19990	30.6801
20000	28.4041
20010	28.9649
20020	28.469
20030	29.1372
20040	30.5477
20050	28.2271
20060	29.1425
20070	28.5876
20080	28.9879
20090	30.3905
20100	28.3961
20110	29.284
20120	28.4302
20130	28.8339
20140	30.5764
20150	28.5315
20160	29.1329
20170	28.2725
20180	29.0163
20190	30.7013
20200	28.3665
20210	28.961
20220	28.4398
20230	29.1548
20240	30.5612
20250	28.2245
20260	29.1472
20270	28.5733
20280	28.9969
20290	30.3918
20300	28.4103
20310	29.2738
20320	28.4096
20330	28.8344
20340	30.5737
20350	28.5564
20360	29.1266
20370	28.2548
20380	29.0048
20390	30.6916
20400	28.3952
20410	28.981
20420	28.4411
20430	29.1328
20440	30.5473
20450	28.2528
20460	29.1364
20470	28.5711
20480	28.9837
20490	30.3942
20500	28.4412
20510	29.2817
20520	28.414
20530	28.8155
20540	30.5578
20550	28.5715
20560	29.1354
20570	28.2689
20580	28.9881
20590	30.6868
20600	28.4171
20610	28.9746
20620	28.4476
20630	29.1051
20640	30.5238
20650	28.2793
20660	29.1662
20670	28.5791
20680	28.9448
20690	30.3559
20700	28.4567
20710	29.2984
20720	28.4335
20730	28.7939
20740	30.5338
20750	28.5875
20760	29.1243
20770	28.2946
20780	28.981
20790	30.6632
20800	28.4244
20810	28.9886
20820	28.4752
20830	29.1157
20840	30.478
20850	28.2878
20860	29.1621
20870	28.6158
20880	28.9429
20890	30.3316
20900	28.4645
20910	29.2957
20920	28.4471
20930	28.8009
20940	30.4984
20950	28.598
20960	29.1345
20970	28.3219
20980	28.9687
20990	30.6205
21000	28.4427
21010	28.9974
21020	28.4948
21030	29.0918
21040	30.4459
21050	28.2949
21060	29.1762
21070	28.6337
21080	28.9312
21090	30.315
21100	28.4769
21110	29.3294
21120	28.4442
21130	28.7778
21140	30.4845
21150	28.612
21160	29.1688
21170	28.2931
21180	28.9548
21190	30.6172
21200	28.4529
21210	29.0254
21220	28.4579
21230	29.0896
21240	30.4499
21250	28.3183
21260	29.1988
21270	28.5961
21280	28.9371
21290	30.3181
21300	28.4795
21310	29.3271
21320	28.4309
21330	28.79
21340	30.4738
21350	28.6093
21360	29.1618
21370	28.3005
21380	28.9616
21390	30.6095
21400	28.457
21410	29.0182
21420	28.4598
21430	29.1096
21440	30.4552
21450	28.3196
21460	29.1605
21470	28.5977
21480	28.9546
21490	30.3202
21500	28.4693
21510	29.2989
21520	28.4452
21530	28.8151
21540	30.479
21550	28.6093
21560	29.1463
21570	28.3075
21580	28.9631
21590	30.618
21600	28.4707
21610	29.0081
21620	28.4528
21630	29.0958
21640	30.4702
21650	28.3345
21660	29.1421
21670	28.5974
21680	28.946
21690	30.3269
21700	28.4795
21710	29.2821
21720	28.4577
21730	28.8229
21740	30.4657
21750	28.603
21760	29.136
21770	28.3283
21780	28.9789
21790	30.5969
21800	28.4566
21810	29.0004
21820	28.4724
21830	29.1004
21840	30.4662
21850	28.3275
21860	29.1422
21870	28.6023
21880	28.9636
21890	30.3436
21900	28.4592
21910	29.2685
21920	28.4631
21930	28.8259
21940	30.4764
21950	28.6004
21960	29.1399
21970	28.3265
21980	28.9621
21990	30.6047
22000	28.477
22010	28.9948
22020	28.4607
22030	29.0971
22040	30.4719
22050	28.3409
22060	29.1309
22070	28.6007
22080	28.9658
22090	30.3275
22100	28.4833
22110	29.2615
22120	28.4564
22130	28.826
22140	30.4695
22150	28.6195
22160	29.1206
22170	28.3229
22180	28.9763
22190	30.6078
22200	28.474
22210	28.9802
22220	28.4709
22230	29.1148
22240	30.4687
22250	28.3365
22260	29.1137
22270	28.6038
22280	28.9711
22290	30.3295
22300	28.4642
22310	29.2513
22320	28.4679
22330	28.8499
22340	30.4612
22350	28.6111
22360	29.1208
22370	28.3483
22380	28.9619
22390	30.6093
22400	28.4652
22410	28.9882
22420	28.472
22430	29.1244
22440	30.4704
22450	28.3184
22460	29.1028
22470	28.6211
22480	28.9832
22490	30.3351
22500	28.4438
22510	29.2538
22520	28.4941
22530	28.8481
22540	30.4584
22550	28.591
22560	29.1102
22570	28.3599
22580	28.9676
22590	30.6107
22600	28.4531
22610	28.9727
22620	28.4971
22630	29.1109
22640	30.4656
22650	28.3171
22660	29.1004
22670	28.6564
22680	28.9683
22690	30.3283
22700	28.4435
22710	29.2449
22720	28.5159
22730	28.8289
22740	30.4554
22750	28.5994
22760	29.0941
22770	28.3735
22780	28.9617
22790	30.613
22800	28.4549
22810	28.9524
22820	28.5118
22830	29.1164
22840	30.4656
22850	28.3142
22860	29.1054
22870	28.6609
22880	28.9677
22890	30.3179
22900	28.4474
22910	29.2678
22920	28.5194
22930	28.8095
22940	30.4453
22950	28.599
22960	29.1278
22970	28.3795
22980	28.9465
22990	30.5993
23000	28.4585
23010	28.9765
23020	28.511
23030	29.1133
23040	30.4714
23050	28.2933
23060	29.1009
23070	28.662
23080	28.9787
23090	30.3056
23100	28.4196
23110	29.2686
23120	28.5377
23130	28.8376
23140	30.4336
23150	28.557
23160	29.1443
23170	28.3772
23180	28.9773
23190	30.5843
23200	28.4462
23210	28.9936
23220	28.5088
23230	29.1123
23240	30.463
23250	28.275
23260	29.1207
23270	28.6573
23280	28.9901
23290	30.3042
23300	28.4141
23310	29.2624
23320	28.5523
23330	28.8273
23340	30.4469
23350	28.5485
23360	29.1401
23370	28.3968
23380	28.9654
23390	30.5857
23400	28.4459
23410	28.9606
23420	28.5371
23430	29.1039
23440	30.4782
23450	28.2671
23460	29.0862
23470	28.6801
23480	28.9958
23490	30.3259
23500	28.4115
23510	29.2422
23520	28.5725
23530	28.8161
23540	30.4597
23550	28.5575
23560	29.1189
23570	28.4045
23580	28.9485
23590	30.6074
23600	28.4341
23610	28.9578
23620	28.5345
23630	29.0952
23640	30.494
23650	28.2881
23660	29.0765
23670	28.6887
23680	28.9637
23690	30.3236
23700	28.4115
23710	29.2375
23720	28.5799
23730	28.8144
23740	30.4551
23750	28.5362
23760	29.1042
23770	28.4364
23780	28.9581
23790	30.6052
23800	28.4227
23810	28.9623
23820	28.5757
23830	29.0836
23840	30.4718
23850	28.2569
23860	29.0862
23870	28.7292
23880	28.971
23890	30.3381
23900	28.3699
23910	29.2304
23920	28.6034
23930	28.8278
23940	30.4493
23950	28.52
23960	29.1079
23970	28.451
23980	28.9589
23990	30.5961
24000	28.4086
24010	28.95
24020	28.5716
24030	29.1167
24040	30.467
24050	28.2613
24060	29.0755
24070	28.723
24080	28.9931
24090	30.3067
24100	28.363
24110	29.226
24120	28.6072
24130	28.858
24140	30.4295
24150	28.5271
24160	29.1093
24170	28.446
24180	28.96
24190	30.5901
24200	28.4167
24210	28.9482
24220	28.5587
24230	29.1222
24240	30.4752
24250	28.2602
24260	29.061
24270	28.7272
24280	28.9944
24290	30.3114
24300	28.3709
24310	29.2319
24320	28.6075
24330	28.8354
24340	30.4184
24350	28.5425
24360	29.1092
24370	28.4641
24380	28.9436
24390	30.5804
24400	28.4239
24410	28.9636
24420	28.5775
24430	29.1076
24440	30.4444
24450	28.2768
24460	29.062
24470	28.7452
24480	28.9747
24490	30.2973
24500	28.3874
24510	29.2367
24520	28.6225
24530	28.8321
24540	30.4102
24550	28.5535
24560	29.0992
24570	28.4729
24580	28.9396
24590	30.5968
24600	28.4274
24610	28.9483
24620	28.5653
24630	29.1148
24640	30.4408
24650	28.2772
24660	29.0549
24670	28.7654
24680	28.9692
24690	30.2948
24700	28.3889
24710	29.2499
24720	28.6025
24730	28.8226
24740	30.4063
24750	28.5791
24760	29.0937
24770	28.4539
24780	28.9265
24790	30.6005
24800	28.4277
24810	28.9519
24820	28.5739
24830	29.1206
24840	30.4309
24850	28.2766
24860	29.0611
24870	28.7792
24880	28.9677
24890	30.2906
24900	28.3827
24910	29.2495
24920	28.6049
24930	28.8331
24940	30.4107
24950	28.5854
24960	29.0817
24970	28.4487
24980	28.9438
24990	30.6145
25000	28.4037
25010	28.949
25020	28.5633
25030	29.1484
25040	30.4286
25050	28.2731
25060	29.0736
25070	28.7592
25080	28.9574
25090	30.2821
25100	28.3859
25110	29.2889
25120	28.5835
25130	28.827
25140	30.3941
25150	28.5873
25160	29.1093
25170	28.4426
25180	28.9353
25190	30.5916
25200	28.4108
25210	28.9693
25220	28.5581
25230	29.1422
25240	30.422
25250	28.2664
25260	29.0748
25270	28.7705
25280	28.9679
25290	30.2745
25300	28.3786
25310	29.2808
25320	28.6226
25330	28.8079
25340	30.3739
25350	28.5943
25360	29.1053
25370	28.4724
25380	28.9183
25390	30.5898
25400	28.4254
25410	28.9498
25420	28.5851
25430	29.1368
25440	30.403
25450	28.2735
25460	29.0563
25470	28.8138
25480	28.9577
25490	30.2541
25500	28.3849
25510	29.2732
25520	28.6363
25530	28.8094
25540	30.3703
25550	28.6007
25560	29.0814
25570	28.4852
25580	28.9178
25590	30.5984
25600	28.4129
25610	28.931
25620	28.5988
25630	29.1414
25640	30.4063
25650	28.2741
25660	29.0389
25670	28.8367
25680	28.9511
25690	30.2586
25700	28.3807
25710	29.263
25720	28.6403
25730	28.8032
25740	30.3654
25750	28.6077
25760	29.072
25770	28.5105
25780	28.9238
25790	30.5949
25800	28.3991
25810	28.9158
25820	28.6277
25830	29.1502
25840	30.3971
25850	28.2567
25860	29.035
25870	28.8536
25880	28.9549
25890	30.2559
25900	28.3725
25910	29.2652
25920	28.6507
25930	28.8091
25940	30.3633
25950	28.6001
25960	29.0838
25970	28.5207
25980	28.9154
25990	30.5748
26000	28.4011
26010	28.9373
26020	28.6369
26030	29.141
26040	30.3911
26050	28.2544
26060	29.0506
26070	28.8571
26080	28.938
26090	30.2399
26100	28.3667
26110	29.2747
26120	28.6785
26130	28.7854
26140	30.3592
26150	28.6009
26160	29.1018
26170	28.5206
26180	28.8915
26190	30.5699
26200	28.4091
26210	28.956
26220	28.6312
26230	29.1194
26240	30.3836
26250	28.2619
26260	29.0708
26270	28.8576
26280	28.9253
26290	30.235
26300	28.3762
26310	29.2916
26320	28.6616
26330	28.7717
26340	30.3517
26350	28.5953
26360	29.1176
26370	28.5135
26380	28.8826
26390	30.5604
26400	28.4131
26410	28.9853
26420	28.6296
26430	29.0885
26440	30.3914
26450	28.2713
26460	29.0979
26470	28.8287
26480	28.9118
26490	30.2421
26500	28.3916
26510	29.3208
26520	28.6722
26530	28.7498
26540	30.3391
26550	28.5973
26560	29.1439
26570	28.5183
26580	28.8662
26590	30.5433
26600	28.4373
26610	28.9867
26620	28.6331
26630	29.0788
26640	30.3794
26650	28.2856
26660	29.0904
26670	28.8391
26680	28.9109
26690	30.2282
26700	28.3962
26710	29.2914
26720	28.6746
26730	28.761
26740	30.3381
26750	28.5878
26760	29.1257
26770	28.5353
26780	28.8773
26790	30.5467
26800	28.415
26810	28.9756
26820	28.6507
26830	29.0871
26840	30.3837
26850	28.2545
26860	29.0867
26870	28.8467
26880	28.9222
26890	30.245
26900	28.3658
26910	29.2924
26920	28.686
26930	28.7637
26940	30.3606
26950	28.5672
26960	29.1374
26970	28.5239
26980	28.8822
26990	30.573
27000	28.4176
27010	28.9694
27020	28.6304
27030	29.0784
27040	30.4123
27050	28.2607
27060	29.0893
27070	28.8255
27080	28.9314
27090	30.2478
27100	28.3722
27110	29.2682
27120	28.6705
27130	28.7799
27140	30.3728
27150	28.5759
27160	29.1282
27170	28.5049
27180	28.8923
27190	30.5604
27200	28.4248
27210	28.9675
27220	28.6174
27230	29.0868
27240	30.4132
27250	28.267
27260	29.0879
27270	28.8153
27280	28.9388
27290	30.2363
27300	28.3759
27310	29.2891
27320	28.6741
27330	28.7736
27340	30.3595
27350	28.5605
27360	29.1351
27370	28.5138
27380	28.9058
27390	30.5563
27400	28.3953
27410	28.9607
27420	28.6478
27430	29.113
27440	30.3942
27450	28.2226
27460	29.0921
27470	28.8538
27480	28.9571
27490	30.2221
27500	28.3468
27510	29.2999
27520	28.691
27530	28.7827
27540	30.353
27550	28.5482
27560	29.1392
27570	28.5174
27580	28.9053
27590	30.5617
27600	28.3959
27610	28.9701
27620	28.636
27630	29.1134
27640	30.3967
27650	28.2294
27660	29.0945
27670	28.8521
27680	28.9428
27690	30.2234
27700	28.3496
27710	29.3078
27720	28.6926
27730	28.7798
27740	30.3465
27750	28.5479
27760	29.1344
27770	28.5217
27780	28.9154
27790	30.565
27800	28.3818
27810	28.9537
27820	28.65
27830	29.1245
27840	30.3981
27850	28.2124
27860	29.0856
27870	28.8605
27880	28.9643
27890	30.2309
27900	28.3371
27910	29.2844
27920	28.6956
27930	28.786
27940	30.3715
27950	28.5538
27960	29.1228
27970	28.5064
27980	28.9171
27990	30.5753
28000	28.3918
28010	28.9355
28020	28.6353
28030	29.1315
28040	30.4204
28050	28.2112
28060	29.0722
28070	28.8355
28080	28.9668
28090	30.2504
28100	28.3536
28110	29.2714
28120	28.6678
28130	28.7936
28140	30.3897
28150	28.5589
28160	29.0932
28170	28.4983
28180	28.9345
28190	30.6006
28200	28.384
28210	28.9217
28220	28.6405
28230	29.1285
28240	30.4302
28250	28.2263
28260	29.0749
28270	28.828
28280	28.9505
28290	30.2634
28300	28.369
28310	29.2578
28320	28.6416
28330	28.7852
28340	30.4181
28350	28.5656
28360	29.0935
28370	28.482
28380	28.9371
28390	30.6105
28400	28.3913
28410	28.922
28420	28.6203
28430	29.1258
28440	30.4312
28450	28.2237
28460	29.0675
28470	28.8227
28480	28.9569
28490	30.2543
28500	28.3637
28510	29.2787
28520	28.6558
28530	28.7823
28540	30.3904
28550	28.5616
28560	29.1177
28570	28.488
28580	28.9202
28590	30.5923
28600	28.3969
28610	28.9353
28620	28.625
28630	29.1279
28640	30.4277
28650	28.2189
28660	29.0683
28670	28.8306
28680	28.9633
28690	30.2508
28700	28.3575
28710	29.2725
28720	28.6645
28730	28.7857
28740	30.3955
28750	28.564
28760	29.102
28770	28.4856
28780	28.922
28790	30.5916
28800	28.4023
28810	28.9391
28820	28.6241
28830	29.1212
28840	30.4242
28850	28.2195
28860	29.0753
28870	28.8281
28880	28.9532
28890	30.2573
28900	28.3576
28910	29.2799
28920	28.6548
28930	28.7861
28940	30.401
28950	28.5625
28960	29.0975
28970	28.4814
28980	28.9245
28990	30.6134
29000	28.3848
29010	28.9331
29020	28.6215
29030	29.1233
29040	30.4328
29050	28.2177
29060	29.0798
29070	28.8332
29080	28.9486
29090	30.2713
29100	28.3508
29110	29.2796
29120	28.6581
29130	28.7764
29140	30.4179
29150	28.5546
29160	29.0996
29170	28.4882
29180	28.9107
29190	30.6275
29200	28.3813
29210	28.938
29220	28.6316
29230	29.1142
29240	30.4508
29250	28.2127
29260	29.0739
29270	28.8456
29280	28.9262
29290	30.2772
29300	28.3462
29310	29.2769
29320	28.6771
29330	28.7678
29340	30.4076
29350	28.554
29360	29.1007
29370	28.5121
29380	28.9031
29390	30.612
29400	28.3812
29410	28.9381
29420	28.6372
29430	29.1064
29440	30.4455
29450	28.2147
29460	29.0593
29470	28.8475
29480	28.9473
29490	30.2862
29500	28.3284
29510	29.2651
29520	28.6749
29530	28.7833
29540	30.4106
29550	28.5307
29560	29.1065
29570	28.4997
29580	28.9002
29590	30.6338
29600	28.3855
29610	28.9323
29620	28.6092
29630	29.1083
29640	30.4869
29650	28.2113
29660	29.0505
29670	28.8125
29680	28.9523
29690	30.3149
29700	28.3403
29710	29.2473
29720	28.6711
29730	28.7788
29740	30.4281
29750	28.5394
29760	29.0956
29770	28.5019
29780	28.8991
29790	30.627
29800	28.387
29810	28.9118
29820	28.6251
29830	29.1077
29840	30.4925
29850	28.214
29860	29.0351
29870	28.8081
29880	28.9638
29890	30.3179
29900	28.3412
29910	29.2434
29920	28.6563
29930	28.7868
29940	30.4456
29950	28.5364
29960	29.0928
29970	28.4836
29980	28.9182
29990	30.6601
30000	28.3846
30010	28.8997
30020	28.6055
30030	29.1191
30040	30.5119
30050	28.2187
30060	29.0332
30070	28.7936
30080	28.9573
30090	30.3409
30100	28.3536
30110	29.233
30120	28.6297
30130	28.7838
30140	30.4741
30150	28.542
30160	29.0886
30170	28.4703
30180	28.9248
30190	30.6414
30200	28.3835
30210	28.9271
30220	28.6124
30230	29.1026
30240	30.484
30250	28.2166
30260	29.064
30270	28.792
30280	28.9517
30290	30.3189
30300	28.3627
30310	29.2445
30320	28.6319
30330	28.7883
30340	30.4604
30350	28.5427
30360	29.0872
30370	28.4607
30380	28.9353
30390	30.634
30400	28.3849
30410	28.9171
30420	28.5993
30430	29.1203
30440	30.4858
30450	28.2207
30460	29.0532
30470	28.7715
30480	28.9607
30490	30.3359
30500	28.3646
30510	29.2291
30520	28.6062
30530	28.7998
30540	30.4937
30550	28.5433
30560	29.0566
30570	28.458
30580	28.9426
30590	30.6585
30600	28.3657
30610	28.9072
30620	28.6081
30630	29.1219
30640	30.4892
30650	28.2223
30660	29.0649
30670	28.7835
30680	28.945
30690	30.3431
30700	28.3653
30710	29.2447
30720	28.6008
30730	28.792
30740	30.4873
30750	28.5377
30760	29.0772
30770	28.4596
30780	28.9255
30790	30.6595
30800	28.371
30810	28.9365
30820	28.59
30830	29.0942
30840	30.4985
30850	28.2295
30860	29.0783
30870	28.7556
30880	28.93
30890	30.3563
30900	28.3626
30910	29.2593
30920	28.5839
30930	28.7891
30940	30.4879
30950	28.5356
30960	29.0984
30970	28.4474
30980	28.9241
30990	30.654
31000	28.384
31010	28.9574
31020	28.5823
31030	29.0842
31040	30.489
31050	28.24
31060	29.0968
31070	28.7474
31080	28.9275
31090	30.348
31100	28.3719
31110	29.2649
31120	28.5944
31130	28.7862
31140	30.4691
31150	28.5338
31160	29.1044
31170	28.4503
31180	28.9208
31190	30.6289
31200	28.39
31210	28.9748
31220	28.5782
31230	29.0912
31240	30.4639
31250	28.2403
31260	29.1195
31270	28.7399
31280	28.9388
31290	30.3089
31300	28.3865
31310	29.287
31320	28.5825
31330	28.7903
31340	30.4464
31350	28.5509
31360	29.1204
31370	28.4289
31380	28.9451
31390	30.6086
31400	28.3941
31410	28.9767
31420	28.5748
31430	29.0969
31440	30.4439
31450	28.2549
31460	29.1249
31470	28.7358
31480	28.932
31490	30.3106
31500	28.3955
31510	29.2866
31520	28.5689
31530	28.7955
31540	30.446
31550	28.5496
31560	29.1259
31570	28.4356
31580	28.9381
31590	30.6083
31600	28.388
31610	28.9924
31620	28.5693
31630	29.0974
31640	30.4457
31650	28.2491
31660	29.1344
31670	28.7377
31680	28.9323
31690	30.2994
31700	28.3882
31710	29.3051
31720	28.5631
31730	28.7879
31740	30.4401
31750	28.5557
31760	29.1467
31770	28.4263
31780	28.9148
31790	30.5949
31800	28.3893
31810	29.0228
31820	28.5693
31830	29.0801
31840	30.4285
31850	28.2581
31860	29.1525
31870	28.7324
31880	28.9198
31890	30.3052
31900	28.382
31910	29.3066
31920	28.5716
31930	28.7956
31940	30.4307
31950	28.548
31960	29.1486
31970	28.4521
31980	28.9085
31990	30.5866
32000	28.399
32010	29.024
32020	28.5626
32030	29.07
32040	30.4285
32050	28.2904
32060	29.1348
32070	28.7265
32080	28.9236
32090	30.3099
32100	28.3836
32110	29.2953
32120	28.5784
32130	28.8019
32140	30.4229
32150	28.5572
32160	29.151
32170	28.4505
32180	28.9055
32190	30.5896
32200	28.4056
32210	29.021
32220	28.5509
32230	29.073
32240	30.4391
32250	28.2896
32260	29.1289
32270	28.7222
32280	28.9179
32290	30.3125
32300	28.3977
32310	29.3077
32320	28.5551
32330	28.7957
32340	30.4179
32350	28.5754
32360	29.1544
32370	28.4329
32380	28.9023
32390	30.5906
32400	28.4076
32410	29.0309
32420	28.5413
32430	29.0867
32440	30.4398
32450	28.2752
32460	29.1282
32470	28.7195
32480	28.9311
32490	30.3145
32500	28.3769
32510	29.317
32520	28.5536
32530	28.7989
32540	30.423
32550	28.562
32560	29.1613
32570	28.4256
32580	28.9132
32590	30.6089
32600	28.3977
32610	29.0269
32620	28.5296
32630	29.0913
32640	30.4456
32650	28.2669
32660	29.1368
32670	28.7142
32680	28.9391
32690	30.3096
32700	28.373
32710	29.3172
32720	28.5597
32730	28.8177
32740	30.4024
32750	28.5441
32760	29.1657
32770	28.4389
32780	28.9242
32790	30.5828
32800	28.4023
32810	29.0578
32820	28.5263
32830	29.096
32840	30.4211
32850	28.2754
32860	29.1494
32870	28.7022
32880	28.9426
32890	30.3001
32900	28.3681
32910	29.3356
32920	28.5699
32930	28.8212
32940	30.3758
32950	28.5401
32960	29.1905
32970	28.4518
32980	28.9119
32990	30.5687
33000	28.3958
33010	29.0593
33020	28.5326
33030	29.0964
33040	30.4239
33050	28.2772
33060	29.1351
33070	28.7125
33080	28.9502
33090	30.3066
33100	28.3574
33110	29.3119
33120	28.5606
33130	28.8417
33140	30.3904
33150	28.5462
33160	29.1644
33170	28.4429
33180	28.9162
33190	30.5718
33200	28.4052
33210	29.054
33220	28.5174
33230	29.0962
33240	30.417
33250	28.3043
33260	29.1247
33270	28.7046
33280	28.9627
33290	30.3198
33300	28.3605
33310	29.3015
33320	28.5557
33330	28.8536
33340	30.3831
33350	28.5572
33360	29.1631
33370	28.4489
33380	28.9172
33390	30.5592
33400	28.4035
33410	29.0562
33420	28.518
33430	29.1077
33440	30.4099
33450	28.3049
33460	29.119
33470	28.6997
33480	28.9565
33490	30.3139
33500	28.3767
33510	29.2983
33520	28.548
33530	28.8655
33540	30.3737
33550	28.5633
33560	29.1446
33570	28.4473
33580	28.9258
33590	30.563
33600	28.4103
33610	29.0539
33620	28.5079
33630	29.107
33640	30.4075
33650	28.3114
33660	29.1216
33670	28.6976
33680	28.9552
33690	30.316
33700	28.3843
33710	29.3029
33720	28.5355
33730	28.8533
33740	30.3831
33750	28.5658
33760	29.153
33770	28.4432
33780	28.9256
33790	30.5649
33800	28.4089
33810	29.0592
33820	28.498
33830	29.107
33840	30.4108
33850	28.3196
33860	29.129
33870	28.6808
33880	28.9521
33890	30.3205
33900	28.3809
33910	29.3158
33920	28.524
33930	28.8566
33940	30.3847
33950	28.567
33960	29.1585
33970	28.4302
33980	28.9192
33990	30.5714
34000	28.4056
34010	29.0609
34020	28.4988
34030	29.1028
34040	30.4271
34050	28.3125
34060	29.1242
34070	28.6707
34080	28.9429
34090	30.3403
34100	28.3818
34110	29.3081
34120	28.5227
34130	28.8512
34140	30.4145
34150	28.5534
34160	29.1542
34170	28.4262
34180	28.9252
34190	30.594
34200	28.3986
34210	29.0497
34220	28.4933
34230	29.1043
34240	30.4436
34250	28.3046
34260	29.1174
34270	28.6759
34280	28.9509
34290	30.3499
34300	28.3665
34310	29.2915
34320	28.5261
34330	28.8661
34340	30.4142
34350	28.5452
34360	29.1344
34370	28.4369
34380	28.9271
34390	30.5983
34400	28.3952
34410	29.0423
34420	28.5009
34430	29.1102
34440	30.4381
34450	28.3072
34460	29.1065
34470	28.6802
34480	28.9481
34490	30.346
34500	28.3695
34510	29.2965
34520	28.5313
34530	28.8588
34540	30.4091
34550	28.5481
34560	29.1388
34570	28.4453
34580	28.923
34590	30.5865
34600	28.3936
34610	29.0484
34620	28.5139
34630	29.0987
34640	30.4366
34650	28.3032
34660	29.114
34670	28.6832
34680	28.949
34690	30.3481
34700	28.3739
34710	29.2888
34720	28.5389
34730	28.852
34740	30.4183
34750	28.5436
34760	29.1375
34770	28.4451
34780	28.9285
34790	30.5948
34800	28.3888
34810	29.0356
34820	28.5158
34830	29.1032
34840	30.4512
34850	28.2946
34860	29.1147
34870	28.6796
34880	28.9523
34890	30.3533
34900	28.3715
34910	29.288
34920	28.5358
34930	28.8541
34940	30.4232
34950	28.5403
34960	29.145
34970	28.4332
34980	28.9306
34990	30.594
35000	28.3924
35010	29.0453
35020	28.5061
35030	29.0979
35040	30.444
35050	28.2933
35060	29.1239
35070	28.685
35080	28.9534
35090	30.3324
35100	28.3667
35110	29.3068
35120	28.5386
35130	28.8457
35140	30.405
35150	28.5392
35160	29.1643
35170	28.438
35180	28.9244
35190	30.5711
35200	28.3846
35210	29.0547
35220	28.5229
35230	29.102
35240	30.4322
35250	28.2868
35260	29.1281
35270	28.6819
35280	28.9554
35290	30.3402
35300	28.365
35310	29.2929
35320	28.54
35330	28.8658
35340	30.4087
35350	28.5258
35360	29.1499
35370	28.4463
35380	28.9386
35390	30.5631
35400	28.3852
35410	29.0621
35420	28.5242
35430	29.1038
35440	30.4271
35450	28.2854
35460	29.1386
35470	28.6786
35480	28.9631
35490	30.3336
35500	28.3555
35510	29.3068
35520	28.5356
35530	28.8726
35540	30.4051
35550	28.5123
35560	29.153
35570	28.4402
35580	28.9597
35590	30.5672
35600	28.3702
35610	29.0647
35620	28.5178
35630	29.1074
35640	30.418
35650	28.2931
35660	29.1412
35670	28.6685
35680	28.9602
35690	30.3388
35700	28.3697
35710	29.2921
35720	28.5259
35730	28.8769
35740	30.4121
35750	28.5242
35760	29.151
35770	28.4475
35780	28.9435
35790	30.5698
35800	28.3749
35810	29.0777
35820	28.5131
35830	29.0977
35840	30.422
35850	28.2969
35860	29.1529
35870	28.6741
35880	28.9343
35890	30.3415
35900	28.3765
35910	29.3113
35920	28.5099
35930	28.8582
35940	30.416
35950	28.5356
35960	29.1594
35970	28.4352
35980	28.9325
35990	30.5776
36000	28.3778
