10	10
20	2
30	2
40	2
50	2
60	2
70	2
80	2
90	2
100	2
110	2
120	2
130	2
140	2
150	2
160	2
170	2
180	2
190	3.66667
200	13.6667
210	18
220	13.3333
230	16.6667
240	26.6667
250	16.6667
260	17.0833
270	12.5
280	15
290	17.5
300	12.5
310	15
320	17.5
330	12.5
340	15
350	17.5
360	12.5
370	15
380	17.5
390	27.5
400	15
410	17.5
420	12.5
430	14.85
440	17.8
450	15.8
460	19.8
470	22
480	20
490	20
500	19
510	21.6667
520	31.6667
530	26.6667
540	20
550	20
560	21.7083
570	21.7083
580	20.125
590	30.125
600	25.125
610	27.625
620	27.825
630	28.05
640	38.05
650	37.6
660	31.6
670	24
680	23.8
690	22.7333
700	24.9333
710	26.6667
720	36.6667
730	33.3333
740	28.3333
750	25.8333
760	25.8333
770	25.8333
780	25.8333
790	25.8077
800	35.8077
810	31.1731
820	30.9808
830	28.6731
840	24.6154
850	34.6154
860	32.8615
870	30.7487
880	26.4308
890	26
900	36
910	32.6667
920	29.3333
930	26
940	26
950	36
960	32.6667
970	29.3333
980	26.0167
990	26.1542
1000	36.1542
1010	33.3375
1020	28.125
1030	25.625
1040	26.239
1050	36.239
1060	32.9007
1070	27.8088
1080	25.8824
1090	27.0425
1100	26.5425
1110	25.0882
1120	24.4445
1130	23.3333
1140	25
1150	35
1160	33.8889
1170	32.2222
1180	28.3333
1190	24.4444
1200	34.4444
1210	30.5556
1220	29.5556
1230	28.1333
1240	25.6667
1250	25.5
1260	35.5
1270	33
1280	28
1290	28
1300	25.5
1310	35.5
1320	33
1330	28
1340	28
1350	25.5
1360	35.5
1370	33
1380	28
1390	28
1400	25.5
1410	35.5
1420	33
1430	28
1440	28
1450	25.5
1460	35.5
1470	33
1480	28
1490	28
1500	25.5
1510	35.5
1520	33
1530	28
1540	28
1550	25.5
1560	35.5
1570	33
1580	27.9273
1590	27.5455
1600	25.5909
1610	35.5909
1620	32.8636
1630	29.0909
1640	27.7145
1650	26.2109
1660	36.2109
1670	31.4855
1680	29.6
1690	27.6
1700	25.6193
1710	35.6193
1720	32.0133
1730	29.4548
1740	28.1481
1750	25.1759
1760	35.1759
1770	32.3889
1780	29.6944
1790	27.5
1800	25
1810	35
1820	32.3448
1830	29.9828
1840	27.7069
1850	25.5172
1860	35.5172
1870	31.7241
1880	29.6552
1890	27.5862
1900	25.5172
1910	35.5172
1920	31.7241
1930	29.6552
1940	27.5695
1950	25.317
1960	35.317
1970	32.0756
1980	30.6452
1990	27.7419
2000	24.8306
2010	34.8306
2020	32.0806
2030	30.995
2040	27.1875
2050	24.6875
2060	34.6875
2070	32.1875
2080	30.9375
2090	27.8125
2100	25.3125
2110	25.3125
2120	24.0625
2130	25.3125
2140	25.3125
2150	25.3125
2160	24.0625
2170	25.3125
2180	25.3125
2190	25.3125
2200	24.0625
2210	25.3125
2220	25.3125
2230	25.3125
2240	23.9754
2250	25.3182
2260	25.5
2270	25.7576
2280	23.6364
2290	25.1515
2300	25.4831
2310	25.8859
2320	23.9786
2330	24.7059
2340	25.2941
2350	25.8824
2360	24.183
2370	24.9542
2380	25.1895
2390	25.2778
2400	24.1667
2410	25.2778
2420	25.3048
2430	25.021
2440	24.0901
2450	25.4054
2460	25.6757
2470	24.8649
2480	24.0541
2490	25.4054
2500	25.6757
2510	24.8649
2520	24.0541
2530	25.4054
2540	25.596
2550	24.8848
2560	24.2447
2570	25.7895
2580	25.2632
2590	24.7368
2600	24.2375
2610	25.5331
2620	25.1687
2630	24.8718
2640	24.6154
2650	25.3846
2660	25.0807
2670	24.9994
2680	25.0432
2690	25.3659
2700	24.6341
2710	24.878
2720	25.122
2730	25.3659
2740	24.6341
2750	24.878
2760	25.122
2770	25.3659
2780	24.6341
2790	24.878
2800	25.122
2810	25.3659
2820	24.6341
2830	24.878
2840	25.1673
2850	25.2445
2860	24.2541
2870	24.8837
2880	25.5814
2890	25.3488
2900	24.2357
2910	24.7669
2920	25.7127
2930	25.1111
2940	24.4444
2950	24.6667
2960	25.7971
2970	24.9072
2980	24.3797
2990	24.7826
3000	26.087
3010	24.7826
3020	24.3478
3030	24.7826
3040	26.087
3050	24.7826
3060	24.3478
3070	24.7826
3080	26.0204
3090	24.8002
3100	24.4986
3110	25.1064
3120	25.7447
3130	24.6809
3140	24.406
3150	25.1126
3160	25.8679
3170	25
3180	24.1667
3190	25
3200	25.8873
3210	25.0025
3220	24.0809
3230	24.7059
3240	26.0784
3250	25.098
3260	24.1388
3270	24.7903
3280	26.2624
3290	24.8077
3300	24.0385
3310	24.8077
3320	26.3462
3330	24.8077
3340	24.0385
3350	24.8077
3360	26.3462
3370	24.8077
3380	24.0385
3390	24.8077
3400	26.3462
3410	24.8077
3420	24.0385
3430	24.8077
3440	26.3923
3450	24.8196
3460	23.9664
3470	24.5455
3480	25.8182
3490	25.8182
3500	24.9091
3510	34.9091
3520	33.0909
3530	28.5455
3540	27.6364
3550	25.6364
3560	35.6364
3570	33.8182
3580	29.2727
3590	25.6364
3600	25.6364
3610	35.6364
3620	33.8435
3630	29.0955
3640	25.5857
3650	25.7143
3660	35.7143
3670	33.5714
3680	29.589
3690	26.2619
3700	26.5232
3710	36.5232
3720	31.5789
3730	29.2982
3740	26.1323
3750	26.3687
3760	36.3687
3770	31.7698
3780	29.8305
3790	26.2712
3800	26.095
3810	36.095
3820	31.5563
3830	29.9175
3840	26.0656
3850	26.2295
3860	36.2295
3870	31.4754
3880	30
3890	26.0656
3900	26.2295
3910	36.2295
3920	31.4364
3930	30.0775
3940	26.3731
3950	26.1905
3960	36.1905
3970	31.1111
3980	30
3990	26.5079
4000	26.1905
4010	36.1905
4020	31.1111
4030	30
4040	26.5162
4050	26.0994
4060	36.0994
4070	31.3077
4080	29.8462
4090	26.7692
4100	25.9905
4110	35.9905
4120	31.3407
4130	29.671
4140	26.4706
4150	26.1765
4160	36.1765
4170	31.4706
4180	29.7059
4190	26.4706
4200	26.1765
4210	36.1765
4220	31.4962
4230	29.786
4240	26.6505
4250	25.942
4260	35.942
4270	31.4493
4280	29.8551
4290	26.8116
4300	25.942
4310	35.942
4320	31.4493
4330	29.8551
4340	26.8116
4350	25.942
4360	35.942
4370	31.4493
4380	29.8551
4390	26.8116
4400	25.9389
4410	35.9389
4420	31.2534
4430	29.7553
4440	26.8571
4450	26.1341
4460	36.134
4470	31.108
4480	29.5546
4490	26.5753
4500	26.3014
4510	36.3014
4520	31.2811
4530	29.7366
4540	26.5567
4550	26
4560	36
4570	31.3333
4580	29.9836
4590	26.7938
4600	26.0164
4610	36.0164
4620	31.2821
4630	29.7436
4640	26.917
4650	26.0795
4660	36.0795
4670	31.5644
4680	29.75
4690	26.625
4700	25.9974
4710	35.9974
4720	31.6898
4730	29.8998
4740	26.4198
4750	25.9329
4760	35.9329
4770	31.6365
4780	30.072
4790	26.747
4800	25.9036
4810	35.9036
4820	31.4365
4830	29.9325
4840	26.9199
4850	25.9302
4860	35.9302
4870	31.3953
4880	29.7674
4890	26.9767
4900	25.9302
4910	35.9302
4920	31.3953
4930	29.7674
4940	26.9767
4950	25.9302
4960	35.9302
4970	31.3953
4980	29.7674
4990	26.9767
5000	25.9277
5010	35.9277
5020	31.4563
5030	29.9059
5040	26.7816
5050	25.8621
5060	35.8621
5070	31.4943
5080	30
5090	26.7816
5100	25.8621
5110	35.8621
5120	31.4943
5130	30
5140	26.7816
5150	25.8621
5160	35.8621
5170	31.4943
5180	30
5190	26.7816
5200	25.8621
5210	35.8621
5220	31.4943
5230	30
5240	26.7733
5250	25.881
5260	35.881
5270	31.6144
5280	30.2273
5290	26.5909
5300	25.793
5310	35.793
5320	31.6491
5330	30.3595
5340	26.4045
5350	25.7256
5360	35.7256
5370	31.798
5380	30.3866
5390	26.1538
5400	25.7143
5410	35.7143
5420	31.9959
5430	30.4976
5440	26.2926
5450	25.5435
5460	35.5435
5470	31.9565
5480	30.5435
5490	26.413
5500	25.5435
5510	35.5435
5520	31.9565
5530	30.5435
5540	26.413
5550	25.5435
5560	35.5435
5570	31.9565
5580	30.5435
5590	26.413
5600	25.5435
5610	35.5435
5620	31.9565
5630	30.5435
5640	26.413
5650	25.5411
5660	35.5411
5670	32.0097
5680	30.356
5690	26.3441
5700	25.5914
5710	35.5914
5720	32.1677
5730	30.38
5740	26.2022
5750	25.5319
5760	35.5319
5770	32.234
5780	30.5418
5790	26.2224
5800	25.3852
5810	35.3852
5820	32.2105
5830	30.6316
5840	26.4211
5850	25.3684
5860	35.3684
5870	32.2105
5880	30.6316
5890	26.4211
5900	25.3661
5910	35.3661
5920	32.2603
5930	30.4492
5940	26.3542
5950	25.4247
5960	35.4247
5970	32.4549
5980	30.5474
5990	26.5979
6000	25.2577
6010	35.2577
6020	32.3711
6030	30.5155
6040	26.5979
6050	25.2577
6060	35.2577
6070	32.3711
6080	30.5251
6090	26.5045
6100	25.2199
6110	35.2199
6120	32.449
6130	30.7143
6140	26.4315
6150	25.2319
6160	35.2319
6170	32.5567
6180	30.505
6190	26.3636
6200	25.2503
6210	35.2503
6220	32.672
6230	30.6211
6240	26.2
6250	25.2
6260	35.2
6270	32.7
6280	30.7
6290	26.2
6300	25.2
6310	35.2
6320	32.7
6330	30.7
6340	26.2
6350	25.2
6360	35.2
6370	32.7
6380	30.7095
6390	26.1111
6400	25.1634
6410	35.1634
6420	32.7723
6430	30.8911
6440	26.0396
6450	25.1485
6460	35.1485
6470	32.7723
6480	30.8911
6490	26.0396
6500	25.1443
6510	35.1443
6520	32.8594
6530	30.8304
6540	25.8252
6550	25.1416
6560	35.1416
6570	32.9125
6580	30.6345
6590	25.8095
6600	25.3333
6610	35.3333
6620	32.9098
6630	30.5662
6640	25.8767
6650	25.4717
6660	35.4717
6670	32.7359
6680	30.4717
6690	25.8491
6700	25.4717
6710	35.4717
6720	32.7359
6730	30.4717
6740	25.8491
6750	25.4717
6760	35.4717
6770	32.7359
6780	30.4717
6790	25.8491
6800	25.4717
6810	35.4717
6820	32.7359
6830	30.4717
6840	25.8491
6850	25.4771
6860	35.4771
6870	32.8309
6880	30.6985
6890	25.9259
6900	25.2778
6910	35.2778
6920	32.7505
6930	30.7835
6940	26.1088
6950	25.2727
6960	35.2727
6970	32.5455
6980	30.7273
6990	26.1818
7000	25.2727
7010	35.2727
7020	32.5455
7030	30.7273
7040	26.1818
7050	25.2727
7060	35.2727
7070	32.5455
7080	30.7273
7090	26.1818
7100	25.2727
7110	35.2727
7120	32.5455
7130	30.7273
7140	26.1818
7150	25.2669
7160	35.2669
7170	32.4999
7180	30.6071
7190	26.0177
7200	25.3982
7210	35.3982
7220	32.5664
7230	30.6195
7240	26.0177
7250	25.3982
7260	35.3982
7270	32.5664
7280	30.6195
7290	26.0177
7300	25.3982
7310	35.3982
7320	32.5664
7330	30.6195
7340	26.0228
7350	25.3483
7360	35.3483
7370	32.3852
7380	30.6087
7390	26.2609
7400	25.3961
7410	35.3961
7420	32.275
7430	30.6522
7440	26.4957
7450	25.3846
7460	35.3846
7470	32.1368
7480	30.5983
7490	26.4957
7500	25.3846
7510	35.3846
7520	32.1502
7530	30.5075
7540	26.467
7550	25.4237
7560	35.4237
7570	32.2881
7580	30.4317
7590	26.3639
7600	25.3914
7610	35.3914
7620	32.3529
7630	30.5882
7640	26.3025
7650	25.3782
7660	35.3782
7670	32.3529
7680	30.5882
7690	26.3025
7700	25.3782
7710	35.3782
7720	32.3529
7730	30.5882
7740	26.3025
7750	25.3763
7760	35.3763
7770	32.3924
7780	30.4429
7790	26.25
7800	25.4167
7810	35.4167
7820	32.5
7830	30.4167
7840	26.25
7850	25.4167
7860	35.4167
7870	32.5
7880	30.3916
7890	26.2577
7900	25.4674
7910	35.4674
7920	32.6446
7930	30.2479
7940	26.2007
7950	25.4762
7960	35.4762
7970	32.7314
7980	30.082
7990	26.1475
8000	25.4884
8010	35.4884
8020	32.8613
8030	30.0414
8040	25.9677
8050	25.4902
8060	35.4902
8070	33.0282
8080	30.1848
8090	26.16
8100	25.36
8110	35.36
8120	32.96
8130	30.16
8140	26.16
8150	25.36
8160	35.36
8170	32.96
8180	30.1681
8190	26.1992
8200	25.4404
8210	35.4404
8220	32.7778
8230	30.0794
8240	26.1948
8250	25.4314
8260	35.4314
8270	32.856
8280	30
8290	26.3281
8300	25.3906
8310	35.3906
8320	32.8906
8330	30
8340	26.3281
8350	25.3906
8360	35.3906
8370	32.8906
8380	30
8390	26.3281
8400	25.3906
8410	35.3906
8420	32.9023
8430	30.0436
8440	26.2253
8450	25.3488
8460	35.3488
8470	32.9457
8480	30.1629
8490	26.2395
8500	25.2422
8510	35.2422
8520	32.9231
8530	30.2308
8540	26.3791
8550	25.244
8560	35.244
8570	32.9945
8580	30.3817
8590	26.2595
8600	25.1967
8610	35.1967
8620	33.0182
8630	30.4781
8640	26.4394
8650	25.0798
8660	35.0798
8670	32.8856
8680	30.4938
8690	26.6418
8700	25.0746
8710	35.0746
8720	32.7721
8730	30.3694
8740	26.6166
8750	25.1111
8760	35.1111
8770	32.8889
8780	30.3037
8790	26.6282
8800	25.0108
8810	35.0108
8820	32.8676
8830	30.3676
8840	26.7687
8850	24.9617
8860	34.9617
8870	32.7138
8880	30.3623
8890	26.9565
8900	25.0037
8910	35.0037
8920	32.7518
8930	30.3278
8940	27.0714
8950	24.9268
8960	34.9268
8970	32.8167
8980	30.1625
8990	27.0213
9000	24.9645
9010	34.9645
9020	32.9078
9030	30.1418
9040	27.0213
9050	24.9645
9060	34.9645
9070	32.9078
9080	30.149
9090	27.0543
9100	24.8693
9110	34.8693
9120	32.8873
9130	30.2113
9140	27.1816
9150	24.8379
9160	34.8379
9170	33.0196
9180	30.2759
9190	27.1724
9200	24.7586
9210	34.7586
9220	33.0345
9230	30.2759
9240	27.1724
9250	24.7569
9260	34.7569
9270	32.9332
9280	30.2252
9290	27.1918
9300	24.863
9310	34.863
9320	32.8556
9330	30.2392
9340	27.3169
9350	24.8649
9360	34.8649
9370	32.7027
9380	30.1894
9390	27.3995
9400	24.8195
9410	34.8195
9420	32.8
9430	30.1333
9440	27.4634
9450	24.8334
9460	34.8334
9470	32.9313
9480	30.1316
9490	27.3026
9500	24.801
9510	34.801
9520	32.8641
9530	30.0838
9540	27.3203
9550	24.902
9560	34.902
9570	32.8105
9580	30.0654
9590	27.3203
9600	24.902
9610	34.902
9620	32.8105
9630	30.0654
9640	27.3203
9650	24.902
9660	34.902
9670	32.8105
9680	30.0654
9690	27.3203
9700	24.902
9710	34.902
9720	32.8105
9730	30.0654
9740	27.3154
9750	24.9149
9760	34.9149
9770	32.872
9780	30.1948
9790	27.2078
9800	24.8685
9810	34.8685
9820	32.885
9830	30.27
9840	27.0968
9850	24.8387
9860	34.8387
9870	32.9032
9880	30.3226
9890	27.0968
9900	24.8387
9910	34.8387
9920	32.8739
9930	30.3191
9940	27.1374
9950	24.9359
9960	34.9359
9970	32.7564
9980	30.2691
9990	27.086
10000	24.8286
10010	34.8286
10020	32.7848
10030	30.443
10040	27.1519
10050	24.8101
10060	34.8101
10070	32.7848
10080	30.443
10090	27.1519
10100	24.8133
10110	34.8133
10120	32.8451
10130	30.5928
10140	27.1875
10150	24.6922
10160	34.6922
10170	32.8452
10180	30.7016
10190	27.3292
10200	24.5963
10210	34.5963
10220	32.8038
10230	30.6171
10240	27.306
10250	24.6296
10260	34.6296
10270	32.9012
10280	30.5676
10290	27.2559
10300	24.6757
10310	34.6757
10320	32.8049
10330	30.6098
10340	27.1951
10350	24.6951
10360	34.6951
10370	32.8049
10380	30.6098
10390	27.1951
10400	24.6936
10410	34.6936
10420	32.7156
10430	30.5633
10440	27.2121
10450	24.7864
10460	34.7864
10470	32.5785
10480	30.4996
10490	27.2289
10500	24.8795
10510	34.8795
10520	32.5121
10530	30.5098
10540	27.184
10550	24.9405
10560	34.9405
10570	32.4405
10580	30.5357
10590	27.1429
10600	24.9405
10610	34.9405
10620	32.4405
10630	30.5357
10640	27.1417
10650	24.9221
10660	34.9221
10670	32.5581
10680	30.5848
10690	27.1345
10700	24.8524
10710	34.8524
10720	32.5988
10730	30.6509
10740	27.0349
10750	24.8242
10760	34.8242
10770	32.6417
10780	30.5954
10790	26.9942
10800	24.8555
10810	34.8555
10820	32.7251
10830	30.6087
10840	27.0655
10850	24.7701
10860	34.7701
10870	32.7011
10880	30.6432
10890	27.1804
10900	24.7551
10910	34.7551
10920	32.5568
10930	30.625
10940	27.2701
10950	24.801
10960	34.801
10970	32.496
10980	30.6742
10990	27.191
11000	24.8315
11010	34.8315
11020	32.4719
11030	30.6742
11040	27.191
11050	24.8301
11060	34.8301
11070	32.4968
11080	30.5752
11090	27.1508
11100	24.8603
11110	34.8603
11120	32.578
11130	30.5882
11140	27.0747
11150	24.8333
11160	34.8333
11170	32.6111
11180	30.6498
11190	27.0598
11200	24.87
11210	34.87
11220	32.7072
11230	30.5525
11240	27.0195
11250	24.834
11260	34.834
11270	32.5922
11280	30.5464
11290	27.1585
11300	24.862
11310	34.8621
11320	32.5924
11330	30.6084
11340	27.0652
11350	24.8397
11360	34.8397
11370	32.6614
11380	30.7795
11390	27.0968
11400	24.7312
11410	34.7312
11420	32.6179
11430	30.8302
11440	27.0581
11450	24.7872
11460	34.7872
11470	32.5532
11480	30.8511
11490	27.0213
11500	24.7872
11510	34.7872
11520	32.5532
11530	30.8511
11540	27.0227
11550	24.8029
11560	34.8029
11570	32.609
11580	30.7407
11590	26.9841
11600	24.8135
11610	34.8135
11620	32.6686
11630	30.8001
11640	26.8947
11650	24.7882
11660	34.7882
11670	32.707
11680	30.9009
11690	26.8063
11700	24.7644
11710	34.7644
11720	32.73
11730	30.9696
11740	26.8717
11750	24.6875
11760	34.6875
11770	32.7083
11780	30.9944
11790	26.9523
11800	24.6188
11810	34.6188
11820	32.6943
11830	31.0363
11840	27.0444
11850	24.5808
11860	34.5808
11870	32.7395
11880	31.1795
11890	27.0769
11900	24.5128
11910	34.5128
11920	32.7179
11930	31.1795
11940	27.0769
11950	24.5115
11960	34.5115
11970	32.7395
11980	31.2352
11990	26.9898
12000	24.4898
12010	34.4898
12020	32.7622
12030	31.3013
12040	26.9213
12050	24.467
12060	34.467
12070	32.7919
12080	31.3797
12090	26.9534
12100	24.4563
12110	34.4563
12120	32.6633
12130	31.3568
12140	27.0366
12150	24.4876
12160	34.4876
12170	32.5602
12180	31.3
12190	27.05
12200	24.55
12210	34.55
12220	32.55
12230	31.3
12240	27.05
12250	24.5475
12260	34.5475
12270	32.5927
12280	31.2637
12290	26.9307
12300	24.5545
12310	34.5545
12320	32.6872
12330	31.2584
12340	26.8477
12350	24.5588
12360	34.5588
12370	32.7941
12380	31.279
12390	26.838
12400	24.4947
12410	34.4947
12420	32.7805
12430	31.3171
12440	26.9282
12450	24.4491
12460	34.4491
12470	32.777
12480	31.3592
12490	27.0388
12500	24.4211
12510	34.4211
12520	32.792
12530	31.4162
12540	27.1498
12550	24.3478
12560	34.3478
12570	32.7536
12580	31.401
12590	27.1498
12600	24.3478
12610	34.3478
12620	32.7603
12630	31.4251
12640	27.2095
12650	24.2788
12660	34.2788
12670	32.7404
12680	31.4423
12690	27.2596
12700	24.2788
12710	34.2788
12720	32.7404
12730	31.4423
12740	27.2562
12750	24.2891
12760	34.2891
12770	32.7849
12780	31.5311
12790	27.177
12800	24.2607
12810	34.2607
12820	32.8188
12830	31.4991
12840	27.2512
12850	24.2203
12860	34.2203
12870	32.7972
12880	31.4848
12890	27.3709
12900	24.2253
12910	34.2253
12920	32.7014
12930	31.4507
12940	27.4004
12950	24.2991
12960	34.2991
12970	32.6168
12980	31.406
12990	27.4056
13000	24.2391
13010	34.2391
13020	32.6047
13030	31.4419
13040	27.4884
13050	24.2326
13060	34.2326
13070	32.6047
13080	31.4419
13090	27.4884
13100	24.2326
13110	34.2326
13120	32.6047
13130	31.4419
13140	27.4884
13150	24.2326
13160	34.2326
13170	32.6047
13180	31.4419
13190	27.4884
13200	24.2326
13210	34.2326
13220	32.6111
13230	31.4649
13240	27.545
13250	24.1667
13260	34.1667
13270	32.5926
13280	31.4713
13290	27.6181
13300	24.2513
13310	34.2513
13320	32.5688
13330	31.3303
13340	27.5701
13350	24.2807
13360	34.2807
13370	32.6165
13380	31.2329
13390	27.5342
13400	24.2944
13410	34.2944
13420	32.6046
13430	31.249
13440	27.6471
13450	24.2995
13460	34.2995
13470	32.5947
13480	31.2409
13490	27.6339
13500	24.2411
13510	34.2411
13520	32.6339
13530	31.25
13540	27.6339
13550	24.2411
13560	34.2411
13570	32.6339
13580	31.25
13590	27.6339
13600	24.2411
13610	34.2411
13620	32.6339
13630	31.25
13640	27.6351
13650	24.2554
13660	34.2554
13670	32.6802
13680	31.1556
13690	27.6
13700	24.2687
13710	34.2687
13720	32.7519
13730	31.2554
13740	27.6211
13750	24.187
13760	34.187
13770	32.7713
13780	31.3756
13790	27.6419
13800	24.1048
13810	34.1048
13820	32.7511
13830	31.3974
13840	27.6419
13850	24.1048
13860	34.1048
13870	32.7511
13880	31.4052
13890	27.6831
13900	24.0984
13910	34.0984
13920	32.6407
13930	31.3853
13940	27.7501
13950	24.1267
13960	34.1267
13970	32.6855
13980	31.2931
13990	27.7155
14000	24.1368
14010	34.1368
14020	32.733
14030	31.2145
14040	27.6824
14050	24.165
14060	34.165
14070	32.8284
14080	31.2977
14090	27.7021
14100	24.0851
14110	34.0851
14120	32.7946
14130	31.3363
14140	27.6693
14150	24.135
14160	34.135
14170	32.7426
14180	31.3372
14190	27.6403
14200	24.1654
14210	34.1654
14220	32.8151
14230	31.2605
14240	27.605
14250	24.1597
14260	34.1597
14270	32.8151
14280	31.2605
14290	27.605
14300	24.1627
14310	34.1627
14320	32.8362
14330	31.3096
14340	27.6987
14350	24.0993
14360	34.0993
14370	32.8201
14380	31.3416
14390	27.625
14400	24.0833
14410	34.0833
14420	32.8389
14430	31.3958
14440	27.6755
14450	24.0249
14460	34.0249
14470	32.8216
14480	31.4146
14490	27.7375
14500	23.9725
14510	33.9725
14520	32.8099
14530	31.4463
14540	27.811
14550	23.9806
14560	33.9806
14570	32.852
14580	31.358
14590	27.7778
14600	23.9918
14610	33.9918
14620	32.8807
14630	31.358
14640	27.7778
14650	23.9936
14660	33.9936
14670	32.917
14680	31.4489
14690	27.7959
14700	23.9184
14710	33.9184
14720	32.898
14730	31.4694
14740	27.7959
14750	23.9184
14760	33.9184
14770	32.898
14780	31.4694
14790	27.7959
14800	23.9184
14810	33.9184
14820	32.898
14830	31.4694
14840	27.7941
14850	23.8967
14860	33.8967
14870	32.9316
14880	31.5789
14890	27.8138
14900	23.8439
14910	33.8439
14920	32.8698
14930	31.4701
14940	27.7912
14950	23.9335
14960	33.9335
14970	32.8471
14980	31.3387
14990	27.7689
15000	24.0239
15010	34.0239
15020	32.8738
15030	31.3347
15040	27.8169
15050	23.9683
15060	33.9683
15070	32.8571
15080	31.36
15090	27.8575
15100	23.9529
15110	33.9529
15120	32.7843
15130	31.4118
15140	27.8845
15150	23.9439
15160	33.9439
15170	32.8214
15180	31.3619
15190	27.9377
15200	23.9317
15210	33.9317
15220	32.8013
15230	31.3742
15240	28.0309
15250	23.9371
15260	33.9371
15270	32.6835
15280	31.319
15290	28.0385
15300	24
15310	34
15320	32.6538
15330	31.3077
15340	28.0385
15350	24
15360	34
15370	32.6538
15380	31.3112
15390	28.0562
15400	24.0435
15410	34.0435
15420	32.5671
15430	31.2644
15440	28.047
15450	24.0321
15460	34.0321
15470	32.565
15480	31.2977
15490	28.1298
15500	24.0076
15510	34.0076
15520	32.5573
15530	31.2977
15540	28.1298
15550	24.0082
15560	34.0082
15570	32.6071
15580	31.312
15590	28.1132
15600	23.9623
15610	33.9623
15620	32.6415
15630	31.3208
15640	28.1132
15650	23.9623
15660	33.9623
15670	32.6415
15680	31.3208
15690	28.1132
15700	23.9623
15710	33.9623
15720	32.6415
15730	31.3208
15740	28.1132
15750	23.9623
15760	33.9623
15770	32.6415
15780	31.3208
15790	28.1132
15800	23.9601
15810	33.9601
15820	32.6716
15830	31.2914
15840	28.015
15850	23.969
15860	33.969
15870	32.749
15880	31.3505
15890	27.9478
15900	23.9552
15910	33.9552
15920	32.7489
15930	31.336
15940	27.9549
15950	24.037
15960	34.037
15970	32.7407
15980	31.266
15990	27.9601
16000	24.032
16010	34.032
16020	32.6471
16030	31.25
16040	28.012
16050	24.0527
16060	34.0527
16070	32.6815
16080	31.3187
16090	27.9487
16100	24.0273
16110	34.0273
16120	32.6343
16130	31.3268
16140	27.8909
16150	24.0743
16160	34.0743
16170	32.6512
16180	31.321
16190	27.9422
16200	24.0433
16210	34.0433
16220	32.6861
16230	31.2961
16240	27.9203
16250	24
16260	34
16270	32.75
16280	31.3214
16290	27.9286
16300	24
16310	34
16320	32.75
16330	31.3214
16340	27.9295
16350	24.0119
16360	34.0119
16370	32.7867
16380	31.2456
16390	27.9004
16400	24.0204
16410	34.0204
16420	32.8255
16430	31.1806
16440	27.8723
16450	24.0441
16460	34.0441
16470	32.9038
16480	31.2495
16490	27.8873
16500	23.9789
16510	33.9789
16520	32.892
16530	31.2292
16540	27.8733
16550	24
16560	34
16570	32.9474
16580	31.193
16590	27.8596
16600	24
16610	34
16620	32.9474
16630	31.193
16640	27.8606
16650	24.0116
16660	34.0116
16670	32.9829
16680	31.1189
16690	27.8322
16700	24.0191
16710	34.0191
16720	33.0341
16730	31.0932
16740	27.7431
16750	24.0268
16760	34.0268
16770	33.1037
16780	31.1486
16790	27.6817
16800	24.0138
16810	34.0138
16820	33.1187
16830	31.1942
16840	27.6339
16850	24
16860	34
16870	33.1379
16880	31.2479
16890	27.6533
16900	23.9952
16910	33.9952
16920	33.0479
16930	31.2329
16940	27.7064
16950	23.9805
16960	33.9805
16970	33.0448
16980	31.2628
16990	27.7816
17000	23.9606
17010	33.9606
17020	33.0028
17030	31.2743
17040	27.8644
17050	23.9661
17060	33.9661
17070	32.9492
17080	31.2542
17090	27.8644
17100	23.9661
17110	33.9661
17120	32.9492
17130	31.2542
17140	27.8644
17150	23.9661
17160	33.9661
17170	32.9492
17180	31.2574
17190	27.8329
17200	23.9572
17210	33.9572
17220	32.973
17230	31.3176
17240	27.8041
17250	23.9527
17260	33.9527
17270	32.973
17280	31.3176
17290	27.8041
17300	23.9551
17310	33.9551
17320	32.9895
17330	31.3568
17340	27.8788
17350	23.9048
17360	33.9048
17370	32.9122
17380	31.3187
17390	27.8859
17400	23.9597
17410	33.9597
17420	32.8703
17430	31.3055
17440	27.906
17450	24.0134
17460	34.0134
17470	32.8094
17480	31.2637
17490	27.9107
17500	23.9956
17510	33.9956
17520	32.8571
17530	31.2292
17540	27.9411
17550	23.9978
17560	33.9978
17570	32.7884
17580	31.1921
17590	27.947
17600	24.0421
17610	34.0421
17620	32.798
17630	31.2307
17640	28.0198
17650	23.9948
17660	33.9948
17670	32.8017
17680	31.2945
17690	28.0328
17700	23.9344
17710	33.9344
17720	32.7913
17730	31.3279
17740	28.0717
17750	23.8889
17760	33.8889
17770	32.7778
17780	31.3328
17790	28.0761
17800	23.9048
17810	33.9048
17820	32.8571
17830	31.3312
17840	28.0212
17850	23.9179
17860	33.9179
17870	32.8231
17880	31.2258
17890	28
17900	23.9682
17910	33.9682
17920	32.8797
17930	31.2388
17940	27.9872
17950	23.9288
17960	33.9288
17970	32.8593
17980	31.2195
17990	27.9936
18000	23.9809
18010	33.9809
18020	32.8386
18030	31.2262
18040	28.0315
18050	23.9365
18060	33.9365
18070	32.8254
18080	31.2381
18090	28.0635
18100	23.9365
18110	33.9365
18120	32.8254
18130	31.2381
18140	28.0635
18150	23.9365
18160	33.9365
18170	32.8254
18180	31.2381
18190	28.0635
18200	23.9365
18210	33.9365
18220	32.8254
18230	31.2381
18240	28.0635
18250	23.9365
18260	33.9365
18270	32.8254
18280	31.2381
18290	28.0635
18300	23.9365
18310	33.9365
18320	32.8254
18330	31.2381
18340	28.0635
18350	23.9365
18360	33.9365
18370	32.8254
18380	31.2439
18390	28.0485
18400	23.9642
18410	33.9642
18420	32.776
18430	31.2618
18440	28.0135
18450	23.9853
18460	33.9853
18470	32.7109
18480	31.2264
18490	28.0189
18500	24.0274
18510	34.0274
18520	32.7201
18530	31.263
18540	28.0878
18550	23.9812
18560	33.9812
18570	32.6959
18580	31.2539
18590	28.0878
18600	23.9812
18610	33.9812
18620	32.6814
18630	31.2508
18640	28.1061
18650	24.0312
18660	34.0312
18670	32.625
18680	31.2188
18690	28.0938
18700	24.0312
18710	34.0312
18720	32.625
18730	31.2188
18740	28.0938
18750	24.0312
18760	34.0312
18770	32.625
18780	31.2188
18790	28.0938
18800	24.0335
18810	34.0335
18820	32.6407
18830	31.2551
18840	28.162
18850	23.9875
18860	33.9875
18870	32.6168
18880	31.2461
18890	28.162
18900	23.9875
18910	33.9875
18920	32.6067
18930	31.2585
18940	28.136
18950	24.0248
18960	34.0248
18970	32.5697
18980	31.2721
18990	28.0824
19000	24.0166
19010	34.0166
19020	32.5926
19030	31.3272
19040	28.0556
19050	24.0123
19060	34.0123
19070	32.5926
19080	31.3272
19090	28.0556
19100	24.0115
19110	34.0115
19120	32.5466
19130	31.3013
19140	28.0615
19150	24.0615
19160	34.0615
19170	32.5231
19180	31.2923
19190	28.0615
19200	24.0615
19210	34.0615
19220	32.5231
19230	31.2923
19240	28.0615
19250	24.0615
19260	34.0615
19270	32.5231
19280	31.2978
19290	28.0897
19300	24.0574
19310	34.0574
19320	32.4465
19330	31.2844
19340	28.1331
19350	24.0847
19360	34.0846
19370	32.4134
19380	31.307
19390	28.0851
19400	24.1047
19410	34.1047
19420	32.4294
19430	31.3741
19440	28.0967
19450	24.0475
19460	34.0475
19470	32.4294
19480	31.3341
19490	28.0723
19500	24.0663
19510	34.0663
19520	32.4741
19530	31.3402
19540	28.1079
19550	24.024
19560	34.024
19570	32.4625
19580	31.354
19590	28.1519
19600	24.058
19610	34.058
19620	32.3952
19630	31.3174
19640	28.1437
19650	24.0719
19660	34.0719
19670	32.3952
19680	31.3174
19690	28.1437
19700	24.0732
19710	34.0732
19720	32.3664
19730	31.3268
19740	28.2143
19750	24.0795
19760	34.0795
19770	32.3368
19780	31.3439
19790	28.2789
19800	24.0356
19810	34.0356
19820	32.3145
19830	31.3353
19840	28.2789
19850	24.0356
19860	34.0356
19870	32.3145
19880	31.3353
19890	28.2789
19900	24.0356
19910	34.0356
19920	32.3145
19930	31.3353
19940	28.2797
19950	24.0457
19960	34.0457
19970	32.3461
19980	31.2722
19990	28.2544
20000	24.0545
20010	34.0545
20020	32.3384
20030	31.2816
20040	28.3235
20050	24.0588
20060	34.0588
20070	32.2941
20080	31.2647
20090	28.3235
20100	24.0588
20110	34.0588
20120	32.2983
20130	31.2792
20140	28.3578
20150	24.0176
20160	34.0176
20170	32.2874
20180	31.2929
20190	28.4002
20200	23.9807
20210	33.9807
20220	32.2807
20230	31.3158
20240	28.4503
20250	23.9766
20260	33.9766
20270	32.2807
20280	31.3158
20290	28.4503
20300	23.9766
20310	33.9766
20320	32.2807
20330	31.3158
20340	28.4503
20350	23.9749
20360	33.9749
20370	32.3049
20380	31.2926
20390	28.3721
20400	23.9826
20410	33.9826
20420	32.3587
20430	31.2761
20440	28.3595
20450	24
20460	34
20470	32.4058
20480	31.249
20490	28.3608
20500	24.0329
20510	34.0329
20520	32.341
20530	31.2139
20540	28.3533
20550	24.0561
20560	34.0561
20570	32.3718
20580	31.1527
20590	28.3285
20600	24.0634
20610	34.0634
20620	32.3919
20630	31.1527
20640	28.3285
20650	24.0626
20660	34.0626
20670	32.4039
20680	31.1834
20690	28.2759
20700	24.0517
20710	34.0517
20720	32.4257
20730	31.2039
20740	28.2563
20750	24.0171
20760	34.0171
20770	32.4786
20780	31.2251
20790	28.2621
20800	24.0171
20810	34.0171
20820	32.4786
20830	31.2251
20840	28.2628
20850	24.0267
20860	34.0267
20870	32.4205
20880	31.1932
20890	28.267
20900	24.0625
20910	34.0625
20920	32.4148
20930	31.1932
20940	28.267
20950	24.0645
20960	34.0645
20970	32.4293
20980	31.2262
20990	28.3286
21000	24.0227
21010	34.0227
21020	32.4079
21030	31.2181
21040	28.3286
21050	24.0227
21060	34.0227
21070	32.4079
21080	31.2181
21090	28.3286
21100	24.0227
21110	34.0227
21120	32.4079
21130	31.2181
21140	28.3272
21150	24.039
21160	34.039
21170	32.3775
21180	31.2394
21190	28.2817
21200	24.0563
21210	34.0563
21220	32.3662
21230	31.2394
21240	28.2817
21250	24.0563
21260	34.0563
21270	32.3662
21280	31.2394
21290	28.2817
21300	24.0563
21310	34.0563
21320	32.3701
21330	31.2534
21340	28.2415
21350	24.0449
21360	34.0449
21370	32.3876
21380	31.2946
21390	28.2039
21400	24.0375
21410	34.0375
21420	32.409
21430	31.3445
21440	28.1793
21450	24.0336
21460	34.0336
21470	32.409
21480	31.3445
21490	28.1793
21500	24.0328
21510	34.0328
21520	32.4205
21530	31.293
21540	28.1564
21550	24.0503
21560	34.0503
21570	32.4581
21580	31.2849
21590	28.1564
21600	24.0503
21610	34.0503
21620	32.4658
21630	31.2681
21640	28.1775
21650	24.0278
21660	34.0278
21670	32.5
21680	31.255
21690	28.1809
21700	24.0518
21710	34.0518
21720	32.4586
21730	31.2707
21740	28.1492
21750	24.0608
21760	34.0608
21770	32.4586
21780	31.2707
21790	28.1492
21800	24.06
21810	34.06
21820	32.4699
21830	31.2201
21840	28.1267
21850	24.0771
21860	34.0771
21870	32.5069
21880	31.2121
21890	28.1267
21900	24.0771
21910	34.0771
21920	32.4942
21930	31.2094
21940	28.1427
21950	24.1209
21960	34.1209
21970	32.4451
21980	31.1838
21990	28.106
22000	24.1134
22010	34.1134
22020	32.4658
22030	31.2329
22040	28.0829
22050	24.0887
22060	34.0886
22070	32.4645
22080	31.2568
22090	28.1421
22100	24.0715
22110	34.0715
22120	32.4953
22130	31.2674
22140	28.1301
22150	24.0379
22160	34.0379
22170	32.5203
22180	31.2737
22190	28.1301
22200	24.0379
22210	34.0379
22220	32.5241
22230	31.2872
22240	28.0917
22250	24.027
22260	34.027
22270	32.5405
22280	31.3243
22290	28.0811
22300	24.027
22310	34.027
22320	32.5405
22330	31.3243
22340	28.0811
22350	24.027
22360	34.027
22370	32.5405
22380	31.3243
22390	28.0811
22400	24.029
22410	34.029
22420	32.5542
22430	31.3556
22440	28.1402
22450	23.9885
22460	33.9885
22470	32.5446
22480	31.2981
22490	28.1183
22500	24.0054
22510	34.0054
22520	32.5843
22530	31.3037
22540	28.0803
22550	23.9946
22560	33.9946
22570	32.6005
22580	31.3322
22590	28.0714
22600	24.0144
22610	34.0144
22620	32.6471
22630	31.2834
22640	28.0481
22650	24.0107
22660	34.0107
22670	32.6471
22680	31.2834
22690	28.0481
22700	24.0099
22710	34.0099
22720	32.6578
22730	31.2344
22740	28.0267
22750	24.0267
22760	34.0267
22770	32.6933
22780	31.2267
22790	28.0267
22800	24.0267
22810	34.0267
22820	32.6933
22830	31.2267
22840	28.0267
22850	24.0267
22860	34.0267
22870	32.6933
22880	31.2267
22890	28.0267
22900	24.0267
22910	34.0267
22920	32.6933
22930	31.2267
22940	28.0267
22950	24.0267
22960	34.0267
22970	32.6933
22980	31.2267
22990	28.0267
23000	24.0267
23010	34.0267
23020	32.6933
23030	31.2267
23040	28.0267
23050	24.0259
23060	34.0259
23070	32.704
23080	31.2551
23090	27.9787
23100	24.016
23110	34.016
23120	32.7077
23130	31.3005
23140	27.9887
23150	24.0106
23160	34.0106
23170	32.6649
23180	31.3193
23190	27.9947
23200	24.0106
23210	34.0106
23220	32.6649
23230	31.3193
23240	27.9961
23250	24.0281
23260	34.0281
23270	32.638
23280	31.2336
23290	27.979
23300	24.0675
23310	34.0675
23320	32.6616
23330	31.1856
23340	27.9581
23350	24.0838
23360	34.0838
23370	32.6963
23380	31.178
23390	27.9581
23400	24.0838
23410	34.0838
23420	32.6999
23430	31.1912
23440	27.9893
23450	24.047
23460	34.047
23470	32.6893
23480	31.2002
23490	28.0168
23500	24.0554
23510	34.0554
23520	32.6873
23530	31.1886
23540	28.0091
23550	24.0431
23560	34.0431
23570	32.7099
23580	31.2596
23590	28.0206
23600	24.0114
23610	34.0114
23620	32.7223
23630	31.2425
23640	28.0563
23650	23.9891
23660	33.9891
23670	32.7468
23680	31.2548
23690	28.0102
23700	23.9796
23710	33.9796
23720	32.7619
23730	31.2604
23740	27.9641
23750	23.9848
23760	33.9848
23770	32.8173
23780	31.2714
23790	27.9559
23800	24.0135
23810	34.0135
23820	32.7595
23830	31.2405
23840	27.95
23850	24.0059
23860	34.0059
23870	32.7578
23880	31.2626
23890	28.0051
23900	23.9892
23910	33.9892
23920	32.7147
23930	31.2416
23940	28.0101
23950	24.0295
23960	34.0295
23970	32.7053
23980	31.2611
23990	27.9648
24000	24.0201
24010	34.0201
24020	32.717
24030	31.294
24040	27.9296
24050	24.01
24060	34.01
24070	32.7318
24080	31.3283
24090	27.9198
24100	24.01
24110	34.01
24120	32.7318
24130	31.3283
24140	27.9211
24150	23.9992
24160	33.9992
24170	32.6786
24180	31.3217
24190	27.9801
24200	24.015
24210	34.015
24220	32.6683
24230	31.3217
24240	27.9801
24250	24.015
24260	34.015
24270	32.6683
24280	31.3217
24290	27.9801
24300	24.015
24310	34.015
24320	32.6636
24330	31.3043
24340	27.9498
24350	24.0594
24360	34.0594
24370	32.6733
24380	31.2795
24390	27.9224
24400	24.0774
24410	34.0774
24420	32.716
24430	31.2346
24440	27.9019
24450	24.0822
24460	34.0822
24470	32.6652
24480	31.2069
24490	27.9064
24500	24.1126
24510	34.1126
24520	32.6701
24530	31.2332
24540	27.8624
24550	24.1043
24560	34.1043
24570	32.7005
24580	31.3078
24590	27.8729
24600	24.0587
24610	34.0587
24620	32.6928
24630	31.3325
24640	27.8387
24650	24.0488
24660	34.0488
24670	32.7073
24680	31.3681
24690	27.8407
24700	24.0179
24710	34.0179
24720	32.7007
24730	31.3869
24740	27.8845
24750	24.0307
24760	34.0307
24770	32.6757
24780	31.3075
24790	27.8692
24800	24.0678
24810	34.0678
24820	32.6877
24830	31.3075
24840	27.8692
24850	24.0695
24860	34.0695
24870	32.6998
24880	31.3356
24890	27.9227
24900	24.0338
24910	34.0338
24920	32.6844
24930	31.3405
24940	27.9515
24950	24
24960	34
24970	32.6747
24980	31.3494
24990	27.9759
25000	24
25010	34
25020	32.6747
25030	31.3494
25040	27.9759
25050	24
25060	34
25070	32.6747
25080	31.3494
25090	27.9759
25100	23.9987
25110	33.9987
25120	32.6484
25130	31.3546
25140	27.9376
25150	24.0281
25160	34.0281
25170	32.6476
25180	31.3922
25190	27.8947
25200	24.0191
25210	34.0191
25220	32.6555
25230	31.4115
25240	27.8947
25250	24.0191
25260	34.0191
25270	32.6555
25280	31.4041
25290	27.8964
25300	24.0367
25310	34.0367
25320	32.6969
25330	31.3604
25340	27.8772
25350	24.023
25360	34.023
25370	32.7199
25380	31.3302
25390	27.9097
25400	24.0143
25410	34.0143
25420	32.7316
25430	31.3302
25440	27.9097
25450	24.0153
25460	34.0153
25470	32.7529
25480	31.3142
25490	27.9433
25500	23.9953
25510	33.9953
25520	32.7691
25530	31.3121
25540	27.9715
25550	23.9623
25560	33.9623
25570	32.7594
25580	31.3229
25590	28.0062
25600	23.9326
25610	33.9326
25620	32.7529
25630	31.3412
25640	28.0477
25650	23.9373
25660	33.9373
25670	32.7771
25680	31.2911
25690	28.0282
25700	23.943
25710	33.943
25720	32.8027
25730	31.2481
25740	28.0094
25750	23.9589
25760	33.9589
25770	32.8545
25780	31.2257
25790	28.042
25800	23.9394
25810	33.9394
25820	32.8764
25830	31.2102
25840	28.0274
25850	23.912
25860	33.912
25870	32.9167
25880	31.2269
25890	28.0324
25900	23.912
25910	33.912
25920	32.9167
25930	31.2269
25940	28.0324
25950	23.912
25960	33.912
25970	32.9167
25980	31.2269
25990	28.0324
26000	23.9114
26010	33.9114
26020	32.8818
26030	31.2076
26040	28.037
26050	23.9485
26060	33.9485
26070	32.8728
26080	31.1587
26090	28.0184
26100	23.9631
26110	33.9631
26120	32.8925
26130	31.15
26140	28.032
26150	24
26160	34
26170	32.8506
26180	31.1264
26190	28.023
26200	24
26210	34
26220	32.8506
26230	31.1264
26240	28.0236
26250	24.0077
26260	34.0077
26270	32.803
26280	31.1009
26290	28.0275
26300	24.0354
26310	34.0354
26320	32.773
26330	31.0405
26340	28.0137
26350	24.0861
26360	34.0861
26370	32.7513
26380	31.0088
26390	28.0182
26400	24.123
26410	34.123
26420	32.7335
26430	31.0023
26440	28.0182
26450	24.123
26460	34.123
26470	32.7335
26480	30.9953
26490	28.0195
26500	24.1395
26510	34.1395
26520	32.7727
26530	30.9545
26540	27.9989
26550	24.1491
26560	34.1491
26570	32.8173
26580	30.9502
26590	27.9412
26600	24.1403
26610	34.1403
26620	32.8281
26630	30.9502
26640	27.9412
26650	24.139
26660	34.139
26670	32.8034
26680	30.9566
26690	27.9054
26700	24.1667
26710	34.1667
26720	32.7959
26730	30.9441
26740	27.8963
26750	24.1798
26760	34.1798
26770	32.8315
26780	30.9145
26790	27.889
26800	24.1959
26810	34.1959
26820	32.87
26830	30.8744
26840	27.8711
26850	24.1829
26860	34.1829
26870	32.8221
26880	30.8705
26890	27.9241
26900	24.1974
26910	34.1974
26920	32.7905
26930	30.8793
26940	27.9778
26950	24.2016
26960	34.2016
26970	32.7668
26980	30.8932
26990	28.0266
27000	24.1685
27010	34.1685
27020	32.7525
27030	30.8983
27040	27.9953
27050	24.1593
27060	34.1593
27070	32.7655
27080	30.9313
27090	27.9968
27100	24.1311
27110	34.1311
27120	32.7594
27130	30.9492
27140	28.0337
27150	24.1331
27160	34.1331
27170	32.78
27180	30.9912
27190	27.9956
27200	24.1189
27210	34.1189
27220	32.7753
27230	30.9912
27240	27.9956
27250	24.1205
27260	34.1205
27270	32.7864
27280	31.0173
27290	28.044
27300	24.0879
27310	34.0879
27320	32.7752
27330	30.9984
27340	28.004
27350	24.0919
27360	34.0919
27370	32.8228
27380	31.0107
27390	27.9764
27400	24.1105
27410	34.1105
27420	32.7887
27430	31.024
27440	27.9526
27450	24.1248
27460	34.1248
27470	32.8111
27480	30.9783
27490	27.9348
27500	24.1314
27510	34.1314
27520	32.8457
27530	30.9648
27540	27.9654
27550	24.112
27560	34.112
27570	32.8247
27580	30.9349
27590	27.9698
27600	24.1469
27610	34.1469
27620	32.8107
27630	30.9054
27640	27.9609
27650	24.1595
27660	34.1595
27670	32.8448
27680	30.8836
27690	27.9526
27700	24.1595
27710	34.1595
27720	32.8448
27730	30.8836
27740	27.9531
27750	24.1429
27760	34.1429
27770	32.8433
27780	30.9032
27790	28
27800	24.1278
27810	34.1278
27820	32.8152
27830	30.8473
27840	27.9872
27850	24.175
27860	34.175
27870	32.8352
27880	30.7966
27890	27.9701
27900	24.188
27910	34.188
27920	32.8661
27930	30.8017
27940	27.94
27950	24.1791
27960	34.1791
27970	32.8785
27980	30.8316
27990	27.9318
28000	24.1791
28010	34.1791
28020	32.8785
28030	30.8316
28040	27.9329
28050	24.1697
28060	34.1697
28070	32.833
28080	30.828
28090	27.983
28100	24.1808
28110	34.1808
28120	32.8093
28130	30.7964
28140	27.9325
28150	24.2188
28160	34.2188
28170	32.8355
28180	30.7639
28190	27.9158
28200	24.2316
28210	34.2316
28220	32.8563
28230	30.7337
28240	27.9196
28250	24.2767
28260	34.2767
28270	32.8512
28280	30.6959
28290	27.9226
28300	24.2729
28310	34.2729
28320	32.7975
28330	30.6889
28340	27.9546
28350	24.2636
28360	34.2636
28370	32.7962
28380	30.7083
28390	28
28400	24.25
28410	34.25
28420	32.7917
28430	30.7083
28440	28
28450	24.2489
28460	34.2489
28470	32.7692
28480	30.6548
28490	27.9876
28500	24.2946
28510	34.2946
28520	32.7801
28530	30.6432
28540	27.9876
28550	24.2946
28560	34.2946
28570	32.7801
28580	30.6369
28590	27.9886
28600	24.3093
28610	34.3093
28620	32.8157
28630	30.6004
28640	27.971
28650	24.3064
28660	34.3064
28670	32.8157
28680	30.6004
28690	27.971
28700	24.3059
28710	34.3059
28720	32.8242
28730	30.5636
28740	27.9545
28750	24.3182
28760	34.3182
28770	32.8512
28780	30.5578
28790	27.9545
28800	24.3182
28810	34.3182
28820	32.8541
28830	30.5688
28840	27.9254
28850	24.3093
28860	34.3093
28870	32.866
28880	30.6
28890	27.9269
28900	24.2827
28910	34.2827
28920	32.8601
28930	30.6173
28940	27.9635
28950	24.2865
28960	34.2865
28970	32.8177
28980	30.5955
28990	27.9671
29000	24.3116
29010	34.3116
29020	32.7826
29030	30.5795
29040	27.9713
29050	24.3457
29060	34.3457
29070	32.7769
29080	30.5987
29090	28.0164
29100	24.3149
29110	34.3149
29120	32.7607
29130	30.593
29140	28.0164
29150	24.3149
29160	34.3149
29170	32.7607
29180	30.593
29190	28.0164
29200	24.3149
29210	34.3149
29220	32.7607
29230	30.593
29240	28.0169
29250	24.3216
29260	34.3216
29270	32.782
29280	30.551
29290	28
29300	24.326
29310	34.326
29320	32.8043
29330	30.5739
29340	27.9633
29350	24.3177
29360	34.3177
29370	32.8106
29380	30.5906
29390	27.9633
29400	24.3177
29410	34.3177
29420	32.8106
29430	30.5906
29440	27.9633
29450	24.3177
29460	34.3177
29470	32.8106
29480	30.5946
29490	27.9816
29500	24.3139
29510	34.3139
29520	32.7586
29530	30.5882
29540	28.0117
29550	24.316
29560	34.316
29570	32.735
29580	30.625
29590	28.0242
29600	24.3143
29610	34.3143
29620	32.7188
29630	30.6202
29640	28.02
29650	24.3195
29660	34.3195
29670	32.7282
29680	30.5844
29690	28.004
29700	24.3313
29710	34.3313
29720	32.7573
29730	30.5894
29740	27.9758
29750	24.3227
29760	34.3227
29770	32.7689
29780	30.6175
29790	27.9681
29800	24.3227
29810	34.3227
29820	32.7689
29830	30.6175
29840	27.9686
29850	24.3073
29860	34.3073
29870	32.7678
29880	30.6362
29890	28.0119
29900	24.2942
29910	34.2942
29920	32.7634
29930	30.6362
29940	28.0119
29950	24.2942
29960	34.2942
29970	32.7634
29980	30.6362
29990	28.0119
30000	24.2942
30010	34.2942
30020	32.757
30030	30.6452
30040	27.9954
30050	24.3168
30060	34.3168
30070	32.7327
30080	30.6554
30090	27.9891
30100	24.3387
30110	34.3387
30120	32.6877
30130	30.6324
30140	27.9827
30150	24.3523
30160	34.3523
30170	32.7064
30180	30.6706
30190	27.9487
30200	24.3396
30210	34.3396
30220	32.7285
30230	30.6812
30240	27.9412
30250	24.3137
30260	34.3137
30270	32.7451
30280	30.6863
30290	27.9412
30300	24.3137
30310	34.3137
30320	32.7505
30330	30.7068
30340	27.9368
30350	24.2773
30360	34.2773
30370	32.7539
30380	30.7441
30390	27.9308
30400	24.2717
30410	34.2717
30420	32.768
30430	30.7797
30440	27.9142
30450	24.269
30460	34.269
30470	32.768
30480	30.7797
30490	27.9142
30500	24.2704
30510	34.2704
30520	32.778
30530	30.8032
30540	27.9572
30550	24.2407
30560	34.2407
30570	32.7337
30580	30.7822
30590	27.9612
30600	24.2718
30610	34.2718
30620	32.7211
30630	30.7558
30640	27.9532
30650	24.2829
30660	34.2829
30670	32.7519
30680	30.7383
30690	27.9545
30700	24.3044
30710	34.3044
30720	32.7079
30730	30.7157
30740	27.9507
30750	24.3259
30760	34.3259
30770	32.6885
30780	30.6551
30790	27.9383
30800	24.354
30810	34.354
30820	32.669
30830	30.64
30840	27.9423
30850	24.3841
30860	34.3841
30870	32.6254
30880	30.6196
30890	27.9463
30900	24.4146
30910	34.4146
30920	32.6104
30930	30.6142
30940	27.9463
30950	24.4146
30960	34.4146
30970	32.6104
30980	30.6121
30990	27.9377
31000	24.4432
31010	34.4432
31020	32.6145
31030	30.5916
31040	27.9008
31050	24.4466
31060	34.4466
31070	32.6145
31080	30.5916
31090	27.9008
31100	24.4455
31110	34.4455
31120	32.5945
31130	30.5981
31140	27.8707
31150	24.4672
31160	34.4672
31170	32.5576
31180	30.5936
31190	27.8748
31200	24.4972
31210	34.4972
31220	32.5427
31230	30.5882
31240	27.8748
31250	24.4972
31260	34.4972
31270	32.5427
31280	30.5882
31290	27.8748
31300	24.4972
31310	34.4972
31320	32.5427
31330	30.5882
31340	27.8734
31350	24.5013
31360	34.5013
31370	32.5609
31380	30.625
31390	27.8409
31400	24.4886
31410	34.4886
31420	32.5568
31430	30.625
31440	27.8409
31450	24.489
31460	34.489
31470	32.547
31480	30.5997
31490	27.8719
31500	24.5009
31510	34.5009
31520	32.5424
31530	30.5838
31540	27.8719
31550	24.5009
31560	34.5009
31570	32.5424
31580	30.5874
31590	27.8626
31600	24.5157
31610	34.5157
31620	32.5141
31630	30.6004
31640	27.8429
31650	24.5275
31660	34.5275
31670	32.4759
31680	30.5805
31690	27.8464
31700	24.5501
31710	34.5501
31720	32.4445
31730	30.566
31740	27.8505
31750	24.578
31760	34.578
31770	32.4189
31780	30.5342
31790	27.8067
31800	24.6097
31810	34.6097
31820	32.4377
31830	30.5191
31840	27.7991
31850	24.6197
31860	34.6197
31870	32.4675
31880	30.5045
31890	27.783
31900	24.5895
31910	34.5895
31920	32.4769
31930	30.5545
31940	27.8013
31950	24.5755
31960	34.5755
31970	32.4959
31980	30.5341
31990	27.8269
32000	24.5672
32010	34.5672
32020	32.5046
32030	30.5341
32040	27.8269
32050	24.5667
32060	34.5667
32070	32.5125
32080	30.5548
32090	27.7941
32100	24.5588
32110	34.5588
32120	32.5184
32130	30.5699
32140	27.7941
32150	24.5588
32160	34.5588
32170	32.5184
32180	30.5716
32190	27.8024
32200	24.5788
32210	34.5788
32220	32.4771
32230	30.5505
32240	27.7986
32250	24.5728
32260	34.5728
32270	32.4765
32280	30.5678
32290	27.8388
32300	24.56
32310	34.56
32320	32.4457
32330	30.5536
32340	27.8428
32350	24.589
32360	34.589
32370	32.457
32380	30.5589
32390	27.8364
32400	24.5636
32410	34.5636
32420	32.4645
32430	30.5623
32440	27.847
32450	24.5917
32460	34.5917
32470	32.4319
32480	30.5462
32490	27.8485
32500	24.5679
32510	34.5679
32520	32.4275
32530	30.5616
32540	27.8795
32550	24.555
32560	34.555
32570	32.4445
32580	30.6137
32590	27.8881
32600	24.5307
32610	34.5307
32620	32.4368
32630	30.6137
32640	27.8881
32650	24.5307
32660	34.5307
32670	32.4368
32680	30.6137
32690	27.8881
32700	24.5307
32710	34.5307
32720	32.4368
32730	30.6137
32740	27.8881
32750	24.5307
32760	34.5307
32770	32.4368
32780	30.6171
32790	27.8791
32800	24.5448
32810	34.5448
32820	32.4101
32830	30.6295
32840	27.8606
32850	24.5618
32860	34.5618
32870	32.3929
32880	30.5735
32890	27.8495
32900	24.5873
32910	34.5873
32920	32.4092
32930	30.5936
32940	27.8175
32950	24.5796
32960	34.5796
32970	32.415
32980	30.6082
32990	27.8175
33000	24.5796
33010	34.5796
33020	32.415
33030	30.6082
33040	27.8175
33050	24.5796
33060	34.5796
33070	32.415
33080	30.6099
33090	27.8006
33100	24.574
33110	34.574
33120	32.4286
33130	30.6429
33140	27.7848
33150	24.5809
33160	34.5809
33170	32.4648
33180	30.6406
33190	27.7402
33200	24.572
33210	34.572
33220	32.455
33230	30.5952
33240	27.7305
33250	24.6099
33260	34.6099
33270	32.4645
33280	30.5851
33290	27.7305
33300	24.6099
33310	34.6099
33320	32.4671
33330	30.5944
33340	27.7056
33350	24.6018
33360	34.6018
33370	32.4779
33380	30.6211
33390	27.7072
33400	24.5785
33410	34.5785
33420	32.4735
33430	30.636
33440	27.7377
33450	24.5853
33460	34.5853
33470	32.4547
33480	30.6514
33490	27.7113
33500	24.5951
33510	34.5951
33520	32.4472
33530	30.6514
33540	27.7113
33550	24.5946
33560	34.5946
33570	32.4214
33580	30.6377
33590	27.7153
33600	24.6221
33610	34.6221
33620	32.4103
33630	30.6419
33640	27.6906
33650	24.614
33660	34.614
33670	32.4211
33680	30.6683
33690	27.6922
33700	24.633
33710	34.633
33720	32.3818
33730	30.648
33740	27.687
33750	24.6447
33760	34.6447
33770	32.3988
33780	30.6818
33790	27.6573
33800	24.6324
33810	34.6324
33820	32.4028
33830	30.7013
33840	27.6265
33850	24.6248
33860	34.6248
33870	32.4084
33880	30.7155
33890	27.6265
33900	24.6248
33910	34.6248
33920	32.4084
33930	30.7155
33940	27.6265
33950	24.6248
33960	34.6248
33970	32.4084
33980	30.7172
33990	27.6345
34000	24.6019
34010	34.6019
34020	32.4042
34030	30.7317
34040	27.6669
34050	24.5965
34060	34.5965
34070	32.387
34080	30.6932
34090	27.695
34100	24.6113
34110	34.6113
34120	32.401
34130	30.7143
34140	27.7336
34150	24.5843
34160	34.5843
34170	32.3951
34180	30.7286
34190	27.7029
34200	24.5769
34210	34.5769
34220	32.4032
34230	30.7516
34240	27.6787
34250	24.569
34260	34.569
34270	32.4138
34280	30.7706
34290	27.6734
34300	24.5808
34310	34.5808
34320	32.4441
34330	30.7401
34340	27.6597
34350	24.5648
34360	34.5648
34370	32.4435
34380	30.756
34390	27.6976
34400	24.5528
34410	34.5528
34420	32.4147
34430	30.7425
34440	27.7015
34450	24.5793
34460	34.5793
34470	32.4088
34480	30.707
34490	27.6884
34500	24.589
34510	34.589
34520	32.4287
34530	30.6912
34540	27.6678
34550	24.6167
34560	34.6167
34570	32.4361
34580	30.6814
34590	27.6491
34600	24.6167
34610	34.6167
34620	32.4361
34630	30.6814
34640	27.6487
34650	24.6123
34660	34.6123
34670	32.4175
34680	30.7119
34690	27.661
34700	24.6102
34710	34.6102
34720	32.4068
34730	30.7119
34740	27.661
34750	24.6097
34760	34.6097
34770	32.382
34780	30.6986
34790	27.665
34800	24.6362
34810	34.6362
34820	32.3612
34830	30.6924
34840	27.6751
34850	24.6622
34860	34.6622
34870	32.3311
34880	30.6757
34890	27.6689
34900	24.6622
34910	34.6622
34920	32.3311
34930	30.6757
34940	27.6698
34950	24.6542
34960	34.6542
34970	32.2966
34980	30.6734
34990	27.7104
35000	24.6624
35010	34.6624
35020	32.2726
35030	30.679
35040	27.6846
35050	24.682
35060	34.682
35070	32.2817
35080	30.727
35090	27.6923
35100	24.6488
35110	34.6488
35120	32.2767
35130	30.7177
35140	27.6856
35150	24.6578
35160	34.6578
35170	32.3038
35180	30.7012
35190	27.6795
35200	24.6578
35210	34.6578
35220	32.3038
35230	30.7012
35240	27.6795
35250	24.6586
35260	34.6586
35270	32.3041
35280	30.6965
35290	27.6783
35300	24.6596
35310	34.6596
35320	32.3125
35330	30.715
35340	27.649
35350	24.6515
35360	34.6515
35370	32.3325
35380	30.7174
35390	27.6073
35400	24.6535
35410	34.6535
35420	32.3622
35430	30.7346
35440	27.5842
35450	24.6458
35460	34.6458
35470	32.3723
35480	30.7594
35490	27.5628
35500	24.6406
35510	34.6406
35520	32.3849
35530	30.7895
35540	27.5481
35550	24.6416
35560	34.6416
35570	32.4008
35580	30.821
35590	27.5205
35600	24.6301
35610	34.6301
35620	32.4046
35630	30.8392
35640	27.4918
35650	24.6221
35660	34.6221
35670	32.3931
35680	30.8103
35690	27.4837
35700	24.6569
35710	34.6569
35720	32.4044
35730	30.783
35740	27.4773
35750	24.6656
35760	34.6656
35770	32.4307
35780	30.7617
35790	27.4725
35800	24.6767
35810	34.6767
35820	32.4593
35830	30.7329
35840	27.4601
35850	24.6664
35860	34.6664
35870	32.476
35880	30.7143
35890	27.4838
35900	24.6587
35910	34.6587
35920	32.4601
35930	30.7016
35940	27.4878
35950	24.6835
35960	34.6835
35970	32.4544
35980	30.6681
35990	27.4757
36000	24.6926
