10	10
20	2
30	2
40	2
50	2
60	2
70	2
80	2
90	2
100	2
110	2
120	2
130	2
140	2
150	2
160	2
170	2
180	2
190	4.5
200	11
210	21
220	20
230	15
240	15
250	25
260	21.3333
270	13.3333
280	16.6667
290	13.3333
300	16.6667
310	16.6667
320	26.6667
330	16
340	17.5
350	12.5
360	15
370	17.5
380	12.5
390	15
400	17.5
410	12.5
420	15
430	17.5
440	12.5
450	15
460	17.5
470	27.5
480	15
490	17.5
500	12.4
510	14.4
520	18
530	12
540	8.4
550	18.4
560	20.4
570	5.6
580	15.6
590	19.6
600	4.8
610	14.8
620	18.8
630	12
640	14
650	18
660	12
670	13.8667
680	16.6667
690	13.3333
700	16.6667
710	16.6667
720	13.3333
730	16.6667
740	16.6667
750	13.3333
760	16.6667
770	16.6667
780	26.6667
790	16.6667
800	16.4583
810	15.625
820	18.125
830	28.125
840	23.125
850	21.875
860	21.875
870	22.5
880	32.5
890	27.5
900	17.5
910	20
920	19.9
930	29.9
940	28.175
950	26.175
960	25.9
970	23.9
980	33.9
990	27.9
1000	25.9
1010	27
1020	25
1030	23
1040	33
1050	31
1060	29
1070	28
1080	26
1090	24
1100	34
1110	32
1120	30
1130	28
1140	26
1150	36
1160	29.8833
1170	30.1667
1180	25.9667
1190	23.4667
1200	23.3333
1210	23.3333
1220	33.3333
1230	27.3077
1240	25.7692
1250	27.9487
1260	26.4103
1270	24.7894
1280	26.1099
1290	36.1099
1300	31.467
1310	27.1813
1320	23.5714
1330	22.9
1340	22.4
1350	32.4
1360	30.4
1370	30.2429
1380	26.9095
1390	24.9095
1400	26.6667
1410	36.6667
1420	33.3333
1430	27.3333
1440	23.3333
1450	23.3333
1460	21.3444
1470	24.6778
1480	34.6778
1490	33.0111
1500	32.3778
1510	29.0444
1520	27.3778
1530	37.3778
1540	34.5614
1550	30.1754
1560	25.4386
1570	24.2105
1580	23.1579
1590	22.1053
1600	32.1053
1610	31.0526
1620	30
1630	30.5263
1640	29.4553
1650	39.4553
1660	35.3947
1670	26.0579
1680	22.0579
1690	24.0579
1700	27.0579
1710	37.0579
1720	35.0579
1730	34.5579
1740	30.5579
1750	28.5
1760	38.5
1770	28.881
1780	23.9524
1790	25.2381
1800	23.8095
1810	22.381
1820	32.381
1830	30.9524
1840	29.5238
1850	30
1860	28.5714
1870	27.1429
1880	37.1429
1890	32.8571
1900	27.619
1910	22.381
1920	24.7619
1930	27.1255
1940	37.1255
1950	35.1623
1960	34.8117
1970	30.2662
1980	27.9935
1990	24.0791
2000	34.0791
2010	29.8182
2020	22.7352
2030	26.5217
2040	26.087
2050	23.0435
2060	23.913
2070	33.913
2080	30
2090	22.6087
2100	25.6522
2110	26.9565
2120	29.1304
2130	39.1304
2140	35.2174
2150	27.8261
2160	26.5217
2170	26.087
2180	23.0435
2190	23.913
2200	33.913
2210	30
2220	22.6087
2230	25.6522
2240	26.9384
2250	36.9384
2260	35.9873
2270	33.4873
2280	31.9601
2290	30.7101
2300	40.7101
2310	33.5768
2320	30.05
2330	25.65
2340	22.45
2350	24
2360	23.2
2370	33.2
2380	25.6
2390	24.8
2400	26
2410	28.8104
2420	38.8104
2430	35.5259
2440	34.9837
2450	30.1689
2460	26.8356
2470	36.8356
2480	34.4853
2490	29.5096
2500	22.59
2510	23.7931
2520	22.4138
2530	20
2540	30
2550	28.2069
2560	26.2069
2570	28.1149
2580	26.1149
2590	24.1149
2600	34.1149
2610	32.1149
2620	30.1149
2630	30
2640	28
2650	26
2660	24
2670	34
2680	28
2690	22
2700	24
2710	34
2720	31.95
2730	30.4
2740	29.9667
2750	27.7792
2760	26.5292
2770	25.6165
2780	35.6165
2790	29.0606
2800	24.3674
2810	25.7576
2820	23.0303
2830	22.1446
2840	32.1446
2850	29.3437
2860	28.2009
2870	29.3022
2880	26.445
2890	25.3161
2900	35.3161
2910	33.8394
2920	26.5884
2930	21.4533
2940	22.8046
2950	32.8046
2960	31.5329
2970	28.2911
2980	29.33
2990	28.2774
3000	24.8563
3010	24.2697
3020	34.2697
3030	29.4211
3040	22.1303
3050	24.6303
3060	26.1303
3070	36.1303
3080	34.7888
3090	32.2047
3100	31.0339
3110	29.3266
3120	39.3266
3130	32.7412
3140	30.7487
3150	25.0624
3160	22.5241
3170	24.186
3180	22.3256
3190	32.3256
3200	25.4889
3210	23.7812
3220	25.1448
3230	27.4175
3240	37.4175
3250	34.463
3260	32.8312
3270	31.4396
3280	41.4396
3290	34.4835
3300	28.4835
3310	26.8889
3320	24.2222
3330	22.2222
3340	23.7778
3350	24.8889
3360	34.8889
3370	28.8889
3380	22
3390	24
3400	25.5556
3410	35.5556
3420	33.5556
3430	30.8889
3440	30.8889
3450	28.9758
3460	38.9758
3470	31.7101
3480	30.4348
3490	24.7826
3500	21.7391
3510	23.913
3520	33.913
3530	30.8696
3540	30
3550	24.3478
3560	21.3136
3570	23.3451
3580	33.3451
3590	30.5791
3600	28.4514
3610	29.9408
3620	39.9408
3630	37.8131
3640	35.0472
3650	33.3011
3660	31.1735
3670	28.3898
3680	38.3898
3690	34.8998
3700	28.9654
3710	22.2988
3720	23.9583
3730	22.0833
3740	19.59
3750	29.59
3760	27.64
3770	25.04
3780	27.04
3790	37.04
3800	34.3604
3810	33.4904
3820	27.7022
3830	24.761
3840	25.6863
3850	35.6863
3860	29.9299
3870	22.8077
3880	24.6312
3890	22.5158
3900	19.8235
3910	21.7502
3920	31.7502
3930	29.3556
3940	27.1334
3950	28.9852
3960	38.9852
3970	36.763
3980	35.5275
3990	29.3349
4000	26.8541
4010	25.4545
4020	23.4545
4030	33.4545
4040	26.6649
4050	24.7792
4060	26.1026
4070	23.2455
4080	21.4597
4090	31.4597
4100	28.5424
4110	26.867
4120	28.0951
4130	38.0951
4140	36.5161
4150	33.3582
4160	32.6955
4170	31.0526
4180	25.614
4190	18.0702
4200	20.3509
4210	30.3509
4220	27.193
4230	25.614
4240	26.8421
4250	28.4211
4260	38.4211
4270	32.9825
4280	25.4688
4290	26.363
4300	24.5299
4310	21.5989
4320	23.6679
4330	33.6679
4340	30.679
4350	28.89
4360	27.5091
4370	24.2887
4380	34.2887
4390	28.6955
4400	25.4654
4410	27.3118
4420	25.5265
4430	22.2478
4440	32.2478
4450	30.4446
4460	27.1944
4470	26.2803
4480	24.2422
4490	21.1777
4500	31.1777
4510	29.0809
4520	26.0164
4530	27.9519
4540	37.9519
4550	34.8874
4560	32.7906
4570	32.4194
4580	29.3548
4590	27.2581
4600	24.6774
4610	34.6774
4620	27.2581
4630	21.129
4640	22.4104
4650	32.4104
4660	30.448
4670	27.1147
4680	29.4357
4690	27.5188
4700	24.17
4710	24.9553
4720	34.9553
4730	29.5707
4740	21.7245
4750	24.0322
4760	25.0958
4770	35.0958
4780	33.4919
4790	30.5069
4800	28.9231
4810	38.9231
4820	33.378
4830	26.2778
4840	26.1263
4850	24.3872
4860	21.7785
4870	23.9524
4880	33.9524
4890	31.3437
4900	29.6046
4910	28.4058
4920	25.7971
4930	24.0641
4940	34.0641
4950	31.415
4960	29.584
4970	28.3727
4980	38.3727
4990	31.4713
5000	25.6546
5010	25.7531
5020	23.2238
5030	21.1405
5040	22.8071
5050	32.8071
5060	30.7238
5070	28.2238
5080	29.0278
5090	26.9444
5100	24.4444
5110	34.4444
5120	33.758
5130	27.516
5140	20.9977
5150	22.7785
5160	32.7785
5170	30.4498
5180	28.121
5190	29.0411
5200	26.7123
5210	24.3836
5220	24.7945
5230	34.7945
5240	28.395
5250	21.8214
5260	23.7133
5270	25.3349
5280	35.3349
5290	33.1727
5300	30.6051
5310	30.8277
5320	40.8277
5330	34.6114
5340	27.8547
5350	25.5405
5360	23.3784
5370	20.8108
5380	22.7027
5390	32.7027
5400	30.1351
5410	27.973
5420	29.0551
5430	26.4023
5440	24.3537
5450	34.3537
5460	31.5537
5470	30.2667
5480	24.2667
5490	21.4667
5500	31.4667
5510	29.4667
5520	26.6667
5530	27.8667
5540	25.8667
5550	23.0667
5560	33.0667
5570	31.0667
5580	28.2667
5590	27.0667
5600	25.0588
5610	22.3205
5620	32.3205
5630	30.0837
5640	27.4521
5650	27.9058
5660	37.9058
5670	31.6959
5680	24.6283
5690	25.4545
5700	23.3766
5710	20.5195
5720	22.4675
5730	32.4675
5740	29.7203
5750	27.4126
5760	28.8811
5770	26.1888
5780	23.8856
5790	33.8856
5800	31.3837
5810	29.0087
5820	26.9173
5830	36.9173
5840	30.453
5850	23.8297
5860	26.3123
5870	24.0901
5880	21.4975
5890	23.3494
5900	33.3494
5910	30.8185
5920	28.6757
5930	27.9365
5940	25.4365
5950	23.2981
5960	33.2981
5970	30.7632
5980	28.5539
5990	28.072
6000	38.072
6010	31.3278
6020	25.0721
6030	25.5647
6040	23.1268
6050	21.0579
6060	22.782
6070	32.782
6080	30.7291
6090	28.3609
6100	29.2594
6110	27.2594
6120	24.9261
6130	34.9261
6140	33.7844
6150	27.8547
6160	21.242
6170	23.3299
6180	33.3299
6190	30.8024
6200	28.9015
6210	29.2123
6220	26.7983
6230	24.733
6240	24.8913
6250	34.8913
6260	28.4007
6270	22.2044
6280	24.0324
6290	25.8603
6300	35.8603
6310	33.6023
6320	31.3442
6330	30.9814
6340	40.9814
6350	34.6373
6360	28.2932
6370	25.6989
6380	23.4626
6390	21.2697
6400	23.1846
6410	33.1846
6420	31.057
6430	28.9293
6440	29.5273
6450	27.4465
6460	25.4082
6470	35.4082
6480	33.3684
6490	27.3684
6500	21.3664
6510	23.3437
6520	33.3437
6530	31.2818
6540	29.22
6550	30.0454
6560	27.9835
6570	25.9216
6580	24.5361
6590	34.5361
6600	28.4536
6610	22.3711
6620	24.3381
6630	26.2236
6640	36.2236
6650	34.2849
6660	32.04
6670	31.894
6680	29.9552
6690	39.9552
6700	33.6287
6710	30.5102
6720	24.5918
6730	22.3469
6740	24.3878
6750	34.3878
6760	32.1429
6770	30.9184
6780	25
6790	22.7551
6800	24.7959
6810	34.7959
6820	32.551
6830	30.6122
6840	30
6850	27.7551
6860	37.7551
6870	31.8367
6880	29.4898
6890	23.1633
6900	21.2245
6910	23.0612
6920	33.0612
6930	31.0008
6940	28.8796
6950	29.933
6960	27.8118
6970	25.6906
6980	24.5455
6990	34.5455
7000	28.3838
7010	22.2222
7020	24.1414
7030	34.1414
7040	31.9725
7050	29.924
7060	31.0578
7070	28.7578
7080	26.7578
7090	36.7578
7100	33.5076
7110	27.1766
7120	21.0162
7130	22.8974
7140	24.7786
7150	34.7786
7160	32.6004
7170	30.4222
7180	30.8911
7190	28.7129
7200	38.7129
7210	32.4753
7220	29.4059
7230	23.1683
7240	20.9901
7250	22.8713
7260	32.8713
7270	30.6931
7280	28.5149
7290	29.802
7300	27.6238
7310	25.4455
7320	24.5545
7330	34.5545
7340	28.2819
7350	22.1079
7360	23.8726
7370	33.8727
7380	31.8138
7390	29.4609
7400	30.8023
7410	28.7208
7420	26.3306
7430	36.3306
7440	33.4615
7450	27.3077
7460	20.7581
7470	22.7273
7480	24.3463
7490	34.3463
7500	32.3463
7510	29.7749
7520	30.5896
7530	28.5709
7540	38.5709
7550	31.7636
7560	29.2523
7570	23.1776
7580	20.5607
7590	22.468
7600	32.468
7610	29.968
7620	27.7458
7630	29.5561
7640	27.0484
7650	24.7827
7660	24.5953
7670	34.5953
7680	28.0815
7690	21.5678
7700	23.3109
7710	33.3109
7720	30.9256
7730	28.5403
7740	30.4587
7750	28.0734
7760	25.6843
7770	35.6843
7780	33.5917
7790	26.9231
7800	20.5595
7810	22.1958
7820	24.0193
7830	34.0193
7840	31.5455
7850	29.113
7860	30.3973
7870	27.9649
7880	37.9649
7890	31.3883
7900	29.4595
7910	22.8829
7920	20.4505
7930	22.1622
7940	32.1622
7950	29.8037
7960	27.2144
7970	29.3123
7980	26.9908
7990	24.4072
8000	24.5695
8010	34.5695
8020	28.1003
8030	21.2581
8040	23.0125
8050	33.0125
8060	30.3407
8070	28.0368
8080	29.5151
8090	30.8627
8100	28.6019
8110	38.6019
8120	31.5508
8130	30.3593
8140	23.9709
8150	21.1504
8160	22.9452
8170	32.9452
8180	30.0956
8190	27.8435
8200	27.4831
8210	37.4831
8220	30.195
8230	23.9238
8240	26.4407
8250	23.4746
8260	21.2712
8270	22.6271
8280	32.6271
8290	30.4237
8300	27.4722
8310	27.2289
8320	24.9059
8330	22.0487
8340	32.0487
8350	29.6958
8360	26.8599
8370	27.9955
8380	37.9955
8390	31.4768
8400	24.6173
8410	25.4545
8420	23.0748
8430	20.359
8440	22.1623
8450	32.1623
8460	29.3754
8470	27.0803
8480	28.5546
8490	38.5546
8500	38.7926
8510	32.6041
8520	25.5073
8530	24.7581
8540	22.6567
8550	19.8191
8560	29.8191
8570	27.6763
8580	24.8191
8590	26.7239
8600	28.1536
8610	38.1536
8620	35.9824
8630	33.0918
8640	31.9817
8650	41.9817
8660	35.7317
8670	28.5442
8680	25.5469
8690	23.3594
8700	20.4688
8710	22.3438
8720	32.3438
8730	29.4315
8740	27.2007
8750	28.655
8760	25.732
8770	23.5102
8780	33.5102
8790	30.6464
8800	28.2799
8810	27.2648
8820	37.2648
8830	30.1656
8840	23.6548
8850	26.0169
8860	23.2735
8870	20.7735
8880	22.2886
8890	32.2886
8900	29.7799
8910	27.0334
8920	27.8844
8930	25.3471
8940	22.5859
8950	32.5859
8960	30.0486
8970	27.2874
8980	27.5373
8990	37.5373
9000	30.8209
9010	23.806
9020	25.597
9030	23.0597
9040	20.2985
9050	21.9403
9060	31.9403
9070	29.1791
9080	26.6418
9090	28.4328
9100	25.6716
9110	23.1343
9120	33.1343
9130	30.3731
9140	27.8451
9150	27.1814
9160	37.1814
9170	30.026
9180	23.4334
9190	26
9200	23.106
9210	20.6429
9220	22.0297
9230	32.0297
9240	29.548
9250	26.6283
9260	27.7438
9270	25.2488
9280	22.3081
9290	32.3081
9300	29.7901
9310	26.8405
9320	27.4101
9330	37.4101
9340	30.779
9350	23.3911
9360	25.5
9370	23.0714
9380	20.0062
9390	21.6706
9400	31.6706
9410	28.6919
9420	26.1387
9430	27.4862
9440	37.4862
9450	34.933
9460	31.9543
9470	31.2866
9480	28.7334
9490	25.7667
9500	24.8385
9510	34.8385
9520	28.1805
9530	20.7157
9540	22.4059
9550	23.6674
9560	33.6674
9570	31.1803
9580	28.2636
9590	29.5688
9600	39.5688
9610	32.9021
9620	25.6799
9630	25.6944
9640	23.1944
9650	20.2778
9660	21.9444
9670	31.9444
9680	29.0278
9690	26.5278
9700	28.125
9710	25.2083
9720	22.7083
9730	32.7083
9740	29.7917
9750	27.2917
9760	27.3611
9770	37.3611
9780	30.1389
9790	23.4722
9800	25.8333
9810	22.9167
9820	20.4167
9830	21.8056
9840	31.8056
9850	29.3056
9860	26.3889
9870	27.9861
9880	25.4861
9890	22.5694
9900	32.5694
9910	30.0694
9920	27.1528
9930	27.2222
9940	37.2222
9950	30.5556
9960	23.3333
9970	25.6944
9980	23.2088
9990	20.3367
10000	22.0608
10010	32.0608
10020	29.2332
10030	26.8194
10040	28.4514
10050	25.6561
10060	23.1579
10070	33.1579
10080	30.4182
10090	27.884
10100	27.1918
10110	37.1918
10120	30.2055
10130	23.4932
10140	25.9589
10150	23.2192
10160	20.6906
10170	22.1505
10180	32.1505
10190	29.7015
10200	26.8444
10210	27.8324
10220	25.3862
10230	22.4866
10240	32.4866
10250	30.1217
10260	27.1487
10270	27.4374
10280	37.4374
10290	30.9509
10300	23.6536
10310	25.5405
10320	23.1757
10330	20.2027
10340	21.9595
10350	31.9595
10360	28.9865
10370	26.6216
10380	27.973
10390	37.973
10400	35.5987
10410	32.6096
10420	31.4887
10430	29.0886
10440	26.0886
10450	24.7968
10460	34.7968
10470	28.2441
10480	20.8871
10490	22.5976
10500	23.9134
10510	33.9134
10520	31.4725
10530	28.4326
10540	29.7409
10550	39.7409
10560	33.1176
10570	25.715
10580	25.5195
10590	23.0519
10600	20
10610	21.6883
10620	31.6883
10630	28.6364
10640	26.1688
10650	27.4675
10660	37.4675
10670	35
10680	31.948
10690	31.2338
10700	28.7662
10710	25.7143
10720	24.8052
10730	34.8052
10740	28.1818
10750	20.7792
10760	22.4654
10770	23.7541
10780	33.7541
10790	31.2541
10800	28.1772
10810	29.6533
10820	39.6533
10830	33.0398
10840	25.6872
10850	25.6688
10860	23.2484
10870	20.2548
10880	21.9745
10890	31.9745
10900	28.9091
10910	26.5674
10920	28.1791
10930	25.0778
10940	22.7382
10950	32.7382
10960	29.6227
10970	27.2477
10980	27.3959
10990	37.3959
11000	29.8959
11010	23.3959
11020	25.875
11030	22.75
11040	20.375
11050	21.625
11060	31.625
11070	29.3012
11080	26.2578
11090	28.0264
11100	25.7283
11110	22.6918
11120	32.6918
11130	30.4392
11140	27.291
11150	26.9854
11160	36.9854
11170	30.6891
11180	23.1717
11190	25.761
11200	23.4479
11210	20.3804
11220	22.1595
11230	32.1595
11240	29.1107
11250	26.7183
11260	27.9461
11270	24.9583
11280	22.5193
11290	32.5193
11300	29.5315
11310	27.0925
11320	27.561
11330	37.561
11340	30.2439
11350	23.6585
11360	25.7064
11370	22.7064
11380	20.3923
11390	21.7176
11400	31.7176
11410	29.4284
11420	26.4268
11430	28.4502
11440	26.0762
11450	23.1421
11460	33.1421
11470	30.7468
11480	27.8127
11490	26.8862
11500	36.8862
11510	30.3593
11520	23.1138
11530	25.9281
11540	23.5329
11550	20.5988
11560	22.3353
11570	32.3353
11580	29.4012
11590	27.006
11600	27.7844
11610	24.8503
11620	22.4551
11630	32.4551
11640	29.521
11650	27.1257
11660	27.7844
11670	37.7844
11680	30.5389
11690	24.012
11700	25.6287
11710	22.6946
11720	20.2924
11730	21.7005
11740	31.7005
11750	29.2005
11760	26.3433
11770	28.01
11780	38.01
11790	35.1731
11800	32.611
11810	31.8837
11820	29.1027
11830	26.4991
11840	24.8521
11850	34.8521
11860	27.8106
11870	21.0059
11880	22.4852
11890	24.0838
11900	34.0838
11910	31.2863
11920	28.6547
11930	30.1167
11940	40.1167
11950	37.4851
11960	34.6648
11970	33.3751
11980	30.8023
11990	27.8953
12000	37.8953
12010	33.9535
12020	27.2166
12030	20.0396
12040	21.7159
12050	31.7159
12060	28.8835
12070	26.398
12080	28.3857
12090	25.5138
12100	23.0809
12110	33.0809
12120	30.1499
12130	27.7361
12140	27.2423
12150	24.3026
12160	21.8683
12170	31.8683
12180	28.9137
12190	26.4705
12200	27.5568
12210	37.5568
12220	30.2688
12230	23.8177
12240	25.8989
12250	22.9214
12260	20.616
12270	21.9553
12280	31.9553
12290	29.622
12300	26.622
12310	28.0157
12320	25.6847
12330	22.711
12340	32.711
12350	30.4458
12360	27.5176
12370	27.4127
12380	37.4127
12390	31.104
12400	23.7727
12410	25.5494
12420	23.3516
12430	20.3297
12440	22.1978
12450	32.1978
12460	29.1615
12470	26.9332
12480	28.5051
12490	25.4617
12500	23.2334
12510	33.2334
12520	30.1899
12530	27.9617
12540	27.337
12550	37.337
12560	29.9407
12570	23.6195
12580	26.0329
12590	22.9684
12600	20.7103
12610	22.0006
12620	32.0006
12630	29.7426
12640	26.6781
12650	27.7957
12660	25.5376
12670	22.4731
12680	32.4731
12690	30.2151
12700	27.1505
12710	27.3656
12720	37.3656
12730	31.0215
12740	23.6022
12750	25.5376
12760	23.2796
12770	20.2151
12780	22.043
12790	32.043
12800	28.9574
12810	26.7364
12820	27.9664
12830	37.9664
12840	38.2004
12850	31.9437
12860	24.3946
12870	24.7559
12880	22.6132
12890	19.3685
12900	29.3685
12910	27.2408
12920	23.9931
12930	25.8928
12940	27.0507
12950	37.0507
12960	34.8928
12970	31.6297
12980	31.2483
12990	41.2483
13000	35.0181
13010	27.3158
13020	25.4688
13030	23.2812
13040	20.0034
13050	21.8918
13060	31.8918
13070	28.6611
13080	26.5072
13090	27.6867
13100	37.6867
13110	37.8814
13120	31.7135
13130	24.1355
13140	24.898
13150	22.8061
13160	19.6429
13170	29.6429
13180	27.4904
13190	24.394
13200	26.2721
13210	27.5412
13220	37.5412
13230	35.3584
13240	32.262
13250	30.8707
13260	40.8707
13270	34.6271
13280	27.1651
13290	25.736
13300	23.5533
13310	20.4569
13320	22.335
13330	32.335
13340	29.2187
13350	27.0708
13360	28.1478
13370	24.966
13380	22.8448
13390	32.8448
13400	29.6461
13410	27.5574
13420	27.7022
13430	37.7022
13440	30.0138
13450	23.9334
13460	25.8814
13470	22.5732
13480	20.5632
13490	21.6632
13500	31.6632
13510	29.6632
13520	26.3308
13530	28.0087
13540	25.9849
13550	22.7671
13560	32.7671
13570	30.7374
13580	27.5243
13590	27.198
13600	37.198
13610	31.1911
13620	23.6301
13630	25.5122
13640	23.5219
13650	20.3103
13660	22.3492
13670	32.3492
13680	29.0967
13690	27.155
13700	28.5946
13710	25.3125
13720	23.4112
13730	33.4112
13740	30.0778
13750	28.1938
13760	27.4879
13770	37.4879
13780	29.6995
13790	23.8243
13800	26.1244
13810	22.7751
13820	20.8593
13830	21.9535
13840	31.9535
13850	30.0104
13860	26.6455
13870	27.7382
13880	25.7922
13890	22.4504
13900	32.4504
13910	30.4221
13920	27.1202
13930	27.2676
13940	37.2676
13950	31.2113
13960	23.5998
13970	25.4206
13980	23.3645
13990	20.1869
14000	22.1495
14010	32.1495
14020	28.9607
14030	27.0163
14040	28.22
14050	38.22
14060	38.267
14070	32.2912
14080	24.7553
14090	24.7465
14100	22.7189
14110	19.5853
14120	29.5853
14130	27.5026
14140	24.4292
14150	26.3559
14160	27.6403
14170	37.6403
14180	35.5412
14190	32.4997
14200	31.4548
14210	41.4548
14220	35.3817
14230	28.0301
14240	25.664
14250	23.6366
14260	20.5585
14270	22.5585
14280	32.5585
14290	29.4676
14300	27.4676
14310	28.4545
14320	25.3636
14330	23.3636
14340	33.3636
14350	30.2727
14360	28.2782
14370	27.6466
14380	37.6466
14390	30.1079
14400	24.1803
14410	26.0181
14420	22.838
14430	20.9192
14440	22.0904
14450	32.0904
14460	30.1985
14470	26.9553
14480	28.0199
14490	26.128
14500	22.8847
14510	32.8847
14520	30.9928
14530	27.7496
14540	27.2072
14550	37.2072
14560	31.3329
14570	23.6595
14580	25.5804
14590	23.6607
14600	20.4008
14610	22.4965
14620	32.4965
14630	29.2222
14640	27.408
14650	28.3756
14660	25.0988
14670	23.3038
14680	33.3038
14690	29.9557
14700	28.1936
14710	27.8447
14720	37.8447
14730	30.0864
14740	24.4552
14750	25.9211
14760	22.6316
14770	20.9211
14780	22.0614
14790	32.0614
14800	30.3509
14810	27.0614
14820	28.3772
14830	26.6667
14840	23.3733
14850	33.3733
14860	31.6935
14870	28.462
14880	27.0731
14890	37.0731
14900	31.5322
14910	23.914
14920	25.6181
14930	23.9802
14940	20.7905
14950	23.0319
14960	33.0319
14970	29.8423
14980	28.2043
14990	28.7069
15000	25.5172
15010	23.876
15020	33.876
15030	30.7203
15040	29.1323
15050	27.9395
15060	37.9395
15070	30.4287
15080	24.9781
15090	26.0515
15100	22.9185
15110	21.3305
15120	22.5751
15130	32.5751
15140	30.9871
15150	27.8541
15160	28.412
15170	26.824
15180	23.691
15190	33.691
15200	33.7559
15210	28.2898
15220	20.8759
15230	23.1312
15240	33.1312
15250	30.1099
15260	28.4929
15270	29.1064
15280	26.0851
15290	24.4681
15300	34.4681
15310	31.4468
15320	30.2128
15330	24.7234
15340	21.7021
15350	23.9574
15360	33.9574
15370	30.9362
15380	29.3191
15390	29.1064
15400	39.1064
15410	31.7447
15420	26.2553
15430	25.9574
15440	22.9334
15450	21.3021
15460	22.6101
15470	32.6101
15480	30.9645
15490	27.9266
15500	28.6123
15510	27.0024
15520	23.9529
15530	33.9529
15540	33.5983
15550	28.2008
15560	20.7926
15570	23.1115
15580	33.1115
15590	29.9865
15600	28.4865
15610	29.2993
15620	26.1743
15630	24.6743
15640	34.6743
15650	31.5493
15660	30.0417
15670	24.7083
15680	21.5815
15690	23.8918
15700	33.8918
15710	30.8213
15720	29.2445
15730	29.2615
15740	39.2615
15750	31.8701
15760	26.3583
15770	25.8678
15780	22.8512
15790	21.1983
15800	22.5207
15810	32.5207
15820	30.8678
15830	27.8512
15840	28.7603
15850	27.1074
15860	24.092
15870	34.092
15880	33.6515
15890	28.0887
15900	20.7116
15910	22.9247
15920	32.9247
15930	29.8735
15940	28.2218
15950	29.1998
15960	26.0978
15970	24.4679
15980	34.4679
15990	31.3571
16000	30.0962
16010	24.5496
16020	21.4322
16030	23.6589
16040	33.6589
16050	30.5415
16060	28.8816
16070	29.1498
16080	39.1498
16090	31.6599
16100	26.1212
16110	25.8839
16120	22.7098
16130	21.0969
16140	22.3065
16150	32.3065
16160	30.6936
16170	27.5082
16180	28.629
16190	27.0161
16200	23.8306
16210	33.8306
16220	33.6313
16230	28.1723
16240	20.5331
16250	22.8223
16260	32.8223
16270	29.5692
16280	28.003
16290	29.1566
16300	25.9036
16310	24.3373
16320	34.3373
16330	31.0843
16340	30
16350	24.5783
16360	21.3253
16370	23.6145
16380	33.6145
16390	30.3614
16400	28.7878
16410	29.1534
16420	39.1534
16430	31.5411
16440	26.0211
16450	25.88
16460	22.6863
16470	21.056
16480	22.2813
16490	32.2813
16500	30.6608
16510	27.4987
16520	28.5035
16530	26.8829
16540	23.7209
16550	33.7209
16560	33.7154
16570	28.2213
16580	20.6697
16590	22.9395
16600	32.9395
16610	29.7111
16620	28.1363
16630	29.0225
16640	25.7942
16650	24.2194
16660	34.2194
16670	30.9911
16680	30.1181
16690	24.685
16700	21.455
16710	23.7168
16720	33.7168
16730	30.5403
16740	28.8932
16750	28.9879
16760	38.9878
16770	31.4535
16780	25.8524
16790	25.9375
16800	22.8125
16810	21.0938
16820	22.3438
16830	32.3438
16840	30.625
16850	27.5
16860	28.4766
16870	26.7578
16880	23.6294
16890	33.6294
16900	31.868
16910	28.794
16920	27.1276
16930	37.1276
16940	31.402
16950	23.9617
16960	25.8005
16970	23.9858
16980	20.897
16990	23.0206
17000	33.0206
17010	29.8884
17020	28.1192
17030	28.3555
17040	25.2017
17050	23.4371
17060	33.4371
17070	30.3135
17080	28.4744
17090	27.9768
17100	37.9768
17110	30.5055
17120	24.7351
17130	25.9254
17140	22.81
17150	21.0609
17160	22.3157
17170	32.3157
17180	30.5505
17190	27.4608
17200	28.3476
17210	26.5294
17220	23.4612
17230	33.4612
17240	31.652
17250	28.6101
17260	27.2786
17270	37.2786
17280	31.5805
17290	24.222
17300	25.6636
17310	23.878
17320	20.8467
17330	22.9816
17340	32.9816
17350	29.9478
17360	28.1501
17370	28.6517
17380	25.618
17390	23.8202
17400	33.8202
17410	30.7865
17420	28.9888
17430	27.7903
17440	37.7903
17450	30.412
17460	24.6817
17470	26.0674
17480	23.0232
17490	21.2474
17500	22.5161
17510	32.5161
17520	30.7623
17530	27.6653
17540	28.2112
17550	26.4487
17560	23.3418
17570	33.3418
17580	31.564
17590	28.4529
17600	27.3333
17610	37.3333
17620	31.6138
17630	24.1185
17640	25.625
17650	23.8235
17660	20.7017
17670	22.8074
17680	32.8074
17690	29.7305
17700	27.8624
17710	28.577
17720	25.5017
17730	23.6093
17740	33.6093
17750	30.5801
17760	28.6458
17770	27.7035
17780	37.7035
17790	30.3312
17800	24.4188
17810	26.0219
17820	22.9927
17830	21.0584
17840	22.3723
17850	32.3723
17860	30.438
17870	27.4088
17880	28.1752
17890	26.2409
17900	23.2117
17910	33.2117
17920	31.2774
17930	28.2482
17940	27.3358
17950	37.3358
17960	31.4335
17970	24.0263
17980	25.6403
17990	23.7494
18000	20.6585
18010	22.7312
18020	32.7312
18030	29.672
18040	27.7154
18050	28.5236
18060	25.4801
18070	23.5236
18080	33.5236
18090	30.4801
18100	28.5236
18110	27.6812
18120	37.6812
18130	30.2899
18140	24.3478
18150	26.0145
18160	22.971
18170	21.0145
18180	22.3188
18190	32.3188
18200	30.3572
18210	27.3058
18220	28.1553
18230	26.1769
18240	23.1193
18250	33.1193
18260	31.1495
18270	28.1169
18280	27.3434
18290	37.3434
18300	31.4294
18310	24.0818
18320	25.5945
18330	23.6481
18340	20.7145
18350	22.743
18360	32.743
18370	29.8248
18380	27.8646
18390	28.5821
18400	25.6522
18410	23.6734
18420	33.6734
18430	30.7405
18440	28.7596
18450	27.7088
18460	37.7088
18470	30.449
18480	24.449
18490	26
18500	23.0502
18510	21.0398
18520	22.3987
18530	32.3987
18540	30.3778
18550	27.4161
18560	28.1911
18570	26.1702
18580	23.2085
18590	33.2085
18600	31.1876
18610	28.2259
18620	27.3519
18630	37.3519
18640	31.2824
18650	24.0452
18660	25.6944
18670	23.6111
18680	20.6964
18690	22.6907
18700	32.6907
18710	29.8041
18720	27.8454
18730	28.5447
18740	25.6595
18750	23.7158
18760	33.7158
18770	30.8733
18780	28.9555
18790	27.8485
18800	37.8485
18810	30.6862
18820	24.8365
18830	25.9727
18840	23.0717
18850	21.1945
18860	22.5939
18870	32.5939
18880	30.6756
18890	27.8185
18900	28.4444
18910	26.5057
18920	23.6485
18930	33.6485
18940	31.7097
18950	28.8526
18960	27.3469
18970	37.3469
18980	31.438
18990	24.2622
19000	25.7666
19010	23.8683
19020	20.953
19030	23.0208
19040	33.0208
19050	30.1056
19060	28.2073
19070	28.5085
19080	25.5932
19090	23.6922
19100	33.6922
19110	30.8032
19120	28.9451
19130	27.939
19140	37.939
19150	30.7768
19160	24.9625
19170	25.9178
19180	23.0343
19190	21.1551
19200	22.5645
19210	32.5645
19220	30.6805
19230	27.7866
19240	28.5593
19250	26.6593
19260	23.7593
19270	33.7593
19280	31.8672
19290	28.9901
19300	27.1855
19310	37.1855
19320	31.3715
19330	24.2287
19340	25.915
19350	24.0245
19360	21.2028
19370	23.2558
19380	33.2558
19390	30.4412
19400	28.5128
19410	28.3076
19420	25.5268
19430	23.5466
19440	33.5467
19450	30.7744
19460	28.7981
19470	28.0603
19480	38.0603
19490	31.0768
19500	25.1557
19510	25.7566
19520	23.0263
19530	21.0855
19540	22.5987
19550	32.5987
19560	30.6579
19570	27.9276
19580	28.8818
19590	26.9554
19600	24.2544
19610	34.2544
19620	33.6393
19630	27.7705
19640	20.8538
19650	22.8977
19660	32.8977
19670	30.2507
19680	28.2899
19690	29.2872
19700	26.6401
19710	24.6793
19720	24.8693
19730	34.8693
19740	28.0065
19750	22.0588
19760	23.6302
19770	25.6328
19780	35.6328
19790	33.027
19800	31.0074
19810	31.2173
19820	41.2173
19830	34.3719
19840	28.3848
19850	25.6818
19860	23.0195
19870	21.039
19880	22.5974
19890	32.5974
19900	30.6427
19910	27.9243
19920	29.0062
19930	27.0645
19940	24.3433
19950	34.3433
19960	33.6599
19970	27.6832
19980	20.7799
19990	22.7799
20000	32.7799
20010	30.1025
20020	28.1025
20030	29.2258
20040	26.5484
20050	24.5503
20060	24.8772
20070	34.8772
20080	27.9606
20090	21.935
20100	23.4734
20110	25.4606
20120	35.4606
20130	32.7683
20140	30.7491
20150	31.1218
20160	41.1218
20170	34.1987
20180	28.1635
20190	25.6681
20200	23.0096
20210	20.9329
20220	22.4984
20230	32.4984
20240	30.4084
20250	27.7795
20260	28.994
20270	26.8603
20280	24.2488
20290	34.2488
20300	33.7261
20310	27.5478
20320	20.7325
20330	22.6433
20340	32.6433
20350	30.0318
20360	27.8951
20370	29.1447
20380	26.5997
20390	24.4478
20400	24.7785
20410	34.7785
20420	28.066
20430	21.8533
20440	23.4885
20450	25.3753
20460	35.3753
20470	32.8282
20480	30.6583
20490	31.203
20500	41.203
20510	34.4734
20520	28.247
20530	25.566
20540	23.0189
20550	20.8491
20560	22.4843
20570	32.4843
20580	30.3145
20590	27.7673
20600	29.12
20610	26.9437
20620	24.3858
20630	34.3858
20640	33.6875
20650	27.4375
20660	20.6875
20670	22.5625
20680	32.5625
20690	30
20700	27.8125
20710	29.2188
20720	26.6562
20730	24.4688
20740	24.7812
20750	34.7812
20760	28.0312
20770	21.7812
20780	23.4089
20790	25.2617
20800	35.2617
20810	32.7383
20820	30.4953
20830	31.133
20840	41.133
20850	34.399
20860	28.113
20870	25.559
20880	22.9814
20890	20.7764
20900	22.3913
20910	32.3913
20920	30.1748
20930	27.6748
20940	29.1536
20950	26.9314
20960	24.4299
20970	34.4299
20980	33.6017
20990	27.3244
21000	20.6884
21010	22.5538
21020	32.5538
21030	30.0869
21040	27.8525
21050	29.4337
21060	26.9946
21070	24.7402
21080	24.6706
21090	34.6706
21100	28.153
21110	21.7894
21120	23.547
21130	25.3639
21140	35.3639
21150	32.9666
21160	30.7309
21170	31.3447
21180	41.3447
21190	34.7888
21200	28.4746
21210	25.4985
21220	23.0816
21230	20.8459
21240	22.568
21250	32.568
21260	30.3409
21270	27.894
21280	29.2599
21290	27.0611
21300	24.5912
21310	34.5912
21320	33.6464
21330	27.4008
21340	20.7287
21350	22.6206
21360	32.6206
21370	30.0981
21380	27.927
21390	29.3339
21400	26.8427
21410	24.6271
21420	24.7305
21430	34.7305
21440	28.0803
21450	21.8341
21460	23.5008
21470	25.4055
21480	35.4055
21490	32.9055
21500	30.7663
21510	31.4636
21520	41.4636
21530	34.7398
21540	28.5974
21550	25.4896
21560	22.9377
21570	20.8309
21580	22.4629
21590	32.4629
21600	30.3561
21610	27.8042
21620	29.3177
21630	27.224
21640	24.6981
21650	34.6981
21660	33.4911
21670	27.3965
21680	20.7101
21690	22.6627
21700	32.6627
21710	30.1479
21720	28.0769
21730	29.6154
21740	27.0994
21750	25.0125
21760	24.6633
21770	34.6633
21780	28.0261
21790	21.8609
21800	23.5389
21810	25.4706
21820	35.4706
21830	32.9411
21840	30.8529
21850	31.5767
21860	29.0302
21870	39.0302
21880	32.948
21890	30.7038
21900	23.9296
21910	21.8768
21920	23.502
21930	33.502
21940	31.3967
21950	28.8529
21960	27.5776
21970	25.4723
21980	22.9284
21990	32.9284
22000	30.8232
22010	28.2793
22020	28.3918
22030	26.2865
22040	36.2866
22050	29.5519
22060	27.4298
22070	26.1963
22080	23.6381
22090	21.5178
22100	31.5178
22110	28.9827
22120	26.8088
22130	28.4989
22140	25.9772
22150	23.7986
22160	33.7986
22170	31.2499
22180	29.1112
22190	26.9416
22200	24.3694
22210	34.3694
22220	28.1724
22230	25.6207
22240	27.3554
22250	25.1652
22260	22.6292
22270	32.6292
22280	30.439
22290	27.903
22300	26.8011
22310	24.611
22320	22.0749
22330	32.0749
22340	29.8847
22350	27.3487
22360	28.3573
22370	26.1671
22380	36.1671
22390	29.4524
22400	27.2622
22410	26.1671
22420	23.6311
22430	21.4409
22440	31.4409
22450	28.9049
22460	26.7147
22470	28.4726
22480	25.9366
22490	23.7464
22500	33.7464
22510	31.2104
22520	29.0186
22530	26.9223
22540	24.3755
22550	34.3755
22560	28.1004
22570	25.5503
22580	27.3357
22590	25.109
22600	22.5852
22610	32.5852
22620	30.328
22630	27.8138
22640	26.8003
22650	24.5559
22660	22.0068
22670	32.0068
22680	29.7846
22690	27.2205
22700	28.3191
22710	26.08
22720	36.08
22730	29.3636
22740	27.0909
22750	26.1364
22760	23.608
22770	21.3352
22780	31.3352
22790	28.8068
22800	26.5341
22810	28.4091
22820	25.8793
22830	23.6117
22840	33.6117
22850	31.1046
22860	28.8511
22870	26.8244
22880	24.3291
22890	34.3291
22900	27.9412
22910	25.4693
22920	27.4157
22930	25.1124
22940	22.6421
22950	32.6421
22960	30.3605
22970	27.8395
22980	26.727
22990	24.4591
23000	21.9567
23010	31.9567
23020	29.6726
23030	27.2213
23040	28.497
23050	26.2129
23060	36.2129
23070	29.6572
23080	27.358
23090	25.9597
23100	23.5774
23110	21.2787
23120	31.2787
23130	28.9397
23140	26.6256
23150	28.7147
23160	26.4006
23170	24.0866
23180	24.4628
23190	34.4628
23200	28.0441
23210	21.6253
23220	23.416
23230	33.416
23240	31.098
23250	28.7751
23260	30.1966
23270	27.8678
23280	25.539
23290	25.5407
23300	35.5407
23310	29.1131
23320	22.6918
23330	24.4853
23340	26.2787
23350	36.2787
23360	35.6522
23370	29.2391
23380	22.8261
23390	24.6196
23400	34.6196
23410	32.3098
23420	30.0056
23430	29.7368
23440	27.3871
23450	25.1106
23460	24.5257
23470	34.5257
23480	28.0377
23490	21.6879
23500	23.4176
23510	25.2555
23520	35.2555
23530	32.8501
23540	30.602
23550	31.1155
23560	28.7357
23570	38.7357
23580	32.3476
23590	30.6739
23600	24.1747
23610	21.8968
23620	23.6173
23630	33.6173
23640	31.3592
23650	28.9399
23660	27.3946
23670	25.1312
23680	22.7021
23690	32.7021
23700	30.4294
23710	27.9963
23720	28.5829
23730	26.2944
23740	36.2944
23750	29.75
23760	27.43
23770	25.9733
23780	23.5733
23790	21.2533
23800	31.2533
23810	28.8533
23820	26.5333
23830	28.2667
23840	38.2667
23850	35.9341
23860	33.5539
23870	32.7593
23880	30.3923
23890	28.0241
23900	38.0241
23910	33.4882
23920	26.9536
23930	20.508
23940	22.2321
23950	24.0093
23960	34.0093
23970	31.5955
23980	29.2613
23990	30.6631
24000	28.2493
24010	38.2493
24020	31.8037
24030	29.3899
24040	22.8382
24050	20.504
24060	22.2281
24070	32.2281
24080	29.8906
24090	27.5139
24100	29.2818
24110	39.2818
24120	36.9335
24130	34.5852
24140	33.0662
24150	30.7309
24160	28.3486
24170	25.5
24180	35.5
24190	29.0789
24200	22.5526
24210	24.3421
24220	26.0789
24230	36.0789
24240	35.5526
24250	29.1316
24260	22.6074
24270	24.3917
24280	34.3917
24290	32.0619
24300	29.7321
24310	29.6702
24320	27.3392
24330	24.9956
24340	24.5191
24350	34.5191
24360	28.1222
24370	21.6209
24380	23.4215
24390	25.1654
24400	35.1654
24410	32.8537
24420	30.4641
24430	31.0929
24440	28.8024
24450	38.8024
24460	32.2694
24470	30.6202
24480	24.2894
24490	21.8863
24500	23.7162
24510	33.7162
24520	31.2998
24530	29.0375
24540	27.411
24550	24.9955
24560	22.7295
24570	32.7295
24580	30.2999
24590	28.0236
24600	28.6765
24610	26.2469
24620	36.2469
24630	29.8995
24640	27.425
24650	25.8947
24660	23.6498
24670	21.1768
24680	31.1768
24690	28.9516
24700	26.4325
24710	28.5807
24720	26.3669
24730	23.8478
24740	24.4529
24750	34.4529
24760	28.1679
24770	21.4758
24780	23.3333
24790	33.3333
24800	30.8109
24810	28.5887
24820	30.2574
24830	27.7258
24840	25.4979
24850	25.5443
24860	35.5443
24870	28.8354
24880	22.5316
24890	24.1772
24900	26.0253
24910	36.0253
24920	33.4975
24930	32.0521
24940	25.7628
24950	23.2503
24960	33.2503
24970	31.0392
24980	28.5267
24990	28.6432
25000	26.4322
25010	23.9196
25020	24.4221
25030	34.4221
25040	28.1375
25050	21.4895
25060	23.3395
25070	25.0395
25080	35.0395
25090	32.8145
25100	30.3676
25110	30.7217
25120	28.4627
25130	38.4627
25140	31.9041
25150	30.6983
25160	24.3412
25170	21.9047
25180	23.7455
25190	33.7455
25200	31.2828
25210	29.044
25220	27.2659
25230	24.8099
25240	22.5827
25250	32.5827
25260	30.1382
25270	27.916
25280	28.7407
25290	26.2963
25300	36.2963
25310	30
25320	27.5556
25330	25.8765
25340	23.6563
25350	21.1946
25360	31.1946
25370	29.0025
25380	26.5148
25390	28.6474
25400	26.4533
25410	23.9541
25420	24.4247
25430	34.4247
25440	28.2085
25450	21.5009
25460	23.3923
25470	33.3923
25480	30.8531
25490	28.6771
25500	30.2462
25510	27.7048
25520	25.5377
25530	25.5882
25540	35.5882
25550	28.8077
25560	22.6126
25570	24.2223
25580	26.1248
25590	36.1248
25600	33.5394
25610	32
25620	25.8049
25630	23.2195
25640	33.2195
25650	31.0442
25660	28.4895
25670	28.5939
25680	26.4041
25690	23.8536
25700	24.4342
25710	34.4342
25720	28.2078
25730	21.4117
25740	23.3049
25750	24.9069
25760	34.9069
25770	32.7467
25780	30.1496
25790	30.7564
25800	28.5962
25810	38.5962
25820	31.8001
25830	30.534
25840	24.3204
25850	21.7233
25860	23.6165
25870	33.6165
25880	31.0167
25890	28.8487
25900	27.3818
25910	24.7731
25920	22.5992
25930	32.5992
25940	29.9965
25950	27.8383
25960	28.7218
25970	26.1434
25980	36.1434
25990	29.9507
26000	27.3724
26010	25.7831
26020	23.6386
26030	21.0602
26040	31.0602
26050	28.9157
26060	26.3358
26070	28.233
26080	38.233
26090	35.6431
26100	33.4848
26110	32.9099
26120	30.3213
26130	28.1718
26140	25.6248
26150	35.6248
26160	28.7827
26170	22.6104
26180	24.1934
26190	25.747
26200	23.6078
26210	33.6078
26220	26.8459
26230	24.703
26240	26.3231
26250	36.3231
26260	34.1505
26270	31.609
26280	31.9365
26290	29.7526
26300	27.2199
26310	24.3857
26320	34.3857
26330	28.0824
26340	21.3999
26350	23.2482
26360	24.9064
26370	34.9064
26380	32.6889
26390	30.1948
26400	30.627
26410	28.4152
26420	38.4152
26430	31.7759
26440	30.6363
26450	24.2983
26460	21.8335
26470	23.6645
26480	33.6645
26490	31.1723
26500	28.9475
26510	27.3352
26520	24.8293
26530	22.61
26540	32.61
26550	30.1197
26560	27.8534
26570	28.7209
26580	26.2442
26590	36.2442
26600	29.8794
26610	27.4193
26620	25.8546
26630	23.5469
26640	21.0993
26650	31.0993
26660	28.7916
26670	26.3441
26680	28.139
26690	38.139
26700	35.6914
26710	33.3837
26720	32.8908
26730	30.4548
26740	28.1169
26750	38.1169
26760	33.4419
26770	26.8837
26780	20.4178
26790	22.1339
26800	23.8932
26810	33.8932
26820	31.4626
26830	29.1015
26840	30.7495
26850	28.3189
26860	38.3189
26870	31.8374
26880	29.3287
26890	22.7546
26900	20.3935
26910	22.093
26920	32.093
26930	29.7604
26940	27.2893
26950	29.0676
26960	39.0676
26970	36.5857
26980	34.2701
26990	32.8402
27000	30.3286
27010	28.0245
27020	25.553
27030	35.553
27040	28.871
27050	22.4654
27060	24.1244
27070	25.9217
27080	35.9217
27090	33.4101
27100	32.0046
27110	25.5991
27120	23.0876
27130	33.0876
27140	30.7834
27150	28.2719
27160	28.5945
27170	26.2903
27180	23.7788
27190	24.447
27200	34.447
27210	28.0415
27220	21.3594
27230	23.1567
27240	24.8157
27250	34.8157
27260	32.509
27270	29.9914
27280	30.672
27290	28.3555
27300	38.3555
27310	31.6582
27320	30.6201
27330	24.2121
27340	21.6559
27350	23.4636
27360	33.4636
27370	30.9007
27380	28.6161
27390	27.2839
27400	24.6891
27410	22.4289
27420	32.4289
27430	29.8261
27440	27.5618
27450	28.651
27460	26.0702
27470	36.0702
27480	29.6693
27490	27.0953
27500	25.805
27510	23.4995
27520	20.9673
27530	30.9673
27540	28.6543
27550	26.1373
27560	27.9283
27570	37.9283
27580	35.4035
27590	33.0784
27600	32.6669
27610	30.14
27620	27.8232
27630	25.5882
27640	35.5882
27650	28.8314
27660	22.435
27670	24.0566
27680	25.8598
27690	35.8598
27700	33.3101
27710	30.973
27720	28.5471
27730	38.5471
27740	31.8188
27750	25.3851
27760	26.6174
27770	24.0389
27780	21.7295
27790	23.3438
27800	33.3438
27810	31.0447
27820	28.4834
27830	27.0736
27840	24.7796
27850	22.221
27860	32.221
27870	29.9434
27880	27.3434
27890	28.6496
27900	38.6496
27910	32.294
27920	25.4987
27930	25.0526
27940	22.7531
27950	20.1811
27960	21.9771
27970	31.9771
27980	29.4025
27990	27.0898
28000	28.7013
28010	38.7013
28020	36.3834
28030	33.8006
28040	32.3685
28050	30.0615
28060	27.4505
28070	37.4505
28080	34.8458
28090	28.4581
28100	21.6274
28110	23.4444
28120	25.0048
28130	35.0048
28140	32.7411
28150	30.0817
28160	27.6729
28170	25.3962
28180	35.3962
28190	28.5449
28200	26.2423
28210	27.6754
28220	25.0413
28230	22.7495
28240	32.7495
28250	30.0799
28260	27.8042
28270	26.4782
28280	23.8086
28290	21.5329
28300	31.5329
28310	28.8633
28320	26.5876
28330	28.1412
28340	38.1412
28350	35.8834
28360	33.1759
28370	32.6772
28380	30.4283
28390	27.7172
28400	24.3645
28410	34.3645
28420	28.0557
28430	21.1494
28440	23.0012
28450	33.0012
28460	30.3289
28470	28.1226
28480	29.9371
28490	27.2849
28500	25.0893
28510	25.5708
28520	35.5708
28530	28.6955
28540	22.4821
28550	24.0406
28560	25.9453
28570	35.9453
28580	33.2939
28590	31.1445
28600	28.9335
28610	38.9335
28620	32.1232
28630	25.9163
28640	26.5102
28650	23.8973
28660	21.732
28670	23.3199
28680	33.3199
28690	31.1526
28700	28.5345
28710	27.4249
28720	25.2575
28730	22.6395
28740	32.6395
28750	30.4721
28760	27.8541
28770	28.3691
28780	38.3691
28790	32.1459
28800	25.3219
28810	25.236
28820	23.0687
28830	20.4506
28840	22.3391
28850	32.3391
28860	29.721
28870	27.5536
28880	29.1416
28890	39.1416
28900	36.9743
28910	34.3562
28920	33.2618
28930	31.588
28940	25.364
28950	18.5359
28960	20.4162
28970	21.9974
28980	31.9974
28990	29.8179
29000	27.1897
29010	28.1435
29020	25.964
29030	35.964
29040	29.1264
29050	26.9469
29060	27.496
29070	24.8786
29080	22.7182
29090	32.7182
29100	30.1169
29110	27.9634
29120	26.9301
29130	24.325
29140	22.1631
29150	32.1631
29160	29.5516
29170	27.386
29180	28.4501
29190	25.8386
29200	35.8386
29210	29.6178
29220	27.0064
29230	26.0297
29240	23.8641
29250	21.2527
29260	31.2527
29270	29.0871
29280	26.4756
29290	28.3015
29300	26.1384
29310	23.5341
29320	33.5341
29330	31.3307
29340	28.7459
29350	26.7816
29360	24.5868
29370	34.5868
29380	27.7703
29390	25.5927
29400	27.4419
29410	24.8203
29420	22.6418
29430	32.6418
29440	30.0371
29450	27.8853
29460	26.9632
29470	24.3689
29480	22.2138
29490	32.2138
29500	29.6088
29510	27.4449
29520	28.3874
29530	25.7823
29540	35.7823
29550	29.5559
29560	26.9408
29570	26.091
29580	23.9153
29590	21.2997
29600	31.2997
29610	29.1326
29620	26.5338
29630	28.2644
29640	26.1023
29650	23.5083
29660	33.5083
29670	31.3596
29680	28.7248
29690	26.788
29700	24.651
29710	34.651
29720	27.8107
29730	25.688
29740	27.4727
29750	24.864
29760	22.7522
29770	32.7522
29780	30.1435
29790	28.0317
29800	26.9151
29810	24.3064
29820	22.1946
29830	32.1946
29840	29.5839
29850	27.4658
29860	28.5297
29870	25.9111
29880	35.9111
29890	29.7462
29900	27.1276
29910	26
29920	23.8763
29930	21.2577
29940	31.2577
29950	29.134
29960	26.5155
29970	28.3505
29980	26.2268
29990	23.6082
30000	33.6082
30010	31.4845
30020	28.8686
30030	26.7476
30040	24.5957
30050	34.5957
30060	27.8055
30070	25.645
30080	27.4859
30090	24.9037
30100	22.7615
30110	32.7615
30120	30.1947
30130	28.0592
30140	26.9817
30150	24.4019
30160	22.2838
30170	32.2838
30180	29.6813
30190	27.5707
30200	28.4631
30210	25.8692
30220	35.8692
30230	29.6851
30240	27.1084
30250	26.0736
30260	23.9264
30270	21.3497
30280	31.3497
30290	29.2025
30300	26.6258
30310	28.3027
30320	26.1521
30330	23.5728
30340	33.5728
30350	31.475
30360	28.8885
30370	26.8835
30380	24.794
30390	34.794
30400	27.9765
30410	25.9033
30420	27.4187
30430	24.7967
30440	22.7228
30450	32.7228
30460	30.117
30470	28.0683
30480	27.0418
30490	24.4438
30500	22.3854
30510	32.3854
30520	29.8146
30530	27.7295
30540	28.4842
30550	25.9134
30560	35.9134
30570	29.8
30580	27.2292
30590	26.0931
30600	24.0081
30610	21.4384
30620	31.4384
30630	29.3689
30640	26.7628
30650	28.3073
30660	26.2467
30670	23.6305
30680	33.6305
30690	31.5765
30700	29.0464
30710	26.8705
30720	24.8223
30730	34.8223
30740	28.1132
30750	26.0583
30760	27.4894
30770	24.9494
30780	22.8894
30790	32.8894
30800	30.3669
30810	28.3138
30820	27.0472
30830	24.582
30840	22.5342
30850	32.5342
30860	30.067
30870	28.0131
30880	28.5288
30890	26.0535
30900	36.0535
30910	29.9743
30920	27.5032
30930	26.1656
30940	24.0766
30950	21.626
30960	31.626
30970	29.5312
30980	27.076
30990	28.377
31000	26.3012
31010	23.816
31020	33.816
31030	31.745
31040	29.2623
31050	26.9479
31060	24.8498
31070	34.8498
31080	28.2356
31090	26.1293
31100	27.4606
31110	25
31120	22.8937
31130	32.8937
31140	30.4331
31150	28.3268
31160	27.0669
31170	24.6063
31180	22.5
31190	32.5
31200	30.0394
31210	27.9331
31220	28.4843
31230	26.0203
31240	36.0203
31250	29.8672
31260	27.3966
31270	26.1569
31280	24.0408
31290	21.5565
31300	31.5565
31310	29.4626
31320	26.9577
31330	28.3382
31340	26.2427
31350	23.7287
31360	33.7287
31370	31.6584
31380	29.1193
31390	26.9159
31400	24.8339
31410	34.8339
31420	28.1396
31430	26.0344
31440	27.4464
31450	24.9318
31460	22.8277
31470	32.8277
31480	30.3285
31490	28.1884
31500	27.046
31510	24.5541
31520	22.4048
31530	32.4048
31540	29.9388
31550	27.764
31560	28.4295
31570	25.9635
31580	35.9635
31590	29.7232
31600	27.2474
31610	26.1539
31620	23.9682
31630	21.4927
31640	31.4927
31650	29.3001
31660	26.8146
31670	28.3126
31680	26.116
31690	23.6254
31700	33.6254
31710	31.448
31720	29.0006
31730	26.9281
31740	24.7675
31750	34.7675
31760	28.1631
31770	26.0157
31780	27.4281
31790	24.9472
31800	22.8098
31810	32.8098
31820	30.3211
31830	28.1968
31840	27.0716
31850	24.5573
31860	22.443
31870	32.443
31880	29.9268
31890	27.8371
31900	28.4191
31910	25.8954
31920	35.8954
31930	29.8043
31940	27.2751
31950	26.2023
31960	24.153
31970	21.5962
31980	31.5962
31990	29.5507
32000	26.9895
32010	28.2363
32020	26.2091
32030	23.6193
32040	33.6193
32050	31.5966
32060	29.0092
32070	26.9803
32080	24.9316
32090	34.9316
32100	28.1769
32110	26.1202
32120	27.3965
32130	24.8174
32140	22.7774
32150	32.7774
32160	30.1785
32170	28.1446
32180	27.1563
32190	24.5574
32200	22.5235
32210	32.5235
32220	29.9247
32230	27.8908
32240	28.3992
32250	25.8161
32260	35.8161
32270	29.7598
32280	27.2082
32290	26.1538
32300	24.1088
32310	21.5572
32320	31.5572
32330	29.5122
32340	26.9606
32350	28.2927
32360	26.2477
32370	23.6961
32380	33.6961
32390	31.651
32400	29.0994
32410	26.9418
32420	24.8968
32430	34.8968
32440	28.1613
32450	26.1163
32460	27.4484
32470	24.8968
32480	22.851
32490	32.851
32500	30.2787
32510	28.2563
32520	27.1192
32530	24.5334
32540	22.5019
32550	32.5019
32560	29.9412
32570	27.8851
32580	28.4509
32590	25.8901
32600	35.8901
32610	29.8154
32620	27.2546
32630	26.1495
32640	24.0935
32650	21.5327
32660	31.5327
32670	29.4766
32680	26.9159
32690	28.2804
32700	26.2243
32710	23.6648
32720	33.6648
32730	31.6028
32740	29.033
32750	26.9344
32760	24.8674
32770	34.8674
32780	28.113
32790	26.0271
32800	27.4207
32810	24.8742
32820	22.7738
32830	32.7738
32840	30.2273
32850	28.127
32860	27.0818
32870	24.5353
32880	22.4349
32890	32.4349
32900	29.8867
32910	27.7806
32920	28.42
32930	25.8645
32940	35.8645
32950	29.7163
32960	27.1608
32970	26.1481
32980	24.037
32990	21.4815
33000	31.4815
33010	29.3704
33020	26.8179
33030	28.2644
33040	26.1268
33050	23.5945
33060	33.5945
33070	31.4503
33080	28.9179
33090	26.9316
33100	24.7874
33110	34.7874
33120	28.0776
33130	25.9335
33140	27.3937
33150	24.8614
33160	22.7172
33170	32.7172
33180	30.1848
33190	28.0407
33200	27.061
33210	24.5287
33220	22.3845
33230	32.3845
33240	29.8521
33250	27.708
33260	28.3919
33270	25.8488
33280	35.8488
33290	29.6789
33300	27.1144
33310	26.1439
33320	24.0221
33330	21.4576
33340	31.4576
33350	29.3358
33360	26.7712
33370	28.2472
33380	26.1255
33390	23.5609
33400	33.5609
33410	31.4391
33420	28.8745
33430	26.9188
33440	24.7935
33450	34.7935
33460	28.0318
33470	25.8994
33480	27.3897
33490	24.8162
33500	22.6849
33510	32.6849
33520	30.126
33530	27.9609
33540	27.0488
33550	24.4969
33560	22.323
33570	32.323
33580	29.7955
33590	27.5977
33600	28.3538
33610	25.8264
33620	35.8264
33630	29.5775
33640	27.0729
33650	26.1988
33660	24.0233
33670	21.5198
33680	31.5198
33690	29.3584
33700	26.8219
33710	28.1972
33720	26.0439
33730	23.5074
33740	33.5074
33750	31.3541
33760	28.8177
33770	26.9891
33780	24.8358
33790	34.8358
33800	28.113
33810	25.9723
33820	27.3447
33830	24.7764
33840	22.6453
33850	32.6453
33860	30.0802
33870	27.9557
33880	27.0974
33890	24.543
33900	22.4235
33910	32.4235
33920	29.8737
33930	27.7658
33940	28.3606
33950	25.8289
33960	35.8289
33970	29.6987
33980	27.1671
33990	26.2206
34000	24.123
34010	21.5913
34020	31.5913
34030	29.4937
34040	26.965
34050	28.2148
34060	26.1346
34070	23.6256
34080	33.6256
34090	31.5498
34100	29.0407
34110	26.9856
34120	24.9097
34130	34.9097
34140	28.231
34150	26.1552
34160	27.4193
34170	24.9067
34180	22.8232
34190	32.8232
34200	30.3052
34210	28.2189
34220	27.1223
34230	24.6043
34240	22.518
34250	32.518
34260	30
34270	27.9137
34280	28.4173
34290	25.8888
34300	35.8888
34310	29.7954
34320	27.246
34330	26.1759
34340	24.1106
34350	21.5577
34360	31.5577
34370	29.4826
34380	26.9245
34390	28.2497
34400	26.1746
34410	23.6165
34420	33.6165
34430	31.5413
34440	28.9832
34450	26.9589
34460	24.8909
34470	34.8909
34480	28.1156
34490	26.062
34500	27.4107
34510	24.8214
34520	22.7682
34530	32.7682
34540	30.1735
34550	28.1094
34560	27.1233
34570	24.5254
34580	22.4614
34590	32.4614
34600	29.8635
34610	27.7995
34620	28.3986
34630	25.8007
34640	35.8007
34650	29.7084
34660	27.102
34670	26.1553
34680	24.0808
34690	21.4744
34700	31.4744
34710	29.3999
34720	26.7936
34730	28.2092
34740	26.1348
34750	23.5295
34760	33.5295
34770	31.4495
34780	28.8347
34790	26.9324
34800	24.8476
34810	34.8476
34820	28.033
34830	25.9303
34840	27.3761
34850	24.7836
34860	22.6672
34870	32.6672
34880	30.0746
34890	27.9582
34900	27.0899
34910	24.4974
34920	22.381
34930	32.381
34940	29.7867
34950	27.693
34960	28.3879
34970	25.7868
34980	35.7868
34990	29.6884
35000	27.0823
35010	26.1135
35020	24.0574
35030	21.4258
35040	31.4258
35050	29.3732
35060	26.7445
35070	28.2505
35080	26.1727
35090	23.5632
35100	33.5632
35110	31.4792
35120	28.8697
35130	26.8827
35140	24.7986
35150	34.7986
35160	27.986
35170	25.9019
35180	27.4256
35190	24.8161
35200	22.732
35210	32.732
35220	30.1226
35230	28.0385
35240	27.0581
35250	24.4456
35260	22.3911
35270	32.3911
35280	29.7733
35290	27.7314
35300	28.3944
35310	25.7766
35320	35.7766
35330	29.7208
35340	27.103
35350	26.1606
35360	24.1201
35370	21.5111
35380	31.5111
35390	29.4902
35400	26.8943
35410	28.2627
35420	26.2411
35430	23.6489
35440	33.6489
35450	31.6385
35460	29.0562
35470	26.9685
35480	24.965
35490	34.965
35500	28.2104
35510	26.2207
35520	27.474
35530	24.9135
35540	22.9232
35550	32.9232
35560	30.3436
35570	28.3746
35580	27.1531
35590	24.5625
35600	22.5936
35610	32.5936
35620	30.0029
35630	28.034
35640	28.4974
35650	25.9067
35660	35.9067
35670	29.9757
35680	27.3767
35690	26.1817
35700	24.254
35710	21.6553
35720	31.6553
35730	29.7535
35740	27.1463
35750	28.2732
35760	26.3864
35770	23.7792
35780	24.5455
35790	34.5455
35800	28.6964
35810	21.8868
35820	23.9623
35830	33.9623
35840	31.3471
35850	29.4725
35860	30.6085
35870	27.9715
35880	26.1051
35890	36.1051
35900	33.7589
35910	26.9172
35920	21.1039
35930	22.6882
35940	24.7836
35950	34.7836
35960	32.1601
35970	30.3032
35980	30.6814
35990	28.0579
36000	38.0579
