10	10
20	2
30	2
40	2
50	2
60	2
70	4.5
80	14.5
90	16
100	15
110	15
120	15
130	25
140	19
150	16.6667
160	13.3333
170	16.6667
180	16.6667
190	13.3333
200	16.6667
210	16.6667
220	26.6667
230	16.6667
240	16.6667
250	13.3333
260	16.75
270	17.5
280	12.5
290	15
300	17.5
310	12.5
320	15
330	17.5
340	12.5
350	15
360	17.5
370	27.5
380	14.6
390	18
400	12
410	14
420	18
430	12
440	8.4
450	18.4
460	20.4
470	5.6
480	15.6
490	19.6
500	5.91429
510	15.9143
520	17.8571
530	12.8571
540	15.7143
550	17.1429
560	12.8571
570	15.7143
580	17.1429
590	12.8571
600	15.7143
610	17.1429
620	12.8571
630	15.7143
640	17.1429
650	12.8571
660	15.7143
670	17.1429
680	27.1429
690	15.4286
700	17.5
710	12.5
720	15
730	17.5
740	12.4722
750	14.6944
760	17.7778
770	12.2222
780	8.22222
790	18.2222
800	19.6162
810	6.81818
820	16.8182
830	21.3636
840	16.0909
850	18.8182
860	22.7273
870	18.1818
880	19.0909
890	29.0909
900	12.1818
910	22.1818
920	24.5175
930	18.4196
940	21.5385
950	31.5385
960	20.7692
970	19.2308
980	15.6615
990	19.6615
1000	21.9128
1010	19.9128
1020	21.3333
1030	31.3333
1040	23.3333
1050	20
1060	18
1070	22
1080	24
1090	34
1100	26.3375
1110	20.6542
1120	19.4042
1130	23.0625
1140	33.0625
1150	26.1875
1160	23.7316
1170	22.1471
1180	26.2647
1190	29.0074
1200	27.2426
1210	37.2426
1220	33.125
1230	25.4779
1240	26.4706
1250	24.7059
1260	25.2941
1270	35.2941
1280	27.6471
1290	25.8824
1300	24.1176
1310	22.3529
1320	32.3529
1330	24.7059
1340	27.5635
1350	25.9195
1360	35.9195
1370	36.9164
1380	29.548
1390	26.3901
1400	36.3901
1410	29.6006
1420	29.6053
1430	27.6053
1440	21.1053
1450	23
1460	33
1470	26.5909
1480	21.0455
1490	20.1364
1500	30.1364
1510	30.5909
1520	24.2273
1530	26.9545
1540	36.9545
1550	30.5909
1560	24.6818
1570	23.7727
1580	26.3636
1590	25.6917
1600	22.3715
1610	32.3715
1620	26.7194
1630	26.2846
1640	25.8498
1650	35.8498
1660	34.3478
1670	28.6957
1680	21.3043
1690	20.8678
1700	30.8678
1710	30.9617
1720	25.3617
1730	27.4156
1740	27.0157
1750	24.2941
1760	34.2941
1770	29.0341
1780	29.3015
1790	25.4554
1800	20.4554
1810	23.5076
1820	33.5076
1830	28.5076
1840	29.0989
1850	26.2418
1860	21.2418
1870	31.2418
1880	31.4117
1890	26.7221
1900	28.0493
1910	27.7044
1920	23.2217
1930	23.7731
1940	33.7731
1950	29.8098
1960	20.4694
1970	23.3726
1980	23.6952
1990	33.6952
2000	33.0501
2010	28.5339
2020	29.8242
2030	29.1791
2040	39.1791
2050	29.8242
2060	29.2362
2070	25.0712
2080	20.8871
2090	23.8283
2100	33.8283
2110	29.7106
2120	29.0484
2130	29.079
2140	25.284
2150	24.1412
2160	34.1412
2170	30.4269
2180	30.0203
2190	25.2023
2200	21.7128
2210	31.7128
2220	30.6601
2230	27.2391
2240	26.5789
2250	25.5263
2260	22.1053
2270	32.1053
2280	31.0526
2290	27.6316
2300	28.1599
2310	27.2112
2320	23.4926
2330	24.1026
2340	34.1026
2350	29.7436
2360	21.2821
2370	24.1026
2380	34.1026
2390	30.2564
2400	29.4872
2410	31.0256
2420	27.2026
2430	26.241
2440	36.241
2450	34.0154
2460	26.0154
2470	21.0154
2480	22.0582
2490	24.4868
2500	34.4868
2510	31.6297
2520	30.2011
2530	31.2106
2540	41.2106
2550	34.0678
2560	28.8297
2570	27.1429
2580	24.2857
2590	22.8571
2600	24.2857
2610	24.816
2620	34.816
2630	30.0974
2640	22.8247
2650	25.5519
2660	26.9282
2670	36.9282
2680	37.551
2690	33.2399
2700	25.4621
2710	24.2222
2720	23.5556
2730	20.2222
2740	30.2222
2750	29.5556
2760	26.2222
2770	28.2222
2780	38.2222
2790	33.7198
2800	26.2319
2810	25.2174
2820	24.1304
2830	21.087
2840	23.6957
2850	33.6957
2860	30.5978
2870	29.3478
2880	29.9275
2890	26.8025
2900	25.5225
2910	35.5225
2920	34.0033
2930	26.4333
2940	22.0333
2950	23.2333
2960	33.2333
2970	32.4333
2980	29.2333
2990	28.6
3000	27.8
3010	24.5492
3020	24.5762
3030	34.5762
3040	30.0308
3050	23.1077
3060	25.3846
3070	24.4231
3080	21.7308
3090	31.7308
3100	30.7692
3110	28.0769
3120	28.4615
3130	27.5
3140	24.8134
3150	34.8134
3160	33.3519
3170	28.5969
3180	21.5598
3190	24.1524
3200	34.1524
3210	31.3746
3220	30.2635
3230	30
3240	27.2222
3250	26.125
3260	25.0417
3270	35.0417
3280	27.9332
3290	22.9332
3300	24.3618
3310	26.8618
3320	36.8618
3330	34.0046
3340	32.7546
3350	31.9643
3360	41.9643
3370	34.8214
3380	29.8543
3390	25.9539
3400	22.8462
3410	21.7935
3420	23.0216
3430	33.0216
3440	32.0135
3450	28.691
3460	29.0436
3470	28.1815
3480	24.7332
3490	34.7332
3500	33.2864
3510	28.6306
3520	20.8971
3530	23.4395
3540	33.4395
3550	30.2192
3560	29.0327
3570	29.661
3580	26.4407
3590	25.2542
3600	25.0847
3610	35.0847
3620	27.509
3630	22.4161
3640	23.7494
3650	26.0828
3660	36.0828
3670	33.0828
3680	31.5828
3690	31.522
3700	41.522
3710	34.1887
3720	28.8554
3730	25.8333
3740	22.8689
3750	21.2172
3760	22.6926
3770	32.6926
3780	30.8893
3790	28.1025
3800	29.0272
3810	27.1867
3820	24.3506
3830	34.3506
3840	33.6508
3850	27.7778
3860	20.6416
3870	22.6014
3880	32.6014
3890	29.9452
3900	27.7577
3910	29.0908
3920	26.4345
3930	24.247
3940	34.247
3950	31.5908
3960	30.3125
3970	24.0625
3980	21.3998
3990	23.1925
4000	33.1925
4010	30.731
4020	28.2695
4030	28.9534
4040	38.9534
4050	32.1608
4060	25.7342
4070	25.6061
4080	22.8788
4090	20.6061
4100	22.1212
4110	32.1212
4120	29.9706
4130	26.9855
4140	28.6974
4150	26.6079
4160	23.6228
4170	33.6228
4180	31.5332
4190	28.5482
4200	26.8657
4210	36.8657
4220	30.7672
4230	23.5262
4240	25.7642
4250	23.7642
4260	20.907
4270	22.907
4280	32.907
4290	30.1282
4300	28.2104
4310	28.3249
4320	25.5851
4330	23.6836
4340	33.6836
4350	31.0472
4360	28.885
4370	28.1366
4380	38.1366
4390	31.3799
4400	25.124
4410	25.655
4420	23.227
4430	20.827
4440	22.5604
4450	32.5604
4460	30.1984
4470	27.6672
4480	28.8686
4490	26.6318
4500	24.0002
4510	34.0002
4520	31.7633
4530	29.1318
4540	27.1053
4550	37.1053
4560	30.7895
4570	23.9474
4580	26.0628
4590	23.7905
4600	21.1083
4610	22.9032
4620	32.9032
4630	30.2109
4640	27.9032
4650	27.9487
4660	25.2564
4670	22.9487
4680	32.9487
4690	30.2564
4700	27.9643
4710	27.977
4720	37.977
4730	30.8129
4740	24.6104
4750	25.6962
4760	22.8117
4770	20.5483
4780	22.0483
4790	32.0483
4800	29.6733
4810	26.9233
4820	28.6324
4830	26.2339
4840	23.7016
4850	33.7016
4860	31.2626
4870	28.8235
4880	26.8293
4890	36.8293
4900	30.3438
4910	23.5469
4920	26.2651
4930	23.9759
4940	21.3115
4950	23.1773
4960	33.1773
4970	30.3201
4980	28.1773
4990	27.6345
5000	24.7707
5010	22.6802
5020	32.6802
5030	29.6214
5040	27.6214
5050	28.363
5060	38.363
5070	30.9513
5080	24.9513
5090	25.5294
5100	22.4706
5110	20.4706
5120	21.7647
5130	31.7647
5140	29.8577
5150	26.6019
5160	28.87
5170	27.0096
5180	23.7564
5190	33.7564
5200	33.3245
5210	27.7622
5220	20.0349
5230	22.3076
5240	32.3076
5250	28.9621
5260	27.4493
5270	28.4606
5280	30.273
5290	28.8123
5300	38.8123
5310	30.8348
5320	28.6517
5330	23.3708
5340	19.8876
5350	22.2429
5360	32.2429
5370	28.8547
5380	27.5213
5390	28.6325
5400	38.6325
5410	38.9421
5420	33.8638
5430	26.0691
5440	25.3841
5450	24.2971
5460	20.9275
5470	30.9275
5480	29.8406
5490	26.471
5500	25.7609
5510	24.6739
5520	21.3043
5530	31.3043
5540	30.2007
5550	26.8127
5560	29.0227
5570	27.8525
5580	37.8525
5590	29.9801
5600	28.1976
5610	23.2049
5620	19.9183
5630	22.3393
5640	32.3393
5650	29.0761
5660	27.7077
5670	28.8656
5680	38.8656
5690	38.4446
5700	33.2867
5710	25.6025
5720	25.4489
5730	24.2313
5740	21.0447
5750	31.0447
5760	30.0243
5770	26.861
5780	26.0253
5790	24.9731
5800	21.7829
5810	31.7829
5820	30.6829
5830	27.4829
5840	29.0007
5850	27.941
5860	24.8325
5870	34.8325
5880	32.4753
5890	27.8218
5900	20.3905
5910	23.1033
5920	33.1033
5930	29.868
5940	28.9856
5950	30.0401
5960	26.8048
5970	25.9224
5980	35.9224
5990	32.6871
6000	31.6667
6010	27.1569
6020	23.9301
6030	23.7609
6040	33.7609
6050	29.1693
6060	21.8616
6070	24.5539
6080	25.9001
6090	35.9001
6100	34.9385
6110	31.9578
6120	30.7078
6130	29.7428
6140	26.7134
6150	25.3464
6160	35.3464
6170	30.8702
6180	23.3464
6190	24.6667
6200	23.8061
6210	20.6155
6220	30.6155
6230	29.8608
6240	26.5589
6250	28.9751
6260	28.2237
6270	24.9674
6280	34.9674
6290	32.4363
6300	28.2306
6310	20.6606
6320	23.561
6330	33.561
6340	30.2744
6350	29.7189
6360	30.6097
6370	27.2763
6380	26.7267
6390	36.7267
6400	35.5744
6410	27.9149
6420	23.603
6430	24.5872
6440	21.374
6450	20.6093
6460	30.6093
6470	27.3661
6480	26.5553
6490	27.7264
6500	37.7264
6510	37.6178
6520	33.2034
6530	25.5457
6540	25.4054
6550	24.5946
6560	21.3514
6570	31.3514
6580	30.5405
6590	27.2973
6600	25.9459
6610	25.1376
6620	21.9647
6630	31.9647
6640	31.0797
6650	28.0709
6660	29.0511
6670	28.1661
6680	25.1497
6690	35.1497
6700	32.7553
6710	28.0855
6720	20.8926
6730	23.5241
6740	33.5241
6750	30.6887
6760	29.5952
6770	30.8166
6780	28.1442
6790	27.0204
6800	37.0204
6810	35.1057
6820	28.3138
6830	23.613
6840	24.6154
6850	22.0513
6860	21.0256
6870	31.0256
6880	28.4615
6890	27.4359
6900	29.0598
6910	39.0598
6920	38.8034
6930	34.1026
6940	27.3504
6950	25.3846
6960	24.359
6970	21.7949
6980	31.7949
6990	30.8315
7000	28.1197
7010	26.6247
7020	25.6925
7030	22.9844
7040	32.9844
7050	32.0138
7060	29.2638
7070	29.1321
7080	28.1321
7090	25.3845
7100	35.3845
7110	32.8727
7120	28.1448
7130	21.0956
7140	23.7186
7150	33.7186
7160	30.8944
7170	29.8828
7180	30.855
7190	27.9282
7200	26.9526
7210	24.7125
7220	34.7125
7230	27.3987
7240	22.8442
7250	24.1345
7260	26.8765
7270	36.8765
7280	33.8058
7290	32.8839
7300	32.0467
7310	28.9515
7320	38.9515
7330	34.3483
7340	31.5111
7350	24.1023
7360	23.0249
7370	24.3635
7380	34.3635
7390	33.7008
7400	28.8976
7410	21.5748
7420	24.1732
7430	25.5118
7440	35.5118
7450	34.4094
7460	31.4275
7470	31.1992
7480	29.9837
7490	39.9837
7500	32.7962
7510	28.6719
7520	23.6777
7530	20.734
7540	23.2922
7550	33.2922
7560	30.2689
7570	29.1061
7580	30.5505
7590	27.564
7600	26.2998
7610	24.6923
7620	34.6923
7630	27.4615
7640	22.3932
7650	23.7214
7660	33.7214
7670	32.5
7680	29.4466
7690	30.2625
7700	29.0402
7710	26.0073
7720	25.3192
7730	35.3192
7740	30.3939
7750	23.0804
7760	24.7779
7770	23.5281
7780	20.6136
7790	30.6136
7800	29.2803
7810	26.3914
7820	28.9567
7830	27.6038
7840	24.8466
7850	34.8466
7860	33.0657
7870	27.8832
7880	20.952
7890	23.391
7900	33.391
7910	30.7823
7920	29.4779
7930	30.3059
7940	27.6972
7950	26.3929
7960	24.7826
7970	34.7826
7980	27.971
7990	22.8986
8000	24.4905
8010	26.9331
8020	36.9331
8030	34.2903
8040	32.9331
8050	32.5629
8060	42.5629
8070	35.6837
8080	30.4895
8090	25.6338
8100	22.9577
8110	21.5493
8120	23.0986
8130	33.0986
8140	31.6901
8150	29.0141
8160	29.7183
8170	28.3099
8180	25.6419
8190	35.6419
8200	33.2617
8210	28.1249
8220	21.062
8230	23.5095
8240	33.5095
8250	30.736
8260	29.3295
8270	30.1021
8280	27.3937
8290	25.9482
8300	24.8098
8310	34.8098
8320	27.9443
8330	22.496
8340	24.0822
8350	26.3596
8360	36.3596
8370	33.7184
8380	32.0858
8390	32.1854
8400	42.1854
8410	35.3147
8420	29.7838
8430	25.5686
8440	22.9868
8450	21.23
8460	22.8516
8470	32.8516
8480	31.0949
8490	28.5273
8500	29.5946
8510	27.8378
8520	25.2703
8530	35.2703
8540	33.3827
8550	27.7491
8560	20.891
8570	23.1057
8580	33.1058
8590	30.4212
8600	28.7433
8610	29.8658
8620	27.1812
8630	25.5034
8640	24.7651
8650	34.7651
8660	27.8721
8670	22.2324
8680	23.8324
8690	25.9657
8700	35.9657
8710	33.3657
8720	31.5537
8730	31.9375
8740	41.9375
8750	35.2293
8760	29.3352
8770	25.4967
8780	22.961
8790	21.0796
8800	22.6586
8810	32.6586
8820	30.8165
8830	28.1849
8840	29.4777
8850	27.5921
8860	25.0183
8870	35.0183
8880	33.4641
8890	27.5163
8900	20.7897
8910	22.8015
8920	32.8015
8930	30.4144
8940	28.4144
8950	29.5095
8960	27.1198
8970	25.0851
8980	24.7495
8990	34.7495
9000	28.3392
9010	22.1854
9020	23.978
9030	25.9624
9040	35.9624
9050	33.6207
9060	31.6586
9070	31.3784
9080	41.3784
9090	34.9228
9100	28.9734
9110	25.7595
9120	23.4177
9130	21.4557
9140	23.2278
9150	33.2278
9160	31.316
9170	29.0518
9180	29.3273
9190	27.4405
9200	25.1763
9210	35.1763
9220	33.5849
9230	27.7359
9240	21.3836
9250	23.4591
9260	33.4591
9270	31.195
9280	29.3082
9290	29.6226
9300	27.3585
9310	25.4609
9320	24.7445
9330	34.7445
9340	28.4976
9350	22.792
9360	24.6939
9370	26.8387
9380	36.8387
9390	34.6225
9400	32.9152
9410	31.9856
9420	41.9856
9430	35.6441
9440	30.0462
9450	25.6626
9460	23.4684
9470	21.832
9480	23.7108
9490	33.7108
9500	32.0745
9510	29.8926
9520	29.8788
9530	28.2424
9540	26.0606
9550	36.0606
9560	33.3939
9570	27.8788
9580	21.6364
9590	23.8788
9600	33.8788
9610	31.697
9620	30.0606
9630	30.0606
9640	27.8788
9650	26.2424
9660	24.7273
9670	34.7273
9680	28.477
9690	22.939
9700	24.7953
9710	27.0109
9720	37.0108
9730	34.7953
9740	33.1147
9750	32.3033
9760	42.3033
9770	35.9796
9780	30.3583
9790	25.6213
9800	23.3554
9810	21.6739
9820	23.4386
9830	33.4386
9840	31.7915
9850	29.4386
9860	29.7102
9870	28.0489
9880	25.6744
9890	35.6744
9900	33.4302
9910	27.8488
9920	21.342
9930	23.5373
9940	33.5373
9950	31.2959
9960	29.5718
9970	30.0299
9980	27.7839
9990	26.0486
10000	24.6642
10010	34.6642
10020	28.5278
10030	22.846
10040	24.7778
10050	26.9369
10060	36.9369
10070	34.8346
10080	33.0733
10090	32.2159
10100	42.2159
10110	36.0578
10120	30.5082
10130	25.5618
10140	23.427
10150	21.7978
10160	23.7079
10170	33.7079
10180	32.122
10190	29.8873
10200	30.0198
10210	28.4555
10220	26.2275
10230	36.2275
10240	33.3144
10250	27.9554
10260	21.5109
10270	23.8443
10280	33.8443
10290	31.5031
10300	29.98
10310	30.2187
10320	27.856
10330	26.3213
10340	24.7378
10350	34.7378
10360	28.2285
10370	22.7937
10380	24.5328
10390	26.8167
10400	36.8167
10410	34.4076
10420	32.7947
10430	32.3744
10440	42.3744
10450	35.8153
10460	30.315
10470	25.5841
10480	23.2201
10490	21.5088
10500	23.2735
10510	33.2735
10520	31.5396
10530	29.2239
10540	29.8129
10550	28.0044
10560	25.7172
10570	35.7172
10580	33.3797
10590	27.7013
10600	21.2936
10610	23.5041
10620	33.5041
10630	31.1884
10640	29.5143
10650	30.2273
10660	27.8344
10670	26.2114
10680	24.6597
10690	34.6597
10700	28.0938
10710	22.6307
10720	24.2974
10730	26.5891
10740	36.5891
10750	34.0891
10760	32.5266
10770	32.2063
10780	29.7063
10790	39.7063
10800	34.2896
10810	30.9375
10820	24.2794
10830	22.7027
10840	24.4553
10850	34.4553
10860	33.9759
10870	28.512
10880	22.0154
10890	24.2695
10900	26.0042
10910	36.0042
10920	34.3716
10930	31.9736
10940	31.2973
10950	29.6533
10960	39.6533
10970	33.2479
10980	28.9899
10990	23.4343
11000	21.1616
11010	23.4034
11020	33.4034
11030	31.0416
11040	29.4335
11050	30.5649
11060	28.2049
11070	26.5878
11080	24.537
11090	34.537
11100	28.0196
11110	22.4972
11120	24.2425
11130	34.2425
11140	32.5776
11150	30.3116
11160	30.6056
11170	28.9337
11180	26.6857
11190	25.5949
11200	35.5949
11210	29.9086
11220	23.6341
11230	25.049
11240	23.2843
11250	21.0784
11260	31.0784
11270	29.3137
11280	27.1078
11290	29.2647
11300	27.497
11310	25.313
11320	35.313
11330	33.0766
11340	27.2717
11350	21.0766
11360	23.1761
11370	33.1761
11380	30.9691
11390	29.173
11400	30.5997
11410	28.3647
11420	26.5857
11430	24.352
11440	34.352
11450	28.1201
11460	22.4679
11470	24.352
11480	26.5259
11490	36.5259
11500	34.352
11510	32.6128
11520	31.3085
11530	29.1346
11540	39.1346
11550	33.4824
11560	31.1111
11570	24.8792
11580	23.1401
11590	24.3478
11600	22.1739
11610	32.1739
11620	26.5217
11630	24.3478
11640	26.5217
11650	28.4038
11660	38.4038
11670	36.6091
11680	35.3223
11690	29.1684
11700	27.3415
11710	37.3415
11720	35.0029
11730	28.8839
11740	23.0335
11750	24.3062
11760	22.2488
11770	20.3349
11780	30.3349
11790	28.2206
11800	26.3634
11810	28.2682
11820	29.5897
11830	39.5897
11840	33.7629
11850	27.6031
11860	26.9276
11870	24.9845
11880	22.8992
11890	24.2654
11900	34.2654
11910	28.3412
11920	22.2275
11930	24.2654
11940	26.2085
11950	36.2085
11960	34.2654
11970	32.1801
11980	31.09
11990	29.1469
12000	27.0616
12010	25.6861
12020	35.6861
12030	29.7137
12040	23.6513
12050	25.0472
12060	23.0189
12070	20.999
12080	30.999
12090	29.0027
12100	26.89
12110	28.9088
12120	38.9088
12130	36.7961
12140	35.8027
12150	29.8261
12160	27.6911
12170	25.6744
12180	23.6744
12190	33.6744
12200	27.4691
12210	25.5006
12220	25.8413
12230	23.619
12240	21.6746
12250	31.6746
12260	29.4655
12270	27.5523
12280	29.4054
12290	27.2395
12300	25.3501
12310	24.2812
12320	34.2812
12330	28.0462
12340	22.2877
12350	24.1599
12360	34.1599
12370	32.3791
12380	30.1738
12390	30.3192
12400	28.583
12410	26.3103
12420	25.5909
12430	35.5909
12440	29.9545
12450	23.5909
12460	25
12470	23.2727
12480	21
12490	31
12500	29.2851
12510	27.0439
12520	29.2038
12530	27.5296
12540	25.3124
12550	35.3124
12560	33.0802
12570	27.4706
12580	21.2287
12590	23.3909
12600	33.3909
12610	31.2287
12620	29.4807
12630	30.5548
12640	28.326
12650	26.6219
12660	24.4843
12670	34.4843
12680	28.1742
12690	22.5984
12700	24.4734
12710	26.7056
12720	36.7056
12730	34.5181
12740	32.8633
12750	32.0219
12760	29.8154
12770	39.8154
12780	34.2401
12790	30.885
12800	24.6054
12810	22.9445
12820	24.4964
12830	22.3378
12840	32.3378
12850	26.8312
12860	24.6684
12870	26.9004
12880	28.7781
12890	38.7781
12900	37.1188
12910	34.9353
12920	32.6706
12930	42.6706
12940	37.1247
12950	30.8802
12960	26.7249
12970	25.0655
12980	22.884
12990	24.2923
13000	34.2923
13010	28.7693
13020	22.5624
13030	24.8038
13040	26.6952
13050	28.9566
13060	38.9566
13070	36.7248
13080	35.4974
13090	30.0467
13100	27.8324
13110	25.5609
13120	35.5609
13130	30.0053
13140	23.766
13150	25.0855
13160	23.4188
13170	21.2566
13180	31.2566
13190	29.5119
13200	27.3843
13210	29.2819
13220	27.5405
13230	25.3826
13240	35.3826
13250	33.0536
13260	27.4604
13270	21.1892
13280	23.3907
13290	25.2457
13300	35.2457
13310	33.523
13320	31.2961
13330	31.5193
13340	41.5193
13350	35.8709
13360	29.5452
13370	26.75
13380	25
13390	22.75
13400	24.2917
13410	34.2917
13420	28.6575
13430	22.2505
13440	24.4497
13450	26.2339
13460	28.4331
13470	38.4331
13480	36.1094
13490	34.4082
13500	32.375
13510	30.0513
13520	40.0513
13530	34.4316
13540	31.0387
13550	24.5778
13560	22.8494
13570	24.4856
13580	22.1568
13590	32.1568
13600	26.444
13610	24.149
13620	26.2801
13630	28.0801
13640	38.08
13650	36.2603
13660	34.0652
13670	32.2176
13680	42.2176
13690	36.4453
13700	30.1895
13710	26.6858
13720	24.8749
13730	22.7062
13740	24.3373
13750	34.3373
13760	28.6054
13770	22.3401
13780	24.5001
13790	26.3401
13800	28.5001
13810	38.5001
13820	36.2654
13830	34.5165
13840	32.4445
13850	30.231
13860	40.231
13870	34.5789
13880	31.0308
13890	24.7941
13900	23.0336
13910	24.3529
13920	22.2353
13930	32.2353
13940	26.5597
13950	24.4689
13960	26.6564
13970	28.6095
13980	38.6095
13990	38.3756
14000	32.7552
14010	26.6312
14020	25.6844
14030	24.0113
14040	21.8712
14050	31.8712
14060	30.1839
14070	28.0689
14080	26.5219
14090	36.5219
14100	30.863
14110	24.7389
14120	26.9605
14130	25.2038
14140	23.1883
14150	24.2692
14160	34.2692
14170	28.5769
14180	22.5654
14190	24.7418
14200	26.6958
14210	28.8798
14220	38.8798
14230	36.8108
14240	35.4208
14250	29.808
14260	27.6865
14270	25.6107
14280	35.6107
14290	30.0382
14300	23.8627
14310	25.053
14320	23.3156
14330	21.2243
14340	31.2243
14350	29.4753
14360	27.3804
14370	29.397
14380	27.7219
14390	25.6087
14400	35.6087
14410	32.9057
14420	27.3643
14430	21.182
14440	23.4377
14450	25.3174
14460	35.3174
14470	33.7008
14480	31.5294
14490	31.2649
14500	41.2649
14510	35.7484
14520	29.629
14530	27.0149
14540	25.3618
14550	23.2947
14560	24.165
14570	34.165
14580	28.5516
14590	22.4922
14600	24.6999
14610	26.6592
14620	28.9102
14630	29.7068
14640	39.7068
14650	33.6182
14660	28.1244
14670	27.2404
14680	25.208
14690	23.6272
14700	24.1912
14710	34.1912
14720	28.1618
14730	22.7206
14740	24.7059
14750	34.7059
14760	33.125
14770	31.1029
14780	30.2143
14790	28.6503
14800	26.6606
14810	25.8608
14820	35.8608
14830	30.4762
14840	24.5026
14850	24.7731
14860	23.2145
14870	21.2145
14880	31.2145
14890	29.6509
14900	27.6422
14910	29.3583
14920	27.8282
14930	25.763
14940	25.8333
14950	35.8333
14960	30.4876
14970	24.3894
14980	24.7774
14990	23.3386
15000	21.2523
15010	31.2523
15020	29.8001
15030	27.7369
15040	29.5482
15050	39.5482
15060	34.2077
15070	28.1503
15080	27.1326
15090	25.6272
15100	23.5842
15110	24.0502
15120	34.0502
15130	28.7097
15140	22.6595
15150	25.0098
15160	27.0098
15170	28.7298
15180	38.7298
15190	33.4441
15200	27.4498
15210	27.2239
15220	25.7068
15230	23.7495
15240	24.0214
15250	34.0214
15260	28.6477
15270	22.7046
15280	25.0178
15290	27.0463
15300	37.0463
15310	37.331
15320	31.9641
15330	26.0422
15340	25.7826
15350	24.2932
15360	22.3783
15370	32.3783
15380	32.6989
15390	27.3406
15400	21.4933
15410	23.7901
15420	25.8749
15430	35.8749
15440	34.3391
15450	32.4539
15460	31.4552
15470	29.9816
15480	28.0868
15490	25.7181
15500	35.7181
15510	30.3853
15520	24.5617
15530	25
15540	23.4615
15550	21.6084
15560	31.6084
15570	30.0699
15580	28.2168
15590	29.8252
15600	28.2867
15610	38.2867
15620	32.4825
15630	28.8462
15640	23.4615
15650	21.6084
15660	23.9161
15670	33.9161
15680	32.0482
15690	30.5325
15700	30.9999
15710	29.0835
15720	27.5852
15730	37.5852
15740	35.0209
15750	29.121
15760	23.769
15770	24.2907
15780	22.3529
15790	20.8304
15800	30.8304
15810	28.8927
15820	27.3702
15830	29.2734
15840	27.3356
15850	37.3356
15860	31.9816
15870	31.1906
15880	25.2176
15890	23.7348
15900	24.3103
15910	22.3103
15920	32.3103
15930	26.9576
15940	24.9988
15950	27.3012
15960	29.3287
15970	39.3287
15980	38.6052
15990	33.2311
16000	27.2325
16010	25.6849
16020	24.1781
16030	22.1616
16040	32.1616
16050	30.6783
16060	28.5964
16070	26.5932
16080	36.5932
16090	31.3031
16100	25.1939
16110	26.9966
16120	25.529
16130	23.4471
16140	24.1297
16150	34.1297
16160	28.834
16170	22.7136
16180	25.0526
16190	26.9848
16200	29.0408
16210	39.0408
16220	33.7141
16230	27.5681
16240	26.9822
16250	25.467
16260	23.3458
16270	24.1414
16280	34.1414
16290	28.7879
16300	22.6263
16310	24.9495
16320	26.8687
16330	36.8687
16340	35.3473
16350	33.2146
16360	31.421
16370	29.8825
16380	27.742
16390	25.6514
16400	35.6514
16410	30.2319
16420	24.081
16430	24.9667
16440	23.3667
16450	21.2726
16460	31.2726
16470	29.6945
16480	27.535
16490	29.5448
16500	27.9834
16510	25.8239
16520	35.8239
16530	32.8571
16540	27.4419
16550	21.2292
16560	23.5216
16570	33.5216
16580	31.3678
16590	29.8156
16600	30.6895
16610	28.5514
16620	27.0053
16630	37.0053
16640	35.0987
16650	28.9145
16660	23.5197
16670	24.3092
16680	22.1711
16690	20.627
16700	30.627
16710	28.5141
16720	26.9075
16730	29.0296
16740	26.9312
16750	25.3247
16760	35.3247
16770	35.082
16780	28.9508
16790	23.4754
16800	24.2951
16810	22.1967
16820	20.5916
16830	30.5916
16840	28.4819
16850	26.8533
16860	28.7751
16870	38.7751
16880	38.3358
16890	32.8523
16900	26.6437
16910	25.6818
16920	24.0909
16930	21.9175
16940	31.9175
16950	30.3504
16960	28.1173
16970	26.4454
16980	24.892
16990	22.6667
17000	32.6667
17010	31.1331
17020	28.8428
17030	29.5261
17040	28.01
17050	38.01
17060	31.6189
17070	28.7197
17080	23.3447
17090	21.0371
17100	23.3447
17110	33.3447
17120	31.0371
17130	29.4986
17140	30.5242
17150	28.2165
17160	26.6781
17170	36.6781
17180	35.1282
17190	28.7179
17200	23.3333
17210	24.359
17220	22.0513
17230	20.5128
17240	30.5128
17250	28.2051
17260	26.6667
17270	28.4615
17280	38.4615
17290	38.2051
17300	32.8126
17310	26.4207
17320	25.6574
17330	24.06
17340	21.7916
17350	31.7916
17360	30.2028
17370	27.9565
17380	26.4635
17390	24.903
17400	22.6737
17410	32.6737
17420	31.1205
17430	28.8611
17440	29.4106
17450	27.8868
17460	37.8868
17470	31.5058
17480	28.7957
17490	23.4488
17500	21.1164
17510	23.4582
17520	33.4582
17530	31.1164
17540	29.6213
17550	30.7661
17560	28.4555
17570	26.9097
17580	36.9097
17590	35.0473
17600	28.6435
17610	23.2492
17620	24.4164
17630	22.1136
17640	20.5678
17650	30.5678
17660	28.2727
17670	26.696
17680	28.5199
17690	38.5199
17700	38.4435
17710	32.9718
17720	26.6222
17730	25.603
17740	23.9569
17750	21.7312
17760	31.7312
17770	30.0698
17780	27.8492
17790	26.5623
17800	24.855
17810	22.6675
17820	32.6675
17830	30.9488
17840	28.7613
17850	29.375
17860	27.6562
17870	37.6562
17880	31.4062
17890	28.9062
17900	23.2837
17910	21.074
17920	23.2858
17930	33.2858
17940	31.0428
17950	29.3606
17960	30.6347
17970	28.3917
17980	26.7095
17990	36.7095
18000	35.0156
18010	28.6916
18020	23.1146
18030	24.4003
18040	22.1454
18050	20.4426
18060	30.4426
18070	28.1825
18080	26.4834
18090	28.2863
18100	38.2863
18110	38.3918
18120	32.8362
18130	26.4164
18140	25.5812
18150	23.9432
18160	21.6838
18170	31.6838
18180	30.0887
18190	27.8494
18200	26.5959
18210	24.9932
18220	22.7421
18230	32.7421
18240	31.1263
18250	28.8702
18260	29.3293
18270	27.7252
18280	37.7252
18290	31.421
18300	28.8146
18310	23.3739
18320	21.155
18330	23.416
18340	33.416
18350	31.2342
18360	29.5979
18370	30.681
18380	28.5004
18390	26.8437
18400	36.8437
18410	35.0186
18420	28.8252
18430	23.2361
18440	24.3508
18450	22.1861
18460	20.5189
18470	30.5189
18480	28.3201
18490	26.6635
18500	28.531
18510	38.531
18520	38.4105
18530	32.8683
18540	26.6032
18550	25.6325
18560	23.9722
18570	21.7881
18580	31.7881
18590	30.0764
18600	27.9142
18610	26.5484
18620	24.8344
18630	22.658
18640	32.658
18650	30.9813
18660	28.7658
18670	29.4057
18680	27.7637
18690	37.7637
18700	31.496
18710	28.8427
18720	23.4125
18730	21.2166
18740	23.5129
18750	33.5129
18760	31.3531
18770	29.8147
18780	30.8655
18790	28.7034
18800	27.1504
18810	24.4277
18820	34.4277
18830	28.2625
18840	22.8053
18850	24.7227
18860	34.7227
18870	33.1298
18880	31.0059
18890	30.8584
18900	29.2655
18910	27.1416
18920	25.5752
18930	35.5752
18940	30.118
18950	23.9528
18960	25.0737
18970	23.4797
18980	21.34
18990	31.34
19000	29.7812
19010	27.6047
19020	29.357
19030	27.7982
19040	25.6229
19050	35.6228
19060	32.9324
19070	27.5837
19080	21.3264
19090	23.6656
19100	33.6656
19110	31.4587
19120	29.9876
19130	30.9779
19140	28.733
19150	27.2653
19160	24.4091
19170	34.4091
19180	28.1001
19190	22.9556
19200	24.8053
19210	27.2298
19220	37.2298
19230	35.0165
19240	33.7557
19250	31.9824
19260	29.7761
19270	39.7761
19280	34.7568
19290	31.2354
19300	24.946
19310	23.664
19320	24.4729
19330	22.2507
19340	32.2507
19350	27.1939
19360	24.956
19370	27.4206
19380	29.2619
19390	39.2619
19400	38.8362
19410	33.7712
19420	27.4703
19430	25.4775
19440	24.1854
19450	21.964
19460	31.964
19470	30.6404
19480	28.4556
19490	26.8401
19500	36.8401
19510	31.714
19520	25.4789
19530	26.7973
19540	25.4358
19550	23.3188
19560	24.2061
19570	34.2061
19580	29.0529
19590	22.8969
19600	25.3203
19610	27.2423
19620	29.3872
19630	39.3872
19640	34.234
19650	28.078
19660	26.8524
19670	25.4875
19680	23.3705
19690	24.2061
19700	34.2061
19710	29.0529
19720	22.8969
19730	25.3203
19740	27.2423
19750	37.2423
19760	35.8774
19770	33.7604
19780	31.9777
19790	30.6128
19800	28.4958
19810	25.5425
19820	35.5425
19830	30.4071
19840	24.2064
19850	25.0556
19860	23.7222
19870	21.5522
19880	31.5522
19890	30.1895
19900	28.0566
19910	29.4543
19920	28.0693
19930	25.9373
19940	35.9373
19950	32.9226
19960	27.7239
19970	21.5256
19980	23.9223
19990	33.9223
20000	31.7735
20010	30.3685
20020	30.9642
20030	28.8154
20040	27.4105
20050	24.4617
20060	34.4617
20070	28.2356
20080	23.0572
20090	24.9253
20100	27.3429
20110	37.3429
20120	35.1354
20130	33.7783
20140	32.1667
20150	29.9201
20160	39.9201
20170	34.7968
20180	31.1792
20190	24.8672
20200	23.4823
20210	24.4809
20220	22.2678
20230	32.2678
20240	27.0647
20250	24.8704
20260	27.241
20270	29.1211
20280	39.1211
20290	38.8678
20300	33.6121
20310	27.3513
20320	25.5187
20330	24.1057
20340	21.8774
20350	31.8774
20360	30.4706
20370	28.2166
20380	26.7286
20390	36.7286
20400	31.5525
20410	25.1839
20420	26.7762
20430	25.4095
20440	23.0931
20450	24.1892
20460	34.1892
20470	29.0541
20480	22.6192
20490	25.0418
20500	26.816
20510	29.2354
20520	39.2354
20530	36.8967
20540	35.5107
20550	30.341
20560	27.9914
20570	25.4813
20580	35.4813
20590	30.2941
20600	23.8212
20610	25.0344
20620	23.628
20630	21.261
20640	31.261
20650	29.8514
20660	27.4821
20670	29.2329
20680	27.8737
20690	25.4927
20700	35.4927
20710	32.8836
20720	27.7513
20730	21.2434
20740	23.6772
20750	25.4233
20760	35.4233
20770	34.0741
20780	31.6964
20790	31.542
20800	41.542
20810	36.3556
20820	29.8912
20830	26.781
20840	25.3926
20850	23.0373
20860	24.1885
20870	34.1885
20880	29.0704
20890	22.5875
20900	25.0284
20910	26.7869
20920	29.2279
20930	39.2279
20940	36.8657
20950	35.5271
20960	30.409
20970	28.0422
20980	25.4635
20990	35.4635
21000	30.3199
21010	23.8186
21020	25.0392
21030	23.6815
21040	21.3055
21050	31.3055
21060	29.9478
21070	27.5718
21080	29.2171
21090	27.84
21100	25.4877
21110	35.4877
21120	32.9688
21130	27.7604
21140	21.299
21150	23.7067
21160	25.447
21170	35.447
21180	34.0703
21190	31.6807
21200	31.6942
21210	30.3175
21220	40.3175
21230	33.798
21240	28.8312
21250	23.6623
21260	21.2727
21270	23.6883
21280	33.6883
21290	31.2987
21300	29.9221
21310	30.7792
21320	28.3927
21330	27.0239
21340	24.5622
21350	34.5622
21360	27.9819
21370	22.8523
21380	24.5632
21390	34.5632
21400	33.2366
21410	30.8335
21420	30.8985
21430	29.5807
21440	27.1776
21450	25.4005
21460	35.4005
21470	30.3101
21480	23.7726
21490	25.0904
21500	23.7716
21510	21.3549
21520	31.3549
21530	30.0663
21540	27.6178
21550	29.1015
21560	27.8128
21570	25.3643
21580	35.3643
21590	32.9897
21600	27.9381
21610	21.3402
21620	23.8154
21630	33.8154
21640	31.3354
21650	30.0757
21660	30.729
21670	28.2359
21680	26.9705
21690	24.6339
21700	34.6339
21710	27.9587
21720	22.9204
21730	24.5828
21740	27.0636
21750	37.0636
21760	34.5572
21770	33.2784
21780	32.2298
21790	29.7234
21800	39.7234
21810	34.7043
21820	31.2021
21830	24.4674
21840	23.2174
21850	24.6429
21860	22.1025
21870	32.1025
21880	27.1311
21890	24.612
21900	27.1311
21910	28.7865
21920	38.7865
21930	38.818
21940	33.8837
21950	27.1324
21960	25.3807
21970	24.1878
21980	21.6244
21990	31.6244
22000	30.4315
22010	27.868
22020	26.6751
22030	36.6751
22040	31.7402
22050	25.0069
22060	26.637
22070	25.3965
22080	22.8649
22090	24.1772
22100	34.1772
22110	29.1899
22120	22.481
22130	24.9873
22140	26.6329
22150	29.1408
22160	39.1408
22170	36.6292
22180	35.4737
22190	30.4232
22200	27.9232
22210	25.4036
22220	35.4036
22230	30.3702
22240	23.6624
22250	25.0126
22260	23.7532
22270	21.2099
22280	31.2099
22290	29.9392
22300	27.3828
22310	29.0863
22320	27.8081
22330	25.2517
22340	35.2517
22350	32.9574
22360	27.9198
22370	21.1779
22380	23.6591
22390	25.2897
22400	35.2897
22410	34.0293
22420	31.4293
22430	31.5126
22440	30.2626
22450	40.2626
22460	33.4626
22470	28.75
22480	23.75
22490	21.15
22500	23.65
22510	33.65
22520	31.05
22530	29.8
22540	30.725
22550	28.125
22560	26.875
22570	24.6313
22580	34.6313
22590	27.8416
22600	22.9142
22610	24.5271
22620	34.5271
22630	33.3608
22640	30.773
22650	30.852
22660	29.7088
22670	27.0851
22680	25.3465
22690	35.3465
22700	30.5015
22710	23.6455
22720	24.9904
22730	23.8792
22740	21.2126
22750	31.2126
22760	30.1015
22770	27.4348
22780	29.037
22790	27.9259
22800	25.2593
22810	35.2593
22820	32.9006
22830	28.1004
22840	21.2386
22850	23.8494
22860	33.8494
22870	31.2139
22880	30.1224
22890	30.9067
22900	28.2971
22910	27.1669
22920	24.6192
22930	34.6192
22940	27.8133
22950	22.973
22960	24.57
22970	27.1499
22980	37.1499
22990	34.5455
23000	33.4133
23010	32.1437
23020	29.5303
23030	39.5303
23040	34.6647
23050	31.3203
23060	24.4988
23070	23.3496
23080	24.621
23090	22.0049
23100	32.0049
23110	27.1394
23120	24.5162
23130	27.097
23140	28.658
23150	38.658
23160	38.6961
23170	33.8668
23180	26.9888
23190	25.3659
23200	24.2439
23210	21.5854
23220	31.5854
23230	30.4634
23240	27.808
23250	26.6168
23260	36.6168
23270	31.737
23280	24.9
23290	26.618
23300	25.447
23310	22.8135
23320	24.1424
23330	34.1424
23340	29.2272
23350	22.3749
23360	24.9097
23370	26.4988
23380	29.0109
23390	39.0109
23400	36.4022
23410	35.3048
23420	30.3289
23430	27.7202
23440	25.3865
23450	35.3865
23460	30.4106
23470	23.599
23480	24.9758
23490	23.744
23500	21.1353
23510	31.1353
23520	29.9034
23530	27.2947
23540	29.0825
23550	27.8615
23560	25.222
23570	35.222
23580	32.9157
23590	27.9759
23600	21.1077
23610	23.6305
23620	25.1893
23630	35.1893
23640	33.9663
23650	31.3044
23660	31.4974
23670	30.2833
23680	40.2833
23690	33.4311
23700	28.756
23710	23.8278
23720	21.1962
23730	23.726
23740	33.726
23750	31.1546
23760	29.9403
23770	30.7497
23780	28.1783
23790	26.964
23800	24.619
23810	34.619
23820	27.8571
23830	22.9048
23840	24.5224
23850	34.5224
23860	33.3268
23870	30.714
23880	30.8213
23890	29.6327
23900	27.0075
23910	25.3587
23920	35.3587
23930	30.4772
23940	23.6051
23950	24.9763
23960	23.8143
23970	21.148
23980	31.148
23990	30.0132
24000	27.3182
24010	29.0339
24020	27.8977
24030	25.2136
24040	35.2136
24050	32.9263
24060	28.0206
24070	21.1338
24080	23.6819
24090	33.6819
24100	30.9882
24110	29.8353
24120	30.7613
24130	28.0558
24140	26.9185
24150	24.6857
24160	34.6857
24170	27.7302
24180	22.9293
24190	24.4516
24200	27.0517
24210	37.0517
24220	34.3283
24230	33.2094
24240	32.2714
24250	29.5441
24260	39.5441
24270	34.7069
24280	31.2121
24290	24.3212
24300	23.1843
24310	24.7332
24320	22.065
24330	32.065
24340	27.2158
24350	24.5476
24360	27.6798
24370	26.5429
24380	23.8737
24390	33.8737
24400	33.0206
24410	28.1292
24420	21.2773
24430	23.8236
24440	25.3977
24450	35.3977
24460	34.2171
24470	31.5782
24480	31.2963
24490	30.1157
24500	40.1157
24510	33.2833
24520	28.8472
24530	23.8819
24540	21.2722
24550	23.7895
24560	33.7895
24570	31.1798
24580	29.9558
24590	30.5543
24600	27.9446
24610	26.7206
24620	24.7113
24630	34.7113
24640	27.8984
24650	22.933
24660	24.5266
24670	34.5266
24680	33.3025
24690	30.6928
24700	31.0854
24710	29.8614
24720	27.2517
24730	25.2869
24740	35.2869
24750	30.3263
24760	23.5296
24770	25.0688
24780	23.8532
24790	21.2655
24800	31.2655
24810	30.0644
24820	27.4328
24830	28.9538
24840	27.7638
24850	25.1323
24860	35.1323
24870	32.9977
24880	28.0778
24890	21.2357
24900	23.7757
24910	33.7757
24920	31.1336
24930	29.959
24940	30.6509
24950	27.9797
24960	26.8153
24970	24.7015
24980	34.7015
24990	27.8006
25000	22.9604
25010	24.5059
25020	27.0968
25030	37.0968
25040	34.4149
25050	33.3013
25060	32.4604
25070	29.7786
25080	39.7786
25090	36.8864
25100	28.3678
25110	21.4391
25120	24.0468
25130	34.0468
25140	31.3257
25150	30.4998
25160	25.7153
25170	22.9942
25180	25.2381
25190	24.1497
25200	34.1497
25210	27.1882
25220	26.0941
25230	26.4834
25240	23.7853
25250	22.6541
25260	32.6541
25270	29.9618
25280	28.8331
25290	29.3422
25300	39.3422
25310	32.4506
25320	27.6425
25330	25.6659
25340	23.0005
25350	21.8857
25360	23.4362
25370	33.4362
25380	32.3126
25390	29.6385
25400	29.9802
25410	28.8566
25420	26.1825
25430	36.1825
25440	33.0787
25450	28.2472
25460	21.347
25470	23.9404
25480	33.9404
25490	31.2274
25500	30.1288
25510	30.4983
25520	27.7853
25530	26.6867
25540	24.7982
25550	34.7982
25560	27.8475
25570	23.0493
25580	24.574
25590	27.1749
25600	37.1749
25610	34.4619
25620	33.3632
25630	32.6682
25640	29.9423
25650	39.9423
25660	36.8315
25670	28.3669
25680	21.3647
25690	23.9821
25700	33.9821
25710	31.2048
25720	30.5416
25730	25.8094
25740	23.0192
25750	25.1784
25760	24.1367
25770	34.1367
25780	27.046
25790	26.0215
25800	26.5702
25810	23.7416
25820	22.7155
25830	32.7155
25840	29.8641
25850	28.8641
25860	29.3169
25870	39.3169
25880	32.1525
25890	27.4996
25900	25.7231
25910	22.8185
25920	21.8429
25930	23.2397
25940	33.2397
25950	32.2641
25960	29.3595
25970	29.8448
25980	28.8692
25990	25.9651
26000	35.9651
26010	33.0476
26020	28.3969
26030	21.1784
26040	23.8495
26050	33.8495
26060	30.9331
26070	29.9292
26080	30.4612
26090	27.5381
26100	26.5271
26110	24.863
26120	34.863
26130	27.6482
26140	22.9887
26150	24.3922
26160	27.0676
26170	37.0676
26180	34.1729
26190	33.186
26200	32.5281
26210	29.6334
26220	39.6334
26230	36.7982
26240	28.4868
26250	21.2939
26260	23.9693
26270	33.9693
26280	31.0746
26290	30.4167
26300	25.7691
26310	22.871
26320	25.1815
26330	24.2426
26340	34.2426
26350	27.0374
26360	26.0962
26370	26.5115
26380	23.6003
26390	22.6438
26400	32.6438
26410	29.7307
26420	28.7742
26430	29.4348
26440	39.4348
26450	32.2174
26460	27.6087
26470	25.6522
26480	22.7391
26490	21.7826
26500	23.1739
26510	33.1739
26520	32.2174
26530	29.3043
26540	29.9784
26550	29.0068
26560	26.1133
26570	36.1133
26580	32.9718
26590	28.308
26600	21.1289
26610	23.7819
26620	33.7819
26630	30.9248
26640	29.8858
26650	30.5893
26660	27.7322
26670	26.6932
26680	24.7836
26690	34.7836
26700	27.6407
26710	22.9221
26720	24.3507
26730	26.9913
26740	36.9913
26750	34.1342
26760	33.0952
26770	32.381
26780	29.5115
26790	39.5115
26800	34.8167
26810	31.3175
26820	24.1253
26830	23.1102
26840	24.514
26850	34.514
26860	33.8229
26870	29.1361
26880	21.9438
26890	24.6004
26900	26.0046
26910	36.0046
26920	34.9786
26930	32.0754
26940	31.1392
26950	30.107
26960	40.107
26970	32.9027
26980	28.6882
26990	23.9785
27000	21.0753
27010	23.7204
27020	33.7204
27030	30.8172
27040	29.7849
27050	30.5591
27060	27.6559
27070	26.6205
27080	24.7941
27090	34.7941
27100	27.558
27110	22.8799
27120	24.2532
27130	34.2533
27140	33.2509
27150	30.3277
27160	30.8327
27170	29.8477
27180	26.9355
27190	25.2248
27200	35.2248
27210	30.5782
27220	23.3619
27230	24.9679
27240	23.9829
27250	21.0743
27260	31.0743
27270	30.1026
27280	27.1539
27290	28.8093
27300	27.8478
27310	24.9015
27320	34.9015
27330	32.9344
27340	28.3408
27350	21.0274
27360	23.7353
27370	33.7353
27380	30.7479
27390	29.7994
27400	30.6582
27410	27.6646
27420	26.7092
27430	24.8031
27440	34.8031
27450	27.5094
27460	22.8868
27470	24.261
27480	26.946
27490	36.946
27500	34.0056
27510	33.024
27520	32.1916
27530	29.2442
27540	39.2442
27550	34.5916
27560	31.4105
27570	24.1474
27580	23.1579
27590	24.5263
27600	34.5263
27610	33.7263
27620	29.0714
27630	21.8336
27640	24.4961
27650	25.9007
27660	35.9007
27670	34.8944
27680	32.004
27690	31.358
27700	30.3213
27710	40.3213
27720	33.1665
27730	28.5983
27740	23.8677
27750	21.0123
27760	23.6219
27770	33.6219
27780	30.7826
27790	29.697
27800	30.7329
27810	27.9034
27820	26.834
27830	24.6667
27840	34.6667
27850	27.5833
27860	22.8317
27870	24.2861
27880	34.2861
27890	33.2073
27900	30.3857
27910	30.5794
27920	29.4998
27930	26.6675
27940	25.3237
27950	35.3237
27960	30.5825
27970	23.4396
27980	24.883
27990	23.8206
28000	21.0023
28010	31.0023
28020	29.9302
28030	27.1261
28040	29.0723
28050	28.0085
28060	25.2228
28070	35.2228
28080	32.7778
28090	28.0453
28100	21.0071
28110	23.6491
28120	33.6491
28130	30.836
28140	29.8093
28150	30.9905
28160	28.1774
28170	27.1507
28180	24.6201
28190	34.6201
28200	27.5359
28210	22.8337
28220	24.2892
28230	26.9471
28240	36.9471
28250	34.0988
28260	33.0947
28270	31.8349
28280	28.9953
28290	38.9953
28300	34.2844
28310	31.4928
28320	24.3967
28330	23.3538
28340	24.6217
28350	21.7996
28360	31.7996
28370	27.0757
28380	24.2536
28390	26.8916
28400	28.3439
28410	38.3439
28420	38.374
28430	33.6345
28440	26.5265
28450	25.3768
28460	24.3185
28470	21.4747
28480	31.4747
28490	30.4381
28500	27.5723
28510	26.4039
28520	36.4039
28530	31.6777
28540	24.5146
28550	26.5992
28560	25.5466
28570	22.6721
28580	24.0283
28590	34.0283
28600	29.2915
28610	22.1255
28620	24.7571
28630	26.1741
28640	28.8069
28650	38.8069
28660	35.9489
28670	34.8428
28680	30.0549
28690	27.2064
28700	25.3737
28710	35.3737
28720	30.5859
28730	23.4545
28740	24.8283
28750	23.7374
28760	20.9061
28770	30.9061
28780	29.7995
28790	27.0027
28800	29.1398
28810	28.0331
28820	25.2355
28830	35.2355
28840	32.7806
28850	27.935
28860	20.9069
28870	23.4772
28880	24.9643
28890	34.9643
28900	33.8339
28910	31.0283
28920	31.0781
28930	41.0781
28940	36.2485
28950	29.1743
28960	26.6533
28970	25.5311
28980	22.7255
28990	24.0281
29000	34.0281
29010	29.2132
29020	22.1047
29030	24.7047
29040	26.1447
29050	28.7447
29060	38.7447
29070	35.9047
29080	34.7447
29090	29.9447
29100	27.1047
29110	25.4037
29120	35.4037
29130	30.617
29140	23.5209
29150	24.8503
29160	23.7725
29170	20.9547
29180	30.9547
29190	29.8675
29200	27.1041
29210	29.1321
29220	28.0387
29230	25.2744
29240	35.2744
29250	32.7872
29260	28.0172
29270	21.0331
29280	23.6521
29290	25.1601
29300	35.1601
29310	34.0886
29320	31.3505
29330	31.3505
29340	41.3505
29350	36.5886
29360	29.6045
29370	26.627
29380	25.5556
29390	22.8175
29400	24.0675
29410	34.0675
29420	29.2968
29430	22.327
29440	24.921
29450	26.4458
29460	29.0398
29470	39.0398
29480	36.327
29490	35.096
29500	30.2842
29510	27.5713
29520	25.3861
29530	35.3861
29540	30.5743
29550	23.6238
29560	24.8911
29570	23.7822
29580	21.0693
29590	31.0693
29600	29.9663
29610	27.2329
29620	29.1186
29630	28.0316
29640	25.2846
29650	35.2846
29660	32.8261
29670	28.0435
29680	21.0474
29690	23.6561
29700	25.1581
29710	35.1581
29720	34.0711
29730	31.3241
29740	31.3636
29750	41.3636
29760	36.581
29770	29.585
29780	26.6214
29790	25.5453
29800	22.7699
29810	24.0631
29820	34.0631
29830	29.3097
29840	22.2668
29850	24.8823
29860	26.3558
29870	28.9688
29880	38.9688
29890	36.179
29900	35.028
29910	30.2634
29920	27.4928
29930	25.3333
29940	35.3333
29950	30.5882
29960	23.5728
29970	24.9294
29980	23.8886
29990	21.1488
30000	31.1488
30010	30.1117
30020	27.3705
30030	29.0054
30040	28.0041
30050	25.2555
30060	35.2555
30070	32.846
30080	28.1822
30090	21.1957
30100	23.8416
30110	25.3591
30120	35.3591
30130	34.328
30140	31.6043
30150	31.5579
30160	30.3502
30170	25.642
30180	18.677
30190	21.323
30200	31.323
30210	28.5933
30220	27.5468
30230	28.8502
30240	26.1176
30250	25.0711
30260	35.0711
30270	32.3386
30280	31.4922
30290	26.7636
30300	24.031
30310	34.031
30320	32.8682
30330	28.1395
30340	21.1628
30350	23.7985
30360	25.3101
30370	35.3101
30380	34.255
30390	31.5364
30400	31.5408
30410	30.3868
30420	25.6093
30430	18.6654
30440	21.2754
30450	31.2754
30460	28.5846
30470	27.4649
30480	28.8094
30490	26.126
30500	25.0075
30510	35.0075
30520	32.3396
30530	31.5464
30540	26.6717
30550	24.0127
30560	24.1423
30570	34.1423
30580	29.2446
30590	22.3896
30600	24.928
30610	26.5049
30620	36.5049
30630	35.3087
30640	32.6687
30650	31.605
30660	30.3981
30670	27.752
30680	25.3627
30690	35.3627
30700	30.3878
30710	23.5618
30720	24.9904
30730	23.7488
30740	21.1365
30750	31.1365
30760	29.8579
30770	27.2625
30780	29.0484
30790	27.7697
30800	25.1743
30810	35.1743
30820	32.958
30830	27.9198
30840	21.126
30850	23.6069
30860	33.6069
30870	31.0178
30880	29.7521
30890	30.7298
30900	28.1583
30910	26.8991
30920	24.59
30930	34.59
30940	27.7983
30950	22.8173
30960	24.4142
30970	26.9249
30980	36.9249
30990	34.3355
31000	33.0642
31010	31.9516
31020	29.371
31030	39.371
31040	34.3425
31050	31.2713
31060	24.4972
31070	23.2258
31080	24.592
31090	22.0114
31100	32.0114
31110	26.9829
31120	24.4023
31130	26.888
31140	28.5009
31150	38.5009
31160	38.6338
31170	33.6053
31180	26.8311
31190	25.408
31200	24.1366
31210	21.5566
31220	31.5566
31230	30.2768
31240	27.687
31250	26.6041
31260	36.6041
31270	31.5569
31280	24.765
31290	26.632
31300	25.3643
31310	22.7416
31320	24.1509
31330	34.1509
31340	29.137
31350	22.2883
31360	24.793
31370	26.3561
31380	28.8608
31390	38.8608
31400	36.2037
31410	35.1911
31420	30.1883
31430	27.5241
31440	25.3846
31450	35.3846
31460	30.3809
31470	23.4758
31480	24.9456
31490	23.7097
31500	21.0131
31510	31.013
31520	29.7827
31530	27.0667
31540	29.0166
31550	27.8017
31560	25.0727
31570	35.0727
31580	32.9159
31590	27.9626
31600	20.9907
31610	23.514
31620	25.028
31630	35.028
31640	33.8061
31650	31.0898
31660	31.376
31670	41.376
31680	36.376
31690	29.4357
31700	26.5866
31710	25.3191
31720	22.6336
31730	24.1527
31740	34.1527
31750	29.1061
31760	22.196
31770	24.6658
31780	26.2057
31790	28.6732
31800	38.6732
31810	35.983
31820	35.1184
31830	30.0534
31840	27.3633
31850	25.3803
31860	35.3803
31870	30.3154
31880	23.403
31890	24.9681
31900	23.658
31910	21.0148
31920	31.0148
31930	29.7024
31940	27.063
31950	28.971
31960	27.6299
31970	25.01
31980	35.01
31990	33.0074
32000	27.8838
32010	21.0531
32020	23.5164
32030	25.0973
32040	35.0973
32050	33.7921
32060	31.1634
32070	31.4438
32080	30.1387
32090	40.1387
32100	33.3004
32110	28.75
32120	23.6742
32130	21.0548
32140	23.4951
32150	33.4951
32160	30.8896
32170	29.5502
32180	30.6606
32190	28.0636
32200	26.7387
32210	24.6337
32220	34.6337
32230	27.8571
32240	22.7656
32250	24.3773
32260	34.3773
32270	33.0586
32280	30.4762
32290	30.8059
32300	29.4858
32310	26.9007
32320	25.368
32330	35.368
32340	30.3315
32350	23.5432
32360	25.0009
32370	23.7181
32380	21.1204
32390	31.1204
32400	29.8295
32410	27.2295
32420	29.0365
32430	27.7332
32440	25.1492
32450	35.1492
32460	32.9764
32470	27.8766
32480	21.1068
32490	23.5719
32500	33.5719
32510	30.986
32520	29.7021
32530	30.6413
32540	28.0554
32550	26.7715
32560	24.6474
32570	34.6474
32580	27.8662
32590	22.821
32600	24.4313
32610	26.9115
32620	36.9115
32630	34.3395
32640	33.0626
32650	32.0989
32660	29.5269
32670	39.5269
32680	34.491
32690	31.223
32700	24.4604
32710	23.1835
32720	24.6088
32730	22.0669
32740	32.0669
32750	27.0131
32760	24.4862
32770	26.9593
32780	28.6091
32790	38.6091
32800	38.7209
32810	33.6866
32820	26.9424
32830	25.4025
32840	24.1319
32850	21.5706
32860	31.5706
32870	30.2872
32880	27.7203
32890	26.6337
32900	36.6337
32910	31.5891
32920	24.8333
32930	26.631
32940	25.3476
32950	22.7807
32960	24.1711
32970	34.1711
32980	29.1266
32990	22.3708
33000	24.8485
33010	26.4706
33020	28.9487
33030	38.9487
33040	36.3764
33050	35.3196
33060	30.2574
33070	27.6819
33080	25.3996
33090	35.3996
33100	30.3375
33110	23.5702
33120	24.9911
33130	23.6945
33140	21.1087
33150	31.1087
33160	29.8321
33170	27.2257
33180	29.0625
33190	27.7859
33200	25.1787
33210	35.1787
33220	32.9466
33230	27.8791
33240	21.1004
33250	23.5606
33260	25.1722
33270	35.1722
33280	33.8751
33290	31.2603
33300	31.4929
33310	30.2032
33320	40.2032
33330	33.3982
33340	28.7669
33350	23.6699
33360	21.0773
33370	23.5288
33380	33.5288
33390	30.9157
33400	29.6129
33410	30.693
33420	28.0698
33430	26.7687
33440	24.617
33450	34.617
33460	27.7787
33470	22.691
33480	24.27
33490	34.27
33500	32.9508
33510	30.3457
33520	30.6244
33530	29.2957
33540	26.7083
33550	25.4196
33560	35.4196
33570	30.3147
33580	23.5315
33590	24.965
33600	23.6364
33610	21.049
33620	31.049
33630	29.7203
33640	27.1329
33650	29.0909
33660	27.7622
33670	25.1768
33680	35.1768
33690	32.9429
33700	27.8565
33710	21.0328
33720	23.4935
33730	33.4935
33740	30.8793
33750	29.5745
33760	30.7524
33770	28.1483
33780	26.8462
33790	24.5653
33800	34.5653
33810	27.7427
33820	22.6909
33830	24.268
33840	26.7463
33850	36.7463
33860	34.1164
33870	32.8166
33880	31.7476
33890	29.1352
33900	39.1352
33910	34.0487
33920	31.2976
33930	24.481
33940	23.1661
33950	24.5675
33960	21.955
33970	31.955
33980	26.8685
33990	24.2561
34000	26.7128
34010	28.3045
34020	38.3045
34030	38.4775
34040	33.391
34050	26.5744
34060	25.4325
34070	24.1176
34080	21.5052
34090	31.5052
34100	30.1903
34110	27.5779
34120	26.5225
34130	36.5225
34140	31.436
34150	24.6194
34160	26.6616
34170	25.3565
34180	22.719
34190	24.1278
34200	34.1278
34210	29.0674
34220	22.2143
34230	24.6939
34240	26.2801
34250	28.7628
34260	38.7628
34270	36.1421
34280	35.0088
34290	29.9688
34300	27.3418
34310	25.4467
34320	35.4467
34330	30.3952
34340	23.5567
34350	24.8969
34360	23.6082
34370	20.9794
34380	30.9794
34390	29.6907
34400	27.0569
34410	29.1551
34420	27.8826
34430	25.224
34440	35.224
34450	32.8645
34460	27.8371
34470	20.979
34480	23.4577
34490	25.0474
34500	35.0474
34510	33.7654
34520	31.147
34530	31.3011
34540	41.3011
34550	36.2795
34560	29.4194
34570	26.6382
34580	25.3733
34590	22.7243
34600	24.134
34610	34.134
34620	29.1
34630	22.2293
34640	24.7101
34650	26.2962
34660	28.7708
34670	38.7708
34680	36.1606
34690	35.163
34700	30.1122
34710	27.5162
34720	25.3757
34730	35.3757
34740	30.3082
34750	23.5514
34760	25.035
34770	23.7508
34780	21.177
34790	31.177
34800	29.9144
34810	27.3386
34820	28.9736
34830	27.706
34840	25.1243
34850	35.1243
34860	33.0201
34870	27.9866
34880	21.2081
34890	23.6913
34900	25.302
34910	35.302
34920	34.0268
34930	31.443
34940	31.3758
34950	30.107
34960	40.107
34970	33.3495
34980	28.794
34990	23.7856
35000	21.2228
35010	23.7081
35020	33.7081
35030	31.1663
35040	29.8787
35050	30.673
35060	28.1331
35070	26.8505
35080	24.6427
35090	34.6427
35100	27.8815
35110	22.8564
35120	24.4765
35130	34.4765
35140	33.1859
35150	30.6359
35160	30.8946
35170	29.594
35180	27.0353
35190	25.36
35200	35.36
35210	30.3184
35220	23.5463
35230	25.0416
35240	23.7598
35250	21.1721
35260	31.1721
35270	29.9096
35280	27.3016
35290	28.9889
35300	27.7254
35310	25.1251
35320	35.1251
35330	33.0029
35340	27.9449
35350	21.1621
35360	23.6337
35370	33.6337
35380	31.0265
35390	29.7516
35400	30.635
35410	28.0193
35420	26.7408
35430	24.6565
35440	34.6565
35450	27.8248
35460	22.7753
35470	24.3594
35480	26.8347
35490	36.8347
35500	34.2109
35510	32.9238
35520	32.0822
35530	29.4585
35540	39.4585
35550	34.4337
35560	31.1882
35570	24.3461
35580	23.0961
35590	24.675
35600	34.675
35610	33.8769
35620	28.8831
35630	22.0582
35640	24.5623
35650	26.1498
35660	36.1498
35670	34.906
35680	32.2873
35690	31.2602
35700	30.0164
35710	40.0164
35720	33.1963
35730	28.8625
35740	23.8431
35750	21.245
35760	23.7287
35770	33.7287
35780	31.1288
35790	29.8474
35800	30.5053
35810	27.8994
35820	26.6128
35830	24.7068
35840	34.7068
35850	27.899
35860	22.8502
35870	24.4463
35880	34.4463
35890	33.1596
35900	30.5606
35910	31.0306
35920	29.7339
35930	27.169
35940	25.3247
35950	35.3247
35960	30.2527
35970	23.511
35980	25.1071
35990	23.7781
36000	21.2335
