10	0
20	0
30	0
40	0
50	0
60	-1.38889
70	1.11111
80	5.55556
90	8.33333
100	8.33333
110	8.88889
120	8.48485
130	9.41414
140	14.8687
150	12.8485
160	10.9091
170	10.9091
180	11.8182
190	11.7045
200	9.28788
210	15.1212
220	14.3409
230	12.6742
240	13.3013
250	11.9359
260	18.0897
270	13.1474
280	12.3782
290	12.3782
300	13.6603
310	20.3269
320	17.6346
330	16.4615
340	14.6667
350	11.3333
360	13.9375
370	20.8125
380	17.8333
390	14.9208
400	15
410	12.5
420	13.7316
430	14.5221
440	14.1801
450	21.239
460	19.4118
470	14.7059
480	14.7059
490	14.644
500	13.1269
510	14.9288
520	22.2972
530	19.4737
540	16.3158
550	15.2882
560	14.99
570	14.4662
580	16.1905
590	23.8095
600	20
610	16.1905
620	16.1905
630	15.2381
640	14.2857
650	16.1905
660	23.8095
670	20.0325
680	16.2338
690	16.4545
700	15.9091
710	14.0909
720	16.3636
730	24.0909
740	20.9091
750	15.9091
760	16.3636
770	15.9091
780	14.0152
790	16.4167
800	24.3333
810	21.0379
820	15.8333
830	17.0833
840	16.2179
850	14.2436
860	22.3205
870	21.359
880	20.3846
890	16.1538
900	14.9725
910	17.3901
920	25.6044
930	21.2637
940	16.7857
950	17.8571
960	16.4163
970	15.0271
980	16.6872
990	17.931
1000	26.2069
1010	22.069
1020	16.5517
1030	17.931
1040	16.954
1050	15.0575
1060	23.3908
1070	21.7241
1080	20.0471
1090	18.4167
1100	16.7604
1110	25.1979
1120	20
1130	18.125
1140	18.7316
1150	16.9669
1160	15.3456
1170	23.875
1180	21.8162
1190	21.7647
1200	17.3529
1210	15.2941
1220	17.3529
1230	25.8824
1240	23.8235
1250	21.7647
1260	17.3487
1270	15.3218
1280	23.8933
1290	22.9345
1300	22
1310	16.8571
1320	16
1330	17.7143
1340	18.2857
1350	26.8571
1360	22.8571
1370	17.7143
1380	18.2857
1390	17.4286
1400	15.7143
1410	24.2857
1420	23.4286
1430	22
1440	16.8417
1450	16.0819
1460	17.8054
1470	18.6486
1480	27.2973
1490	22.973
1500	17.5676
1510	18.6486
1520	17.6369
1530	15.738
1540	24.456
1550	23.1739
1560	21.1195
1570	19.0237
1580	17.8487
1590	26.5987
1600	21.25
1610	20.25
1620	18.9939
1630	17.3061
1640	16.4
1650	25.1805
1660	22.9854
1670	21.9512
1680	18.0488
1690	15.8479
1700	18.842
1710	18.1998
1720	27.0093
1730	21.4286
1740	20.9524
1750	19.0476
1760	17.1429
1770	16.6667
1780	25.4762
1790	23.5714
1800	21.6667
1810	18.0898
1820	16.2229
1830	18.5411
1840	27.4048
1850	23.6364
1860	18.8636
1870	18.6364
1880	17.9545
1890	16.5909
1900	18.6364
1910	27.5
1920	23.6364
1930	18.8735
1940	18.6719
1950	18.2055
1960	16.7391
1970	18.4783
1980	27.3913
1990	24.1486
2000	19.2518
2010	18.4928
2020	18.125
2030	17.0833
2040	18.5292
2050	27.5292
2060	23.9767
2070	19.87
2080	18.6
2090	18
2100	17.3941
2110	18.5984
2120	27.618
2130	23.9443
2140	19.8039
2150	18.6275
2160	18.2334
2170	17.2847
2180	18.7202
2190	27.7587
2200	24.4231
2210	19.6154
2220	18.6538
2230	18.4615
2240	17.1154
2250	18.6538
2260	27.6923
2270	24.4231
2280	19.6154
2290	18.6538
2300	18.4615
2310	17.1154
2320	18.6538
2330	27.6923
2340	24.4231
2350	19.6154
2360	18.6538
2370	18.4615
2380	17.1154
2390	18.6538
2400	27.6923
2410	24.4373
2420	19.6425
2430	18.5869
2440	18.7037
2450	17.2222
2460	18.5185
2470	27.5926
2480	24.8148
2490	19.8148
2500	18.5185
2510	18.7037
2520	17.2123
2530	18.5675
2540	27.6746
2550	25.1098
2560	20
2570	18.3929
2580	18.9255
2590	17.3541
2600	18.5394
2610	27.6773
2620	25.1724
2630	19.8276
2640	18.6207
2650	18.9641
2660	17.2653
2670	18.6987
2680	27.8513
2690	25.4237
2700	19.661
2710	18.6469
2720	19.1791
2730	17.0339
2740	18.6667
2750	27.8333
2760	25.6667
2770	19.5079
2780	18.7064
2790	19.3841
2800	17.1429
2810	18.7302
2820	27.9365
2830	25.7241
2840	19.7021
2850	18.8835
2860	19.3846
2870	17.0769
2880	18.9231
2890	28.1538
2900	25.6923
2910	19.5385
2920	18.9231
2930	19.3846
2940	17.0769
2950	18.9231
2960	28.1538
2970	25.6923
2980	19.5385
2990	18.9231
3000	19.3834
3010	17.0967
3020	18.9881
3030	28.2305
3040	25.9091
3050	19.3939
3060	18.9394
3070	19.5432
3080	16.9929
3090	19.049
3100	28.3137
3110	25.8824
3120	19.2647
3130	19.1176
3140	19.5588
3150	16.9118
3160	19.1176
3170	28.3824
3180	25.8824
3190	19.2668
3200	19.1373
3210	19.6402
3220	16.8116
3230	19.1304
3240	28.4058
3250	26.0911
3260	19.1681
3270	19.2248
3280	19.5714
3290	16.8571
3300	19.2798
3310	28.5853
3320	25.852
3330	19.3464
3340	19.3056
3350	19.4444
3360	17.0805
3370	19.3025
3380	28.6176
3390	25.5487
3400	19.4521
3410	19.4521
3420	19.3151
3430	17.1233
3440	19.4521
3450	28.7671
3460	25.4795
3470	19.4521
3480	19.4521
3490	19.3141
3500	17.1399
3510	19.5063
3520	28.8306
3530	25.6757
3540	19.3243
3550	19.4613
3560	19.4786
3570	16.9578
3580	19.4667
3590	28.8
3600	25.8667
3610	19.2035
3620	19.4732
3630	19.5636
3640	17.1429
3650	19.4805
3660	28.8312
3670	25.724
3680	19.5231
3690	19.4951
3700	19.5
3710	17.25
3720	19.4954
3730	28.8857
3740	25.7439
3750	19.5875
3760	19.6341
3770	19.5122
3780	17.1908
3790	19.6278
3800	29.0325
3810	25.6803
3820	19.4048
3830	19.7619
3840	19.5238
3850	17.1429
3860	19.7619
3870	29.1667
3880	25.7143
3890	19.4048
3900	19.7619
3910	19.5238
3920	17.1429
3930	19.7619
3940	29.1667
3950	25.7143
3960	19.4048
3970	19.7619
3980	19.5238
3990	17.1429
4000	19.7619
4010	29.1667
4020	25.7143
4030	19.4062
4040	19.7756
4050	19.4487
4060	17.1765
4070	19.8824
4080	29.2941
4090	25.5348
4100	19.4664
4110	19.8615
4120	19.3103
4130	17.3563
4140	19.8851
4150	29.3103
4160	25.4023
4170	19.6552
4180	19.8851
4190	19.3103
4200	17.3544
4210	19.8818
4220	29.3136
4230	25.4765
4240	19.5455
4250	19.8864
4260	19.4312
4270	17.2741
4280	19.9171
4290	29.3553
4300	25.3933
4310	19.5506
4320	20
4330	19.3252
4340	17.3047
4350	20.0301
4360	29.4745
4370	25.2222
4380	19.5556
4390	20.1123
4400	19.2151
4410	17.3822
4420	26.8327
4430	25.7338
4440	24.1758
4450	18.6807
4460	17.584
4470	19.5067
4480	20.2174
4490	29.6739
4500	25.2174
4510	19.4577
4520	20.2347
4530	19.2324
4540	17.234
4550	26.7021
4560	25.6383
4570	23.617
4580	20.3302
4590	19.2465
4600	17.3958
4610	26.875
4620	25.7292
4630	24.2703
4640	18.7613
4650	17.6537
4660	27.1382
4670	25.1794
4680	23.8144
4690	19.2789
4700	17.3191
4710	19.8379
4720	29.3277
4730	28.0612
4740	22.0408
4750	17.6541
4760	19.3967
4770	20.3724
4780	19.4
4790	28.9
4800	22.8
4810	21.8
4820	20.8098
4830	18.598
4840	17.549
4850	27.0588
4860	24.8039
4870	24.0206
4880	19.4243
4890	17.2199
4900	26.7344
4910	25.7636
4920	23.6276
4930	20.3888
4940	19.426
4950	17.23
4960	26.7493
4970	25.8839
4980	23.5762
4990	20.3846
5000	19.5327
5010	17.2556
5020	26.7883
5030	25.9472
5040	24.7659
5050	18.5984
5060	17.7071
5070	27.2441
5080	25.1145
5090	23.9815
5100	19.4444
5110	17.314
5120	19.8251
5130	29.3705
5140	28.1687
5150	22.3636
5160	17.7273
5170	19.6355
5180	20.4539
5190	19.3206
5200	28.8701
5210	23.2432
5220	21.982
5230	20.7207
5240	18.9189
5250	17.6577
5260	27.2072
5270	25.4054
5280	24.1441
5290	19.2793
5300	17.4775
5310	27.027
5320	25.7658
5330	24.5045
5340	18.9185
5350	17.6581
5360	19.5941
5370	20.5357
5380	30.0893
5390	25.3571
5400	19.5536
5410	20.5361
5420	19.3737
5430	17.4507
5440	27.0082
5450	25.6808
5460	23.8224
5470	20.6195
5480	19.2959
5490	17.4748
5500	27.0362
5510	25.8081
5520	24.4733
5530	18.9562
5540	17.7601
5550	27.3253
5560	25.4123
5570	24.087
5580	19.3913
5590	17.4783
5600	19.913
5610	29.4783
5620	28.1739
5630	22.4348
5640	17.7391
5650	19.6514
5660	20.521
5670	19.3499
5680	28.9189
5690	23.2759
5700	21.9828
5710	20.7759
5720	18.9655
5730	17.6724
5740	27.2414
5750	25.431
5760	24.2241
5770	19.3103
5780	17.5
5790	27.069
5800	25.7759
5810	24.569
5820	18.9651
5830	17.6812
5840	19.6968
5850	20.6838
5860	30.2564
5870	25.1282
5880	19.6581
5890	20.6848
5900	19.2434
5910	17.5564
5920	27.1397
5930	25.7231
5940	24.5
5950	19.082
5960	17.6765
5970	19.7503
5980	20.7377
5990	30.3279
6000	25.1639
6010	19.6721
6020	20.7443
6030	19.2544
6040	17.6613
6050	27.2581
6060	25.7258
6070	24.4352
6080	19.1935
6090	17.6192
6100	27.2192
6110	25.7792
6120	24.56
6130	19.1203
6140	17.6864
6150	19.8024
6160	29.4056
6170	28.0159
6180	23.0159
6190	17.6987
6200	20.6401
6210	19.239
6220	17.7165
6230	27.3228
6240	25.8268
6250	24.4095
6260	19.2126
6270	17.7165
6280	19.9213
6290	29.5276
6300	28.1102
6310	22.9134
6320	17.7196
6330	19.8782
6340	20.7031
6350	30.3125
6360	25.2344
6370	19.8444
6380	20.7102
6390	19.3411
6400	17.5969
6410	27.2093
6420	25.8915
6430	24.6518
6440	19.0821
6450	17.7474
6460	19.8848
6470	20.687
6480	30.3053
6490	25.268
6500	19.9132
6510	20.7013
6520	19.3939
6530	17.6515
6540	27.2727
6550	25.9857
6560	24.6299
6570	19.0417
6580	17.8195
6590	19.7744
6600	20.6753
6610	30.3022
6620	25.5064
6630	19.8378
6640	20.597
6650	19.4776
6660	17.6852
6670	27.3148
6680	26.1744
6690	24.6349
6700	19.1111
6710	17.8519
6720	27.4815
6730	25.7789
6740	24.3066
6750	19.4578
6760	17.6471
6770	20.0735
6780	29.7059
6790	28.3088
6800	22.6471
6810	17.8676
6820	19.8529
6830	20.6618
6840	19.4826
6850	29.1203
6860	23.4553
6870	22.2538
6880	20.942
6890	19.058
6900	17.8235
6910	27.4664
6920	25.5792
6930	24.3991
6940	19.5
6950	17.5714
6960	27.2143
6970	25.9306
6980	24.0006
6990	20.8336
7000	19.507
7010	17.5352
7020	27.1831
7030	25.8465
7040	23.8957
7050	20.8203
7060	19.4444
7070	17.6389
7080	27.2917
7090	25.9033
7100	24.7837
7110	19.1927
7120	17.8621
7130	27.5172
7140	25.7931
7150	24.4147
7160	19.4616
7170	17.7762
7180	20.1735
7190	29.831
7200	28.2192
7210	22.8082
7220	17.9452
7230	20.0685
7240	20.6849
7250	19.4521
7260	29.1096
7270	23.6993
7280	22.4558
7290	20.8343
7300	19.2517
7310	17.8912
7320	27.551
7330	25.9864
7340	24.4218
7350	19.3878
7360	17.8231
7370	27.483
7380	26.1224
7390	24.5581
7400	19.25
7410	17.9191
7420	20.0137
7430	20.7432
7440	30.4054
7450	25.4737
7460	19.9904
7470	20.7554
7480	19.5302
7490	17.7181
7500	27.3826
7510	26.1752
7520	24.7724
7530	19.1702
7540	17.8667
7550	19.9333
7560	20.7978
7570	30.4689
7580	25.4645
7590	19.9118
7600	20.8553
7610	19.4737
7620	17.6963
7630	27.3695
7640	26.0021
7650	24.7433
7660	19.2157
7670	17.9085
7680	27.5817
7690	25.8849
7700	24.4447
7710	19.4925
7720	17.8205
7730	20.1923
7740	29.8718
7750	28.3333
7760	22.8846
7770	17.9487
7780	20.0641
7790	20.7692
7800	19.4872
7810	29.1667
7820	23.7179
7830	22.4359
7840	20.8974
7850	19.2308
7860	17.9487
7870	27.6282
7880	25.9615
7890	24.4231
7900	19.4872
7910	17.8205
7920	27.5
7930	26.2188
7940	24.6881
7950	19.2751
7960	17.8981
7970	20.0637
7980	20.8272
7990	30.5108
8000	25.3933
8010	20.083
8020	20.8861
8030	19.3671
8040	17.8465
8050	27.534
8060	26.0095
8070	24.6653
8080	19.375
8090	17.8125
8100	20
8110	20.9375
8120	30.625
8130	25.3125
8140	20
8150	20.9375
8160	19.3744
8170	17.8255
8180	27.5149
8190	25.994
8200	24.7826
8210	19.3168
8220	17.8255
8230	27.5169
8240	25.8149
8250	24.6595
8260	19.5062
8270	17.716
8280	19.9992
8290	29.6925
8300	28.5912
8310	23.0134
8320	17.7914
8330	19.8773
8340	20.9812
8350	19.4448
8360	29.1399
8370	23.5523
8380	22.0889
8390	21.0976
8400	19.2674
8410	17.8248
8420	27.5218
8430	25.7293
8440	24.7879
8450	19.4545
8460	17.6964
8470	27.3952
8480	25.8371
8490	24.9516
8500	19.2771
8510	17.7711
8520	19.759
8530	21.0241
8540	30.7229
8550	25.4819
8560	19.759
8570	21.0241
8580	19.5181
8590	17.6506
8600	27.3494
8610	25.8434
8620	23.9759
8630	21.0241
8640	19.5181
8650	17.6506
8660	27.3494
8670	25.8434
8680	25
8690	19.2771
8700	17.7711
8710	27.4699
8720	25.6024
8730	24.759
8740	19.5181
8750	17.6506
8760	19.8788
8770	29.5794
8780	28.7454
8790	22.9654
8800	17.7844
8810	19.7006
8820	21.0176
8830	19.5897
8840	29.2921
8850	23.4674
8860	21.9197
8870	21.1905
8880	19.2857
8890	17.7381
8900	27.4405
8910	25.5357
8920	23.9881
8930	21.1905
8940	30.8929
8950	25.119
8960	19.8214
8970	21.1905
8980	19.2857
8990	17.7381
9000	19.7017
9010	21.0676
9020	30.7717
9030	25.4167
9040	19.7041
9050	21.1243
9060	19.4671
9070	17.6418
9080	27.3477
9090	25.7327
9100	23.7915
9110	21.1176
9120	19.5294
9130	17.5882
9140	27.2941
9150	25.7059
9160	23.7647
9170	21.1176
9180	19.5287
9190	29.2363
9200	23.3931
9210	21.8418
9220	21.2865
9230	19.2398
9240	17.7186
9250	27.4279
9260	25.3965
9270	23.9126
9280	21.2209
9290	19.2442
9300	17.7907
9310	27.5
9320	25.5233
9330	24.7674
9340	19.593
9350	17.6163
9360	27.3256
9370	25.8734
9380	23.8949
9390	21.0831
9400	19.5977
9410	17.5862
9420	27.2989
9430	25.8051
9440	23.7848
9450	21.1007
9460	19.6571
9470	17.5429
9480	27.2571
9490	25.8292
9500	23.7158
9510	21.1183
9520	19.661
9530	29.3785
9540	23.2768
9550	21.8082
9560	21.3561
9570	19.261
9580	17.7654
9590	27.486
9600	25.4749
9610	23.9665
9620	21.2865
9630	19.243
9640	17.7778
9650	27.5
9660	25.3889
9670	23.9444
9680	21.3333
9690	31.0556
9700	25
9710	19.8333
9720	21.3333
9730	19.2221
9740	17.7826
9750	19.6371
9760	21.1602
9770	30.884
9780	25.5801
9790	19.6136
9800	21.1603
9810	19.6615
9820	17.5956
9830	27.3224
9840	25.9016
9850	23.8251
9860	21.0958
9870	19.6642
9880	17.6757
9890	27.4054
9900	25.9459
9910	25.1351
9920	19.2973
9930	17.8378
9940	27.5676
9950	25.6216
9960	24.8108
9970	19.6216
9980	17.6757
9990	19.9459
10000	29.6757
10010	28.8649
10020	23.027
10030	17.8383
10040	19.7894
10050	21.0695
10060	19.6277
10070	29.3617
10080	23.5638
10090	22.1277
10100	21.2248
10110	19.3319
10120	17.8307
10130	27.5661
10140	25.7143
10150	24.8677
10160	19.5767
10170	17.7249
10180	27.4603
10190	25.9259
10200	24.0741
10210	21.1111
10220	19.5767
10230	17.7249
10240	27.4603
10250	25.9259
10260	24.0741
10270	21.1111
10280	19.5781
10290	17.748
10300	27.4848
10310	25.8532
10320	25.0526
10330	19.4211
10340	17.7895
10350	27.5263
10360	25.7368
10370	24.9474
10380	19.5263
10390	17.7367
10400	19.894
10410	29.6322
10420	28.8651
10430	23.1414
10440	17.801
10450	19.79
10460	21.1497
10470	19.5715
10480	29.3124
10490	23.5233
10500	21.9171
10510	21.2949
10520	19.3886
10530	17.7974
10540	27.5397
10550	25.5294
10560	23.9827
10570	21.3456
10580	31.0905
10590	25.2412
10600	19.898
10610	21.2755
10620	19.3878
10630	17.8061
10640	19.7959
10650	21.1735
10660	30.9184
10670	25.5612
10680	19.7959
10690	21.1736
10700	19.5952
10710	17.7304
10720	27.4766
10730	25.9537
10740	24.1263
10750	21.1168
10760	19.5952
10770	17.7885
10780	27.536
10790	25.9199
10800	25.0505
10810	19.4444
10820	17.8283
10830	27.5758
10840	25.8081
10850	24.9495
10860	19.5455
10870	17.7775
10880	19.953
10890	29.703
10900	28.8872
10910	23.25
10920	17.8
10930	19.8498
10940	21.1989
10950	19.5653
10960	29.3165
10970	23.5821
10980	21.9901
10990	21.2935
11000	19.403
11010	17.8109
11020	27.5622
11030	25.6716
11040	24.9751
11050	19.6019
11060	17.7106
11070	27.4631
11080	25.9079
11090	24.0762
11100	21.1386
11110	19.6037
11120	17.7793
11130	27.533
11140	26.0329
11150	24.1117
11160	21.133
11170	19.6552
11180	17.734
11190	27.4877
11200	26.0099
11210	25.1724
11220	19.3592
11230	17.8918
11240	27.6467
11250	25.7592
11260	24.951
11270	19.6078
11280	17.7451
11290	19.951
11300	29.7059
11310	28.9216
11320	23.1863
11330	17.8431
11340	19.8529
11350	21.1765
11360	19.6078
11370	29.3627
11380	23.6275
11390	22.0588
11400	21.2734
11410	19.4119
11420	17.8513
11430	27.6098
11440	25.774
11450	24.9275
11460	19.6134
11470	17.777
11480	27.5366
11490	25.9349
11500	24.1561
11510	21.2019
11520	19.5673
11530	17.7885
11540	27.5481
11550	25.9135
11560	24.1346
11570	21.2019
11580	19.567
11590	17.7837
11600	27.5445
11610	25.9419
11620	25.0239
11630	19.4737
11640	17.8941
11650	27.6571
11660	25.9291
11670	24.9613
11680	19.5735
11690	17.8199
11700	19.9996
11710	29.7637
11720	28.8704
11730	23.2326
11740	17.8774
11750	19.9057
11760	21.179
11770	19.6294
11780	29.3946
11790	23.7209
11800	22.0777
11810	21.2676
11820	19.4836
11830	17.8404
11840	27.6056
11850	25.8216
11860	25.0235
11870	19.5775
11880	17.7931
11890	27.5595
11900	25.9298
11910	24.098
11920	21.215
11930	19.6262
11940	17.7561
11950	27.5247
11960	25.9313
11970	24.1218
11980	21.2037
11990	19.5833
12000	17.8241
12010	27.5926
12020	25.9722
12030	25.0926
12040	19.4907
12050	17.8704
12060	27.6389
12070	25.8796
12080	25
12090	19.5833
12100	17.8241
12110	20
12120	29.7685
12130	28.8889
12140	23.287
12150	17.8704
12160	19.9537
12170	21.2037
12180	19.5823
12190	29.3529
12200	23.7479
12210	22.1131
12220	21.2844
12230	19.4954
12240	17.844
12250	27.6147
12260	25.8257
12270	25.0459
12280	19.5872
12290	17.7982
12300	27.5688
12310	25.9174
12320	24.1284
12330	21.2385
12340	19.5872
12350	17.7982
12360	27.5688
12370	25.9177
12380	24.1214
12390	21.245
12400	19.6347
12410	17.7626
12420	27.5342
12430	25.9363
12440	25.2086
12450	19.4229
12460	17.8636
12470	27.6364
12480	25.6818
12490	25.0004
12500	19.6901
12510	17.698
12520	19.9604
12530	29.7342
12540	29.095
12550	23.1222
12560	17.8733
12570	19.7738
12580	21.2217
12590	19.7285
12600	29.5023
12610	23.5294
12620	22.0362
12630	21.4027
12640	19.3665
12650	17.8733
12660	27.6471
12670	25.6111
12680	24.1223
12690	21.4196
12700	31.1944
12710	25.1351
12720	19.955
12730	21.4416
12740	19.3256
12750	17.8738
12760	19.7042
12770	21.25
12780	31.0268
12790	25.8039
12800	19.6941
12810	21.2117
12820	19.7778
12830	17.6889
12840	27.4667
12850	26.0444
12860	23.9556
12870	21.2
12880	19.7778
12890	17.6889
12900	27.4667
12910	26.0446
12920	23.9602
12930	21.1637
12940	19.7788
12950	29.5575
12960	23.5841
12970	22.2125
12980	21.3693
12990	19.3539
13000	18.0176
13010	27.7974
13020	25.815
13030	24.8021
13040	19.7859
13050	17.7698
13060	20.1821
13070	29.9628
13080	28.9912
13090	22.9825
13100	18.0273
13110	19.8878
13120	21.0917
13130	30.8734
13140	25.9825
13150	19.8692
13160	21.0947
13170	19.8921
13180	17.6957
13190	27.4783
13200	26.3043
13210	24.0872
13220	21.0885
13230	19.9219
13240	17.7253
13250	27.5107
13260	26.3519
13270	25.4077
13280	19.2284
13290	18.0861
13300	19.8382
13310	21.0684
13320	30.8547
13330	26.1113
13340	19.8251
13350	21.0762
13360	20
13370	17.6596
13380	27.4468
13390	26.3833
13400	24.0515
13410	21.0455
13420	19.9578
13430	29.7468
13440	23.5021
13450	22.4052
13460	21.4365
13470	19.2196
13480	18.0672
13490	27.8571
13500	25.6723
13510	24.7479
13520	19.916
13530	17.7311
13540	20.2101
13550	30
13560	29.0756
13570	22.8992
13580	18.0672
13590	19.8739
13600	21.0924
13610	30.8824
13620	26.0504
13630	19.8743
13640	21.0981
13650	19.9099
13660	17.7083
13670	27.5
13680	26.2917
13690	24.0834
13700	21.1268
13710	19.8905
13720	17.7178
13730	27.5104
13740	26.2241
13750	24.0664
13760	21.1627
13770	19.8512
13780	17.7273
13790	27.5207
13800	26.157
13810	24.0494
13820	21.1981
13830	19.8268
13840	29.6218
13850	23.5246
13860	22.1311
13870	21.4754
13880	19.3443
13890	17.9508
13900	27.7459
13910	25.6148
13920	24.2213
13930	21.4749
13940	19.3479
13950	17.9489
13960	27.7457
13970	25.5912
13980	24.1684
13990	21.5041
14000	31.3008
14010	25.1626
14020	20
14030	21.5041
14040	19.3495
14050	17.9301
14060	19.7747
14070	21.2955
14080	31.0931
14090	25.83
14100	19.7571
14110	21.2956
14120	19.8
14130	17.6688
14140	27.4672
14150	26.0156
14160	23.8381
14170	21.2903
14180	19.8411
14190	17.674
14200	27.4748
14210	26.0405
14220	23.889
14230	21.2748
14240	19.819
14250	29.6206
14260	23.5317
14270	22.0238
14280	21.5078
14290	19.4023
14300	17.8754
14310	27.6778
14320	25.6224
14330	24.0414
14340	21.5017
14350	19.4425
14360	17.8452
14370	27.6483
14380	25.6404
14390	23.9869
14400	21.4958
14410	31.2997
14420	25.3648
14430	19.8544
14440	21.4902
14450	19.5294
14460	17.8038
14470	19.7669
14480	21.3948
14490	31.2002
14500	25.7198
14510	19.8054
14520	21.3619
14530	19.7276
14540	17.7432
14550	27.5486
14560	25.9144
14570	23.93
14580	21.3619
14590	19.7274
14600	17.7508
14610	27.557
14620	25.9486
14630	23.8944
14640	21.3566
14650	19.7674
14660	29.5736
14670	23.5659
14680	21.9767
14690	21.5116
14700	19.4568
14710	17.8728
14720	27.6805
14730	25.6764
14740	24.061
14750	21.4615
14760	19.5
14770	17.8846
14780	27.6923
14790	25.7308
14800	24.1154
14810	21.4615
14820	31.2692
14830	25.3852
14840	19.96
14850	21.4836
14860	19.5038
14870	17.8626
14880	19.8089
14890	21.3866
14900	31.1964
14910	25.7624
14920	19.8859
14930	21.3308
14940	19.7336
14950	17.7899
14960	27.6012
14970	25.9894
14980	24.1404
14990	21.3208
15000	19.6979
15010	17.8452
15020	27.6572
15030	26.0596
15040	25.2256
15050	19.5489
15060	17.9697
15070	27.7824
15080	25.9888
15090	25.1009
15100	19.6629
15110	17.9026
15120	20.0749
15130	29.8876
15140	29.0262
15150	23.4082
15160	17.9401
15170	20.0375
15180	21.3109
15190	19.6629
15200	29.4757
15210	23.8577
15220	22.2097
15230	21.3483
15240	19.5877
15250	17.9333
15260	27.7467
15270	26.0087
15280	25.0746
15290	19.6642
15300	17.9476
15310	27.7617
15320	26.1418
15330	25.1487
15340	19.6283
15350	17.9554
15360	20.1115
15370	21.3011
15380	31.1152
15390	25.6134
15400	20.1115
15410	21.3011
15420	19.6283
15430	17.9554
15440	27.7695
15450	26.0967
15460	25.1301
15470	19.6283
15480	17.9554
15490	20.1115
15500	21.3011
15510	31.1152
15520	25.6134
15530	20.1115
15540	21.3011
15550	19.6283
15560	17.9554
15570	27.7695
15580	26.0967
15590	25.1301
15600	19.6283
15610	17.9554
15620	27.7695
15630	26.0967
15640	25.1301
15650	19.6283
15660	17.9553
15670	20.1136
15680	29.9291
15690	28.9942
15700	23.4686
15710	17.9336
15720	20.0738
15730	21.3284
15740	19.631
15750	29.4465
15760	23.9114
15770	22.214
15780	21.3282
15790	19.6272
15800	17.9404
15810	27.7566
15820	26.1021
15830	25.1103
15840	19.6324
15850	17.9779
15860	27.7941
15870	26.1397
15880	25.1103
15890	19.6324
15900	17.9779
15910	20.1471
15920	21.2868
15930	31.1029
15940	25.625
15950	20.1471
15960	21.2868
15970	19.6322
15980	17.9757
15990	27.7925
16000	26.164
16010	25.0549
16020	19.6337
16030	18.022
16040	20.2198
16050	21.2454
16060	31.0623
16070	25.641
16080	20.2198
16090	21.2454
16100	19.6344
16110	18.0372
16120	27.8547
16130	26.1759
16140	25.0365
16150	19.6715
16160	17.9927
16170	27.8102
16180	26.2409
16190	25.1095
16200	19.5985
16210	18.0291
16220	20.1809
16230	29.9997
16240	28.831
16250	23.442
16260	18.0435
16270	20.2535
16280	21.2308
16290	19.6194
16300	29.4389
16310	24.0794
16320	22.4188
16330	21.2274
16340	19.6751
16350	18.0144
16360	27.8339
16370	26.2816
16380	25.0903
16390	19.6028
16400	18.0498
16410	27.8699
16420	26.1677
16430	25
16440	19.7122
16450	17.9848
16460	20.2316
16470	21.2903
16480	31.1111
16490	25.5914
16500	20.2151
16510	21.2905
16520	19.6084
16530	18.0387
16540	27.8614
16550	26.1947
16560	25.0355
16570	19.6809
16580	18.0142
16590	20.2482
16600	21.2766
16610	31.0993
16620	25.6028
16630	20.2482
16640	21.2772
16650	19.6247
16660	18.0919
16670	27.9152
16680	26.2898
16690	24.9823
16700	19.6847
16710	18.072
16720	27.8959
16730	26.3114
16740	25.0352
16750	19.6479
16760	18.0619
16770	20.2955
16780	30.1201
16790	28.8772
16800	23.4035
16810	18.0702
16820	20.2476
16830	21.2392
16840	19.6504
16850	29.4755
16860	24.0559
16870	22.4476
16880	21.2593
16890	19.6648
16900	18.0139
16910	27.8397
16920	26.2718
16930	25.1221
16940	19.6201
16950	18.0269
16960	27.8533
16970	26.2214
16980	25.1042
16990	19.6528
17000	18.0208
17010	20.2083
17020	21.2847
17030	31.1111
17040	25.6597
17050	20.2085
17060	21.2875
17070	19.6478
17080	18
17090	27.8276
17100	26.1724
17110	25.1379
17120	19.6552
17130	18
17140	20.1724
17150	21.3103
17160	31.1379
17170	25.6553
17180	20.1758
17190	21.282
17200	19.6564
17210	18.0412
17220	27.8694
17230	26.2543
17240	25.0859
17250	19.6564
17260	18.0412
17270	27.8694
17280	26.2543
17290	25.0864
17300	19.6548
17310	18.0295
17320	20.2138
17330	30.0431
17340	28.942
17350	23.4813
17360	18.0224
17370	20.1842
17380	21.2925
17390	19.6939
17400	29.5238
17410	23.9798
17420	22.3754
17430	21.3312
17440	19.661
17450	18
17460	27.8305
17470	26.1696
17480	25.1547
17490	19.6387
17500	18.0068
17510	27.8378
17520	26.1149
17530	25.1352
17540	19.6945
17550	17.9864
17560	20.1412
17570	21.3468
17580	31.1785
17590	25.6569
17600	20.1338
17610	21.3223
17620	19.699
17630	17.9933
17640	27.8261
17650	26.2211
17660	25.1897
17670	19.629
17680	18.0066
17690	20.1329
17700	21.3281
17710	31.1636
17720	25.7192
17730	20.1471
17740	21.3158
17750	19.7039
17760	17.9934
17770	27.8289
17780	26.2171
17790	25.1974
17800	19.6382
17810	18.0263
17820	27.8618
17830	26.1513
17840	25.1316
17850	19.7039
17860	17.9934
17870	20.1974
17880	30.0329
17890	29.0135
17900	23.4629
17910	18.0263
17920	20.2158
17930	21.3072
17940	19.6727
17950	29.5103
17960	24.0501
17970	22.4057
17980	21.3312
17990	19.6753
18000	18.0192
18010	27.8574
18020	26.2083
18030	25.1804
18040	19.644
18050	18.0259
18060	27.8641
18070	26.1491
18080	25.1492
18090	19.6849
18100	18
18110	20.1613
18120	21.3546
18130	31.1939
18140	25.6664
18150	20.1705
18160	21.3826
18170	19.6463
18180	18.0058
18190	27.8466
18200	26.1148
18210	25.1658
18220	19.7134
18230	17.9936
18240	20.1906
18250	21.3789
18260	31.2207
18270	25.685
18280	20.2215
18290	21.3291
18300	19.6831
18310	18.0376
18320	27.8809
18330	26.2447
18340	25.1411
18350	19.6865
18360	18.0563
18370	27.9
18380	26.2569
18390	25.1405
18400	19.7188
18410	18.0312
18420	20.25
18430	30.0938
18440	29
18450	23.4688
18460	18.0625
18470	20.2188
18480	21.3125
18490	19.7188
18500	29.5625
18510	24.0312
18520	22.4375
18530	21.3438
18540	19.6562
18550	18.0625
18560	27.9062
18570	26.2188
18580	25.125
18590	19.7188
18600	18.031
18610	27.8757
18620	26.2777
18630	25.2081
18640	19.6584
18650	18.0435
18660	20.1861
18670	21.333
18680	31.1782
18690	25.7628
18700	20.1548
18710	21.3313
18720	19.7522
18730	17.9856
18740	27.8313
18750	26.2184
18760	25.2469
18770	19.6605
18780	18.0246
18790	20.1523
18800	21.3618
18810	31.208
18820	25.6923
18830	20.1538
18840	21.3846
18850	19.6919
18860	17.9996
18870	27.8471
18880	26.1642
18890	25.2134
18900	19.6948
18910	18.012
18920	27.8604
18930	26.1726
18940	25.1515
18950	19.7273
18960	18.0302
18970	20.244
18980	30.0934
18990	29.0586
19000	23.494
19010	18.0422
19020	20.1807
19030	21.3554
19040	19.7289
19050	29.5783
19060	24.006
19070	22.3795
19080	21.3854
19090	19.6655
19100	18.0265
19110	27.8763
19120	26.1947
19130	25.2252
19140	19.6996
19150	18.0195
19160	27.8703
19170	26.2331
19180	24.5316
19190	21.3433
19200	19.7312
19210	18.026
19220	27.8776
19230	26.254
19240	25.1632
19250	19.7033
19260	18.071
19270	20.2691
19280	21.3486
19290	31.2011
19300	25.7227
19310	20.236
19320	21.3569
19330	19.705
19340	18.0531
19350	27.9056
19360	26.2537
19370	25.1917
19380	19.7048
19390	18.0558
19400	27.9091
19410	26.2465
19420	25.2199
19430	19.7067
19440	18.0351
19450	20.2067
19460	30.061
19470	29.0334
19480	23.586
19490	18.0466
19500	20.2622
19510	21.3684
19520	19.6729
19530	29.528
19540	24.087
19550	22.3768
19560	21.3619
19570	19.7387
19580	18.033
19590	27.8893
19600	26.2801
19610	25.2299
19620	19.6839
19630	18.0747
19640	27.931
19650	26.2356
19660	25.1724
19670	19.7414
19680	18.046
19690	20.2586
19700	21.3793
19710	31.2356
19720	25.6897
19730	20.2586
19740	21.3793
19750	19.6837
19760	18.0767
19770	27.9339
19780	26.2275
19790	25.2
19800	19.7428
19810	18.0267
19820	20.213
19830	21.396
19840	31.2536
19850	25.7265
19860	20.1994
19870	21.396
19880	19.7155
19890	18.0175
19900	27.8755
19910	26.2277
19920	25.2841
19930	19.6875
19940	18.0398
19950	27.8977
19960	26.1648
19970	25.2273
19980	19.7443
19990	18.0114
20000	20.1989
20010	30.0568
20020	29.1193
20030	23.5227
20040	18.0398
20050	20.1704
20060	21.3911
20070	19.7298
20080	29.5882
20090	24.0227
20100	22.3229
20110	21.4162
20120	19.7192
20130	18.0158
20140	27.8749
20150	26.1566
20160	25.2958
20170	19.7182
20180	18.0013
20190	27.8613
20200	26.1316
20210	24.3949
20220	21.4566
20230	19.7199
20240	17.9832
20250	27.8431
20260	26.1064
20270	25.3221
20280	19.7199
20290	17.9832
20300	20.112
20310	21.4566
20320	31.3165
20330	25.7143
20340	20.112
20350	21.4566
20360	19.7207
20370	17.9784
20380	27.8392
20390	26.0843
20400	25.3481
20410	19.7228
20420	17.963
20430	27.8245
20440	26.0517
20450	24.2788
20460	21.4958
20470	19.723
20480	17.9501
20490	27.8116
20500	26.0388
20510	24.2659
20520	21.4957
20530	19.72
20540	17.9551
20550	27.817
20560	26.0766
20570	25.3315
20580	19.7237
20590	17.9847
20600	27.8474
20610	26.096
20620	24.3377
20630	21.4835
20640	19.7252
20650	17.9652
20660	27.8282
20670	26.0401
20680	24.3141
20690	21.5068
20700	19.6984
20710	17.9668
20720	27.8306
20730	26.0128
20740	25.2861
20750	19.782
20760	17.9563
20770	27.8204
20780	26.147
20790	24.3397
20800	21.4674
20810	19.7554
20820	17.962
20830	27.8261
20840	26.1141
20850	24.3207
20860	21.4674
20870	19.7554
20880	17.9616
20890	27.8265
20900	26.1121
20910	25.3964
20920	19.7027
20930	17.973
20940	27.8378
20950	26.0272
20960	24.302
20970	21.4888
20980	19.7035
20990	18.0054
21000	27.8706
21010	26.0918
21020	25.3122
21030	19.7734
21040	17.957
21050	20.1344
21060	21.5052
21070	31.3711
21080	25.6375
21090	20.1426
21100	21.5281
21110	19.6515
21120	18.0161
21130	27.882
21140	26.0054
21150	25.2815
21160	19.8123
21170	17.9357
21180	27.8016
21190	26.1664
21200	24.2835
21210	21.45
21220	19.8396
21230	17.9144
21240	27.7808
21250	26.1765
21260	24.2513
21270	21.4439
21280	19.8396
21290	17.9144
21300	27.7808
21310	26.1765
21320	24.2485
21330	21.4482
21340	31.3148
21350	25.92
21360	20
21370	21.4401
21380	19.8668
21390	17.888
21400	20.1162
21410	21.5915
21420	31.4589
21430	25.5173
21440	20.1096
21450	21.6026
21460	19.5767
21470	18.0159
21480	27.8836
21490	25.8467
21500	24.2892
21510	21.6247
21520	19.5514
21530	18.0211
21540	27.8892
21550	25.8048
21560	25.2522
21570	19.9347
21580	17.8158
21590	27.6842
21600	26.1842
21610	24.0527
21620	21.4492
21630	19.9429
21640	17.801
21650	27.6702
21660	26.1518
21670	24.0052
21680	21.466
21690	19.9476
21700	17.801
21710	27.6702
21720	26.1518
21730	24.0052
21740	21.4655
21750	31.3353
21760	26.0099
21770	19.8438
21780	21.4844
21790	19.9479
21800	17.7857
21810	20.0606
21820	21.6623
21830	31.5325
21840	25.4026
21850	20.104
21860	21.6625
21870	19.5393
21880	18.0412
21890	27.9124
21900	25.799
21910	24.3041
21920	21.6495
21930	19.5361
21940	18.0412
21950	27.9124
21960	25.799
21970	25.2319
21980	19.9497
21990	17.8323
22000	27.7041
22010	26.1913
22020	24.0631
22030	21.4615
22040	19.9487
22050	17.8205
22060	27.6923
22070	26.1795
22080	24.0513
22090	21.4614
22100	19.946
22110	17.8074
22120	27.6795
22130	26.1962
22140	24.0223
22150	21.4578
22160	31.3299
22170	26.0614
22180	19.8721
22190	21.4578
22200	19.9744
22210	17.7991
22220	20.0959
22230	21.6539
22240	31.5267
22250	25.4198
22260	20.1272
22270	21.654
22280	19.5408
22290	18.0505
22300	27.9235
22310	25.7662
22320	24.2941
22330	21.6751
22340	19.5181
22350	18.0306
22360	27.904
22370	25.7774
22380	24.2584
22390	21.6709
22400	19.5443
22410	29.4177
22420	24.1013
22430	21.9747
22440	21.4684
22450	19.9494
22460	17.8228
22470	27.6962
22480	26.1772
22490	24.0506
22500	21.4683
22510	19.9467
22520	17.8098
22530	27.6836
22540	26.1937
22550	24.022
22560	21.4645
22570	31.3386
22580	26.0517
22590	19.8814
22600	21.4861
22610	19.9496
22620	17.8085
22630	20.0742
22640	21.6737
22650	31.5484
22660	25.3885
22670	20.1253
22680	21.6792
22690	19.5237
22700	18.0485
22710	27.9235
22720	25.7864
22730	24.2614
22740	21.675
22750	19.5499
22760	18.0299
22770	27.9052
22780	25.7974
22790	24.2264
22800	21.6708
22810	19.5761
22820	29.4514
22830	24.0648
22840	21.9701
22850	21.4963
22860	19.9251
22870	17.8366
22880	27.7122
22890	26.1566
22900	24.0173
22910	21.4925
22920	19.9503
22930	17.8109
22940	27.6866
22950	26.1443
22960	24.005
22970	21.4925
22980	31.3682
22990	26.0201
23000	19.8745
23010	21.5064
23020	19.9505
23030	17.797
23040	20.0494
23050	21.7061
23060	31.5826
23070	25.4354
23080	20.0247
23090	21.7037
23100	19.5802
23110	17.9786
23120	27.8554
23130	25.75
23140	24.0998
23150	21.6995
23160	19.6058
23170	17.953
23180	27.8302
23190	25.7536
23200	24.1319
23210	21.6708
23220	19.6069
23230	29.484
23240	24.0295
23250	21.9656
23260	21.5233
23270	19.9017
23280	17.8378
23290	27.715
23300	26.0934
23310	24.0295
23320	21.5233
23330	19.9017
23340	17.8378
23350	27.715
23360	26.0934
23370	24.0295
23380	21.5233
23390	31.4005
23400	25.9459
23410	19.9018
23420	21.5258
23430	19.9176
23440	17.8186
23450	20.049
23460	21.6911
23470	31.5688
23480	25.472
23490	20.0315
23500	21.687
23510	19.6088
23520	17.9707
23530	27.8484
23540	25.7702
23550	24.132
23560	21.687
23570	19.6088
23580	17.9707
23590	27.8484
23600	25.7702
23610	24.132
23620	21.687
23630	19.6088
23640	29.4866
23650	24.0099
23660	21.9261
23670	21.5422
23680	19.9268
23690	17.8049
23700	27.6829
23710	26.0733
23720	23.9505
23730	21.5494
23740	19.9272
23750	17.7913
23760	27.6699
23770	26.0438
23780	23.9075
23790	21.5655
23800	31.4448
23810	25.9662
23820	19.8068
23830	21.5701
23840	19.9288
23850	17.7634
23860	19.9803
23870	29.8598
23880	27.667
23890	25.3976
23900	19.9518
23910	17.759
23920	19.9759
23930	29.8554
23940	27.6627
23950	25.3976
23960	19.9536
23970	17.7698
23980	27.6496
23990	25.9909
24000	23.8275
24010	21.5865
24020	19.9263
24030	17.7516
24040	27.6317
24050	26.001
24060	23.7948
24070	21.5826
24080	19.9495
24090	17.7335
24100	27.6139
24110	26.0111
24120	23.7622
24130	21.5789
24140	31.4593
24150	26.0287
24160	19.7368
24170	21.5789
24180	19.976
24190	17.729
24200	19.9623
24210	29.843
24220	27.5518
24230	25.3938
24240	20
24250	17.7088
24260	19.9523
24270	29.8329
24280	27.5418
24290	25.3938
24300	19.9999
24310	17.7061
24320	27.5871
24330	25.9872
24340	23.7253
24350	21.5952
24360	19.9762
24370	17.7143
24380	27.5952
24390	25.9762
24400	23.7143
24410	21.5952
24420	19.9762
24430	17.7143
24440	27.5952
24450	25.9762
24460	23.7143
24470	21.5952
24480	31.4762
24490	26.024
24500	19.7133
24510	21.6081
24520	19.9763
24530	17.7014
24540	19.905
24550	29.7871
24560	27.5101
24570	25.464
24580	19.9764
24590	17.6887
24600	19.8821
24610	29.7642
24620	27.4764
24630	25.4717
24640	19.9764
24650	17.6887
24660	27.5708
24670	25.92
24680	23.6311
24690	21.6071
24700	20
24710	17.6995
24720	27.5822
24730	25.9859
24740	23.6854
24750	21.5962
24760	20
24770	17.6995
24780	27.5822
24790	25.986
24800	23.683
24810	21.5997
24820	31.4826
24830	26.089
24840	19.6721
24850	21.5926
24860	20.0247
24870	17.6892
24880	19.9451
24890	29.8288
24900	27.5032
24910	25.3953
24920	20.0233
24930	17.6977
24940	19.9535
24950	29.8372
24960	27.5116
24970	25.3953
24980	20.0233
24990	17.6977
25000	27.5814
25010	26.0233
25020	23.6977
25030	21.5813
25040	20.0248
25050	17.6963
25060	27.5806
25070	26.0065
25080	23.6685
25090	21.5972
25100	20.0231
25110	17.6852
25120	27.5694
25130	25.9954
25140	23.6574
25150	21.597
25160	31.4815
25170	26.0612
25180	19.6767
25190	21.6166
25200	20
25210	17.6905
25220	19.9076
25230	29.7921
25240	27.4827
25250	25.4503
25260	20
25270	17.6905
25280	19.9076
25290	29.7921
25300	27.4827
25310	25.4503
25320	19.9999
25330	17.6879
25340	27.5727
25350	25.9714
25360	23.6902
25370	21.5899
25380	19.9998
25390	17.7209
25400	27.6063
25410	26.0083
25420	23.7147
25430	21.6055
25440	19.9999
25450	17.7019
25460	27.5875
25470	25.9611
25480	23.6956
25490	21.6247
25500	31.5103
25510	26.0184
25520	19.6974
25530	21.6263
25540	20
25550	17.6941
25560	19.9086
25570	29.7947
25580	27.4946
25590	25.4701
25600	19.9772
25610	17.6993
25620	19.8858
25630	29.7725
25640	27.4929
25650	25.5024
25660	19.9773
25670	17.6871
25680	27.5737
25690	25.8957
25700	23.6054
25710	21.6553
25720	19.9773
25730	17.6871
25740	27.5737
25750	25.8958
25760	23.6116
25770	21.6442
25780	19.9549
25790	17.7201
25800	27.6072
25810	25.9143
25820	23.6792
25830	21.6319
25840	31.5195
25850	26.0225
25860	19.7303
25870	21.618
25880	19.9776
25890	17.7508
25900	19.9432
25910	29.8313
25920	27.6389
25930	25.4586
25940	19.9553
25950	17.7629
25960	19.9553
25970	29.8434
25980	27.651
25990	25.4586
26000	19.9562
26010	17.7604
26020	27.6491
26030	25.9787
26040	23.7738
26050	21.6258
26060	19.9584
26070	17.7609
26080	27.6498
26090	25.9387
26100	23.7609
26110	21.6444
26120	19.9309
26130	17.7441
26140	27.6333
26150	25.9481
26160	23.7308
26170	21.6404
26180	31.53
26190	25.9777
26200	19.713
26210	21.6556
26220	19.9559
26230	17.7263
26240	19.8896
26250	29.7792
26260	27.5497
26270	25.5188
26280	19.9558
26290	17.7247
26300	19.8775
26310	29.7673
26320	27.5647
26330	25.5507
26340	19.9339
26350	17.7313
26360	27.6211
26370	25.8811
26380	23.6784
26390	21.674
26400	19.9336
26410	17.7299
26420	27.6205
26430	25.8868
26440	23.6986
26450	21.663
26460	19.9342
26470	17.7528
26480	27.6436
26490	25.9279
26500	23.7008
26510	21.6594
26520	31.5502
26530	25.9827
26540	19.7238
26550	21.6492
26560	19.9348
26570	17.7609
26580	19.9129
26590	29.8046
26600	27.6416
26610	25.5126
26620	19.9134
26630	17.7922
26640	19.9349
26650	29.827
26660	27.7103
26670	25.5309
26680	19.892
26690	17.797
26700	27.689
26710	25.918
26720	23.818
26730	21.6645
26740	19.9138
26750	17.7802
26760	27.6724
26770	25.9267
26780	23.7931
26790	21.6595
26800	19.9138
26810	17.7802
26820	27.6724
26830	25.9267
26840	23.7931
26850	21.6595
26860	31.5517
26870	25.9267
26880	19.7845
26890	21.6595
26900	19.9149
26910	17.791
26920	19.9415
26930	29.834
26940	27.7265
26950	25.5054
26960	19.9142
26970	17.794
26980	19.9614
26990	29.8541
27000	27.7082
27010	25.4935
27020	19.9365
27030	17.7873
27040	27.6804
27050	25.971
27060	23.8129
27070	21.6453
27080	19.9359
27090	17.7778
27100	27.6709
27110	25.9615
27120	23.8034
27130	21.6452
27140	19.94
27150	17.7881
27160	27.6815
27170	25.9331
27180	23.8009
27190	21.6631
27200	31.5565
27210	25.9275
27220	19.7868
27230	21.6631
27240	19.9146
27250	17.7827
27260	19.9187
27270	29.8128
27280	27.6941
27290	25.5297
27300	19.9152
27310	17.7993
27320	19.9459
27330	29.8402
27340	27.6838
27350	25.518
27360	19.9365
27370	17.7841
27380	27.6786
27390	25.9802
27400	23.7861
27410	21.6456
27420	19.9575
27430	17.7624
27440	27.6575
27450	25.9757
27460	23.7955
27470	21.6352
27480	19.9581
27490	17.7778
27500	27.673
27510	25.9958
27520	23.8155
27530	21.6352
27540	31.5304
27550	25.9959
27560	19.7857
27570	21.6366
27580	19.9791
27590	17.7615
27600	19.958
27610	29.8538
27620	27.6468
27630	25.4725
27640	19.9583
27650	17.7917
27660	19.9791
27670	29.8751
27680	27.7128
27690	25.4902
27700	19.9376
27710	17.7963
27720	27.6923
27730	25.9875
27740	23.8462
27750	21.6424
27760	19.9376
27770	17.7963
27780	27.6923
27790	25.9875
27800	23.8462
27810	21.6424
27820	19.9376
27830	17.7963
27840	27.6923
27850	25.9876
27860	23.8481
27870	21.6496
27880	31.5458
27890	25.9336
27900	19.8133
27910	21.6598
27920	19.917
27930	17.7967
27940	19.9248
27950	29.8215
27960	27.6934
27970	25.5578
27980	19.9174
27990	17.7893
28000	19.9174
28010	29.814
28020	27.686
28030	25.5579
28040	19.9174
28050	17.7893
28060	27.686
28070	25.9298
28080	23.8017
28090	21.6735
28100	19.9186
28110	17.7877
28120	27.6848
28130	25.9152
28140	23.7753
28150	21.6872
28160	19.9177
28170	17.7778
28180	27.6749
28190	25.9053
28200	23.7654
28210	21.6891
28220	31.5864
28230	25.9434
28240	19.8152
28250	21.6632
28260	19.9178
28270	17.8022
28280	19.9267
28290	29.8242
28300	27.7341
28310	25.5738
28320	19.8975
28330	17.8044
28340	19.9119
28350	21.7551
28360	31.6531
28370	25.6327
28380	19.9388
28390	21.7551
28400	19.7145
28410	17.9267
28420	27.8249
28430	25.7475
28440	23.9756
28450	21.7714
28460	19.6908
28470	29.5894
28480	23.9148
28490	21.8256
28500	21.6835
28510	19.8958
28520	17.8037
28530	27.7027
28540	25.9653
28550	23.8643
28560	21.6565
28570	19.923
28580	17.8279
28590	27.7271
28600	25.9529
28610	23.8763
28620	21.6732
28630	31.5728
28640	25.9173
28650	19.8427
28660	21.6466
28670	19.9197
28680	17.8313
28690	19.9813
28700	29.8811
28710	27.8082
28720	25.5511
28730	19.8998
28740	17.8356
28750	19.9625
28760	21.7696
28770	31.6696
28780	25.64
28790	19.94
28800	21.76
28810	19.72
28820	17.92
28830	27.82
28840	25.78
28850	23.98
28860	21.76
28870	19.7194
28880	29.6196
28890	23.9346
28900	21.9186
28910	21.6567
28920	19.8802
28930	17.8612
28940	27.7616
28950	25.9978
28960	24.0057
28970	21.6335
28980	19.8803
28990	17.8907
29000	27.7915
29010	26.062
29020	24.0581
29030	21.6071
29040	31.5079
29050	25.9328
29060	19.9626
29070	21.5995
29080	19.9014
29090	17.9093
29100	20.0789
29110	21.6963
29120	31.5976
29130	25.641
29140	20.0789
29150	21.6963
29160	19.7041
29170	18.0052
29180	27.9069
29190	25.9079
29200	24.2576
29210	21.6896
29220	19.6856
29230	18.0391
29240	27.9411
29250	25.9506
29260	24.2643
29270	21.6863
29280	19.7059
29290	29.6078
29300	24.0588
29310	22.0784
29320	21.5882
29330	19.902
29340	17.9216
29350	27.8235
29360	26.1373
29370	24.1569
29380	21.5882
29390	19.902
29400	17.9215
29410	27.8236
29420	26.1413
29430	24.1727
29440	21.5656
29450	31.4677
29460	25.9491
29470	20.0392
29480	21.5675
29490	19.9148
29500	17.9297
29510	20.1367
29520	21.6797
29530	31.582
29540	25.625
29550	20.1367
29560	21.6797
29570	19.6875
29580	18.0468
29590	27.9493
29600	25.9503
29610	24.3218
29620	21.6959
29630	19.6686
29640	18.0505
29650	27.9534
29660	25.9245
29670	25.3816
29680	19.9612
29690	17.9223
29700	27.8252
29710	26.2526
29720	24.2125
29730	21.5176
29740	19.9807
29750	17.9304
29760	27.8337
29770	26.3057
29780	24.2579
29790	21.5167
29800	19.9614
29810	17.9344
29820	27.8378
29830	26.2742
29840	24.2489
29850	21.5319
29860	31.4356
29870	26.0116
29880	20.0385
29890	21.5415
29900	19.9422
29910	17.9554
29920	20.1819
29930	21.6507
29940	31.5547
29950	25.643
29960	20.1886
29970	21.6528
29980	19.7126
29990	18.0651
30000	27.9693
30010	26.0345
30020	24.3894
30030	21.6554
30040	19.6941
30050	18.0688
30060	27.9732
30070	26.0039
30080	25.3892
30090	19.9297
30100	17.9771
30110	27.8817
30120	26.2786
30130	24.3321
30140	21.526
30150	19.9185
30160	18.0038
30170	27.9087
30180	26.2928
30190	25.5513
30200	19.7148
30210	18.0989
30220	20.1331
30230	30.038
30240	29.2966
30250	23.8403
30260	18.0038
30270	20.2281
30280	21.616
30290	31.5209
30300	25.6844
30310	20.2282
30320	21.618
30330	19.7124
30340	18.0871
30350	27.9924
30360	26.0795
30370	25.3788
30380	19.9053
30390	17.9924
30400	20.2083
30410	21.6288
30420	31.5341
30430	25.6818
30440	20.2083
30450	21.6288
30460	19.7159
30470	18.0871
30480	27.9924
30490	26.0797
30500	24.4499
30510	21.6387
30520	19.717
30530	18.0755
30540	27.9811
30550	26.0566
30560	25.3972
30570	19.8929
30580	17.9849
30590	27.8908
30600	26.2147
30610	24.3127
30620	21.5643
30630	19.8838
30640	17.9737
30650	27.8799
30660	26.1914
30670	24.2777
30680	21.5762
30690	19.8763
30700	17.9775
30710	27.8839
30720	26.161
30730	24.2696
30740	21.5932
30750	31.4999
30760	25.893
30770	20.1119
30780	21.5858
30790	19.8507
30800	18.0044
30810	20.1633
30820	21.6171
30830	31.5242
30840	25.7435
30850	20.1859
30860	21.6171
30870	19.7584
30880	18.0669
30890	27.974
30900	26.1152
30910	24.4238
30920	21.6173
30930	19.7474
30940	18.0705
30950	27.9777
30960	26.0853
30970	25.4174
30980	19.8887
30990	17.9963
31000	27.9035
31010	26.2338
31020	24.3414
31030	21.5584
31040	19.8874
31050	17.9862
31060	27.8936
31070	26.2454
31080	24.3195
31090	21.5556
31100	19.9074
31110	17.9815
31120	27.8889
31130	26.2407
31140	24.3148
31150	21.5553
31160	31.4629
31170	25.9415
31180	20.0924
31190	21.5712
31200	19.8891
31210	17.9846
31220	20.1724
31230	21.6236
31240	31.5314
31250	25.7196
31260	20.203
31270	21.6236
31280	19.7408
31290	18.0882
31300	27.9962
31310	26.0809
31320	24.4418
31330	21.639
31340	19.7239
31350	18.0921
31360	28.0002
31370	26.1068
31380	25.3676
31390	19.9081
31400	18.0147
31410	27.9228
31420	26.3051
31430	24.4118
31440	21.5257
31450	19.9081
31460	18.0147
31470	27.9228
31480	26.3051
31490	25.5515
31500	19.7243
31510	18.1066
31520	20.1458
31530	30.054
31540	29.2745
31550	23.8349
31560	18.0367
31570	20.2752
31580	21.5953
31590	31.5037
31600	25.7179
31610	20.2564
31620	21.5934
31630	19.7436
31640	18.1136
31650	28.022
31660	26.1722
31670	24.5421
31680	21.5934
31690	19.7436
31700	18.1123
31710	28.0209
31720	26.1512
31730	25.3565
31740	19.9085
31750	18.0266
31760	20.2685
31770	21.6029
31780	31.5118
31790	25.6831
31800	20.2914
31810	21.6029
31820	19.7086
31830	18.1421
31840	28.051
31850	26.1566
31860	25.3187
31870	19.9266
31880	18.0225
31890	27.9316
31900	26.3861
31910	24.4588
31920	21.4909
31930	19.9442
31940	18.0083
31950	27.9176
31960	26.3931
31970	25.5898
31980	19.6733
31990	18.1488
32000	20.1439
32010	30.0533
32020	29.2619
32030	23.8949
32040	18.0072
32050	20.2717
32060	21.6304
32070	31.5399
32080	25.6522
32090	20.2717
32100	21.6304
32110	19.692
32120	18.1353
32130	28.0449
32140	26.1202
32150	25.3526
32160	19.9277
32170	18.0103
32180	20.259
32190	21.6065
32200	31.5162
32210	25.6859
32220	20.2888
32230	21.6065
32240	19.7121
32250	18.1296
32260	28.0395
32270	26.1656
32280	25.3514
32290	19.9098
32300	18.0335
32310	20.2647
32320	21.5799
32330	31.4901
32340	25.7451
32350	20.2873
32360	21.5799
32370	19.7487
32380	18.1329
32390	28.0431
32400	26.2118
32410	25.3501
32420	19.8923
32430	18.061
32440	27.9713
32450	26.3555
32460	24.5242
32470	21.508
32480	19.8934
32490	18.0737
32500	27.9842
32510	26.3563
32520	25.4562
32530	19.7674
32540	18.1397
32550	20.2577
32560	30.1684
32570	29.2679
32580	23.75
32590	18.0893
32600	20.2857
32610	21.5536
32620	31.4643
32630	25.8036
32640	20.2857
32650	21.5536
32660	19.7873
32670	18.1136
32680	28.0245
32690	26.2776
32700	24.5842
32710	21.5508
32720	19.8039
32730	18.1259
32740	28.0371
32750	26.2787
32760	25.3641
32770	19.8579
32780	18.1018
32790	20.3099
32800	21.5603
32810	31.4716
32820	25.7801
32830	20.3014
32840	21.5604
32850	19.759
32860	18.1416
32870	28.0531
32880	26.2301
32890	25.3451
32900	19.8938
32910	18.0708
32920	27.9823
32930	26.3717
32940	24.5487
32950	21.5044
32960	19.8926
32970	18.0611
32980	27.9728
32990	26.3827
33000	25.5124
33010	19.735
33020	18.145
33030	20.2016
33040	30.1134
33050	29.2593
33060	23.8624
33070	18.0423
33080	20.3001
33090	21.5955
33100	31.5077
33110	25.7294
33120	20.3163
33130	21.5817
33140	19.7364
33150	18.1547
33160	28.0668
33170	26.2214
33180	25.3251
33190	19.9121
33200	18.0669
33210	20.3193
33220	21.5734
33230	31.486
33240	25.7343
33250	20.3322
33260	21.574
33270	19.7268
33280	18.1675
33290	28.0803
33300	26.2129
33310	25.3054
33320	19.9303
33330	18.0525
33340	20.3348
33350	21.6028
33360	31.5157
33370	25.6794
33380	20.331
33390	21.6028
33400	19.7038
33410	18.1707
33420	28.0836
33430	26.1847
33440	25.2971
33450	19.9359
33460	18.0522
33470	27.9652
33480	26.4
33490	24.5218
33500	21.4962
33510	19.9384
33520	18.0382
33530	27.9514
33540	26.4062
33550	25.5556
33560	19.7042
33570	18.154
33580	20.1782
33590	30.0917
33600	29.2734
33610	23.8927
33620	18.0277
33630	20.2941
33640	21.6263
33650	31.5398
33660	25.6747
33670	20.2941
33680	21.6272
33690	19.6944
33700	18.152
33710	28.0656
33720	26.114
33730	25.3195
33740	19.9663
33750	18.0033
33760	20.2964
33770	21.6552
33780	31.569
33790	25.6208
33800	20.2923
33810	21.6642
33820	19.6735
33830	18.1443
33840	28.0584
33850	26.0654
33860	25.3239
33870	19.9753
33880	18.0137
33890	20.2911
33900	21.6438
33910	31.5583
33920	25.6543
33930	20.279
33940	21.641
33950	19.7094
33960	18.1367
33970	28.0514
33980	26.1147
33990	25.3511
34000	19.9659
34010	18.0034
34020	27.9181
34030	26.3652
34040	24.4056
34050	21.5269
34060	19.9489
34070	18.0068
34080	27.9216
34090	26.3374
34100	25.6022
34110	19.7035
34120	18.1494
34130	20.1528
34140	30.0679
34150	29.2869
34160	23.9219
34170	18.0136
34180	20.2886
34190	21.6469
34200	31.562
34210	25.6537
34220	20.2886
34230	21.6469
34240	19.6944
34250	18.1494
34260	28.0645
34270	26.1121
34280	25.3327
34290	19.9532
34300	18.0169
34310	20.2712
34320	21.644
34330	31.5595
34340	25.6763
34350	20.2635
34360	21.6554
34370	19.7128
34380	18.1249
34390	28.0407
34400	26.0963
34410	24.5025
34420	21.6667
34430	19.7138
34440	18.1143
34450	28.0304
34460	26.0845
34470	25.3801
34480	19.9329
34490	18.0201
34500	27.9362
34510	26.3256
34520	24.4089
34530	21.5449
34540	19.9497
34550	18.0067
34560	27.9229
34570	26.3317
34580	24.3908
34590	21.5262
34600	19.9498
34610	18.0268
34620	27.9431
34630	26.3713
34640	24.4511
34650	21.5135
34660	31.4302
34670	26.0167
34680	20.2
34690	21.5167
34700	19.9333
34710	18.05
34720	20.3
34730	21.6167
34740	31.5333
34750	25.7167
34760	20.3021
34770	21.6235
34780	19.7171
34790	18.1531
34800	28.0699
34810	26.1564
34820	25.3411
34830	19.9501
34840	18.0366
34850	20.2995
34860	21.6305
34870	31.5475
34880	25.694
34890	20.3127
34900	21.6113
34910	19.7176
34920	18.1726
34930	28.0898
34940	26.2029
34950	25.3087
34960	19.9338
34970	18.0795
34980	27.9967
34990	26.4404
35000	24.5861
35010	21.4901
35020	19.9338
35030	18.0795
35040	27.9967
35050	26.4405
35060	25.5108
35070	19.7283
35080	18.2013
35090	20.264
35100	30.1815
35110	29.2079
35120	23.8793
35130	18.0951
35140	20.4016
35150	21.5651
35160	31.4827
35170	25.7166
35180	20.4119
35190	21.5651
35200	19.7199
35210	18.2208
35220	28.1384
35230	26.2933
35240	25.257
35250	19.9381
35260	18.1086
35270	20.3947
35280	21.5624
35290	31.4804
35300	25.7384
35310	20.3871
35320	21.5738
35330	19.7377
35340	18.1967
35350	28.1148
35360	26.2828
35370	25.2788
35380	19.9345
35390	18.1178
35400	20.4091
35410	21.5531
35420	31.4714
35430	25.7283
35440	20.4085
35450	21.5686
35460	19.7222
35470	18.219
35480	28.1373
35490	26.2908
35500	25.2614
35510	19.951
35520	18.1046
35530	28.0229
35540	26.5196
35550	25.4902
35560	19.7222
35570	18.219
35580	20.294
35590	30.2126
35600	29.1877
35610	23.8713
35620	18.0945
35630	20.3909
35640	21.5798
35650	19.722
35660	29.6407
35670	24.2969
35680	22.4595
35690	21.4797
35700	19.935
35710	18.0976
35720	28.0163
35730	26.4715
35740	25.4959
35750	19.7398
35760	18.1951
35770	28.1139
35780	26.2811
35790	25.284
35800	19.9351
35810	18.1169
35820	20.4058
35830	21.5571
35840	31.4761
35850	25.7558
35860	20.389
35870	21.5559
35880	19.7569
35890	18.2031
35900	28.1222
35910	26.3347
35920	25.3236
35930	19.9029
35940	18.123
35950	20.3722
35960	21.5534
35970	31.4725
35980	25.7929
35990	20.3722
