10	10
20	2
30	2
40	2
50	2
60	2
70	2
80	2
90	2
100	2
110	2
120	2
130	2
140	2
150	2
160	2
170	2
180	2
190	3.25
200	5.75
210	15.75
220	19
230	29
240	15
250	17.5
260	27.5
270	15
280	17.5
290	17.5
300	27.5
310	15
320	17.5
330	16
340	26
350	18
360	28
370	22
380	14
390	24
400	22
410	32
420	18
430	16
440	26
450	18
460	28
470	22
480	32
490	18
500	16.3333
510	26.3333
520	16.6667
530	26.6667
540	23.3333
550	13.3333
560	16.381
570	26.381
580	21.4286
590	14.2857
600	24.2857
610	21.4286
620	31.4286
630	18.746
640	17.8889
650	27.8889
660	21.2222
670	31.2222
680	27.8889
690	21.2222
700	31.2222
710	31.1111
720	24.4444
730	34.4444
740	24.6778
750	34.6778
760	21.2556
770	22.2556
780	32.2556
790	24.2556
800	25
810	35
820	26.2727
830	36.2727
840	26.3636
850	17.2727
860	20.9697
870	22.9697
880	32.9697
890	22.9697
900	32.9697
910	33.3333
920	23.8095
930	33.8095
940	25.4167
950	18.2738
960	22.5595
970	32.5595
980	31.131
990	24.0327
1000	34.0327
1010	35.4911
1020	28.6161
1030	38.6161
1040	33.5699
1050	26.2059
1060	36.2059
1070	36.0368
1080	28.3897
1090	38.3897
1100	33.9747
1110	43.9747
1120	31.3276
1130	27.2974
1140	37.2974
1150	30.6307
1160	24.0372
1170	34.0372
1180	26.7857
1190	36.7857
1200	36.2594
1210	28.891
1220	38.891
1230	38.2605
1240	31.4132
1250	41.4132
1260	36.1237
1270	29.6237
1280	39.6237
1290	34.5286
1300	27.6857
1310	37.6857
1320	33.1143
1330	43.1143
1340	30.2571
1350	28.5887
1360	38.5887
1370	32.0693
1380	26.6061
1390	36.6061
1400	30.4559
1410	29.3794
1420	39.3794
1430	33.7273
1440	27.9447
1450	37.9447
1460	32.4447
1470	28.5054
1480	38.5054
1490	33.5054
1500	43.5054
1510	35.8641
1520	31.0564
1530	41.0564
1540	35.7212
1550	31.875
1560	41.875
1570	37.9327
1580	34.8077
1590	26.3462
1600	36.3462
1610	35.5769
1620	31.7308
1630	41.7308
1640	35.3846
1650	32.1978
1660	42.1978
1670	40.7143
1680	37.8571
1690	47.8571
1700	42.9261
1710	38.5093
1720	30.8147
1730	40.8147
1740	41.0512
1750	37.6029
1760	47.6029
1770	40.7063
1780	37.2581
1790	47.258
1800	44.8443
1810	41.396
1820	51.396
1830	46.9132
1840	43.1201
1850	53.1201
1860	40.7063
1870	37.931
1880	35.8621
1890	33.4483
1900	25.5172
1910	25.8621
1920	35.8621
1930	32.4138
1940	42.4138
1950	35.6057
1960	31.7713
1970	41.7713
1980	39.546
1990	35.546
2000	33.4126
2010	43.4126
2020	37.0793
2030	28.4126
2040	38.4126
2050	39.0793
2060	35.0793
2070	45.0793
2080	41.0793
2090	37.0793
2100	47.0793
2110	42.4126
2120	38.361
2130	48.361
2140	44.5341
2150	54.5341
2160	45.1793
2170	39.4073
2180	39.034
2190	34.5071
2200	44.5071
2210	39.1249
2220	49.1249
2230	39.731
2240	33.4144
2250	43.4144
2260	38.5205
2270	35.9991
2280	45.9991
2290	41.5722
2300	31.5722
2310	33.0395
2320	33.0199
2330	43.0199
2340	33.0199
2350	33.0948
2360	43.0948
2370	38.2029
2380	36.1443
2390	46.1443
2400	43.787
2410	34.3275
2420	30.018
2430	29.2072
2440	39.2072
2450	29.7477
2460	31.6396
2470	41.6396
2480	37.1347
2490	33.811
2500	43.811
2510	39.6005
2520	49.6005
2530	47.8708
2540	43.6603
2550	53.6603
2560	47.0813
2570	42.5614
2580	33.614
2590	43.614
2600	40.2842
2610	36.05
2620	46.05
2630	38.9711
2640	34.7211
2650	44.7211
2660	41.4118
2670	36.9441
2680	33.1317
2690	43.1317
2700	35.9183
2710	26.4061
2720	36.4061
2730	39.4271
2740	35.2013
2750	45.2013
2760	40.1146
2770	36.1611
2780	46.1611
2790	43.148
2800	39.3636
2810	49.3636
2820	44.2241
2830	54.2241
2840	46.0423
2850	40.7753
2860	38.4354
2870	35.0414
2880	45.0414
2890	37.7859
2900	47.7859
2910	40.095
2920	33.5068
2930	43.5068
2940	41.6198
2950	34.2285
2960	44.2285
2970	35.0396
2980	45.0396
2990	37.6483
3000	35.4744
3010	35.9092
3020	45.9092
3030	38.6011
3040	35.2061
3050	35.7885
3060	45.7885
3070	38.7672
3080	36.7666
3090	46.7666
3100	46.3839
3110	39.6374
3120	33.4543
3130	43.4543
3140	38.75
3150	32.0833
3160	28.75
3170	27.2917
3180	37.2917
3190	30.625
3200	31.875
3210	41.875
3220	39.3083
3230	49.3083
3240	43.6333
3250	37.9667
3260	31.1667
3270	31.3667
3280	41.3667
3290	38.7667
3300	35.5667
3310	45.5667
3320	42.9667
3330	36.1667
3340	36.3667
3350	35.3667
3360	45.3667
3370	38.5667
3380	37.2
3390	47.2
3400	42.5538
3410	35.6615
3420	45.6615
3430	38.4846
3440	34.8204
3450	28.0171
3460	26.5693
3470	36.5693
3480	35.3229
3490	28.7192
3500	38.7192
3510	39.3292
3520	38.0749
3530	48.0749
3540	37.6199
3550	31.9763
3560	41.9763
3570	39.7243
3580	38.7389
3590	48.7389
3600	45.6119
3610	39.1833
3620	49.1833
3630	40.7536
3640	50.7536
3650	44.5268
3660	40.3601
3670	39.6692
3680	37.5639
3690	47.5639
3700	41.599
3710	34.5614
3720	44.5614
3730	34.386
3740	30.363
3750	29.0145
3760	39.0145
3770	33.1107
3780	31.4192
3790	32.4537
3800	42.4537
3810	36.5917
3820	32.7985
3830	33.833
3840	43.833
3850	37.971
3860	34.1779
3870	44.1779
3880	42.971
3890	37.1089
3900	47.1089
3910	41.5917
3920	39.6813
3930	37.6928
3940	47.6928
3950	41.6905
3960	35.6905
3970	45.6905
3980	45.0394
3990	41.7235
4000	35.9137
4010	45.9137
4020	38.9645
4030	32.459
4040	26.7213
4050	26.8852
4060	36.8852
4070	34.5902
4080	28.8525
4090	38.8525
4100	37.3982
4110	35.4188
4120	45.4188
4130	40.8154
4140	36.1883
4150	30.0528
4160	40.0528
4170	38.5096
4180	36.5242
4190	30.6511
4200	40.6511
4210	39.5119
4220	37.6612
4230	47.6612
4240	43.2759
4250	39.5696
4260	34.4181
4270	44.4181
4280	42.807
4290	40.6857
4300	35.5342
4310	45.5342
4320	43.1818
4330	39.8485
4340	34.7026
4350	44.7026
4360	37.8089
4370	32.4233
4380	42.4233
4390	33.7666
4400	32.203
4410	30.3666
4420	40.3666
4430	35.3125
4440	33.0088
4450	33.7334
4460	43.7334
4470	38.7094
4480	34.8436
4490	35.25
4500	45.25
4510	40.3928
4520	36.6311
4530	46.6311
4540	44.3383
4550	39.3704
4560	49.3704
4570	44.1847
4580	42.9167
4590	37.9167
4600	47.9167
4610	40.4167
4620	33.75
4630	28.75
4640	27.1062
4650	37.1062
4660	34.7089
4670	29.9144
4680	39.9144
4690	37.5628
4700	36.4869
4710	46.4869
4720	41.7723
4730	37.0533
4740	32.4588
4750	42.4587
4760	39.2821
4770	37.12
4780	32.5254
4790	42.5254
4800	41.174
4810	40.2281
4820	50.2281
4830	45.6594
4840	40.5697
4850	35.738
4860	45.738
4870	43.9142
4880	41.0402
4890	36.0641
4900	46.0641
4910	37.0698
4920	32.3449
4930	27.28
4940	37.28
4950	35.4618
4960	33.7735
4970	28.7086
4980	38.7086
4990	35.9813
5000	34.6923
5010	44.6923
5020	40.7322
5030	36.8847
5040	46.8847
5050	38.295
5060	35.7236
5070	34.0391
5080	44.0391
5090	39.332
5100	36.8701
5110	37.2499
5120	47.2499
5130	42.5663
5140	38.3891
5150	37.5949
5160	47.5949
5170	43.1646
5180	34.8331
5190	44.8331
5200	37.1669
5210	34.4019
5220	44.4019
5230	36.2769
5240	29.6113
5250	39.6113
5260	38.921
5270	34.7216
5280	31.7978
5290	29.6027
5300	39.6027
5310	35.6248
5320	34.4227
5330	34.8989
5340	44.8989
5350	41.641
5360	34.4268
5370	34.857
5380	44.857
5390	41.747
5400	38.4136
5410	36.719
5420	34.6775
5430	44.6775
5440	41.1169
5450	39.2463
5460	49.2463
5470	44.6591
5480	40.3543
5490	50.3543
5500	39.9955
5510	30.7533
5520	40.7533
5530	39.3386
5540	35.1813
5550	45.1813
5560	34.9566
5570	33.4959
5580	43.4959
5590	42.0352
5600	37.8355
5610	47.8355
5620	37.7044
5630	36.318
5640	36.5402
5650	35.1922
5660	45.1922
5670	38.4567
5680	38.1773
5690	36.1623
5700	32.6087
5710	29.1304
5720	26.2155
5730	36.2155
5740	34.3361
5750	30.5727
5760	40.5727
5770	37.0033
5780	36.0008
5790	46.0008
5800	38.8843
5810	32.4107
5820	42.4107
5830	40.909
5840	37.3204
5850	33.8261
5860	31.991
5870	41.991
5880	38.6577
5890	37.3838
5900	47.3838
5910	45.5088
5920	41.1337
5930	51.1338
5940	41.1338
5950	39.6875
5960	36.5586
5970	46.5586
5980	42.2281
5990	35.6576
6000	45.6576
6010	35.4691
6020	34.3407
6030	44.3407
6040	37.9233
6050	31.0685
6060	41.0685
6070	38.8089
6080	35.7575
6090	32.7932
6100	30.6052
6110	40.6052
6120	37.6759
6130	35.5403
6140	45.5403
6150	43.419
6160	39.9847
6170	33.8231
6180	33.7221
6190	34.0251
6200	44.0251
6210	41.0958
6220	39.5807
6230	49.5807
6240	47.7778
6250	43.2323
6260	37.0768
6270	27.7249
6280	37.7248
6290	34.3538
6300	31.9069
6310	29.1069
6320	39.1069
6330	35.1069
6340	35.1069
6350	45.1069
6360	39.1069
6370	33.9069
6380	43.9069
6390	41.9286
6400	36.7727
6410	46.7727
6420	37.7026
6430	36.3986
6440	36.0942
6450	34.2344
6460	44.2344
6470	38.4891
6480	38.9382
6490	35.7029
6500	32.6471
6510	30.098
6520	26.3726
6530	36.3726
6540	33.1373
6550	30.5882
6560	40.5882
6570	37.5635
6580	35.833
6590	45.833
6600	40.0484
6610	30.905
6620	40.905
6630	39.8512
6640	38.2344
6650	48.2344
6660	41.9666
6670	33.7381
6680	43.7381
6690	42.7143
6700	39.6934
6710	36.2831
6720	33.3963
6730	43.3963
6740	40.444
6750	39.0154
6760	49.0154
6770	47.8095
6780	42.381
6790	36.1905
6800	46.1905
6810	37.1429
6820	33.8095
6830	43.8095
6840	37.619
6850	29.6191
6860	39.6191
6870	38.137
6880	35.2366
6890	31.9518
6900	29.1844
6910	39.1844
6920	36.3752
6930	34.5198
6940	44.5198
6950	41.8721
6960	38.7474
6970	32.8596
6980	33.0483
6990	32.9805
7000	42.9805
7010	40.0744
7020	38.9304
7030	48.9304
7040	47.5926
7050	42.5926
7060	36.3889
7070	46.3889
7080	36.9444
7090	33.9815
7100	43.9815
7110	37.7956
7120	30.3323
7130	40.3323
7140	38.3996
7150	35.5556
7160	32.6877
7170	30.257
7180	40.257
7190	37.5865
7200	35.6219
7210	45.6219
7220	42.9829
7230	40.4214
7240	34.8007
7250	34.4385
7260	32.3009
7270	42.3009
7280	36.9294
7290	31.3898
7300	41.3898
7310	37.3413
7320	34.8917
7330	44.8917
7340	39.204
7350	31.5866
7360	41.5866
7370	41.2058
7380	38.4472
7390	33.9393
7400	31.4606
7410	41.4606
7420	38.7838
7430	38.4979
7440	48.4979
7450	45.6774
7460	40.8056
7470	50.8056
7480	41.9375
7490	39.5339
7500	49.5339
7510	46.0023
7520	40.7563
7530	50.7563
7540	40.5882
7550	28.8235
7560	38.8235
7570	37.8992
7580	36.1401
7590	46.1401
7600	41.0644
7610	32.4971
7620	42.4971
7630	39.0361
7640	39.0416
7650	49.0416
7660	44.0912
7670	35.6779
7680	45.6779
7690	42.2783
7700	41.2434
7710	38.7894
7720	48.7894
7730	40.6113
7740	33.8429
7750	43.8429
7760	38.4712
7770	33.3879
7780	43.3879
7790	35.1192
7800	34.9428
7810	44.9428
7820	41.8939
7830	36.9319
7840	46.9319
7850	38.3284
7860	38.2335
7870	48.2335
7880	45.2333
7890	40.4275
7900	50.4275
7910	41.8991
7920	39.5488
7930	37.479
7940	47.479
7950	42.0786
7960	34.8207
7970	44.8207
7980	33.4422
7990	33.1297
8000	43.1297
8010	40.0166
8020	34.9178
8030	44.9178
8040	36.7239
8050	36.474
8060	46.474
8070	43.4625
8080	38.1471
8090	48.1471
8100	40.0936
8110	39.5611
8120	49.5611
8130	46.6381
8140	41.4073
8150	51.4073
8160	43.4073
8170	39.8462
8180	37.4615
8190	47.4615
8200	42.3846
8210	52.3846
8220	42.0769
8230	31.0769
8240	41.0769
8250	38.6923
8260	35.7692
8270	45.7692
8280	40.5385
8290	32.5385
8300	42.5385
8310	41.9352
8320	39.0434
8330	49.0434
8340	43.8882
8350	35.6264
8360	45.6264
8370	44.821
8380	42.0273
8390	38.0201
8400	48.0201
8410	39.8128
8420	29.7727
8430	39.7727
8440	37.0455
8450	34.9242
8460	32.7273
8470	30.2254
8480	40.2254
8490	38.1475
8500	35.4664
8510	45.4664
8520	43.0604
8530	40.4971
8540	35.4507
8550	34.5892
8560	31.859
8570	41.859
8580	37.1298
8590	31.9446
8600	41.9446
8610	37.7037
8620	34.8148
8630	44.8148
8640	39.6296
8650	32.5185
8660	42.5185
8670	41.8189
8680	38.9833
8690	48.9833
8700	40.9252
8710	36.0832
8720	46.0832
8730	45.4774
8740	42.7262
8750	37.6256
8760	30.748
8770	40.748
8780	33.4889
8790	31.35
8800	41.35
8810	38.7158
8820	35.8457
8830	45.8457
8840	41.1263
8850	33.0356
8860	43.0356
8870	42.2931
8880	39.4174
8890	49.4174
8900	44.4174
8910	36.4174
8920	46.4174
8930	44.9286
8940	42.0714
8950	37.7857
8960	47.7857
8970	39.7985
8980	29.8269
8990	39.8269
9000	37.0244
9010	35.1095
9020	32.2833
9030	29.8894
9040	39.8894
9050	37.8262
9060	35.1202
9070	45.1202
9080	42.8066
9090	40.0101
9100	34.9244
9110	34.1624
9120	44.1624
9130	42.8671
9140	38.1903
9150	33.1867
9160	43.1867
9170	38.6854
9180	33.2658
9190	43.2658
9200	38.6825
9210	30.7658
9220	40.7658
9230	39.9325
9240	36.5992
9250	46.5992
9260	42.0276
9270	34.1459
9280	44.1459
9290	42.8363
9300	40.256
9310	50.256
9320	45.7732
9330	37.9801
9340	47.9801
9350	44.3249
9360	41.5862
9370	39.0345
9380	34.1792
9390	44.1792
9400	34.9674
9410	31.4361
9420	29.4633
9430	39.4633
9440	36.6061
9450	34.7014
9460	32.7286
9470	42.7286
9480	37.0143
9490	37.4905
9500	47.4905
9510	42.5447
9520	37.8757
9530	47.8757
9540	44.1967
9550	39.9914
9560	49.9914
9570	42.1536
9580	40.2027
9590	37.4324
9600	47.4324
9610	41.3513
9620	34.8005
9630	44.8005
9640	34.0336
9650	32.912
9660	42.912
9670	39.2084
9680	35.1207
9690	45.1207
9700	37.3429
9710	36.1474
9720	46.1474
9730	42.2689
9740	38.3616
9750	48.3616
9760	40.4808
9770	39.355
9780	49.355
9790	45.4477
9800	41.5404
9810	51.5404
9820	43.6596
9830	40.3311
9840	37.351
9850	47.351
9860	41.1013
9870	34.9276
9880	44.9276
9890	33.969
9900	32.9571
9910	42.9571
9920	38.8395
9930	35.114
9940	45.114
9950	37.0748
9960	36.0944
9970	46.0944
9980	41.9859
9990	38.1803
10000	48.1803
10010	40.2113
10020	39.2856
10030	49.2856
10040	45.2776
10050	41.2996
10060	51.2996
10070	43.5154
10080	40.1993
10090	50.1993
10100	45.3917
10110	39.2614
10120	49.2614
10130	40.8528
10140	30.0051
10150	40.0051
10160	38.5402
10170	35.6102
10180	45.6102
10190	40.6421
10200	34.5911
10210	44.5911
10220	40.8176
10230	38.8316
10240	35.9986
10250	34.697
10260	44.697
10270	30
10280	40
10290	33.8125
10300	32.5625
10310	29.875
10320	26.375
10330	36.375
10340	34.8226
10350	33.5963
10360	31.4789
10370	41.4789
10380	38.8443
10390	37.3536
10400	47.3536
10410	42.1494
10420	36.5207
10430	46.5207
10440	45.9514
10450	42.2293
10460	37.1095
10470	30.5729
10480	40.5729
10490	34.8647
10500	32.8401
10510	42.8401
10520	36.9129
10530	35.9101
10540	45.9101
10550	41.0179
10560	34.9694
10570	44.9695
10580	41.1366
10590	39.3532
10600	36.5502
10610	34.9651
10620	44.9651
10630	30.3274
10640	40.3274
10650	34.0774
10660	32.4702
10670	29.5536
10680	26.4286
10690	36.4286
10700	34.7994
10710	33.1387
10720	31.5646
10730	41.5646
10740	38.75
10750	36.9853
10760	46.9853
10770	42.8676
10780	35.5735
10790	45.5735
10800	43.8088
10810	41.0441
10820	51.0441
10830	46.9049
10840	39.6678
10850	49.6678
10860	46.1196
10870	39.5043
10880	49.5043
10890	45.0706
10900	38.0138
10910	48.0138
10920	36.3755
10930	32.1448
10940	30.8112
10950	30.0711
10960	40.0711
10970	37.9756
10980	36.1817
10990	31.8139
11000	32.9069
11010	33.2669
11020	43.2669
11030	41.527
11040	36.9922
11050	36.0571
11060	34.0571
11070	31.6772
11080	29.9729
11090	39.9729
11100	33.6788
11110	31.5319
11120	29.7838
11130	39.7838
11140	37.5455
11150	36.0052
11160	46.0053
11170	41.2078
11180	33.6797
11190	43.6797
11200	42.1629
11210	39.9719
11220	49.9719
11230	45.1404
11240	37.6188
11250	47.6188
11260	43.7327
11270	41.1873
11280	38.9431
11290	48.9431
11300	41.6097
11310	34.3333
11320	44.3333
11330	38
11340	33.3333
11350	43.3333
11360	36
11370	35.6667
11380	45.6667
11390	41.6667
11400	37
11410	47
11420	39.6778
11430	39.3607
11440	49.3607
11450	45.4084
11460	40.8052
11470	50.8052
11480	43.5676
11490	39.7238
11500	37.7348
11510	47.7348
11520	41.4917
11530	51.4917
11540	42.0189
11550	31.9681
11560	41.9681
11570	39.839
11580	36.0406
11590	46.0406
11600	41.2618
11610	34.1683
11620	44.1683
11630	42.7897
11640	40.6418
11650	50.6418
11660	45.7229
11670	38.5337
11680	48.5337
11690	45.4595
11700	39.5676
11710	37.1351
11720	47.1351
11730	39.9613
11740	32.6827
11750	42.6827
11760	39.1099
11770	34.2578
11780	44.2578
11790	37.1381
11800	36.8521
11810	46.8521
11820	43.3998
11830	38.6927
11840	48.6927
11850	41.4586
11860	39.3617
11870	37.4468
11880	47.4468
11890	41.8085
11900	34.6834
11910	44.6834
11920	34.4941
11930	34.3101
11940	44.3101
11950	40.9674
11960	36.3667
11970	46.3667
11980	38.8243
11990	38.6941
12000	48.6941
12010	45.4216
12020	40.8978
12030	50.8978
12040	43.2476
12050	39.2067
12060	37.2344
12070	47.2344
12080	41.8405
12090	34.9146
12100	44.9146
12110	34.4476
12120	34.1234
12130	44.1234
12140	41.0119
12150	36.2823
12160	46.2823
12170	38.705
12180	38.474
12190	48.474
12200	45.4669
12210	40.5803
12220	50.5803
12230	43.0594
12240	39.31
12250	49.31
12260	45.8163
12270	40.4592
12280	50.4592
12290	40.4592
12300	30.102
12310	40.102
12320	39.1327
12330	37.3469
12340	47.3469
12350	42.3469
12360	34.898
12370	44.898
12380	41.7347
12390	41.0204
12400	38.5204
12410	48.5204
12420	41.0714
12430	34.2347
12440	44.2347
12450	38.8975
12460	33.9455
12470	43.9455
12480	36.4141
12490	36.1479
12500	46.1479
12510	43.1371
12520	38.2407
12530	48.2407
12540	40.7792
12550	39.2189
12560	37.3033
12570	47.3033
12580	42.2937
12590	34.8655
12600	44.8655
12610	34.4636
12620	34.0693
12630	44.0693
12640	41.3408
12650	36.4126
12660	46.4126
12670	38.7839
12680	38.4906
12690	48.4906
12700	45.8651
12710	40.7517
12720	50.7517
12730	43.1778
12740	39.1711
12750	37.229
12760	47.229
12770	42.0476
12780	35.3089
12790	27.5728
12800	29.094
12810	39.094
12820	36.5455
12830	34.6224
12840	44.6224
12850	40.1312
12860	40.0414
12870	50.0414
12880	44.9843
12890	37.1962
12900	47.1962
12910	44.3642
12920	39.6993
12930	37.097
12940	47.097
12950	39.4303
12960	32.7984
12970	42.7984
12980	40.0202
12990	34.9939
13000	44.9939
13010	37.2881
13020	37.1818
13030	47.1817
13040	44.5146
13050	39.6071
13060	49.6071
13070	41.7323
13080	38.9339
13090	37.1488
13100	47.1488
13110	42.4477
13120	35.1447
13130	45.1447
13140	34.0503
13150	34.0038
13160	44.0038
13170	41.4525
13180	36.6812
13190	46.6812
13200	38.4221
13210	38.412
13220	48.4121
13230	45.8933
13240	41.2094
13250	51.2094
13260	42.81
13270	38.7355
13280	37.1537
13290	47.1537
13300	42.3218
13310	52.3218
13320	42.9133
13330	31.4655
13340	41.4655
13350	39.9314
13360	37.0915
13370	47.0915
13380	41.7262
13390	34.8929
13400	44.8929
13410	44.7117
13420	41.9026
13430	36.598
13440	31.5887
13450	27.0898
13460	37.0898
13470	34.8613
13480	32
13490	42
13500	39.7778
13510	37.5112
13520	47.5112
13530	42.6698
13540	39.8243
13550	49.8243
13560	44.5937
13570	37.5859
13580	47.5859
13590	44.8018
13600	41.8502
13610	36.652
13620	31.5859
13630	41.5859
13640	34.6023
13650	32.4664
13660	42.4664
13670	37.3913
13680	37.3817
13690	47.3817
13700	42.625
13710	34.5171
13720	44.5171
13730	41.6952
13740	41.1855
13750	38.7942
13760	48.7942
13770	40.8085
13780	33.8993
13790	43.8993
13800	39.024
13810	33.9884
13820	43.9884
13830	36.0663
13840	35.9365
13850	45.9365
13860	43.2092
13870	38.1442
13880	48.1442
13890	40.2049
13900	39.1288
13910	37.3541
13920	47.3541
13930	42.3821
13940	34.9399
13950	44.9399
13960	33.8725
13970	33.7389
13980	43.7389
13990	40.9584
14000	36.152
14010	46.152
14020	38.0525
14030	37.8628
14040	47.8628
14050	44.9234
14060	40.1797
14070	50.1797
14080	42.1568
14090	39.2341
14100	37.2225
14110	47.2225
14120	42.1352
14130	35.0392
14140	45.0392
14150	34.1615
14160	33.6532
14170	43.6532
14180	40.5988
14190	36.0381
14200	46.0381
14210	38.2138
14220	37.6699
14230	47.6699
14240	44.6209
14250	40.0098
14260	50.0098
14270	42.2301
14280	39.5103
14290	49.5103
14300	45.4795
14310	40.3272
14320	50.3272
14330	40.6972
14340	30.0454
14350	40.0454
14360	39.3517
14370	36.4376
14380	46.4376
14390	41.669
14400	33.9115
14410	43.9115
14420	43.2942
14430	40.4547
14440	50.4547
14450	45.6399
14460	37.8621
14470	47.8621
14480	44.6502
14490	41.8107
14500	37.6543
14510	47.6543
14520	39.8765
14530	30.1235
14540	40.1235
14550	37.2699
14560	35.3915
14570	33.0422
14580	30.7691
14590	40.7691
14600	38.8409
14610	35.8246
14620	45.8246
14630	43.6511
14640	41.4307
14650	36.451
14660	34.6964
14670	31.5563
14680	41.5563
14690	37.04
14700	32.1565
14710	42.1565
14720	38.0765
14730	34.8377
14740	44.8377
14750	39.877
14760	33.0539
14770	43.0539
14780	42.0539
14790	39.7339
14800	49.7339
14810	41.7339
14820	37.3339
14830	47.3339
14840	44.1391
14850	41.9693
14860	37.0004
14870	47.0004
14880	41.1927
14890	34.2231
14900	31.0713
14910	26.1594
14920	36.1594
14930	36.4997
14940	35.874
14950	34.0218
14960	44.0218
14970	38.5434
14980	36.5147
14990	34.5462
15000	44.5462
15010	42.1362
15020	41.378
15030	38.1496
15040	33.189
15050	43.189
15060	33.9764
15070	33.3465
15080	43.3465
15090	38.383
15100	32.9937
15110	30.9565
15120	32.0308
15130	30.049
15140	40.049
15150	39.1701
15160	37.135
15170	35.042
15180	45.042
15190	42.5537
15200	41.3186
15210	38.256
15220	33.1666
15230	43.1666
15240	33.9817
15250	33.3205
15260	31.2741
15270	41.2741
15280	35.8687
15290	33.8996
15300	31.8533
15310	41.8533
15320	39.406
15330	38.4291
15340	48.4291
15350	43.3164
15360	36.644
15370	46.644
15380	45.5556
15390	42.4521
15400	37.318
15410	47.318
15420	39.3103
15430	32.682
15440	30.5747
15450	40.5747
15460	35.2874
15470	35.7854
15480	45.7854
15490	40.6513
15500	36.2521
15510	46.2521
15520	43.0951
15530	38.7723
15540	48.7723
15550	40.738
15560	39.735
15570	37.2356
15580	47.2356
15590	41.8276
15600	35.1004
15610	45.1004
15620	33.8778
15630	33.2088
15640	43.2088
15650	40.0593
15660	35.7852
15670	45.7852
15680	37.4456
15690	36.8041
15700	46.8041
15710	43.672
15720	39.4079
15730	49.4079
15740	41.0683
15750	39.5849
15760	37.1698
15770	47.1698
15780	41.8491
15790	35.2075
15800	45.2076
15810	33.8113
15820	33.1698
15830	43.1698
15840	40.0377
15850	35.7736
15860	45.7736
15870	37.45
15880	36.7674
15890	46.7674
15900	43.5574
15910	39.3769
15920	49.3769
15930	41.1747
15940	39.7378
15950	37.1536
15960	47.1536
15970	41.6854
15980	51.6854
15990	42.8248
16000	31.561
16010	41.5611
16020	39.0289
16030	35.851
16040	45.851
16050	40.6093
16060	34.2153
16070	44.2153
16080	43.509
16090	40.3491
16100	50.3491
16110	42.0794
16120	37.9901
16130	47.9901
16140	45.503
16150	42.4225
16160	37.3022
16170	31.0975
16180	26.8814
16190	36.8814
16200	34.8667
16210	31.6923
16220	41.6923
16230	39.805
16240	37.2605
16250	32.1401
16260	31.1911
16270	31.7004
16280	41.7004
16290	39.6034
16300	38.7899
16310	48.7899
16320	45.6894
16330	41.5076
16340	51.5076
16350	43.3699
16360	39.7302
16370	49.7302
16380	45.2504
16390	39.8556
16400	49.8556
16410	41.0898
16420	29.882
16430	39.882
16440	39.0763
16450	35.7287
16460	45.7287
16470	40.6381
16480	34.2369
16490	44.2369
16500	43.0107
16510	40.4824
16520	50.4824
16530	42.4994
16540	38.3867
16550	48.3867
16560	46.0716
16570	40.3982
16580	35.5077
16590	31.0294
16600	41.0294
16610	34.6737
16620	32.8009
16630	42.8009
16640	37.2123
16650	36.1876
16660	46.1876
16670	41.3466
16680	35.0215
16690	45.0215
16700	41.6787
16710	39.7788
16720	36.954
16730	35.2202
16740	33.7895
16750	31.8596
16760	41.8596
16770	36.386
16780	34.6316
16790	31.8596
16800	26.9474
16810	28.1053
16820	38.1053
16830	36.3509
16840	34.4211
16850	44.4211
16860	41.6491
16870	38.386
16880	48.386
16890	43.4737
16900	37.0175
16910	47.0175
16920	45.6491
16930	42.386
16940	37.7914
16950	47.7914
16960	36.9382
16970	30.3938
16980	40.3938
16990	37.1716
17000	35.2835
17010	32.5562
17020	30.6681
17030	40.6681
17040	38.78
17050	35.5632
17060	45.5632
17070	43.6917
17080	40.8789
17090	36.0601
17100	34.7387
17110	31.5679
17120	41.5679
17130	37.3519
17140	32.5436
17150	42.5436
17160	37.77
17170	34.5993
17180	44.5993
17190	39.7825
17200	33.168
17210	43.168
17220	42.1339
17230	39.033
17240	49.033
17250	41.1845
17260	36.8172
17270	46.8172
17280	45.5774
17290	42.5324
17300	37.7059
17310	47.7059
17320	39.428
17330	32.5572
17340	30.7359
17350	40.7359
17360	35.3754
17370	35.7233
17380	45.7233
17390	41.0213
17400	36.3489
17410	46.3489
17420	43.2431
17430	38.7079
17440	48.7079
17450	41.122
17460	40.0364
17470	37.1636
17480	47.1636
17490	41.7082
17500	34.752
17510	44.752
17520	34.3155
17530	33.3262
17540	43.3262
17550	40.0889
17560	35.4761
17570	45.4761
17580	38.0611
17590	36.9735
17600	46.9735
17610	43.6401
17620	39.0947
17630	49.0947
17640	41.7209
17650	40.1684
17660	37.2075
17670	47.2075
17680	41.6166
17690	34.694
17700	44.694
17710	34.5195
17720	33.2821
17730	43.2821
17740	39.8372
17750	35.3891
17760	45.3891
17770	38.1315
17780	36.8947
17790	46.8947
17800	43.4656
17810	39.0423
17820	49.0423
17830	41.6637
17840	40.2335
17850	37.1737
17860	47.1737
17870	41.5634
17880	51.5634
17890	42.2346
17900	31.9864
17910	41.9864
17920	38.9938
17930	35.6898
17940	45.6898
17950	41.0448
17960	33.617
17970	43.617
17980	42.4915
17990	39.1856
18000	49.1856
18010	44.6638
18020	37.2176
18030	47.2176
18040	45.369
18050	41.947
18060	37.0723
18070	47.0723
18080	39.6848
18090	30.4108
18100	40.4108
18110	36.8323
18120	35.2739
18130	32.3115
18140	30.2977
18150	40.2977
18160	38.8866
18170	34.4656
18180	34.8863
18190	44.8863
18200	41.9713
18210	40.4404
18220	50.4404
18230	43.1932
18240	38.8606
18250	48.8606
18260	46.0323
18270	42.0968
18280	52.0968
18290	45.5484
18300	35.4516
18310	45.4516
18320	36.3548
18330	32.4268
18340	30.9225
18350	29.9197
18360	39.9197
18370	37.9088
18380	36.3703
18390	31.9473
18400	32.8127
18410	33.1973
18420	43.1973
18430	41.6588
18440	37.2244
18450	36.2414
18460	34.2414
18470	31.4733
18480	29.8439
18490	39.8439
18500	33.7424
18510	31.7738
18520	30.0857
18530	40.0857
18540	37.3647
18550	35.8998
18560	45.8998
18570	41.5686
18580	33.9889
18590	43.9889
18600	42.524
18610	39.817
18620	49.817
18630	45.4713
18640	37.9065
18650	47.9065
18660	44.1748
18670	41.5636
18680	38.8889
18690	34.2857
18700	44.2857
18710	34.9841
18720	31.2698
18730	41.2698
18740	36.6667
18750	34
18760	31.9365
18770	30.5079
18780	28.8254
18790	38.8254
18800	39.18
18810	38.3325
18820	48.3325
18830	43.6465
18840	37.6805
18850	35.6552
18860	34.8073
18870	33.021
18880	30.4182
18890	40.4182
18900	36.8061
18910	32.4528
18920	42.4528
18930	34.7355
18940	33.9036
18950	43.9036
18960	40.3542
18970	36.0595
18980	46.0595
18990	38.3977
19000	37.4119
19010	47.4119
19020	43.9048
19030	39.6548
19040	49.6548
19050	42.0042
19060	40.1104
19070	50.1104
19080	45.2624
19090	39.5963
19100	49.5963
19110	40.7201
19120	30.0287
19130	40.0287
19140	38.8705
19150	35.4875
19160	45.4875
19170	40.6169
19180	34.1724
19190	44.1724
19200	43.0703
19210	39.6138
19220	49.6138
19230	41.7061
19240	37.6754
19250	47.6754
19260	45.9385
19270	42.4615
19280	37.6865
19290	47.6865
19300	36.8362
19310	30.5142
19320	40.5142
19330	36.948
19340	35.0825
19350	32.0244
19360	30.4036
19370	40.4036
19380	38.5382
19390	34.9602
19400	44.9602
19410	43.2926
19420	40.2516
19430	35.4559
19440	34.1754
19450	44.1754
19460	42.5624
19470	38.4899
19480	33.7284
19490	43.7284
19500	38.7316
19510	32.9787
19520	42.9787
19530	38.2433
19540	31.8209
19550	41.8209
19560	40.535
19570	37.0716
19580	47.0716
19590	39.4353
19600	35.2534
19610	45.2534
19620	43.9807
19630	40.5262
19640	50.5262
19650	42.8898
19660	38.708
19670	48.708
19680	46.0303
19690	42.5758
19700	52.5758
19710	45.6735
19720	35.1173
19730	45.1173
19740	36.1113
19750	32.692
19760	30.9699
19770	29.7312
19780	39.7312
19790	37.7977
19800	36.0756
19810	46.0756
19820	40.4261
19830	39.1874
19840	49.1874
19850	44.8672
19860	37.2841
19870	47.2841
19880	43.8702
19890	41.8127
19900	38.7009
19910	34.0483
19920	44.0483
19930	34.9547
19940	31.5408
19950	29.8187
19960	28.5801
19970	38.5801
19980	36.6465
19990	34.9245
20000	44.9245
20010	39.2803
20020	38.0518
20030	48.0518
20040	43.7589
20050	36.0736
20060	46.0736
20070	42.7108
20080	41.8241
20090	38.6993
20100	33.8936
20110	43.8936
20120	34.9324
20130	31.62
20140	29.8403
20150	39.8403
20160	36.5736
20170	34.7041
20180	32.9534
20190	42.9534
20200	37.3747
20210	37.8792
20220	47.8792
20230	43.1908
20240	36.5668
20250	46.5668
20260	43.2288
20270	41.5068
20280	38.2372
20290	36.2549
20300	46.2549
20310	29.8106
20320	39.8106
20330	34.2781
20340	32.2959
20350	29.0414
20360	26.1538
20370	36.1538
20380	35.0592
20390	33.0769
20400	31.3609
20410	41.3609
20420	38.1065
20430	37.0118
20440	47.0118
20450	42.6331
20460	35.0592
20470	45.0592
20480	43.7016
20490	40.3512
20500	50.3512
20510	45.998
20520	38.4638
20530	48.4638
20540	45.5467
20550	42.1059
20560	52.1059
20570	45.1348
20580	37.6522
20590	47.6522
20600	36
20610	32.5882
20620	30.9412
20630	29.6471
20640	39.6471
20650	37.5882
20660	35.9397
20670	45.9397
20680	40.3396
20690	39.0023
20700	49.0023
20710	44.4882
20720	36.9955
20730	46.9955
20740	43.701
20750	42.0117
20760	38.7464
20770	34.2274
20780	44.2274
20790	33.816
20800	30.5031
20810	30.8008
20820	40.8008
20830	37.616
20840	33.0207
20850	31.8935
20860	29.7548
20870	39.7548
20880	38.0785
20890	36.8068
20900	46.8068
20910	43.4542
20920	38.8877
20930	48.8877
20940	41.3733
20950	40.3757
20960	37.2254
20970	47.2254
20980	41.6474
20990	34.6532
21000	44.6532
21010	34.2197
21020	32.9467
21030	42.9467
21040	39.6343
21050	35.0437
21060	45.0437
21070	37.5111
21080	36.1631
21090	46.1631
21100	42.9052
21110	38.3563
21120	48.3563
21130	40.8027
21140	39.3833
21150	49.3833
21160	46.0548
21170	41.6084
21180	51.6084
21190	43.9919
21200	40.424
21210	37.1871
21220	47.1871
21230	41.5175
21240	51.5175
21250	42.3772
21260	31.7457
21270	41.7457
21280	38.5147
21290	35.0536
21300	45.0536
21310	40.7645
21320	33.1175
21330	43.1175
21340	41.6889
21350	38.2435
21360	48.2435
21370	43.9578
21380	36.3009
21390	46.3009
21400	45.6521
21410	42.3374
21420	36.6793
21430	46.6793
21440	38.9197
21450	29.9332
21460	39.9332
21470	38.4531
21480	35.0745
21490	45.0745
21500	37.3586
21510	33.1525
21520	43.1525
21530	41.6205
21540	38.25
21550	48.25
21560	40.5399
21570	36.3449
21580	46.3449
21590	44.8326
21600	41.3607
21610	51.3607
21620	43.6997
21630	39.5442
21640	49.5442
21650	46.3278
21660	42.8059
21670	52.8059
21680	44.8476
21690	34.3017
21700	44.3017
21710	35.4287
21720	33.8318
21730	32.1513
21740	28.6052
21750	38.6052
21760	36.7595
21770	35.079
21780	45.079
21790	41.5804
21800	38.0298
21810	48.0298
21820	43.8312
21830	36.3386
21840	46.3386
21850	45.868
21860	42.2253
21870	36.456
21880	46.456
21890	38.9835
21900	30.0824
21910	40.0824
21920	38.3637
21930	34.8577
21940	44.8577
21950	37.4147
21960	33.2693
21970	43.2693
21980	41.4183
21990	37.9493
22000	47.9493
22010	40.554
22020	36.4473
22030	46.4473
22040	44.4724
22050	41.0608
22060	51.0608
22070	43.7709
22080	39.6349
22090	49.6349
22100	46.478
22110	42.4493
22120	52.4493
22130	44.5937
22140	34.5218
22150	44.5218
22160	35.7027
22170	33.7027
22180	32.2432
22190	28.7838
22200	38.7838
22210	37.027
22220	35.5714
22230	45.5714
22240	41.5175
22250	38.0792
22260	48.0792
22270	44.006
22280	36.867
22290	46.867
22300	46.0722
22310	41.9402
22320	36.1859
22330	46.1859
22340	39.1051
22350	30.3788
22360	40.3788
22370	38.3417
22380	34.7529
22390	44.7529
22400	37.7981
22410	33.6835
22420	43.6835
22430	41.7032
22440	38.1315
22450	48.1315
22460	41.2086
22470	36.9827
22480	46.9828
22490	45.0537
22500	41.5461
22510	51.5461
22520	44.554
22530	40.2448
22540	50.2448
22550	46.3815
22560	42.5417
22570	52.5417
22580	44.6316
22590	34.7443
22600	44.7443
22610	35.5523
22620	33.6547
22630	32.3458
22640	28.988
22650	38.988
22660	36.97
22670	35.6283
22680	45.6283
22690	41.6247
22700	38.3464
22710	48.3464
22720	43.9869
22730	36.8906
22740	46.8906
22750	45.9247
22760	41.9221
22770	36.4675
22780	46.4675
22790	39.3247
22800	30.2078
22810	40.2078
22820	38.1933
22830	34.9563
22840	44.9563
22850	37.8408
22860	33.5322
22870	43.5322
22880	41.4079
22890	38.1954
22900	48.1954
22910	41.097
22920	36.7965
22930	46.7965
22940	44.6614
22950	41.4244
22960	51.4244
22970	44.3803
22980	40.1375
22990	50.1375
23000	46.5474
23010	42.3037
23020	52.3037
23030	44.5928
23040	34.6609
23050	44.6609
23060	35.7326
23070	33.5502
23080	32.1473
23090	28.8325
23100	38.8325
23110	37.0346
23120	35.65
23130	45.65
23140	41.4705
23150	38.0859
23160	48.0859
23170	43.9321
23180	36.866
23190	46.866
23200	44.6872
23210	41.3622
23220	51.3622
23230	47.1674
23240	40.2154
23250	50.2154
23260	46.0321
23270	41.7302
23280	36.2845
23290	46.2845
23300	39.2768
23310	30.4455
23320	40.4455
23330	38.1609
23340	34.8531
23350	44.8531
23360	37.8934
23370	33.7798
23380	43.7798
23390	41.4522
23400	38.1713
23410	48.1713
23420	41.2869
23430	37.116
23440	47.116
23450	44.7542
23460	41.4879
23470	51.4879
23480	44.6084
23490	40.4476
23500	50.4476
23510	46.603
23520	42.2052
23530	52.2052
23540	44.386
23550	34.7314
23560	44.7314
23570	35.8513
23580	33.5563
23590	32.2845
23600	28.9622
23610	38.9622
23620	37.1169
23630	35.845
23640	45.845
23650	41.5308
23660	38.2141
23670	48.2141
23680	43.9996
23690	37.0919
23700	47.0919
23710	46.1097
23720	41.7955
23730	36.2594
23740	46.2593
23750	39.3516
23760	30.399
23770	40.399
23780	38.1297
23790	34.813
23800	44.813
23810	37.9052
23820	33.6908
23830	43.6908
23840	41.425
23850	38.0754
23860	48.0754
23870	41.1936
23880	37.0068
23890	47.0068
23900	44.7716
23910	41.3482
23920	51.3482
23930	44.5083
23940	40.2402
23950	50.2402
23960	46.5528
23970	42.3267
23980	52.3267
23990	44.5015
24000	34.8227
24010	44.8227
24020	35.679
24030	33.5309
24040	32.2716
24050	28.9383
24060	38.9383
24070	36.963
24080	35.7106
24090	45.7106
24100	41.5012
24110	38.1201
24120	48.1201
24130	43.8145
24140	37.0086
24150	47.0086
24160	44.7727
24170	41.3575
24180	51.3575
24190	47.0577
24200	40.2553
24210	50.2553
24220	46.1738
24230	41.9161
24240	36.1794
24250	46.1794
24260	39.5424
24270	29.9653
24280	39.9653
24290	37.7962
24300	34.2038
24310	44.2038
24320	40.0087
24330	33.1794
24340	43.1794
24350	41.0331
24360	37.4233
24370	47.4233
24380	43.2192
24390	36.4131
24400	46.4131
24410	44.3031
24420	40.6311
24430	50.6311
24440	46.3632
24450	39.586
24460	49.586
24470	46.1927
24480	42.1137
24490	52.1137
24500	43.8983
24510	37.0494
24520	47.0494
24530	35.7078
24540	33.5821
24550	43.5821
24560	39.9562
24570	33.1513
24580	43.1513
24590	38.9168
24600	36.6929
24610	46.6929
24620	43.1297
24630	36.3937
24640	46.3937
24650	42.1433
24660	39.9179
24670	49.9179
24680	46.2881
24690	39.4972
24700	37.3258
24710	33.1294
24720	30.9454
24730	40.9454
24740	37.2076
24750	30.4535
24760	40.4535
24770	36.2769
24780	34.105
24790	44.105
24800	40.358
24810	33.6038
24820	43.6038
24830	39.4272
24840	37.2554
24850	47.2554
24860	43.5149
24870	36.7819
24880	46.7819
24890	42.5602
24900	40.3234
24910	50.3234
24920	46.645
24930	39.943
24940	49.943
24950	45.7115
24960	42.0921
24970	52.0921
24980	45.7707
24990	39.004
25000	30.819
25010	26.6211
25020	36.6211
25030	35.4627
25040	33.1228
25050	43.1228
25060	39.517
25070	35.3499
25080	45.3499
25090	38.5256
25100	36.2142
25110	46.2142
25120	42.6293
25130	38.4784
25140	48.4784
25150	41.6388
25160	39.3275
25170	49.3274
25180	45.7425
25190	41.5916
25200	51.5916
25210	44.752
25220	41.25
25230	36.8868
25240	46.8868
25250	41.0377
25260	51.0377
25270	42.1698
25280	32.5151
25290	42.5151
25300	38.164
25310	34.5977
25320	44.5977
25330	40.4773
25340	33.5394
25350	43.5394
25360	41.2691
25370	37.6526
25380	47.6526
25390	43.5653
25400	36.6639
25410	46.6639
25420	44.4104
25430	40.7484
25440	50.7484
25450	46.6639
25460	39.7691
25470	49.7691
25480	46.3272
25490	42.0648
25500	36.0686
25510	46.0686
25520	39.5561
25530	29.9299
25540	39.9299
25550	37.7336
25560	33.9953
25570	43.9953
25580	39.8364
25590	33.014
25600	43.014
25610	40.8178
25620	37.0794
25630	47.0794
25640	42.9206
25650	36.0981
25660	46.0981
25670	43.9019
25680	40.1636
25690	50.1636
25700	46.0085
25710	39.1972
25720	49.1972
25730	46.3512
25740	42.1445
25750	52.1445
25760	43.7063
25770	36.9263
25780	46.9263
25790	35.7512
25800	33.5999
25810	43.5999
25820	39.6553
25830	32.906
25840	42.906
25850	38.8402
25860	36.7335
25870	46.7335
25880	42.7119
25890	35.9063
25900	45.9063
25910	41.8785
25920	39.7952
25930	49.7952
25940	45.7674
25950	38.9619
25960	37.2222
25970	33.1944
25980	31.1111
25990	41.1111
26000	37.0866
26010	30.2544
26020	40.2544
26030	36.2461
26040	34.1841
26050	44.1841
26060	40.1814
26070	33.2968
26080	43.2968
26090	39.2573
26100	37.2444
26110	47.2443
26120	43.1786
26130	36.3246
26140	46.3246
26150	42.275
26160	40.2961
26170	50.2961
26180	46.2626
26190	39.3097
26200	49.3097
26210	45.2923
26220	42.1345
26230	52.1345
26240	46.2041
26250	39.1893
26260	30.471
26270	26.4856
26280	36.4856
26290	35.1614
26300	33.2441
26310	43.2441
26320	39.1457
26330	35.1896
26340	45.1896
26350	38.12
26360	36.2298
26370	46.2298
26380	42.1635
26390	38.2391
26400	48.2391
26410	41.0719
26420	39.2083
26430	49.2083
26440	45.1628
26450	41.2537
26460	51.2538
26470	44.0719
26480	41.0457
26490	37.1897
26500	47.1897
26510	40.8362
26520	50.8362
26530	42.3442
26540	32.2318
26550	42.2318
26560	38.3064
26570	34.3429
26580	44.3429
26590	39.8959
26600	33.7699
26610	43.7699
26620	41.8735
26630	37.9597
26640	47.9597
26650	40.6948
26660	36.8123
26670	46.8123
26680	44.9693
26690	41.0396
26700	51.0396
26710	43.7289
26720	39.9059
26730	49.9059
26740	46.7169
26750	42.8733
26760	36.6104
26770	46.6104
26780	36.4509
26790	30.3571
26800	40.3571
26810	38.4375
26820	34.5089
26830	44.5089
26840	37.2366
26850	33.4507
26860	43.4507
26870	41.465
26880	37.5607
26890	47.5607
26900	40.3314
26910	36.547
26920	46.547
26930	44.4712
26940	40.6219
26950	50.6219
26960	43.4689
26970	39.6127
26980	49.6127
26990	46.8262
27000	42.6402
27010	52.6402
27020	44.2605
27030	34.3298
27040	44.3298
27050	35.7445
27060	33.5747
27070	43.5747
27080	39.8277
27090	32.7824
27100	42.7824
27110	38.7864
27120	36.5665
27130	46.5665
27140	42.8497
27150	35.8418
27160	45.8418
27170	41.8217
27180	39.5737
27190	49.5737
27200	45.8869
27210	38.9163
27220	37.2855
27230	33.1646
27240	30.9434
27250	40.9434
27260	36.8333
27270	30.8739
27280	29.0711
27290	28.912
27300	27.6457
27310	37.6457
27320	36.1858
27330	34.4036
27340	33.0965
27350	43.0965
27360	38.9029
27370	37.465
27380	47.465
27390	43.3474
27400	36.3539
27410	46.3539
27420	44.197
27430	40.4715
27440	50.4715
27450	46.357
27460	39.3733
27470	49.3733
27480	46.3349
27490	42.1722
27500	52.1722
27510	43.7425
27520	36.7989
27530	46.7989
27540	35.6893
27550	33.5812
27560	43.5812
27570	39.655
27580	32.7352
27590	42.7352
27600	38.6788
27610	36.5747
27620	46.5747
27630	42.6485
27640	35.7287
27650	45.7287
27660	41.6723
27670	39.5682
27680	49.5682
27690	45.642
27700	38.7222
27710	48.7222
27720	44.6658
27730	42.1909
27740	38.0694
27750	48.0694
27760	41.1308
27770	32.5278
27780	28.5119
27790	28.4687
27800	27.1506
27810	37.1506
27820	35.4971
27830	33.7861
27840	32.493
27850	42.493
27860	38.4641
27870	36.8066
27880	46.8066
27890	42.6697
27900	35.787
27910	45.787
27920	43.8128
27930	39.7784
27940	49.7784
27950	45.6153
27960	38.7484
27970	48.7484
27980	46.3734
27990	42.4034
28000	52.4034
28010	43.691
28020	36.824
28030	46.824
28040	35.5794
28050	33.6052
28060	43.6052
28070	39.5708
28080	32.7039
28090	42.7039
28100	38.5408
28110	36.5687
28120	46.5687
28130	42.5469
28140	35.701
28150	45.701
28160	41.5657
28170	39.6213
28180	49.6213
28190	45.6419
28200	38.7783
28210	48.7783
28220	44.5835
28230	42.0043
28240	38.1237
28250	34.0512
28260	44.0512
28270	35.4584
28280	31.26
28290	30.0104
28300	40.0104
28310	36.0718
28320	34.4731
28330	44.4731
28340	40.3029
28350	33.4518
28360	43.4518
28370	41.4518
28380	37.5369
28390	47.5369
28400	43.3697
28410	36.4942
28420	46.4942
28430	44.5095
28440	40.6173
28450	50.6173
28460	46.4704
28470	39.5469
28480	49.5469
28490	46.2834
28500	42.352
28510	52.352
28520	43.7632
28530	36.8909
28540	46.8909
28550	35.5655
28560	33.6127
28570	43.6127
28580	39.7481
28590	32.8809
28600	42.8809
28610	38.5932
28620	36.5556
28630	46.5556
28640	42.7481
28650	35.928
28660	45.928
28670	41.6183
28680	39.5681
28690	49.5681
28700	45.7654
28710	38.9153
28720	48.9153
28730	44.6256
28740	42.0501
28750	38.0167
28760	48.0167
28770	41.1065
28780	32.7349
28790	28.4551
28800	28.4342
28810	27.1608
28820	37.1608
28830	35.6785
28840	33.7787
28850	32.5052
28860	42.5052
28870	38.476
28880	36.9904
28890	46.9904
28900	42.6856
28910	35.814
28920	45.814
28930	43.8331
28940	39.987
28950	49.987
28960	45.6418
28970	38.8019
28980	48.8019
28990	46.2994
29000	42.3297
29010	52.3297
29020	43.8792
29030	37.0911
29040	47.0911
29050	34.6688
29060	32.7103
29070	42.7103
29080	38.9048
29090	34.4824
29100	44.4824
29110	37.7093
29120	35.6617
29130	45.6617
29140	41.8847
29150	37.4198
29160	47.4198
29170	40.6814
29180	38.6607
29190	48.6607
29200	44.8726
29210	40.4033
29220	50.4033
29230	43.6177
29240	41.2145
29250	37.2187
29260	47.2187
29270	41.1035
29280	34.2739
29290	44.2739
29300	34.7331
29310	32.6748
29320	42.6748
29330	38.8329
29340	34.3661
29350	44.3661
29360	37.679
29370	35.6544
29380	45.6544
29390	41.7894
29400	37.3109
29410	47.3109
29420	40.6238
29430	38.5992
29440	48.5992
29450	44.7342
29460	40.2557
29470	50.2557
29480	43.5604
29490	41.284
29500	37.279
29510	47.279
29520	41.1493
29530	34.1955
29540	44.1955
29550	34.6679
29560	32.6993
29570	42.6993
29580	38.8328
29590	34.3142
29600	44.3142
29610	37.6069
29620	35.6557
29630	45.6557
29640	41.7532
29650	37.241
29660	47.241
29670	40.5235
29680	38.5791
29690	48.5791
29700	44.6941
29710	40.2049
29720	50.2049
29730	43.4036
29740	41.2142
29750	37.2665
29760	47.2665
29770	41.1238
29780	51.1238
29790	41.8788
29800	32.2222
29810	42.2222
29820	38.2222
29830	34.404
29840	44.404
29850	39.9842
29860	33.1464
29870	43.1464
29880	41.0835
29890	37.2881
29900	47.2881
29910	42.8792
29920	36.0754
29930	46.0754
29940	43.9944
29950	40.2268
29960	50.2268
29970	45.7398
29980	38.9591
29990	48.9592
30000	46.3783
30010	42.2938
30020	36.2374
30030	46.2374
30040	39.336
30050	29.7586
30060	39.7586
30070	37.6861
30080	33.9235
30090	43.9235
30100	39.4366
30110	32.6559
30120	42.6559
30130	40.5835
30140	36.8163
30150	46.8163
30160	42.3405
30170	35.5784
30180	45.5784
30190	43.5273
30200	39.6673
30210	49.6673
30220	45.2206
30230	38.492
30240	48.492
30250	46.4357
30260	42.4072
30270	52.4072
30280	43.7854
30290	36.9176
30300	46.9176
30310	34.692
30320	32.7179
30330	42.7179
30340	38.7176
30350	34.1737
30360	44.1737
30370	37.5573
30380	35.6071
30390	45.6071
30400	41.6347
30410	37.0699
30420	47.0699
30430	40.4866
30440	38.5582
30450	48.5582
30460	44.6019
30470	40.0492
30480	50.0492
30490	43.4687
30500	41.2729
30510	37.3623
30520	47.3623
30530	41.0961
30540	34.0504
30550	44.0504
30560	34.7519
30570	32.862
30580	42.862
30590	38.8922
30600	34.1997
30610	44.1997
30620	37.7224
30630	35.8721
30640	45.8721
30650	41.821
30660	37.1411
30670	47.1411
30680	40.6914
30690	38.8571
30700	48.8571
30710	44.7743
30720	40.0997
30730	50.0997
30740	43.6597
30750	41.2778
30760	37.4366
30770	47.4366
30780	41.0518
30790	33.9882
30800	43.9882
30810	34.876
30820	32.977
30830	42.977
30840	38.8939
30850	34.2994
30860	44.2994
30870	37.9403
30880	36.0379
30890	46.0379
30900	41.9542
30910	37.4106
30920	47.4106
30930	41.0081
30940	39.0616
30950	49.0616
30960	45.016
30970	40.4153
30980	50.4153
30990	44.0448
31000	41.3309
31010	37.4232
31020	47.4232
31030	40.9789
31040	50.9789
31050	41.526
31060	32.4799
31070	42.4799
31080	38.6189
31090	34.4441
31100	44.4441
31110	39.9134
31120	33.6443
31130	43.6443
31140	41.7988
31150	37.5404
31160	47.5404
31170	43.0336
31180	36.786
31190	46.786
31200	44.9485
31210	40.6738
31220	50.6738
31230	46.1712
31240	39.9336
31250	49.9336
31260	46.3451
31270	42.0929
31280	36.3336
31290	46.3336
31300	39.4066
31310	30.5054
31320	40.5054
31330	36.283
31340	34.4911
31350	44.4911
31360	39.9246
31370	33.7396
31380	43.7396
31390	39.52
31400	37.7303
31410	47.7303
31420	43.1411
31430	36.9903
31440	46.9903
31450	42.7172
31460	40.9717
31470	50.9717
31480	46.3126
31490	40.2068
31500	50.2068
31510	46.7465
31520	40.1119
31530	50.1119
31540	44.4969
31550	37.363
31560	47.363
31570	35.9614
31580	31.6507
31590	41.6507
31600	39.9329
31610	35.2927
31620	45.2927
31630	39.2902
31640	35.009
31650	45.009
31660	43.2087
31670	38.5461
31680	48.5461
31690	42.6018
31700	38.3703
31710	37.3435
31720	35.1044
31730	45.1044
31740	39.3169
31750	33.3776
31760	29.1466
31770	26.9126
31780	36.9126
31790	36.302
31800	34.399
31810	44.399
31820	40.1875
31830	35.5441
31840	45.5441
31850	39.6721
31860	37.6868
31870	47.6868
31880	43.4258
31890	38.8298
31900	48.8298
31910	42.9992
31920	40.9284
31930	50.9284
31940	46.6973
31950	42.1365
31960	52.1365
31970	46.2845
31980	41.5051
31990	37.3347
32000	47.3347
32010	40.7944
32020	50.7944
32030	41.449
32040	32.8665
32050	42.8665
32060	38.716
32070	34.54
32080	44.54
32090	40.0807
32100	34.0829
32110	44.0829
32120	41.9933
32130	37.7769
32140	47.7769
32150	43.3366
32160	37.3291
32170	47.3291
32180	46.4943
32190	42.4041
32200	35.8438
32210	45.8438
32220	38.9496
32230	30.223
32240	40.223
32250	38.181
32260	33.9934
32270	43.9934
32280	39.5118
32290	33.4757
32300	43.4757
32310	41.456
32320	37.2149
32330	47.2149
32340	42.7602
32350	36.6667
32360	46.6667
32370	44.6615
32380	40.4616
32390	50.4616
32400	45.9982
32410	39.9568
32420	49.9568
32430	46.4088
32440	42.3573
32450	52.3573
32460	43.4991
32470	36.6114
32480	46.6114
32490	35.2594
32500	33.2307
32510	43.2307
32520	39.0473
32530	34.5237
32540	44.5237
32550	38.551
32560	36.5663
32570	46.5663
32580	42.325
32590	37.8381
32600	47.8381
32610	41.8235
32620	39.8673
32630	49.8673
32640	45.6077
32650	41.1288
32660	51.1288
32670	45.1141
32680	41.3711
32690	37.4223
32700	47.4223
32710	40.7861
32720	33.8966
32730	43.8966
32740	35.2352
32750	33.243
32760	43.243
32770	38.9327
32780	34.5065
32790	44.5065
32800	38.5502
32810	36.5283
32820	46.5283
32830	42.2114
32840	37.7823
32850	47.7823
32860	41.8065
32870	39.8087
32880	49.8087
32890	45.5376
32900	41.0534
32910	51.0534
32920	45.0793
32930	41.3794
32940	37.3736
32950	47.3736
32960	40.8123
32970	33.8809
32980	43.8809
32990	35.3069
33000	33.2852
33010	43.2852
33020	39.0975
33030	34.5848
33040	44.5848
33050	38.6643
33060	36.6426
33070	46.6426
33080	42.4549
33090	37.9422
33100	47.9422
33110	42.0217
33120	40
33130	50
33140	45.8182
33150	41.2898
33160	51.2898
33170	45.338
33180	41.3583
33190	37.3741
33200	47.3741
33210	40.8813
33220	50.8813
33230	41.4568
33240	32.8237
33250	42.8237
33260	38.8521
33270	34.6894
33280	44.6894
33290	40.138
33300	34.1902
33310	44.1902
33320	42.2236
33330	38.0207
33340	48.0207
33350	43.4426
33360	37.5466
33370	47.5466
33380	46.424
33390	42.3786
33400	35.8735
33410	45.8735
33420	38.8856
33430	30.303
33440	40.303
33450	38.2175
33460	34.0998
33470	44.0998
33480	39.5544
33490	33.6185
33500	43.6185
33510	41.5256
33520	37.4221
33530	47.4221
33540	42.8428
33550	36.9513
33560	46.9513
33570	44.7922
33580	40.7318
33590	50.7318
33600	46.1474
33610	40.2902
33620	50.2902
33630	46.5078
33640	42.2409
33650	52.2409
33660	43.5328
33670	36.4663
33680	46.4663
33690	35.368
33700	33.1631
33710	43.1631
33720	39.1623
33730	34.4394
33740	44.4394
33750	38.6494
33760	36.4291
33770	46.4291
33780	42.453
33790	37.7402
33800	47.7402
33810	41.978
33820	39.7105
33830	49.7105
33840	45.759
33850	40.9823
33860	50.9823
33870	45.2479
33880	41.574
33890	37.2893
33900	47.2893
33910	41.0426
33920	33.7096
33930	43.7096
33940	35.3494
33950	33.1292
33960	43.1292
33970	39.2316
33980	34.3908
33990	44.3908
34000	38.6119
34010	36.4132
34020	46.4132
34030	42.4471
34040	37.6323
34050	47.6323
34060	41.8408
34070	39.6634
34080	49.6634
34090	45.7095
34100	40.9206
34110	50.9206
34120	45.092
34130	41.5185
34140	37.3379
34150	47.3379
34160	40.9838
34170	33.7428
34180	43.7428
34190	35.3309
34200	33.1346
34210	43.1346
34220	39.1455
34230	34.3427
34240	44.3427
34250	38.6198
34260	36.4443
34270	46.4443
34280	42.409
34290	37.6502
34300	47.6502
34310	41.965
34320	39.7338
34330	49.7338
34340	45.7256
34350	40.9702
34360	50.9702
34370	45.3288
34380	41.6074
34390	37.2576
34400	47.2576
34410	40.9713
34420	50.9713
34430	41.2628
34440	32.9789
34450	42.9789
34460	38.6447
34470	34.6781
34480	44.6781
34490	39.927
34500	34.2519
34510	44.2519
34520	41.9871
34530	37.9741
34540	47.9741
34550	43.1813
34560	37.5332
34570	47.5332
34580	46.536
34590	42.2545
34600	35.9367
34610	45.9367
34620	38.5837
34630	30.3596
34640	40.3596
34650	38.136
34660	34.1702
34670	44.1702
34680	39.2254
34690	33.6298
34700	43.6298
34710	41.4247
34720	37.476
34730	47.476
34740	42.5016
34750	36.9119
34760	46.9119
34770	44.7092
34780	40.7672
34790	50.7672
34800	45.8086
34810	40.1595
34820	50.1595
34830	46.4846
34840	42.2696
34850	52.2696
34860	43.7031
34870	36.2628
34880	46.2628
34890	35.3754
34900	33.1911
34910	43.1911
34920	39.2662
34930	34.3174
34940	44.3174
34950	38.6568
34960	36.4797
34970	46.4797
34980	42.571
34990	37.557
35000	47.557
35010	41.9279
35020	39.7788
35030	49.7788
35040	45.8402
35050	40.7715
35060	50.7715
35070	45.1719
35080	41.5501
35090	37.4181
35100	47.4181
35110	41.1564
35120	33.5894
35130	43.5894
35140	35.3284
35150	33.238
35160	43.238
35170	39.3266
35180	34.201
35190	44.201
35200	38.5766
35210	36.5066
35220	46.5066
35230	42.5292
35240	37.4304
35250	47.4303
35260	41.8037
35270	39.7652
35280	49.7652
35290	45.7311
35300	40.6806
35310	50.6806
35320	45.0642
35330	41.512
35340	37.4742
35350	47.4742
35360	41.0963
35370	33.5603
35380	43.5603
35390	35.4024
35400	33.3305
35410	43.3305
35420	39.353
35430	34.406
35440	44.406
35450	38.8343
35460	36.7393
35470	46.7393
35480	42.7586
35490	37.8614
35500	47.8614
35510	42.307
35520	40.2235
35530	50.2235
35540	46.2631
35550	41.3126
35560	51.3126
35570	45.768
35580	41.4521
35590	37.3637
35600	47.3637
35610	41.0831
35620	51.0831
35630	41.1643
35640	33.049
35650	43.049
35660	38.8645
35670	34.9271
35680	44.9271
35690	40.0012
35700	34.4823
35710	44.4823
35720	42.3241
35730	38.3867
35740	48.3867
35750	43.4609
35760	37.9419
35770	47.9419
35780	46.4086
35790	42.2241
35800	35.9638
35810	45.9638
35820	38.5502
35830	30.4448
35840	40.4448
35850	38.2775
35860	34.3466
35870	44.3466
35880	39.4358
35890	33.9369
35900	43.9369
35910	41.7001
35920	37.7856
35930	47.7856
35940	42.8843
35950	37.3908
35960	47.3908
35970	45.1449
35980	41.2369
35990	51.2369
36000	46.3506
