10	10
20	2
30	2
40	2
50	2
60	2
70	2
80	2
90	2
100	2
110	2
120	2
130	5.33333
140	15.3333
150	19.6667
160	20.6667
170	30.6667
180	26.6667
190	23.3333
200	20
210	30
220	26.6667
230	23.3333
240	20
250	30
260	26.6667
270	23.3333
280	33.3333
290	26.6667
300	23.3333
310	33.3333
320	27.4167
330	25.6667
340	24.75
350	34.75
360	32.5
370	30
380	40
390	35
400	30
410	40
420	35
430	30
440	40
450	34.4167
460	30.8333
470	40.8333
480	32.75
490	29.4167
500	26.6905
510	27.0476
520	37.0476
530	31.8571
540	27.1429
550	25.7143
560	35.7143
570	34.2857
580	32.8571
590	42.8571
600	35.7143
610	28.5714
620	38.5714
630	31.6786
640	30.8571
650	40.8571
660	33.2679
670	31.25
680	41.25
690	36.25
700	31.25
710	41.25
720	28.75
730	28.75
740	28.7778
750	27.7083
760	37.7083
770	30.25
780	28.8889
790	27.7778
800	26.6889
810	23.7222
820	33.7222
830	30.2
840	30
850	28
860	38
870	33.65
880	29.5
890	39.5
900	35.65
910	30
920	40
930	34.5962
940	29.9231
950	39.9231
960	35.6346
970	31.5385
980	41.5385
990	33.2308
1000	29.6648
1010	39.6648
1020	36.4286
1030	30
1040	40
1050	32.8571
1060	30
1070	40
1080	35.7143
1090	30.7143
1100	40.7143
1110	33.3839
1120	30.9821
1130	40.9821
1140	32.8482
1150	30.3482
1160	26.886
1170	36.886
1180	34.7721
1190	31.989
1200	41.989
1210	34.1765
1220	32.2941
1230	42.2941
1240	38.402
1250	37.1765
1260	33.8431
1270	43.8431
1280	38.5784
1290	37.4673
1300	47.4673
1310	40.8007
1320	37.4673
1330	47.4673
1340	43.8284
1350	40.1784
1360	37.3284
1370	35.6333
1380	34
1390	44
1400	36.6167
1410	29.319
1420	39.319
1430	37.9095
1440	34.5762
1450	44.5762
1460	40.1067
1470	35.1976
1480	45.1976
1490	39.1067
1500	32.9595
1510	42.9595
1520	39.265
1530	36.505
1540	36.0541
1550	34.2068
1560	33.0068
1570	43.0068
1580	37.0806
1590	37.2985
1600	35.3785
1610	31.3108
1620	41.3108
1630	35.9262
1640	33.6185
1650	43.6185
1660	38.9601
1670	35.3704
1680	45.3704
1690	37.4786
1700	29.7009
1710	39.7009
1720	38.8963
1730	36.623
1740	46.623
1750	41.1057
1760	36.8306
1770	46.8306
1780	41.2617
1790	37.4384
1800	47.4384
1810	38.7013
1820	36.3085
1830	35.1585
1840	35.4835
1850	32.9228
1860	42.9228
1870	38.637
1880	38.8603
1890	36.0222
1900	46.0222
1910	42.4698
1920	36.7143
1930	46.7143
1940	37.3538
1950	27.1871
1960	37.1871
1970	36.5029
1980	35.3377
1990	31.6535
2000	41.6535
2010	33.2325
2020	32.9693
2030	42.9693
2040	40.0746
2050	37.1798
2060	33.4956
2070	27.7061
2080	37.7061
2090	37.443
2100	47.443
2110	44.5482
2120	41.6996
2130	51.6996
2140	43.6075
2150	33.6798
2160	43.6798
2170	41.7588
2180	41.2801
2190	38.0332
2200	33.1856
2210	43.1856
2220	41.7317
2230	38.0732
2240	34.4042
2250	44.4042
2260	39.9036
2270	33.8862
2280	43.8862
2290	33.8293
2300	32.4096
2310	42.4096
2320	38.2457
2330	35.1604
2340	31.0364
2350	31.7619
2360	41.7619
2370	38.9991
2380	35.3351
2390	45.3351
2400	42.1568
2410	39.7123
2420	49.7123
2430	43.7993
2440	40.6109
2450	50.6109
2460	45.3935
2470	38.8234
2480	36.9601
2490	35.3188
2500	45.3188
2510	39.7246
2520	31.1214
2530	27.2917
2540	27.9167
2550	37.9167
2560	35.4167
2570	31.6667
2580	41.6667
2590	37.9167
2600	35.4167
2610	45.4167
2620	40.4167
2630	36.6667
2640	34.1667
2650	44.1667
2660	38.06
2670	38.805
2680	36.63
2690	46.63
2700	40.09
2710	38.09
2720	48.09
2730	43.09
2740	40.49
2750	50.49
2760	46.09
2770	41.69
2780	51.69
2790	43.7592
2800	40.6938
2810	37.7738
2820	33.0138
2830	43.0138
2840	36.7612
2850	29.5461
2860	39.5461
2870	37.4438
2880	32.6655
2890	42.6655
2900	38.5145
2910	32.6655
2920	32.2881
2930	30.0239
2940	28.7032
2950	38.7032
2960	37.3128
2970	37.0637
2980	35.0404
2990	30.5975
3000	31.143
3010	41.143
3020	41.0693
3030	39.3921
3040	34.6486
3050	33.1372
3060	33.5088
3070	43.5088
3080	40.8772
3090	35.9649
3100	45.9649
3110	37.7193
3120	31.7544
3130	41.7544
3140	36.7453
3150	32.0738
3160	42.0738
3170	38.539
3180	35.0436
3190	45.0436
3200	36.5056
3210	33.916
3220	43.916
3230	40.7516
3240	36.8619
3250	46.8619
3260	38.9762
3270	36.1619
3280	46.1619
3290	42.9508
3300	38.7223
3310	48.7223
3320	41.6151
3330	39.011
3340	49.011
3350	45.8096
3360	41.7024
3370	51.7024
3380	44.862
3390	41.7663
3400	36.5481
3410	32.9663
3420	42.9663
3430	36.7692
3440	30.1664
3450	40.1664
3460	37.3184
3470	33.5876
3480	43.5876
3490	39.1238
3500	32.7276
3510	42.7276
3520	40.0731
3530	36.5487
3540	46.5487
3550	42.195
3560	35.1485
3570	45.1485
3580	42.6818
3590	39.3577
3600	37.5929
3610	47.5929
3620	41.0202
3630	40.2274
3640	37.955
3650	47.955
3660	40.5083
3670	33.0435
3680	43.0435
3690	35.8323
3700	33.7164
3710	43.7164
3720	35.9193
3730	33.0311
3740	43.0311
3750	38.4938
3760	36.5502
3770	46.5502
3780	38.7192
3790	35.3087
3800	45.3087
3810	40.9425
3820	39.1115
3830	49.1115
3840	41.3651
3850	37.8439
3860	47.8439
3870	43.4777
3880	41.6468
3890	51.6467
3900	43.9003
3910	40.3791
3920	38.0282
3930	33.6952
3940	43.6952
3950	38.6131
3960	32.948
3970	42.948
3980	37.2652
3990	33.16
4000	43.16
4010	34.9899
4020	33.4538
4030	43.4538
4040	39.4812
4050	35.5086
4060	45.5086
4070	37.4264
4080	35.9195
4090	45.9195
4100	41.9752
4110	37.8057
4120	47.8057
4130	39.8823
4140	38.5024
4150	48.5024
4160	44.7187
4170	40.1241
4180	50.1241
4190	42.2862
4200	40.8108
4210	37.5676
4220	33.796
4230	43.796
4240	36.8468
4250	29.1438
4260	39.1438
4270	37.2086
4280	33.6206
4290	43.6206
4300	39.2964
4310	31.8276
4320	41.8276
4330	39.2592
4340	35.8381
4350	45.8381
4360	41.6276
4370	34.2592
4380	44.2592
4390	41.6276
4400	38.1662
4410	48.1662
4420	44.0295
4430	36.7889
4440	46.7889
4450	44.305
4460	40.3027
4470	50.3027
4480	46.4187
4490	39.0914
4500	37.2974
4510	34.4223
4520	44.4223
4530	38.5214
4540	33.7252
4550	27.8812
4560	27.2562
4570	37.2562
4580	35.2562
4590	31.7562
4600	41.7562
4610	38.2562
4620	35.5062
4630	45.5062
4640	37.6038
4650	34.0294
4660	44.0294
4670	40.3767
4680	37.4126
4690	47.4126
4700	40.0942
4710	36.4111
4720	46.4111
4730	42.7824
4740	39.3135
4750	49.3135
4760	42.2305
4770	38.759
4780	48.759
4790	44.9392
4800	41.0558
4810	51.0558
4820	44.3116
4830	41.0558
4840	38.7209
4850	34.7674
4860	44.7674
4870	38.4884
4880	31.7442
4890	41.7442
4900	36.2791
4910	32.3256
4920	42.3256
4930	38.3721
4940	31.6279
4950	41.6279
4960	38.3721
4970	34.4186
4980	44.4186
4990	40.4651
5000	33.6878
5010	43.6878
5020	40.4929
5030	36.6303
5040	46.6303
5050	42.2625
5060	36.1545
5070	46.1545
5080	43.0511
5090	39.258
5100	49.258
5110	42.0166
5120	38.2441
5130	48.2441
5140	44.9888
5150	40.9893
5160	50.9893
5170	44.0966
5180	40.6135
5190	50.6135
5200	48.2022
5210	42.4719
5220	35.9551
5230	45.9551
5240	36.3292
5250	30.502
5260	40.502
5270	36.8011
5280	32.8823
5290	42.8823
5300	36.3697
5310	32.603
5320	42.603
5330	38.5484
5340	34.9305
5350	44.9305
5360	38.1563
5370	34.608
5380	44.608
5390	40.4144
5400	36.866
5410	46.866
5420	40.064
5430	36.5917
5440	46.5917
5450	42.5774
5460	38.7635
5470	48.7635
5480	41.7108
5490	38.4477
5500	48.4477
5510	44.5529
5520	40.6582
5530	50.6582
5540	43.5608
5550	40.3345
5560	50.3345
5570	46.5266
5580	42.7429
5590	52.7429
5600	45.2174
5610	42.068
5620	36.6063
5630	33.0247
5640	43.0247
5650	37.2449
5660	29.4898
5670	39.4898
5680	36.0204
5690	32.551
5700	42.551
5710	37.7551
5720	32.0016
5730	30.8112
5740	29.6434
5750	27.9113
5760	37.9113
5770	36.2951
5780	35.1565
5790	33.5263
5800	43.5263
5810	37.7782
5820	36.3691
5830	46.3691
5840	42.0324
5850	36.1297
5860	46.1297
5870	42.549
5880	38.5297
5890	48.5298
5900	41.4709
5910	37.9415
5920	47.9415
5930	44.4121
5940	40.2945
5950	50.2945
5960	43.2356
5970	39.7062
5980	49.7062
5990	46.1768
6000	42.0592
6010	52.0592
6020	45.0386
6030	41.4195
6040	51.4195
6050	48.3028
6060	42.2704
6070	52.2704
6080	43.75
6090	34.244
6100	44.244
6110	35.5994
6120	31.8301
6130	41.8301
6140	38.1049
6150	31.5592
6160	41.5592
6170	37.3848
6180	33.4929
6190	43.4929
6200	39.4996
6210	33.2749
6220	43.2749
6230	39.4155
6240	35.3016
6250	45.3016
6260	41.1334
6270	35.3152
6280	45.3152
6290	41.6789
6300	37.497
6310	47.497
6320	43.3152
6330	37.4639
6340	47.4639
6350	43.8787
6360	39.7714
6370	49.7714
6380	45.7067
6390	39.4905
6400	38.018
6410	34.5045
6420	30.4505
6430	40.4504
6440	36.4089
6450	30.2313
6460	40.2313
6470	36.4688
6480	32.5109
6490	42.5109
6500	38.5824
6510	32.5109
6520	42.5109
6530	38.5824
6540	34.6538
6550	44.6538
6560	40.7252
6570	34.6538
6580	44.6538
6590	40.7252
6600	36.7967
6610	46.7967
6620	42.8925
6630	36.7559
6640	46.7559
6650	42.974
6660	38.8292
6670	48.8292
6680	45.1686
6690	38.7899
6700	48.7899
6710	45.2473
6720	40.828
6730	50.828
6740	47.0491
6750	41.3901
6760	38.6731
6770	34.9861
6780	44.9861
6790	38.2051
6800	31.7949
6810	28.4615
6820	26.9231
6830	27.3504
6840	37.3504
6850	33.6752
6860	32.5641
6870	31.0256
6880	29.0598
6890	28.1197
6900	38.1197
6910	37.0085
6920	35.4779
6930	33.5405
6940	29.9209
6950	30.8079
6960	40.8079
6970	39.3672
6980	37.4933
6990	33.9124
7000	32.6079
7010	33.3672
7020	43.3672
7030	41.3838
7040	37.7563
7050	36.6249
7060	35.1002
7070	45.1002
7080	44.3069
7090	39.5902
7100	33.3695
7110	30.116
7120	26.1951
7130	36.1951
7140	33.988
7150	30.5734
7160	29.6048
7170	27.7654
7180	28.0952
7190	38.0952
7200	34.5248
7210	33.7248
7220	31.7167
7230	29.6675
7240	28.8818
7250	38.8818
7260	38.2246
7270	36.0199
7280	33.8152
7290	30.4294
7300	31.9254
7310	41.9254
7320	39.7207
7330	37.516
7340	34.1301
7350	33.5002
7360	33.7364
7370	43.7364
7380	41.5317
7390	38.1459
7400	37.5071
7410	35.3477
7420	45.3477
7430	44.2254
7440	39.4131
7450	33.5659
7460	30.5426
7470	26.1425
7480	36.1425
7490	33.5659
7500	30.4687
7510	29.6995
7520	27.7764
7530	27.6225
7540	37.6225
7550	34.5456
7560	33.7764
7570	31.8533
7580	29.161
7590	28.7194
7600	38.7194
7610	37.7705
7620	35.9202
7630	33.3248
7640	30.3477
7650	31.4928
7660	41.4928
7670	39.6607
7680	37.0653
7690	34.0882
7700	33.0195
7710	33.5538
7720	43.5538
7730	40.9584
7740	37.9813
7750	36.9126
7760	35.0806
7770	35.0233
7780	45.0233
7790	41.8779
7800	40.5471
7810	37.3485
7820	33.2576
7830	43.2576
7840	35.6448
7850	29.7955
7860	28.8767
7870	27.2226
7880	27.0349
7890	37.0349
7900	33.7718
7910	32.9987
7920	31.1469
7930	28.5543
7940	27.9072
7950	37.9072
7960	36.9933
7970	35.2111
7980	32.7111
7990	29.4758
8000	30.6118
8010	40.6118
8020	38.9494
8030	36.3045
8040	33.261
8050	32.0291
8060	32.7486
8070	42.7486
8080	40.0705
8090	37.0393
8100	35.7717
8110	34.152
8120	34.0289
8130	44.0289
8140	41.0554
8150	40.5752
8160	37.1329
8170	33.2867
8180	43.2867
8190	35.6993
8200	30.2287
8210	28.8243
8220	27.366
8230	27.3763
8240	37.3763
8250	34.561
8260	33.1469
8270	31.7486
8280	28.99
8290	28.7831
8300	38.7831
8310	37.4038
8320	36.0245
8330	33.2659
8340	30.5073
8350	31.4144
8360	41.4144
8370	40.0631
8380	37.3534
8390	34.6612
8400	33.0174
8410	33.9868
8420	43.9868
8430	41.3466
8440	38.7237
8450	37.14
8460	35.5754
8470	45.5754
8480	44.2177
8490	39.1156
8500	34.0136
8510	30.1361
8520	26.2585
8530	36.2585
8540	33.6837
8550	31.0177
8560	29.4937
8570	27.9854
8580	27.9854
8590	37.9854
8600	35.1475
8610	33.6611
8620	32.1746
8630	29.6746
8640	29.4043
8650	39.4043
8660	37.9178
8670	36.4313
8680	33.9313
8690	31.0935
8700	31.9043
8710	41.9043
8720	40.4178
8730	37.9178
8740	35.08
8750	33.5935
8760	34.4043
8770	44.4043
8780	41.9243
8790	39.1412
8800	37.5611
8810	35.9448
8820	45.9448
8830	44.1333
8840	39.3333
8850	34.1333
8860	30.1333
8870	26.1333
8880	36.1333
8890	33.8
8900	31.1136
8910	29.4685
8920	27.8389
8930	28.0278
8940	38.0278
8950	35.1139
8960	33.5043
8970	31.9362
8980	29.7233
8990	29.4499
9000	39.4499
9010	37.6078
9020	36.0947
9030	33.9236
9040	31.0947
9050	31.621
9060	41.621
9070	40.1078
9080	37.9431
9090	35.1376
9100	33.1758
9110	34.0165
9120	44.0165
9130	41.925
9140	39.1865
9150	37.117
9160	35.5589
9170	45.5589
9180	44.0354
9190	39.6104
9200	34.4095
9210	29.969
9220	25.8973
9230	35.8973
9240	34.0864
9250	31.3475
9260	29.236
9270	27.4705
9280	28.0765
9290	38.0765
9300	35.4054
9310	33.0636
9320	31.3451
9330	29.6539
9340	29.5624
9350	39.5624
9360	37.2858
9370	35.3361
9380	33.7038
9390	31.0691
9400	31.2915
9410	41.2915
9420	39.4045
9430	37.842
9440	35.0203
9450	32.851
9460	33.3834
9470	43.3834
9480	41.8812
9490	38.8378
9500	36.7319
9510	34.8918
9520	44.8918
9530	43.8923
9540	39.9643
9550	34.4785
9560	30.1227
9570	25.7815
9580	35.7815
9590	34.1677
9600	31.3471
9610	29.152
9620	27.2617
9630	27.9934
9640	37.9934
9650	35.1885
9660	32.9934
9670	31.1032
9680	29.5178
9690	29.2894
9700	39.2894
9710	36.9568
9720	35.1242
9730	33.6091
9740	30.8818
9750	30.9424
9760	40.9424
9770	39.1242
9780	37.6091
9790	34.8818
9800	32.4576
9810	32.9857
9820	42.9857
9830	41.4154
9840	38.8699
9850	36.3699
9860	34.4651
9870	44.4651
9880	43.869
9890	39.9405
9900	34.9405
9910	29.9405
9920	25.6688
9930	35.6688
9940	34.1029
9950	31.6621
9960	28.9402
9970	27.1059
9980	27.9154
9990	37.9154
10000	35.4449
10010	32.668
10020	30.7494
10030	29.4122
10040	29.3688
10050	39.3688
10060	36.6225
10070	34.759
10080	33.4873
10090	30.7706
10100	30.6118
10110	40.6118
10120	38.6305
10130	37.4107
10140	34.767
10150	32.1233
10160	32.4956
10170	42.4956
10180	41.1946
10190	38.6659
10200	35.8818
10210	33.95
10220	43.95
10230	43.7008
10240	40.1411
10250	35.0287
10260	29.8315
10270	25.6742
10280	35.6742
10290	34.4382
10300	31.7978
10310	29.1573
10320	27.3596
10330	28.3658
10340	38.3658
10350	35.6759
10360	32.9586
10370	31.2604
10380	30.1493
10390	29.9271
10400	39.9271
10410	37.1493
10420	35.4827
10430	34.3715
10440	31.5938
10450	31.3769
10460	41.3769
10470	39.7564
10480	38.5598
10490	35.8888
10500	32.9767
10510	33.7434
10520	43.7434
10530	42.5018
10540	39.7501
10550	36.8916
10560	35.4162
10570	45.4162
10580	43.7761
10590	40.3235
10600	34.9177
10610	29.5135
10620	25.7219
10630	35.7219
10640	34.492
10650	31.6578
10660	28.8235
10670	27.3262
10680	28.3422
10690	38.3422
10700	35.5162
10710	32.7038
10720	31.2383
10730	29.8599
10740	29.6471
10750	39.6471
10760	36.8575
10770	35.4407
10780	34.036
10790	31.3187
10800	30.9483
10810	40.9483
10820	39.5798
10830	38.2233
10840	35.5597
10850	32.4564
10860	33.4037
10870	43.4037
10880	42.0879
10890	39.4564
10900	36.2985
10910	34.9827
10920	44.9827
10930	43.8421
10940	40.2691
10950	35.131
10960	29.2451
10970	25.7076
10980	35.7076
10990	34.4511
11000	31.8909
11010	28.5596
11020	27.2062
11030	28.2408
11040	38.2408
11050	35.7408
11060	32.4595
11070	31.0012
11080	29.8033
11090	29.8033
11100	39.8033
11110	36.522
11120	35.0637
11130	33.8658
11140	31.3658
11150	30.7408
11160	40.7408
11170	39.2825
11180	38.0845
11190	35.5845
11200	32.3033
11210	33.1366
11220	43.1366
11230	41.9387
11240	39.4387
11250	36.1575
11260	34.6991
11270	44.6991
11280	43.75
11290	40.3125
11300	35.3074
11310	29.3553
11320	25.6899
11330	35.6899
11340	34.4179
11350	31.8538
11360	28.5158
11370	27.2612
11380	28.1743
11390	38.1743
11400	35.7173
11410	32.2656
11420	31.098
11430	29.6767
11440	29.7275
11450	39.7275
11460	36.2757
11470	35.1082
11480	33.6869
11490	31.2503
11500	30.4889
11510	40.4889
11520	39.3214
11530	37.9001
11540	35.4585
11550	31.9788
11560	33.0942
11570	43.0942
11580	41.7693
11590	39.2065
11600	35.6414
11610	34.5994
11620	44.5994
11630	43.9404
11640	40.21
11650	35.2
11660	29
11670	25.8
11680	35.8
11690	34.3
11700	31.8
11710	28.3
11720	27.3
11730	28.1
11740	38.1
11750	35.6
11760	32.1
11770	31.1
11780	29.6
11790	29.6
11800	39.6
11810	36.1
11820	35.1
11830	33.6
11840	31.1
11850	30.3134
11860	40.3134
11870	39.3463
11880	37.892
11890	35.2055
11900	31.7726
11910	33.0273
11920	43.0273
11930	41.6185
11940	38.7841
11950	35.4178
11960	34.5267
11970	44.5267
11980	44.0623
11990	40.2848
12000	34.89
12010	28.9163
12020	25.8729
12030	35.8729
12040	34.3306
12050	31.573
12060	28.3377
12070	27.3083
12080	28.0777
12090	38.0777
12100	35.4434
12110	32.1683
12120	31.0572
12130	29.463
12140	29.4268
12150	39.4268
12160	36.0358
12170	34.9675
12180	33.429
12190	30.929
12200	30.1726
12210	40.1726
12220	39.0032
12230	37.5089
12240	35.0687
12250	31.6715
12260	32.661
12270	42.661
12280	41.1337
12290	38.8344
12300	35.391
12310	34.0702
12320	44.0702
12330	43.9676
12340	40.0242
12350	35.212
12360	29.2056
12370	25.7456
12380	35.7456
12390	33.9992
12400	31.6483
12410	28.3776
12420	27.2148
12430	27.7242
12440	37.7242
12450	35.3358
12460	32.1144
12470	30.9909
12480	29.1853
12490	29.1807
12500	39.1807
12510	35.9473
12520	34.8933
12530	32.9957
12540	30.6104
12550	29.9682
12560	39.9682
12570	38.959
12580	37.0324
12590	34.6471
12600	31.3443
12610	32.533
12620	42.533
12630	40.5636
12640	38.2413
12650	34.8578
12660	33.9487
12670	34.3101
12680	44.3101
12690	41.976
12700	38.6008
12710	37.7293
12720	35.7383
12730	45.7383
12740	44.4363
12750	39.5444
12760	33.5933
12770	30.4653
12780	25.9641
12790	35.9641
12800	33.6323
12810	30.4036
12820	29.417
12830	27.3094
12840	27.4439
12850	37.4439
12860	34.2152
12870	33.2287
12880	31.1211
12890	28.7892
12900	28.2063
12910	38.2063
12920	37.2314
12930	35.0872
12940	32.8123
12950	29.5083
12960	30.7972
12970	40.7972
12980	38.5879
12990	36.3296
13000	32.9428
13010	32.123
13020	32.4314
13030	42.4314
13040	40.1031
13050	36.6858
13060	35.9175
13070	33.6833
13080	33.8587
13090	43.8587
13100	40.4816
13110	39.7359
13120	37.4552
13130	35.1745
13140	34.4728
13150	44.4728
13160	43.2902
13170	40.4104
13180	35.7015
13190	30.8461
13200	40.8461
13210	32.1834
13220	31.4847
13230	29.2576
13240	26.8122
13250	26.1572
13260	36.1572
13270	35.4585
13280	33.2357
13290	30.8054
13300	27.5144
13310	28.8393
13320	38.8393
13330	36.6654
13340	34.2784
13350	31.0336
13360	30.1866
13370	30.3361
13380	40.3361
13390	37.9985
13400	34.7996
13410	33.9298
13420	31.6176
13430	31.7837
13440	41.7837
13450	38.6371
13460	37.6495
13470	35.3197
13480	33.0605
13490	32.5816
13500	42.5816
13510	41.6374
13520	39.191
13530	36.958
13540	33.9739
13550	43.9739
13560	43.4146
13570	40.2532
13580	35.3248
13590	30.6113
13600	25.1196
13610	35.1196
13620	34.2299
13630	31.8868
13640	29.5458
13650	26.588
13660	27.905
13670	37.905
13680	35.6051
13690	33.3135
13700	30.3968
13710	29.5635
13720	29.7301
13730	39.7301
13740	37.4385
13750	34.5218
13760	33.682
13770	31.4025
13780	31.5917
13790	41.5917
13800	38.72
13810	37.7242
13820	35.4793
13830	33.2134
13840	32.9696
13850	42.9696
13860	42.0497
13870	39.704
13880	37.3624
13890	34.5812
13900	44.5812
13910	43.2808
13920	40.0978
13930	35.3878
13940	30.6939
13950	25.2456
13960	35.2456
13970	34.2788
13980	31.9513
13990	29.8055
14000	26.85
14010	28.1051
14020	38.1051
14030	35.7569
14040	33.6112
14050	30.6557
14060	29.7245
14070	29.846
14080	39.846
14090	37.7002
14100	34.7448
14110	33.8136
14120	31.4654
14130	31.7183
14140	41.7183
14150	38.7942
14160	37.8983
14170	35.5999
14180	33.3015
14190	32.9893
14200	42.9893
14210	43.1599
14220	40.1304
14230	35.4217
14240	30.7209
14250	40.7209
14260	32.7475
14270	31.8164
14280	29.6046
14290	27.4046
14300	27.1748
14310	37.1748
14320	36.0816
14330	33.9205
14340	31.7691
14350	29.0201
14360	30.0958
14370	40.0958
14380	37.9444
14390	35.793
14400	33.044
14410	31.8886
14420	32.1867
14430	42.1867
14440	39.9744
14450	37.1479
14460	36.0807
14470	34.0254
14480	34.223
14490	44.223
14500	41.3771
14510	40.6324
14520	37.3518
14530	32.8854
14540	42.8854
14550	35.7697
14560	30.2975
14570	29.1428
14580	27.1821
14590	27.4547
14600	37.4547
14610	34.5317
14620	33.2703
14630	31.345
14640	29.2356
14650	28.9231
14660	38.9231
14670	37.595
14680	35.6809
14690	33.5716
14700	30.6809
14710	31.6149
14720	41.6149
14730	39.7341
14740	37.5688
14750	34.6068
14760	33.3665
14770	33.9132
14780	43.9132
14790	41.7377
14800	38.7015
14810	37.5269
14820	35.6038
14830	45.6038
14840	44.0395
14850	39.5178
14860	33.8535
14870	30.5014
14880	26.0536
14890	36.0536
14900	33.9902
14910	30.9793
14920	29.8902
14930	27.717
14940	28.0987
14950	38.0987
14960	35.1216
14970	34.0529
14980	31.8392
14990	29.8163
15000	29.4346
15010	39.4346
15020	38.3583
15030	36.1284
15040	34.1763
15050	31.1691
15060	32.2635
15070	42.2635
15080	39.9823
15090	38.1098
15100	35.1164
15110	34.0144
15120	34.0896
15130	44.0896
15140	42.2475
15150	39.2776
15160	38.3459
15170	35.0376
15180	45.0376
15190	37.6692
15200	33.4586
15210	27.8947
15220	26.8045
15230	26.8797
15240	36.8797
15250	35.0376
15260	32.0754
15270	31.0084
15280	28.5572
15290	29.0168
15300	39.0168
15310	36.1436
15320	35.1362
15330	32.6362
15340	30.6959
15350	30.3974
15360	40.3974
15370	39.3899
15380	36.8936
15390	34.9658
15400	32.1156
15410	33.3374
15420	43.3374
15430	40.8839
15440	38.9803
15450	36.1815
15460	35.1652
15470	45.1652
15480	44.0332
15490	39.1882
15500	34.797
15510	29.5203
15520	26.2362
15530	36.2362
15540	33.8745
15550	31.8819
15560	29.1513
15570	28.0812
15580	28.1919
15590	38.1919
15600	36.1993
15610	33.4686
15620	32.4002
15630	30.0494
15640	30.4747
15650	40.4747
15660	37.629
15670	36.5996
15680	34.2834
15690	32.3349
15700	32.0408
15710	42.0408
15720	41.0114
15730	38.6952
15740	36.7501
15750	33.905
15760	43.905
15770	43.2332
15780	39.9122
15790	35.0365
15800	30.8029
15810	25.466
15820	35.466
15830	34.2987
15840	31.853
15850	30.1202
15860	27.3043
15870	28.3593
15880	38.3593
15890	35.9313
15900	34.2322
15910	31.2825
15920	30.1315
15930	30.2034
15940	40.2034
15950	38.5128
15960	35.5631
15970	34.412
15980	32.002
15990	32.6661
16000	42.6661
16010	39.6649
16020	38.4346
16030	36.1132
16040	34.5061
16050	34.1051
16060	44.1051
16070	43.3247
16080	39.7788
16090	34.947
16100	30.9541
16110	40.9541
16120	32.8975
16130	31.5901
16140	29.2226
16150	27.5618
16160	27.2268
16170	37.2268
16180	35.967
16190	33.5286
16200	31.9497
16210	28.9672
16220	29.9656
16230	39.9656
16240	37.5615
16250	36.0471
16260	32.9809
16270	31.6569
16280	31.7614
16290	41.7614
16300	40.2631
16310	37.1969
16320	35.8729
16330	33.5035
16340	34.3129
16350	44.3129
16360	41.2739
16370	39.9814
16380	37.4814
16390	36.023
16400	46.023
16410	44.1367
16420	38.4622
16430	34.9828
16440	29.8965
16450	26.2414
16460	36.2414
16470	33.1379
16480	31.931
16490	29.3448
16500	27.9655
16510	27.486
16520	37.486
16530	36.3068
16540	33.6729
16550	32.3529
16560	29.1679
16570	30.2623
16580	40.2623
16590	37.5452
16600	36.2654
16610	33.1147
16620	32.0225
16630	31.7802
16640	41.7802
16650	40.4838
16660	37.3938
16670	36.23
16680	33.5181
16690	43.5181
16700	43.5941
16710	39.9808
16720	34.2499
16730	30.8549
16740	25.6419
16750	35.6419
16760	34.3087
16770	31.1472
16780	30.0181
16790	27.3799
16800	28.2216
16810	38.2216
16820	35.0861
16830	34.0105
16840	31.3632
16850	29.9979
16860	29.4645
16870	39.4645
16880	38.4534
16890	35.8136
16900	34.5193
16910	31.2962
16920	32.422
16930	42.422
16940	39.8541
16950	38.5788
16960	35.3162
16970	34.1841
16980	34.2168
16990	44.2168
17000	43.6073
17010	40.0453
17020	34.1335
17030	30.665
17040	40.665
17050	33.268
17060	31.9863
17070	28.7751
17080	27.5357
17090	27.5455
17100	37.5455
17110	36.1819
17120	33.036
17130	31.8448
17140	29.2866
17150	30.2207
17160	40.2207
17170	37.1139
17180	35.9417
17190	33.3431
17200	32.0512
17210	31.5137
17220	41.5137
17230	40.2597
17240	37.7131
17250	36.4792
17260	33.2597
17270	43.2597
17280	43.2994
17290	39.8722
17300	34.7284
17310	31.3099
17320	25.3994
17330	35.3994
17340	34.2173
17350	31.5974
17360	30.4168
17370	27.1681
17380	28.168
17390	38.168
17400	35.582
17410	34.4355
17420	31.2143
17430	29.9171
17440	29.871
17450	39.871
17460	38.7542
17470	35.4209
17480	34.1476
17490	31.6269
17500	32.7689
17510	42.7689
17520	39.3737
17530	38.0172
17540	35.5567
17550	34.5156
17560	33.7901
17570	43.7901
17580	43.3123
17590	39.6845
17600	34.7319
17610	44.7319
17620	38.6435
17630	30.9779
17640	40.9779
17650	37.3502
17660	32.3943
17670	42.3943
17680	36.343
17690	33.0378
17700	43.0378
17710	39.4841
17720	34.437
17730	44.437
17740	38.4496
17750	35.0953
17760	45.0953
17770	41.553
17780	36.5076
17790	46.5076
17800	40.4697
17810	37.1377
17820	47.1377
17830	43.6321
17840	38.6352
17850	48.6352
17860	42.5469
17870	39.1791
17880	49.1791
17890	45.5903
17900	40.685
17910	50.685
17920	44.6783
17930	41.1853
17940	51.1853
17950	33.7616
17960	43.7616
17970	36.3893
17980	30.4346
17990	40.4346
18000	34.6456
18010	32.2536
18020	42.2536
18030	37.2375
18040	31.3254
18050	41.3254
18060	37.8325
18070	34.3466
18080	44.3466
18090	39.1921
18100	33.329
18110	43.329
18120	39.8775
18130	36.433
18140	46.433
18150	41.1519
18160	35.3646
18170	45.3646
18180	41.8921
18190	38.4096
18200	48.4096
18210	43.0905
18220	37.4066
18230	47.4066
18240	43.9111
18250	40.4157
18260	50.4157
18270	45.102
18280	39.4315
18290	49.4315
18300	45.8492
18310	42.3858
18320	52.3858
18330	47.1184
18340	41.4955
18350	51.4955
18360	47.7195
18370	41.8426
18380	51.8426
18390	43.7265
18400	35.9957
18410	45.9957
18420	35.2757
18430	31.5952
18440	41.5952
18450	37.909
18460	32.7897
18470	42.7897
18480	37.3259
18490	33.5144
18500	43.5144
18510	39.8439
18520	34.7855
18530	44.7855
18540	39.2772
18550	35.5148
18560	45.5148
18570	41.7648
18580	36.7648
18590	46.7648
18600	41.2291
18610	37.4791
18620	47.4791
18630	43.7291
18640	38.7291
18650	48.7291
18660	43.1934
18670	39.4434
18680	49.4434
18690	45.7083
18700	40.6773
18710	50.6773
18720	45.2044
18730	41.3726
18740	38.9054
18750	35.2442
18760	30.171
18770	40.171
18780	34.7583
18790	30.7965
18800	40.7965
18810	37.1681
18820	32.1239
18830	42.1239
18840	36.7257
18850	32.7434
18860	42.7434
18870	39.0964
18880	34.0304
18890	44.0304
18900	38.7448
18910	34.7097
18920	44.7097
18930	41.0255
18940	35.9377
18950	45.9377
18960	40.6746
18970	36.6395
18980	46.6395
18990	42.9686
19000	37.9029
19010	47.9029
19020	42.531
19030	38.5368
19040	48.5368
19050	44.8925
19060	39.8488
19070	49.8488
19080	44.4552
19090	40.461
19100	50.461
19110	46.7984
19120	41.8198
19130	51.8198
19140	46.393
19150	42.3467
19160	52.3467
19170	48.5278
19180	42.4785
19190	35.1083
19200	45.1083
19210	37.147
19220	30.8069
19230	40.8069
19240	36.9741
19250	32.1037
19260	42.1037
19270	36.7147
19280	32.7123
19290	42.7123
19300	38.8242
19310	33.9788
19320	43.9788
19330	38.6302
19340	34.6714
19350	44.6714
19360	40.6677
19370	35.7895
19380	45.7895
19390	40.5251
19400	36.6427
19410	46.6427
19420	42.6022
19430	37.613
19440	47.613
19450	42.3957
19460	38.5593
19470	48.5593
19480	44.5211
19490	39.4539
19500	49.4539
19510	44.203
19520	40.4666
19530	50.4666
19540	46.3615
19550	41.3262
19560	51.3262
19570	46.1505
19580	43.287
19590	37.131
19600	47.131
19610	40.6373
19620	33.1688
19630	43.1688
19640	35.5245
19650	31.5873
19660	41.5873
19670	37.4953
19680	32.4346
19690	42.4346
19700	37.332
19710	33.4337
19720	43.4337
19730	39.3809
19740	34.3314
19750	44.3314
19760	39.1289
19770	35.2692
19780	45.2692
19790	41.2556
19800	36.1118
19810	46.1118
19820	40.9514
19830	37.1302
19840	47.1302
19850	43.1554
19860	38.0231
19870	48.0231
19880	42.9047
19890	39.1217
19900	49.1217
19910	45.1856
19920	39.9597
19930	49.9597
19940	44.8583
19950	41.1133
19960	39.0845
19970	35.1868
19980	45.1868
19990	37.438
20000	32.2342
20010	42.2342
20020	36.2438
20030	32.3811
20040	42.3811
20050	37.0637
20060	31.9016
20070	41.9016
20080	38.2353
20090	34.4107
20100	44.4107
20110	38.9708
20120	33.8476
20130	43.8476
20140	40.2037
20150	36.3955
20160	46.3955
20170	40.9434
20180	35.8229
20190	45.8229
20200	42.194
20210	38.3143
20220	48.3143
20230	42.9002
20240	37.8128
20250	47.8128
20260	44.1706
20270	40.2791
20280	50.2791
20290	44.9447
20300	39.7843
20310	49.7843
20320	46.1035
20330	42.174
20340	52.174
20350	46.8853
20360	41.7661
20370	51.7661
20380	47.9994
20390	42.0854
20400	35.6798
20410	45.6798
20420	37.8919
20430	30.2973
20440	40.2973
20450	36.6757
20460	32.5676
20470	42.5676
20480	37.3246
20490	32.2865
20500	42.2865
20510	38.656
20520	34.5406
20530	44.5406
20540	39.3041
20550	34.3949
20560	44.3949
20570	40.6843
20580	36.5955
20590	46.5955
20600	41.3996
20610	36.4876
20620	46.4876
20630	42.7495
20640	38.6983
20650	48.6983
20660	43.5387
20670	38.5387
20680	48.5387
20690	44.8153
20700	40.7727
20710	50.7727
20720	45.6013
20730	40.6119
20740	50.6119
20750	48.0073
20760	42.0246
20770	52.0246
20780	43.3422
20790	35.5121
20800	45.5121
20810	35.5334
20820	31.8873
20830	41.8873
20840	37.9344
20850	32.6051
20860	42.6051
20870	37.6182
20880	34.063
20890	44.063
20900	40.0271
20910	34.7649
20920	44.7649
20930	39.8304
20940	36.3166
20950	46.3166
20960	42.1866
20970	36.9643
20980	46.9643
20990	42.0688
21000	38.4598
21010	48.4598
21020	44.3606
21030	39.1647
21040	49.1647
21050	44.2822
21060	40.653
21070	50.653
21080	46.5339
21090	41.3512
21100	38.7168
21110	33.8601
21120	43.8601
21130	37.9948
21140	33.7791
21150	43.7791
21160	36.1132
21170	31.2011
21180	41.2011
21190	37.6397
21200	33.451
21210	43.451
21220	38.3667
21230	33.3603
21240	43.3603
21250	39.8661
21260	35.5989
21270	45.5989
21280	40.5442
21290	35.4832
21300	45.4832
21310	42.0899
21320	37.7853
21330	47.7853
21340	42.6605
21350	37.6061
21360	47.6061
21370	44.2528
21380	39.972
21390	49.972
21400	44.7964
21410	39.7804
21420	49.7804
21430	47.8855
21440	42.3498
21450	35.5732
21460	45.5732
21470	37.9171
21480	30.3312
21490	40.3312
21500	37.0527
21510	32.7119
21520	42.7119
21530	37.6211
21540	32.5366
21550	42.5366
21560	39.2879
21570	34.9732
21580	44.9732
21590	39.897
21600	34.8209
21610	44.8209
21620	41.5721
21630	37.2574
21640	47.2574
21650	42.1813
21660	37.1051
21670	47.1051
21680	43.8564
21690	39.5417
21700	49.5417
21710	44.4655
21720	39.3894
21730	49.3894
21740	46.1407
21750	41.826
21760	51.826
21770	46.7498
21780	41.6737
21790	51.6737
21800	47.7411
21810	42.2843
21820	52.2843
21830	43.198
21840	35.6091
21850	45.6091
21860	35.5076
21870	32.2589
21880	42.2589
21890	37.9442
21900	32.868
21910	42.868
21920	37.7919
21930	34.5459
21940	44.5459
21950	40.2463
21960	35.1924
21970	45.1924
21980	40.0121
21990	36.7996
22000	46.7996
22010	42.473
22020	37.4572
22030	47.4572
22040	42.3025
22050	39.1235
22060	49.1235
22070	44.6817
22080	39.7037
22090	49.7037
22100	44.5872
22110	41.4386
22120	39.2947
22130	34.7859
22140	29.8237
22150	39.8237
22160	34.7141
22170	31.5743
22180	41.5743
22190	36.9969
22200	32.0635
22210	42.0635
22220	36.9769
22230	33.8701
22240	43.8701
22250	39.269
22260	34.373
22270	44.373
22280	39.1738
22290	36.0998
22300	46.0999
22310	41.5353
22320	36.6766
22330	46.6766
22340	41.3766
22350	38.3266
22360	48.3266
22370	43.7766
22380	38.9266
22390	48.9266
22400	43.6304
22410	40.5492
22420	50.5492
22430	46.0209
22440	41.1993
22450	51.1993
22460	45.9302
22470	42.7408
22480	52.7408
22490	48.8549
22500	41.9775
22510	34.7643
22520	44.7643
22530	36.8532
22540	31.4056
22550	41.4056
22560	36.9883
22570	32.2799
22580	42.2799
22590	36.8344
22600	33.6165
22610	43.6165
22620	39.2106
22630	34.5076
22640	44.5076
22650	39.0419
22660	35.8355
22670	45.8355
22680	41.4539
22690	36.7818
22700	46.7818
22710	41.2061
22720	38.0323
22730	48.0323
22740	43.6861
22750	39.0502
22760	49.0502
22770	43.3851
22780	40.2324
22790	50.2324
22800	45.8975
22810	41.2669
22820	51.2669
22830	45.6019
22840	42.6355
22850	37.2906
22860	47.2906
22870	40.5665
22880	33.4938
22890	43.4938
22900	35.2473
22910	32.1301
22920	42.1301
22930	37.7273
22940	33.0232
22950	43.0232
22960	37.4496
22970	34.3789
22980	44.3789
22990	39.8687
23000	35.1951
23010	45.1951
23020	39.6739
23030	36.5724
23040	46.5724
23050	42.1116
23060	37.3688
23070	47.3688
23080	41.9088
23090	38.7876
23100	48.7876
23110	44.2374
23120	39.5305
23130	49.5305
23140	44.0522
23150	40.9629
23160	50.9629
23170	46.4309
23180	41.7596
23190	51.7596
23200	46.1736
23210	42.6512
23220	37.4196
23230	47.4195
23240	40.5165
23250	33.4604
23260	43.4604
23270	35.1558
23280	32.0471
23290	42.0471
23300	37.624
23310	33.0567
23320	43.0567
23330	37.3356
23340	34.2106
23350	44.2106
23360	39.7747
23370	35.2173
23380	45.2173
23390	39.5194
23400	36.4191
23410	46.4191
23420	41.8867
23430	37.3543
23440	47.3543
23450	41.6709
23460	38.5774
23470	48.5773
23480	44.045
23490	39.5126
23500	49.5126
23510	43.8292
23520	40.7356
23530	50.7356
23540	46.2073
23550	41.6441
23560	51.6441
23570	45.9838
23580	42.6623
23590	37.4147
23600	47.4147
23610	40.5106
23620	50.5106
23630	40.9223
23640	32.698
23650	42.698
23660	37.4877
23670	33.0122
23680	43.0122
23690	38.2386
23700	32.7206
23710	42.7206
23720	39.6493
23730	35.1238
23740	45.1238
23750	40.2904
23760	34.8525
23770	44.8525
23780	41.8262
23790	37.2387
23800	47.2387
23810	42.3567
23820	37.0207
23830	47.0207
23840	43.9574
23850	39.3102
23860	49.3102
23870	44.4382
23880	39.1513
23890	49.1513
23900	46.1275
23910	41.3962
23920	51.3962
23930	46.5132
23940	41.3197
23950	51.3197
23960	47.7517
23970	42.6319
23980	35.3986
23990	45.3986
24000	38.1045
24010	30.3687
24020	40.3687
24030	37.3733
24040	32.5806
24050	42.5806
24060	37.788
24070	32.5806
24080	42.5806
24090	39.5887
24100	34.8057
24110	44.8057
24120	40.0341
24130	34.7461
24140	44.7461
24150	41.7714
24160	37.032
24170	47.032
24180	42.2303
24190	36.9749
24200	46.9749
24210	43.9383
24220	39.2275
24230	49.2275
24240	44.4408
24250	39.1478
24260	49.1478
24270	46.1548
24280	41.4129
24290	51.4129
24300	46.6095
24310	41.3563
24320	51.3563
24330	47.8016
24340	42.5802
24350	52.5802
24360	42.9458
24370	35.5905
24380	45.5905
24390	35.3624
24400	32.3806
24410	42.3806
24420	37.5708
24430	32.6147
24440	42.6147
24450	37.5198
24460	34.5861
24470	44.5861
24480	39.7774
24490	34.7253
24500	44.7253
24510	39.658
24520	36.7432
24530	46.7432
24540	41.945
24550	36.8777
24560	46.8777
24570	41.7982
24580	38.9036
24590	48.9036
24600	44.1506
24610	39.0266
24620	49.0266
24630	43.8927
24640	41.0356
24650	51.0356
24660	46.3034
24670	41.1695
24680	38.6161
24690	33.4821
24700	30.625
24710	40.625
24720	35.8929
24730	30.7589
24740	40.7589
24750	35.625
24760	32.7679
24770	42.7679
24780	38.0357
24790	32.9018
24800	42.9018
24810	37.7679
24820	34.9107
24830	44.9107
24840	40.1786
24850	35.0446
24860	45.0446
24870	39.922
24880	37.0123
24890	47.0123
24900	42.3075
24910	37.2073
24920	47.2073
24930	42.0738
24940	39.1261
24950	49.1261
24960	44.454
24970	39.3873
24980	49.3873
24990	44.1542
25000	41.2352
25010	51.2352
25020	46.5956
25030	41.5624
25040	51.5624
25050	46.263
25060	42.7273
25070	52.7273
25080	45.5211
25090	38.4479
25100	48.4479
25110	38.4035
25120	30.5543
25130	40.5543
25140	37.6497
25150	33.0155
25160	43.0155
25170	37.9867
25180	32.6975
25190	42.6975
25200	39.7269
25210	35.1186
25220	45.1186
25230	40.123
25240	34.8677
25250	44.8677
25260	41.877
25270	37.1951
25280	47.1951
25290	42.2194
25300	36.9681
25310	46.9681
25320	44.0241
25330	39.3738
25340	49.3738
25350	44.3365
25360	39.0699
25370	49.0699
25380	46.1174
25390	41.452
25400	51.452
25410	46.3822
25420	41.1763
25430	51.1763
25440	47.7073
25450	42.6438
25460	35.6198
25470	45.6198
25480	38.0184
25490	30.1994
25500	40.1994
25510	37.339
25520	32.7946
25530	42.7946
25540	37.7416
25550	32.3655
25560	42.3655
25570	39.5324
25580	35.0151
25590	45.0151
25600	39.9946
25610	34.5911
25620	44.5911
25630	41.7857
25640	37.1736
25650	47.1736
25660	42.1736
25670	36.7857
25680	46.7857
25690	43.984
25700	39.373
25710	49.373
25720	44.3848
25730	39.0145
25740	49.0145
25750	46.1248
25760	41.5409
25770	51.5409
25780	46.585
25790	41.2477
25800	51.2477
25810	47.6861
25820	42.6609
25830	52.6609
25840	43.0901
25850	35.6652
25860	45.6652
25870	35.236
25880	32.3556
25890	42.3556
25900	37.6513
25910	32.7519
25920	42.7519
25930	37.4889
25940	34.5354
25950	44.5354
25960	39.8169
25970	34.9809
25980	44.9809
25990	39.6681
26000	36.6468
26010	46.6468
26020	41.9659
26030	37.1574
26040	47.1574
26050	41.8383
26060	38.817
26070	48.817
26080	44.1361
26090	39.3276
26100	49.3276
26110	44.0085
26120	40.9872
26130	50.9872
26140	46.3064
26150	41.4978
26160	51.4979
26170	46.1787
26180	42.766
26190	37.5745
26200	47.5745
26210	40.4468
26220	33.1702
26230	43.1702
26240	35.2852
26250	32.2722
26260	42.2722
26270	37.6111
26280	32.8278
26290	42.8278
26300	37.4181
26310	34.3946
26320	44.3946
26330	39.7646
26340	35.0126
26350	45.0126
26360	39.6186
26370	36.5337
26380	46.5337
26390	41.9346
26400	37.2138
26410	47.2138
26420	41.73
26430	38.643
26440	48.643
26450	44.0942
26460	39.4292
26470	49.4292
26480	43.8923
26490	40.7555
26500	50.7555
26510	46.2292
26520	41.5766
26530	51.5766
26540	46.0484
26550	42.7105
26560	37.3512
26570	47.3512
26580	40.4525
26590	33.4172
26600	43.4172
26610	35.3358
26620	32.1421
26630	42.1421
26640	37.7019
26650	33.1412
26660	43.1412
26670	37.5455
26680	34.3793
26690	44.3793
26700	39.9693
26710	35.439
26720	45.439
26730	39.7814
26740	36.629
26750	46.629
26760	42.224
26770	37.6937
26780	47.6937
26790	42.0053
26800	38.8666
26810	48.8666
26820	44.4866
26830	39.9866
26840	49.9866
26850	44.2475
26860	41.1361
26870	51.1361
26880	46.6821
26890	42.2122
26900	52.2122
26910	46.495
26920	42.5988
26930	52.5988
26940	45.1351
26950	38.2536
26960	48.2536
26970	38.9479
26980	30.6209
26990	40.6209
27000	37.5404
27010	33.0945
27020	43.0945
27030	38.5343
27040	32.8593
27050	42.8593
27060	39.8059
27070	35.2906
27080	45.2906
27090	40.7565
27100	35.1043
27110	45.1043
27120	42.0608
27130	37.5267
27140	47.5267
27150	42.98
27160	37.3375
27170	47.3375
27180	44.3111
27190	39.801
27200	49.801
27210	45.1769
27220	39.5296
27230	49.5296
27240	47.6035
27250	42.439
27260	35.5479
27270	45.5479
27280	38.4811
27290	30.169
27300	40.169
27310	37.2029
27320	32.7605
27330	42.7605
27340	38.0912
27350	32.3809
27360	42.3809
27370	39.3574
27380	34.9731
27390	44.9731
27400	40.353
27410	34.567
27420	44.567
27430	41.5573
27440	37.2024
27450	47.2024
27460	42.6121
27470	36.7358
27480	46.7358
27490	43.7527
27500	39.4271
27510	49.4271
27520	44.8666
27530	38.9655
27540	48.9655
27550	45.9029
27560	41.6025
27570	51.6025
27580	47.0716
27590	41.2028
27600	51.2028
27610	47.5848
27620	42.3545
27630	52.3545
27640	43.1783
27650	36.2631
27660	46.2631
27670	35.1527
27680	32.0042
27690	42.0042
27700	37.6663
27710	33.2167
27720	43.2167
27730	37.3437
27740	34.127
27750	44.127
27760	39.7987
27770	35.4074
27780	45.4074
27790	39.5861
27800	36.3002
27810	46.3002
27820	41.9455
27830	37.5957
27840	47.5957
27850	41.8094
27860	38.4314
27870	48.4314
27880	44.117
27890	39.7442
27900	49.7442
27910	44.0179
27920	40.5779
27930	50.5779
27940	46.2979
27950	41.8979
27960	51.8979
27970	46.1779
27980	42.7806
27990	37.1131
28000	47.1131
28010	40.4176
28020	33.572
28030	43.572
28040	35.303
28050	31.9245
28060	41.9245
28070	37.5999
28080	33.0653
28090	43.0653
28100	37.4432
28110	34.0913
28120	44.0913
28130	39.7952
28140	35.2656
28150	45.2656
28160	39.6745
28170	36.3491
28180	46.3491
28190	42.0061
28200	37.5052
28210	47.5052
28220	41.9491
28230	38.6224
28240	48.6224
28250	44.2821
28260	39.7381
28270	49.7381
28280	44.2351
28290	40.8624
28300	50.8624
28310	46.5428
28320	41.9866
28330	51.9866
28340	46.4877
28350	42.7865
28360	37.1972
28370	47.1972
28380	40.4191
28390	33.4646
28400	43.4646
28410	35.4235
28420	32.0312
28430	42.0312
28440	37.6454
28450	33.1464
28460	43.1464
28470	37.7245
28480	34.2539
28490	44.2539
28500	39.9197
28510	35.36
28520	45.36
28530	39.9884
28540	36.4987
28550	46.4987
28560	42.0995
28570	37.5682
28580	47.5682
28590	42.2167
28600	38.7401
28610	48.7401
28620	44.326
28630	39.7948
28640	49.7948
28650	44.4432
28660	40.9667
28670	50.9667
28680	46.5526
28690	42.0214
28700	52.0214
28710	46.6408
28720	42.8833
28730	52.8833
28740	44.9365
28750	38.1481
28760	48.1481
28770	38.8029
28780	30.7742
28790	40.7742
28800	37.357
28810	33.0157
28820	43.0157
28830	38.4564
28840	32.9354
28850	42.9354
28860	39.5538
28870	35.2459
28880	45.2459
28890	40.711
28900	35.1296
28910	45.1296
28920	41.7575
28930	37.4552
28940	47.4552
28950	42.9278
28960	37.3644
28970	47.3644
28980	43.9517
28990	39.6009
29000	49.6009
29010	45.1295
29020	39.5916
29030	49.5916
29040	46.115
29050	41.7962
29060	51.7962
29070	48.9236
29080	42.105
29090	33.9459
29100	43.9459
29110	38.2166
29120	31.4366
29130	41.4366
29140	37.0513
29150	31.5202
29160	41.5202
29170	38.0685
29180	33.5857
29190	43.5857
29200	39.2179
29210	33.7007
29220	43.7007
29230	40.2524
29240	35.7696
29250	45.7696
29260	41.4018
29270	35.8846
29280	45.8846
29290	42.4363
29300	37.9545
29310	47.9545
29320	43.5967
29330	38.0953
29340	48.0953
29350	44.5699
29360	40.1148
29370	50.1148
29380	45.7745
29390	40.2869
29400	50.2869
29410	46.7496
29420	42.2955
29430	52.2955
29440	48.8361
29450	42.1203
29460	52.1203
29470	41.4958
29480	35.6107
29490	45.6107
29500	36.374
29510	32.0611
29520	42.0611
29530	36.6031
29540	32.9771
29550	42.9771
29560	38.5496
29570	34.2366
29580	44.2366
29590	38.7786
29600	35.1527
29610	45.1527
29620	40.7252
29630	36.4122
29640	46.4122
29650	40.9542
29660	37.3282
29670	47.3282
29680	42.9008
29690	38.5878
29700	48.5878
29710	43.1298
29720	39.4997
29730	49.4997
29740	45.0941
29750	40.7474
29760	50.7473
29770	45.3422
29780	41.654
29790	38.9734
29800	34.6008
29810	44.6008
29820	37.8327
29830	32.4335
29840	42.4335
29850	36.4546
29860	32.0992
29870	42.0992
29880	37.762
29890	32.3176
29900	42.3176
29910	38.5754
29920	34.2384
29930	44.2384
29940	39.8818
29950	34.4749
29960	44.4749
29970	40.7806
29980	36.4119
29990	46.4119
30000	42.0521
30010	36.5873
30020	46.5873
30030	42.9058
30040	38.5725
30050	48.5725
30060	44.1841
30070	38.7513
30080	48.7513
30090	45.0047
30100	40.7168
30110	50.7168
30120	46.3253
30130	40.9267
30140	50.9267
30150	48.0337
30160	41.9101
30170	35.2622
30180	45.2622
30190	38.4831
30200	30.5258
30210	40.5258
30220	36.6725
30230	32.4175
30240	42.4175
30250	38.0592
30260	32.6947
30270	42.6947
30280	38.7882
30290	34.5452
30300	44.5452
30310	40.19
30320	34.8256
30330	44.8256
30340	40.919
30350	36.676
30360	46.676
30370	42.3209
30380	36.9578
30390	46.9578
30400	43.0183
30410	38.7899
30420	48.79
30430	44.4585
30440	39.1241
30450	49.1241
30460	45.1415
30470	40.8782
30480	50.8782
30490	46.5734
30500	41.2676
30510	51.2676
30520	48.1407
30530	41.8608
30540	51.8608
30550	42.7169
30560	36.0595
30570	46.0595
30580	35.6877
30590	31.7472
30600	41.7472
30610	37.3606
30620	33.0855
30630	43.0855
30640	37.8067
30650	33.8662
30660	43.8662
30670	39.4796
30680	35.2067
30690	45.2067
30700	39.9397
30710	36.0142
30720	46.0142
30730	41.55
30740	37.2966
30750	47.2966
30760	42.0234
30770	38.1387
30780	48.1388
30790	43.7166
30800	39.4119
30810	49.4119
30820	44.0726
30830	40.2243
30840	50.2243
30850	45.8309
30860	41.5548
30870	51.5548
30880	46.1909
30890	43.169
30900	36.9805
30910	46.9805
30920	40.1331
30930	33.5425
30940	43.5425
30950	35.6019
30960	31.7261
30970	41.726
30980	37.304
30990	33.1022
31000	43.1022
31010	37.6894
31020	33.8178
31030	43.8178
31040	39.3997
31050	35.1713
31060	45.1713
31070	39.7768
31080	35.926
31090	45.926
31100	41.5304
31110	37.2447
31120	47.2447
31130	41.8601
31140	38.0139
31150	48.0139
31160	43.6183
31170	39.3326
31180	49.3326
31190	43.948
31200	40.1019
31210	50.1019
31220	45.7063
31230	41.4205
31240	51.4205
31250	46.0359
31260	42.1898
31270	38.956
31280	34.5479
31290	44.5479
31300	37.8938
31310	32.5275
31320	42.5275
31330	36.3985
31340	31.9213
31350	41.9213
31360	37.6721
31370	32.3315
31380	42.3315
31390	38.4348
31400	33.9823
31410	43.9823
31420	39.7487
31430	34.4202
31440	44.4202
31450	40.5151
31460	36.0661
31470	46.0661
31480	41.8096
31490	36.5127
31500	46.5127
31510	42.5549
31520	38.1601
31530	48.1601
31540	43.8568
31550	38.5696
31560	48.5696
31570	44.5765
31580	40.2563
31590	50.2563
31600	45.9014
31610	40.6187
31620	50.6187
31630	48.1794
31640	41.8734
31650	35.2067
31660	45.2067
31670	38.3699
31680	30.5943
31690	40.5943
31700	36.5598
31710	32.3288
31720	42.3288
31730	37.8994
31740	32.643
31750	42.643
31760	38.5513
31770	34.3427
31780	44.3427
31790	39.965
31800	34.7379
31810	44.7379
31820	40.5951
31830	36.3451
31840	46.3451
31850	41.9879
31860	36.7737
31870	46.7737
31880	42.6302
31890	38.3788
31900	48.3788
31910	44.0827
31920	38.8696
31930	48.8696
31940	44.7207
31950	40.4654
31960	50.4654
31970	46.21
31980	40.9973
31990	50.9973
32000	46.8533
32010	42.5832
32020	52.5832
32030	48.7535
32040	42.161
32050	52.161
32060	41.8198
32070	35.371
32080	45.371
32090	36.2898
32100	32.0848
32110	42.0848
32120	36.8198
32130	32.7208
32140	42.7208
32150	38.4099
32160	34.2049
32170	44.2049
32180	38.9489
32190	34.8313
32200	44.8313
32210	40.5539
32220	36.3026
32230	46.3026
32240	41.0958
32250	36.9492
32260	46.9492
32270	42.635
32280	38.3953
32290	48.3954
32300	43.2153
32310	39.0935
32320	49.0935
32330	44.7693
32340	40.4669
32350	50.4669
32360	45.3048
32370	41.1892
32380	38.8682
32390	34.5326
32400	44.5326
32410	37.9058
32420	32.7225
32430	42.7225
32440	36.2304
32450	31.8848
32460	41.8848
32470	37.644
32480	32.4607
32490	42.4607
32500	38.3246
32510	33.9791
32520	43.9791
32530	39.7382
32540	34.555
32550	44.555
32560	40.4188
32570	36.0733
32580	46.0733
32590	41.8325
32600	36.6536
32610	46.6536
32620	42.4945
32630	38.1781
32640	48.1781
32650	43.887
32660	38.7544
32670	48.7544
32680	44.5506
32690	40.2376
32700	50.2376
32710	46.01
32720	40.8565
32730	50.8565
32740	48.3255
32750	41.7481
32760	35.0539
32770	45.0539
32780	38.3794
32790	30.7357
32800	40.7357
32810	36.5539
32820	32.1916
32830	42.1916
32840	37.9158
32850	32.8123
32860	42.8123
32870	38.6399
32880	34.2606
32890	44.2606
32900	39.9847
32910	34.8813
32920	44.8813
32930	40.7089
32940	36.3296
32950	46.3296
32960	42.0474
32970	36.9294
32980	46.9294
32990	42.7871
33000	38.4464
33010	48.4464
33020	44.1194
33030	38.9721
33040	48.9721
33050	44.8634
33060	40.4721
33070	50.4721
33080	46.1668
33090	41.0382
33100	51.0382
33110	48.3019
33120	41.8525
33130	51.8525
33140	42.6415
33150	35.954
33160	45.954
33170	35.7505
33180	31.6651
33190	41.6651
33200	37.2794
33210	33.0007
33220	43.0007
33230	37.806
33240	33.6849
33250	43.6849
33260	39.3239
33270	35.067
33280	45.067
33290	39.8881
33300	35.7309
33310	45.7309
33320	41.3679
33330	37.1
33340	47.1
33350	41.9324
33360	37.7868
33370	47.7868
33380	43.4458
33390	39.1109
33400	49.1109
33410	43.9797
33420	39.8128
33430	49.8128
33440	45.5182
33450	41.2297
33460	51.2297
33470	46.0968
33480	41.9216
33490	38.8216
33500	34.5515
33510	30.278
33520	40.278
33530	35.1248
33540	30.9258
33550	40.9258
33560	36.7097
33570	32.3968
33580	42.3968
33590	37.2859
33600	33.0086
33610	43.0086
33620	38.8163
33630	34.5274
33640	44.5274
33650	39.3816
33660	35.1047
33670	45.1047
33680	40.9385
33690	36.6532
33700	46.6532
33710	41.5077
33720	37.1961
33730	47.1961
33740	43.0749
33750	38.7574
33760	48.7574
33770	43.5873
33780	39.2817
33790	49.2817
33800	45.1817
33810	40.8817
33820	50.8817
33830	45.6817
33840	41.3817
33850	51.3817
33860	48.3837
33870	41.9399
33880	35.2669
33890	45.2669
33900	37.553
33910	30.7987
33920	40.7987
33930	36.7081
33940	32.4402
33950	42.4402
33960	37.2828
33970	32.927
33980	42.927
33990	38.7785
34000	34.5343
34010	44.5343
34020	39.3339
34030	35.002
34040	45.002
34050	40.8727
34060	36.6438
34070	46.6438
34080	41.4199
34090	37.0916
34100	47.0916
34110	42.9622
34120	38.7334
34130	48.7334
34140	43.5095
34150	39.1811
34160	49.1811
34170	45.0561
34180	40.8354
34190	50.8354
34200	45.6288
34210	41.2362
34220	38.6921
34230	34.5904
34240	30.3933
34250	40.3933
34260	35.2118
34270	30.7438
34280	40.7438
34290	36.6689
34300	32.4988
34310	42.4988
34320	37.2636
34330	32.8081
34340	42.8081
34350	38.7565
34360	34.6097
34370	44.6097
34380	39.3007
34390	34.8691
34400	44.8691
34410	40.8231
34420	36.6736
34430	46.6736
34440	41.4151
34450	36.9561
34460	46.9561
34470	42.8905
34480	38.7266
34490	48.7266
34500	43.4807
34510	39.0217
34520	49.0217
34530	44.9561
34540	40.7922
34550	50.7922
34560	45.5463
34570	41.0872
34580	51.0872
34590	46.9966
34600	42.8443
34610	52.8443
34620	47.6192
34630	43.1838
34640	53.1838
34650	48.347
34660	41.8494
34670	35.3519
34680	45.3519
34690	37.5941
34700	30.7467
34710	40.7467
34720	36.6155
34730	32.4883
34740	42.4883
34750	37.2901
34760	32.7823
34770	42.7823
34780	38.6742
34790	34.57
34800	44.57
34810	39.3069
34820	34.8228
34830	44.8228
34840	40.7377
34850	36.6565
34860	46.6565
34870	41.3205
34880	36.858
34890	46.858
34900	42.7863
34910	38.7147
34920	48.7147
34930	43.3727
34940	38.9121
34950	48.9121
34960	44.8499
34970	40.7347
34980	50.7347
34990	45.4156
35000	40.9743
35010	38.6264
35020	34.5656
35030	30.4593
35040	40.4593
35050	35.2104
35060	30.7443
35070	40.7443
35080	36.6742
35090	32.5595
35100	42.5595
35110	37.3373
35120	32.8946
35130	42.8946
35140	38.8548
35150	34.6774
35160	44.6774
35170	39.5002
35180	35.104
35190	45.104
35200	41.0944
35210	36.8915
35220	46.8915
35230	41.7224
35240	37.3263
35250	47.3263
35260	43.3316
35270	39.1515
35280	49.1515
35290	43.9427
35300	39.4965
35310	49.4965
35320	45.5318
35330	41.3745
35340	51.3745
35350	46.1578
35360	41.7116
35370	51.7116
35380	48.1874
35390	41.8584
35400	35.3566
35410	45.3566
35420	37.6282
35430	30.8013
35440	40.8013
35450	36.7628
35460	32.6282
35470	42.6282
35480	37.4359
35490	33.0087
35500	43.0087
35510	38.949
35520	34.8407
35530	44.8407
35540	39.6929
35550	35.214
35560	45.214
35570	41.1339
35580	37.0575
35590	47.0575
35600	41.9359
35610	37.3905
35620	47.3905
35630	43.3235
35640	39.2565
35650	49.2565
35660	44.1369
35670	39.5873
35680	49.5873
35690	45.539
35700	41.4424
35710	51.4424
35720	46.3669
35730	41.7682
35740	38.5509
35750	34.5472
35760	30.4556
35770	40.4556
35780	35.3407
35790	30.6973
35800	40.6973
35810	36.7195
35820	32.6466
35830	42.6466
35840	37.5254
35850	32.8752
35860	42.8752
35870	38.9371
35880	34.8427
35890	44.8427
35900	39.6961
35910	35.0396
35920	45.0396
35930	41.1542
35940	37.0149
35950	47.0149
35960	41.8262
35970	37.2036
35980	47.2036
35990	43.3357
36000	39.1847
