10	10
20	5
30	5
40	5
50	5
60	5
70	5
80	5
90	5
100	5
110	5
120	5
130	10
140	15
150	15
160	25
170	20
180	15
190	25
200	21
210	18.6667
220	28.6667
230	26.6667
240	23.3333
250	33.3333
260	27.7333
270	26.8
280	21.6
290	31.6
300	32
310	30
320	40
330	36
340	32
350	26
360	36
370	32
380	30.2
390	26.4667
400	36.4667
410	33.5667
420	30.2333
430	40.2333
440	34.2333
450	31.4167
460	41.4167
470	33.1667
480	27.5
490	37.5
500	32.5
510	27.5
520	27.5
530	37.5
540	36.25
550	31.25
560	26.25
570	22.9167
580	32.9167
590	29.1667
600	39.1667
610	35.8333
620	32.5
630	29.1667
640	39.1667
650	36.6667
660	30
670	26.6667
680	36.6667
690	31.5
700	28.1667
710	38.1667
720	31.5
730	30
740	26.6667
750	36.6667
760	33.3333
770	30
780	26.6667
790	36.6667
800	33.5128
810	30.3974
820	40.3974
830	31.8333
840	29.5256
850	39.5256
860	35.3846
870	30
880	27.6923
890	37.6923
900	33.8462
910	28.4615
920	38.4615
930	33.3187
940	29.7418
950	25.2088
960	26.4286
970	36.4286
980	31.9554
990	28.4286
1000	38.4286
1010	34.4196
1020	31.9196
1030	29.375
1040	23.7684
1050	33.7684
1060	31.6544
1070	30.7463
1080	28.9816
1090	38.9816
1100	32.9412
1110	28.2353
1120	26.4706
1130	36.4706
1140	34.1176
1150	32.3529
1160	42.3529
1170	34.5542
1180	27.4334
1190	37.4334
1200	35.5851
1210	32.6316
1220	42.6316
1230	33.6842
1240	27.8947
1250	37.8947
1260	35.2632
1270	32.6316
1280	42.6316
1290	33.6842
1300	27.8947
1310	37.8947
1320	35.2632
1330	32.6316
1340	42.6316
1350	33.6842
1360	27.8947
1370	37.8947
1380	35.2632
1390	32.6316
1400	42.6316
1410	33.4447
1420	27.8789
1430	37.8789
1440	35.6368
1450	31.6368
1460	27.5
1470	25
1480	35
1490	31
1500	29
1510	39
1520	36.5
1530	32.5
1540	25
1550	25
1560	25
1570	35
1580	31.1167
1590	29.2786
1600	39.2786
1610	35.869
1620	31.4286
1630	41.4286
1640	31.5346
1650	30.2532
1660	40.2532
1670	34.6861
1680	30.9091
1690	40.9091
1700	31.8182
1710	30.9091
1720	40.9091
1730	34.5455
1740	30.9091
1750	40.9091
1760	31.7121
1770	31.0606
1780	41.0606
1790	35.5379
1800	30.8333
1810	40.8333
1820	30.7436
1830	30.9615
1840	40.9615
1850	36.6731
1860	30.7692
1870	40.7692
1880	29.9231
1890	30.8791
1900	40.8791
1910	36.8077
1920	31.4286
1930	23.5714
1940	33.5714
1950	32.2512
1960	32.3547
1970	28.4507
1980	25.8966
1990	35.8966
2000	32.1678
2010	28.5701
2020	38.5701
2030	37.8517
2040	35.7621
2050	45.7621
2060	39.0954
2070	30.4287
2080	40.4287
2090	40.4287
2100	37.0954
2110	33.0954
2120	29.7707
2130	39.7707
2140	35.9857
2150	36.1524
2160	35.8298
2170	45.8298
2180	42.2657
2190	34.181
2200	34.0762
2210	44.0762
2220	43.0228
2230	38.0228
2240	36.7728
2250	34.2728
2260	44.2728
2270	39.2728
2280	38.125
2290	37.233
2300	47.233
2310	42.1116
2320	34.2295
2330	44.2295
2340	34.892
2350	34.6063
2360	44.6063
2370	37.4679
2380	29.7927
2390	39.7927
2400	38.3611
2410	34.6769
2420	31.9611
2430	29.9875
2440	39.9875
2450	36.8164
2460	36.1322
2470	46.1322
2480	43.6688
2490	39.3566
2500	33.3127
2510	33.4744
2520	33.1707
2530	43.1707
2540	38.4651
2550	32.8474
2560	42.8474
2570	34.8168
2580	34.5842
2590	44.5842
2600	39.5367
2610	34.8483
2620	44.8483
2630	41.1063
2640	34.9117
2650	44.9117
2660	37.2501
2670	37.3309
2680	47.3309
2690	43.8966
2700	37.836
2710	47.836
2720	40.5655
2730	39.9761
2740	49.9761
2750	45.9664
2760	40.2563
2770	50.2563
2780	43.4175
2790	40.8062
2800	38.5236
2810	48.5236
2820	43.2337
2830	34.375
2840	44.375
2850	35.4609
2860	30.5527
2870	29.3027
2880	39.3027
2890	37.7993
2900	34.4752
2910	32.2989
2920	28.1503
2930	38.1503
2940	36.9503
2950	37.3307
2960	47.3308
2970	43.0046
2980	36.3984
2990	46.3984
3000	39.2769
3010	39.0492
3020	49.0492
3030	45.2379
3040	39.1755
3050	49.1755
3060	42.0746
3070	40.9448
3080	37.9175
3090	47.9175
3100	42.144
3110	33.7904
3120	43.7904
3130	33.3417
3140	32.2306
3150	42.2306
3160	38.8973
3170	33.3417
3180	43.3417
3190	35.5639
3200	34.4528
3210	44.4528
3220	41.2003
3230	35.2407
3240	45.2407
3250	37.7323
3260	36.8232
3270	46.8232
3280	43.2842
3290	38.1284
3300	33.0764
3310	34.1479
3320	33.4806
3330	43.4806
3340	40.9712
3350	38.2644
3360	48.2644
3370	45.1065
3380	42.7818
3390	37.1422
3400	35.2221
3410	32.2569
3420	42.2569
3430	36.9492
3440	31.6718
3450	41.6718
3460	36.8249
3470	33.722
3480	43.722
3490	37.8887
3500	30.3548
3510	40.3548
3520	39.3548
3530	36.3548
3540	46.3548
3550	37.3548
3560	32.3469
3570	42.3469
3580	41.1897
3590	38.5199
3600	48.5199
3610	39.4786
3620	34.2405
3630	44.2405
3640	42.812
3650	40.1135
3660	35.6691
3670	32.955
3680	42.955
3690	40.4325
3700	38.7372
3710	48.7372
3720	45.9226
3730	41.1533
3740	51.1533
3750	42.785
3760	40.8759
3770	50.8759
3780	48.669
3790	43.2145
3800	36.2185
3810	28.0909
3820	38.0909
3830	34.3971
3840	31.0529
3850	29.1126
3860	39.1126
3870	34.5395
3880	33.7489
3890	43.7489
3900	38.7698
3910	32.9727
3920	32.1156
3930	30.1156
3940	40.1156
3950	35.1156
3960	34.2585
3970	44.2585
3980	40.281
3990	38.0782
4000	48.0782
4010	40.2387
4020	34.1365
4030	44.1365
4040	42.2163
4050	39.5931
4060	49.5931
4070	42.0027
4080	36.1248
4090	46.1248
4100	43.6248
4110	41.1248
4120	51.1248
4130	43.6248
4140	37.7915
4150	47.7915
4160	45.2915
4170	42.7915
4180	52.7915
4190	45.2915
4200	39.4581
4210	49.4581
4220	46.9505
4230	42.4685
4240	37.6644
4250	47.6644
4260	36.9775
4270	28.9189
4280	38.9189
4290	36.773
4300	33.8461
4310	43.8461
4320	36.151
4330	30.2897
4340	40.2897
4350	38.3055
4360	35.3399
4370	45.3399
4380	37.8789
4390	32.0403
4400	42.0403
4410	40.1982
4420	36.7771
4430	46.7771
4440	39.4087
4450	33.6192
4460	43.6192
4470	41.7305
4480	38.4013
4490	48.4013
4500	41.3
4510	35.2312
4520	45.2312
4530	42.9391
4540	39.7038
4550	49.7038
4560	42.9092
4570	36.9122
4580	46.9122
4590	44.7162
4600	41.1353
4610	51.1353
4620	44.674
4630	39.0266
4640	49.0266
4650	47.037
4660	42.3457
4670	52.3457
4680	44.5679
4690	35.5556
4700	45.5556
4710	34.8148
4720	32.2222
4730	42.2222
4740	38.8889
4750	32.5926
4760	42.5926
4770	37.0687
4780	34.2833
4790	44.2833
4800	41.0584
4810	34.9277
4820	44.9277
4830	39.5619
4840	36.3911
4850	46.3911
4860	43.2204
4870	37.1229
4880	47.1229
4890	41.7879
4900	38.4291
4910	48.4291
4920	45.3641
4930	39.4282
4940	49.4282
4950	44.1585
4960	40.4781
4970	38.7737
4980	35.6469
4990	45.6469
5000	38.4675
5010	32.6143
5020	29.112
5030	26.1277
5040	36.1277
5050	35.5395
5060	31.989
5070	30.8845
5080	28.0861
5090	38.0861
5100	37.0516
5110	34.6086
5120	44.6086
5130	41.525
5140	36.1998
5150	46.1998
5160	39.7672
5170	37.4662
5180	47.4662
5190	44.5311
5200	38.6999
5210	48.6999
5220	42.4527
5230	40.2903
5240	50.2903
5250	48.431
5260	42.1051
5270	35.0929
5280	29.027
5290	27
5300	37
5310	33.1111
5320	32.5556
5330	29.2222
5340	29.2222
5350	28.127
5360	38.127
5370	37.6132
5380	34.3619
5390	32.9333
5400	42.9333
5410	39.0608
5420	38.5227
5430	35.9201
5440	31.7695
5450	41.7695
5460	42.5287
5470	39.6254
5480	35.3872
5490	31.4533
5500	26.1908
5510	36.1908
5520	33.4111
5530	32.3473
5540	42.3473
5550	38.1984
5560	34.7941
5570	44.7941
5580	39.4749
5590	32.8792
5600	42.8792
5610	40.676
5620	37.3164
5630	47.3164
5640	42.1021
5650	35.649
5660	45.649
5670	43.0565
5680	39.684
5690	49.684
5700	44.7293
5710	38.0796
5720	48.0796
5730	46.7048
5740	42.3118
5750	36.5026
5760	46.5026
5770	39.3068
5780	29.3878
5790	39.3878
5800	37.1429
5810	33.6735
5820	43.6735
5830	38.9796
5840	31.8454
5850	41.8454
5860	39.6479
5870	36.2533
5880	46.2533
5890	41.1552
5900	34.1855
5910	44.1855
5920	42.0643
5930	38.731
5940	48.731
5950	43.5795
5960	36.5969
5970	46.5969
5980	44.3399
5990	41.1518
6000	51.1518
6010	46.2653
6020	39.0376
6030	49.0376
6040	46.5347
6050	41.9802
6060	51.9802
6070	44.5545
6080	37.2399
6090	47.2399
6100	34.3399
6110	31.5929
6120	41.5929
6130	38.641
6140	33.8985
6150	43.8985
6160	36.9087
6170	34.0408
6180	44.0408
6190	41.2148
6200	36.0813
6210	46.0813
6220	39.0154
6230	36.2718
6240	46.2718
6250	43.5692
6260	38.5811
6270	48.5811
6280	41.3421
6290	38.7203
6300	48.7203
6310	45.615
6320	40.7695
6330	50.7695
6340	43.694
6350	41.7107
6360	36.7084
6370	46.7084
6380	41.5297
6390	34.4057
6400	44.4057
6410	34.3264
6420	31.4089
6430	41.4089
6440	38.5296
6450	33.993
6460	43.993
6470	36.7144
6480	33.461
6490	43.461
6500	40.6832
6510	36.2388
6520	46.2388
6530	39.0166
6540	35.6832
6550	45.6832
6560	42.9055
6570	38.461
6580	48.461
6590	41.2388
6600	37.9055
6610	47.9055
6620	45.1453
6630	40.7428
6640	50.7428
6650	43.2655
6660	40.032
6670	38.1642
6680	35.4741
6690	45.4741
6700	38.7032
6710	31.047
6720	41.047
6730	35.9821
6740	33.1326
6750	43.1326
6760	38.7195
6770	30.8287
6780	40.8287
6790	38.074
6800	35.3454
6810	45.3454
6820	40.218
6830	33.338
6840	43.338
6850	40.7941
6860	38.2723
6870	48.2723
6880	40.0115
6890	35.4028
6900	45.4028
6910	42.881
6920	40.3665
6930	50.3665
6940	41.9617
6950	37.4244
6960	47.4244
6970	44.9998
6980	42.6
6990	52.6
7000	44.1056
7010	39.4738
7020	49.4738
7030	46.9193
7040	42.1066
7050	36.8426
7060	30.494
7070	40.494
7080	33.5588
7090	31.3274
7100	41.3274
7110	36.286
7120	33.8893
7130	43.8893
7140	38.6001
7150	31.8232
7160	41.8232
7170	38.9049
7180	36.4499
7190	46.4499
7200	38.0768
7210	33.9808
7220	43.9808
7230	40.9319
7240	38.3832
7250	48.3832
7260	40.0917
7270	35.7591
7280	45.7591
7290	42.8145
7300	40.3659
7310	50.3659
7320	42.22
7330	37.9133
7340	47.9133
7350	45.0714
7360	42.5717
7370	52.5717
7380	44.5691
7390	40.3752
7400	50.3752
7410	47.0894
7420	42.2391
7430	37.4053
7440	47.4053
7450	36.1922
7460	29.7588
7470	39.7588
7480	37.0381
7490	34.5413
7500	44.5413
7510	36.2253
7520	32.0268
7530	42.0268
7540	39.2023
7550	36.8359
7560	46.8359
7570	38.5153
7580	34.3275
7590	44.3275
7600	41.577
7610	39.0648
7620	49.0648
7630	40.589
7640	36.5922
7650	46.5922
7660	43.862
7670	41.3333
7680	51.3333
7690	43.0791
7700	38.8621
7710	48.8621
7720	47.1226
7730	41.895
7740	36.8059
7750	30.2911
7760	40.2911
7770	33.8514
7780	31.6499
7790	41.6498
7800	36.286
7810	34.0232
7820	44.0232
7830	38.6947
7840	32.3444
7850	42.3444
7860	39.2057
7870	36.9429
7880	46.9429
7890	38.5487
7900	34.5341
7910	44.5341
7920	41.3955
7930	39.1327
7940	49.1327
7950	40.7738
7960	36.6902
7970	46.6902
7980	43.6712
7990	41.5496
8000	51.5496
8010	43.4374
8020	39.2233
8030	49.2233
8040	46.894
8050	41.5173
8060	36.5173
8070	30.5
8080	40.5
8090	34
8100	32
8110	42
8120	36.4503
8130	34.4773
8140	44.4773
8150	39.5602
8160	33.1421
8170	43.1421
8180	39.5537
8190	37.5587
8200	47.5587
8210	39.5761
8220	35.694
8230	45.694
8240	42.2814
8250	40.1403
8260	50.1403
8270	41.9089
8280	38.1413
8290	48.1413
8300	44.8218
8310	43.291
8320	38.0743
8330	32.0174
8340	42.0174
8350	36.069
8360	32.8276
8370	27.6552
8380	27.6552
8390	28.5517
8400	38.5517
8410	36.4138
8420	33.1754
8430	43.1754
8440	41.0897
8450	37.5305
8460	47.5305
8470	39.5342
8480	36.473
8490	46.473
8500	44.2281
8510	40.7587
8520	50.7587
8530	42.7995
8540	39.7412
8550	49.7412
8560	33.2444
8570	43.2444
8580	37.3784
8590	29.6242
8600	39.6242
8610	34.5592
8620	33.3465
8630	43.3465
8640	38.6523
8650	32.7491
8660	42.7491
8670	39.527
8680	37.1705
8690	47.1705
8700	39.4726
8710	36.0098
8720	46.0098
8730	42.5583
8740	40.3428
8750	50.3428
8760	42.6493
8770	39.2955
8780	49.2955
8790	45.57
8800	42.8758
8810	38.1699
8820	48.1699
8830	39.9346
8840	34.3791
8850	30.6536
8860	25.9477
8870	27.8431
8880	37.8431
8890	36.732
8900	34.949
8910	44.949
8920	38.9716
8930	36.8594
8940	46.8594
8950	41.9244
8960	36.4612
8970	46.4612
8980	42.8248
8990	40.7469
9000	50.7469
9010	42.8248
9020	39.5694
9030	49.5694
9040	47.0931
9050	41.1151
9060	36.151
9070	30.2535
9080	40.2535
9090	34.6752
9100	33.0688
9110	28.1746
9120	28.3644
9130	29.5037
9140	39.5037
9150	37.7948
9160	32.9214
9170	33.1113
9180	32.0353
9190	32.6682
9200	42.6682
9210	37.7948
9220	38.6709
9230	36.8987
9240	33.6076
9250	43.6076
9260	37.2255
9270	29.3023
9280	29.5255
9290	28.5011
9300	29.1929
9310	39.1929
9320	34.1118
9330	34.3841
9340	33.4149
9350	31.6023
9360	29.6023
9370	39.6023
9380	39.9232
9390	38.9032
9400	37.068
9410	32.137
9420	32.1118
9430	42.1118
9440	40.5364
9450	37.066
9460	47.066
9470	39.3095
9480	30.5607
9490	40.5607
9500	38.7815
9510	35.1454
9520	45.1454
9530	37.4144
9540	33.5255
9550	43.5255
9560	41.8773
9570	38.066
9580	48.066
9590	40.142
9600	36.3724
9610	46.3724
9620	44.8002
9630	41.0789
9640	51.0789
9650	43.0963
9660	39.2484
9670	37.1246
9680	35.3667
9690	31.8059
9700	41.8059
9710	33.9981
9720	30.1217
9730	40.1217
9740	38.0507
9750	34.5596
9760	44.5596
9770	36.8081
9780	32.962
9790	42.962
9800	40.8771
9810	37.3557
9820	47.3557
9830	39.5807
9840	35.9197
9850	45.9197
9860	43.7175
9870	40.0413
9880	50.0413
9890	42.3123
9900	38.768
9910	48.768
9920	47.052
9930	42.8902
9940	36.7052
9950	46.7052
9960	36.0694
9970	30.289
9980	40.289
9990	38.1257
10000	34.2163
10010	44.2163
10020	36.5015
10030	33.1715
10040	43.1715
10050	40.8988
10060	36.9215
10070	46.9215
10080	39.1942
10090	35.8988
10100	45.8988
10110	43.6023
10120	39.707
10130	49.707
10140	41.9537
10150	38.5628
10160	37.6544
10170	35.2292
10180	31.5654
10190	41.5654
10200	33.7749
10210	30.2747
10220	40.2747
10230	37.7701
10240	34.2905
10250	44.2905
10260	36.5694
10270	32.7989
10280	42.7989
10290	40.3848
10300	36.8527
10310	46.8527
10320	39.3072
10330	35.3613
10340	45.3613
10350	43.0591
10360	39.4741
10370	49.474
10380	41.7702
10390	37.8992
10400	47.8992
10410	45.6412
10420	42.0928
10430	52.0928
10440	44.3508
10450	40.4799
10460	50.4799
10470	47.0567
10480	42.8529
10490	36.9782
10500	46.9782
10510	36.2434
10520	29.9532
10530	39.9532
10540	37.9162
10550	34.1231
10560	44.1231
10570	36.4311
10580	32.5424
10590	42.5424
10600	40.4377
10610	36.5854
10620	46.5854
10630	38.9861
10640	35.1819
10650	45.1819
10660	42.8806
10670	39.0029
10680	49.0029
10690	41.3772
10700	37.7689
10710	47.7689
10720	45.3978
10730	41.4802
10740	51.4802
10750	43.8514
10760	40.235
10770	37.6571
10780	35.2376
10790	31.4437
10800	41.4437
10810	34.0609
10820	30.3553
10830	40.3553
10840	37.868
10850	34.1624
10860	44.1624
10870	36.802
10880	33.0964
10890	43.0965
10900	40.6302
10910	36.9592
10920	46.9592
10930	39.4193
10940	35.783
10950	45.783
10960	43.3795
10970	39.7774
10980	49.7774
10990	42.024
11000	38.4562
11010	48.4562
11020	46.015
11030	42.481
11040	52.481
11050	44.7662
11060	41.2662
11070	51.2662
11080	47.2045
11090	42.5358
11100	36.8306
11110	46.8306
11120	36.2687
11130	30.2544
11140	40.2544
11150	37.743
11160	34.3489
11170	44.3489
11180	36.5446
11190	32.8622
11200	42.8622
11210	40.4126
11220	37.0847
11230	47.0847
11240	39.3434
11250	35.4386
11260	45.4386
11270	43.0753
11280	39.6798
11290	49.6798
11300	42.1044
11310	38.0669
11320	37.4323
11330	35.0683
11340	31.6808
11350	41.6808
11360	33.9893
11370	30.0941
11380	40.0941
11390	37.6663
11400	34.3821
11410	44.3821
11420	36.4975
11430	32.6513
11440	42.6513
11450	40.2475
11460	36.9783
11470	46.9783
11480	39.0735
11490	35.245
11500	45.245
11510	42.8768
11520	39.6562
11530	49.6562
11540	41.5872
11550	37.8422
11560	47.8422
11570	45.3973
11580	42.0695
11590	52.0695
11600	44.1548
11610	40.5055
11620	50.5055
11630	47.1564
11640	42.5592
11650	36.9668
11660	46.9668
11670	36.0663
11680	30.1422
11690	40.1422
11700	37.6303
11710	34.2654
11720	44.2654
11730	36.3454
11740	32.763
11750	42.763
11760	40.1795
11770	36.7355
11780	46.7355
11790	38.7915
11800	35.3336
11810	45.3336
11820	42.7168
11830	39.2588
11840	49.2588
11850	41.3149
11860	37.857
11870	47.857
11880	45.2401
11890	41.7822
11900	51.7822
11910	43.8024
11920	40.3664
11930	37.7024
11940	35.1257
11950	31.7209
11960	41.7209
11970	33.5814
11980	30.186
11990	40.186
12000	37.6279
12010	34.2326
12020	44.2326
12030	36.093
12040	32.6977
12050	42.6977
12060	40.1395
12070	36.7442
12080	46.7442
12090	38.6047
12100	35.2093
12110	45.2093
12120	42.6512
12130	39.2558
12140	49.2558
12150	41.1163
12160	37.7209
12170	47.7209
12180	45.1628
12190	41.7674
12200	51.7674
12210	43.6836
12220	40.2118
12230	50.2118
12240	47.2543
12250	42.7189
12260	36.9228
12270	46.9228
12280	36.0234
12290	30.1293
12300	40.1293
12310	37.5399
12320	34.1204
12330	44.1204
12340	36.3459
12350	32.6836
12360	42.6836
12370	39.8833
12380	36.5247
12390	46.5247
12400	38.7178
12410	35.1174
12420	45.1174
12430	42.3524
12440	39.0492
12450	49.0492
12460	41.1307
12470	37.556
12480	47.556
12490	44.7958
12500	41.4926
12510	51.4926
12520	43.5741
12530	39.9994
12540	37.7376
12550	34.9755
12560	31.6803
12570	41.6803
12580	33.6733
12590	30.1373
12600	40.1373
12610	37.4346
12620	34.1914
12630	44.1914
12640	36.1103
12650	32.6271
12660	42.6271
12670	39.7477
12680	36.5638
12690	46.5638
12700	38.5903
12710	35.1972
12720	45.1972
12730	42.3781
12740	39.0447
12750	49.0447
12760	41.1781
12770	37.8447
12780	47.8447
12790	45.0448
12800	41.7114
12810	51.7114
12820	43.7826
12830	40.4788
12840	50.4788
12850	47.2661
12860	42.3922
12870	36.9181
12880	46.9181
12890	35.7546
12900	30.3097
12910	40.3097
12920	37.6225
12930	34.4067
12940	44.4067
12950	36.1688
12960	32.9529
12970	42.9529
12980	40.2657
12990	37.0594
13000	47.0594
13010	38.7788
13020	35.4774
13030	45.4774
13040	42.8917
13050	39.796
13060	49.796
13070	41.4887
13080	38.1601
13090	37.4393
13100	34.9112
13110	31.8753
13120	41.8753
13130	33.5301
13140	30.2622
13150	40.2622
13160	37.8001
13170	34.828
13180	44.828
13190	36.2789
13200	33.076
13210	43.076
13220	40.6675
13230	37.7513
13240	47.7513
13250	39.024
13260	35.8778
13270	45.8778
13280	43.4969
13290	40.636
13300	50.636
13310	41.8859
13320	38.7959
13330	48.7959
13340	46.9682
13350	42.2707
13360	36.7411
13370	46.7411
13380	37.5937
13390	32.2034
13400	29.8318
13410	27.1298
13420	37.1298
13430	36.4335
13440	34.1128
13450	44.1128
13460	38.7458
13470	36.0876
13480	46.0876
13490	40.6867
13500	35.6234
13510	45.6234
13520	42.4589
13530	39.8006
13540	49.8006
13550	41.3196
13560	38.4082
13570	48.4082
13580	45.2437
13590	42.5854
13600	52.5854
13610	44.1044
13620	41.097
13630	36.0338
13640	32.8692
13650	42.8692
13660	38.1013
13670	29.6203
13680	39.6203
13690	36.7089
13700	33.5516
13710	31.2085
13720	28.5926
13730	38.5926
13740	37.7283
13750	35.3433
13760	45.3433
13770	40.0871
13780	37.5505
13790	47.5505
13800	42.1184
13810	36.9318
13820	46.9318
13830	43.6891
13840	41.2046
13850	51.2046
13860	42.7533
13870	39.7964
13880	49.7964
13890	47.0971
13900	41.7193
13910	36.2864
13920	29.7214
13930	39.7214
13940	34.6694
13950	32.2727
13960	42.2727
13970	36.9422
13980	34.5455
13990	44.5455
14000	39.0356
14010	34.0277
14020	44.0277
14030	40.9572
14040	38.4427
14050	48.4427
14060	39.7542
14070	36.9673
14080	46.9673
14090	43.9345
14100	41.3935
14110	51.3935
14120	42.7164
14130	39.9461
14140	49.9461
14150	47.126
14160	41.7645
14170	36.2543
14180	29.5918
14190	26.8743
14200	36.8743
14210	34.4201
14220	31.267
14230	41.267
14240	38.6214
14250	36.0169
14260	46.0169
14270	37.4026
14280	34.1812
14290	44.1812
14300	41.3964
14310	38.8929
14320	48.8929
14330	40.4274
14340	37.0721
14350	47.0721
14360	44.1637
14370	41.7334
14380	51.7334
14390	43.3271
14400	39.9406
14410	49.9406
14420	46.9323
14430	41.8725
14440	36.5339
14450	46.5339
14460	37.8884
14470	32.2709
14480	29.9972
14490	27.0983
14500	37.0983
14510	36.7652
14520	34.3842
14530	44.3842
14540	38.793
14550	35.952
14560	45.952
14570	40.5235
14580	36.119
14590	46.119
14600	42.6172
14610	39.7681
14620	49.7681
14630	41.2115
14640	38.9584
14650	48.9584
14660	45.5545
14670	42.5551
14680	52.5551
14690	44.0141
14700	40.7509
14710	36.5234
14720	33.1675
14730	43.1675
14740	37.8755
14750	29.4007
14760	39.4007
14770	37.0457
14780	33.7452
14790	31.4286
14800	28.3024
14810	38.3024
14820	38.0612
14830	35.706
14840	45.706
14850	40.3141
14860	37.0708
14870	47.0708
14880	41.7168
14890	37.2838
14900	47.2838
14910	44.1804
14920	40.847
14930	50.847
14940	42.4562
14950	40.0424
14960	50.0424
14970	47.5479
14980	42.2605
14990	36.705
15000	46.705
15010	35.249
15020	30.7679
15030	40.7679
15040	37.6828
15050	34.3766
15060	44.3766
15070	35.8481
15080	33.4817
15090	43.4817
15100	40.4283
15110	37.1458
15120	47.1458
15130	38.5962
15140	36.2314
15150	46.2314
15160	43.1961
15170	39.819
15180	49.8189
15190	41.3305
15200	39.0111
15210	49.0111
15220	46.0073
15230	42.5472
15240	52.5472
15250	44.0681
15260	40.7985
15270	36.4259
15280	33.4221
15290	43.4221
15300	37.7186
15310	29.2395
15320	39.2395
15330	36.9202
15340	33.9164
15350	43.9163
15360	38.5171
15370	32.8137
15380	32.5385
15390	31.7127
15400	29.4201
15410	39.4201
15420	38.2399
15430	37.8232
15440	35.554
15450	45.554
15460	40.3723
15470	39.2259
15480	49.2259
15490	43.9429
15500	39.4091
15510	49.4091
15520	46.277
15530	42.9185
15540	52.9185
15550	44.5789
15560	40.9434
15570	36.4151
15580	33.283
15590	43.283
15600	37.6981
15610	29.3585
15620	39.3585
15630	36.8881
15640	33.7856
15650	31.6233
15660	41.6233
15670	35.9386
15680	35.4399
15690	33.321
15700	43.321
15710	38.1425
15720	36.9435
15730	46.9435
15740	41.845
15750	36.9229
15760	46.9228
15770	43.8622
15780	40.5056
15790	50.5056
15800	42.4968
15810	39.6332
15820	49.6332
15830	46.4475
15840	43.1894
15850	53.1894
15860	45.1011
15870	41.25
15880	36.3235
15890	33.0882
15900	43.0882
15910	37.6471
15920	29.561
15930	39.561
15940	36.7996
15950	33.5011
15960	43.5011
15970	38.5376
15980	32.972
15990	32.388
16000	31.2567
16010	29.2859
16020	39.2859
16030	38.1545
16040	37.5601
16050	35.6218
16060	45.6218
16070	39.9675
16080	38.9087
16090	48.9087
16100	44.0612
16110	39.1105
16120	49.1105
16130	45.6623
16140	42.2692
16150	52.2692
16160	44.5149
16170	41.418
16180	36.529
16190	32.9961
16200	42.9961
16210	37.3741
16220	29.6805
16230	39.6805
16240	36.9014
16250	33.3561
16260	31.6418
16270	41.6418
16280	35.9077
16290	35.1934
16300	33.4791
16310	43.4791
16320	37.7291
16330	36.4791
16340	46.4791
16350	41.8211
16360	36.8333
16370	46.8333
16380	43.3622
16390	39.899
16400	49.899
16410	42.1829
16420	39.3268
16430	49.3268
16440	45.9035
16450	42.4881
16460	52.4881
16470	44.8348
16480	41.5689
16490	36.3551
16500	32.9792
16510	42.9792
16520	37.3852
16530	29.788
16540	39.788
16550	36.6431
16560	33.2862
16570	43.2862
16580	38.6291
16590	33.0594
16600	32.1262
16610	30.8942
16620	29.204
16630	39.204
16640	38.1125
16650	37.197
16660	35.5068
16670	45.5068
16680	39.7322
16690	38.6406
16700	48.6406
16710	44.028
16720	38.7463
16730	48.7463
16740	45.2252
16750	41.9153
16760	51.9153
16770	44.3873
16780	41.6998
16790	36.3441
16800	32.8522
16810	42.8522
16820	37.3684
16830	29.8947
16840	39.8947
16850	36.6316
16860	33.1579
16870	31.5088
16880	41.5088
16890	36.0351
16900	34.9825
16910	33.3333
16920	43.3333
16930	37.614
16940	36.5614
16950	46.5614
16960	42
16970	36.5263
16980	46.5263
16990	43.0526
17000	39.7895
17010	49.7895
17020	42.3158
17030	39.0526
17040	49.0526
17050	45.5789
17060	42.3189
17070	52.3189
17080	44.8132
17090	41.7699
17100	36.2146
17110	32.8223
17120	42.8223
17130	37.4671
17140	29.8817
17150	39.8817
17160	36.559
17170	33.0891
17180	43.0891
17190	38.3974
17200	33.1049
17210	31.9806
17220	30.7921
17230	29.1073
17240	39.1073
17250	38.125
17260	36.9788
17270	35.335
17280	45.335
17290	39.5423
17300	38.5834
17310	48.5834
17320	44.0286
17330	38.4464
17340	48.4464
17350	44.8848
17360	41.7363
17370	51.7363
17380	44.2149
17390	40.8838
17400	50.8838
17410	47.6846
17420	41.9136
17430	51.9136
17440	44.4562
17450	33.9431
17460	43.9431
17470	36.0554
17480	32.586
17490	30.8853
17500	27.8241
17510	37.8241
17520	36.5996
17530	34.8989
17540	44.8989
17550	39.1915
17560	36.1443
17570	46.1443
17580	41.5571
17590	35.714
17600	45.714
17610	42.2971
17620	39.2941
17630	49.2941
17640	41.841
17650	38.0859
17660	48.0859
17670	44.6908
17680	41.7454
17690	51.7454
17700	44.389
17710	40.5163
17720	50.5163
17730	47.518
17740	41.7305
17750	36.7178
17760	46.7178
17770	36.5637
17780	30.4059
17790	40.4059
17800	36.7188
17810	33.8133
17820	43.8133
17830	36.6571
17840	32.8952
17850	42.8952
17860	39.1585
17870	36.2253
17880	46.2253
17890	39.1326
17900	35.2276
17910	45.2276
17920	41.5364
17930	38.537
17940	48.537
17950	41.5007
17960	37.6461
17970	47.6461
17980	43.9589
17990	40.9601
18000	50.9601
18010	43.9047
18020	40.1761
18030	50.1761
18040	47.6208
18050	41.5742
18060	51.5742
18070	44.4303
18080	34.503
18090	44.503
18100	36.1396
18110	32.2663
18120	30.9114
18130	28.1363
18140	38.1363
18150	36.6987
18160	35.1074
18170	30.9495
18180	30.1778
18190	31.0477
18200	41.0477
18210	39.4395
18220	35.3441
18230	34.626
18240	33.1244
18250	33.7971
18260	43.7971
18270	39.7735
18280	39.6637
18290	36.8732
18300	33.1429
18310	43.1429
18320	36.6867
18330	29.9011
18340	29.3024
18350	27.9272
18360	28.4635
18370	38.4635
18380	34.4257
18390	33.8578
18400	32.5014
18410	30.6717
18420	29.4414
18430	39.4414
18440	38.8783
18450	37.4805
18460	35.6709
18470	31.6657
18480	32.8302
18490	42.8302
18500	40.1887
18510	36.4151
18520	32.2641
18530	25.4717
18540	35.4717
18550	34.9371
18560	33.4627
18570	31.6814
18580	27.6312
18590	29.2267
18600	39.2267
18610	37.7846
18620	36.0292
18630	31.9226
18640	31.421
18650	32.2674
18660	42.2674
18670	40.5119
18680	36.4141
18690	35.8855
18700	34.4012
18710	34.3064
18720	44.3064
18730	40.2804
18740	33.4579
18750	30.7477
18760	26.9159
18770	36.9159
18780	35.2336
18790	31.215
18800	30.6177
18810	29.0695
18820	29.757
18830	39.757
18840	35.813
18850	35.1319
18860	33.5148
18870	31.9142
18880	30.7885
18890	40.7885
18900	40.1357
18910	38.4074
18920	36.8333
18930	32.9444
18940	32.963
18950	42.963
18960	40.1852
18970	36.1111
18980	32.2222
18990	25.5556
19000	35.5556
19010	34.9074
19020	33.179
19030	31.6049
19040	27.7169
19050	29.1717
19060	39.1717
19070	37.4657
19080	35.9209
19090	32.0747
19100	31.3061
19110	31.9264
19120	41.9264
19130	40.4099
19140	36.5986
19150	35.8624
19160	34.0533
19170	34.1433
19180	44.1433
19190	40.2666
19200	33.7368
19210	30.8869
19220	26.7584
19230	36.7584
19240	35.1376
19250	31.3761
19260	30.6728
19270	28.8991
19280	29.6017
19290	39.6017
19300	35.8562
19310	35.1718
19320	33.3072
19330	31.7218
19340	30.7462
19350	40.7462
19360	40.0755
19370	38.1852
19380	36.5999
19390	32.8803
19400	33.0487
19410	43.0487
19420	40.2561
19430	36.0088
19440	32.0153
19450	25.5941
19460	35.5941
19470	34.9802
19480	33.08
19490	31.4331
19500	27.6868
19510	29.2276
19520	39.2276
19530	37.2941
19540	35.6627
19550	31.9164
19560	31.3424
19570	31.7942
19580	41.7942
19590	40.1893
19600	36.4039
19610	35.7623
19620	33.9004
19630	34.174
19640	44.174
19650	40.3133
19660	33.7607
19670	30.8761
19680	26.6766
19690	36.6766
19700	35.1385
19710	31.3939
19720	30.5697
19730	28.7955
19740	29.5098
19750	39.5098
19760	35.8156
19770	34.9852
19780	33.2058
19790	31.5655
19800	30.592
19810	40.592
19820	39.8251
19830	38.0257
19840	36.3738
19850	32.6569
19860	33.0973
19870	43.0973
19880	40.1808
19890	36.0326
19900	32.0681
19910	25.5311
19920	35.5311
19930	34.7958
19940	33.038
19950	31.3969
19960	27.6138
19970	28.9671
19980	38.9671
19990	37.2712
20000	35.5676
20010	31.8489
20020	31.0616
20030	31.6507
20040	41.6507
20050	39.8775
20060	36.2081
20070	35.471
20080	33.6595
20090	34.2885
20100	44.2885
20110	40.5602
20120	39.9445
20130	37.1059
20140	32.8826
20150	42.8826
20160	36.4871
20170	30.0286
20180	29.3094
20190	27.4329
20200	28.092
20210	38.092
20220	34.4448
20230	33.6493
20240	31.7175
20250	30.0698
20260	29.1607
20270	39.1607
20280	38.3652
20290	36.4334
20300	34.7877
20310	31.1613
20320	32.539
20330	42.539
20340	40.5145
20350	38.8998
20360	35.2958
20370	34.5389
20380	34.1969
20390	44.1969
20400	39.7786
20410	35.8757
20420	29.4338
20430	26.5657
20440	36.5657
20450	34.6018
20460	32.9581
20470	29.1941
20480	28.5205
20490	28.9465
20500	38.9465
20510	37.3094
20520	33.577
20530	32.9327
20540	30.8879
20550	31.5882
20560	41.5882
20570	37.8627
20580	37.2185
20590	35.1736
20600	33.5496
20610	32.5777
20620	42.5777
20630	42.7576
20640	39.8943
20650	35.4749
20660	31.5636
20670	41.5636
20680	32.4161
20690	31.5985
20700	29.6134
20710	28.0535
20720	27.1343
20730	37.1343
20740	36.2708
20750	34.2931
20760	32.7332
20770	29.0842
20780	30.3955
20790	40.3955
20800	38.4305
20810	36.8892
20820	33.2697
20830	32.2975
20840	32.7434
20850	42.7434
20860	41.2398
20870	37.6723
20880	36.6397
20890	34.6231
20900	34.1159
20910	44.1159
20920	40.371
20930	34.0697
20940	30.8337
20950	26.4456
20960	36.4456
20970	35.0251
20980	31.4104
20990	30.3076
21000	28.3571
21010	29.2355
21020	39.2355
21030	35.6508
21040	34.4627
21050	32.5376
21060	31.1678
21070	30.317
21080	40.317
21090	39.1074
21100	37.1482
21110	35.7204
21120	32.2327
21130	33.2954
21140	43.2954
21150	41.3062
21160	39.8621
21170	36.3744
21180	35.2027
21190	34.0871
21200	44.0871
21210	39.7125
21220	35.9976
21230	29.8409
21240	26.3315
21250	36.3315
21260	34.375
21270	32.962
21280	29.5109
21290	28.2337
21300	28.6685
21310	38.6685
21320	37.2598
21330	33.775
21340	32.5143
21350	30.5818
21360	31.4761
21370	41.4761
21380	37.9311
21390	36.6489
21400	34.7421
21410	33.3828
21420	32.572
21430	42.572
21440	41.2334
21450	39.3285
21460	37.954
21470	34.5209
21480	33.4048
21490	43.4048
21500	39.8803
21510	35.5742
21520	31.9171
21530	25.8571
21540	35.8571
21550	34.4935
21560	32.5951
21570	31.2315
21580	27.8625
21590	28.7716
21600	38.7716
21610	36.8732
21620	35.5156
21630	32.128
21640	30.7946
21650	31.3202
21660	41.3202
21670	40.017
21680	36.58
21690	35.2948
21700	33.491
21710	34.0404
21720	44.0404
21730	40.3968
21740	34.2099
21750	30.6872
21760	26.5757
21770	36.5757
21780	35.2271
21790	31.7706
21800	30.425
21810	28.6835
21820	29.607
21830	39.607
21840	36.1506
21850	34.8049
21860	33.0653
21870	31.7274
21880	30.918
21890	40.918
21900	39.5981
21910	37.8875
21920	36.5735
21930	33.0302
21940	33.3294
21950	43.3294
21960	39.776
21970	35.6168
21980	32.0727
21990	25.8754
22000	35.8754
22010	34.5633
22020	32.7211
22030	31.393
22040	27.9836
22050	28.912
22060	38.912
22070	37.0399
22080	35.6778
22090	32.3704
22100	31.0014
22110	31.4991
22120	41.4991
22130	40.1478
22140	36.7627
22150	35.4225
22160	33.5675
22170	34.0224
22180	44.0224
22190	40.4322
22200	34.2726
22210	30.6941
22220	26.5033
22230	36.5033
22240	35.2032
22250	31.6528
22260	30.3644
22270	28.5695
22280	29.5438
22290	39.5438
22300	35.9541
22310	34.672
22320	32.8772
22330	31.5951
22340	30.7226
22350	40.7226
22360	39.403
22370	37.6256
22380	36.366
22390	32.811
22400	33.376
22410	43.376
22420	39.7187
22430	35.601
22440	45.601
22450	39.335
22460	31.3385
22470	41.3385
22480	37.7245
22490	33.5808
22500	43.5808
22510	37.2887
22520	33.8877
22530	43.8877
22540	40.3344
22550	36.172
22560	46.172
22570	39.8775
22580	36.4794
22590	46.4794
22600	42.8771
22610	38.7355
22620	48.7355
22630	42.4789
22640	39.1147
22650	49.1147
22660	45.4582
22670	41.264
22680	51.264
22690	45.0485
22700	42.2475
22710	36.6919
22720	46.6919
22730	40.7828
22740	34.1667
22750	44.1667
22760	35.236
22770	31.9133
22780	41.9133
22790	38.2992
22800	34.0861
22810	44.0861
22820	37.7699
22830	34.4329
22840	44.4329
22850	40.8531
22860	36.6757
22870	46.6758
22880	40.4066
22890	36.9632
22900	46.9632
22910	43.342
22920	39.229
22930	49.229
22940	43.035
22950	39.4983
22960	49.4983
22970	45.8704
22980	41.7992
22990	51.7992
23000	45.6516
23010	42.435
23020	36.5824
23030	46.5824
23040	40.6307
23050	34.1439
23060	44.1439
23070	35.3846
23080	31.8362
23090	41.8362
23100	38.139
23110	33.995
23120	43.995
23130	37.9156
23140	34.3672
23150	44.3672
23160	40.67
23170	36.5261
23180	46.5261
23190	40.4513
23200	36.9124
23210	46.9124
23220	43.1445
23230	39.028
23240	49.028
23250	42.9976
23260	39.5016
23270	49.5016
23280	45.7317
23290	41.5614
23300	51.5614
23310	45.6054
23320	42.1247
23330	52.1247
23340	32.9117
23350	42.9117
23360	36.3931
23370	30.4717
23380	40.4717
23390	34.6486
23400	32.3096
23410	42.3096
23420	38.1495
23430	32.2489
23440	42.2489
23450	38.638
23460	34.9793
23470	44.9793
23480	40.7495
23490	34.906
23500	44.906
23510	41.2629
23520	37.6199
23530	47.6199
23540	43.3936
23550	37.5213
23560	47.5213
23570	43.8982
23580	40.2807
23590	50.2807
23600	46.0891
23610	40.1093
23620	50.1093
23630	47.3446
23640	41.4919
23650	51.4919
23660	43.382
23670	36.8659
23680	46.8659
23690	35.4277
23700	31.8883
23710	41.8883
23720	38.3521
23730	34.2715
23740	44.2715
23750	38.1715
23760	34.6878
23770	44.6878
23780	41.0515
23790	37.0161
23800	47.0161
23810	40.9807
23820	37.4362
23830	47.4362
23840	43.7398
23850	39.7606
23860	49.7606
23870	43.6806
23880	40.15
23890	38.3213
23900	34.6523
23910	44.6523
23920	38.3693
23930	32.2542
23940	42.2542
23950	36.4748
23960	32.8058
23970	42.8058
23980	38.8489
23990	32.7338
24000	42.7338
24010	39.2086
24020	35.5396
24030	45.5396
24040	41.5827
24050	35.4676
24060	45.4676
24070	41.9424
24080	38.2761
24090	48.2761
24100	44.3332
24110	38.2406
24120	48.2406
24130	44.6135
24140	40.9825
24150	50.9825
24160	48.695
24170	42.4064
24180	33.7078
24190	43.7078
24200	37.7143
24210	31.881
24220	41.881
24230	37.881
24240	31.881
24250	41.881
24260	38.1705
24270	34.6082
24280	44.6082
24290	40.6287
24300	34.5468
24310	44.5468
24320	40.8523
24330	37.3222
24340	47.3222
24350	43.3759
24360	37.3012
24370	47.3012
24380	43.5136
24390	40.0155
24400	50.0155
24410	46.1022
24420	40.0656
24430	50.0656
24440	47.2821
24450	41.1992
24460	51.1992
24470	43.2519
24480	37.0601
24490	47.0601
24500	35.7311
24510	31.8632
24520	41.8632
24530	38.4198
24540	34.5519
24550	44.5519
24560	38.5613
24570	34.6934
24580	44.6934
24590	41.25
24600	37.3821
24610	47.3821
24620	41.3915
24630	37.5236
24640	47.5236
24650	44.0802
24660	40.2123
24670	50.2123
24680	44.2217
24690	40.3538
24700	38.0896
24710	34.6462
24720	30.7783
24730	40.7783
24740	34.7952
24750	30.9071
24760	40.9071
24770	37.4171
24780	33.5991
24790	43.5991
24800	37.6873
24810	33.7149
24820	43.7149
24830	40.2128
24840	36.4347
24850	46.4347
24860	40.5602
24870	36.5174
24880	46.5174
24890	43.0469
24900	39.1936
24910	49.1936
24920	43.3562
24930	39.3462
24940	49.3462
24950	45.9071
24960	41.9461
24970	51.9461
24980	46.1419
24990	42.1559
25000	52.1559
25010	47.6457
25020	41.9814
25030	35.6643
25040	45.6643
25050	37.2073
25060	30.9016
25070	40.9016
25080	37.4964
25090	33.538
25100	43.538
25110	37.6378
25120	33.6957
25130	43.6957
25140	40.3215
25150	36.3956
25160	46.3956
25170	40.5068
25180	36.5969
25190	46.5969
25200	43.2538
25210	39.3601
25220	49.3601
25230	43.3879
25240	39.499
25250	38.0093
25260	34.6759
25270	30.787
25280	40.787
25290	34.8271
25300	30.9543
25310	40.9543
25320	37.5311
25330	33.6743
25340	43.6743
25350	37.739
25360	33.8822
25370	43.8822
25380	40.441
25390	36.5842
25400	46.5842
25410	40.6489
25420	36.7921
25430	46.7921
25440	43.351
25450	39.4942
25460	49.4942
25470	43.5711
25480	39.7302
25490	49.7302
25500	46.3149
25510	42.49
25520	52.49
25530	46.5576
25540	42.2969
25550	52.2969
25560	43.8902
25570	38.2759
25580	48.2759
25590	39.8752
25600	31.2305
25610	41.2305
25620	37.4773
25630	34.0372
25640	44.0372
25650	40.1783
25660	34.2323
25670	44.2323
25680	40.542
25690	37.0263
25700	47.0263
25710	43.2222
25720	37.2313
25730	47.2313
25740	43.5639
25750	40.0331
25760	50.0331
25770	46.2192
25780	40.2501
25790	50.2501
25800	47.196
25810	41.1914
25820	35.4664
25830	45.4664
25840	39.2359
25850	30.6843
25860	40.6843
25870	36.9702
25880	33.5313
25890	43.5313
25900	39.5494
25910	33.6671
25920	43.6671
25930	39.9567
25940	36.5178
25950	46.5178
25960	42.5359
25970	36.6535
25980	46.6535
25990	42.9431
26000	39.5007
26010	49.5007
26020	45.5303
26030	39.6671
26040	49.6671
26050	45.9835
26060	42.4381
26070	52.4381
26080	48.5161
26090	42.2907
26100	52.2907
26110	41.1378
26120	35.1386
26130	45.1386
26140	36.9927
26150	33.1713
26160	43.1713
26170	37.2401
26180	33.5745
26190	43.5745
26200	39.9381
26210	36.1026
26220	46.1026
26230	40.2289
26240	36.4955
26250	46.4955
26260	42.8955
26270	39.0289
26280	49.0289
26290	43.1622
26300	39.4289
26310	49.4289
26320	45.8289
26330	41.9622
26340	51.9622
26350	46.0955
26360	42.3786
26370	36.3396
26380	46.3396
26390	40.4318
26400	34.2991
26410	44.2991
26420	35.8628
26430	32.0575
26440	42.0575
26450	38.385
26460	34.5796
26470	44.5796
26480	38.7878
26490	34.9917
26500	44.9917
26510	41.2543
26520	37.4734
26530	47.4734
26540	41.7118
26550	37.937
26560	47.937
26570	44.1621
26580	40.3873
26590	50.3873
26600	44.635
26610	40.8387
26620	50.8387
26630	32.8429
26640	42.8429
26650	36.7033
26660	31.0061
26670	41.0061
26680	34.8639
26690	32.309
26700	42.309
26710	38.4897
26720	32.702
26730	42.702
26740	38.8978
26750	35.23
26760	45.23
26770	41.4409
26780	35.6812
26790	45.6812
26800	41.9072
26810	38.2693
26820	48.2693
26830	44.5103
26840	38.6557
26850	48.6557
26860	44.9232
26870	41.2596
26880	51.2596
26890	48.3765
26900	42.3913
26910	52.3913
26920	41.1739
26930	35.1957
26940	45.1957
26950	36.9348
26960	33.2416
26970	43.2416
26980	37.3429
26990	33.6646
27000	43.6646
27010	39.8769
27020	36.2134
27030	46.2134
27040	40.2951
27050	36.6464
27060	46.6464
27070	42.8777
27080	39.2438
27090	49.2438
27100	43.2301
27110	39.611
27120	38.145
27130	34.406
27140	30.7991
27150	40.7991
27160	34.73
27170	31.1231
27180	41.1231
27190	37.3866
27200	33.7797
27210	43.7797
27220	37.7106
27230	34.1037
27240	44.1037
27250	40.3672
27260	36.7603
27270	46.7603
27280	40.7142
27290	37.072
27300	47.072
27310	43.3848
27320	39.7073
27330	49.7073
27340	43.7073
27350	40.0299
27360	50.0299
27370	46.3525
27380	42.6751
27390	52.6751
27400	46.6865
27410	42.3157
27420	52.3157
27430	44.1036
27440	38.039
27450	48.039
27460	39.8537
27470	31.247
27480	41.247
27490	37.6258
27500	33.75
27510	43.75
27520	40.1311
27530	34.1996
27540	44.1996
27550	40.5808
27560	36.7024
27570	46.7024
27580	43.1183
27590	37.1721
27600	47.1721
27610	43.5166
27620	39.6017
27630	49.6017
27640	46.0698
27650	40.1124
27660	50.1124
27670	47.3404
27680	41.4062
27690	35.179
27700	45.179
27710	39.4081
27720	30.7225
27730	40.7225
27740	37.0919
27750	33.2066
27760	43.2066
27770	39.7034
27780	33.6524
27790	43.6524
27800	40.0247
27810	36.1472
27820	46.1472
27830	42.6612
27840	36.5389
27850	46.5389
27860	42.9401
27870	39.0919
27880	49.0919
27890	45.5583
27900	39.4404
27910	49.4404
27920	45.8606
27930	42.0495
27940	52.0495
27950	48.4092
27960	42.2544
27970	52.2544
27980	41.9579
27990	36.0394
28000	46.0394
28010	37.7161
28020	31.5341
28030	41.5341
28040	38.0993
28050	34.4268
28060	44.4268
28070	40.7638
28080	34.4952
28090	44.4952
28100	41.0922
28110	37.4388
28120	47.4388
28130	43.7853
28140	37.5014
28150	47.5014
28160	44.087
28170	40.4109
28180	38.9491
28190	35.4243
28200	45.4243
28210	37.2765
28220	33.8023
28230	30.0922
28240	26.5578
28250	36.5578
28260	35.2667
28270	33.983
28280	32.5977
28290	29.0501
28300	30.0436
28310	40.0436
28320	38.7125
28330	37.3723
28340	33.8682
28350	32.612
28360	33.5501
28370	43.5501
28380	42.2295
28390	38.7521
28400	37.5926
28410	34.0123
28420	44.0123
28430	38.1687
28440	34.5885
28450	28.4156
28460	27.0988
28470	28.0453
28480	38.0453
28490	36.7284
28500	33.251
28510	31.9342
28520	30.6173
28530	31.5684
28540	41.5684
28550	38.1077
28560	36.7273
28570	35.4336
28580	34.14
28590	33.3802
28600	43.3802
28610	42.5873
28620	38.9117
28630	35.3593
28640	31.807
28650	41.807
28660	32.9774
28670	31.5811
28680	30.2875
28690	28.9938
28700	28.2396
28710	38.2396
28720	36.8573
28730	35.5822
28740	34.2092
28750	30.7871
28760	31.6934
28770	41.6934
28780	40.4367
28790	39.0006
28800	35.6059
28810	34.2562
28820	44.2562
28830	42.9857
28840	39.4888
28850	35.7464
28860	29.6728
28870	26.0532
28880	36.0532
28890	34.8057
28900	33.3538
28910	29.9591
28920	28.6094
28930	29.6146
28940	39.6146
28950	38.1711
28960	34.7917
28970	33.4596
28980	32.1331
28990	32.9934
29000	42.9934
29010	39.6358
29020	38.3222
29030	37.0132
29040	35.5061
29050	45.5061
29060	43.7687
29070	37.7703
29080	34.219
29090	30.6723
29100	26.7886
29110	36.7886
29120	33.4821
29130	32.1838
29140	30.8744
29150	29.3228
29160	28.7156
29170	38.7156
29180	37.3823
29190	36.0536
29200	34.5272
29210	31.2147
29220	32.1642
29230	42.1642
29240	40.851
29250	39.3359
29260	36.0026
29270	34.6894
29280	44.6894
29290	43.0505
29300	39.477
29310	35.6658
29320	29.6793
29330	26.0489
29340	36.0489
29350	34.7586
29360	33.2666
29370	29.9602
29380	28.5691
29390	29.5368
29400	39.5368
29410	38.0449
29420	34.7384
29430	33.3473
29440	32.057
29450	32.8634
29460	42.8634
29470	39.557
29480	38.1615
29490	36.8557
29500	35.3859
29510	45.3859
29520	43.8016
29530	37.8916
29540	34.1603
29550	30.5305
29560	26.8176
29570	36.8176
29580	33.6112
29590	32.2112
29600	30.813
29610	29.4
29620	28.8632
29630	38.8632
29640	37.4177
29650	36.0631
29660	34.6098
29670	31.4448
29680	32.2915
29690	42.2915
29700	40.9559
29710	39.5244
29720	36.3038
29730	34.8724
29740	44.8724
29750	42.9821
29760	39.3837
29770	35.666
29780	29.8012
29790	26.0926
29800	36.0926
29810	34.7875
29820	33.3131
29830	30.0457
29840	28.6596
29850	29.6146
29860	39.6146
29870	38.1431
29880	34.8967
29890	33.5331
29900	32.1694
29910	32.9995
29920	42.9995
29930	39.7584
29940	38.3947
29950	37.0311
29960	35.5687
29970	45.5687
29980	43.7352
29990	37.8458
30000	34.2095
30010	30.5731
30020	26.8182
30030	36.8182
30040	33.5771
30050	32.2134
30060	30.8498
30070	29.3874
30080	28.7997
30090	38.7997
30100	37.4495
30110	36.0249
30120	34.5851
30130	31.3701
30140	32.3016
30150	42.3016
30160	40.8752
30170	39.4534
30180	36.166
30190	34.8471
30200	44.8471
30210	43.0552
30220	39.3224
30230	35.6575
30240	29.6667
30250	26.1373
30260	36.1373
30270	34.6667
30280	33.2941
30290	29.9608
30300	28.6863
30310	29.5098
30320	39.5098
30330	38.1373
30340	34.8039
30350	33.5294
30360	32.0588
30370	32.9608
30380	42.9608
30390	39.6275
30400	38.3529
30410	36.8824
30420	35.5098
30430	45.5098
30440	43.7843
30450	37.7843
30460	34.2549
30470	30.4902
30480	26.8431
30490	36.8431
30500	33.5161
30510	32.2556
30520	30.7576
30530	29.3467
30540	28.7217
30550	38.7217
30560	37.4912
30570	35.9678
30580	34.542
30590	31.2608
30600	32.2764
30610	42.2764
30620	40.7583
30630	39.3156
30640	36.0613
30650	34.8623
30660	44.8623
30670	43.0739
30680	39.3018
30690	35.5342
30700	29.623
30710	26.2141
30720	36.2141
30730	34.7578
30740	33.2973
30750	29.9836
30760	28.8393
30770	29.7044
30780	39.7044
30790	38.1957
30800	34.8495
30810	33.7276
30820	32.3156
30830	33.1087
30840	43.1087
30850	39.7624
30860	38.6406
30870	37.2286
30880	35.7199
30890	45.7199
30900	43.6944
30910	37.6789
30920	34.3344
30930	30.6462
30940	26.8464
30950	36.8464
30960	33.4379
30970	32.3375
30980	30.9446
30990	29.4634
31000	28.7412
31010	38.7412
31020	37.6588
31030	36.1944
31040	34.7301
31050	31.3389
31060	32.4757
31070	42.4757
31080	41.0114
31090	39.547
31100	36.1569
31110	35.083
31120	45.083
31130	43.1115
31140	39.3728
31150	35.5385
31160	29.5
31170	26.2308
31180	36.2308
31190	34.7885
31200	33.25
31210	29.8846
31220	28.8269
31230	29.6583
31240	39.6583
31250	38.1331
31260	34.7882
31270	33.7518
31280	32.2355
31290	33.0121
31300	43.0121
31310	39.703
31320	38.7003
31330	37.1324
31340	35.5645
31350	45.5645
31360	43.652
31370	37.7055
31380	34.5124
31390	30.631
31400	26.7539
31410	36.7539
31420	33.4232
31430	32.4457
31440	30.8999
31450	29.3541
31460	28.6722
31470	38.6722
31480	37.7114
31490	36.107
31500	34.5832
31510	31.2499
31520	32.488
31530	42.488
31540	40.8689
31550	39.3451
31560	36.0118
31570	35.0594
31580	45.0594
31590	43.221
31600	39.2344
31610	35.4233
31620	29.4487
31630	26.3321
31640	36.3321
31650	34.6299
31660	33.1116
31670	29.861
31680	28.8969
31690	29.5198
31700	39.5198
31710	37.9625
31720	34.744
31730	33.7956
31740	32.0975
31750	32.8145
31760	42.8145
31770	39.607
31780	38.6636
31790	36.9654
31800	35.3617
31810	45.3617
31820	43.6226
31830	37.7736
31840	34.6415
31850	30.6038
31860	26.6792
31870	36.6792
31880	33.4747
31890	32.5379
31900	30.8023
31910	29.2142
31920	28.6681
31930	38.6681
31940	37.7478
31950	35.9846
31960	34.3651
31970	31.2003
31980	32.4785
31990	42.4785
32000	40.7304
32010	39.0762
32020	35.9183
32030	35.0161
32040	45.0161
32050	43.3271
32060	39.2221
32070	35.2437
32080	29.4666
32090	26.3982
32100	36.3982
32110	34.5783
32120	32.9478
32130	29.7953
32140	28.9233
32150	29.4824
32160	39.4824
32170	37.8719
32180	34.6716
32190	33.8159
32200	31.9839
32210	32.7102
32220	42.7102
32230	39.5327
32240	38.6948
32250	36.8119
32260	35.1992
32270	45.1992
32280	43.5813
32290	37.8212
32300	34.8545
32310	30.559
32320	26.6029
32330	36.6029
32340	33.4959
32350	32.6223
32360	30.7264
32370	29.1093
32380	28.626
32390	38.626
32400	37.7524
32410	35.8565
32420	34.2374
32430	31.1228
32440	32.4416
32450	42.4416
32460	40.5827
32470	38.916
32480	35.7698
32490	34.9239
32500	44.924
32510	43.4027
32520	39.2172
32530	35.1661
32540	29.4465
32550	26.3878
32560	36.3878
32570	34.5927
32580	32.8941
32590	29.7265
32600	28.8609
32610	29.4362
32620	39.4362
32630	37.7548
32640	34.533
32650	33.6875
32660	31.9227
32670	32.5845
32680	42.5845
32690	39.3492
32700	38.5036
32710	36.7389
32720	35.0661
32730	34.4779
32740	44.4779
32750	42.5551
32760	39.5404
32770	35.4228
32780	31.4174
32790	41.4174
32800	32.8725
32810	32.0491
32820	30.3172
32830	28.5956
32840	27.9777
32850	37.9777
32860	37.1837
32870	35.4792
32880	33.6876
32890	30.4335
32900	31.8086
32910	41.8086
32920	40.1212
32930	38.2738
32940	35.0439
32950	34.2775
32960	44.2775
32970	43.4142
32980	39.4124
32990	35.1232
33000	29.2714
33010	26.3765
33020	36.3765
33030	34.7418
33040	32.7966
33050	29.6453
33060	28.8663
33070	29.5901
33080	39.5901
33090	37.6414
33100	34.5206
33110	33.6877
33120	32.1145
33130	32.5648
33140	42.5648
33150	39.4391
33160	38.5606
33170	37.0191
33180	35.1272
33190	45.1272
33200	43.5496
33210	37.7658
33220	34.6847
33230	30.8468
33240	26.5766
33250	36.5766
33260	33.4263
33270	32.5316
33280	30.9641
33290	29.0876
33300	28.584
33310	38.584
33320	37.7074
33330	36.0913
33340	34.1964
33350	31.1007
33360	32.4269
33370	42.4269
33380	40.7782
33390	38.8606
33400	35.7782
33410	34.9359
33420	44.9359
33430	43.3692
33440	39.3907
33450	35.0896
33460	29.3907
33470	26.3799
33480	36.3799
33490	34.7312
33500	32.8153
33510	29.7394
33520	28.8635
33530	29.5587
33540	39.5587
33550	37.6625
33560	34.5981
33570	33.6913
33580	32.0733
33590	32.5708
33600	42.5708
33610	39.4458
33620	38.5545
33630	36.9531
33640	35.0455
33650	45.0455
33660	43.5322
33670	37.8075
33680	34.7625
33690	30.8454
33700	26.5342
33710	36.5342
33720	33.3954
33730	32.5606
33740	30.9273
33750	29.0105
33760	28.5057
33770	38.5057
33780	37.687
33790	36.0735
33800	34.1055
33810	30.9849
33820	32.3324
33830	42.3324
33840	40.7189
33850	38.7509
33860	35.6312
33870	34.8202
33880	44.8202
33890	43.3949
33900	39.476
33910	35.0443
33920	29.3274
33930	26.3578
33940	36.3578
33950	34.7772
33960	32.7588
33970	29.6846
33980	28.8189
33990	29.5556
34000	39.5556
34010	37.5267
34020	34.4374
34030	33.6289
34040	32.0296
34050	32.4071
34060	42.4071
34070	39.3415
34080	38.5633
34090	36.9171
34100	34.9206
34110	44.9206
34120	43.4501
34130	37.7933
34140	34.8687
34150	30.8932
34160	26.4841
34170	36.4841
34180	33.4505
34190	32.695
34200	31.0691
34210	29.0062
34220	28.5866
34230	38.5866
34240	37.8348
34250	36.209
34260	34.146
34270	31.1215
34280	32.5102
34290	42.5102
34300	40.8564
34310	38.8271
34320	35.848
34330	35.0466
34340	45.0466
34350	43.4007
34360	39.366
34370	34.9743
34380	29.4444
34390	26.4221
34400	36.4221
34410	34.718
34420	32.7136
34430	29.7478
34440	28.9347
34450	29.5921
34460	39.5921
34470	37.5679
34480	34.5921
34490	33.7789
34500	32.1007
34510	32.4832
34520	42.4832
34530	39.5235
34540	38.6829
34550	37.0353
34560	34.9664
34570	44.9664
34580	43.4317
34590	37.9225
34600	34.8985
34610	30.8828
34620	26.42
34630	36.42
34640	33.5112
34650	32.6678
34660	30.9639
34670	28.9157
34680	28.5886
34690	38.5886
34700	37.7372
34710	36.0397
34720	34.0022
34730	31.1094
34740	32.3809
34750	42.3809
34760	40.6916
34770	38.6773
34780	35.8136
34790	34.8682
34800	44.8682
34810	43.4075
34820	39.3322
34830	34.9486
34840	29.5377
34850	26.387
34860	36.387
34870	34.6575
34880	32.6729
34890	29.8126
34900	28.8627
34910	29.4928
34920	39.4928
34930	37.527
34940	34.6227
34950	33.6878
34960	31.947
34970	32.3883
34980	42.3883
34990	39.5043
35000	38.579
35010	36.7916
35020	34.8658
35030	44.8658
35040	43.4746
35050	38.0612
35060	34.898
35070	30.7143
35080	26.4286
35090	36.4286
35100	33.5884
35110	32.619
35120	30.7993
35130	28.8946
35140	28.6224
35150	38.6224
35160	37.6531
35170	35.8333
35180	33.926
35190	31.0911
35200	32.3238
35210	42.3238
35220	40.5209
35230	38.5515
35240	35.7323
35250	34.7746
35260	44.7746
35270	43.4468
35280	39.3374
35290	34.9493
35300	29.5439
35310	26.3588
35320	36.3588
35330	34.6427
35340	32.6817
35350	29.8029
35360	28.776
35370	29.4197
35380	39.4197
35390	37.4284
35400	34.567
35410	33.5586
35420	31.8779
35430	32.2557
35440	42.2557
35450	39.3742
35460	38.3953
35470	36.7537
35480	34.6934
35490	44.6934
35500	43.4556
35510	38.0169
35520	34.8283
35530	30.9167
35540	26.4081
35550	36.4081
35560	33.6003
35570	32.6296
35580	31.0017
35590	28.8754
35600	28.6429
35610	38.6429
35620	37.6794
35630	36.0515
35640	33.9253
35650	31.1346
35660	32.3674
35670	42.3674
35680	40.7013
35690	38.5912
35700	35.8217
35710	34.8764
35720	44.8764
35730	43.4163
35740	39.3864
35750	34.859
35760	29.5357
35770	26.4013
35780	36.4013
35790	34.7098
35800	32.6036
35810	29.8342
35820	28.8889
35830	29.5357
35840	39.5357
35850	37.4295
35860	34.66
35870	33.7148
35880	32.0232
35890	32.3383
35900	42.3383
35910	39.5688
35920	38.6236
35930	36.932
35940	34.8259
35950	44.8259
35960	43.3831
35970	38.0597
35980	34.9254
35990	30.8955
36000	26.3682
