10	10
20	2
30	2
40	2
50	2
60	2
70	4.5
80	14.5
90	16
100	15
110	25
120	20
130	15
140	25
150	20
160	15
170	25
180	20
190	15
200	25
210	20
220	15
230	25
240	20
250	15
260	25
270	20.5714
280	19.4286
290	29.4286
300	26.5714
310	28
320	38
330	35.5714
340	32.5
350	30.4286
360	27.5
370	37.5
380	29.0417
390	25.125
400	25.875
410	35.875
420	32.5417
430	29.2083
440	28.9
450	26.9333
460	36.9333
470	31.3
480	26
490	24
500	34
510	32.4846
520	30.3538
530	40.3538
540	35.0692
550	31.5385
560	29.2308
570	25.3846
580	35.3846
590	30
600	27.6923
610	37.6923
620	36.3022
630	33.0549
640	29.5275
650	25
660	35
670	30.7143
680	27.8571
690	26.4286
700	36.4286
710	32.1429
720	30.7143
730	40.7143
740	36.0952
750	31.3381
760	24.1238
770	34.1238
780	30.7905
790	31.3333
800	27.9804
810	26.2392
820	36.2392
830	30.7882
840	26.6706
850	36.6706
860	34.8731
870	33.6966
880	29.13
890	39.13
900	34.1579
910	33.1053
920	43.1053
930	37.3158
940	34.6842
950	29.9474
960	39.9474
970	38.8947
980	35.6466
990	30.7343
1000	40.7343
1010	40.193
1020	38.7644
1030	48.7644
1040	39.8899
1050	38.501
1060	36.0984
1070	46.0984
1080	41.553
1090	39.6753
1100	36.9481
1110	33.1818
1120	43.1818
1130	35
1140	32.7273
1150	26.8182
1160	36.8182
1170	32.1591
1180	32.0076
1190	30.0758
1200	40.0758
1210	35.0758
1220	34.8585
1230	33.3318
1240	43.3318
1250	38.8118
1260	34.0785
1270	44.0785
1280	40.0785
1290	35.6785
1300	45.6785
1310	44.8785
1320	42.8785
1330	52.8785
1340	44.9893
1350	35.5831
1360	45.5831
1370	43.9631
1380	40.4862
1390	33.1785
1400	43.1785
1410	37.0246
1420	34.2308
1430	30.3846
1440	40.3846
1450	34.2308
1460	30.8191
1470	27.1652
1480	37.1652
1490	36.9373
1500	36.567
1510	46.567
1520	39.9003
1530	37.5285
1540	47.5285
1550	41.9729
1560	36.4174
1570	46.4174
1580	36.4174
1590	36.1766
1600	35.6952
1610	45.6952
1620	42.3618
1630	40.2507
1640	50.2507
1650	46.4416
1660	40.3265
1670	50.3265
1680	40.3265
1690	38.8909
1700	37.9794
1710	35.2152
1720	45.2152
1730	38.8098
1740	31.9279
1750	28.4144
1760	27.6147
1770	24.5426
1780	34.5426
1790	33.3666
1800	43.3666
1810	40.0333
1820	37.483
1830	47.483
1840	41.1958
1850	34.5124
1860	44.5124
1870	34.9624
1880	34.4795
1890	33.5734
1900	31.6905
1910	41.6905
1920	34.7161
1930	33.9844
1940	43.9844
1950	42.0332
1960	38.3746
1970	34.7161
1980	31.3015
1990	41.3015
2000	37.6429
2010	37.399
2020	36.6673
2030	46.6673
2040	43.0088
2050	35.9356
2060	35.1691
2070	45.1691
2080	43.3073
2090	39.9089
2100	38.3967
2110	34.111
2120	44.111
2130	40.7777
2140	39.5238
2150	38.0952
2160	48.0952
2170	43.0952
2180	36.4892
2190	29.1494
2200	25.1753
2210	35.1753
2220	32.4481
2230	32.8571
2240	31.9481
2250	41.9481
2260	37.6299
2270	31.7208
2280	30.8117
2290	40.8117
2300	39.6753
2310	36.9481
2320	34.6753
2330	31.039
2340	41.039
2350	38.3117
2360	38.7662
2370	48.7662
2380	44.8066
2390	40.6248
2400	34.9986
2410	33.5556
2420	32
2430	42
2440	39.5556
2450	34
2460	30
2470	25.5556
2480	35.5556
2490	33.172
2500	33.9029
2510	31.899
2520	41.899
2530	38.1121
2540	32.9271
2550	30.8503
2560	40.8503
2570	40.3114
2580	38.3965
2590	48.3965
2600	43.5029
2610	38.1
2620	36.3675
2630	34.8654
2640	32.6617
2650	42.6617
2660	39.6147
2670	35.4318
2680	31.2604
2690	25.4269
2700	35.4269
2710	34.2269
2720	44.2269
2730	41.5746
2740	39.3208
2750	49.3208
2760	45.5469
2770	38.3069
2780	48.3069
2790	39.9093
2800	36.9045
2810	35.5348
2820	34.3879
2830	32.3641
2840	42.3641
2850	40.4682
2860	36.4535
2870	30.7554
2880	25.0147
2890	35.0147
2900	33.9036
2910	43.9036
2920	41.311
2930	37.9776
2940	47.9776
2950	45.0147
2960	38.348
2970	48.348
2980	39.4591
2990	36.1258
3000	35.0147
3010	34.4444
3020	31.8519
3030	41.8519
3040	40.1852
3050	36.2963
3060	30.7407
3070	25
3080	35
3090	33.9899
3100	43.9899
3110	40.899
3120	37.7677
3130	47.7677
3140	44.9697
3150	38.6061
3160	48.6061
3170	38.9697
3180	35.8788
3190	34.9697
3200	34.5435
3210	31.3981
3220	41.3981
3230	39.5643
3240	36.3011
3250	31.4035
3260	24.7368
3270	34.7368
3280	34.3013
3290	44.3013
3300	41.1978
3310	37.8857
3320	47.8857
3330	43.8872
3340	38.551
3350	48.551
3360	38.6602
3370	35.593
3380	35.597
3390	45.597
3400	42.3785
3410	40.4547
3420	50.4547
3430	46.7998
3440	42.0215
3450	52.0215
3460	42.2237
3470	38.5902
3480	37.4281
3490	47.4281
3500	42.2525
3510	35.4935
3520	45.4935
3530	37.8066
3540	34.8015
3550	44.8015
3560	37.8784
3570	30.6476
3580	40.6476
3590	39.8784
3600	36.3399
3610	34.0322
3620	31.7245
3630	41.7245
3640	37.9856
3650	35.1604
3660	35.4635
3670	45.4635
3680	41.5553
3690	39.2081
3700	49.2081
3710	46.5948
3720	42.2158
3730	52.2158
3740	41.5916
3750	38.7995
3760	48.7995
3770	45.8365
3780	41.1599
3790	51.1599
3800	40.2903
3810	29.8836
3820	29.9214
3830	39.9214
3840	36.3513
3850	33.166
3860	33.0216
3870	43.0216
3880	39.2708
3890	32.5055
3900	32.5055
3910	42.5055
3920	40.0109
3930	36.5223
3940	34.9276
3950	32.5543
3960	42.5543
3970	38.8557
3980	38.1707
3990	48.1707
4000	45.842
4010	42.4173
4020	35.294
4030	33.5616
4040	32.8767
4050	42.8767
4060	38.0822
4070	30.9589
4080	40.9589
4090	35.6164
4100	34.9387
4110	44.9387
4120	37.9219
4130	30.3256
4140	40.3256
4150	38.9561
4160	35.4561
4170	33.1893
4180	30.1235
4190	40.1235
4200	36.7902
4210	35.5725
4220	45.5725
4230	42.1716
4240	38.9129
4250	48.9129
4260	43.3973
4270	42.3127
4280	52.3127
4290	45.7661
4300	36.1104
4310	46.1104
4320	44.4756
4330	41.9744
4340	38.338
4350	48.338
4360	38.8575
4370	30.6493
4380	29.7403
4390	28.8265
4400	38.8265
4410	32.6677
4420	31.8565
4430	41.8565
4440	38.6257
4450	35.8052
4460	33.2411
4470	29.7796
4480	39.7796
4490	36.959
4500	35.4206
4510	34.6514
4520	44.6514
4530	42.0872
4540	36.0616
4550	35.2924
4560	45.2924
4570	41.8308
4580	39.0103
4590	49.0103
4600	45.5488
4610	41.1898
4620	38.3693
4630	48.3693
4640	46.0295
4650	40.6887
4660	34.6303
4670	44.6303
4680	35.5943
4690	30.6329
4700	30
4710	28.6076
4720	38.6076
4730	32.7848
4740	32.1519
4750	42.1519
4760	38.8608
4770	36.2025
4780	32.9114
4790	29.6203
4800	39.6203
4810	36.962
4820	35.5696
4830	34.9367
4840	44.9367
4850	41.6456
4860	35.8228
4870	35.1899
4880	45.1899
4890	41.838
4900	39.243
4910	37.9123
4920	34.7408
4930	44.7408
4940	43.3805
4950	37.6823
4960	33.8091
4970	30.9146
4980	27.439
4990	37.439
5000	31.5854
5010	31.3415
5020	41.3415
5030	37.6829
5040	35
5050	31.3415
5060	28.5397
5070	38.5397
5080	35.684
5090	34.0495
5100	33.929
5110	43.929
5120	40.43
5130	34.2307
5140	34.3327
5150	31.7936
5160	41.7936
5170	38.9364
5180	37.5078
5190	47.5078
5200	45.365
5210	40.365
5220	50.365
5230	41.0793
5240	39.6574
5250	38.4646
5260	48.4646
5270	43.5616
5280	37.4735
5290	27.7647
5300	26.4706
5310	36.4706
5320	34.1176
5330	30.9412
5340	40.9412
5350	36.9412
5360	35.658
5370	45.658
5380	39.2832
5390	32.0896
5400	42.0896
5410	39.578
5420	36.5349
5430	33.5751
5440	31.5045
5450	41.5045
5460	38.3227
5470	35.4012
5480	35.8557
5490	45.8557
5500	43.1285
5510	36.6512
5520	35.8557
5530	33.9239
5540	43.9239
5550	40.7754
5560	40.0406
5570	37.3726
5580	47.3726
5590	42.3778
5600	35.1713
5610	45.1713
5620	32.4383
5630	31.3693
5640	41.3693
5650	38.6813
5660	34.0091
5670	44.0091
5680	34.8228
5690	33.2798
5700	43.2798
5710	40.8472
5720	35.8392
5730	45.8392
5740	36.9973
5750	35.3234
5760	45.3234
5770	42.4201
5780	38.11
5790	32.4087
5800	32.7828
5810	32.5563
5820	42.5563
5830	39.7903
5840	37.6543
5850	47.6543
5860	44.9448
5870	41.603
5880	35.7833
5890	35.0526
5900	32.4375
5910	42.4375
5920	37.327
5930	31.6296
5940	41.6296
5950	36.5664
5960	33.4242
5970	43.4242
5980	37.9459
5990	30.2775
6000	40.2775
6010	39.2303
6020	35.7444
6030	45.7444
6040	37.5179
6050	32.0501
6060	42.0501
6070	40.5501
6080	37.9001
6090	47.9001
6100	39.9684
6110	34.4533
6120	44.4533
6130	40.774
6140	38.8928
6150	35.7245
6160	32.8532
6170	42.8532
6180	40.9721
6190	37.3087
6200	47.3087
6210	44.4724
6220	41.3662
6230	36.4083
6240	34.8265
6250	33.9806
6260	43.9806
6270	38.835
6280	33.7864
6290	43.7864
6300	39.0291
6310	32.7184
6320	42.7184
6330	37.5728
6340	29.5146
6350	39.5146
6360	37.8641
6370	34.9515
6380	44.9515
6390	39.8058
6400	31.7476
6410	41.7476
6420	37.767
6430	36.699
6440	46.699
6450	41.5919
6460	33.4654
6470	43.4654
6480	39.6534
6490	38.297
6500	48.297
6510	43.4585
6520	35.2246
6530	45.2246
6540	41.5922
6550	39.7971
6560	49.7971
6570	45.0801
6580	36.9669
6590	46.9669
6600	43.382
6610	41.4952
6620	51.4952
6630	46.7782
6640	38.665
6650	48.665
6660	45.0801
6670	43.0189
6680	39.1509
6690	34.0566
6700	44.0566
6710	34.434
6720	30.8491
6730	28.7708
6740	38.7708
6750	34.7604
6760	32.5628
6770	30.6002
6780	40.6002
6790	34.8759
6800	34.5956
6810	44.5956
6820	40.0161
6830	32.0722
6840	42.0722
6850	38.6143
6860	36.2778
6870	46.2778
6880	41.6984
6890	33.7545
6900	43.7544
6910	40.2965
6920	37.938
6930	47.938
6940	43.4103
6950	35.5578
6960	45.5578
6970	42.2099
6980	39.438
6990	49.438
7000	45.0443
7010	37.3563
7020	47.3563
7030	43.6447
7040	40.9627
7050	50.9627
7060	46.7006
7070	39.174
7080	49.174
7090	45.523
7100	42.438
7110	52.438
7120	47.7457
7130	41.2705
7140	51.2705
7150	47.9423
7160	42.1622
7170	52.1622
7180	44.8649
7190	34.0541
7200	44.0541
7210	35.3153
7220	31.7672
7230	29.9151
7240	26.9904
7250	36.9904
7260	35.3728
7270	33.7657
7280	29.049
7290	28.2696
7300	28.8758
7310	38.8758
7320	37.4438
7330	32.9701
7340	32.0109
7350	30.0825
7360	31.0053
7370	41.0053
7380	36.6399
7390	35.7703
7400	33.6027
7410	32.2116
7420	30.7903
7430	40.7903
7440	40.0013
7450	37.9323
7460	36.2944
7470	32.0703
7480	33.4496
7490	43.4496
7500	41.3806
7510	39.7427
7520	35.5185
7530	34.7427
7540	34.4828
7550	44.4828
7560	40
7570	36.0345
7580	28.9679
7590	26.0572
7600	36.0572
7610	33.7872
7620	32.2308
7630	28.1283
7640	27.4463
7650	27.5549
7660	37.5549
7670	35.8144
7680	31.8098
7690	31.2166
7700	28.9305
7710	29.4609
7720	39.4609
7730	35.2902
7740	34.77
7750	32.5851
7760	30.8204
7770	29.3918
7780	39.3918
7790	38.8876
7800	36.7028
7810	34.9381
7820	30.6571
7830	32.2919
7840	42.2919
7850	39.9757
7860	38.0316
7870	33.982
7880	33.6467
7890	33.6842
7900	43.6842
7910	41.8216
7920	37.9593
7930	37.3902
7940	34.7886
7950	34.4715
7960	44.4715
7970	40.3252
7980	33.7398
7990	31.0569
8000	25.941
8010	35.941
8020	34.1885
8030	30.432
8040	29.9294
8050	27.0262
8060	27.6695
8070	37.6694
8080	34.0014
8090	33.3342
8100	30.5115
8110	28.9115
8120	28.0294
8130	38.0294
8140	37.2619
8150	34.5209
8160	32.6831
8170	29.1911
8180	30.6224
8190	40.6224
8200	38.0362
8210	36.0672
8220	32.5176
8230	31.6649
8240	31.7424
8250	41.7424
8260	39.7269
8270	36.161
8280	35.3083
8290	32.9052
8300	33.2873
8310	43.2873
8320	39.6946
8330	38.7653
8340	36.2866
8350	34.5442
8360	33.631
8370	43.631
8380	43.4872
8390	40.4005
8400	35.255
8410	30.974
8420	40.974
8430	32.2431
8440	31.3013
8450	28.7602
8460	26.6279
8470	26.0396
8480	36.0396
8490	35.0102
8500	32.5102
8510	30.3779
8520	27.1426
8530	28.319
8540	38.319
8550	35.819
8560	33.6867
8570	30.4514
8580	29.422
8590	29.4201
8600	39.4201
8610	37.3214
8620	34.1422
8630	32.8909
8640	30.4821
8650	30.8471
8660	40.8471
8670	37.7084
8680	36.3945
8690	33.9858
8700	31.942
8710	31.431
8720	41.431
8730	40.1172
8740	37.7084
8750	35.6646
8760	32.5259
8770	33.4732
8780	43.4732
8790	41.0986
8800	39.1054
8810	35.7584
8820	34.5265
8830	34.6662
8840	44.6662
8850	42.6716
8860	39.2256
8870	38.4852
8880	34.8936
8890	44.8936
8900	38.0295
8910	33.5936
8920	27.4785
8930	25.9186
8940	26.3412
8950	36.3412
8960	34.3693
8970	30.9891
8980	29.3693
8990	27.3975
9000	27.82
9010	37.82
9020	34.4398
9030	32.82
9040	30.8482
9050	28.8764
9060	28.1722
9070	38.1722
9080	36.5638
9090	34.6205
9100	32.6938
9110	29.124
9120	29.8933
9130	39.8933
9140	38.0281
9150	36.0785
9160	32.5437
9170	30.8679
9180	31.4886
9190	41.4886
9200	39.4426
9210	35.9409
9220	34.1192
9230	32.5131
9240	32.9893
9250	42.9893
9260	39.4219
9270	37.4848
9280	35.8651
9290	34.1365
9300	33.4698
9310	43.4698
9320	41.4346
9330	39.7942
9340	38.1692
9350	34.9013
9360	34.0397
9370	44.0397
9380	39.3377
9390	35.4305
9400	31.5232
9410	25.6291
9420	35.6291
9430	33.3775
9440	31.7957
9450	30.1305
9460	26.929
9470	27.1841
9480	37.1841
9490	35.671
9500	33.8289
9510	30.671
9520	28.4999
9530	29.2894
9540	39.2894
9550	37.4473
9560	34.2653
9570	32.1181
9580	30.6426
9590	31.2231
9600	41.2231
9610	37.8244
9620	35.7407
9630	34.2277
9640	32.5012
9650	31.8431
9660	41.8431
9670	39.8302
9680	38.1418
9690	36.4535
9700	33.1418
9710	33.5315
9720	43.5315
9730	41.8431
9740	40.1548
9750	36.8431
9760	34.8302
9770	34.0909
9780	44.0909
9790	40.0649
9800	36.0294
9810	30.0362
9820	25.7354
9830	35.7354
9840	33.9615
9850	32.178
9860	28.8123
9870	26.9856
9880	27.4824
9890	37.4824
9900	35.8265
9910	32.6189
9920	30.6549
9930	28.7247
9940	29.45
9950	39.45
9960	36.3134
9970	34.1259
9980	32.2553
9990	30.6308
10000	30.1683
10010	40.1683
10020	38.0459
10030	36.2446
10040	34.438
10050	31.3773
10060	31.7898
10070	41.7898
10080	39.912
10090	38.0218
10100	34.8986
10110	33.0271
10120	33.548
10130	43.548
10140	41.7198
10150	38.3864
10160	36.5683
10170	34.7501
10180	34.5455
10190	44.5455
10200	40.3636
10210	34.3636
10220	30.1801
10230	25.9792
10240	35.9792
10250	34.1074
10260	30.9693
10270	29.0645
10280	27.1611
10290	27.6528
10300	37.6528
10310	34.4222
10320	32.5752
10330	30.7409
10340	28.9093
10350	28.2284
10360	38.2284
10370	36.2986
10380	34.5778
10390	32.8819
10400	29.4331
10410	29.8578
10420	39.8578
10430	38.2041
10440	36.3256
10450	32.9535
10460	31.0362
10470	31.7487
10480	41.7487
10490	39.8728
10500	36.3271
10510	34.4774
10520	32.918
10530	33.4532
10540	43.4532
10550	39.7397
10560	37.9458
10570	36.4515
10580	34.6699
10590	33.6355
10600	43.6355
10610	41.8539
10620	40.3596
10630	38.578
10640	34.7865
10650	33.7961
10660	43.7961
10670	39.5228
10680	35.7835
10690	31.7143
10700	25.2613
10710	35.2613
10720	33.2872
10730	31.8963
10740	30.2339
10750	26.3134
10760	26.7666
10770	36.7666
10780	35.3201
10790	33.7105
10800	29.8514
10810	27.987
10820	28.7258
10830	38.7258
10840	37.1686
10850	33.3719
10860	31.5594
10870	29.7617
10880	30.5512
10890	40.5512
10900	36.7397
10910	35.018
10920	33.3225
10930	31.6558
10940	30.5447
10950	40.5447
10960	38.878
10970	37.2114
10980	35.5447
10990	31.6558
11000	32.3212
11010	42.3212
11020	40.679
11030	38.8895
11040	35.0605
11050	33.4583
11060	34.1752
11070	44.1752
11080	42.3216
11090	38.3941
11100	36.8416
11110	35.3032
11120	34.7801
11130	44.7801
11140	40.6288
11150	33.86
11160	29.8499
11170	26.0656
11180	36.0656
11190	34.3169
11200	30.3825
11210	28.6339
11220	27.1585
11230	27.7596
11240	37.7596
11250	33.8251
11260	32.0765
11270	30.6011
11280	28.8525
11290	27.7049
11300	37.7049
11310	35.9563
11320	34.4809
11330	32.7322
11340	28.7978
11350	29.3976
11360	39.3976
11370	37.8427
11380	36.1311
11390	32.2557
11400	30.5709
11410	31.2218
11420	41.2218
11430	39.561
11440	35.589
11450	33.9535
11460	32.3319
11470	33.0334
11480	43.0334
11490	39.008
11500	37.2667
11510	35.6938
11520	34.1347
11530	32.9504
11540	42.9504
11550	41.0449
11560	39.5216
11570	38.0107
11580	34.1069
11590	33.9037
11600	43.9037
11610	39.4652
11620	35.6684
11630	45.6684
11640	38.984
11650	30.5882
11660	40.5882
11670	36.1638
11680	32.281
11690	42.281
11700	35.6572
11710	31.9227
11720	41.9227
11730	37.575
11740	33.5584
11750	43.5584
11760	36.8058
11770	33.1441
11780	43.1441
11790	38.8584
11800	34.8901
11810	44.8901
11820	38.0647
11830	34.4139
11840	44.4139
11850	40.142
11860	36.1995
11870	46.1995
11880	39.4346
11890	35.5764
11900	45.5764
11910	41.3795
11920	37.5103
11930	47.5103
11940	40.8333
11950	36.7334
11960	46.7334
11970	42.5973
11980	38.7753
11990	48.7753
12000	42.1261
12010	37.9899
12020	47.9899
12030	43.8673
12040	40.0705
12050	50.0705
12060	43.267
12070	39.1935
12080	49.1935
12090	45.1443
12100	41.4193
12110	51.4193
12120	44.604
12130	40.3392
12140	38.7565
12150	34.7668
12160	31.0881
12170	41.0881
12180	34.3005
12190	30
12200	40
12210	36.0344
12220	32.3909
12230	42.3909
12240	35.4177
12250	31.1909
12260	41.1909
12270	37.2734
12280	33.6651
12290	43.6651
12300	36.6548
12310	32.428
12320	42.428
12330	38.5105
12340	34.9022
12350	44.9022
12360	37.8919
12370	33.6651
12380	43.6651
12390	39.7476
12400	36.1394
12410	46.1394
12420	39.1291
12430	34.9022
12440	44.9022
12450	40.93
12460	37.3912
12470	47.3912
12480	40.5255
12490	36.4439
12500	46.4439
12510	42.3623
12520	38.8929
12530	48.8929
12540	42.0561
12550	37.9745
12560	47.9745
12570	43.8929
12580	40.4235
12590	50.4235
12600	43.5868
12610	39.5051
12620	49.5051
12630	45.4473
12640	42.0121
12650	52.0121
12660	45.2466
12670	40.9319
12680	50.9319
12690	46.9453
12700	43.4266
12710	53.4266
12720	46.7459
12730	42.5034
12740	52.5034
12750	48.3889
12760	42.046
12770	36.2278
12780	46.2278
12790	36.95
12800	30.1619
12810	40.1619
12820	35.9963
12830	32.401
12840	42.401
12850	36.0507
12860	31.7933
12870	41.7933
12880	37.5359
12890	33.8725
12900	43.8725
12910	37.5359
12920	33.2785
12930	43.2785
12940	39.021
12950	35.3577
12960	45.3577
12970	39.021
12980	34.7753
12990	44.7753
13000	40.4535
13010	36.6967
13020	46.6967
13030	40.5069
13040	36.3893
13050	46.3893
13060	41.9775
13070	38.154
13080	48.154
13090	41.9775
13100	37.8713
13110	47.8713
13120	43.3965
13130	39.4813
13140	49.4813
13150	43.4488
13160	39.4739
13170	49.4739
13180	44.9401
13190	40.8298
13200	50.8298
13210	44.8813
13220	40.9738
13230	50.9738
13240	46.5101
13250	42.3471
13260	52.3471
13270	46.2109
13280	43.2212
13290	37.0673
13300	47.0673
13310	40.2404
13320	33.75
13330	43.75
13340	34.8841
13350	30.9892
13360	40.9892
13370	36.6554
13380	32.6307
13390	42.6307
13400	36.345
13410	32.345
13420	42.345
13430	38.0593
13440	34.0593
13450	44.0593
13460	37.7966
13470	33.8384
13480	43.8385
13490	39.4564
13500	35.3331
13510	45.3331
13520	39.2124
13530	35.3651
13540	45.3651
13550	40.7921
13560	36.6954
13570	46.6954
13580	40.6614
13590	36.8109
13600	46.8109
13610	42.0702
13620	38.0927
13630	48.0927
13640	42.2077
13650	38.2949
13660	48.2949
13670	43.5929
13680	39.5186
13690	49.5186
13700	43.7691
13710	39.9643
13720	49.9643
13730	45.1747
13740	41.1261
13750	51.1261
13760	45.438
13770	41.6766
13780	51.6766
13790	46.8142
13800	42.7775
13810	52.7775
13820	47.0699
13830	43.288
13840	37.1616
13850	47.1616
13860	39.9325
13870	33.6818
13880	43.6818
13890	35.2124
13900	31.3388
13910	41.3388
13920	36.6933
13930	32.6707
13940	42.6707
13950	36.7413
13960	32.9165
13970	42.9165
13980	38.4023
13990	34.2367
14000	44.2367
14010	38.4102
14020	34.4992
14030	44.4992
14040	40.0746
14050	35.9276
14060	45.9276
14070	39.9358
14080	36.0865
14090	46.0865
14100	41.5621
14110	37.4778
14120	47.4778
14130	41.5567
14140	37.7687
14150	47.7687
14160	43.0436
14170	39.0213
14180	49.0213
14190	43.1704
14200	39.443
14210	49.443
14220	44.6813
14230	40.5145
14240	50.5144
14250	44.725
14260	41.0408
14270	51.0408
14280	46.3039
14290	42.0934
14300	52.0934
14310	46.312
14320	42.5704
14330	52.5704
14340	32.8257
14350	42.8257
14360	36.292
14370	30.6077
14380	40.6077
14390	34.479
14400	31.172
14410	41.172
14420	36.8863
14430	31.3019
14440	41.3019
14450	37.5356
14460	32.7304
14470	42.7304
14480	38.4509
14490	32.8154
14500	42.8154
14510	39.0848
14520	34.3285
14530	44.3285
14540	40.1044
14550	34.3285
14560	44.3285
14570	40.6216
14580	35.8803
14590	45.8802
14600	41.6561
14610	35.8802
14620	45.8802
14630	42.1734
14640	37.432
14650	47.432
14660	43.2139
14670	37.4561
14680	47.4561
14690	43.7845
14700	38.8942
14710	48.8942
14720	44.7311
14730	39.023
14740	49.023
14750	45.3749
14760	40.4393
14770	50.4393
14780	46.2883
14790	40.5477
14800	50.5477
14810	46.8161
14820	41.9779
14830	51.9779
14840	49.0645
14850	42.6296
14860	52.6296
14870	41.5634
14880	35.5231
14890	45.5231
14900	35.8475
14910	31.6102
14920	41.6102
14930	35.8475
14940	32.1186
14950	42.1186
14960	37.3729
14970	33.1356
14980	43.1356
14990	37.3729
15000	33.6441
15010	43.6441
15020	38.8983
15030	34.661
15040	44.661
15050	38.8983
15060	35.1695
15070	45.1695
15080	40.4341
15090	36.1324
15100	46.1324
15110	40.4141
15120	36.7335
15130	46.7335
15140	42.0705
15150	37.5967
15160	47.5967
15170	41.8207
15180	38.2451
15190	48.2451
15200	43.6945
15210	39.1541
15220	49.1541
15230	43.2155
15240	39.7061
15250	49.7061
15260	45.226
15270	40.6833
15280	50.6833
15290	44.7715
15300	41.1578
15310	51.1578
15320	46.7464
15330	42.1384
15340	52.1384
15350	46.3141
15360	43.2192
15370	37.3663
15380	47.3663
15390	40.3284
15400	33.392
15410	43.392
15420	34.8592
15430	31.3898
15440	41.3898
15450	36.6794
15460	32.2655
15470	42.2655
15480	36.4288
15490	32.8523
15500	42.8523
15510	38.0182
15520	33.7208
15530	43.7208
15540	37.859
15550	34.3432
15560	44.3432
15570	39.3794
15580	35.1796
15590	45.1796
15600	39.3162
15610	35.8655
15620	45.8655
15630	40.7535
15640	36.6104
15650	46.6104
15660	40.659
15670	37.2618
15680	47.2618
15690	42.2021
15700	38.0985
15710	48.0985
15720	42.0825
15730	38.6961
15740	48.6961
15750	43.66
15760	39.5356
15770	49.5356
15780	43.6394
15790	40.1905
15800	50.1905
15810	45.3164
15820	41.0892
15830	51.0892
15840	45.3018
15850	41.8794
15860	51.8794
15870	47.0559
15880	42.703
15890	52.703
15900	46.9383
15910	43.098
15920	37.4553
15930	47.4553
15940	40.1958
15950	33.5028
15960	43.5028
15970	35.2088
15980	31.6679
15990	41.6679
16000	36.9204
16010	32.7341
16020	42.7341
16030	37.1928
16040	33.5248
16050	43.5248
16060	38.6986
16070	34.5673
16080	44.5673
16090	39.0461
16100	35.3781
16110	45.3781
16120	40.5709
16130	36.4668
16140	46.4668
16150	40.9953
16160	37.1491
16170	47.1491
16180	42.3988
16190	38.3488
16200	48.3488
16210	42.7451
16220	38.9519
16230	48.952
16240	44.2393
16250	40.2163
16260	50.2163
16270	44.5841
16280	40.791
16290	50.791
16300	46.0396
16310	42.07
16320	52.07
16330	46.5368
16340	42.8486
16350	52.8486
16360	48.753
16370	41.4234
16380	35.2923
16390	45.2923
16400	37.1429
16410	31.0758
16420	41.0758
16430	36.2118
16440	32.4825
16450	42.4825
16460	36.972
16470	33.0437
16480	43.0437
16490	38.1421
16500	34.464
16510	44.464
16520	39.0114
16530	35.1351
16540	45.1351
16550	40.1584
16560	36.5313
16570	46.5313
16580	40.9317
16590	37.1112
16600	47.1112
16610	42.2129
16620	38.5364
16630	48.5364
16640	43.0286
16650	39.3059
16660	49.3059
16670	44.4947
16680	40.7972
16690	50.7972
16700	45.1491
16710	41.4627
16720	38.9279
16730	34.1935
16740	30.4475
16750	40.4475
16760	34.8905
16770	31.0949
16780	41.0949
16790	36.4234
16800	32.6277
16810	42.6277
16820	37.0803
16830	33.2847
16840	43.2847
16850	38.6131
16860	34.8175
16870	44.8175
16880	39.2757
16890	35.4935
16900	45.4935
16910	40.723
16920	36.9659
16930	46.9659
16940	41.4589
16950	37.7267
16960	47.7267
16970	42.9226
16980	39.2153
16990	49.2153
17000	43.5688
17010	39.8863
17020	49.8863
17030	45.0058
17040	41.348
17050	51.348
17060	45.7691
17070	42.1618
17080	52.1618
17090	47.1835
17100	43.2341
17110	53.2341
17120	44.974
17130	36.9465
17140	46.9465
17150	38.8762
17160	31.4578
17170	41.4578
17180	37.8472
17190	32.2681
17200	42.2681
17210	38.6816
17220	33.8301
17230	43.8301
17240	40.2612
17250	34.5721
17260	44.5721
17270	41.0032
17280	36.1622
17290	46.1622
17300	42.5997
17310	36.9272
17320	46.9272
17330	43.3886
17340	38.4204
17350	48.4204
17360	44.8839
17370	39.2829
17380	49.2829
17390	45.6888
17400	40.7727
17410	50.7727
17420	48.3577
17430	42.4629
17440	34.3762
17450	44.3762
17460	38.3379
17470	31.0105
17480	41.0105
17490	37.4055
17500	31.9494
17510	41.9494
17520	38.1803
17530	33.3766
17540	43.3766
17550	39.6266
17560	34.2099
17570	44.2099
17580	40.4599
17590	35.6682
17600	45.6682
17610	41.9182
17620	36.5016
17630	46.5016
17640	42.7516
17650	37.9599
17660	47.9599
17670	44.2147
17680	38.8122
17690	48.8122
17700	45.0908
17710	40.1792
17720	50.1792
17730	46.4768
17740	41.1134
17750	51.1134
17760	48.1315
17770	42.1453
17780	52.1453
17790	42.1956
17800	36.2424
17810	46.2424
17820	35.6892
17830	32.0668
17840	42.0668
17850	36.9983
17860	33.421
17870	43.421
17880	37.8909
17890	34.3601
17900	44.3601
17910	39.2065
17920	35.6911
17930	45.6911
17940	40.128
17950	36.6126
17960	46.6126
17970	41.4677
17980	37.9676
17990	47.9676
18000	42.4398
18010	38.7926
18020	48.7926
18030	43.6906
18040	40.2212
18050	50.2212
18060	44.711
18070	41.0375
18080	51.0375
18090	45.944
18100	43.1743
18110	37.3812
18120	47.3812
18130	39.3298
18140	33.4237
18150	43.4237
18160	35.8644
18170	32.2373
18180	42.2373
18190	36.7797
18200	33.1504
18210	43.1504
18220	38.0813
18230	34.5273
18240	44.5273
18250	39.0301
18260	35.3388
18270	45.3388
18280	40.2381
18290	36.7482
18300	46.7482
18310	41.2448
18320	37.5551
18330	47.5551
18340	42.4729
18350	39.0071
18360	49.0071
18370	43.3747
18380	39.7241
18390	49.7241
18400	44.6923
18410	41.2714
18420	51.2714
18430	45.6645
18440	41.8609
18450	51.8609
18460	32.3631
18470	42.3631
18480	36.7919
18490	31.1093
18500	41.1093
18510	34.8895
18520	31.2445
18530	41.2445
18540	37.8382
18550	32.1834
18560	42.1834
18570	38.322
18580	33.4705
18590	43.4705
18600	40.0052
18610	34.3616
18620	44.3616
18630	40.5002
18640	35.6487
18650	45.6487
18660	42.1834
18670	36.5398
18680	46.5398
18690	42.6784
18700	37.827
18710	47.827
18720	44.3616
18730	38.718
18740	48.718
18750	44.862
18760	40.0243
18770	50.0243
18780	46.4646
18790	40.8613
18800	50.8613
18810	48.1595
18820	42.0112
18830	52.0112
18840	42.334
18850	36.5155
18860	46.5155
18870	35.6209
18880	31.6993
18890	41.6993
18900	36.9935
18910	33.4641
18920	43.4641
18930	37.7871
18940	33.8815
18950	43.8814
18960	39.0747
18970	35.5828
18980	45.5828
18990	39.9476
19000	36.0714
19010	46.0714
19020	41.218
19030	37.7326
19040	47.7326
19050	42.1068
19060	38.1781
19070	48.1781
19080	43.3577
19090	39.9095
19100	49.9095
19110	44.2988
19120	40.2887
19130	50.2887
19140	45.5162
19150	42.1116
19160	52.1116
19170	46.3835
19180	43.1392
19190	36.8285
19200	46.8285
19210	39.6116
19220	33.9827
19230	43.9827
19240	35.5785
19250	31.6227
19260	41.6227
19270	36.9075
19280	33.5526
19290	43.5526
19300	37.6817
19310	33.7462
19320	43.7462
19330	39.0365
19340	35.6838
19350	45.6838
19360	39.8324
19370	35.9216
19380	45.9216
19390	41.0833
19400	37.766
19410	47.766
19420	41.9848
19430	38.0375
19440	48.0375
19450	43.2661
19460	39.8401
19470	49.8401
19480	44.1405
19490	40.1714
19500	50.1714
19510	45.4525
19520	41.8878
19530	51.8878
19540	46.2381
19550	42.2086
19560	38.7991
19570	34.1239
19580	44.1239
19590	38.3575
19600	32.6776
19610	42.6776
19620	36.2674
19630	31.6471
19640	41.6471
19650	38.1774
19660	32.4477
19670	42.4477
19680	38.3335
19690	33.7868
19700	43.7868
19710	40.3767
19720	34.7457
19730	44.7457
19740	40.6508
19750	36.0451
19760	46.0451
19770	42.5451
19780	36.9826
19790	46.9826
19800	42.9201
19810	38.2951
19820	48.2951
19830	44.7951
19840	39.2326
19850	49.2326
19860	45.1701
19870	40.5451
19880	50.5451
19890	48.3759
19900	42.6386
19910	34.5049
19920	44.5049
19930	37.9842
19940	30.9657
19950	40.9657
19960	37.5078
19970	31.9938
19980	41.9938
19990	37.7882
20000	33.2102
20010	43.2102
20020	39.7676
20030	34.1799
20040	44.1799
20050	40.0125
20060	35.4737
20070	45.4737
20080	42.0728
20090	36.4464
20100	46.4464
20110	42.3229
20120	37.648
20130	47.648
20140	44.2734
20150	38.6697
20160	48.6697
20170	44.552
20180	39.8771
20190	49.8771
20200	46.5025
20210	40.8988
20220	50.8988
20230	46.7811
20240	42.1062
20250	52.1062
20260	48.3282
20270	42.7245
20280	52.7245
20290	41.9195
20300	35.4489
20310	45.4489
20320	35.8824
20330	32.5077
20340	42.5077
20350	36.904
20360	32.7864
20370	42.7864
20380	38.1115
20390	34.7368
20400	44.7368
20410	39.1331
20420	35.0155
20430	45.0155
20440	40.3406
20450	36.9659
20460	46.9659
20470	41.3622
20480	37.2475
20490	47.2475
20500	42.5166
20510	39.1654
20520	49.1654
20530	43.605
20540	39.5338
20550	49.5338
20560	44.7373
20570	41.3225
20580	51.3226
20590	45.8101
20600	41.7793
20610	38.8
20620	34.0308
20630	44.0308
20640	38.3077
20650	32.8
20660	42.8
20670	36.4096
20680	31.6547
20690	41.6547
20700	38.2047
20710	32.7358
20720	42.7358
20730	38.5496
20740	33.7962
20750	43.7962
20760	40.4138
20770	35.0307
20780	45.0307
20790	40.7689
20800	35.9661
20810	45.9661
20820	42.5203
20830	37.1926
20840	47.1926
20850	42.9676
20860	38.1956
20870	48.1956
20880	44.7002
20890	39.381
20900	49.381
20910	45.1561
20920	40.3841
20930	50.384
20940	48.2979
20950	42.5532
20960	34.6749
20970	44.6749
20980	38.1136
20990	30.9301
21000	40.9301
21010	37.5081
21020	32.1048
21030	42.1048
21040	37.9293
21050	33.2951
21060	43.2951
21070	39.7932
21080	34.4712
21090	44.4712
21100	40.2533
21110	35.6827
21120	45.6827
21130	42.2049
21140	36.7558
21150	46.7558
21160	42.5642
21170	38.0133
21180	48.0133
21190	44.5403
21200	39.0935
21210	49.0935
21220	44.8494
21230	40.3224
21240	50.3224
21250	46.8849
21260	41.4819
21270	51.4819
21280	48.2687
21290	41.5522
21300	51.5522
21310	42.209
21320	36.5472
21330	46.5472
21340	35.9929
21350	31.6352
21360	41.6352
21370	37.2458
21380	33.9322
21390	43.9322
21400	38.4884
21410	34.1097
21420	44.1097
21430	39.731
21440	36.4174
21450	46.4174
21460	40.9736
21470	36.5949
21480	46.5949
21490	42.2162
21500	38.8911
21510	48.8911
21520	43.4663
21530	39.1123
21540	49.1123
21550	44.7725
21560	41.3212
21570	51.3212
21580	45.923
21590	41.5867
21600	38.4366
21610	34.1003
21620	30.649
21630	40.649
21640	35.2507
21650	30.9145
21660	40.9145
21670	36.5782
21680	33.1268
21690	43.1268
21700	37.7286
21710	33.3923
21720	43.3923
21730	39.056
21740	35.6047
21750	45.6047
21760	40.2065
21770	35.8702
21780	45.8702
21790	41.5339
21800	38.0826
21810	48.0826
21820	42.7145
21830	38.4202
21840	48.4202
21850	44.0074
21860	40.459
21870	50.459
21880	45.1225
21890	40.8244
21900	50.8244
21910	46.4664
21920	42.997
21930	52.997
21940	47.6034
21950	43.207
21960	53.207
21970	44.0816
21980	37.3504
21990	47.3504
22000	39.4075
22010	31.3727
22020	41.3727
22030	37.0669
22040	32.7585
22050	42.7585
22060	39.3594
22070	33.7887
22080	43.7887
22090	39.5608
22100	35.1589
22110	45.1589
22120	41.8217
22130	36.2403
22140	46.2403
22150	42.0575
22160	37.5358
22170	47.5358
22180	44.237
22190	38.7004
22200	48.7004
22210	44.4032
22220	39.9204
22230	49.9204
22240	46.6446
22250	41.1273
22260	51.1273
22270	48.1897
22280	41.4997
22290	34.5825
22300	44.5825
22310	39.1369
22320	31.0985
22330	41.0985
22340	36.8699
22350	32.2985
22360	42.2985
22370	39.0985
22380	33.67
22390	43.67
22400	39.4283
22410	34.868
22420	44.868
22430	41.6905
22440	36.2957
22450	46.2957
22460	41.9367
22470	37.4068
22480	47.4068
22490	44.2444
22500	38.8598
22510	48.8598
22520	44.5008
22530	39.9709
22540	49.9709
22550	46.8085
22560	41.4239
22570	51.4239
22580	48.1774
22590	41.3907
22600	51.3907
22610	42.0422
22620	36.7147
22630	46.7147
22640	36.25
22650	31.7614
22660	41.7614
22670	37.2727
22680	34.1477
22690	44.1477
22700	38.8141
22710	34.2824
22720	44.2824
22730	39.8212
22740	36.7272
22750	46.7272
22760	41.4297
22770	36.8121
22780	46.8121
22790	42.3646
22800	39.2767
22810	49.2767
22820	43.9655
22830	39.319
22840	49.319
22850	44.9257
22860	41.8993
22870	51.8993
22880	46.5262
22890	41.8358
22900	38.2499
22910	33.9106
22920	43.9106
22930	38.5955
22940	33.262
22950	43.262
22960	36.1724
22970	31.8699
22980	41.8699
22990	38.7576
23000	33.4671
23010	43.4671
23020	38.8622
23030	34.502
23040	44.502
23050	41.4264
23060	36.175
23070	46.175
23080	41.594
23090	37.1806
23100	47.1806
23110	44.1079
23120	38.8565
23130	48.8565
23140	44.2755
23150	39.8621
23160	49.8621
23170	47.8771
23180	42.6179
23190	34.8457
23200	44.8457
23210	37.8818
23220	31.0012
23230	41.0012
23240	37.8388
23250	32.6841
23260	42.6841
23270	38.2088
23280	33.6101
23290	43.6101
23300	40.4648
23310	35.352
23320	45.352
23330	40.9168
23340	36.3224
23350	46.3224
23360	43.067
23370	37.9959
23380	47.9959
23390	43.6005
23400	38.9169
23410	48.9169
23420	45.6787
23430	40.6491
23440	50.6491
23450	46.2933
23460	41.6142
23470	51.6142
23480	47.9138
23490	42.3575
23500	52.3575
23510	42.307
23520	35.5092
23530	45.5092
23540	36.0382
23550	32.7626
23560	42.7626
23570	37.6977
23580	33.2944
23590	43.2944
23600	38.5909
23610	35.3513
23620	45.3513
23630	40.3275
23640	35.8683
23650	45.8683
23660	41.191
23670	37.9875
23680	47.9875
23690	43.0044
23700	38.5165
23710	48.5165
23720	43.73
23730	40.5652
23740	50.5652
23750	45.572
23760	41.0517
23770	38.4433
23780	33.7197
23790	30.6199
23800	40.6199
23810	35.5795
23820	31.0243
23830	41.0243
23840	36.3191
23850	33.2046
23860	43.2046
23870	38.1403
23880	33.5516
23890	43.5516
23900	38.9526
23910	35.7975
23920	45.7975
23930	40.7173
23940	36.1184
23950	46.1184
23960	41.5113
23970	38.3749
23980	48.3749
23990	43.3428
24000	38.681
24010	48.681
24020	43.9882
24030	40.9123
24040	50.9123
24050	45.9362
24060	41.2852
24070	51.2852
24080	46.4722
24090	42.8015
24100	52.8015
24110	45.4217
24120	37.9985
24130	47.9985
24140	38.5237
24150	31.1281
24160	41.1281
24170	38.1339
24180	33.2448
24190	43.2448
24200	38.6642
24210	33.7947
24220	43.7947
24230	40.8348
24240	35.9849
24250	45.9849
24260	41.2848
24270	36.4544
24280	46.4544
24290	43.5285
24300	38.7176
24310	48.7176
24320	43.9196
24330	39.1281
24340	49.1281
24350	46.1366
24360	41.3645
24370	51.3645
24380	46.6052
24390	41.8524
24400	51.8524
24410	47.6651
24420	42.3576
24430	35.1697
24440	45.1697
24450	37.9816
24460	30.7803
24470	40.7803
24480	37.6621
24490	32.9949
24500	42.9949
24510	38.1973
24520	33.3712
24530	43.3712
24540	40.2278
24550	35.6365
24560	45.6365
24570	40.9
24580	36.0367
24590	46.0367
24600	42.899
24610	38.2646
24620	48.2646
24630	43.4458
24640	38.6487
24650	48.6487
24660	45.5584
24670	40.9342
24680	50.9342
24690	46.0149
24700	41.2558
24710	51.2558
24720	47.6589
24730	42.4282
24740	52.4282
24750	42.8059
24760	35.4266
24770	45.4266
24780	35.8613
24790	32.9022
24800	42.9022
24810	38.1369
24820	33.2256
24830	43.2256
24840	38.631
24850	35.5876
24860	45.5876
24870	40.853
24880	35.9665
24890	45.9665
24900	41.3814
24910	38.302
24920	48.302
24930	43.5713
24940	38.6964
24950	48.6964
24960	44.1343
24970	40.9538
24980	50.9538
24990	46.235
25000	41.3974
25010	38.2969
25020	33.7711
25030	43.7711
25040	38.4089
25050	33.5603
25060	43.5603
25070	36.3025
25080	31.8183
25090	41.8183
25100	38.6839
25110	33.7586
25120	43.7586
25130	38.9824
25140	34.5048
25150	44.5048
25160	41.358
25170	36.409
25180	46.409
25190	41.6804
25200	37.2613
25210	47.2613
25220	44.0435
25230	39.0435
25240	49.0435
25250	44.3405
25260	39.9346
25270	49.9346
25280	47.8733
25290	42.4263
25300	34.8906
25310	44.8906
25320	37.7963
25330	31.0591
25340	41.0591
25350	37.7624
25360	32.6573
25370	42.6573
25380	38.0489
25390	33.7415
25400	43.7415
25410	40.4775
25420	35.3038
25430	45.3038
25440	40.7312
25450	36.3437
25460	46.3437
25470	43.1122
25480	37.9756
25490	47.9756
25500	43.4388
25510	39.0546
25520	49.0546
25530	45.8554
25540	40.7558
25550	50.7558
25560	46.1642
25570	41.8152
25580	51.8152
25590	47.8293
25600	42.4634
25610	52.4634
25620	42.3658
25630	35.2927
25640	45.2927
25650	36.1898
25660	33.0017
25670	43.0017
25680	37.9041
25690	33.2368
25700	43.2368
25710	38.9995
25720	35.7792
25730	45.7792
25740	40.6702
25750	35.9971
25760	45.9971
25770	41.7598
25780	38.5395
25790	48.5395
25800	43.4305
25810	38.7574
25820	48.7574
25830	44.4999
25840	41.2907
25850	51.2907
25860	46.2067
25870	41.5637
25880	38.2126
25890	33.8647
25900	30.6763
25910	40.6763
25920	35.6039
25930	30.9662
25940	40.9662
25950	36.6184
25960	33.43
25970	43.43
25980	38.3575
25990	33.7198
26000	43.7198
26010	39.3353
26020	36.1628
26030	46.1628
26040	41.1206
26050	36.5182
26060	46.5182
26070	42.0835
26080	38.8865
26090	48.8865
26100	43.9104
26110	39.2341
26120	49.2341
26130	44.8457
26140	41.6082
26150	51.6082
26160	46.6442
26170	41.968
26180	51.968
26190	47.7938
26200	41.0072
26210	35.5635
26220	45.5635
26230	38.1055
26240	30.9832
26250	40.9832
26260	36.5947
26270	33.3573
26280	43.3573
26290	38.3933
26300	33.717
26310	43.717
26320	39.3285
26330	36.0911
26340	46.0911
26350	41.1271
26360	36.4567
26370	46.4567
26380	42.0968
26390	38.8127
26400	48.8127
26410	43.7829
26420	39.1735
26430	49.1735
26440	44.8961
26450	41.551
26460	51.551
26470	46.4828
26480	41.844
26490	38.1963
26500	34.0062
26510	30.5955
26520	40.5955
26530	35.5896
26540	31.0141
26550	41.0141
26560	36.8632
26570	33.4198
26580	43.4198
26590	38.4198
26600	33.8443
26610	43.8443
26620	39.7155
26630	36.2333
26640	46.2333
26650	41.1746
26660	36.6676
26670	46.6676
26680	42.605
26690	39.0454
26700	49.0454
26710	44.0336
26720	39.4542
26730	49.4542
26740	45.3998
26750	41.8175
26760	51.8175
26770	46.8466
26780	42.3012
26790	52.3012
26800	47.7666
26810	41.2495
26820	35.3712
26830	45.3712
26840	37.9814
26850	31.0933
26860	41.0933
26870	36.9074
26880	33.2022
26890	43.2022
26900	38.3382
26910	33.8965
26920	43.8965
26930	39.6857
26940	35.9543
26950	45.9543
26960	41.1246
26970	36.7163
26980	46.7163
26990	42.4575
27000	38.677
27010	48.677
27020	43.8815
27030	39.5092
27040	49.5092
27050	45.2967
27060	41.4286
27070	38.9621
27080	34.1044
27090	29.7968
27100	39.7968
27110	35.5736
27120	31.6946
27130	41.6946
27140	36.8559
27150	32.5855
27160	42.5854
27170	38.3258
27180	34.4828
27190	44.4828
27200	39.5581
27210	35.3288
27220	45.3288
27230	41.1211
27240	37.2291
27250	47.2291
27260	42.362
27270	38.2058
27280	48.2058
27290	44.0004
27300	40.0596
27310	50.0596
27320	45.1679
27330	41.0631
27340	51.0631
27350	47.9054
27360	41.3629
27370	35.1461
27380	45.1461
27390	37.8427
27400	31.3258
27410	41.3258
27420	37.1685
27430	33.2809
27440	43.2809
27450	38.4555
27460	34.3093
27470	44.3093
27480	40.0818
27490	36.2206
27500	46.2206
27510	41.4285
27520	37.314
27530	47.314
27540	43.0757
27550	39.1315
27560	49.1315
27570	44.3539
27580	40.2819
27590	38.4503
27600	34.1741
27610	30.2673
27620	40.2673
27630	35.4343
27640	31.4031
27650	41.4031
27660	37.1047
27670	33.2071
27680	43.2071
27690	38.3742
27700	34.343
27710	44.343
27720	40.0445
27730	36.147
27740	46.147
27750	41.336
27760	37.3359
27770	47.3359
27780	42.9794
27790	39.0105
27800	49.0105
27810	44.2542
27820	40.2343
27830	50.2343
27840	45.8927
27850	41.9547
27860	51.9547
27870	48.2765
27880	41.0363
27890	34.641
27900	44.641
27910	37.947
27920	31.7219
27930	41.7219
27940	36.8874
27950	32.8477
27960	42.8477
27970	38.543
27980	34.6383
27990	44.6383
28000	39.8175
28010	35.7958
28020	45.7958
28030	41.3989
28040	37.5273
28050	47.5273
28060	42.6978
28070	38.7248
28080	48.7248
28090	44.3774
28100	40.5642
28110	50.5642
28120	45.7093
28130	41.7032
28140	38.4052
28150	34.0898
28160	30.2948
28170	40.2948
28180	35.4891
28190	31.397
28200	41.397
28210	37.1486
28220	33.2924
28230	43.2924
28240	38.4884
28250	34.3861
28260	44.3861
28270	40.1635
28280	36.3374
28290	46.3374
28300	41.4786
28310	37.4069
28320	47.4069
28330	43.2153
28340	39.289
28350	49.289
28360	44.4299
28370	40.4038
28380	50.4038
28390	46.1603
28400	42.2943
28410	52.2943
28420	48.3153
28430	40.9287
28440	34.6004
28450	44.6004
28460	37.9698
28470	31.7927
28480	41.7927
28490	36.8898
28500	32.8942
28510	42.8942
28520	38.6393
28530	34.7757
28540	44.7757
28550	39.8863
28560	35.9082
28570	45.9082
28580	41.6815
28590	37.8478
28600	47.8478
28610	42.9904
28620	38.9671
28630	48.9671
28640	44.771
28650	40.9646
28660	38.7742
28670	33.9355
28680	29.871
28690	39.871
28700	35.6774
28710	31.871
28720	41.871
28730	37.0323
28740	32.9677
28750	42.9677
28760	38.7772
28770	34.9787
28780	44.9787
28790	40.1591
28800	36.019
28810	46.019
28820	41.8589
28830	38.09
28840	48.09
28850	43.3021
28860	39.0638
28870	49.0638
28880	44.9371
28890	41.2054
28900	51.2054
28910	46.3913
28920	42.0786
28930	52.0786
28940	47.6759
28950	41.258
28960	35.2878
28970	45.2878
28980	37.9744
28990	31.258
29000	41.258
29010	37.1731
29020	33.5047
29030	43.5047
29040	38.7077
29050	34.3228
29060	44.3228
29070	40.1882
29080	36.5677
29090	46.5677
29100	41.812
29110	37.335
29120	47.335
29130	43.2248
29140	39.6231
29150	49.6231
29160	44.8774
29170	40.3858
29180	38.1569
29190	34.0289
29200	30.4373
29210	40.4373
29220	35.7128
29230	31.2474
29240	41.2474
29250	37.0402
29260	33.4672
29270	43.4672
29280	38.7526
29290	34.2918
29300	44.2918
29310	40.0724
29320	36.4792
29330	46.4792
29340	41.8419
29350	37.3461
29360	47.3461
29370	43.1024
29380	39.489
29390	49.489
29400	44.8671
29410	40.3713
29420	50.3713
29430	46.1376
29440	42.5384
29450	52.5384
29460	48.3909
29470	41.2369
29480	34.3606
29490	44.3606
29500	37.7778
29510	31.9287
29520	41.9287
29530	37.2117
29540	32.7463
29550	42.7463
29560	38.5325
29570	34.9476
29580	44.9476
29590	40.2306
29600	35.7598
29610	45.7598
29620	41.5707
29630	38.0189
29640	48.0189
29650	43.3582
29660	38.8226
29670	48.8226
29680	44.6926
29690	41.1972
29700	38.9344
29710	34.2235
29720	29.6329
29730	39.6329
29740	35.551
29750	32.0967
29760	42.0967
29770	37.2835
29780	32.7191
29790	42.7191
29800	38.6527
29810	35.2088
29820	45.2088
29830	40.3955
29840	35.8312
29850	45.8312
29860	41.7331
29870	38.303
29880	48.303
29890	43.5153
29900	38.9811
29910	48.9811
29920	44.8391
29930	41.3888
29940	51.3888
29950	46.657
29960	42.059
29970	52.059
29980	47.567
29990	41.1134
30000	35.3814
30010	45.3814
30020	38.2062
30030	31.1778
30040	41.1778
30050	37.0353
30060	33.567
30070	43.567
30080	38.8731
30090	34.2974
30100	44.2974
30110	40.112
30120	36.6714
30130	46.6714
30140	42.0077
30150	37.349
30160	47.349
30170	43.1927
30180	39.7796
30190	49.7796
30200	45.0332
30210	40.3943
30220	38.0676
30230	33.9403
30240	30.5547
30250	40.5547
30260	35.8282
30270	31.1043
30280	41.1043
30290	36.9939
30300	33.6196
30310	43.6196
30320	38.8865
30330	34.1706
30340	44.1706
30350	40.0774
30360	36.7241
30370	46.7241
30380	41.9078
30390	37.2139
30400	47.2139
30410	43.1323
30420	39.7853
30430	49.7853
30440	44.969
30450	40.2751
30460	50.2751
30470	46.1935
30480	42.8465
30490	52.8465
30500	48.551
30510	41.2653
30520	34.1224
30530	44.1225
30540	37.6939
30550	32.1225
30560	42.1225
30570	37.2948
30580	32.5792
30590	42.5792
30600	38.5366
30610	35.2358
30620	45.2358
30630	40.3578
30640	35.6017
30650	45.6017
30660	41.5773
30670	38.2846
30680	48.2846
30690	43.4176
30700	38.6399
30710	48.6399
30720	44.6543
30730	41.3041
30740	39.1094
30750	34.2749
30760	29.4675
30770	39.4675
30780	35.5192
30790	32.1818
30800	42.1818
30810	37.2827
30820	32.4493
30830	42.4493
30840	38.5333
30850	35.2269
30860	45.2269
30870	40.3578
30880	35.4334
30890	45.4334
30900	41.5454
30910	38.2657
30920	48.2657
30930	43.4167
30940	38.4468
30950	48.4468
30960	44.5635
30970	41.2839
30980	51.2839
30990	46.4447
31000	41.4899
31010	51.4899
31020	47.3942
31030	41.1044
31040	35.6426
31050	45.6426
31060	38.3534
31070	30.9237
31080	40.9237
31090	36.9478
31100	33.697
31110	43.697
31120	38.8901
31130	33.8977
31140	43.8977
31150	39.9474
31160	36.7132
31170	46.7132
31180	41.9359
31190	36.9234
31200	46.9234
31210	43.0011
31220	39.6833
31230	49.6833
31240	44.9356
31250	39.8832
31260	37.8666
31270	33.9751
31280	30.6852
31290	40.6852
31300	35.9684
31310	30.8976
31320	40.8976
31330	36.9135
31340	33.6466
31350	43.6466
31360	38.9454
31370	33.8857
31380	43.8857
31390	39.9016
31400	36.6347
31410	46.6347
31420	41.9432
31430	36.8388
31440	46.8388
31450	42.8779
31460	39.6373
31470	49.6373
31480	44.9451
31490	39.826
31500	49.826
31510	45.8168
31520	42.6287
31530	52.6287
31540	48.7187
31550	41.515
31560	33.8918
31570	43.8918
31580	37.5
31590	32.2069
31600	42.2069
31610	37.4061
31620	32.3053
31630	42.3053
31640	38.2755
31650	35.1931
31660	45.1931
31670	40.3526
31680	35.2815
31690	45.2815
31700	41.1713
31710	38.1125
31720	48.1125
31730	43.289
31740	38.2302
31750	48.2302
31760	44.1125
31770	41.0537
31780	51.0537
31790	46.2302
31800	41.1713
31810	37.9216
31820	33.8021
31830	30.7501
31840	40.7501
31850	35.8989
31860	30.8031
31870	40.8031
31880	36.7461
31890	33.7206
31900	43.7206
31910	38.8725
31920	33.8004
31930	43.8004
31940	39.7865
31950	36.695
31960	46.695
31970	41.9046
31980	36.891
31990	46.891
32000	42.8212
32010	39.6817
32020	49.6817
32030	44.9142
32040	39.9143
32050	49.9143
32060	45.8445
32070	42.7049
32080	52.7049
32090	48.6822
32100	41.4535
32110	33.9535
32120	43.9535
32130	37.5388
32140	32.2093
32150	42.2093
32160	37.4419
32170	32.4419
32180	42.4419
32190	38.3771
32200	35.2464
32210	45.2464
32220	40.4192
32230	35.4439
32240	45.4439
32250	41.4063
32260	38.301
32270	48.301
32280	43.3865
32290	38.4401
32300	48.4401
32310	44.4247
32320	41.3359
32330	51.3359
32340	46.3938
32350	41.4517
32360	37.8766
32370	33.8499
32380	30.7384
32390	40.7384
32400	35.8355
32410	30.9423
32420	40.9423
32430	36.8834
32440	33.7547
32450	43.7547
32460	38.8218
32470	33.8793
32480	43.8793
32490	39.8653
32500	36.7743
32510	46.7743
32520	41.8556
32530	36.8269
32540	46.8269
32550	42.8397
32560	39.7165
32570	49.7165
32580	44.8263
32590	39.8263
32600	49.8263
32610	45.8568
32620	42.6889
32630	52.6889
32640	48.7595
32650	41.3931
32660	33.8931
32670	43.8931
32680	37.5954
32690	32.2328
32700	42.2328
32710	37.3473
32720	32.3473
32730	42.3473
32740	38.3779
32750	35.2099
32760	45.2099
32770	40.3244
32780	35.3268
32790	45.3268
32800	41.3208
32810	38.1675
32820	48.1675
32830	43.308
32840	38.3389
32850	48.3389
32860	44.2929
32870	41.1646
32880	51.1646
32890	46.2288
32900	41.2787
32910	37.903
32920	33.8837
32930	30.7804
32940	40.7803
32950	35.8634
32960	30.8349
32970	40.8349
32980	36.8021
32990	33.7215
33000	43.7215
33010	38.8304
33020	33.8304
33030	43.8304
33040	39.7484
33050	36.6926
33060	46.6926
33070	41.8297
33080	36.858
33090	46.858
33100	42.7937
33110	39.7503
33120	49.7503
33130	44.892
33140	39.9204
33150	49.9204
33160	45.8738
33170	42.7984
33180	52.7984
33190	48.7099
33200	41.3183
33210	33.9171
33220	43.9171
33230	37.5706
33240	32.2787
33250	42.2787
33260	37.3635
33270	32.4482
33280	42.4482
33290	38.4369
33300	35.3296
33310	45.3296
33320	40.4143
33330	35.499
33340	45.499
33350	41.4846
33360	38.369
33370	48.369
33380	43.4532
33390	38.5373
33400	48.5373
33410	44.5186
33420	41.3971
33430	51.3971
33440	46.4812
33450	41.5653
33460	37.8879
33470	33.8692
33480	30.7477
33490	40.7477
33500	35.8262
33510	30.9251
33520	40.9251
33530	36.8707
33540	33.7867
33550	43.7867
33560	38.8174
33570	33.9644
33580	43.9644
33590	39.9019
33600	36.7624
33610	46.7624
33620	41.8126
33630	36.9945
33640	46.9945
33650	42.9737
33660	39.766
33670	49.766
33680	44.7716
33690	39.9788
33700	49.9788
33710	45.9434
33720	42.7586
33730	52.7586
33740	48.728
33750	41.2779
33760	33.9474
33770	43.9474
33780	37.5848
33790	32.261
33800	42.261
33810	37.2711
33820	32.362
33830	42.362
33840	38.3897
33850	35.2122
33860	45.2122
33870	40.2771
33880	35.3512
33890	45.3512
33900	41.3551
33910	38.1161
33920	48.1161
33930	43.2256
33940	38.3351
33950	48.3351
33960	44.3205
33970	41.0723
33980	51.0723
33990	46.1818
34000	41.2913
34010	37.9562
34020	33.9416
34030	30.6934
34040	40.6934
34050	35.8029
34060	30.9124
34070	40.9124
34080	36.8978
34090	33.6496
34100	43.6496
34110	38.7772
34120	33.9137
34130	43.9137
34140	39.8507
34150	36.5416
34160	46.5416
34170	41.6869
34180	36.8774
34190	46.8774
34200	42.7566
34210	39.4958
34220	49.4958
34230	44.6134
34240	39.8442
34250	49.8442
34260	45.735
34270	42.3897
34280	52.3897
34290	48.6618
34300	41.3201
34310	34.1049
34320	44.1049
34330	37.6492
34340	32.0836
34350	42.0836
34360	37.1965
34370	32.4086
34380	42.4085
34390	38.3503
34400	35.048
34410	45.048
34420	40.1514
34430	35.3716
34440	45.3716
34450	41.265
34460	37.9008
34470	47.9008
34480	43.0466
34490	38.3043
34500	48.3043
34510	44.2162
34520	40.7754
34530	50.7754
34540	45.9366
34550	41.2055
34560	38.1004
34570	34.0143
34580	30.5735
34590	40.5735
34600	35.7348
34610	31.0036
34620	41.0036
34630	36.9176
34640	33.4767
34650	43.4767
34660	38.6468
34670	33.9288
34680	43.9288
34690	39.8638
34700	36.3397
34710	46.3397
34720	41.5275
34730	36.8227
34740	46.8227
34750	42.7618
34760	39.2377
34770	49.2377
34780	44.4255
34790	39.7207
34800	49.7207
34810	45.6599
34820	42.1357
34830	52.1357
34840	47.3236
34850	42.6187
34860	52.6187
34870	47.6386
34880	41.2343
34890	35.4562
34900	45.4562
34910	38.1753
34920	31.0197
34930	41.0197
34940	36.9589
34950	33.4298
34960	43.4298
34970	38.6396
34980	33.9654
34990	43.9654
35000	39.8525
35010	36.2647
35020	46.2647
35030	41.5272
35040	36.9052
35050	46.9052
35060	42.7358
35070	39.0946
35080	49.0946
35090	44.3877
35100	39.7873
35110	49.7873
35120	45.6133
35130	41.9781
35140	38.9974
35150	34.2788
35160	29.6617
35170	39.6617
35180	35.4594
35190	31.8905
35200	41.8905
35210	37.1555
35220	32.5265
35230	42.5265
35240	38.316
35250	34.7317
35260	44.7317
35270	40.0278
35280	35.4383
35290	45.4383
35300	41.1803
35310	37.5599
35320	47.5599
35330	42.8923
35340	38.3345
35350	48.3345
35360	44.1014
35370	40.505
35380	50.505
35390	45.8631
35400	41.2502
35410	51.2502
35420	47.7208
35430	41.1338
35440	35.3225
35450	45.3225
35460	38.2308
35470	31.1344
35480	41.1344
35490	36.8935
35500	33.3857
35510	43.3857
35520	38.726
35530	34.0663
35540	44.0663
35550	39.8255
35560	36.3176
35570	46.3176
35580	41.6579
35590	36.9983
35600	46.9983
35610	42.7574
35620	39.2496
35630	49.2496
35640	44.5899
35650	39.9302
35660	38.2024
35670	33.9616
35680	30.4538
35690	40.4538
35700	35.7941
35710	31.1344
35720	41.1344
35730	36.8935
35740	33.3857
35750	43.3857
35760	38.726
35770	34.0663
35780	44.0663
35790	39.8155
35800	36.3428
35810	46.3428
35820	41.7467
35830	37.0592
35840	47.0592
35850	42.7703
35860	39.3041
35870	49.3041
35880	44.7628
35890	40.1262
35900	50.1262
35910	45.8009
35920	42.3061
35930	52.3061
35940	48.391
35950	41.436
35960	34.362
35970	44.362
35980	37.6595
35990	31.8687
36000	41.8687
