10	10
20	2
30	2
40	2
50	2
60	2
70	4.5
80	14.5
90	16
100	15
110	25
120	20
130	15
140	25
150	20
160	15
170	25
180	20
190	15
200	25
210	20
220	15
230	25
240	20
250	15
260	25
270	21.3333
280	16.3333
290	26.3333
300	26.3333
310	21.3333
320	21.8333
330	31.8333
340	26.8333
350	22.5
360	32.5
370	27.5
380	22.5
390	22.5
400	32.5
410	22.5
420	22.5
430	32.5
440	27.5
450	22.5
460	22.5
470	32.5
480	22.5
490	22.5
500	32.5
510	30.3056
520	19.1389
530	20
540	30
550	23.3333
560	22.2222
570	21.1111
580	31.1111
590	27.7778
600	21.1111
610	20
620	30
630	23.3333
640	22.2222
650	21.1111
660	31.1111
670	27.7778
680	20.9333
690	20.1333
700	30.1333
710	22.1333
720	22
730	32
740	24
750	22
760	20
770	20
780	30
790	22
800	22.0182
810	32.0182
820	23.2545
830	21.8182
840	19.0909
850	29.0909
860	27.7045
870	19.5152
880	20.8333
890	30.8333
900	23.3333
910	20.8333
920	19.1667
930	29.1667
940	29.1667
950	21.6667
960	19.1667
970	29.1667
980	21.9808
990	22.5577
1000	32.5577
1010	26.4038
1020	22.3077
1030	21.5385
1040	20.0718
1050	30.0718
1060	25.2103
1070	22.6667
1080	32.6667
1090	29.3333
1100	20.6549
1110	20.3961
1120	30.3961
1130	26.2784
1140	21.7647
1150	31.7647
1160	27.6471
1170	23.5294
1180	21.7647
1190	31.7647
1200	22.9412
1210	23.5294
1220	33.5294
1230	29.0033
1240	20.7288
1250	20
1260	30
1270	26.6667
1280	22.8363
1290	21.9298
1300	31.9298
1310	24.9474
1320	24.4211
1330	34.4211
1340	31.5138
1350	25.4737
1360	24.2707
1370	34.2707
1380	32.8421
1390	30.9373
1400	40.9373
1410	36.7945
1420	31.92
1430	32.7317
1440	32.8766
1450	42.8766
1460	38.3312
1470	31.9675
1480	41.9675
1490	38.3312
1500	33.7857
1510	43.7857
1520	40.2324
1530	38.8529
1540	37.7561
1550	47.7561
1560	47.2451
1570	41.5929
1580	35.8642
1590	32.6296
1600	29.0435
1610	39.0435
1620	30.8557
1630	26.8557
1640	27.1972
1650	37.1972
1660	33.1018
1670	32.2464
1680	42.2464
1690	38.7849
1700	34.99
1710	34.3604
1720	33.3922
1730	43.3922
1740	40.3694
1750	33.7027
1760	30.7583
1770	32.627
1780	32.4603
1790	42.4603
1800	36.2937
1810	33.7937
1820	30.7143
1830	28.2143
1840	25.3571
1850	35.3571
1860	32.8571
1870	32.8571
1880	42.8571
1890	36.7857
1900	35.3571
1910	45.3571
1920	40.3571
1930	35.3571
1940	45.3571
1950	36.2643
1960	36.581
1970	35.8905
1980	32.7405
1990	30.753
2000	40.753
2010	39.3634
2020	38.2738
2030	48.2738
2040	42.6488
2050	39.9301
2060	49.9301
2070	45.9443
2080	40.182
2090	50.182
2100	41.8013
2110	40.3551
2120	36.6928
2130	34.2805
2140	44.2805
2150	37.7541
2160	30.2996
2170	26.0139
2180	27.4472
2190	28.3742
2200	38.3742
2210	34.3345
2220	29.2353
2230	30.3464
2240	40.3464
2250	38.7113
2260	34.95
2270	44.95
2280	35.9222
2290	32.8712
2300	42.8712
2310	39.3577
2320	36.3847
2330	33.4117
2340	32.6009
2350	42.6009
2360	38.953
2370	32.8818
2380	34.3868
2390	44.3868
2400	43.236
2410	38.7623
2420	48.7624
2430	39.8717
2440	37.3318
2450	47.3318
2460	43.1328
2470	40.8251
2480	38.4243
2490	36.4103
2500	46.4103
2510	42.0513
2520	35.1282
2530	26.6667
2540	27.4321
2550	37.4321
2560	35.809
2570	33.65
2580	43.65
2590	35.5654
2600	33.5631
2610	43.5631
2620	41.7828
2630	39.4945
2640	49.4945
2650	41.3759
2660	33.2343
2670	43.2343
2680	42.5993
2690	41.1175
2700	51.1175
2710	45.9001
2720	41.1918
2730	51.1918
2740	47.2117
2750	41.4115
2760	51.4115
2770	43.5068
2780	40
2790	36.1702
2800	34.2553
2810	44.2553
2820	37.8723
2830	30
2840	26.1875
2850	28.781
2860	29.0523
2870	39.0523
2880	34.4255
2890	30.8839
2900	30.8992
2910	40.8992
2920	39.3694
2930	37.801
2940	47.801
2950	40.7623
2960	36.0684
2970	46.0684
2980	38.9255
2990	37.497
3000	37.497
3010	35.2472
3020	45.2472
3030	40.69
3040	36.57
3050	35.4314
3060	33.4314
3070	31.4314
3080	30.2314
3090	40.2314
3100	36.2
3110	34.2
3120	29.2
3130	25.2
3140	35.2
3150	35.8717
3160	33.8151
3170	32.4943
3180	42.4943
3190	39.2377
3200	37.1623
3210	47.1623
3220	41.3132
3230	34.3321
3240	44.3321
3250	39.2377
3260	38.6088
3270	48.6088
3280	44.5837
3290	38.8772
3300	48.8772
3310	41.0658
3320	40.746
3330	36.996
3340	33.377
3350	43.377
3360	37.3849
3370	30.1786
3380	26.7951
3390	27.9041
3400	28.708
3410	38.708
3420	33.896
3430	30.7381
3440	31.6153
3450	41.6153
3460	39.3346
3470	34.4223
3480	44.4223
3490	38.6328
3500	34.922
3510	44.922
3520	40.1229
3530	37.9389
3540	47.9389
3550	42.3854
3560	37.9108
3570	47.9108
3580	40.4339
3590	39.6402
3600	49.6402
3610	44.3509
3620	40.1136
3630	50.1136
3640	42.8255
3650	41.3559
3660	38.3051
3670	33.0508
3680	43.0508
3690	36.4684
3700	29.2619
3710	39.2619
3720	36.7068
3730	33.0186
3740	31.352
3750	27.1853
3760	27.1853
3770	37.1853
3780	37.1853
3790	35.5186
3800	31.3448
3810	28.9996
3820	30.8536
3830	40.8536
3840	38.9821
3850	34.6964
3860	32.7787
3870	32.3862
3880	32.7628
3890	42.7628
3900	39.0355
3910	36.9143
3920	36.3178
3930	34.2436
3940	33.4281
3950	43.4281
3960	40.8207
3970	40.597
3980	38.0597
3990	33.7313
4000	43.7313
4010	34.9254
4020	29.7015
4030	29.2537
4040	27.3059
4050	26.4858
4060	36.4858
4070	34.0273
4080	33.8278
4090	31.509
4100	27.7345
4110	27.9558
4120	37.9558
4130	37.9881
4140	35.3763
4150	31.2918
4160	29.3265
4170	31.3479
4180	41.3479
4190	38.8872
4200	34.5575
4210	32.9136
4220	32.6424
4230	32.8161
4240	42.8161
4250	38.1341
4260	36.6193
4270	36.4842
4280	34.322
4290	32.4301
4300	42.4301
4310	40.9436
4320	41.0811
4330	38.9189
4340	48.9189
4350	41.1247
4360	31.4533
4370	41.4533
4380	35.4978
4390	33.4735
4400	43.4735
4410	35.9121
4420	30.5156
4430	40.5156
4440	37.0349
4450	35.1665
4460	45.1665
4470	37.8357
4480	32.1145
4490	42.1145
4500	38.2902
4510	36.5763
4520	46.5763
4530	39.4334
4540	33.849
4550	43.849
4560	39.823
4570	38.1347
4580	48.1347
4590	40.9003
4600	35.3825
4610	45.3825
4620	41.4764
4630	39.9129
4640	49.9129
4650	42.1693
4660	36.9129
4670	46.9129
4680	42.7976
4690	40.7976
4700	50.7976
4710	45.7495
4720	40.7495
4730	38.7495
4740	34.4995
4750	44.4995
4760	43.125
4770	40.625
4780	35.625
4790	45.625
4800	38.75
4810	32.125
4820	42.125
4830	37.0579
4840	28.9555
4850	29.6351
4860	28.5726
4870	38.5726
4880	35.7893
4890	30.6078
4900	28.7725
4910	29.7077
4920	29.5873
4930	39.5873
4940	34.4688
4950	32.4694
4960	32.4302
4970	42.4302
4980	39.8807
4990	34.4045
5000	44.4045
5010	40.1188
5020	35.1188
5030	45.1188
5040	39.6426
5050	37.1426
5060	47.1426
5070	42.7942
5080	37.8442
5090	47.8442
5100	39.4075
5110	38.7919
5120	48.7919
5130	43.9277
5140	39.2007
5150	49.2007
5160	41.1079
5170	40.1702
5180	50.1702
5190	44.9977
5200	40.515
5210	50.515
5220	42.5839
5230	41.3793
5240	38.5057
5250	33.3333
5260	43.3333
5270	36.4368
5280	28.5057
5290	28.4078
5300	38.4078
5310	35.5718
5320	33.5797
5330	28.7662
5340	25.698
5350	28.4212
5360	38.4212
5370	36.3354
5380	31.6556
5390	28.699
5400	29.7103
5410	29.8226
5420	39.8226
5430	35.2159
5440	32.2945
5450	32.4069
5460	42.4069
5470	39.8226
5480	35.2287
5490	45.2287
5500	39.6063
5510	34.9487
5520	44.9487
5530	40.663
5540	37.6464
5550	47.6464
5560	41.6462
5570	37.2248
5580	47.2248
5590	40.2434
5600	39.1389
5610	49.1389
5620	42.8989
5630	38.6333
5640	48.6333
5650	41.8348
5660	40.226
5670	50.226
5680	44.1599
5690	40.0469
5700	50.0469
5710	42.8742
5720	41.3848
5730	51.3848
5740	45.4274
5750	41.3848
5760	51.3848
5770	44.1508
5780	42.0213
5790	38.617
5800	32.6596
5810	42.6596
5820	36.2766
5830	29.0426
5840	39.0426
5850	35.7643
5860	32.2153
5870	30.5797
5880	26.3299
5890	25.8008
5900	35.8008
5910	35.8404
5920	34.0294
5930	29.9343
5940	26.9135
5950	28.9968
5960	38.9968
5970	37.0176
5980	32.9551
5990	29.9343
6000	30.0385
6010	30.4551
6020	40.4551
6030	36.3926
6040	33.3718
6050	33.476
6060	31.4968
6070	30.2468
6080	40.2468
6090	37.226
6100	37.3301
6110	35.351
6120	31.2885
6130	30.8794
6140	40.8794
6150	41.0223
6160	39.1148
6170	35.1654
6180	31.7633
6190	33.1953
6200	43.1953
6210	41.5543
6220	37.2438
6230	30.4785
6240	24.3
6250	34.3
6260	34.8132
6270	32.6852
6280	28.7601
6290	25.359
6300	27.8343
6310	37.8343
6320	35.475
6330	31.4932
6340	28.1976
6350	28.8599
6360	29.056
6370	39.056
6380	34.8596
6390	31.5029
6400	31.7633
6410	41.7633
6420	38.8091
6430	34.7314
6440	44.7314
6450	38.4207
6460	33.8576
6470	43.8576
6480	39.7799
6490	36.8673
6500	46.8673
6510	40.5749
6520	36.0515
6530	46.0515
6540	39.2585
6550	37.8219
6560	47.8219
6570	41.6681
6580	37.245
6590	47.245
6600	40.5142
6610	38.9758
6620	48.9758
6630	42.7732
6640	38.3891
6650	48.3891
6660	41.7566
6670	40.3042
6680	50.3042
6690	43.751
6700	39.3431
6710	49.3431
6720	42.8681
6730	41.5239
6740	51.5239
6750	45.1267
6760	40.4487
6770	50.4487
6780	44.1282
6790	42.5183
6800	38.8785
6810	32.6168
6820	42.6168
6830	35.6075
6840	29.3458
6850	28.5047
6860	38.5047
6870	34.7664
6880	32.6168
6890	29.0654
6900	25.514
6910	27.6599
6920	37.6599
6930	35.5509
6940	31.8105
6950	28.3544
6960	28.6322
6970	29.0026
6980	39.0026
6990	35.1137
7000	31.6878
7010	31.9656
7020	29.9285
7030	28.8123
7040	38.8123
7050	35.4307
7060	35.5016
7070	33.5485
7080	29.787
7090	29.1448
7100	39.1448
7110	39.0531
7120	37.1264
7130	33.365
7140	30.0622
7150	31.9852
7160	41.9852
7170	39.934
7180	36.2425
7190	33.0317
7200	33.0317
7210	33.2135
7220	43.2135
7230	39.5772
7240	36.3953
7250	36.3953
7260	34.1226
7270	33.2216
7280	43.2216
7290	39.9638
7300	40.5776
7310	38.4714
7320	34.6429
7330	44.6429
7340	35.2899
7350	29.2635
7360	39.2635
7370	34.5373
7380	32.8368
7390	42.8368
7400	36.3982
7410	30.5133
7420	40.5133
7430	35.3887
7440	33.791
7450	43.791
7460	37.4752
7470	31.6857
7480	41.6857
7490	36.4225
7500	34.8436
7510	44.8436
7520	38.5278
7530	32.7383
7540	42.7383
7550	37.4752
7560	35.8962
7570	45.8962
7580	39.5804
7590	33.791
7600	43.791
7610	38.5278
7620	36.9489
7630	46.9489
7640	40.6331
7650	34.8436
7660	44.8436
7670	39.5804
7680	38.0015
7690	48.0015
7700	41.6287
7710	35.8827
7720	45.8827
7730	40.7058
7740	39.2091
7750	49.2091
7760	42.5563
7770	36.8264
7780	46.8264
7790	41.8641
7800	40.1273
7810	50.1273
7820	43.7379
7830	37.8831
7840	47.8831
7850	43.0932
7860	40.9647
7870	50.9647
7880	44.6797
7890	39.0407
7900	49.0407
7910	44.2103
7920	41.849
7930	51.849
7940	45.4318
7950	40.0998
7960	50.0998
7970	45.303
7980	43.5432
7990	39.1868
8000	49.1868
8010	39.7216
8020	31.9947
8030	41.9947
8040	34.8795
8050	32.1966
8060	42.1966
8070	35.6112
8080	30.4893
8090	40.4893
8100	35.8551
8110	33.1722
8120	43.1722
8130	36.6024
8140	31.3779
8150	41.3779
8160	36.8166
8170	34.2138
8180	44.2138
8190	37.7926
8200	32.2435
8210	42.2435
8220	37.5758
8230	35.1516
8240	45.1516
8250	38.9611
8260	33.2468
8270	43.2468
8280	38.4849
8290	36.1039
8300	46.1039
8310	39.9135
8320	34.1992
8330	44.1992
8340	39.4373
8350	37.0563
8360	47.0563
8370	40.8658
8380	35.1516
8390	45.1516
8400	40.3897
8410	38.0087
8420	48.0087
8430	41.8182
8440	36.1039
8450	46.1039
8460	41.342
8470	38.9611
8480	48.9611
8490	42.7706
8500	37.0563
8510	47.0563
8520	42.2944
8530	39.9135
8540	49.9135
8550	43.7379
8560	38.0586
8570	48.0586
8580	43.3684
8590	40.6937
8600	50.6937
8610	44.5907
8620	39.0347
8630	49.0347
8640	44.4595
8650	41.7817
8660	51.7817
8670	45.3903
8680	39.8237
8690	49.8237
8700	45.362
8710	42.7826
8720	52.7826
8730	46.5035
8740	40.6895
8750	50.6895
8760	46.2709
8770	43.7209
8780	39.0649
8790	49.0649
8800	40.1082
8810	50.1082
8820	38.8133
8830	32.0785
8840	42.0785
8850	37.54
8860	31.3862
8870	41.3862
8880	35.2323
8890	30.9246
8900	40.9246
8910	37.4631
8920	32.9246
8930	42.9246
8940	36.7708
8950	32.4631
8960	42.4631
8970	36.259
8980	33.8276
8990	43.8276
9000	37.7539
9010	33.5354
9020	43.5354
9030	37.1023
9040	34.6817
9050	44.6817
9060	38.5934
9070	34.2889
9080	44.2889
9090	38.1695
9100	35.6322
9110	45.6322
9120	39.5128
9130	35.1844
9140	45.1844
9150	39.065
9160	36.5277
9170	46.5277
9180	40.4083
9190	36.0799
9200	46.0799
9210	39.9605
9220	37.4232
9230	47.4232
9240	41.3038
9250	36.9755
9260	46.9754
9270	40.874
9280	38.3661
9290	48.3661
9300	42.3243
9310	37.7196
9320	47.7196
9330	41.7373
9340	39.3218
9350	49.3218
9360	43.1115
9370	38.5329
9380	48.5329
9390	42.6022
9400	40.2779
9410	50.2779
9420	44.0318
9430	39.5597
9440	49.5597
9450	43.373
9460	41.1383
9470	51.1383
9480	44.7277
9490	40.3606
9500	50.3606
9510	44.2911
9520	42.0082
9530	52.0082
9540	45.5637
9550	41.3002
9560	51.3002
9570	45.3289
9580	43.2374
9590	38.6331
9600	32.2302
9610	42.2302
9620	35.6285
9630	29.6953
9640	28.6043
9650	26.1459
9660	36.1459
9670	34.3602
9680	31.1327
9690	27.259
9700	26.9719
9710	27.6562
9720	37.6562
9730	34.2759
9740	30.5435
9750	30.3323
9760	28.7125
9770	28.0083
9780	38.0083
9790	34.2759
9800	34.076
9810	32.4042
9820	29.1132
9830	28.0208
9840	38.0208
9850	37.9514
9860	36.1458
9870	32.9514
9880	29.0625
9890	31.0069
9900	41.0069
9910	39.2014
9920	36.0013
9930	32.1918
9940	32.0577
9950	32.5458
9960	42.5458
9970	39.2805
9980	35.675
9990	35.4709
10000	33.5662
10010	32.9539
10020	42.9539
10030	39.3485
10040	39.1229
10050	37.2407
10060	34.0184
10070	33.1965
10080	43.1965
10090	43.2432
10100	40.6757
10110	36.4865
10120	30.6757
10130	40.6757
10140	31.7568
10150	31.2838
10160	29.4626
10170	26.3082
10180	25.3896
10190	35.3896
10200	34.9757
10210	33.2307
10220	30.1336
10230	26.3973
10240	28.1056
10250	38.1056
10260	36.4264
10270	33.0931
10280	29.4301
10290	29.0337
10300	29.7343
10310	39.7343
10320	36.4752
10330	32.899
10340	32.3058
10350	30.7347
10360	30.177
10370	40.177
10380	36.3995
10390	35.8732
10400	34.3601
10410	31.2022
10420	30.1495
10430	40.1495
10440	39.6232
10450	38.1101
10460	34.9495
10470	31.1204
10480	32.789
10490	42.789
10500	41.1921
10510	37.9663
10520	34.0953
10530	33.7727
10540	34.4824
10550	44.4824
10560	41.2566
10570	37.3856
10580	37.063
10590	35.4501
10600	34.8695
10610	44.8695
10620	40.9985
10630	40.3226
10640	37.9355
10650	34
10660	44
10670	35.4839
10680	28.8387
10690	28.5161
10700	26.9032
10710	26.3395
10720	36.3395
10730	32.5219
10740	32.2523
10750	30.3933
10760	27.2523
10770	26.1805
10780	36.1805
10790	35.9633
10800	34.1647
10810	31.1074
10820	27.0947
10830	28.9547
10840	38.9547
10850	37.216
10860	33.9716
10870	30.0476
10880	29.921
10890	30.5686
10900	40.5686
10910	37.3277
10920	33.4737
10930	33.4108
10940	31.7756
10950	31.2095
10960	41.2095
10970	37.373
10980	37.3101
10990	35.6749
11000	32.4674
11010	31.4155
11020	41.4155
11030	41.3903
11040	39.5633
11050	36.4383
11060	32.6883
11070	42.6883
11080	42.8781
11090	40.9154
11100	36.7244
11110	31.0559
11120	24.2857
11130	34.2857
11140	34.3478
11150	32.5466
11160	29.5031
11170	25.5279
11180	27.5776
11190	37.5776
11200	35.7764
11210	32.7329
11220	28.7578
11230	28.8199
11240	29.3935
11250	39.3935
11260	36.2131
11270	32.307
11280	32.4304
11290	30.702
11300	30.0847
11310	40.0847
11320	36.1958
11330	36.3193
11340	34.5909
11350	31.3193
11360	30.2252
11370	40.2252
11380	40.385
11390	38.7142
11400	35.2173
11410	31.4136
11420	41.4136
11430	42.7637
11440	41.0205
11450	37.0896
11460	30.9756
11470	24.1429
11480	34.1429
11490	34.4081
11500	32.6924
11510	29.3395
11520	25.4001
11530	27.6499
11540	37.6499
11550	35.7749
11560	32.531
11570	28.7185
11580	28.8382
11590	29.2517
11600	39.2517
11610	36.1342
11620	32.2873
11630	32.2711
11640	30.4368
11650	30.0226
11660	40.0226
11670	36.1172
11680	36.0581
11690	34.2238
11700	31.206
11710	30.0785
11720	40.0785
11730	40.0406
11740	38.2453
11750	35.0622
11760	31.2387
11770	33.2456
11780	43.2456
11790	41.4255
11800	38.2764
11810	34.575
11820	34.4006
11830	34.863
11840	44.863
11850	41.8088
11860	38.0284
11870	37.5864
11880	35.4335
11890	45.4335
11900	38.8199
11910	33.1636
11920	26.605
11930	26.5772
11940	26.9772
11950	36.9772
11960	33.8344
11970	30.1201
11980	30.1201
11990	28.1201
12000	27.6058
12010	37.6058
12020	33.8915
12030	33.8915
12040	31.8915
12050	28.7487
12060	27.7772
12070	37.7772
12080	37.7569
12090	35.8003
12100	32.7347
12110	28.9286
12120	30.793
12130	40.793
12140	38.9366
12150	35.9656
12160	32.0181
12170	31.8898
12180	32.4516
12190	42.4516
12200	39.5302
12210	35.4853
12220	35.3729
12230	33.5752
12240	33.2381
12250	43.2381
12260	39.1931
12270	39.0808
12280	37.283
12290	34.3617
12300	33.1257
12310	43.1257
12320	42.9213
12330	40.7865
12340	36.6292
12350	31.1236
12360	41.1236
12370	31.4607
12380	31.3351
12390	29.4963
12400	26.6438
12410	25.514
12420	35.514
12430	35.2362
12440	33.2803
12450	30.5418
12460	26.5943
12470	28.4489
12480	38.4489
12490	36.361
12500	33.7292
12510	29.7396
12520	29.4703
12530	29.8449
12540	39.8449
12550	37.2766
12560	33.3421
12570	32.9596
12580	30.9378
12590	30.8831
12600	40.8831
12610	36.9487
12620	36.5626
12630	34.5378
12640	31.9702
12650	30.8436
12660	40.8436
12670	40.4157
12680	38.3888
12690	35.8407
12700	31.8447
12710	33.5402
12720	43.5402
12730	41.5721
12740	39.0669
12750	34.9598
12760	34.6657
12770	35.0411
12780	45.0411
12790	42.4756
12800	38.3454
12810	37.7038
12820	35.478
12830	45.478
12840	38.6745
12850	33.3854
12860	26.5162
12870	26.3232
12880	26.7942
12890	36.7942
12900	34.1443
12910	30.2268
12920	29.9196
12930	28.017
12940	27.9424
12950	37.9424
12960	34.0849
12970	33.8284
12980	31.7694
12990	29.2207
13000	28.1749
13010	38.1749
13020	37.9624
13030	35.7175
13040	33.22
13050	29.4613
13060	31.3208
13070	41.3208
13080	38.915
13090	36.4784
13100	32.771
13110	32.5953
13120	32.6182
13130	42.6182
13140	40.3383
13150	36.5883
13160	36.3325
13170	33.8028
13180	34.0561
13190	44.0561
13200	40.4205
13210	40.4951
13220	37.8713
13230	33.3168
13240	43.3168
13250	36.3366
13260	30
13270	40
13280	34.8738
13290	32.4372
13300	42.4372
13310	37.7844
13320	31.5785
13330	41.5785
13340	36.5785
13350	34.2256
13360	44.2256
13370	39.5197
13380	33.3432
13390	43.3432
13400	38.3432
13410	35.9903
13420	45.9903
13430	41.2844
13440	35.1079
13450	45.1079
13460	40.0861
13470	37.6789
13480	47.6789
13490	43.0658
13500	37.0176
13510	47.0176
13520	41.8395
13530	39.3344
13540	49.3344
13550	44.817
13560	38.8608
13570	48.8608
13580	43.5095
13590	41.0647
13600	51.0647
13610	46.6173
13620	40.5023
13630	50.5023
13640	45.2138
13650	42.6442
13660	38.1731
13670	48.1731
13680	41.3462
13690	32.5
13700	42.5
13710	34.6888
13720	32.2544
13730	42.2544
13740	37.7824
13750	31.5857
13760	41.5857
13770	36.5066
13780	33.965
13790	43.965
13800	39.4151
13810	33.3845
13820	43.3845
13830	38.2526
13840	35.6524
13850	45.6524
13860	40.9427
13870	35.0196
13880	45.0196
13890	39.9498
13900	37.3917
13910	47.3917
13920	42.601
13930	36.694
13940	46.694
13950	41.6324
13960	39.0907
13970	49.0907
13980	44.1709
13990	38.3216
14000	48.3216
14010	43.3297
14020	40.7677
14030	50.7677
14040	45.8103
14050	40.0341
14060	50.0341
14070	45.1033
14080	42.3844
14090	52.3844
14100	47.4535
14110	41.6931
14120	51.6931
14130	31.8242
14140	41.8242
14150	37.0378
14160	32.191
14170	42.191
14180	33.6876
14190	30.3905
14200	40.3905
14210	37.6584
14220	32.9155
14230	42.9155
14240	37.0973
14250	32.37
14260	42.37
14270	39.5518
14280	34.8246
14290	44.8246
14300	39.0008
14310	34.2546
14320	44.2546
14330	41.3784
14340	36.8031
14350	46.8031
14360	40.9357
14370	36.1551
14380	46.1551
14390	43.1142
14400	38.6348
14410	48.6348
14420	42.8312
14430	38.0991
14440	48.0991
14450	44.9741
14460	40.5098
14470	50.5098
14480	44.7062
14490	39.9741
14500	49.9741
14510	46.8491
14520	42.3848
14530	52.3848
14540	46.5812
14550	41.8491
14560	51.8491
14570	47.9911
14580	42.6786
14590	52.6786
14600	43.3929
14610	34.9554
14620	44.9554
14630	35.3125
14640	32.1875
14650	42.1875
14660	37.7232
14670	31.9196
14680	41.9196
14690	37.1875
14700	34.0625
14710	44.0625
14720	39.6089
14730	33.8288
14740	43.8288
14750	38.9625
14760	35.8861
14770	45.8861
14780	41.4861
14790	35.7528
14800	45.7528
14810	40.8194
14820	37.7528
14830	47.7528
14840	43.3634
14850	37.6533
14860	47.6533
14870	42.587
14880	39.5685
14890	49.5685
14900	45.2093
14910	39.5914
14920	49.5914
14930	44.5472
14940	41.4141
14950	51.4141
14960	46.9404
14970	41.4141
14980	38.6842
14990	33.6842
15000	43.6842
15010	38.3333
15020	33.8596
15030	43.8596
15040	35.7456
15050	30.7456
15060	40.7456
15070	37.5877
15080	33.1193
15090	43.1193
15100	37.6212
15110	32.6594
15120	42.6594
15130	39.314
15140	34.9088
15150	44.9088
15160	39.4783
15170	34.4295
15180	44.4295
15190	41.1203
15200	36.7776
15210	46.7776
15220	41.4141
15230	36.1704
15240	46.1704
15250	42.9188
15260	38.6382
15270	48.6382
15280	43.3411
15290	38.0549
15300	48.0549
15310	44.6234
15320	40.4094
15330	50.4094
15340	45.0983
15350	39.9158
15360	49.9158
15370	48.0651
15380	42.2106
15390	35.724
15400	45.724
15410	37.8513
15420	30.2979
15430	40.2979
15440	36.5691
15450	32.3318
15460	42.3318
15470	37.0775
15480	32.0775
15490	42.0775
15500	38.3259
15510	34.1057
15520	44.1057
15530	38.8911
15540	33.9407
15550	43.9407
15560	40.0167
15570	35.8394
15580	45.8394
15590	40.6496
15600	35.7129
15610	45.7129
15620	41.7888
15630	37.6116
15640	47.6116
15650	42.4217
15660	37.485
15670	47.485
15680	43.5678
15690	39.4075
15700	49.4075
15710	44.1015
15720	39.2139
15730	49.2139
15740	45.3619
15750	41.2775
15760	51.2775
15770	45.8243
15780	40.8516
15790	50.8516
15800	48.1667
15810	42.125
15820	52.125
15830	43.4583
15840	35.375
15850	45.375
15860	35.375
15870	31.6138
15880	41.6138
15890	37.662
15900	32.2367
15910	42.2367
15920	37.1231
15930	33.2483
15940	43.2483
15950	39.309
15960	33.8671
15970	43.8671
15980	38.8568
15990	35.0956
16000	45.0956
16010	41.1267
16020	35.5661
16030	45.5661
16040	40.6779
16050	37.024
16060	47.024
16070	43.0438
16080	37.4709
16090	47.4709
16100	42.648
16110	39.0338
16120	49.0338
16130	44.8915
16140	39.4178
16150	49.4178
16160	44.7091
16170	40.9787
16180	39.3238
16190	35.1306
16200	29.7449
16210	39.7449
16220	34.8739
16230	31.1739
16240	41.1739
16250	37.1147
16260	31.7125
16270	41.7125
16280	36.7777
16290	32.9742
16300	42.9742
16310	39.0151
16320	33.6466
16330	43.6467
16340	38.7471
16350	34.8246
16360	44.8246
16370	40.9204
16380	35.6123
16390	45.6123
16400	40.5593
16410	36.6914
16420	46.6914
16430	42.701
16440	37.4527
16450	47.4527
16460	42.441
16470	38.6415
16480	48.6415
16490	44.5049
16500	39.361
16510	49.361
16520	44.2448
16530	40.5238
16540	50.5238
16550	46.3378
16560	41.2215
16570	51.2215
16580	46.1111
16590	42.4043
16600	52.4043
16610	48.939
16620	42.4306
16630	34.6332
16640	44.6332
16650	37.0656
16660	31.1197
16670	41.1197
16680	36.9884
16690	31.6988
16700	41.6988
16710	36.6092
16720	32.9597
16730	42.9597
16740	38.8655
16750	33.626
16760	43.626
16770	38.3952
16780	34.7798
16790	44.7798
16800	40.7029
16810	35.4721
16820	45.4721
16830	40.2413
16840	36.626
16850	46.626
16860	42.549
16870	37.3183
16880	47.3183
16890	42.0982
16900	38.5011
16910	48.5011
16920	44.3039
16930	39.1227
16940	49.1227
16950	43.9609
16960	40.3357
16970	50.3357
16980	46.12
16990	40.9968
17000	50.9968
17010	45.9033
17020	42.1993
17030	39.3012
17040	35.021
17050	29.8106
17060	39.8106
17070	34.8295
17080	31.2188
17090	41.2188
17100	36.757
17110	31.5872
17120	41.5872
17130	36.6811
17140	33.0347
17150	43.0347
17160	38.4473
17170	33.3912
17180	43.3912
17190	38.5965
17200	34.9396
17210	44.9396
17220	40.2374
17230	35.2932
17240	45.2932
17250	40.572
17260	36.9661
17270	46.9661
17280	42.2449
17290	37.3006
17300	47.3006
17310	42.5419
17320	38.9861
17330	48.9861
17340	44.3555
17350	39.3001
17360	49.3001
17370	44.4662
17380	40.9606
17390	50.9606
17400	46.3481
17410	41.2927
17420	51.2927
17430	46.4034
17440	42.9227
17450	52.9227
17460	49.0531
17470	42.0588
17480	34.5679
17490	44.5679
17500	37.0223
17510	31.2534
17520	41.2534
17530	36.7919
17540	31.9059
17550	41.9059
17560	36.8193
17570	33.2715
17580	43.2715
17590	38.6671
17600	33.8352
17610	43.8352
17620	38.7128
17630	35.2142
17640	45.2142
17650	40.6445
17660	35.8664
17670	45.8664
17680	40.6719
17690	37.0956
17700	47.0956
17710	42.5786
17720	37.8358
17730	47.8358
17740	42.6961
17750	39.0785
17760	49.0785
17770	44.6137
17780	39.7261
17790	49.7261
17800	44.5511
17810	40.9824
17820	50.9824
17830	46.5695
17840	41.7308
17850	39.0323
17860	33.7634
17870	30.2151
17880	40.2151
17890	35.8064
17900	30.9677
17910	40.9677
17920	35.6989
17930	32.1505
17940	42.1505
17950	37.7419
17960	32.9032
17970	42.9032
17980	37.6344
17990	34.086
18000	44.086
18010	39.6774
18020	34.8387
18030	44.8387
18040	39.5699
18050	36.0215
18060	46.0215
18070	41.6129
18080	36.7742
18090	46.7742
18100	41.5416
18110	38.0414
18120	48.0414
18130	43.5404
18140	38.5937
18150	48.5937
18160	43.4515
18170	40.0234
18180	50.0234
18190	45.5467
18200	40.6531
18210	50.6531
18220	45.5645
18230	42.184
18240	52.184
18250	48.9484
18260	42.1227
18270	34.5723
18280	44.5723
18290	36.9234
18300	31.3741
18310	41.3741
18320	37.0079
18330	31.9992
18340	41.9992
18350	36.8322
18360	33.5767
18370	43.5767
18380	39.1103
18390	34.0054
18400	44.0054
18410	38.9005
18420	35.6837
18430	45.6837
18440	41.2082
18450	36.1076
18460	46.1076
18470	41.0247
18480	37.8348
18490	47.8348
18500	43.2138
18510	38.1486
18520	48.1486
18530	43.1181
18540	39.974
18550	49.974
18560	45.3864
18570	40.1781
18580	50.1781
18590	45.1781
18600	42.9514
18610	37.6389
18620	47.6389
18630	40.625
18640	32.8819
18650	42.8819
18660	35.3819
18670	32.2569
18680	42.2569
18690	37.6577
18700	32.4825
18710	42.4825
18720	37.5498
18730	34.3297
18740	44.3297
18750	39.6552
18760	34.5845
18770	44.5845
18780	39.7543
18790	36.4191
18800	46.4191
18810	41.8301
18820	36.8301
18830	46.8301
18840	42.0356
18850	38.6794
18860	48.6794
18870	44.1053
18880	39.1376
18890	49.1376
18900	44.2758
18910	40.8272
18920	50.8272
18930	46.3448
18940	41.3984
18950	38.6701
18960	33.805
18970	43.805
18980	38.1476
18990	33.6755
19000	43.6755
19010	36.0525
19020	31.285
19030	41.285
19040	37.9576
19050	33.3664
19060	43.3664
19070	38.2471
19080	33.5392
19090	43.5392
19100	40.2358
19110	35.5672
19120	45.5672
19130	40.4036
19140	35.784
19150	45.784
19160	42.3899
19170	37.8045
19180	47.8045
19190	42.6365
19200	37.9158
19210	47.9158
19220	44.5721
19230	39.99
19240	49.99
19250	44.7784
19260	40.1055
19270	50.1055
19280	47.9878
19290	42.5223
19300	35.357
19310	45.357
19320	37.6083
19330	30.5592
19340	40.5592
19350	37.3202
19360	32.5305
19370	42.5305
19380	37.363
19390	32.7945
19400	42.7945
19410	39.4174
19420	34.6633
19430	44.6633
19440	39.5158
19450	34.9584
19460	44.9584
19470	41.5705
19480	36.79
19490	46.79
19500	41.7016
19510	37.2169
19520	47.2169
19530	43.736
19540	38.8954
19550	48.8954
19560	43.8759
19570	39.4493
19580	49.4493
19590	45.9971
19600	41.2174
19610	51.2174
19620	46.2754
19630	41.7828
19640	51.7828
19650	48.0975
19660	42.2512
19670	52.2512
19680	42.6667
19690	35.3164
19700	45.3164
19710	36.0129
19720	32.3151
19730	42.3151
19740	37.6527
19750	32.7974
19760	42.7974
19770	38.328
19780	34.6302
19790	44.6302
19800	39.9678
19810	35.1125
19820	45.1125
19830	40.6431
19840	36.9453
19850	46.9453
19860	42.283
19870	37.4276
19880	47.4277
19890	42.9659
19900	39.2187
19910	49.2187
19920	44.5877
19930	39.772
19940	49.772
19950	45.3566
19960	41.4613
19970	39.1289
19980	34.5446
19990	44.5446
20000	37.3163
20010	32.9393
20020	42.9393
20030	36.6134
20040	32.0447
20050	42.0447
20060	37.2698
20070	32.9217
20080	42.9217
20090	38.8621
20100	34.3689
20110	44.3689
20120	39.5258
20130	35.2687
20140	45.2687
20150	41.1082
20160	36.552
20170	46.552
20180	41.7743
20190	37.6069
20200	47.6069
20210	43.4692
20220	38.816
20230	48.816
20240	43.9499
20250	39.826
20260	49.826
20270	45.8048
20280	41.0934
20290	51.0934
20300	46.1656
20310	42.018
20320	52.018
20330	48.4136
20340	42.1446
20350	35.0155
20360	45.0155
20370	37.4613
20380	30.9907
20390	40.9907
20400	37.0588
20410	32.3839
20420	42.3839
20430	37.3483
20440	33.2029
20450	43.2029
20460	39.2101
20470	34.6059
20480	44.6059
20490	39.652
20500	35.4366
20510	45.4366
20520	41.4059
20530	36.8213
20540	46.8213
20550	41.8513
20560	37.6483
20570	47.6483
20580	43.644
20590	39.0945
20600	49.0945
20610	43.9972
20620	39.8104
20630	49.8104
20640	45.9013
20650	41.3224
20660	51.3224
20670	46.1963
20680	41.9958
20690	51.9958
20700	48.2597
20710	42.1551
20720	52.1551
20730	42.607
20740	35.0708
20750	45.0708
20760	36.2486
20770	32.3515
20780	42.3515
20790	37.713
20800	32.713
20810	42.713
20820	38.6166
20830	34.7009
20840	44.7009
20850	40.0624
20860	35.0624
20870	45.0624
20880	40.966
20890	37.0503
20900	47.0503
20910	42.4198
20920	37.4356
20930	47.4356
20940	43.245
20950	39.3649
20960	49.3649
20970	44.7783
20980	39.839
20990	49.839
21000	45.5111
21010	41.6726
21020	39.1617
21030	34.6108
21040	29.7006
21050	39.7006
21060	35.3293
21070	31.497
21080	41.497
21090	36.9461
21100	32.0359
21110	42.0359
21120	37.6647
21130	33.8323
21140	43.8323
21150	39.2959
21160	34.3184
21170	44.3184
21180	39.9829
21190	36.1919
21200	46.1919
21210	41.6988
21220	36.5871
21230	46.5871
21240	42.2943
21250	38.5443
21260	48.5443
21270	44.035
21280	38.8789
21290	48.8789
21300	44.6285
21310	40.9194
21320	50.9194
21330	46.3343
21340	41.1344
21350	51.1344
21360	47.9656
21370	41.3905
21380	35.4471
21390	45.4472
21400	38.409
21410	30.6247
21420	40.6247
21430	36.4619
21440	32.8402
21450	42.8402
21460	38.1859
21470	32.9141
21480	42.9141
21490	38.6696
21500	35.1212
21510	45.1212
21520	40.5171
21530	35.2092
21540	45.2092
21550	40.957
21560	37.4039
21570	47.4039
21580	42.7802
21590	37.5502
21600	47.5502
21610	43.252
21620	39.6539
21630	49.6539
21640	44.9658
21650	39.8425
21660	49.8425
21670	45.457
21680	41.9264
21690	39.3933
21700	34.6345
21710	29.6235
21720	39.6235
21730	35.1862
21740	31.6046
21750	41.6046
21760	36.7764
21770	31.8408
21780	41.8408
21790	37.4339
21800	33.891
21810	43.891
21820	38.9767
21830	34.0625
21840	44.0625
21850	39.6625
21860	36.1196
21870	46.1196
21880	41.2195
21890	36.3264
21900	46.3264
21910	41.8182
21920	38.3139
21930	48.3139
21940	43.4562
21950	38.5203
21960	48.5203
21970	44.0248
21980	40.5589
21990	50.5589
22000	45.7573
22010	40.7996
22020	50.7996
22030	46.238
22040	42.6786
22050	52.6786
22060	48.9851
22070	41.8025
22080	34.3167
22090	44.3167
22100	37.3521
22110	31.5698
22120	41.5698
22130	36.8999
22140	31.9068
22150	41.9068
22160	37.4462
22170	33.8359
22180	43.8359
22190	39.2311
22200	34.2975
22210	44.2975
22220	39.7271
22230	36.158
22240	46.158
22250	41.5413
22260	36.6734
22270	46.6734
22280	42.1666
22290	38.6559
22300	48.6559
22310	44.0062
22320	39.1968
22330	49.1968
22340	44.7336
22350	41.108
22360	51.108
22370	46.4297
22380	41.6613
22390	38.4564
22400	34.0305
22410	30.4273
22420	40.4273
22430	35.6368
22440	30.9368
22450	40.9368
22460	36.5961
22470	32.9148
22480	42.9148
22490	38.0797
22500	33.4093
22510	43.4093
22520	39.0562
22530	35.3848
22540	45.3848
22550	40.5741
22560	35.9345
22570	45.9345
22580	41.4563
22590	37.8224
22600	47.8225
22610	43.0522
22620	38.4527
22630	48.4527
22640	43.8625
22650	40.256
22660	50.256
22670	45.5019
22680	40.9117
22690	50.9117
22700	46.3334
22710	42.713
22720	52.713
22730	48.6556
22740	41.5345
22750	34.4715
22760	44.4715
22770	37.5881
22780	31.6531
22790	41.6531
22800	37.019
22810	32.3848
22820	42.3848
22830	37.9133
22840	34.2547
22850	44.2547
22860	39.6206
22870	34.9865
22880	44.9864
22890	40.5149
22900	36.8564
22910	46.8564
22920	42.2222
22930	37.5881
22940	47.5881
22950	43.1084
22960	39.4319
22970	49.4319
22980	44.7682
22990	40.2344
23000	50.2344
23010	45.6959
23020	41.9991
23030	39.0263
23040	34.3758
23050	29.8928
23060	39.8928
23070	35.2547
23080	31.5818
23090	41.5818
23100	36.9437
23110	32.4665
23120	42.4665
23130	37.8415
23140	34.1868
23150	44.1868
23160	39.5814
23170	34.9824
23180	44.9824
23190	40.3965
23200	36.6983
23210	46.6983
23220	42.1318
23230	37.5718
23240	47.5718
23250	43.0118
23260	39.2518
23270	49.2518
23280	44.6918
23290	40.1318
23300	50.1318
23310	45.5315
23320	41.7898
23330	51.7898
23340	47.2621
23350	42.7408
23360	52.7408
23370	48.2226
23380	41.0544
23390	34.9864
23400	44.9864
23410	38.1217
23420	31.2698
23430	41.2698
23440	36.5079
23450	32.6984
23460	42.6984
23470	38.254
23480	33.8127
23490	43.8127
23500	39.067
23510	35.2788
23520	45.2788
23530	40.7241
23540	36.3178
23550	46.3178
23560	41.5948
23570	37.8218
23580	47.8218
23590	43.2571
23600	38.8539
23610	48.8539
23620	44.1471
23630	40.3031
23640	50.3031
23650	45.7736
23660	41.4051
23670	38.7368
23680	34.0526
23690	30.1579
23700	40.1579
23710	35.6316
23720	31.2632
23730	41.2632
23740	36.5789
23750	32.6842
23760	42.6842
23770	38.1579
23780	33.7895
23790	43.7895
23800	39.1181
23810	35.2416
23820	45.2416
23830	40.6158
23840	36.2851
23850	46.2851
23860	41.6395
23870	37.7812
23880	47.7812
23890	43.1355
23900	38.8048
23910	48.8048
23920	44.1196
23930	40.2794
23940	50.2794
23950	45.6657
23960	41.3725
23970	51.3725
23980	46.621
23990	42.7387
24000	52.7387
24010	48.4659
24020	41.4621
24030	34.8303
24040	44.8303
24050	37.6501
24060	31.3838
24070	41.3838
24080	36.8146
24090	32.5488
24100	42.5488
24110	37.839
24120	33.9176
24130	43.9176
24140	39.3832
24150	35.0113
24160	45.0113
24170	40.2747
24180	36.3895
24190	46.3895
24200	41.8929
24210	37.5485
24220	47.5485
24230	42.7752
24240	38.9469
24250	48.9469
24260	44.3799
24270	39.9675
24280	49.9675
24290	45.2061
24300	41.449
24310	38.9908
24320	34.3458
24330	29.9956
24340	39.9956
24350	35.1698
24360	31.5089
24370	41.5089
24380	36.8187
24390	32.4
24400	42.4
24410	37.5758
24420	33.9799
24430	43.9799
24440	39.3234
24450	34.8196
24460	44.8196
24470	40.0104
24480	36.4226
24490	46.4226
24500	41.7736
24510	37.2488
24520	47.2488
24530	42.3935
24540	38.8585
24550	48.8585
24560	44.2799
24570	39.7074
24580	49.7074
24590	44.8439
24600	41.2349
24610	51.2349
24620	46.6931
24630	42.1575
24640	52.1575
24650	48.3504
24660	40.94
24670	35.063
24680	45.063
24690	38.136
24700	31.2091
24710	41.2091
24720	36.2469
24730	32.6448
24740	42.6448
24750	38.136
24760	33.6272
24770	43.6272
24780	38.665
24790	35.063
24800	45.063
24810	40.5608
24820	36.012
24830	46.012
24840	41.0755
24850	37.5025
24860	47.5025
24870	43.0092
24880	38.399
24890	48.399
24900	43.4999
24910	39.961
24920	49.961
24930	45.3604
24940	40.747
24950	50.747
24960	45.9105
24970	43.0525
24980	37.3322
24990	47.3322
25000	40.2378
25010	33.1494
25020	43.1494
25030	35.772
25040	32.3334
25050	42.3334
25060	37.7205
25070	33.1136
25080	43.1136
25090	38.2209
25100	34.6742
25110	44.6742
25120	40.0975
25130	35.4451
25140	45.4451
25150	40.5893
25160	37.0744
25170	47.0744
25180	42.52
25190	37.817
25200	47.817
25210	42.9655
25220	39.4524
25230	49.4524
25240	44.9117
25250	40.2287
25260	50.2287
25270	45.2787
25280	41.7989
25290	39.114
25300	34.6092
25310	44.6092
25320	37.524
25330	32.4631
25340	42.4631
25350	36.7778
25360	32.3057
25370	42.3057
25380	37.6979
25390	32.5357
25400	42.5357
25410	39.1205
25420	34.6733
25430	44.6733
25440	40.0787
25450	34.8945
25460	44.8945
25470	41.488
25480	37.018
25490	47.018
25500	42.4686
25510	37.3437
25520	47.3437
25530	43.9789
25540	39.4663
25550	49.4663
25560	44.9655
25570	39.885
25580	49.885
25590	47.8049
25600	42.0976
25610	35.1951
25620	45.1951
25630	38.2927
25640	30.7037
25650	40.7037
25660	37.2523
25670	32.7833
25680	42.7833
25690	38.326
25700	33.1448
25710	43.1448
25720	39.7261
25730	35.2922
25740	45.2922
25750	40.7438
25760	35.5982
25770	45.5982
25780	42.2001
25790	37.7827
25800	47.7827
25810	43.2196
25820	38.0728
25830	48.0728
25840	44.6572
25850	40.2953
25860	50.2953
25870	45.6982
25880	40.5186
25890	50.5186
25900	47.7383
25910	42.0688
25920	52.0688
25930	43.0143
25940	35.8677
25950	45.8677
25960	35.69
25970	32.2947
25980	42.2947
25990	37.9172
26000	33.2456
26010	43.2456
26020	38.1665
26030	34.7403
26040	44.7403
26050	40.2847
26060	35.6809
26070	45.6809
26080	40.6022
26090	37.1598
26100	47.1598
26110	42.7278
26120	38.1515
26130	48.1515
26140	42.9804
26150	39.5879
26160	49.5879
26170	45.2209
26180	40.5763
26190	50.5763
26200	45.3631
26210	41.9981
26220	39.0284
26230	34.6665
26240	44.6665
26250	37.591
26260	32.394
26270	42.394
26280	36.7152
26290	32.3889
26300	42.3889
26310	37.7842
26320	32.6182
26330	42.6182
26340	39.1637
26350	34.865
26360	44.865
26370	40.2998
26380	35.1808
26390	45.1808
26400	41.7785
26410	37.4258
26420	47.4258
26430	42.9028
26440	37.8435
26450	47.8435
26460	44.4836
26470	40.1449
26480	50.1449
26490	45.5364
26500	40.5124
26510	50.5124
26520	47.6315
26530	41.9688
26540	35.2826
26550	45.2826
26560	38.2309
26570	30.7507
26580	40.7507
26590	37.321
26600	33.0553
26610	43.0553
26620	38.37
26630	33.4049
26640	43.4049
26650	39.9783
26660	35.7073
26670	45.7073
26680	41.0351
26690	36.0892
26700	46.0892
26710	42.6902
26720	38.3181
26730	48.3181
26740	43.6669
26750	38.7367
26760	48.7367
26770	45.3413
26780	40.9656
26790	50.9656
26800	46.2872
26810	41.395
26820	51.395
26830	47.6924
26840	42.1342
26850	52.1342
26860	42.8603
26870	35.7402
26880	45.7402
26890	35.8941
26900	32.6552
26910	42.6552
26920	38.1863
26930	33.5852
26940	43.5852
26950	38.5938
26960	35.3878
26970	45.3878
26980	40.9087
26990	36.3604
27000	46.3604
27010	41.2976
27020	38.1494
27030	48.1494
27040	43.5857
27050	39.0844
27060	49.0845
27070	44.0474
27080	40.9203
27090	50.9203
27100	46.3238
27110	41.8747
27120	38.6338
27130	33.5363
27140	30.3249
27150	40.3249
27160	35.7824
27170	31.3813
27180	41.3813
27190	36.3134
27200	33.0103
27210	43.0103
27220	38.4512
27230	34.0783
27240	44.0783
27250	39.0387
27260	35.7656
27270	45.7656
27280	41.1491
27290	36.741
27300	46.741
27310	41.7354
27320	38.4921
27330	48.4921
27340	43.8854
27350	39.4074
27360	49.4074
27370	44.3794
27380	41.225
27390	51.225
27400	46.5942
27410	42.0975
27420	52.0975
27430	48.1432
27440	40.6074
27450	35.2444
27460	45.2444
27470	38.2109
27480	31.2486
27490	41.2486
27500	36.282
27510	33.0551
27520	43.0551
27530	38.5029
27540	33.956
27550	43.956
27560	38.8977
27570	35.6977
27580	45.6977
27590	41.1644
27600	36.631
27610	46.631
27620	41.5644
27630	38.3668
27640	48.3668
27650	43.7915
27660	39.2769
27670	49.2769
27680	44.2409
27690	41.0702
27700	39.0687
27710	34.4346
27720	29.9335
27730	39.9335
27740	34.8903
27750	31.7273
27760	41.7273
27770	37.1126
27780	32.6361
27790	42.6361
27800	37.4934
27810	34.3596
27820	44.3596
27830	39.7771
27840	35.3326
27850	45.3326
27860	40.1008
27870	36.9882
27880	46.9882
27890	42.4187
27900	37.9816
27910	47.9816
27920	42.7532
27930	39.6483
27940	49.6483
27950	45.0187
27960	40.606
27970	50.606
27980	45.4111
27990	42.2999
28000	52.2999
28010	48.6137
28020	41.5239
28030	34.7472
28040	44.7473
28050	37.0549
28060	31.6703
28070	41.6703
28080	37.033
28090	32.6593
28100	42.6593
28110	37.4826
28120	34.316
28130	44.316
28140	39.7224
28150	35.2906
28160	45.2906
28170	40.067
28180	36.9479
28190	46.9479
28200	42.3963
28210	37.8698
28220	47.8698
28230	42.6854
28240	39.5592
28250	49.5592
28260	44.9718
28270	40.4841
28280	50.4841
28290	45.3597
28300	42.6819
28310	37.3271
28320	47.3271
28330	40.1999
28340	33.3406
28350	43.3406
28360	35.7267
28370	32.5813
28380	42.5813
28390	37.8742
28400	33.4289
28410	43.4289
28420	38.294
28430	35.1643
28440	45.1643
28450	40.4853
28460	36.0648
28470	46.0648
28480	40.8826
28490	37.7813
28500	47.7813
28510	43.1339
28520	38.6215
28530	48.6215
28540	43.472
28550	40.399
28560	50.399
28570	45.669
28580	41.1893
28590	51.1893
28600	46.0356
28610	42.6356
28620	37.3464
28630	47.3464
28640	40.2188
28650	33.404
28660	43.404
28670	35.6993
28680	32.486
28690	42.486
28700	37.8393
28710	33.4496
28720	43.4496
28730	38.289
28740	35.0556
28750	45.0556
28760	40.4125
28770	36.0315
28780	46.0315
28790	40.8118
28800	37.6006
28810	47.6006
28820	42.9852
28830	38.6262
28840	48.6262
28850	43.3698
28860	40.1647
28870	50.1647
28880	45.538
28890	41.1877
28900	51.1877
28910	45.9514
28920	42.6927
28930	37.312
28940	47.312
28950	40.1567
28960	50.1567
28970	40.9923
28980	33.2565
28990	43.2565
29000	37.9161
29010	33.2352
29020	43.2352
29030	38.8097
29040	33.6182
29050	43.6182
29060	40.4586
29070	35.7974
29080	45.7974
29090	41.329
29100	36.1901
29110	46.1901
29120	42.9697
29130	38.3511
29140	48.3511
29150	43.8595
29160	38.7324
29170	48.7324
29180	45.5121
29190	40.8934
29200	50.8934
29210	46.4019
29220	41.2748
29230	51.2748
29240	47.6915
29250	42.2364
29260	35.1963
29270	45.1963
29280	38.3145
29290	30.6977
29300	40.6977
29310	37.3784
29320	32.7907
29330	42.7907
29340	38.3298
29350	33.2347
29360	43.2347
29370	39.922
29380	35.3516
29390	45.3516
29400	40.8504
29410	35.8051
29420	45.8051
29430	42.5452
29440	38.0275
29450	48.0275
29460	43.52
29470	38.4144
29480	48.4144
29490	45.1677
29500	40.6805
29510	50.6805
29520	46.2034
29530	41.1022
29540	51.1022
29550	47.6526
29560	42.105
29570	52.105
29580	42.759
29590	35.9064
29600	45.9064
29610	35.8159
29620	32.5105
29630	42.5105
29640	37.9498
29650	33.5146
29660	43.5146
29670	38.4634
29680	35.1336
29690	45.1336
29700	40.529
29710	36.145
29720	46.145
29730	41.145
29740	37.77
29750	47.77
29760	43.145
29770	38.77
29780	48.77
29790	43.7757
29800	40.4104
29810	50.4104
29820	45.7209
29830	41.3713
29840	38.6676
29850	33.7158
29860	30.3976
29870	40.3976
29880	35.6559
29890	31.281
29900	41.281
29910	36.4152
29920	33.1644
29930	43.1644
29940	38.4377
29950	33.9634
29960	43.9635
29970	39.1181
29980	35.881
29990	45.881
30000	41.1593
30010	36.6851
30020	46.6851
30030	41.8088
30040	38.5853
30050	48.5853
30060	43.8889
30070	39.4444
30080	49.4444
30090	44.5164
30100	41.3201
30110	51.3201
30120	46.6538
30130	42.1159
30140	52.1159
30150	48.0717
30160	40.6333
30170	35.2714
30180	45.2714
30190	38.1967
30200	31.2627
30210	41.2627
30220	36.2755
30230	33.1355
30240	43.1355
30250	38.5318
30260	33.933
30270	43.933
30280	38.9764
30290	35.7918
30300	45.7918
30310	41.2179
30320	36.6489
30330	46.6489
30340	41.6719
30350	38.4631
30360	48.4631
30370	43.9189
30380	39.3796
30390	49.3796
30400	44.3618
30410	41.1799
30420	39.0573
30430	34.4299
30440	29.9216
30450	39.9216
30460	34.9358
30470	31.7049
30480	41.7049
30490	37.1005
30500	32.6177
30510	42.6177
30520	37.6582
30530	34.406
30540	44.406
30550	39.8261
30560	35.2512
30570	45.2512
30580	40.2917
30590	37.0795
30600	47.0795
30610	42.5536
30620	37.9165
30630	47.9165
30640	42.8863
30650	39.7141
30660	49.7141
30670	45.2223
30680	40.6147
30690	50.6147
30700	45.5342
30710	42.3885
30720	52.3885
30730	48.6193
30740	41.6234
30750	34.602
30760	44.602
30770	37.0649
30780	31.7812
30790	41.7812
30800	37.1412
30810	32.5061
30820	42.5061
30830	37.531
30840	34.4117
30850	44.4117
30860	39.7156
30870	35.1363
30880	45.1363
30890	40.2085
30900	37.0763
30910	47.0763
30920	42.4019
30930	37.8492
30940	47.8492
30950	42.9387
30960	39.8174
30970	49.8174
30980	45.1454
30990	40.5951
31000	50.5952
31010	45.6969
31020	42.6819
31030	37.3933
31040	47.3933
31050	40.1783
31060	33.2326
31070	43.2326
31080	35.9496
31090	32.8418
31100	42.8418
31110	38.0781
31120	33.5505
31130	43.5505
31140	38.7867
31150	35.6765
31160	45.6765
31170	40.9127
31180	36.3851
31190	46.3851
31200	41.6214
31210	38.5111
31220	48.5111
31230	43.7517
31240	39.1958
31250	49.1958
31260	44.4509
31270	41.3617
31280	51.3617
31290	46.6313
31300	42.0235
31310	38.3658
31320	33.6498
31330	43.6498
31340	38.2854
31350	33.5616
31360	43.5616
31370	36.578
31380	31.9181
31390	41.9181
31400	38.6759
31410	33.9103
31420	43.9103
31430	39.379
31440	34.7306
31450	44.7306
31460	41.4884
31470	36.7228
31480	46.7228
31490	42.1915
31500	37.5431
31510	47.5431
31520	44.3009
31530	39.5353
31540	49.5353
31550	45.004
31560	40.3556
31570	50.3556
31580	47.696
31590	42.2546
31600	35.0414
31610	45.0414
31620	38.0174
31630	30.9552
31640	40.9552
31650	37.7388
31660	33.0019
31670	43.0019
31680	38.3821
31690	33.7622
31700	43.7622
31710	40.5367
31720	35.8075
31730	45.8075
31740	41.2047
31750	36.6066
31760	46.6066
31770	43.3018
31780	38.6013
31790	48.6013
31800	43.9569
31810	39.3872
31820	49.3872
31830	46.1056
31840	41.426
31850	51.426
31860	46.7464
31870	42.1833
31880	52.1833
31890	47.6982
31900	42.2168
31910	52.2168
31920	42.678
31930	35.5954
31940	45.5954
31950	36.1216
31960	32.8699
31970	42.8699
31980	38.2075
31990	33.6317
32000	43.6317
32010	39.0699
32020	35.7836
32030	45.7836
32040	41.0434
32050	36.5003
32060	46.5003
32070	41.9618
32080	38.6926
32090	48.6926
32100	43.9234
32110	39.3849
32120	49.3849
32130	44.8511
32140	41.5519
32150	39.0352
32160	34.2849
32170	44.2849
32180	37.3554
32190	32.8537
32200	42.8537
32210	37.2102
32220	32.4923
32230	42.4923
32240	37.9965
32250	33.5226
32260	43.5226
32270	40.091
32280	35.4013
32290	45.4013
32300	40.8185
32310	36.3722
32320	46.3722
32330	42.9663
32340	38.3047
32350	48.3046
32360	43.6482
32370	39.2207
32380	49.2207
32390	45.8237
32400	41.1672
32410	51.1672
32420	48.265
32430	41.1473
32440	34.3417
32450	44.3417
32460	38.7536
32470	31.597
32480	41.597
32490	36.8821
32500	32.5095
32510	42.5095
32520	39.1635
32530	34.4487
32540	44.4487
32550	39.7371
32560	35.3722
32570	45.3722
32580	42.0418
32590	37.2597
32600	47.2597
32610	42.566
32620	38.2039
32630	48.2039
32640	44.9143
32650	40.1573
32660	50.1573
32670	45.4158
32680	41.0189
32690	51.0189
32700	47.7458
32710	42.1947
32720	52.1947
32730	42.5771
32740	35.3862
32750	45.3862
32760	36.1753
32770	32.8603
32780	42.8603
32790	38.2037
32800	33.439
32810	43.439
32820	38.9445
32830	35.6574
32840	45.6574
32850	41.0333
32860	36.2666
32870	46.2666
32880	41.7822
32890	38.4457
32900	48.4457
32910	43.8763
32920	39.0527
32930	49.0527
32940	44.6222
32950	41.2237
32960	39.0503
32970	34.5251
32980	29.6648
32990	39.6648
33000	35.2514
33010	31.8436
33020	41.8436
33030	37.3274
33040	32.4809
33050	42.4809
33060	38.0898
33070	34.5954
33080	44.5954
33090	40.0781
33100	35.2729
33110	45.2729
33120	40.9307
33130	37.3751
33140	47.3751
33150	42.8006
33160	37.9947
33170	47.9947
33180	43.7054
33190	40.1999
33200	50.1999
33210	45.5963
33220	40.776
33230	50.776
33240	46.5175
33250	42.9263
33260	52.9264
33270	48.582
33280	41.5654
33290	34.291
33300	44.291
33310	37.6611
33320	31.8048
33330	41.8048
33340	37.2192
33350	32.4125
33360	42.4125
33370	38.1584
33380	34.5672
33390	44.5672
33400	39.9816
33410	35.1749
33420	45.175
33430	40.9208
33440	37.3317
33450	47.3317
33460	42.7573
33470	37.9665
33480	47.9665
33490	43.6353
33500	40.0712
33510	50.0712
33520	45.5235
33530	40.6957
33540	38.2774
33550	33.9624
33560	30.4098
33570	40.4098
33580	35.8901
33590	31.045
33600	41.045
33610	36.7593
33620	33.1329
33630	43.1329
33640	38.6274
33650	33.7922
33660	43.7922
33670	39.5065
33680	35.8801
33690	45.8801
33700	41.3835
33710	36.507
33720	46.507
33730	42.2431
33740	38.6416
33750	48.6416
33760	44.1714
33770	39.2673
33780	49.2673
33790	44.9382
33800	41.3615
33810	51.3615
33820	46.9177
33830	41.9862
33840	51.9861
33850	47.8186
33860	41.1111
33870	35.3005
33880	45.3005
33890	38.4699
33900	31.0018
33910	41.0018
33920	36.6849
33930	33.1259
33940	43.1259
33950	38.7106
33960	33.7538
33970	43.7538
33980	39.4608
33990	35.8265
34000	45.8265
34010	41.392
34020	36.4623
34030	46.4623
34040	42.1952
34050	38.5836
34060	48.5836
34070	44.1008
34080	39.1825
34090	49.1825
34100	44.9175
34110	41.308
34120	39.0414
34130	34.5243
34140	29.6217
34150	39.6217
34160	35.3747
34170	31.8009
34180	41.8009
34190	37.2672
34200	32.4171
34210	42.4171
34220	38.1211
34230	34.5832
34240	44.5832
34250	40.0705
34260	35.233
34270	45.233
34280	40.9395
34290	37.3793
34300	47.3793
34310	42.8824
34320	38.0653
34330	48.0653
34340	43.7951
34350	40.1734
34360	50.1734
34370	45.6869
34380	40.8761
34390	50.8761
34400	46.6084
34410	42.9933
34420	52.9933
34430	48.5166
34440	41.6357
34450	34.2806
34460	44.2806
34470	37.6712
34480	31.7873
34490	41.7873
34500	37.2888
34510	32.4421
34520	42.4421
34530	38.2429
34540	34.5751
34550	44.5751
34560	40.112
34570	35.2499
34580	45.2499
34590	41.0253
34600	37.3354
34610	47.3354
34620	42.8969
34630	38.0306
34640	48.0306
34650	43.8106
34660	40.092
34670	50.092
34680	45.671
34690	40.8272
34700	38.2918
34710	34.0925
34720	30.3203
34730	40.3203
34740	35.9075
34750	31.0676
34760	41.0676
34770	36.8412
34780	33.0812
34790	43.0812
34800	38.6897
34810	33.8762
34820	43.8762
34830	39.5956
34840	35.8478
34850	45.8478
34860	41.4606
34870	36.6471
34880	46.6471
34890	42.3749
34900	38.6393
34910	48.6393
34920	44.1847
34930	39.3975
34940	49.3975
34950	45.1236
34960	41.3714
34970	51.3714
34980	46.9459
34990	42.211
35000	52.211
35010	47.9168
35020	41.2333
35030	35.1718
35040	45.1718
35050	38.2716
35060	31.1045
35070	41.1045
35080	36.8292
35090	33.0867
35100	43.0867
35110	38.6128
35120	33.8262
35130	43.8262
35140	39.5761
35150	35.7963
35160	45.7963
35170	41.3478
35180	36.5872
35190	46.5872
35200	42.3621
35210	38.5625
35220	48.5625
35230	44.0429
35240	39.306
35250	49.306
35260	45.0955
35270	41.306
35280	38.9649
35290	34.4377
35300	29.6903
35310	39.6903
35320	35.4914
35330	31.7172
35340	41.7172
35350	37.2164
35360	32.4003
35370	42.4003
35380	38.2146
35390	34.4493
35400	44.4493
35410	39.9484
35420	35.1323
35430	45.1323
35440	40.9467
35450	37.1813
35460	47.1813
35470	42.6805
35480	37.8644
35490	47.8644
35500	43.6686
35510	39.9392
35520	49.9392
35530	45.4144
35540	40.6757
35550	50.6757
35560	46.4597
35570	42.7663
35580	52.7663
35590	48.4843
35600	41.5356
35610	34.329
35620	44.329
35630	37.7135
35640	31.772
35650	41.772
35660	37.2928
35670	32.4946
35680	42.4946
35690	38.2341
35700	34.6021
35710	44.6021
35720	40.1459
35730	35.278
35740	45.278
35750	41.0422
35760	37.3732
35770	47.3732
35780	42.942
35790	38.0978
35800	48.0977
35810	43.8763
35820	40.1739
35830	50.1739
35840	45.7448
35850	40.9005
35860	38.2699
35870	34.0484
35880	30.346
35890	40.346
35900	35.917
35910	31.0727
35920	41.0727
35930	36.8512
35940	33.1488
35950	43.1488
35960	38.7168
35970	33.893
35980	43.893
35990	39.6536
36000	35.9263
