10	10
20	5
30	5
40	5
50	5
60	5
70	6.66667
80	16.6667
90	20
100	13.3333
110	16.6667
120	26.6667
130	23.3333
140	14
150	24
160	20
170	30
180	20
190	15
200	25
210	20
220	30
230	20
240	30
250	20
260	15
270	25
280	24.1667
290	34.1667
300	24.1667
310	24.1667
320	34.1667
330	29.6667
340	39.6667
350	34.4762
360	44.4762
370	30
380	40
390	24.2857
400	21.4286
410	31.4286
420	28.5714
430	38.5714
440	31.4286
450	41.4286
460	35.7143
470	45.7143
480	30
490	40
500	24.2857
510	21.9048
520	31.9048
530	29.9206
540	39.9206
550	27.7778
560	37.7778
570	28.0444
580	38.0444
590	31.5111
600	41.5111
610	34.8
620	44.8
630	35.9091
640	26.7818
650	36.7818
660	37.3818
670	47.3818
680	39.2455
690	49.2455
700	39.5312
710	49.5312
720	37.8961
730	47.8961
740	36.7056
750	46.7056
760	40.1342
770	50.1342
780	40.8095
790	50.8095
800	40.8095
810	50.8095
820	40.3778
830	50.3778
840	38.6778
850	32.0111
860	42.0111
870	36.1111
880	46.1111
890	40.5556
900	50.5556
910	40.5556
920	50.5556
930	35.5556
940	45.5556
950	42.2222
960	52.2222
970	42.2222
980	52.2222
990	40.2667
1000	50.2667
1010	37.3333
1020	47.3333
1030	39.0667
1040	49.0667
1050	39.4286
1060	49.4286
1070	41.9286
1080	51.9286
1090	42.4524
1100	52.4524
1110	39.7186
1120	49.7186
1130	39.4589
1140	49.4589
1150	37.316
1160	33.7389
1170	43.7389
1180	36.4427
1190	46.4427
1200	37.8854
1210	47.8854
1220	39.5652
1230	49.5652
1240	38.6957
1250	48.6956
1260	41.3043
1270	33.0435
1280	43.0435
1290	34.567
1300	44.567
1310	36.5996
1320	46.5996
1330	41.808
1340	51.808
1350	41.6667
1360	51.6667
1370	38.3333
1380	30.8333
1390	40.8333
1400	36.3
1410	46.3
1420	38.02
1430	48.02
1440	38.14
1450	48.14
1460	38.5369
1470	48.5369
1480	42.76
1490	52.76
1500	40.8877
1510	50.8877
1520	39.2308
1530	30.3846
1540	40.3846
1550	36.9231
1560	46.9231
1570	38.0769
1580	48.0769
1590	39.0495
1600	49.0495
1610	37
1620	47
1630	42.3159
1640	34.6773
1650	44.6773
1660	34.9138
1670	44.9138
1680	33.83
1690	43.83
1700	39.4277
1710	49.4277
1720	44.046
1730	54.046
1740	42.4368
1750	29.3333
1760	39.3333
1770	33
1780	43
1790	39.6667
1800	49.6667
1810	39.6667
1820	49.6667
1830	41.3333
1840	51.3333
1850	42.6667
1860	52.6667
1870	41.3333
1880	51.3333
1890	34.7957
1900	44.7957
1910	40.6021
1920	34.5849
1930	44.5849
1940	36.4516
1950	46.4516
1960	33.871
1970	43.871
1980	40.3226
1990	50.3226
2000	42.2581
2010	52.2581
2020	41.8319
2030	28.9932
2040	38.9932
2050	35.9609
2060	45.9609
2070	39.1408
2080	49.1408
2090	39.4055
2100	49.4055
2110	37.9225
2120	47.9225
2130	41.7043
2140	35.1981
2150	45.1981
2160	32.8839
2170	42.8839
2180	36.3868
2190	46.3868
2200	41.9237
2210	51.9237
2220	42.3711
2230	52.3711
2240	36.5
2250	46.5
2260	38.5659
2270	48.5659
2280	41.9415
2290	34.6976
2300	44.6976
2310	32.4994
2320	42.4994
2330	37.2799
2340	47.2799
2350	42.1649
2360	52.1649
2370	41.2398
2380	51.2398
2390	36.701
2400	31.9053
2410	41.9053
2420	37.0835
2430	47.0835
2440	37.7199
2450	47.7199
2460	36.88
2470	46.88
2480	40.4545
2490	50.4545
2500	42.2727
2510	33.1818
2520	43.1818
2530	32.5
2540	42.5
2550	38.2352
2560	48.2352
2570	41.6146
2580	51.6146
2590	40.6146
2600	50.6146
2610	37.7174
2620	47.7174
2630	40.471
2640	50.471
2650	41.3297
2660	51.3297
2670	43.0267
2680	53.0267
2690	39.4267
2700	49.4267
2710	35.66
2720	45.66
2730	41.2424
2740	51.2424
2750	43.1529
2760	53.1529
2770	39.4588
2780	49.4588
2790	35.8824
2800	45.8824
2810	41.7647
2820	51.7647
2830	42.9412
2840	52.9412
2850	39.3856
2860	49.3856
2870	36.3791
2880	46.3791
2890	41.8083
2900	51.8083
2910	42.6451
2920	52.6451
2930	39.1138
2940	49.1138
2950	36.2088
2960	46.2088
2970	41.6753
2980	51.6753
2990	42.3299
3000	52.3299
3010	39.3273
3020	49.3273
3030	36.5468
3040	46.5468
3050	41.9064
3060	51.9064
3070	42.3547
3080	52.3547
3090	38.9655
3100	48.9655
3110	36.8966
3120	46.8966
3130	41.7241
3140	51.7241
3150	42.4138
3160	52.4138
3170	38.9655
3180	48.9655
3190	36.8966
3200	46.8966
3210	41.8
3220	51.8
3230	42.7471
3240	52.7471
3250	38.9402
3260	48.9402
3270	36.2495
3280	46.2495
3290	41.772
3300	51.772
3310	43.4968
3320	53.4968
3330	39.0906
3340	49.0906
3350	36.0123
3360	46.0123
3370	41.1398
3380	51.1398
3390	43.1875
3400	53.1875
3410	39.2113
3420	49.2113
3430	36.5863
3440	46.5863
3450	41.5625
3460	51.5625
3470	42.8125
3480	52.8125
3490	39.0625
3500	49.0625
3510	36.5625
3520	46.5625
3530	41.5625
3540	51.5625
3550	42.8125
3560	52.8125
3570	39.1705
3580	49.1705
3590	36.4583
3600	46.4583
3610	41.7538
3620	51.7538
3630	42.4677
3640	52.4677
3650	39.0972
3660	49.0972
3670	36.2904
3680	46.2904
3690	42.0026
3700	52.0026
3710	43.1196
3720	53.1196
3730	38.9353
3740	48.9353
3750	35.8468
3760	45.8468
3770	42.0133
3780	52.0132
3790	42.8919
3800	52.8919
3810	38.9078
3820	48.9078
3830	36.1795
3840	46.1795
3850	41.0535
3860	51.0535
3870	44.154
3880	33.3099
3890	43.3099
3900	33.3224
3910	43.3224
3920	35.9733
3930	45.9733
3940	38.1162
3950	48.1162
3960	41.2241
3970	51.2241
3980	42.5333
3990	52.5333
4000	42.2667
4010	52.2667
4020	38.8
4030	48.8
4040	36.4
4050	46.4
4060	41.0919
4070	51.0919
4080	43.8293
4090	33.4542
4100	43.4542
4110	34.0388
4120	44.0388
4130	35.4538
4140	45.4538
4150	38.4342
4160	48.4342
4170	41.4203
4180	51.4203
4190	43.0493
4200	53.0493
4210	41.6813
4220	51.6813
4230	39.3124
4240	49.3124
4250	36.2369
4260	46.2369
4270	40.6157
4280	50.6157
4290	43.6076
4300	33.8107
4310	43.8108
4320	34.0831
4330	44.0831
4340	35.4042
4350	45.4042
4360	38.439
4370	48.439
4380	42.7125
4390	52.7125
4400	40.7143
4410	50.7143
4420	39.835
4430	49.835
4440	37.1905
4450	47.1905
4460	40.4884
4470	50.4884
4480	42.1564
4490	52.1564
4500	41.8948
4510	51.8948
4520	39.2931
4530	49.2931
4540	36.6388
4550	46.6388
4560	41.7716
4570	51.7716
4580	41.9261
4590	51.9261
4600	39.485
4610	49.485
4620	37.1224
4630	47.1223
4640	41.9582
4650	51.9582
4660	41.6389
4670	51.6389
4680	39.628
4690	49.628
4700	37.1401
4710	47.1401
4720	41.5842
4730	51.5842
4740	41.7703
4750	51.7704
4760	39.7641
4770	49.7641
4780	36.8539
4790	46.8539
4800	41.2368
4810	51.2368
4820	41.804
4830	51.804
4840	39.8947
4850	49.8947
4860	37.1579
4870	47.1579
4880	41.1579
4890	51.1579
4900	41.7895
4910	51.7895
4920	39.8947
4930	49.8947
4940	37.1579
4950	47.1579
4960	41.1891
4970	51.1891
4980	41.5444
4990	51.5444
5000	39.8065
5010	49.8065
5020	37.2917
5030	47.2917
5040	41.4583
5050	51.4583
5060	41.4583
5070	51.4583
5080	39.8335
5090	49.8335
5100	37.435
5110	47.435
5120	41.7139
5130	51.7139
5140	41.134
5150	51.134
5160	39.6907
5170	49.6907
5180	37.4227
5190	47.4227
5200	41.6604
5210	51.6604
5220	40.8706
5230	50.8706
5240	39.7251
5250	49.7251
5260	37.9197
5270	47.9197
5280	41.8288
5290	51.8288
5300	40.4131
5310	50.4131
5320	39.6
5330	49.6
5340	38
5350	48
5360	42
5370	52
5380	40.4
5390	50.4
5400	39.6
5410	49.6
5420	38
5430	48
5440	42
5450	52
5460	40.4
5470	50.4
5480	39.6
5490	49.6
5500	38.0401
5510	48.0401
5520	42.1094
5530	52.1094
5540	40.1119
5550	50.1119
5560	39.5428
5570	49.5428
5580	38.2484
5590	48.2484
5600	41.9744
5610	51.9744
5620	40.04
5630	50.04
5640	39.7344
5650	49.7344
5660	38.6993
5670	48.6993
5680	41.5687
5690	51.5687
5700	40.0023
5710	50.0023
5720	40.0726
5730	50.0726
5740	38.7619
5750	48.7619
5760	41.2381
5770	51.2381
5780	39.9048
5790	49.9048
5800	40.0952
5810	50.0952
5820	38.7619
5830	48.7619
5840	41.2381
5850	51.2381
5860	39.9048
5870	49.9048
5880	40.0952
5890	50.0952
5900	38.7619
5910	48.7619
5920	41.2995
5930	51.2995
5940	39.8135
5950	49.8135
5960	39.7445
5970	49.7445
5980	38.8214
5990	48.8214
6000	41.3707
6010	51.3707
6020	39.8265
6030	49.8265
6040	39.8148
6050	49.8148
6060	39.0741
6070	49.0741
6080	41.2963
6090	51.2963
6100	39.8518
6110	49.8518
6120	39.932
6130	49.932
6140	38.8175
6150	48.8175
6160	41.1927
6170	51.1927
6180	39.9083
6190	49.9083
6200	40.0917
6210	50.0917
6220	38.8436
6230	48.8436
6240	40.9808
6250	50.9808
6260	39.8294
6270	49.8294
6280	40.1136
6290	50.1136
6300	39.1875
6310	49.1875
6320	40.7378
6330	50.7378
6340	40
6350	50
6360	40
6370	50
6380	39.2857
6390	49.2857
6400	40.7754
6410	50.7754
6420	40.2201
6430	50.2201
6440	39.9789
6450	49.9789
6460	38.8513
6470	48.8513
6480	40.6751
6490	50.6751
6500	40.4458
6510	50.4458
6520	40.2935
6530	50.2935
6540	38.8096
6550	48.8096
6560	40.3557
6570	50.3557
6580	40.3769
6590	50.3769
6600	40.4517
6610	50.4517
6620	38.7279
6630	48.7279
6640	40.2564
6650	50.2564
6660	40.4273
6670	50.4273
6680	40.5983
6690	50.5983
6700	38.7869
6710	48.7869
6720	40.167
6730	50.167
6740	40.567
6750	50.567
6760	40.4517
6770	50.4517
6780	39.0175
6790	49.0175
6800	40.3018
6810	50.3018
6820	40.3333
6830	50.3333
6840	40.3333
6850	50.3333
6860	39
6870	49
6880	40.3333
6890	50.3333
6900	40.3333
6910	50.3333
6920	40.3333
6930	50.3333
6940	38.9091
6950	48.9091
6960	40.3099
6970	50.3099
6980	40.4236
6990	50.4236
7000	40.5785
7010	50.5785
7020	38.7603
7030	48.7603
7040	40.2479
7050	50.2479
7060	40.4437
7070	50.4437
7080	40.6801
7090	50.6801
7100	38.5341
7110	48.5341
7120	40.1919
7130	50.1919
7140	40.5898
7150	50.5898
7160	40.5804
7170	50.5804
7180	38.4887
7190	48.4887
7200	40.3416
7210	50.3416
7220	40.494
7230	50.494
7240	40.5434
7250	50.5434
7260	38.4825
7270	48.4825
7280	40.6151
7290	50.6151
7300	40.2598
7310	50.2598
7320	40.7118
7330	50.7118
7340	38.7283
7350	48.7283
7360	40.6513
7370	50.6513
7380	40.0963
7390	50.0963
7400	40.3982
7410	50.3982
7420	38.6918
7430	48.6918
7440	40.6808
7450	50.6808
7460	40.2253
7470	50.2253
7480	40.3759
7490	50.3759
7500	38.7218
7510	48.7218
7520	40.6767
7530	50.6767
7540	40.2542
7550	50.2542
7560	40.2082
7570	50.2082
7580	38.6651
7590	48.6651
7600	40.66
7610	50.66
7620	40.4273
7630	50.4273
7640	40.2322
7650	50.2322
7660	38.9758
7670	48.9758
7680	40.5266
7690	50.5266
7700	40.281
7710	50.281
7720	40.0809
7730	50.0809
7740	39.1574
7750	49.1574
7760	40.488
7770	50.488
7780	40.0196
7790	50.0196
7800	40.0382
7810	50.0382
7820	39.2471
7830	49.2471
7840	40.7692
7850	50.7692
7860	40.0699
7870	50.0699
7880	39.9301
7890	49.9301
7900	39.1536
7910	49.1536
7920	40.7481
7930	50.7481
7940	40.1476
7950	50.1476
7960	40.1389
7970	50.1389
7980	39.0278
7990	49.0278
8000	40.6944
8010	50.6944
8020	40.1655
8030	50.1655
8040	40.2258
8050	50.2258
8060	38.8355
8070	48.8355
8080	40.6441
8090	50.6441
8100	40.0517
8110	50.0517
8120	40.2832
8130	50.2832
8140	38.9041
8150	48.9041
8160	40.8219
8170	50.8219
8180	40
8190	50
8200	40.274
8210	50.274
8220	38.9041
8230	48.9041
8240	40.8219
8250	50.8219
8260	40.0266
8270	50.0266
8280	40.3592
8290	50.3592
8300	38.7152
8310	48.7152
8320	40.6697
8330	50.6697
8340	40.0506
8350	50.0506
8360	40.5497
8370	50.5497
8380	38.9189
8390	48.9189
8400	40.5405
8410	50.5405
8420	40
8430	50
8440	40.4892
8450	50.4892
8460	38.9937
8470	48.9937
8480	40.7838
8490	50.7838
8500	40.4258
8510	50.4258
8520	40.7497
8530	50.7497
8540	39.5135
8550	49.5135
8560	41.5369
8570	51.5369
8580	40.764
8590	50.764
8600	41.3375
8610	51.3375
8620	39.915
8630	49.915
8640	42.1372
8650	52.1372
8660	41.2222
8670	51.2222
8680	41.8993
8690	51.8993
8700	40.5223
8710	50.5223
8720	42.8239
8730	52.8239
8740	41.575
8750	51.575
8760	42.4084
8770	52.4084
8780	40.8494
8790	50.8494
8800	43.3149
8810	53.3149
8820	41.9886
8830	51.9887
8840	42.976
8850	52.976
8860	41.48
8870	51.48
8880	43.9191
8890	53.9192
8900	42.5681
8910	52.5681
8920	43.3443
8930	53.3443
8940	42.0784
8950	52.0784
8960	44.3569
8970	54.3569
8980	43.1162
8990	53.1162
9000	43.9286
9010	53.9286
9020	42.4088
9030	52.4088
9040	44.7396
9050	54.7396
9060	43.7224
9070	53.7224
9080	44.4246
9090	54.4246
9100	43.0661
9110	53.0661
9120	45.2262
9130	55.2262
9140	44.4452
9150	54.4452
9160	45.1784
9170	55.1784
9180	43.9439
9190	53.9439
9200	46.1661
9210	56.1661
9220	45.4728
9230	55.4728
9240	46.3163
9250	56.3163
9260	44.9244
9270	54.9244
9280	46.913
9290	56.913
9300	46.4796
9310	56.4796
9320	47.2011
9330	57.2011
9340	45.8596
9350	55.8596
9360	47.9202
9370	57.9202
9380	47.5566
9390	57.5566
9400	48.1846
9410	58.1846
9420	46.6966
9430	56.6966
9440	48.8315
9450	58.8315
9460	48.6056
9470	58.6056
9480	49.379
9490	59.379
9500	47.4522
9510	57.4522
9520	49.721
9530	59.721
9540	49.6012
9550	59.6012
9560	50.4395
9570	60.4395
9580	48.4282
9590	58.4282
9600	50.7498
9610	60.7498
9620	50.7124
9630	60.7124
9640	51.166
9650	61.166
9660	49.374
9670	59.374
9680	51.8975
9690	61.8975
9700	51.6338
9710	61.6338
9720	51.9697
9730	61.9697
9740	50.4956
9750	60.4956
9760	52.8376
9770	62.8376
9780	52.3725
9790	62.3725
9800	52.8376
9810	62.8376
9820	51.4655
9830	61.4655
9840	53.8358
9850	63.8358
9860	53.134
9870	63.134
9880	53.6397
9890	63.6397
9900	52.4216
9910	62.4216
9920	54.9187
9930	64.9187
9940	54.1805
9950	64.1805
9960	54.5086
9970	64.5086
9980	53.2119
9990	48.1668
10000	40.918
10010	50.918
10020	39.9151
10030	49.9151
10040	40.5206
10050	50.5206
10060	39.382
10070	49.382
10080	42.3034
10090	52.3034
10100	41.1798
10110	51.1798
10120	41.8539
10130	51.8539
10140	40.7303
10150	50.7303
10160	43.6517
10170	53.6517
10180	42.5281
10190	52.5281
10200	43.2022
10210	53.2022
10220	42.0934
10230	52.0934
10240	45.0505
10250	55.0505
10260	44.0007
10270	54.0007
10280	44.3783
10290	54.3783
10300	43.3727
10310	53.3727
10320	46.3894
10330	56.3894
10340	45.3576
10350	55.3576
10360	45.6085
10370	55.6085
10380	44.748
10390	54.748
10400	47.929
10410	57.929
10420	46.7135
10430	56.7135
10440	46.824
10450	56.824
10460	46.0505
10470	56.0505
10480	49.255
10490	59.2549
10500	48.0395
10510	58.0395
10520	48.1905
10530	58.1905
10540	47.544
10550	57.544
10560	50.6479
10570	60.6479
10580	49.315
10590	59.315
10600	49.7894
10610	59.7894
10620	49.4237
10630	59.4237
10640	52.5587
10650	62.5587
10660	50.8194
10670	60.8194
10680	51.4253
10690	61.4253
10700	51.1703
10710	61.1703
10720	54.463
10730	64.463
10740	52.4074
10750	62.4074
10760	53.2703
10770	63.2703
10780	52.808
10790	47.8899
10800	41.2496
10810	51.2496
10820	40.7499
10830	50.7499
10840	41.825
10850	51.825
10860	41.1804
10870	51.1804
10880	39.177
10890	49.177
10900	43.0402
10910	36.2918
10920	46.2918
10930	38.274
10940	48.274
10950	38.923
10960	48.923
10970	44.3904
10980	54.3904
10990	46.4859
11000	56.4859
11010	45.8243
11020	36.5522
11030	46.5522
11040	39.5493
11050	49.5493
11060	45.7544
11070	55.7544
11080	47.7241
11090	57.7241
11100	45.5019
11110	55.5019
11120	46.1079
11130	56.1079
11140	50.3504
11150	60.3504
11160	49.7443
11170	40.2999
11180	50.2999
11190	43.3302
11200	53.3302
11210	49.5423
11220	59.5423
11230	51.512
11240	61.512
11250	49.3051
11260	59.3051
11270	49.7932
11280	46.0459
11290	56.0459
11300	48.0945
11310	58.0945
11320	48.7478
11330	58.7478
11340	51.5116
11350	47.2864
11360	41.608
11370	51.608
11380	41.1055
11390	51.1055
11400	38.995
11410	48.995
11420	39.2965
11430	49.2965
11440	43.6181
11450	53.6181
11460	43.1156
11470	33.7688
11480	43.7688
11490	36.5413
11500	46.5413
11510	42.8491
11520	52.8491
11530	44.7347
11540	54.7347
11550	42.7304
11560	52.7304
11570	43.167
11580	39.3568
11590	49.3568
11600	41.2201
11610	51.2201
11620	42.136
11630	52.136
11640	45.1818
11650	55.1818
11660	49.0657
11670	59.0657
11680	48.179
11690	58.179
11700	46.5041
11710	56.5041
11720	47.1937
11730	43.0362
11740	53.0362
11750	44.7924
11760	54.7924
11770	45.8866
11780	55.8866
11790	49.067
11800	59.067
11810	52.5964
11820	62.5964
11830	51.8121
11840	42.9448
11850	52.9448
11860	46.1592
11870	56.1592
11880	53.0288
11890	46.6125
11900	56.6125
11910	45.5802
11920	34.0279
11930	44.0279
11940	34.9582
11950	44.9582
11960	40.6586
11970	50.6586
11980	42.3797
11990	52.3797
12000	40.7576
12010	50.7576
12020	41.557
12030	37.0898
12040	47.0898
12050	38.8317
12060	48.8317
12070	40.0423
12080	50.0423
12090	43.289
12100	53.289
12110	46.8296
12120	56.8296
12130	45.777
12140	37.0248
12150	47.0248
12160	40.3046
12170	50.3046
12180	45.7401
12190	55.7401
12200	47.398
12210	57.398
12220	46.0647
12230	56.0646
12240	47.017
12250	57.017
12260	50.2551
12270	60.2551
12280	49.3027
12290	40.6361
12300	50.6361
12310	43.9694
12320	53.9694
12330	49.3027
12340	59.3027
12350	50.9694
12360	60.9694
12370	49.6361
12380	59.6361
12390	50.6043
12400	45.9614
12410	55.9614
12420	47.6827
12430	57.6827
12440	48.8114
12450	58.8114
12460	52.157
12470	62.157
12480	55.3459
12490	65.3459
12500	54.6568
12510	45.9282
12520	55.9282
12530	49.0859
12540	59.0859
12550	53.1192
12560	46.2701
12570	56.2701
12580	45.7009
12590	34.3925
12600	44.3925
12610	34.9533
12620	44.9533
12630	40.2405
12640	50.2405
12650	42.2821
12660	52.2821
12670	41.0319
12680	51.0319
12690	41.3716
12700	36.6363
12710	46.6362
12720	38.7802
12730	48.7802
12740	40.3067
12750	50.3067
12760	43.1602
12770	53.1602
12780	46.1683
12790	56.1683
12800	45.5712
12810	55.5712
12820	44.5574
12830	54.5574
12840	45.0182
12850	40.1795
12860	50.1795
12870	42.115
12880	52.115
12890	43.7279
12900	53.7279
12910	46.6311
12920	56.6311
12930	49.6328
12940	59.6328
12950	49.0243
12960	40.6867
12970	50.6867
12980	43.666
12990	53.666
13000	48.6008
13010	58.6008
13020	50.6743
13030	60.6743
13040	49.4975
13050	59.4975
13060	50.1698
13070	45.186
13080	55.186
13090	47.3562
13100	57.3562
13110	48.5636
13120	58.5636
13130	51.7283
13140	61.7283
13150	54.6818
13160	64.6818
13170	54.4079
13180	64.4079
13190	52.7276
13200	62.7276
13210	53.364
13220	47.9811
13230	40.9835
13240	50.9835
13250	40.8429
13260	31.9785
13270	41.9785
13280	35.0224
13290	45.0224
13300	39.9552
13310	49.9552
13320	42.3767
13330	52.3767
13340	40.8628
13350	50.8628
13360	41.522
13370	51.522
13380	44.1306
13390	54.1306
13400	44.1183
13410	35.3742
13420	45.3742
13430	38.4149
13440	48.4149
13450	43.1461
13460	53.1461
13470	45.7183
13480	55.7184
13490	44.385
13500	54.385
13510	44.8295
13520	39.5828
13530	49.5828
13540	42.2649
13550	52.2649
13560	43.611
13570	53.611
13580	46.4716
13590	56.4716
13600	49.061
13610	59.0611
13620	49.6036
13630	40.8359
13640	50.8359
13650	43.5696
13660	53.5696
13670	48.4423
13680	58.4423
13690	51.5207
13700	61.5207
13710	49.8231
13720	59.8231
13730	50.1049
13740	60.1049
13750	52.9538
13760	62.9538
13770	53.7858
13780	44.6405
13790	54.6405
13800	47.2901
13810	57.2901
13820	36.5948
13830	46.5948
13840	39.8712
13850	49.8712
13860	37.8424
13870	47.8424
13880	38.1039
13890	48.1039
13900	42.4112
13910	52.4112
13920	43.2392
13930	53.2392
13940	40.9815
13950	50.9815
13960	41.4188
13970	36.673
13980	46.673
13990	39.694
14000	49.694
14010	40.2857
14020	50.2857
14030	43.1382
14040	53.1382
14050	46.3737
14060	56.3737
14070	46.9614
14080	37.6585
14090	47.6585
14100	40.4234
14110	50.4234
14120	45.5743
14130	55.5743
14140	48.5727
14150	58.5727
14160	46.6263
14170	56.6263
14180	47.028
14190	42.2147
14200	52.2147
14210	45.0778
14220	55.0778
14230	45.9077
14240	55.9077
14250	48.7708
14260	58.7708
14270	51.8413
14280	61.8413
14290	52.2562
14300	62.2562
14310	50.3475
14320	60.3475
14330	50.7625
14340	45.9492
14350	55.9492
14360	48.8123
14370	58.8123
14380	49.6421
14390	59.6421
14400	52.5052
14410	47.7178
14420	40.7858
14430	50.7858
14440	41.2179
14450	51.2179
14460	39.3511
14470	49.3511
14480	39.5881
14490	49.5881
14500	42.7493
14510	52.7493
14520	43.178
14530	34.181
14540	44.181
14550	36.9516
14560	46.9516
14570	42.3205
14580	52.3205
14590	45.1073
14600	55.1074
14610	43.4802
14620	53.4802
14630	43.8391
14640	39.243
14650	49.243
14660	41.8492
14670	51.8492
14680	42.9119
14690	52.9119
14700	45.8158
14710	55.8158
14720	49.2278
14730	59.2278
14740	49.4205
14750	40.2377
14760	50.2377
14770	43.2237
14780	53.2237
14790	48.7753
14800	58.7753
14810	51.4089
14820	61.4089
14830	49.4357
14840	59.4357
14850	50.0788
14860	60.0788
14870	53.6536
14880	63.6536
14890	53.7058
14900	44.3371
14910	54.3371
14920	47.4937
14930	57.4937
14940	37.201
14950	47.201
14960	39.582
14970	49.582
14980	37.427
14990	47.427
15000	38.271
15010	48.271
15020	43.2287
15030	53.2287
15040	43.149
15050	53.149
15060	40.8382
15070	50.8382
15080	41.7147
15090	37.4956
15100	47.4956
15110	39.9508
15120	49.9508
15130	40.4787
15140	50.4787
15150	43.5164
15160	53.5164
15170	47.3507
15180	57.3507
15190	47.4011
15200	38.0236
15210	48.0237
15220	40.8695
15230	50.8695
15240	46.7588
15250	56.7588
15260	49.2984
15270	59.2984
15280	47.1967
15290	57.1967
15300	47.6402
15310	43.5772
15320	53.5772
15330	45.9394
15340	55.9394
15350	46.648
15360	56.648
15370	49.5614
15380	59.5614
15390	53.4984
15400	63.4984
15410	53.3409
15420	63.341
15430	51.2937
15440	61.2937
15450	51.7505
15460	47.2573
15470	41.1402
15480	51.1402
15490	41.1445
15500	32.057
15510	42.057
15520	34.941
15530	44.941
15540	40.6787
15550	50.6787
15560	43.3505
15570	53.3505
15580	41.4809
15590	51.4809
15600	42.1128
15610	52.1128
15620	45.586
15630	55.586
15640	45.6769
15650	36.6607
15660	46.6607
15670	39.8056
15680	49.8056
15690	45.102
15700	55.102
15710	47.762
15720	57.762
15730	46.1321
15740	56.1321
15750	46.9576
15760	42.0527
15770	52.0527
15780	44.7523
15790	54.7523
15800	45.855
15810	55.855
15820	49.0869
15830	59.0869
15840	52.0527
15850	62.0527
15860	52.2808
15870	43.3866
15880	53.3866
15890	46.5522
15900	56.5522
15910	51.682
15920	61.682
15930	54.4489
15940	64.4489
15950	52.9632
15960	62.9632
15970	53.4292
15980	47.556
15990	40.6415
16000	50.6415
16010	41.0189
16020	51.0189
16030	39.5849
16040	49.5849
16050	39.9375
16060	35.1814
16070	45.1814
16080	37.9296
16090	47.9296
16100	39.3072
16110	49.3072
16120	42.0278
16130	52.0278
16140	45.1132
16150	55.1132
16160	45.3988
16170	55.3988
16180	44.2166
16190	54.2166
16200	44.4254
16210	39.5705
16220	49.5705
16230	42.3735
16240	52.3735
16250	43.9522
16260	53.9522
16270	46.6055
16280	56.6055
16290	49.5179
16300	59.5179
16310	49.7674
16320	41.4674
16330	51.4674
16340	44.0051
16350	54.0051
16360	49.1207
16370	59.1207
16380	51.791
16390	61.791
16400	50.7746
16410	60.7746
16420	50.9745
16430	46.0734
16440	56.0734
16450	48.8091
16460	58.8091
16470	50.306
16480	60.306
16490	53.0122
16500	63.0122
16510	39.273
16520	49.273
16530	39.4558
16540	49.4558
16550	38.4815
16560	48.4815
16570	38.6744
16580	48.6743
16590	42.553
16600	52.553
16610	42.7946
16620	34.3737
16630	44.3737
16640	37.1148
16650	47.1148
16660	42.1148
16670	52.1148
16680	44.8648
16690	54.8648
16700	43.6984
16710	53.6984
16720	44.0096
16730	54.0096
16740	46.9041
16750	56.9041
16760	47.2503
16770	38.5588
16780	48.5588
16790	41.3252
16800	51.3252
16810	46.4465
16820	56.4465
16830	49.3414
16840	59.3414
16850	47.8866
16860	57.8866
16870	48.143
16880	43.3506
16890	53.3506
16900	46.1178
16910	56.1178
16920	47.2723
16930	57.2723
16940	50.0827
16950	60.0827
16960	53.2627
16970	63.2627
16980	53.6565
16990	44.5911
17000	54.5911
17010	47.4685
17020	57.4685
17030	52.7425
17040	45.8868
17050	55.8868
17060	46.2071
17070	34.5038
17080	44.5038
17090	35.0795
17100	45.0795
17110	40.2854
17120	50.2854
17130	43.0915
17140	53.0915
17150	41.2513
17160	51.2513
17170	41.7435
17180	37.0061
17190	47.0061
17200	39.9067
17210	49.9067
17220	40.7707
17230	50.7707
17240	43.7459
17250	53.7459
17260	46.7806
17270	56.7806
17280	47.202
17290	57.202
17300	45.3487
17310	55.3487
17320	45.9754
17330	41.0961
17340	51.0961
17350	43.9323
17360	53.9323
17370	44.8801
17380	54.8801
17390	47.9753
17400	57.9753
17410	50.8325
17420	60.8325
17430	51.2406
17440	42.193
17450	52.193
17460	45.2882
17470	55.2882
17480	50.2882
17490	60.2882
17500	53.1454
17510	63.1454
17520	51.3767
17530	61.3767
17540	52.057
17550	47.057
17560	57.057
17570	49.9141
17580	59.9141
17590	50.8665
17600	60.8665
17610	55.0008
17620	45.6967
17630	38.5749
17640	48.5749
17650	39.0237
17660	49.0237
17670	37.0676
17680	47.0676
17690	40.2421
17700	50.2421
17710	43.1913
17720	53.1912
17730	43.7211
17740	34.3292
17750	44.3292
17760	37.5386
17770	47.5386
17780	42.6443
17790	52.6443
17800	45.6386
17810	55.6386
17820	43.5193
17830	53.5193
17840	44.1612
17850	54.1612
17860	47.2
17870	57.2
17880	47.8321
17890	38.4035
17900	48.4035
17910	41.4842
17920	51.4842
17930	46.6856
17940	56.6856
17950	49.7728
17960	59.7728
17970	47.5114
17980	57.5114
17990	48.1291
18000	43.3882
18010	53.3883
18020	46.3761
18030	56.3761
18040	46.9445
18050	56.9445
18060	49.9492
18070	59.9492
18080	53.1959
18090	63.1959
18100	53.7939
18110	44.2591
18120	54.2591
18130	47.2823
18140	57.2823
18150	52.7907
18160	46.0465
18170	56.0465
18180	46.6445
18190	34.3189
18200	44.3189
18210	34.9226
18220	44.9226
18230	40.2901
18240	50.2901
18250	43.3511
18260	53.3511
18270	40.8933
18280	50.8933
18290	41.5285
18300	36.8768
18310	46.8768
18320	39.9117
18330	49.9117
18340	40.366
18350	50.366
18360	43.3052
18370	53.3052
18380	46.5916
18390	56.5916
18400	47.3535
18410	57.3534
18420	44.8733
18430	54.8733
18440	45.4384
18450	40.7169
18460	50.7169
18470	43.9725
18480	53.9725
18490	44.3046
18500	54.3046
18510	47.3737
18520	57.3738
18530	50.5208
18540	60.5208
18550	51.4632
18560	41.8766
18570	51.8766
18580	44.9372
18590	54.9372
18600	50.1118
18610	60.1118
18620	53.5198
18630	63.5198
18640	51.2654
18650	61.2654
18660	51.6966
18670	46.7786
18680	56.7786
18690	50.2863
18700	60.2863
18710	50.9143
18720	60.9143
18730	54.9679
18740	45.2039
18750	38.1887
18760	48.1887
18770	39.421
18780	49.421
18790	37.3739
18800	47.3739
18810	39.8502
18820	49.8502
18830	42.9082
18840	52.9082
18850	44.211
18860	34.9936
18870	44.9936
18880	37.3462
18890	47.3462
18900	42.5798
18910	52.5798
18920	46.0724
18930	56.0724
18940	44.2352
18950	54.2352
18960	44.1865
18970	54.1865
18980	47.2063
18990	57.2063
19000	48.1707
19010	39.1606
19020	49.1606
19030	41.6957
19040	51.6957
19050	46.8441
19060	56.8441
19070	50.0737
19080	60.0737
19090	48.4319
19100	58.4319
19110	48.5468
19120	43.5468
19130	53.5468
19140	46.8077
19150	56.8077
19160	47.8946
19170	57.8946
19180	50.5033
19190	60.5033
19200	53.3605
19210	63.3605
19220	54.23
19230	45.3102
19240	55.3102
19250	47.9366
19260	57.9366
19270	52.7476
19280	45.6399
19290	55.6399
19300	46.5635
19310	34.7678
19320	44.7678
19330	34.9536
19340	44.9536
19350	40
19360	50
19370	43.3127
19380	53.3127
19390	41.517
19400	51.517
19410	41.7226
19420	36.7285
19430	46.7285
19440	40.1043
19450	50.1043
19460	40.9499
19470	50.9499
19480	43.659
19490	53.659
19500	46.4586
19510	56.4586
19520	47.5527
19530	57.5527
19540	45.7223
19550	55.7223
19560	45.8693
19570	40.8662
19580	50.8662
19590	44.3586
19600	54.3586
19610	45.3298
19620	55.3298
19630	48.0266
19640	58.0266
19650	50.9456
19660	60.9456
19670	51.9212
19680	42.9273
19690	52.9273
19700	45.6408
19710	55.6408
19720	50.7017
19730	60.7017
19740	54.0554
19750	64.0554
19760	52.3645
19770	62.3645
19780	52.6533
19790	47.5078
19800	40.3477
19810	50.3477
19820	41.2121
19830	51.2121
19840	39.6301
19850	49.6301
19860	39.9692
19870	34.988
19880	44.988
19890	38.173
19900	48.173
19910	39.3192
19920	49.3192
19930	42.0454
19940	52.0454
19950	44.8996
19960	54.8996
19970	45.568
19980	36.8814
19990	46.8814
20000	39.6774
20010	49.6774
20020	44.559
20030	54.559
20040	47.5768
20050	57.5768
20060	46.2891
20070	56.2891
20080	46.6007
20090	56.6007
20100	49.2408
20110	59.2408
20120	49.931
20130	41.4015
20140	51.4015
20150	44.1074
20160	54.1074
20170	48.8721
20180	58.8721
20190	51.9898
20200	61.9898
20210	50.8133
20220	60.8133
20230	51.0486
20240	45.8159
20250	55.8159
20260	48.9505
20270	58.9505
20280	50.3262
20290	45.5175
20300	55.5175
20310	45.8064
20320	38.4457
20330	48.4457
20340	39.2082
20350	49.2082
20360	37.8592
20370	47.8592
20380	40.6158
20390	50.6158
20400	43.2551
20410	53.2551
20420	44.0176
20430	35.3287
20440	45.3287
20450	38.1026
20460	48.1026
20470	42.9399
20480	52.9399
20490	46.152
20500	56.152
20510	44.6315
20520	54.6315
20530	44.9824
20540	39.8313
20550	49.8313
20560	43.0129
20570	53.0128
20580	44.2497
20590	54.2497
20600	47.153
20610	57.153
20620	49.6455
20630	59.6454
20640	50.3774
20650	60.3774
20660	49.0355
20670	59.0355
20680	49.5351
20690	44.1465
20700	54.1465
20710	47.2387
20720	57.2387
20730	48.6719
20740	58.6719
20750	51.5249
20760	61.5249
20770	54.0033
20780	64.0033
20790	54.6471
20800	46.0373
20810	56.0373
20820	48.9213
20830	58.9213
20840	52.9153
20850	45.4509
20860	55.4509
20870	46.1662
20880	34.8229
20890	44.8229
20900	35.3178
20910	45.3178
20920	40.109
20930	50.109
20940	43.19
20950	53.1899
20960	41.9751
20970	51.9751
20980	42.374
20990	37.2173
21000	47.2173
21010	40.2657
21020	50.2658
21030	41.724
21040	51.724
21050	44.5151
21060	54.5151
21070	47.2221
21080	57.2221
21090	47.876
21100	39.351
21110	49.351
21120	42.1099
21130	52.1099
21140	47.0731
21150	57.0731
21160	50.0675
21170	60.0675
21180	48.8245
21190	58.8245
21200	49.1635
21210	59.1635
21220	51.9618
21230	61.9618
21240	52.5487
21250	43.9926
21260	53.9925
21270	46.8151
21280	56.8151
21290	36.3104
21300	46.3104
21310	39.3853
21320	49.3853
21330	38.2449
21340	48.2449
21350	38.4329
21360	48.4329
21370	42.4829
21380	52.4829
21390	43.2541
21400	53.2541
21410	42.0487
21420	52.0487
21430	42.1965
21440	37.0081
21450	47.0081
21460	40.2559
21470	50.2559
21480	41.7653
21490	51.7653
21500	44.2757
21510	54.2757
21520	46.9424
21530	56.9424
21540	47.8313
21550	39.3591
21560	49.3591
21570	41.8494
21580	51.8494
21590	46.7151
21600	56.7151
21610	49.925
21620	59.925
21630	48.9058
21640	58.9058
21650	48.7751
21660	43.763
21670	53.763
21680	46.894
21690	56.894
21700	48.483
21710	58.483
21720	50.8392
21730	60.8392
21740	53.7292
21750	63.7292
21760	54.4797
21770	64.4797
21780	53.3753
21790	63.3753
21800	53.3057
21810	47.4936
21820	40.2817
21830	50.2817
21840	41.0268
21850	32.5578
21860	42.5578
21870	35.0543
21880	45.0543
21890	40.0272
21900	50.0272
21910	43.0978
21920	53.0978
21930	42.0173
21940	52.0173
21950	42.0369
21960	52.0369
21970	44.7588
21980	54.7588
21990	45.4659
22000	37.015
22010	47.015
22020	39.5928
22030	49.5928
22040	44.4378
22050	54.4378
22060	47.6181
22070	57.6181
22080	46.4632
22090	56.4632
22100	46.6169
22110	41.3339
22120	51.3339
22130	44.5414
22140	54.5414
22150	46.0509
22160	56.0509
22170	48.6789
22180	58.6789
22190	51.2477
22200	61.2477
22210	52.1206
22220	43.5542
22230	53.5542
22240	46.1011
22250	56.1011
22260	50.9
22270	60.9
22280	54.1976
22290	64.1976
22300	52.9644
22310	62.9644
22320	53.018
22330	47.5871
22340	40.2145
22350	50.2145
22360	41.126
22370	51.126
22380	39.8928
22390	49.8928
22400	39.9464
22410	34.7408
22420	44.7408
22430	38.0063
22440	48.0063
22450	39.4881
22460	49.4881
22470	42.1365
22480	52.1365
22490	44.6935
22500	54.6935
22510	45.4572
22520	55.4572
22530	44.3076
22540	54.3076
22550	44.5614
22560	39.4003
22570	49.4003
22580	42.5878
22590	52.5878
22600	44.1181
22610	54.1181
22620	46.7566
22630	56.7566
22640	49.4479
22650	59.4479
22660	50.2483
22670	41.7954
22680	51.7954
22690	44.3468
22700	54.3468
22710	49.2381
22720	59.2381
22730	52.475
22740	62.475
22750	51.4223
22760	61.4223
22770	51.4309
22780	46.3386
22790	56.3386
22800	49.4896
22810	59.4896
22820	51.1121
22830	61.1121
22840	55.2756
22850	45.3281
22860	38.1102
22870	48.1102
22880	38.8015
22890	48.8015
22900	37.8411
22910	47.8411
22920	40.3255
22930	50.3255
22940	43.008
22950	53.008
22960	43.7913
22970	35.5146
22980	45.5146
22990	37.9689
23000	47.9689
23010	42.8025
23020	52.8025
23030	46.0042
23040	56.0042
23050	45.1477
23060	55.1477
23070	45.1464
23080	55.1464
23090	47.8727
23100	57.8727
23110	48.7384
23120	40.3935
23130	50.3935
23140	42.8904
23150	52.8904
23160	47.8246
23170	57.8246
23180	51.1375
23190	61.1375
23200	50.1914
23210	60.1914
23220	50.1279
23230	45.1215
23240	55.1215
23250	48.5168
23260	58.5168
23270	50.133
23280	60.133
23290	52.5424
23300	47.1537
23310	40.0771
23320	50.0771
23330	41.1568
23340	51.1568
23350	40.1799
23360	50.1799
23370	40.0328
23380	50.0328
23390	42.9804
23400	52.9804
23410	43.9602
23420	35.6465
23430	45.6465
23440	38.0567
23450	48.0567
23460	43.1593
23470	53.1593
23480	46.4731
23490	56.4731
23500	45.5701
23510	55.5701
23520	45.4996
23530	40.4814
23540	50.4814
23550	43.8318
23560	53.8318
23570	45.5709
23580	55.5709
23590	48.0262
23600	58.0262
23610	50.8214
23620	60.8214
23630	51.8109
23640	61.8109
23650	50.9739
23660	60.9739
23670	50.9669
23680	45.8431
23690	55.8431
23700	49.2302
23710	59.2302
23720	51.0226
23730	45.4545
23740	37.9545
23750	47.9545
23760	40.7828
23770	50.7828
23780	41.7983
23790	51.7983
23800	41.0092
23810	51.0092
23820	41.0401
23830	51.0401
23840	43.7319
23850	53.7319
23860	44.7898
23870	36.6286
23880	46.6286
23890	39.1727
23900	49.1727
23910	44.0176
23920	54.0176
23930	47.4064
23940	57.4064
23950	46.7131
23960	56.7131
23970	46.6694
23980	41.6203
23990	51.6203
24000	44.9224
24010	54.9224
24020	46.8208
24030	56.8208
24040	49.1836
24050	59.1836
24060	52.0941
24070	62.0941
24080	53.0293
24090	44.9667
24100	54.9667
24110	47.264
24120	57.264
24130	52.2535
24140	45.0795
24150	55.0794
24160	46.0783
24170	35.5046
24180	45.5046
24190	35.2106
24200	45.2106
24210	40.16
24220	50.16
24230	43.5832
24240	53.5832
24250	43.0697
24260	53.0697
24270	42.766
24280	37.5936
24290	47.5936
24300	41.0419
24310	51.0419
24320	43.1146
24330	53.1146
24340	45.3722
24350	55.3722
24360	47.9438
24370	57.9438
24380	49.0659
24390	59.0659
24400	48.646
24410	58.646
24420	48.3815
24430	43.0392
24440	53.0392
24450	46.4839
24460	56.4839
24470	48.7278
24480	58.7278
24490	50.9717
24500	60.9717
24510	53.4107
24520	63.4107
24530	54.4839
24540	46.7278
24550	56.7278
24560	48.959
24570	58.959
24580	52.4043
24590	44.8631
24600	54.8631
24610	45.9691
24620	35.7178
24630	45.7178
24640	35.2798
24650	45.2798
24660	39.9513
24670	49.9513
24680	43.4307
24690	53.4307
24700	43.2008
24710	53.2008
24720	42.7262
24730	37.3419
24740	47.3419
24750	40.8949
24760	50.8949
24770	43.219
24780	53.219
24790	45.282
24800	55.282
24810	47.7011
24820	57.7011
24830	48.9189
24840	41.214
24850	51.214
24860	43.2283
24870	53.2283
24880	47.8808
24890	57.8808
24900	51.4423
24910	61.4423
24920	51.1667
24930	61.1667
24940	50.6722
24950	60.6722
24960	53.1414
24970	63.1414
24980	54.3368
24990	46.5458
25000	56.5458
25010	48.5886
25020	58.5886
25030	35.7435
25040	45.7435
25050	39.2827
25060	49.2827
25070	38.9501
25080	48.9501
25090	38.4276
25100	48.4276
25110	42.2658
25120	52.2658
25130	43.4172
25140	53.4172
25150	43.1435
25160	53.1435
25170	42.7046
25180	37.48
25190	47.48
25200	40.9316
25210	50.9316
25220	43.2247
25230	53.2247
25240	45.3524
25250	55.3524
25260	47.9529
25270	57.9529
25280	49.0403
25290	41.3359
25300	51.3359
25310	43.4214
25320	53.4214
25330	48.2193
25340	58.2194
25350	51.7066
25360	61.7066
25370	51.5179
25380	61.5179
25390	50.9519
25400	45.7576
25410	55.7576
25420	49.261
25430	59.261
25440	51.6214
25450	61.6214
25460	55.5352
25470	45.0362
25480	37.56
25490	47.56
25500	38.6757
25510	48.6757
25520	38.4421
25530	48.4421
25540	40.5894
25550	50.5894
25560	43.1894
25570	53.1894
25580	44.3037
25590	36.4784
25600	46.4784
25610	38.6649
25620	48.6649
25630	43.4764
25640	53.4764
25650	46.8505
25660	56.8505
25670	46.5413
25680	56.5413
25690	46.2439
25700	56.2439
25710	48.7756
25720	58.7756
25730	49.7988
25740	42.0547
25750	52.0547
25760	44.3105
25770	54.3105
25780	49.0082
25790	59.0081
25800	52.4035
25810	62.4035
25820	52.1244
25830	62.1244
25840	51.8781
25850	46.5688
25860	56.5688
25870	51.1953
25880	42.2122
25890	52.2122
25900	41.9355
25910	51.9355
25920	41.8433
25930	34.3318
25940	44.3318
25950	37.7233
25960	47.7233
25970	39.9333
25980	49.9333
25990	42.3803
26000	52.3803
26010	44.903
26020	54.903
26030	45.9605
26040	38.0984
26050	48.0984
26060	40.5462
26070	50.5462
26080	45.2723
26090	55.2723
26100	48.7232
26110	58.7232
26120	48.3432
26130	58.3432
26140	48.1431
26150	42.9504
26160	52.9504
26170	46.3739
26180	56.3738
26190	48.5049
26200	58.5049
26210	50.8205
26220	60.8205
26230	53.5311
26240	63.5311
26250	54.6209
26260	64.6209
26270	54.0215
26280	64.0215
26290	53.8694
26300	47.1481
26310	39.8987
26320	49.8987
26330	41.0094
26340	32.9927
26350	42.9927
26360	35.3378
26370	45.3378
26380	40.2027
26390	50.2027
26400	43.6486
26410	53.6487
26420	43.1081
26430	53.1081
26440	42.9279
26450	52.9279
26460	45.6306
26470	55.6306
26480	46.7117
26490	38.7387
26500	48.7387
26510	41.0811
26520	51.0811
26530	45.9459
26540	55.9459
26550	49.3919
26560	59.3919
26570	48.8514
26580	58.8514
26590	48.6712
26600	43.538
26610	53.538
26620	46.9967
26630	56.9967
26640	48.9502
26650	58.9502
26660	51.3288
26670	61.3288
26680	54.0704
26690	64.0704
26700	55.194
26710	47.1041
26720	57.1041
26730	50.6527
26740	40.5359
26750	50.5359
26760	43.3122
26770	53.3122
26780	44.3697
26790	33.6265
26800	43.6265
26810	36.0472
26820	46.0472
26830	41.0347
26840	51.0347
26850	44.4743
26860	54.4743
26870	43.7773
26880	53.7773
26890	43.5155
26900	38.5403
26910	48.5403
26920	42.0388
26930	52.0388
26940	44.0034
26950	54.0034
26960	46.172
26970	56.172
26980	48.9933
26990	58.9933
27000	50.1333
27010	60.1333
27020	49.4828
27030	59.4828
27040	49.1491
27050	44.172
27060	54.172
27070	47.6612
27080	57.6612
27090	49.6277
27100	59.6277
27110	51.7736
27120	46.9898
27130	39.9422
27140	49.9422
27150	41.0088
27160	51.0088
27170	40.4825
27180	50.4825
27190	40.1316
27200	50.1316
27210	43.1252
27220	53.1252
27230	44.141
27240	36.1359
27250	46.1359
27260	38.4065
27270	48.4065
27280	43.5461
27290	53.5461
27300	46.8321
27310	56.8321
27320	46.2969
27330	56.2969
27340	46.123
27350	41.2099
27360	51.2099
27370	44.4708
27380	54.4708
27390	46.522
27400	56.522
27410	48.8993
27420	58.8993
27430	51.7975
27440	61.7975
27450	52.5836
27460	44.7427
27470	54.7427
27480	47.1441
27490	57.1441
27500	52.2752
27510	45.0567
27520	55.0567
27530	45.8251
27540	35.4755
27550	45.4755
27560	35.4063
27570	45.4063
27580	40.2796
27590	50.2796
27600	43.5157
27610	53.5157
27620	43.1668
27630	53.1668
27640	42.9958
27650	37.889
27660	47.889
27670	41.1368
27680	51.1368
27690	43.341
27700	53.341
27710	45.7054
27720	55.7054
27730	48.4616
27740	58.4616
27750	49.2092
27760	59.2092
27770	48.9107
27780	58.9107
27790	48.7828
27800	43.7067
27810	53.7067
27820	46.892
27830	56.892
27840	49.1322
27850	59.1322
27860	51.5211
27870	61.5211
27880	54.2745
27890	64.2745
27900	55.1127
27910	47.3757
27920	57.3757
27930	50.6172
27940	40.537
27950	50.537
27960	43.3386
27970	53.3386
27980	44.1269
27990	33.7711
28000	43.7711
28010	36.2474
28020	46.2474
28030	41.2361
28040	51.2361
28050	44.3149
28060	54.3149
28070	43.9953
28080	53.9953
28090	44.022
28100	39.053
28110	49.053
28120	42.0543
28130	52.0543
28140	44.2522
28150	54.2522
28160	46.8607
28170	56.8607
28180	49.8385
28190	59.8385
28200	50.3859
28210	42.5889
28220	52.5889
28230	45.2348
28240	55.2348
28250	50.3598
28260	60.3598
28270	53.2973
28280	63.2973
28290	52.9687
28300	62.9687
28310	53.1503
28320	47.1898
28330	40.2105
28340	50.2105
28350	40.6112
28360	50.6112
28370	40.3401
28380	50.3401
28390	40.5778
28400	35.7658
28410	45.7658
28420	38.5929
28430	48.5929
28440	40.8976
28450	50.8976
28460	43.6383
28470	53.6383
28480	46.7691
28490	56.7691
28500	47.1087
28510	57.1087
28520	46.9736
28530	56.9736
28540	47.195
28550	42.495
28560	52.4949
28570	45.2726
28580	55.2726
28590	47.59
28600	57.59
28610	50.3697
28620	60.3697
28630	53.6552
28640	63.6552
28650	53.8721
28660	46.1216
28670	56.1216
28680	50.1022
28690	40.4704
28700	50.4704
28710	43.7832
28720	53.7832
28730	43.9877
28740	33.7014
28750	43.7014
28760	36.5275
28770	46.5275
28780	41.8811
28790	51.8811
28800	44.5843
28810	54.5843
28820	44.3331
28830	54.3331
28840	44.7413
28850	40.027
28860	50.027
28870	42.7413
28880	52.7413
28890	45.0306
28900	55.0306
28910	47.8462
28920	57.8462
28930	51.05
28940	61.05
28950	51.3153
28960	43.614
28970	53.614
28980	46.4064
28990	56.4064
29000	52.0552
29010	45.342
29020	55.342
29030	45.5629
29040	35.2094
29050	45.2094
29060	35.6073
29070	45.6073
29080	41.0121
29090	51.0121
29100	43.7247
29110	53.7247
29120	43.3151
29130	53.3151
29140	43.7643
29150	39.139
29160	49.139
29170	41.8203
29180	51.8203
29190	43.9361
29200	53.9361
29210	46.8543
29220	56.8543
29230	50.1332
29240	60.1332
29250	50.3491
29260	60.3491
29270	49.9639
29280	59.9638
29290	50.391
29300	45.7926
29310	55.7926
29320	48.3727
29330	58.3727
29340	50.6028
29350	45.1147
29360	38.0684
29370	48.0684
29380	41.309
29390	51.309
29400	41.3673
29410	51.3673
29420	41.1079
29430	51.1079
29440	41.5345
29450	51.5345
29460	44.7448
29470	54.7448
29480	44.8927
29490	37.1174
29500	47.1174
29510	40.0462
29520	50.0462
29530	45.3427
29540	55.3427
29550	47.8848
29560	57.8848
29570	47.6076
29580	57.6076
29590	48.1224
29600	43.4294
29610	53.4294
29620	45.964
29630	55.964
29640	48.2214
29650	58.2214
29660	51.1767
29670	61.1767
29680	54.3971
29690	64.3971
29700	54.3625
29710	46.65
29720	56.65
29730	50.0796
29740	40.6406
29750	50.6406
29760	43.8966
29770	53.8966
29780	43.7348
29790	33.5326
29800	43.5326
29810	36.5618
29820	46.5618
29830	41.8582
29840	51.8582
29850	44.2174
29860	54.2174
29870	44.0599
29880	54.0599
29890	44.6898
29900	39.9457
29910	49.9457
29920	42.3079
29930	52.3079
29940	44.6701
29950	54.6701
29960	47.7079
29970	57.7079
29980	50.8695
29990	60.8695
30000	50.7363
30010	60.7363
30020	50.613
30030	60.613
30040	51.1238
30050	46.4087
30060	56.4087
30070	48.8055
30080	58.8055
30090	51.2103
30100	45.1976
30110	38.1164
30120	48.1164
30130	41.3386
30140	51.3386
30150	41.159
30160	51.159
30170	41.1341
30180	51.1341
30190	41.588
30200	51.588
30210	44.7399
30220	54.7399
30230	44.5527
30240	37.0936
30250	47.0936
30260	39.9303
30270	49.9303
30280	45.2335
30290	55.2335
30300	47.5528
30310	57.5528
30320	47.6635
30330	57.6635
30340	47.9354
30350	43.2558
30360	53.2558
30370	45.5859
30380	55.5859
30390	48.1912
30400	58.1912
30410	50.9419
30420	60.9419
30430	54.0933
30440	64.0933
30450	53.9257
30460	46.5501
30470	56.5501
30480	50.3032
30490	40.5866
30500	50.5866
30510	43.7765
30520	53.7765
30530	43.5838
30540	33.6994
30550	43.6994
30560	36.4355
30570	46.4355
30580	41.7341
30590	51.7341
30600	44.0655
30610	54.0655
30620	44.1715
30630	54.1715
30640	44.4696
30650	39.7237
30660	49.7237
30670	42.1133
30680	52.1133
30690	44.6469
30700	54.6469
30710	47.4492
30720	57.4492
30730	50.5586
30740	60.5586
30750	50.4434
30760	60.4434
30770	50.4818
30780	60.4818
30790	50.8273
30800	46.05
30810	56.05
30820	48.4613
30830	58.4613
30840	51.0164
30850	45.3759
30860	38.0829
30870	48.0829
30880	41.2315
30890	51.2315
30900	41.1726
30910	51.1726
30920	41.1674
30930	51.1674
30940	41.4351
30950	51.4351
30960	44.6091
30970	54.6091
30980	44.5708
30990	37.0374
31000	47.0374
31010	39.8184
31020	49.8184
31030	45.0821
31040	55.0821
31050	47.5593
31060	57.5593
31070	47.5507
31080	57.5507
31090	48.0154
31100	43.208
31110	53.208
31120	45.7184
31130	55.7184
31140	48.2929
31150	58.2929
31160	51.1612
31170	61.1612
31180	54.2874
31190	64.2874
31200	54.2497
31210	46.8486
31220	56.8486
31230	50.17
31240	40.5616
31250	50.5616
31260	43.702
31270	53.702
31280	43.6908
31290	33.8364
31300	43.8364
31310	36.6107
31320	46.6107
31330	41.8912
31340	51.8912
31350	44.4072
31360	54.4072
31370	44.6087
31380	54.6087
31390	44.9695
31400	40.285
31410	50.285
31420	42.7303
31430	52.7303
31440	45.4468
31450	55.4468
31460	48.1898
31470	58.1898
31480	51.3993
31490	61.3993
31500	51.3848
31510	61.3848
31520	51.6783
31530	61.6783
31540	51.9768
31550	47.1082
31560	40.2425
31570	50.2425
31580	40.2425
31590	33.0051
31600	43.0051
31610	35.7768
31620	45.7768
31630	40.9562
31640	50.9562
31650	43.4772
31660	53.4772
31670	43.8388
31680	53.8388
31690	44.1278
31700	54.1278
31710	47.1814
31720	57.1814
31730	47.1591
31740	40.0353
31750	50.0353
31760	42.7909
31770	52.7909
31780	47.8835
31790	57.8835
31800	50.3835
31810	60.3835
31820	50.8279
31830	60.8279
31840	51.1306
31850	46.2327
31860	56.2327
31870	48.753
31880	58.753
31890	51.5557
31900	45.3281
31910	55.3281
31920	45.6776
31930	38.6038
31940	48.6038
31950	38.6753
31960	48.6753
31970	39.0053
31980	49.0054
31990	41.8499
32000	51.8499
32010	44.7549
32020	54.755
32030	44.8654
32040	37.591
32050	47.591
32060	40.4487
32070	50.4487
32080	45.5054
32090	55.5054
32100	48.1235
32110	58.1235
32120	48.4117
32130	58.4117
32140	48.8529
32150	43.9264
32160	53.9264
32170	46.5551
32180	56.5551
32190	49.3179
32200	59.3179
32210	52.1796
32220	62.1796
32230	55.1567
32240	65.1567
32250	55.2319
32260	48.3078
32270	38.7028
32280	48.7028
32290	39.0208
32300	49.0208
32310	42.0803
32320	52.0803
32330	42.0803
32340	34.9635
32350	44.9635
32360	37.7134
32370	47.7134
32380	42.9159
32390	52.9159
32400	45.4578
32410	55.4578
32420	45.8384
32430	55.8384
32440	46.0696
32450	56.0696
32460	49.2156
32470	59.2156
32480	49.1943
32490	42.0368
32500	52.0369
32510	44.7704
32520	54.7704
32530	50.0507
32540	60.0507
32550	52.5335
32560	62.5335
32570	52.8372
32580	62.8372
32590	53.1497
32600	47.0852
32610	40.3058
32620	50.3058
32630	40.2128
32640	50.2128
32650	40.5622
32660	50.5622
32670	40.9338
32680	36.2506
32690	46.2506
32700	38.7281
32710	48.7281
32720	41.6014
32730	51.6014
32740	44.4791
32750	54.4791
32760	47.6445
32770	57.6445
32780	47.6445
32790	40.5203
32800	50.5203
32810	43.3866
32820	53.3866
32830	48.6274
32840	58.6274
32850	51.2177
32860	61.2177
32870	51.6244
32880	61.6244
32890	51.9505
32900	46.9681
32910	40.1071
32920	50.1071
32930	40.25
32940	50.25
32950	40.6786
32960	50.6786
32970	40.9704
32980	36.1867
32990	46.1867
33000	38.8311
33010	48.8311
33020	41.734
33030	51.734
33040	44.5148
33050	54.5148
33060	47.5451
33070	57.5451
33080	47.7234
33090	40.6302
33100	50.6302
33110	43.421
33120	53.421
33130	48.5122
33140	58.5122
33150	51.196
33160	61.196
33170	51.6942
33180	61.6942
33190	52.0501
33200	47.0787
33210	39.9846
33220	49.9846
33230	40.2262
33240	50.2262
33250	40.7694
33260	50.7694
33270	41.1879
33280	36.1702
33290	46.1702
33300	38.9184
33310	48.9184
33320	41.9069
33330	51.9069
33340	44.7905
33350	54.7905
33360	47.6448
33370	57.6448
33380	47.9573
33390	57.9573
33400	48.4226
33410	58.4226
33420	48.8966
33430	43.8472
33440	53.8472
33450	46.6529
33460	56.6529
33470	49.5857
33480	59.5857
33490	52.5186
33500	47.1203
33510	39.8849
33520	49.8849
33530	40.265
33540	50.265
33550	40.7137
33560	50.7137
33570	41.1495
33580	51.1495
33590	43.9785
33600	53.9785
33610	44.332
33620	37.2218
33630	47.2218
33640	40.1323
33650	50.1323
33660	45.1405
33670	55.1405
33680	47.9453
33690	57.9453
33700	48.2911
33710	58.2911
33720	48.7678
33730	43.8313
33740	53.8313
33750	46.6103
33760	56.6103
33770	49.3852
33780	59.3852
33790	52.2822
33800	47.0332
33810	40
33820	50
33830	40.3141
33840	50.3141
33850	40.6283
33860	50.6283
33870	41.0722
33880	51.0722
33890	44.062
33900	54.062
33910	44.4198
33920	37.139
33930	47.139
33940	39.9628
33950	49.9628
33960	45.083
33970	55.083
33980	47.9862
33990	57.9862
34000	48.2066
34010	58.2066
34020	48.5738
34030	43.6997
34040	53.6997
34050	46.5347
34060	56.5347
34070	49.2573
34080	59.2573
34090	52.1093
34100	62.1093
34110	55.0193
34120	65.0193
34130	55.4696
34140	48.4031
34150	38.6562
34160	48.6562
34170	39.0153
34180	49.0153
34190	41.8766
34200	51.8766
34210	42.4154
34220	35.1551
34230	45.1551
34240	37.8949
34250	47.8949
34260	42.912
34270	52.912
34280	45.8952
34290	55.8952
34300	46.1318
34310	56.1318
34320	46.4264
34330	56.4264
34340	49.3284
34350	59.3284
34360	49.9158
34370	42.5333
34380	52.5333
34390	45.3214
34400	55.3214
34410	50.3878
34420	60.3878
34430	53.4254
34440	63.4254
34450	53.4937
34460	63.4937
34470	53.8408
34480	46.9874
34490	39.877
34500	49.877
34510	40.5136
34520	50.5136
34530	40.598
34540	50.598
34550	40.9861
34560	35.9759
34570	45.9759
34580	39.0608
34590	49.0608
34600	41.5371
34610	51.5371
34620	44.4341
34630	54.4341
34640	47.3406
34650	57.3406
34660	47.9508
34670	40.3915
34680	50.3915
34690	43.3067
34700	53.3067
34710	48.3601
34720	58.3601
34730	51.3594
34740	61.3594
34750	51.3115
34760	61.3115
34770	51.8138
34780	47.0558
34790	40
34800	50
34810	40.5076
34820	50.5076
34830	40.4645
34840	50.4645
34850	40.9976
34860	36.0341
34870	46.0341
34880	39.0312
34890	49.0312
34900	41.4541
34910	51.4541
34920	44.3959
34930	54.3959
34940	47.2868
34950	57.2868
34960	47.8929
34970	40.334
34980	50.334
34990	43.2464
35000	53.2464
35010	48.2801
35020	58.2801
35030	51.3104
35040	61.3104
35050	51.2431
35060	61.2431
35070	51.7144
35080	47.0539
35090	39.9495
35100	49.9495
35110	40.5556
35120	50.5556
35130	40.4799
35140	50.4799
35150	40.9758
35160	36.0382
35170	46.0382
35180	39.0166
35190	49.0166
35200	41.3992
35210	51.3992
35220	44.369
35230	54.369
35240	47.3252
35250	57.3252
35260	47.8254
35270	57.8254
35280	47.7118
35290	57.7118
35300	48.2768
35310	43.3809
35320	53.3809
35330	46.2824
35340	56.2824
35350	48.7322
35360	58.7322
35370	51.7693
35380	61.7693
35390	54.6852
35400	64.6852
35410	55.2068
35420	47.703
35430	57.703
35440	50
35450	40.5333
35460	50.5333
35470	43.4667
35480	53.4667
35490	44
35500	34
35510	44
35520	36.9667
35530	46.9667
35540	42.0362
35550	52.0362
35560	45.0142
35570	55.0142
35580	45.0341
35590	55.0341
35600	45.595
35610	40.6879
35620	50.6879
35630	43.6926
35640	53.6926
35650	46.24
35660	56.24
35670	49.1501
35680	59.1501
35690	52.1222
35700	62.1222
35710	52.7803
35720	45.3146
35730	55.3146
35740	48.162
35750	58.162
35760	51.844
35770	44.8048
35780	54.8048
35790	45.5336
35800	35.5699
35810	45.5699
35820	35.9178
35830	45.9178
35840	41.0417
35850	51.0417
35860	44.2155
35870	54.2155
35880	44.2019
35890	54.2019
35900	44.4812
35910	39.6302
35920	49.6302
35930	42.8301
35940	52.8301
35950	45.2771
35960	55.2771
35970	48.0366
35980	58.0366
35990	51.1008
36000	61.1008
