10	10
20	2
30	2
40	2
50	2
60	2
70	5.33333
80	15.3333
90	19.6667
100	29.6667
110	27.3333
120	37.3333
130	30
140	40
150	30
160	40
170	30
180	40
190	30
200	40
210	29.1333
220	39.1333
230	33.5333
240	43.5333
250	37.5333
260	47.5333
270	41.0333
280	51.0333
290	43.5333
300	29.2333
310	39.2333
320	32.619
330	42.619
340	34.4762
350	44.4762
360	40.5714
370	50.5714
380	43.1429
390	53.1429
400	39.9048
410	49.9048
420	37.1111
430	47.1111
440	37.1111
450	47.1111
460	37.8384
470	47.8384
480	41.798
490	51.798
500	40.2222
510	50.2222
520	41.1364
530	32.6136
540	42.6136
550	35.7955
560	45.7955
570	35.1538
580	45.1538
590	38.5385
600	48.5385
610	39.7692
620	49.7692
630	42.4286
640	52.4286
650	44.478
660	54.478
670	40.9835
680	50.9835
690	38.1381
700	48.1381
710	43.6571
720	53.6571
730	47.4857
740	42.4151
750	52.4151
760	43.0896
770	53.0896
780	43.2151
790	53.2151
800	46.2777
810	56.2777
820	47.9804
830	57.9804
840	51.8814
850	47.4613
860	41.6944
870	51.6944
880	42.4137
890	52.4137
900	45.3434
910	55.3434
920	45.7694
930	55.7694
940	42.9123
950	52.9123
960	36.2456
970	46.2456
980	42.0465
990	52.0465
1000	45.2673
1010	55.2673
1020	45.9945
1030	55.9945
1040	49.8647
1050	59.8647
1060	51.7915
1070	61.7915
1080	50.3409
1090	60.3409
1100	43.3745
1110	41.3612
1120	38.069
1130	48.069
1140	43.0638
1150	53.0638
1160	43.6134
1170	53.6134
1180	43.2
1190	53.2
1200	44
1210	54
1220	44.71
1230	54.71
1240	39.0686
1250	49.0686
1260	45.3586
1270	55.3586
1280	47.9994
1290	57.9994
1300	48.2494
1310	58.2494
1320	41.3885
1330	51.3885
1340	47.5277
1350	57.5277
1360	50.976
1370	60.976
1380	50.2863
1390	60.2863
1400	46.1484
1410	56.1484
1420	52.1017
1430	62.1017
1440	52.1239
1450	44.0638
1460	54.0638
1470	46.0155
1480	56.0155
1490	49.5854
1500	59.5854
1510	52.7291
1520	62.7291
1530	40.0196
1540	50.0196
1550	40.0196
1560	50.0196
1570	38.0606
1580	48.0606
1590	43.5152
1600	53.5152
1610	43.3333
1620	53.3333
1630	36.6667
1640	46.6667
1650	42.303
1660	52.303
1670	45.7778
1680	38.8838
1690	48.8838
1700	35.6226
1710	45.6226
1720	41.1871
1730	51.1871
1740	46.4034
1750	56.4034
1760	46.9439
1770	56.9439
1780	47.9619
1790	57.9619
1800	44.1781
1810	54.1781
1820	44.7187
1830	40.1573
1840	50.1573
1850	45.043
1860	55.043
1870	48.4429
1880	58.4429
1890	45.1636
1900	55.1636
1910	46.6471
1920	56.6471
1930	51.8119
1940	61.8119
1950	51.8895
1960	61.8895
1970	52.3869
1980	41.0082
1990	51.0082
2000	44.7261
2010	54.7261
2020	51.6975
2030	46.5085
2040	56.5085
2050	49.0233
2060	59.0233
2070	46.1972
2080	56.1972
2090	42.3913
2100	31.087
2110	41.087
2120	34.7319
2130	44.7319
2140	41.2074
2150	51.2074
2160	42.5634
2170	52.5634
2180	42.6967
2190	52.6967
2200	41.5092
2210	51.5092
2220	43.3842
2230	53.3842
2240	44.1842
2250	37.0092
2260	47.0092
2270	42.0092
2280	52.0092
2290	44.0092
2300	54.0092
2310	41.6092
2320	51.6092
2330	43.6092
2340	53.6092
2350	47.6092
2360	57.6092
2370	48.4657
2380	58.4657
2390	48.5794
2400	58.5794
2410	43.9069
2420	53.9069
2430	45.1739
2440	41.0971
2450	51.0971
2460	45.6823
2470	55.6823
2480	46.9449
2490	56.9449
2500	45.207
2510	55.207
2520	47.2925
2530	57.2925
2540	52.2953
2550	62.2953
2560	53.4064
2570	63.4064
2580	51.1842
2590	40.4435
2600	50.4435
2610	44.7428
2620	54.7428
2630	51.4822
2640	61.4822
2650	53.9576
2660	63.9576
2670	52.8738
2680	62.8738
2690	48.3121
2700	58.3121
2710	51.1173
2720	47.3994
2730	42.3994
2740	52.3994
2750	45.1786
2760	55.1786
2770	40.8929
2780	50.8929
2790	38.0357
2800	30.5357
2810	40.5357
2820	35.3571
2830	45.3571
2840	41.0714
2850	51.0714
2860	45.3571
2870	55.3571
2880	45.3571
2890	55.3571
2900	41.024
2910	51.024
2920	38.4329
2930	48.4329
2940	43.0277
2950	53.0277
2960	44.407
2970	54.407
2980	47.6927
2990	57.6927
3000	45.6238
3010	37.5203
3020	47.5203
3030	35.7583
3040	45.7583
3050	42.2042
3060	52.2042
3070	46.3169
3080	56.3169
3090	47.216
3100	57.2161
3110	49.7438
3120	59.7438
3130	48.6247
3140	58.6247
3150	47.593
3160	57.593
3170	41.3635
3180	51.3635
3190	45.6258
3200	42.5527
3210	52.5527
3220	46.0226
3230	56.0226
3240	48.4465
3250	58.4465
3260	50.6271
3270	60.6271
3280	50.3956
3290	60.3956
3300	44.0469
3310	54.0469
3320	48.4227
3330	58.4227
3340	53.3894
3350	63.3894
3360	53.8239
3370	63.8239
3380	47.4239
3390	57.4239
3400	46.794
3410	45.303
3420	40.7576
3430	50.7576
3440	40.7576
3450	50.7576
3460	42.6029
3470	52.6029
3480	42.1199
3490	34.6753
3500	44.6753
3510	31.7265
3520	41.7265
3530	38.8401
3540	48.8401
3550	43.2736
3560	53.2736
3570	44.1431
3580	54.1431
3590	45.1209
3600	55.1209
3610	44.2513
3620	35.9783
3630	45.9783
3640	33.645
3650	43.645
3660	41.0798
3670	51.0798
3680	45.2465
3690	55.2465
3700	46.0798
3710	56.0798
3720	46.4228
3730	56.4228
3740	46.4228
3750	37.972
3760	47.972
3770	35.8094
3780	45.8094
3790	43.0189
3800	53.0189
3810	47.5751
3820	57.5751
3830	50.1016
3840	60.1016
3850	45.6129
3860	55.6129
3870	44.6499
3880	54.6499
3890	43.5973
3900	53.5973
3910	45.4394
3920	41.2289
3930	51.2289
3940	42.8078
3950	52.8078
3960	44.3868
3970	54.3868
3980	43.2026
3990	53.2026
4000	47.4507
4010	57.4507
4020	51.3222
4030	61.3222
4040	50.4439
4050	60.4439
4060	46.5124
4070	56.5124
4080	45.7332
4090	55.7332
4100	50.1487
4110	60.1487
4120	53.3255
4130	42.2941
4140	52.2941
4150	43.8446
4160	53.8446
4170	46.1274
4180	56.1274
4190	47.7687
4200	57.7687
4210	52.5693
4220	62.5693
4230	51.7844
4240	44.5697
4250	54.5697
4260	43.1266
4270	53.1266
4280	51.3928
4290	46.0269
4300	56.0269
4310	47.8049
4320	57.8049
4330	45.8537
4340	55.8537
4350	38.4945
4360	48.4945
4370	37.8267
4380	47.8267
4390	42.8075
4400	52.8075
4410	43.7384
4420	53.7384
4430	39.6727
4440	49.6727
4450	38.8775
4460	48.8775
4470	43.7985
4480	53.7985
4490	44.975
4500	54.975
4510	40.5044
4520	50.5044
4530	39.7985
4540	49.7985
4550	44.7397
4560	54.7397
4570	45.9162
4580	55.9162
4590	41.3965
4600	51.3965
4610	40.875
4620	50.875
4630	45.4507
4640	55.4507
4650	47.0112
4660	57.0112
4670	42.1836
4680	52.1836
4690	41.9537
4700	51.9537
4710	46.346
4720	56.346
4730	48.0362
4740	58.0362
4750	43.3884
4760	53.3884
4770	42.5881
4780	52.5881
4790	46.8525
4800	56.8525
4810	48.8009
4820	58.8009
4830	44.5736
4840	54.5736
4850	43.7348
4860	53.7348
4870	47.7817
4880	57.7817
4890	50.1549
4900	60.1549
4910	46.4186
4920	56.4186
4930	45.3197
4940	55.3197
4950	49.3996
4960	59.3996
4970	51.8912
4980	61.8912
4990	48.3195
5000	58.3195
5010	47.455
5020	57.4549
5030	50.6687
5040	60.6687
5050	53.3966
5060	63.3966
5070	50.1764
5080	60.1764
5090	49.2866
5100	59.2866
5110	52.1989
5120	62.1989
5130	55.1571
5140	65.1571
5150	52.1783
5160	62.1783
5170	50.9017
5180	60.9017
5190	53.8146
5200	63.8146
5210	56.9308
5220	66.9308
5230	53.726
5240	63.726
5250	52.8723
5260	47.1174
5270	39.6873
5280	49.6873
5290	42.6044
5300	52.6044
5310	39.4845
5320	49.4845
5330	38.866
5340	48.866
5350	41.5464
5360	51.5464
5370	44.2401
5380	54.2401
5390	41.2239
5400	51.2239
5410	40.2569
5420	50.2569
5430	43.1088
5440	53.1088
5450	45.8174
5460	55.8174
5470	43.2231
5480	53.2231
5490	41.6888
5500	51.6888
5510	44.8888
5520	54.8888
5530	47.2888
5540	57.2888
5550	44.8888
5560	54.8888
5570	43.2888
5580	53.2888
5590	46.4888
5600	56.4888
5610	48.8888
5620	58.8888
5630	46.4888
5640	56.4888
5650	44.8888
5660	54.8888
5670	48.0888
5680	58.0888
5690	50.4888
5700	60.4888
5710	48.0888
5720	58.0888
5730	46.4888
5740	56.4888
5750	49.6888
5760	59.6888
5770	52.0888
5780	62.0888
5790	49.7218
5800	59.7218
5810	48.0045
5820	58.0045
5830	51.3939
5840	61.3939
5850	53.4576
5860	63.4576
5870	51.384
5880	61.3841
5890	49.2238
5900	59.2238
5910	53.0261
5920	63.0261
5930	55.3885
5940	65.3885
5950	53.203
5960	63.203
5970	50.474
5980	60.474
5990	54.5712
6000	64.5712
6010	56.8059
6020	66.8059
6030	54.4345
6040	64.4345
6050	52.0046
6060	62.0046
6070	55.9813
6080	48.325
6090	58.325
6100	48.0267
6110	58.0267
6120	42.6239
6130	52.6238
6140	37.7092
6150	47.7092
6160	42.2354
6170	52.2354
6180	44.0149
6190	54.0149
6200	41.0645
6210	51.0645
6220	39.3982
6230	49.3982
6240	43.5424
6250	53.5424
6260	45.5244
6270	55.5244
6280	42.5174
6290	52.5174
6300	40.7698
6310	50.7698
6320	45.0928
6330	55.0928
6340	46.7735
6350	56.7735
6360	44.0018
6370	54.0018
6380	42.2982
6390	52.2982
6400	46.3649
6410	56.3649
6420	48.3384
6430	58.3384
6440	45.0684
6450	55.0684
6460	43.6681
6470	53.6681
6480	47.8061
6490	57.8061
6500	49.875
6510	59.875
6520	46.3603
6530	56.3603
6540	45.0518
6550	55.0518
6560	49.2762
6570	59.2762
6580	51.5019
6590	61.5019
6600	47.6488
6610	57.6488
6620	46.1346
6630	56.1346
6640	50.4704
6650	60.4704
6660	52.9571
6670	62.9571
6680	49.0554
6690	59.0554
6700	47.6393
6710	57.6394
6720	51.741
6730	61.741
6740	54.1708
6750	64.1708
6760	50.5723
6770	60.5723
6780	49.0682
6790	59.0682
6800	53.081
6810	63.081
6820	55.0091
6830	65.0091
6840	51.9262
6850	61.9262
6860	50.8513
6870	60.8513
6880	54.386
6890	64.386
6900	55.9733
6910	65.9733
6920	53.1161
6930	63.1161
6940	52.1637
6950	47.1429
6960	40.6349
6970	50.6349
6980	42.2331
6990	52.2331
7000	39.4344
7010	49.4344
7020	38.5769
7030	48.5769
7040	41.6565
7050	51.6565
7060	43.3888
7070	53.3888
7080	40.7117
7090	50.7117
7100	39.9141
7110	49.9141
7120	42.8338
7130	52.8338
7140	44.4546
7150	54.4546
7160	42.2219
7170	52.2219
7180	41.1522
7190	51.1522
7200	43.9971
7210	53.9971
7220	45.6622
7230	55.6622
7240	43.7316
7250	53.7316
7260	42.1022
7270	52.1022
7280	45.1098
7290	55.1098
7300	46.928
7310	56.928
7320	45.1098
7330	55.1098
7340	43.2713
7350	53.2713
7360	46.3839
7370	56.3839
7380	48.3581
7390	58.3581
7400	46.3161
7410	56.3161
7420	44.2265
7430	54.2265
7440	47.5101
7450	57.5101
7460	49.6096
7470	59.6096
7480	47.5732
7490	57.5732
7500	45.237
7510	55.237
7520	48.5971
7530	58.5971
7540	50.7139
7550	60.7139
7560	48.972
7570	58.972
7580	46.7247
7590	56.7247
7600	49.7904
7610	59.7904
7620	51.6882
7630	61.6882
7640	50.0824
7650	60.0824
7660	47.8926
7670	57.8926
7680	50.9583
7690	60.9583
7700	52.8757
7710	62.8757
7720	51.1838
7730	61.1838
7740	49.1776
7750	59.1776
7760	51.9695
7770	61.9695
7780	54.1278
7790	64.1278
7800	52.2573
7810	62.2573
7820	50.3675
7830	60.3675
7840	52.9965
7850	62.9965
7860	55.3003
7870	65.3003
7880	53.6971
7890	63.6971
7900	51.6201
7910	61.6201
7920	54.1026
7930	64.1026
7940	56.1608
7950	66.1608
7960	54.801
7970	64.801
7980	52.5959
7990	62.5959
8000	55.2409
8010	65.2409
8020	57.1986
8030	67.1986
8040	56.0248
8050	66.0248
8060	53.7982
8070	63.7982
8080	57.1111
8090	47.5957
8100	57.5957
8110	46.7629
8120	56.7629
8130	43.2715
8140	53.2715
8150	38.785
8160	48.785
8170	41.4758
8180	51.4758
8190	42.702
8200	52.702
8210	41.7624
8220	51.7624
8230	40.2859
8240	50.2859
8250	43.1205
8260	53.1205
8270	44.3771
8280	54.3771
8290	43.1865
8300	53.1865
8310	41.8032
8320	51.8032
8330	44.8236
8340	54.8236
8350	45.978
8360	55.978
8370	44.8938
8380	54.8938
8390	43.3148
8400	53.3148
8410	46.4727
8420	56.4727
8430	47.5424
8440	57.5424
8450	46.3405
8460	56.3405
8470	44.8514
8480	54.8514
8490	48.107
8500	58.107
8510	49.2835
8520	59.2835
8530	47.8456
8540	57.8456
8550	46.3938
8560	56.3938
8570	49.5878
8580	59.5878
8590	50.995
8600	60.995
8610	49.4167
8620	59.4167
8630	47.9314
8640	57.9314
8650	51.077
8660	61.077
8670	52.6662
8680	62.6662
8690	50.8091
8700	60.8091
8710	49.4942
8720	59.4942
8730	52.7733
8740	62.7733
8750	54.0391
8760	64.0391
8770	52.267
8780	62.267
8790	51.0012
8800	61.0012
8810	54.2923
8820	64.2923
8830	55.5581
8840	65.5581
8850	53.786
8860	63.786
8870	52.5202
8880	47.1519
8890	40.454
8900	50.454
8910	41.7695
8920	51.7695
8930	39.892
8940	49.892
8950	38.8156
8960	48.8156
8970	41.8156
8980	51.8156
8990	43.3156
9000	53.3156
9010	41.3156
9020	51.3156
9030	40.335
9040	50.335
9050	43.2427
9060	53.2427
9070	44.5901
9080	54.5901
9090	42.8341
9100	52.8341
9110	42.017
9120	52.017
9130	44.5738
9140	54.5738
9150	46.0139
9160	56.0139
9170	44.4779
9180	54.4779
9190	43.6476
9200	53.6476
9210	45.8636
9220	55.8636
9230	47.5503
9240	57.5503
9250	45.8636
9260	55.8636
9270	45.1141
9280	55.1141
9290	47.3174
9300	57.3174
9310	49.0672
9320	59.0672
9330	47.4615
9340	57.4615
9350	46.4245
9360	56.4245
9370	48.7606
9380	58.7606
9390	50.6464
9400	60.6464
9410	48.7416
9420	58.7416
9430	47.7892
9440	57.7892
9450	50.1702
9460	60.1702
9470	52.075
9480	62.075
9490	50.1702
9500	60.1702
9510	49.2271
9520	59.2271
9530	51.6419
9540	61.6419
9550	53.3361
9560	63.3361
9570	51.5479
9580	61.5479
9590	50.7593
9600	60.7593
9610	53.3037
9620	63.3037
9630	54.5435
9640	64.5435
9650	52.8965
9660	62.8965
9670	52.1906
9680	62.1906
9690	54.7788
9700	64.7788
9710	55.9553
9720	65.9553
9730	54.3083
9740	64.3083
9750	53.6204
9760	63.6204
9770	56.1233
9780	66.1233
9790	57.1582
9800	67.1582
9810	55.7281
9820	65.7281
9830	55.3014
9840	65.3014
9850	57.8431
9860	47.7123
9870	57.7123
9880	46.4231
9890	56.4231
9900	42.6201
9910	52.6201
9920	39.5559
9930	49.5559
9940	41.6787
9950	51.6787
9960	42.9771
9970	52.9771
9980	42.0247
9990	52.0247
10000	41.5108
10010	51.5108
10020	43.3688
10030	53.3688
10040	44.7995
10050	54.7995
10060	43.9658
10070	53.9658
10080	43.2648
10090	53.2648
10100	45.3145
10110	55.3145
10120	46.9672
10130	56.9672
10140	45.9616
10150	55.9616
10160	45.4029
10170	55.4029
10180	47.4922
10190	57.4922
10200	49.0754
10210	59.0754
10220	48.2178
10230	58.2178
10240	47.8607
10250	57.8607
10260	49.7392
10270	59.7392
10280	51.1757
10290	61.1757
10300	50.4179
10310	60.4179
10320	50.1297
10330	60.1297
10340	52.0716
10350	62.0716
10360	53.594
10370	63.594
10380	52.9402
10390	62.9402
10400	52.7234
10410	47.3019
10420	39.578
10430	49.578
10440	41.1217
10450	51.1217
10460	40.5551
10470	50.5551
10480	40.4708
10490	50.4708
10500	42.5578
10510	52.5578
10520	43.8674
10530	53.8674
10540	43.477
10550	53.477
10560	43.5379
10570	53.5379
10580	45.7261
10590	55.7261
10600	46.6072
10610	56.6072
10620	46.412
10630	56.412
10640	46.705
10650	56.705
10660	48.7552
10670	58.7552
10680	49.3646
10690	59.3646
10700	49.1055
10710	59.1055
10720	49.6885
10730	59.6885
10740	51.7339
10750	61.7339
10760	52.0554
10770	62.0554
10780	51.9861
10790	61.9861
10800	52.7607
10810	62.7607
10820	54.7854
10830	64.7853
10840	54.7854
10850	64.7854
10860	54.7854
10870	64.7853
10880	55.609
10890	65.609
10900	57.7671
10910	47.6041
10920	57.6041
10930	44.8909
10940	54.8909
10950	42.4734
10960	52.4734
10970	40.9572
10980	50.9572
10990	43.2601
11000	53.2601
11010	42.8847
11020	52.8847
11030	42.9233
11040	52.9233
11050	43.5305
11060	53.5305
11070	46.0082
11080	56.0082
11090	45.7097
11100	55.7097
11110	45.8092
11120	55.8092
11130	46.3067
11140	56.3067
11150	48.7942
11160	58.7942
11170	48.4957
11180	58.4957
11190	48.568
11200	58.568
11210	49.14
11220	59.14
11230	51.7375
11240	61.7375
11250	51.2806
11260	61.2806
11270	51.2202
11280	61.2202
11290	51.9702
11300	61.9702
11310	54.3577
11320	64.3577
11330	53.9656
11340	63.9656
11350	53.9656
11360	63.9656
11370	54.7628
11380	48.1046
11390	40.3397
11400	50.3397
11410	40.011
11420	50.011
11430	40.0757
11440	50.0757
11450	40.9839
11460	50.9839
11470	43.0828
11480	53.0828
11490	42.8714
11500	52.8714
11510	42.6772
11520	52.6772
11530	43.6481
11540	53.6481
11550	45.768
11560	55.768
11570	45.512
11580	55.512
11590	45.4294
11600	55.4294
11610	46.558
11620	56.558
11630	48.5092
11640	58.5092
11650	47.9606
11660	57.9606
11670	48.0466
11680	58.0466
11690	49.3197
11700	59.3197
11710	51.3785
11720	61.3785
11730	50.483
11740	60.483
11750	50.704
11760	60.704
11770	51.8702
11780	61.8702
11790	54.0418
11800	64.0417
11810	53.2206
11820	63.2206
11830	53.3415
11840	63.3415
11850	54.4646
11860	64.4646
11870	56.7558
11880	66.7558
11890	55.8411
11900	65.8411
11910	55.9186
11920	65.9186
11930	57.5117
11940	46.385
11950	56.385
11960	46.5258
11970	56.5258
11980	42.8774
11990	52.8774
12000	40.519
12010	50.519
12020	41.5573
12030	51.5573
12040	43.9892
12050	53.9892
12060	43.0923
12070	53.0923
12080	43.1008
12090	53.1008
12100	44.1141
12110	54.1141
12120	46.6257
12130	56.6257
12140	45.7885
12150	55.7885
12160	45.7209
12170	55.7209
12180	46.6691
12190	56.6691
12200	49.2835
12210	59.2835
12220	48.3159
12230	58.3159
12240	48.337
12250	58.337
12260	49.2781
12270	59.2781
12280	51.7671
12290	61.7671
12300	50.9452
12310	60.9452
12320	50.8539
12330	60.8539
12340	51.8703
12350	61.8703
12360	54.367
12370	64.367
12380	53.3736
12390	63.3736
12400	53.3385
12410	63.3385
12420	54.4954
12430	48.3712
12440	40.7842
12450	50.7842
12460	39.8818
12470	49.8818
12480	39.7435
12490	49.7435
12500	40.8154
12510	50.8154
12520	43.2624
12530	53.2624
12540	42.5086
12550	52.5086
12560	42.5062
12570	52.5062
12580	43.5171
12590	53.5171
12600	46.1061
12610	56.1061
12620	45.2579
12630	55.2579
12640	45.4633
12650	55.4633
12660	46.3967
12670	56.3967
12680	48.8033
12690	58.8033
12700	48.04
12710	58.04
12720	48.3541
12730	58.3541
12740	49.3921
12750	59.3921
12760	51.4974
12770	61.4974
12780	50.7956
12790	60.7956
12800	51.1465
12810	61.1465
12820	52.1991
12830	62.1991
12840	54.3044
12850	64.3044
12860	53.5968
12870	63.5968
12880	54.0306
12890	64.0306
12900	55.0256
12910	65.0256
12920	58.0329
12930	47.8086
12940	57.8086
12950	44.3171
12960	54.3171
12970	42.5575
12980	52.5575
12990	41.2181
13000	51.2181
13010	43.3169
13020	53.3169
13030	42.3399
13040	52.3399
13050	42.7984
13060	52.7984
13070	43.9143
13080	53.9143
13090	46.0602
13100	56.0602
13110	45.1283
13120	55.1283
13130	45.5899
13140	55.5899
13150	46.5393
13160	56.5393
13170	48.7737
13180	58.7737
13190	47.9874
13200	57.9874
13210	48.3894
13220	58.3894
13230	49.3639
13240	59.3639
13250	51.7941
13260	61.7941
13270	51.2269
13280	61.2269
13290	51.4142
13300	61.4142
13310	52.2546
13320	62.2546
13330	54.7756
13340	64.7756
13350	54.2714
13360	64.2714
13370	54.4394
13380	47.8571
13390	38.6945
13400	48.6945
13410	41.1599
13420	51.1599
13430	40.6954
13440	50.6954
13450	40.9226
13460	50.9226
13470	41.8549
13480	51.8549
13490	44.1622
13500	54.1622
13510	43.8412
13520	53.8412
13530	43.9598
13540	53.9598
13550	45.064
13560	55.064
13570	47.5125
13580	57.5125
13590	47.0415
13600	57.0415
13610	47.2333
13620	57.2333
13630	48.4349
13640	58.4349
13650	50.9545
13660	60.9545
13670	50.2414
13680	60.2414
13690	50.5348
13700	60.5348
13710	51.8386
13720	61.8386
13730	54.051
13740	64.051
13750	53.4438
13760	63.4438
13770	53.8438
13780	63.8438
13790	55.2562
13800	65.2562
13810	57.8749
13820	47.7238
13830	57.7238
13840	44.2855
13850	54.2855
13860	42.3758
13870	52.3758
13880	41.5803
13890	51.5803
13900	43.7764
13910	53.7764
13920	42.6316
13930	52.6316
13940	43.2484
13950	53.2484
13960	44.8529
13970	54.8529
13980	47.111
13990	57.111
14000	45.8207
14010	55.8207
14020	46.4765
14030	56.4765
14040	47.9935
14050	57.9935
14060	50.297
14070	60.297
14080	49.0942
14090	59.0942
14100	49.723
14110	59.723
14120	51.136
14130	61.136
14140	53.5036
14150	63.5036
14160	52.4485
14170	62.4486
14180	53.0273
14190	63.0273
14200	54.283
14210	48.224
14220	40.4734
14230	50.4734
14240	39.5626
14250	49.5626
14260	40.3146
14270	50.3146
14280	41.4278
14290	51.4278
14300	43.5579
14310	53.5579
14320	42.5649
14330	52.5649
14340	43.4707
14350	53.4707
14360	44.7187
14370	54.7187
14380	46.6394
14390	56.6394
14400	45.6169
14410	55.6169
14420	46.4316
14430	56.4316
14440	47.7735
14450	57.7735
14460	49.8685
14470	59.8685
14480	48.6632
14490	58.6632
14500	49.5863
14510	59.5863
14520	50.817
14530	60.817
14540	52.9709
14550	62.9709
14560	51.7401
14570	61.7401
14580	52.6632
14590	62.6632
14600	53.8994
14610	63.8994
14620	56.0754
14630	66.0754
14640	54.7152
14650	64.7152
14660	55.6986
14670	65.6986
14680	57.5096
14690	46.4751
14700	56.4751
14710	46.4751
14720	56.4751
14730	42.3372
14740	52.3372
14750	40.9579
14760	50.9579
14770	42.2605
14780	52.2605
14790	44.4828
14800	54.4828
14810	43.0268
14820	53.0268
14830	44.023
14840	54.023
14850	45.3257
14860	55.3257
14870	47.5479
14880	57.5479
14890	46.092
14900	56.092
14910	47.108
14920	57.108
14930	48.3479
14940	58.3479
14950	50.4624
14960	60.4624
14970	49.1623
14980	59.1624
14990	50.2133
15000	60.2133
15010	51.3995
15020	61.3995
15030	53.4902
15040	63.4902
15050	52.3399
15060	62.3399
15070	53.3405
15080	63.3405
15090	54.4208
15100	48.4338
15110	40.4148
15120	50.4148
15130	39.2215
15140	49.2215
15150	40.3253
15160	50.3253
15170	41.4945
15180	51.4945
15190	43.5938
15200	53.5938
15210	42.2115
15220	52.2115
15230	43.1047
15240	53.1047
15250	44.4085
15260	54.4085
15270	46.6192
15280	56.6192
15290	45.2858
15300	55.2858
15310	46.0266
15320	56.0266
15330	47.3599
15340	57.3599
15350	49.5821
15360	59.5821
15370	48.2488
15380	58.2488
15390	49.0054
15400	59.0054
15410	50.3102
15420	60.3102
15430	52.4762
15440	62.4762
15450	51.1062
15460	61.1062
15470	52.0091
15480	62.0091
15490	53.1656
15500	63.1656
15510	55.3854
15520	65.3854
15530	54.105
15540	64.105
15550	54.9847
15560	64.9847
15570	56.1882
15580	66.1882
15590	58.1588
15600	48.0144
15610	58.0144
15620	43.9711
15630	53.9711
15640	42.4969
15650	52.4969
15660	41.404
15670	51.404
15680	43.5389
15690	53.5389
15700	42.2353
15710	52.2353
15720	42.9547
15730	52.9547
15740	44.2497
15750	54.2497
15760	46.4167
15770	56.4167
15780	45.0402
15790	55.0402
15800	45.8037
15810	55.8037
15820	47.1582
15830	57.1582
15840	49.3804
15850	59.3804
15860	47.875
15870	57.875
15880	48.673
15890	58.673
15900	49.9501
15910	59.9501
15920	52.2128
15930	62.2128
15940	50.7756
15950	60.7756
15960	51.6327
15970	61.6327
15980	52.7756
15990	62.7756
16000	55.0699
16010	65.0699
16020	53.6709
16030	63.6709
16040	54.5715
16050	48.0895
16060	39.0486
16070	49.0486
16080	41.4216
16090	51.4216
16100	40.1175
16110	50.1175
16120	40.8511
16130	50.8511
16140	41.844
16150	51.844
16160	44.2435
16170	54.2435
16180	43.0156
16190	53.0156
16200	43.6409
16210	53.6409
16220	44.7443
16230	54.7443
16240	46.9978
16250	56.9978
16260	45.871
16270	55.871
16280	46.4395
16290	56.4395
16300	47.5878
16310	57.5878
16320	49.7157
16330	59.7157
16340	48.6501
16350	58.6501
16360	49.2817
16370	59.2817
16380	50.4747
16390	60.4747
16400	52.5145
16410	62.5145
16420	51.4858
16430	61.4858
16440	52.1563
16450	62.1563
16460	53.1827
16470	63.1827
16480	55.2307
16490	65.2307
16500	54.3354
16510	64.3354
16520	54.9004
16530	64.9005
16540	56.0328
16550	66.0328
16560	58.1361
16570	47.8673
16580	57.8673
16590	44.4983
16600	54.4983
16610	42.3875
16620	52.3875
16630	41.2111
16640	51.2111
16650	43.218
16660	53.218
16670	42.4567
16680	52.4567
16690	42.8028
16700	52.8028
16710	43.9792
16720	53.9792
16730	45.9862
16740	55.9862
16750	45.2249
16760	55.2249
16770	45.5802
16780	55.5803
16790	46.7819
16800	56.7819
16810	48.6525
16820	58.6525
16830	47.9548
16840	57.9548
16850	48.3686
16860	58.3686
16870	49.61
16880	59.61
16890	51.3739
16900	61.3739
16910	50.7118
16920	60.7117
16930	51.1685
16940	61.1685
16950	52.4846
16960	62.4846
16970	54.1141
16980	64.1141
16990	53.4112
17000	63.4112
17010	53.7865
17020	63.7865
17030	55.1637
17040	48.6404
17050	40.4214
17060	50.4214
17070	39.5274
17080	49.5274
17090	40.0628
17100	50.0628
17110	41.2488
17120	51.2488
17130	43.186
17140	53.186
17150	42.1988
17160	52.1988
17170	42.8423
17180	52.8423
17190	44.0287
17200	54.0287
17210	45.8132
17220	55.8132
17230	44.8006
17240	54.8006
17250	45.5677
17260	55.5677
17270	46.589
17280	56.589
17290	48.5247
17300	58.5247
17310	47.5732
17320	57.5732
17330	48.2354
17340	58.2354
17350	49.1626
17360	59.1626
17370	51.1493
17380	61.1493
17390	50.2222
17400	60.2222
17410	50.8844
17420	60.8844
17430	51.8116
17440	61.8116
17450	53.7983
17460	63.7983
17470	52.8712
17480	62.8712
17490	53.5334
17500	63.5334
17510	54.4606
17520	64.4606
17530	56.4473
17540	66.4473
17550	55.5202
17560	65.5202
17570	56.1824
17580	66.1824
17590	57.8808
17600	46.4254
17610	56.4254
17620	46.1043
17630	56.1043
17640	42.5975
17650	52.5975
17660	40.892
17670	50.892
17680	41.8545
17690	51.8545
17700	43.6599
17710	53.6599
17720	42.8455
17730	52.8455
17740	43.6279
17750	53.6279
17760	44.4173
17770	54.4173
17780	46.2594
17790	56.2594
17800	45.4887
17810	55.4887
17820	46.3268
17830	56.3268
17840	47.0296
17850	57.0296
17860	48.7174
17870	58.7174
17880	48.0899
17890	58.0899
17900	49.0446
17910	59.0445
17920	49.7712
17930	59.7712
17940	51.2157
17950	61.2157
17960	50.5493
17970	60.5493
17980	51.6524
17990	61.6524
18000	52.4419
18010	62.4419
18020	53.7136
18030	63.7136
18040	53.1289
18050	63.1289
18060	54.2747
18070	64.2747
18080	55.0215
18090	48.7247
18100	40
18110	50
18120	39.4872
18130	49.4872
18140	40.5128
18150	50.5128
18160	41.282
18170	51.2821
18180	42.5641
18190	52.5641
18200	42.0611
18210	52.0611
18220	43.0432
18230	53.0432
18240	43.8829
18250	53.8829
18260	45.0576
18270	55.0576
18280	44.6964
18290	54.6964
18300	45.623
18310	55.623
18320	46.3553
18330	56.3553
18340	47.5616
18350	57.5616
18360	47.2442
18370	57.2442
18380	48.2056
18390	58.2056
18400	48.8615
18410	58.8615
18420	50.1361
18430	60.1361
18440	49.7021
18450	59.7021
18460	50.794
18470	60.794
18480	51.397
18490	61.397
18500	52.7791
18510	62.7791
18520	52.1108
18530	62.1108
18540	53.1669
18550	63.1669
18560	53.8957
18570	63.8957
18580	55.3957
18590	65.3957
18600	54.6457
18610	64.6457
18620	55.6546
18630	65.6546
18640	56.3627
18650	66.3627
18660	58.3509
18670	47.6188
18680	57.6188
18690	44.1792
18700	54.1792
18710	42.9821
18720	52.9821
18730	41.0997
18740	51.0997
18750	42.5781
18760	52.5781
18770	41.8867
18780	51.8867
18790	43.1946
18800	53.1946
18810	43.5681
18820	53.5681
18830	44.8894
18840	54.8894
18850	44.3958
18860	54.3958
18870	45.6806
18880	55.6806
18890	45.9845
18900	55.9845
18910	47.2611
18920	57.2611
18930	46.8441
18940	56.8441
18950	48.1427
18960	58.1427
18970	48.4847
18980	58.4847
18990	49.6043
19000	59.6043
19010	49.2645
19020	59.2645
19030	50.4797
19040	60.4797
19050	50.896
19060	60.896
19070	52.0441
19080	62.0441
19090	51.742
19100	61.742
19110	52.8647
19120	62.8647
19130	53.3105
19140	63.3105
19150	54.4947
19160	64.4947
19170	54.2469
19180	64.2469
19190	55.2107
19200	65.2107
19210	55.6927
19220	48.6749
19230	39.8952
19240	49.8952
19250	39.6084
19260	49.6084
19270	40.4922
19280	50.4922
19290	41.0778
19300	51.0778
19310	42.3952
19320	52.3952
19330	42.0359
19340	52.0359
19350	42.8743
19360	52.8743
19370	43.4731
19380	53.4731
19390	44.7904
19400	54.7904
19410	44.4311
19420	54.4311
19430	45.2695
19440	55.2695
19450	45.8683
19460	55.8683
19470	47.1719
19480	57.1719
19490	46.8324
19500	56.8324
19510	47.7036
19520	57.7036
19530	48.3502
19540	58.3502
19550	49.4845
19560	59.4845
19570	49.186
19580	59.186
19590	50.0858
19600	60.0858
19610	50.7612
19620	60.7612
19630	51.7909
19640	61.7909
19650	51.5512
19660	61.5512
19670	52.5402
19680	62.5402
19690	53.184
19700	63.184
19710	54.0384
19720	64.0384
19730	53.9393
19740	63.9393
19750	55.0365
19760	65.0365
19770	55.4675
19780	65.4675
19790	56.3707
19800	66.3707
19810	56.3456
19820	66.3456
19830	58.1867
19840	47.0116
19850	57.0116
19860	44.8023
19870	54.8023
19880	43.4003
19890	53.4003
19900	40.7493
19910	50.7493
19920	41.933
19930	51.933
19940	42.1508
19950	52.1508
19960	43.2462
19970	53.2462
19980	43.1879
19990	53.1879
20000	44.2958
20010	54.2958
20020	44.4707
20030	54.4707
20040	45.5786
20050	55.5786
20060	45.5203
20070	55.5203
20080	46.6282
20090	56.6282
20100	46.8031
20110	56.8031
20120	47.911
20130	57.911
20140	47.8368
20150	57.8368
20160	48.8972
20170	58.8972
20180	49.1454
20190	59.1454
20200	50.3337
20210	60.3337
20220	50.1155
20230	60.1155
20240	51.1708
20250	61.1708
20260	51.5615
20270	61.5615
20280	52.6566
20290	62.6566
20300	52.3684
20310	62.3684
20320	53.4469
20330	63.4469
20340	53.8051
20350	63.8051
20360	54.9692
20370	64.9692
20380	54.7922
20390	64.7922
20400	55.7874
20410	65.7874
20420	56.1099
20430	48.7234
20440	39.7864
20450	49.7864
20460	39.6283
20470	49.6283
20480	40.7336
20490	50.7336
20500	41.0102
20510	51.0102
20520	42.0779
20530	52.0779
20540	41.7585
20550	51.7585
20560	43.0014
20570	53.0014
20580	43.3404
20590	53.3404
20600	44.3573
20610	54.3573
20620	44.0184
20630	54.0184
20640	45.2613
20650	55.2613
20660	45.6044
20670	55.6044
20680	46.5655
20690	56.5655
20700	46.2595
20710	56.2595
20720	47.5331
20730	57.5331
20740	47.9454
20750	57.9454
20760	48.8214
20770	58.8214
20780	48.5867
20790	58.5867
20800	49.7103
20810	59.7103
20820	50.1597
20830	60.1597
20840	51.0626
20850	61.0626
20860	50.8563
20870	60.8563
20880	52.0103
20890	62.0103
20900	52.3116
20910	62.3116
20920	53.2984
20930	63.2984
20940	53.195
20950	63.195
20960	54.2781
20970	64.2781
20980	54.3909
20990	64.3909
21000	55.4796
21010	65.4796
21020	55.474
21030	65.474
21040	56.6021
21050	66.6021
21060	56.5066
21070	66.5066
21080	58.264
21090	47.0637
21100	57.0637
21110	44.626
21120	54.626
21130	43.4349
21140	53.4349
21150	40.7556
21160	50.7556
21170	41.9392
21180	51.9392
21190	42.0297
21200	52.0297
21210	43.0201
21220	53.0201
21230	42.9311
21240	52.9311
21250	44.1795
21260	54.1795
21270	44.3386
21280	54.3386
21290	45.1651
21300	55.1651
21310	45.11
21320	55.11
21330	46.3983
21340	56.3983
21350	46.5419
21360	56.5419
21370	47.3292
21380	57.3292
21390	47.42
21400	57.42
21410	48.8408
21420	58.8408
21430	48.9501
21440	58.9501
21450	49.6996
21460	59.6996
21470	49.7665
21480	59.7665
21490	51.2516
21500	61.2516
21510	51.4642
21520	61.4642
21530	52.1367
21540	62.1367
21550	52.1713
21560	62.1713
21570	53.5589
21580	63.5589
21590	53.7875
21600	63.7875
21610	54.5585
21620	64.5585
21630	54.5167
21640	48.3288
21650	39.7844
21660	49.7844
21670	39.9461
21680	49.9461
21690	40.7547
21700	50.7547
21710	40.7008
21720	50.7008
21730	42.1563
21740	52.1563
21750	42.3181
21760	52.3181
21770	43.1267
21780	53.1267
21790	43.0728
21800	53.0728
21810	44.5283
21820	54.5283
21830	44.69
21840	54.69
21850	45.4987
21860	55.4987
21870	45.4447
21880	55.4447
21890	46.9003
21900	56.9003
21910	47.062
21920	57.062
21930	47.8706
21940	57.8706
21950	47.8167
21960	57.8167
21970	49.2722
21980	59.2722
21990	49.434
22000	59.434
22010	50.2426
22020	60.2426
22030	50.1887
22040	60.1887
22050	51.6442
22060	61.6442
22070	51.8059
22080	61.8059
22090	52.6146
22100	62.6146
22110	52.5567
22120	62.5567
22130	53.991
22140	63.991
22150	54.2443
22160	64.2443
22170	55.0034
22180	65.0034
22190	54.8965
22200	64.8965
22210	56.2868
22220	66.2868
22230	56.6116
22240	66.6116
22250	58.5621
22260	46.9275
22270	56.9275
22280	44.3447
22290	54.3447
22300	43.2533
22310	53.2533
22320	41.1733
22330	51.1733
22340	41.9733
22350	51.9733
22360	41.9054
22370	51.9054
22380	43.1707
22390	53.1707
22400	43.4751
22410	53.4751
22420	44.3655
22430	54.3655
22440	44.2064
22450	54.2064
22460	45.5326
22470	55.5326
22480	45.7979
22490	55.7979
22500	46.6998
22510	56.6998
22520	46.5406
22530	56.5406
22540	47.8737
22550	57.8737
22560	48.1591
22570	58.1591
22580	48.9583
22590	58.9583
22600	48.8682
22610	58.8682
22620	50.2194
22630	60.2194
22640	50.5018
22650	60.5018
22660	51.1907
22670	61.1907
22680	51.2432
22690	61.2432
22700	52.5556
22710	62.5556
22720	52.8035
22730	62.8035
22740	53.444
22750	63.444
22760	53.563
22770	63.563
22780	54.9619
22790	64.9619
22800	55.1186
22810	65.1186
22820	55.693
22830	65.693
22840	55.8638
22850	48.4507
22860	39.8981
22870	49.8981
22880	39.9802
22890	49.9802
22900	40.4254
22910	50.4254
22920	40.7438
22930	50.7438
22940	42.3244
22950	52.3244
22960	42.3228
22970	52.3228
22980	42.6535
22990	52.6535
23000	42.9744
23010	52.9744
23020	44.5282
23030	54.5282
23040	44.66
23050	54.66
23060	45.013
23070	55.013
23080	45.3211
23090	55.321
23100	46.9337
23110	56.9337
23120	47.1175
23130	57.1175
23140	47.5418
23150	57.5418
23160	47.7749
23170	57.7749
23180	49.4413
23190	59.4413
23200	49.4757
23210	59.4757
23220	50.0188
23230	60.0188
23240	50.3967
23250	60.3967
23260	52.0129
23270	62.0129
23280	52.0129
23290	62.0129
23300	52.6226
23310	62.6226
23320	53.0427
23330	63.0427
23340	54.6855
23350	64.6855
23360	54.7308
23370	64.7308
23380	55.4015
23390	65.4015
23400	55.7675
23410	65.7676
23420	57.7975
23430	47.1807
23440	57.1807
23450	44.8162
23460	54.8162
23470	43.1415
23480	53.1415
23490	41.0068
23500	51.0068
23510	42.5786
23520	52.5786
23530	42.7606
23540	52.7606
23550	43.5618
23560	53.5618
23570	43.7036
23580	53.7036
23590	45.3328
23600	55.3328
23610	45.5628
23620	55.5628
23630	46.4475
23640	56.4475
23650	46.434
23660	56.434
23670	48.1607
23680	58.1607
23690	48.3096
23700	58.3096
23710	49.2525
23720	59.2525
23730	49.2233
23740	59.2233
23750	50.9362
23760	60.9362
23770	51.053
23780	61.053
23790	51.9524
23800	61.9524
23810	52.0699
23820	62.0699
23830	53.7735
23840	63.7735
23850	53.7477
23860	63.7477
23870	54.6995
23880	64.6995
23890	54.8779
23900	48.0688
23910	39.8284
23920	49.8284
23930	39.8284
23940	49.8284
23950	40.8088
23960	50.8088
23970	41.0085
23980	51.0085
23990	42.7877
24000	52.7877
24010	42.8158
24020	52.8158
24030	43.6767
24040	53.6767
24050	43.8735
24060	53.8735
24070	45.7083
24080	55.7083
24090	45.7973
24100	55.7973
24110	46.6754
24120	56.6754
24130	46.7729
24140	56.7729
24150	48.6153
24160	58.6153
24170	48.7286
24180	58.7286
24190	49.6334
24200	59.6334
24210	49.7636
24220	59.7636
24230	51.4956
24240	61.4956
24250	51.5855
24260	61.5855
24270	52.5752
24280	62.5752
24290	52.6393
24300	62.6393
24310	54.4563
24320	64.4563
24330	54.5481
24340	64.5481
24350	55.4327
24360	65.4327
24370	55.5568
24380	65.5569
24390	57.6848
24400	47.1084
24410	57.1084
24420	44.7711
24430	54.7711
24440	43.3012
24450	53.3012
24460	40.944
24470	50.944
24480	42.6478
24490	52.6478
24500	42.8228
24510	52.8228
24520	43.7854
24530	53.7854
24540	43.804
24550	53.804
24560	45.5627
24570	55.5627
24580	45.6072
24590	55.6072
24600	46.632
24610	56.632
24620	46.7104
24630	56.7104
24640	48.5296
24650	58.5296
24660	48.3785
24670	58.3785
24680	49.46
24690	59.46
24700	49.6043
24710	59.6043
24720	51.4826
24730	61.4826
24740	51.1533
24750	61.1533
24760	52.2834
24770	62.2834
24780	52.4551
24790	62.4551
24800	54.3211
24810	64.3211
24820	54.0684
24830	64.0684
24840	55.1559
24850	65.1559
24860	55.2977
24870	48.1087
24880	39.9527
24890	49.9527
24900	39.7163
24910	49.7163
24920	40.793
24930	50.793
24940	40.95
24950	50.95
24960	42.8186
24970	52.8186
24980	42.6216
24990	52.6216
25000	43.565
25010	53.565
25020	43.7537
25030	53.7537
25040	45.6405
25050	55.6405
25060	45.4518
25070	55.4518
25080	46.3952
25090	56.3952
25100	46.5839
25110	56.5839
25120	48.4707
25130	58.4707
25140	48.282
25150	58.282
25160	49.2321
25170	59.2321
25180	49.451
25190	59.451
25200	51.2787
25210	61.2787
25220	51.0169
25230	61.0169
25240	52.0642
25250	62.0642
25260	52.3724
25270	62.3724
25280	54.0371
25290	64.0371
25300	53.8029
25310	63.8029
25320	54.8802
25330	64.8802
25340	55.2115
25350	65.2115
25360	57.9213
25370	47.2007
25380	57.2007
25390	44.4704
25400	54.4704
25410	43.2108
25420	53.2108
25430	41.1667
25440	51.1667
25450	42.7169
25460	52.7169
25470	42.4482
25480	52.4482
25490	43.4715
25500	53.4715
25510	43.9366
25520	53.9366
25530	45.5239
25540	55.5239
25550	45.1911
25560	55.1911
25570	46.2424
25580	56.2424
25590	46.7347
25600	56.7347
25610	48.3202
25620	58.3202
25630	47.9627
25640	57.9627
25650	49.1254
25660	59.1254
25670	49.5222
25680	59.5222
25690	51.0105
25700	61.0105
25710	50.6361
25720	60.6361
25730	51.9536
25740	61.9536
25750	52.3778
25760	62.3778
25770	53.7587
25780	63.7587
25790	53.302
25800	63.302
25810	54.6719
25820	64.6719
25830	55.1285
25840	48.516
25850	39.8858
25860	49.8858
25870	39.4292
25880	49.4292
25890	40.7991
25900	50.7991
25910	41.2557
25920	51.2557
25930	42.6256
25940	52.6256
25950	42.1623
25960	52.1623
25970	43.5597
25980	53.5597
25990	43.9628
26000	53.9628
26010	45.4025
26020	55.4026
26030	44.8571
26040	54.8571
26050	46.3116
26060	56.3116
26070	46.665
26080	56.665
26090	48.1332
26100	58.1332
26110	47.6146
26120	57.6146
26130	49.1101
26140	59.1101
26150	49.3071
26160	59.3072
26170	50.8518
26180	60.8518
26190	50.2838
26200	60.2838
26210	51.8774
26220	61.8774
26230	51.9349
26240	61.9349
26250	53.5555
26260	63.5555
26270	53.0449
26280	63.0449
26290	54.6107
26300	64.6107
26310	54.5368
26320	64.5368
26330	56.2408
26340	66.2408
26350	55.7924
26360	65.7924
26370	57.8031
26380	46.9909
26390	56.9909
26400	44.4102
26410	54.4102
26420	43.8559
26430	53.8559
26440	40.9011
26450	50.9011
26460	42.3042
26470	52.3042
26480	42.1742
26490	52.1742
26500	43.9553
26510	53.9553
26520	43.5982
26530	53.5982
26540	45.0267
26550	55.0267
26560	44.8422
26570	54.8422
26580	46.6062
26590	56.6062
26600	46.3353
26610	56.3354
26620	47.7218
26630	57.7218
26640	47.5174
26650	57.5174
26660	49.1598
26670	59.1598
26680	48.9658
26690	58.9658
26700	50.4134
26710	60.4135
26720	50.1808
26730	60.1808
26740	51.8457
26750	61.8457
26760	51.5814
26770	61.5814
26780	53.0792
26790	63.0792
26800	52.8271
26810	62.8271
26820	54.5322
26830	64.5322
26840	54.2127
26850	48.1233
26860	39.7042
26870	49.7042
26880	39.4952
26890	49.4952
26900	41.182
26910	51.182
26920	40.9386
26930	50.9386
26940	42.6438
26950	52.6438
26960	42.3143
26970	52.3143
26980	43.8362
26990	53.8362
27000	43.6874
27010	53.6874
27020	45.4651
27030	55.4651
27040	45.1899
27050	55.1899
27060	46.5684
27070	56.5684
27080	46.3707
27090	56.3707
27100	48.2408
27110	58.2408
27120	48.0499
27130	58.0499
27140	49.286
27150	59.286
27160	49.1417
27170	59.1417
27180	50.9842
27190	60.9842
27200	50.7353
27210	60.7353
27220	52.0488
27230	62.0488
27240	51.9141
27250	61.9141
27260	53.7837
27270	63.7837
27280	53.4559
27290	63.4559
27300	54.7482
27310	64.7482
27320	54.6127
27330	64.6127
27340	56.5317
27350	66.5317
27360	56.2332
27370	66.2332
27380	57.9748
27390	46.8741
27400	56.8741
27410	44.2494
27420	54.2494
27430	43.8161
27440	53.8161
27450	41.0213
27460	51.0213
27470	42.2979
27480	52.2979
27490	42.2128
27500	52.2128
27510	44
27520	54
27530	43.7447
27540	53.7447
27550	45.0213
27560	55.0213
27570	44.9187
27580	54.9187
27590	46.7209
27600	56.7209
27610	46.493
27620	56.493
27630	47.8103
27640	57.8103
27650	47.5489
27660	57.5489
27670	49.3994
27680	59.3994
27690	49.2251
27700	59.2251
27710	50.581
27720	60.581
27730	50.242
27740	60.242
27750	52.1064
27760	62.1064
27770	51.9369
27780	61.9369
27790	53.2929
27800	63.2929
27810	52.9539
27820	62.9539
27830	54.8183
27840	64.8183
27850	54.6488
27860	48.3475
27870	39.7089
27880	49.7089
27890	39.3866
27900	49.3866
27910	41.2754
27920	51.2754
27930	40.9969
27940	50.9969
27950	42.405
27960	52.405
27970	42.0366
27980	52.0366
27990	43.961
28000	53.961
28010	43.7217
28020	53.7217
28030	45.1788
28040	55.1788
28050	44.7987
28060	54.7987
28070	46.5795
28080	56.5795
28090	46.4177
28100	56.4177
28110	47.8104
28120	57.8104
28130	47.5445
28140	57.5445
28150	49.3074
28160	59.3074
28170	49.1226
28180	59.1226
28190	50.4009
28200	60.4009
28210	50.169
28220	60.169
28230	51.9238
28240	61.9238
28250	51.8543
28260	61.8543
28270	53.0262
28280	63.0262
28290	52.815
28300	62.815
28310	54.6078
28320	64.6078
28330	54.4951
28340	64.4951
28350	55.6453
28360	65.6453
28370	55.48
28380	65.48
28390	57.7686
28400	47.314
28410	57.314
28420	44.6281
28430	54.6281
28440	43.4297
28450	53.4297
28460	40.7438
28470	50.7438
28480	42.5671
28490	52.5671
28500	42.418
28510	52.418
28520	43.5998
28530	53.5998
28540	43.325
28550	53.325
28560	45.1806
28570	55.1806
28580	45.0569
28590	55.0569
28600	46.2581
28610	56.2581
28620	45.9219
28630	55.9219
28640	47.8013
28650	57.8013
28660	47.72
28670	57.72
28680	48.9695
28690	58.9695
28700	48.48
28710	58.48
28720	50.3937
28730	60.3937
28740	50.3844
28750	60.3844
28760	51.602
28770	61.602
28780	51.1259
28790	61.1259
28800	52.9808
28810	62.9808
28820	53.0477
28830	63.0477
28840	54.2731
28850	64.2731
28860	53.7179
28870	47.9426
28880	39.847
28890	49.847
28900	39.8028
28910	49.8028
28920	41.1007
28930	51.1007
28940	40.6305
28950	50.6305
28960	42.4561
28970	52.4561
28980	42.3344
28990	52.3344
29000	43.6759
29010	53.6759
29020	43.1905
29030	53.1905
29040	45.0372
29050	55.0372
29060	44.9401
29070	54.9401
29080	46.3288
29090	56.3288
29100	45.7859
29110	55.7859
29120	47.6812
29130	57.6812
29140	47.4924
29150	57.4924
29160	48.8354
29170	58.8354
29180	48.3473
29190	58.3473
29200	50.2946
29210	60.2946
29220	50.0641
29230	60.0641
29240	51.3855
29250	61.3855
29260	50.9428
29270	60.9428
29280	52.9147
29290	62.9147
29300	52.6271
29310	62.6271
29320	53.9793
29330	63.9793
29340	53.4916
29350	63.4916
29360	55.5192
29370	65.5192
29380	55.198
29390	65.198
29400	56.5731
29410	66.5731
29420	56.0248
29430	66.0248
29440	57.6541
29450	47.3397
29460	57.3397
29470	44.5989
29480	54.5989
29490	43.6515
29500	53.6515
29510	40.5558
29520	50.5558
29530	42.3924
29540	52.3924
29550	42.2998
29560	52.2998
29570	43.6437
29580	53.6437
29590	43.0904
29600	53.0904
29610	44.8918
29620	54.8918
29630	44.8281
29640	54.8281
29650	46.1954
29660	56.1954
29670	45.673
29680	55.673
29690	47.3502
29700	57.3502
29710	47.2859
29720	57.2859
29730	48.7688
29740	58.7688
29750	48.2354
29760	58.2354
29770	49.9053
29780	59.9053
29790	49.7282
29800	59.7282
29810	51.2081
29820	61.2081
29830	50.7248
29840	60.7248
29850	52.4395
29860	62.4395
29870	52.2833
29880	62.2833
29890	53.6895
29900	63.6895
29910	53.2263
29920	63.2263
29930	54.9588
29940	64.9588
29950	54.7282
29960	48.3862
29970	39.8296
29980	49.8296
29990	39.4161
30000	49.4161
30010	41.0939
30020	51.0939
30030	40.859
30040	50.859
30050	42.3493
30060	52.3493
30070	41.8936
30080	51.8936
30090	43.5626
30100	53.5626
30110	43.3435
30120	53.3435
30130	44.8992
30140	54.8992
30150	44.3321
30160	54.3321
30170	46.0729
30180	56.0729
30190	45.8021
30200	55.8021
30210	47.3793
30220	57.3793
30230	46.8119
30240	56.8119
30250	48.573
30260	58.573
30270	48.3345
30280	58.3345
30290	49.8017
30300	59.8017
30310	49.2611
30320	59.2611
30330	51.0372
30340	61.0372
30350	50.8055
30360	60.8055
30370	52.2727
30380	62.2727
30390	51.7351
30400	61.7352
30410	53.5226
30420	63.5226
30430	53.2247
30440	63.2248
30450	54.7241
30460	64.7241
30470	54.1859
30480	64.1859
30490	56.0172
30500	66.0172
30510	55.7027
30520	65.7027
30530	58.0769
30540	47.3077
30550	57.3077
30560	44.1154
30570	54.1154
30580	43.7019
30590	53.7019
30600	40.8265
30610	50.8265
30620	42.41
30630	52.41
30640	41.7342
30650	51.7342
30660	43.604
30670	53.604
30680	43.2457
30690	53.2457
30700	44.8861
30710	54.8861
30720	44.236
30730	54.236
30740	46.0333
30750	56.0333
30760	45.6892
30770	55.6892
30780	47.3335
30790	57.3335
30800	46.6834
30810	56.6834
30820	48.4855
30830	58.4855
30840	48.0973
30850	58.0973
30860	49.7639
30870	59.7639
30880	49.1488
30890	59.1488
30900	50.9809
30910	60.9809
30920	50.5229
30930	60.5229
30940	52.2118
30950	62.2118
30960	51.6315
30970	61.6315
30980	53.4107
30990	63.4107
31000	52.8921
31010	62.8921
31020	54.5957
31030	64.5957
31040	54.0882
31050	48.2013
31060	39.9858
31070	49.9858
31080	39.5075
31090	49.5075
31100	41.1642
31110	51.1642
31120	40.5834
31130	50.5834
31140	42.4214
31150	52.4214
31160	41.8769
31170	51.8769
31180	43.5894
31190	53.5894
31200	43.0446
31210	53.0446
31220	44.8061
31230	54.8061
31240	44.3028
31250	54.3028
31260	45.9917
31270	55.9917
31280	45.3946
31290	55.3947
31300	47.2103
31310	57.2103
31320	46.7812
31330	56.7812
31340	48.4637
31350	58.4637
31360	47.7508
31370	57.7508
31380	49.5894
31390	59.5894
31400	49.1767
31410	59.1767
31420	50.8652
31430	60.8652
31440	50.1523
31450	60.1523
31460	51.9935
31470	61.9935
31480	51.5445
31490	61.5445
31500	53.2527
31510	63.2527
31520	52.5718
31530	62.5718
31540	54.4444
31550	64.4444
31560	53.9201
31570	63.9201
31580	55.6455
31590	65.6455
31600	54.9839
31610	64.9839
31620	57.8454
31630	47.4759
31640	57.4759
31650	44.2804
31660	54.2804
31670	43.757
31680	53.757
31690	40.5421
31700	50.5421
31710	42.4374
31720	52.4374
31730	41.7739
31740	51.7739
31750	43.5742
31760	53.5742
31770	43.0122
31780	53.0122
31790	44.8502
31800	54.8502
31810	44.1671
31820	54.1671
31830	45.8994
31840	55.8994
31850	45.4084
31860	55.4084
31870	47.2155
31880	57.2155
31890	46.4829
31900	56.4829
31910	48.2606
31920	58.2606
31930	47.8162
31940	57.8162
31950	49.5986
31960	59.5986
31970	48.8727
31980	58.8727
31990	50.672
32000	60.672
32010	50.135
32020	60.135
32030	51.9023
32040	61.9023
32050	51.2243
32060	61.2243
32070	53.0655
32080	63.0655
32090	52.5489
32100	62.5489
32110	54.2463
32120	64.2463
32130	53.5821
32140	63.5821
32150	55.4271
32160	65.4271
32170	54.9105
32180	48.3026
32190	40
32200	50
32210	39.3358
32220	49.3358
32230	41.1808
32240	51.1808
32250	40.656
32260	50.656
32270	42.3644
32280	52.3644
32290	41.722
32300	51.722
32310	43.5971
32320	53.5971
32330	42.9355
32340	52.9355
32350	44.6859
32360	54.6859
32370	44.0939
32380	54.0939
32390	46.0165
32400	56.0165
32410	45.2186
32420	55.2186
32430	47.0025
32440	57.0025
32450	46.4642
32460	56.4642
32470	48.4282
32480	58.4282
32490	47.6075
32500	57.6076
32510	49.3034
32520	59.3034
32530	48.8122
32540	58.8122
32550	50.8138
32560	60.8138
32570	49.8895
32580	59.8895
32590	51.5817
32600	61.5817
32610	51.1985
32620	61.1985
32630	53.1622
32640	63.1621
32650	52.2167
32660	62.2167
32670	53.8944
32680	63.8944
32690	53.5076
32700	63.5076
32710	55.4255
32720	65.4255
32730	54.5427
32740	64.5427
32750	56.2818
32760	66.2818
32770	55.847
32780	65.847
32790	58.0076
32800	47.6337
32810	57.6337
32820	44.1724
32830	54.1724
32840	43.5508
32850	53.5508
32860	40.5967
32870	50.5967
32880	42.5136
32890	52.5136
32900	41.6817
32910	51.6817
32920	43.2985
32930	53.2985
32940	42.9292
32950	52.9292
32960	44.7956
32970	54.7956
32980	44.0158
32990	54.0158
33000	45.5782
33010	55.5782
33020	45.2772
33030	55.2772
33040	47.144
33050	57.144
33060	46.2807
33070	56.2807
33080	47.8634
33090	57.8634
33100	47.5756
33110	57.5756
33120	49.4462
33130	59.4462
33140	48.5828
33150	58.5828
33160	50.1701
33170	60.1701
33180	49.8965
33190	59.8965
33200	51.6962
33210	61.6962
33220	50.8712
33230	60.8712
33240	52.4442
33250	62.4442
33260	52.216
33270	62.216
33280	54.0089
33290	64.0089
33300	53.2348
33310	63.2348
33320	54.7613
33330	64.7613
33340	54.4513
33350	48.3363
33360	40.161
33370	50.161
33380	39.4097
33390	49.4097
33400	40.9481
33410	50.9481
33420	40.6261
33430	50.6261
33440	42.445
33450	52.445
33460	41.6713
33470	51.6713
33480	43.2476
33490	53.2476
33500	42.9854
33510	52.9854
33520	44.7323
33530	54.7323
33540	43.9123
33550	53.9123
33560	45.5215
33570	55.5215
33580	45.2953
33590	55.2953
33600	47.0795
33610	57.0795
33620	46.1982
33630	56.1982
33640	47.8429
33650	57.8429
33660	47.7064
33670	57.7064
33680	49.5712
33690	59.5712
33700	48.6155
33710	58.6155
33720	50.2084
33730	60.2084
33740	50.1022
33750	60.1022
33760	51.9783
33770	61.9783
33780	51.0226
33790	61.0226
33800	52.6073
33810	62.6073
33820	52.5127
33830	62.5127
33840	54.4072
33850	64.4072
33860	53.482
33870	63.482
33880	54.9661
33890	64.9661
33900	54.8954
33910	64.8954
33920	56.8035
33930	66.8035
33940	55.8848
33950	65.8848
33960	57.8445
33970	47.0141
33980	57.0141
33990	44.4346
34000	54.4346
34010	44.0813
34020	54.0813
34030	40.5477
34040	50.5477
34050	42.0363
34060	52.0363
34070	41.9247
34080	51.9247
34090	43.8531
34100	53.8531
34110	42.9823
34120	52.9823
34130	44.4823
34140	54.4823
34150	44.2842
34160	54.2842
34170	46.184
34180	56.184
34190	45.4121
34200	55.4121
34210	46.8858
34220	56.8858
34230	46.6657
34240	56.6657
34250	48.5308
34260	58.5308
34270	47.8052
34280	57.8052
34290	49.3363
34300	59.3363
34310	49.0566
34320	59.0566
34330	50.8748
34340	60.8748
34350	50.1755
34360	60.1755
34370	51.714
34380	61.714
34390	51.4343
34400	61.4343
34410	53.2568
34420	63.2568
34430	52.5715
34440	62.5715
34450	54.0415
34460	64.0415
34470	53.798
34480	63.798
34490	55.6062
34500	65.6062
34510	54.966
34520	48.279
34530	39.7432
34540	49.7432
34550	39.5477
34560	49.5477
34570	41.3101
34580	51.3101
34590	40.5863
34600	50.5863
34610	42.1028
34620	52.1028
34630	41.8894
34640	51.8894
34650	43.7154
34660	53.7154
34670	42.9182
34680	52.9182
34690	44.478
34700	54.478
34710	44.2353
34720	54.2353
34730	46.0724
34740	56.0724
34750	45.2752
34760	55.2752
34770	46.8374
34780	56.8374
34790	46.6061
34800	56.6061
34810	48.4613
34820	58.4613
34830	47.5823
34840	57.5823
34850	49.1843
34860	59.1843
34870	48.9173
34880	58.9173
34890	50.814
34900	60.814
34910	49.9173
34920	59.9173
34930	51.559
34940	61.559
34950	51.277
34960	61.277
34970	53.208
34980	63.208
34990	52.2425
35000	62.2425
35010	53.8977
35020	63.8977
35030	53.6218
35040	63.6218
35050	55.5529
35060	65.5529
35070	54.5901
35080	64.5901
35090	56.2107
35100	66.2107
35110	55.9549
35120	65.9549
35130	58.0264
35140	47.7346
35150	57.7346
35160	44.1433
35170	54.1433
35180	43.4081
35190	53.4081
35200	40.6749
35210	50.6749
35220	42.68
35230	52.68
35240	41.5846
35250	51.5846
35260	43.1977
35270	53.1977
35280	42.9865
35290	52.9865
35300	45.0301
35310	55.0301
35320	43.9163
35330	53.9163
35340	45.5723
35350	55.5723
35360	45.3204
35370	55.3204
35380	47.4108
35390	57.4108
35400	46.1894
35410	56.1894
35420	47.9044
35430	57.9044
35440	47.6009
35450	57.6009
35460	49.7826
35470	59.7826
35480	48.5044
35490	58.5044
35500	50.2041
35510	60.2041
35520	49.8652
35530	59.8652
35540	52.1024
35550	62.1024
35560	50.8193
35570	60.8193
35580	52.5262
35590	62.5262
35600	52.2091
35610	62.2091
35620	54.3427
35630	64.3427
35640	53.1184
35650	63.1184
35660	54.8835
35670	64.8835
35680	54.52
35690	48.3137
35700	40.371
35710	50.371
35720	39.1885
35730	49.1885
35740	41.0058
35750	51.0058
35760	40.6166
35770	50.6166
35780	42.6422
35790	52.6422
35800	41.4137
35810	51.4137
35820	43.2508
35830	53.2508
35840	42.9095
35850	52.9095
35860	45.0025
35870	55.0025
35880	43.6957
35890	53.6957
35900	45.4441
35910	55.4441
35920	45.1884
35930	55.1884
35940	47.3388
35950	57.3388
35960	45.9276
35970	55.9276
35980	47.658
35990	57.658
36000	47.4444
