10	0.0495049
20	0.00990099
30	0.00990099
40	0.00990099
50	0.00990099
60	0.00990099
70	0.00990099
80	0.00990099
90	0.00990099
100	0.00990099
110	0.00990099
120	-0.00480418
130	0.0197044
140	0.0197044
150	0.0197044
160	0.0197044
170	0.0197044
180	0.00514343
190	0.0294118
200	0.0294118
210	0.0294118
220	0.0294118
230	0.0294118
240	0.0294118
250	0.0294118
260	0.0294118
270	0.0294118
280	0.0294118
290	0.0294118
300	0.0149928
310	0.0634146
320	0.112195
330	0.307317
340	0.370732
350	0.565854
360	0.292683
370	0.341463
380	0.536585
390	0.292683
400	0.341463
410	0.341463
420	0.536585
430	0.146341
440	0.341463
450	0.341463
460	0.536585
470	0.292683
480	0.487805
490	0.487805
500	0.243902
510	0.292683
520	0.341463
530	0.536585
540	0.283164
550	0.379399
560	0.427184
570	0.669903
580	0.475728
590	0.718447
600	0.728155
610	0.970874
620	0.631068
630	0.873786
640	0.728155
650	0.533981
660	0.776699
670	0.656043
680	0.945898
690	0.629426
700	0.919281
710	0.869917
720	1.15977
730	0.67668
740	0.966535
750	0.869565
760	1.15942
770	0.676329
780	0.966184
790	0.869565
800	0.57971
810	0.869565
820	0.821256
830	1.11111
840	0.600143
850	0.982918
860	0.99436
870	1.37714
880	0.86277
890	1.24554
900	1.24402
910	1.62679
920	1.05263
930	0.76555
940	1.14833
950	0.813397
960	1.19617
970	1.20533
980	0.906904
990	1.33547
1000	1.28608
1010	1.71465
1020	0.955216
1030	1.47408
1040	1.32637
1050	1.84524
1060	1.11006
1070	1.62893
1080	1.5566
1090	2.07547
1100	1.27358
1110	1.79245
1120	1.5566
1130	1.08491
1140	1.60377
1150	1.43568
1160	2.04316
1170	1.29933
1180	1.90681
1190	1.73012
1200	2.33759
1210	1.44974
1220	2.05722
1230	1.91589
1240	2.52336
1250	1.63551
1260	1.26168
1270	1.86916
1280	1.35514
1290	1.96262
1300	1.91589
1310	2.52336
1320	1.63551
1330	2.24299
1340	1.72897
1350	1.21495
1360	1.82243
1370	1.7757
1380	2.38318
1390	1.49533
1400	2.1028
1410	1.72897
1420	2.33645
1430	1.4486
1440	2.05607
1450	1.92887
1460	2.6662
1470	1.86319
1480	2.60052
1490	2.0795
1500	1.57259
1510	2.30992
1520	2.11982
1530	2.85714
1540	1.93548
1550	2.67281
1560	2.11982
1570	2.85714
1580	1.93548
1590	2.67281
1600	2.30415
1610	3.04147
1620	2.11982
1630	1.53298
1640	2.3549
1650	1.93485
1660	2.75677
1670	2.61423
1680	3.43615
1690	2.61423
1700	3.43615
1710	2.49315
1720	2.08219
1730	2.90411
1740	2.76712
1750	3.58904
1760	2.76712
1770	3.58904
1780	2.81279
1790	3.6347
1800	2.81279
1810	3.6347
1820	3.36073
1830	4.18265
1840	3.36073
1850	4.18265
1860	3.17808
1870	2.75461
1880	3.61824
1890	3.35874
1900	4.22237
1910	3.44722
1920	4.31085
1930	3.36756
1940	4.2312
1950	3.31818
1960	4.18182
1970	2.59091
1980	3.45455
1990	2.71869
2000	2.46616
2010	3.45271
2020	3.38579
2030	4.37234
2040	3.53312
2050	4.59978
2060	3.47297
2070	4.53964
2080	3.70739
2090	4.77406
2100	4.41308
2110	5.47975
2120	4.41308
2130	3.0353
2140	4.10197
2150	4
2160	5.06667
2170	4.13842
2180	5.2838
2190	3.94185
2200	5.08722
2210	4.28096
2220	5.42633
2230	3.45175
2240	4.63596
2250	3.70687
2260	4.89108
2270	3.96725
2280	5.15146
2290	4.73456
2300	5.95727
2310	5.01572
2320	3.61237
2330	4.83507
2340	4.53061
2350	5.79148
2360	4.95787
2370	6.21874
2380	4.61574
2390	5.87661
2400	4.73962
2410	6.00049
2420	4.13093
2430	5.3918
2440	4.04397
2450	3.73962
2460	5.00049
2470	4.73962
2480	6.00049
2490	5.08745
2500	6.34832
2510	4.47875
2520	5.73962
2530	5.34029
2540	6.6765
2550	5.40738
2560	6.74359
2570	4.83741
2580	6.17361
2590	4.71391
2600	6.12417
2610	4.90136
2620	3.52042
2630	4.93068
2640	4.91612
2650	6.39917
2660	5.66377
2670	7.14682
2680	6.20785
2690	7.6909
2700	6.37256
2710	7.85561
2720	6.04795
2730	7.56694
2740	6.31606
2750	7.83505
2760	6.42065
2770	7.93964
2780	6.49928
2790	8.01827
2800	5.14768
2810	4.13502
2820	5.65401
2830	5.65401
2840	7.173
2850	5.94937
2860	7.46835
2870	5.94937
2880	7.46835
2890	5.7384
2900	7.32836
2910	5.58992
2920	7.17988
2930	5.74458
2940	7.33453
2950	6.69703
2960	8.28699
2970	6.3623
2980	7.95226
2990	6.61088
3000	8.20084
3010	5.78457
3020	4.48143
3030	6.10643
3040	5.85059
3050	7.47559
3060	6.58523
3070	8.24498
3080	6.40618
3090	8.06593
3100	6.06393
3110	7.72369
3120	6.39298
3130	8.05273
3140	6.22701
3150	7.88676
3160	7.05394
3170	6.09959
3180	7.75934
3190	5.89929
3200	7.62768
3210	5.2715
3220	6.9999
3230	6.39243
3240	8.12083
3250	6.87333
3260	8.63563
3270	6.66346
3280	8.42575
3290	7.50783
3300	9.27012
3310	7.74833
3320	9.51063
3330	7.33606
3340	4.5082
3350	6.27049
3360	5.96351
3370	7.79278
3380	7.00283
3390	8.8321
3400	7.11979
3410	8.94905
3420	8.12222
3430	9.95149
3440	7.87832
3450	9.70758
3460	7.11382
3470	8.94309
3480	6.54471
3490	8.37398
3500	6.32058
3510	8.21574
3520	7.38025
3530	9.27541
3540	8.0139
3550	6.64083
3560	8.63287
3570	7.33415
3580	9.32618
3590	7.84257
3600	9.8346
3610	7.80469
3620	9.8285
3630	6.91496
3640	8.93877
3650	7.74589
3660	9.7697
3670	7.74924
3680	7.02724
3690	9.08257
3700	8.0399
3710	10.0952
3720	8.26465
3730	10.3513
3740	7.48937
3750	9.57599
3760	7.24182
3770	9.32844
3780	7.91637
3790	10.003
3800	7.84074
3810	9.95838
3820	8.77132
3830	10.889
3840	9.69941
3850	7.6927
3860	9.81034
3870	6.7451
3880	8.86275
3890	7.13726
3900	9.2549
3910	7.84314
3920	9.96078
3930	7.60784
3940	9.72549
3950	8.54902
3960	10.6667
3970	9.2549
3980	11.3726
3990	9.01961
4000	11.1373
4010	9.2549
4020	11.3726
4030	9.09804
4040	11.2157
4050	8.62745
4060	10.7451
4070	6.90196
4080	6.26219
4090	8.41063
4100	7.59583
4110	9.74427
4120	8.17479
4130	10.3232
4140	9.18435
4150	11.3633
4160	10.0198
4170	12.1988
4180	9.27199
4190	11.451
4200	7.70662
4210	6.07004
4220	8.24903
4230	7.12062
4240	9.29961
4250	7.7821
4260	9.96109
4270	8.86553
4280	11.0748
4290	9.31732
4300	11.5266
4310	9.19962
4320	11.4089
4330	9.64768
4340	11.8871
4350	9.7845
4360	12.0239
4370	8.99907
4380	11.2385
4390	7.28468
4400	9.55391
4410	8.58156
4420	10.8508
4430	9.08118
4440	11.3504
4450	9.00365
4460	11.3025
4470	9.87103
4480	12.1699
4490	10.0487
4500	12.3475
4510	9.12143
4520	11.4203
4530	7.58621
4540	9.88506
4550	8.73563
4560	11.0345
4570	9.20716
4580	11.5354
4590	9.21661
4600	11.5449
4610	10.1218
4620	12.45
4630	10.1924
4640	12.5207
4650	9.35114
4660	11.6794
4670	7.59542
4680	7.04363
4690	9.43
4700	8.38489
4710	10.7713
4720	9.16638
4730	11.5527
4740	10.2887
4750	12.7038
4760	10.3156
4770	12.7307
4780	9.5963
4790	12.0114
4800	8.0684
4810	10.512
4820	9.30825
4830	11.7519
4840	9.90086
4850	12.3445
4860	10.0474
4870	12.491
4880	10.7143
4890	13.1862
4900	10.5477
4910	13.0196
4920	9.67292
4930	12.1448
4940	8.31573
4950	10.8713
4960	9.57666
4970	12.1322
4980	10.2184
4990	12.7739
5000	10.4771
5010	13.0601
5020	11.165
5030	13.748
5040	11.0058
5050	13.5888
5060	10.2686
5070	12.8789
5080	8.99649
5090	8.29136
5100	10.9017
5110	9.67549
5120	12.2858
5130	10.8456
5140	13.4559
5150	10.4044
5160	13.0147
5170	10.3363
5180	12.9737
5190	9.43794
5200	12.0753
5210	9.86921
5220	12.5066
5230	11.2894
5240	13.9536
5250	11.3441
5260	14.0083
5270	10.5277
5280	13.1919
5290	9.23475
5300	8.61432
5310	11.2785
5320	10.1107
5330	12.7749
5340	11.0113
5350	13.7287
5360	10.575
5370	13.2924
5380	10.6662
5390	13.3836
5400	9.82233
5410	12.5397
5420	10.2597
5430	13.0034
5440	11.72
5450	14.4637
5460	11.7078
5470	14.4515
5480	10.833
5490	13.5767
5500	9.67509
5510	12.4188
5520	11.0469
5530	13.7906
5540	12.2126
5550	9.42397
5560	12.1938
5570	9.15843
5580	11.9282
5590	9.90741
5600	12.7031
5610	10.7534
5620	13.5491
5630	11.3897
5640	14.1854
5650	11.8662
5660	14.7132
5670	11.8283
5680	14.6753
5690	11.2309
5700	14.0779
5710	10.3592
5720	13.2315
5730	11.6225
5740	14.4949
5750	12.4226
5760	9.8256
5770	12.6979
5780	9.64539
5790	12.5177
5800	10.1773
5810	13.0496
5820	11.2361
5830	14.1587
5840	11.9802
5850	14.9027
5860	12.2723
5870	15.1948
5880	12.0081
5890	14.9802
5900	11.7538
5910	14.7259
5920	10.9545
5930	13.9265
5940	12.1059
5950	15.0779
5960	12.5524
5970	10.1399
5980	13.1119
5990	10.2098
6000	13.1818
6010	10.5245
6020	13.4965
6030	11.8531
6040	14.8252
6050	12.7622
6060	15.7343
6070	11.9955
6080	14.992
6090	11.558
6100	14.5545
6110	11.4055
6120	14.402
6130	12.3785
6140	15.375
6150	12.5436
6160	15.5401
6170	12.1254
6180	15.122
6190	11.9958
6200	15.0166
6210	11.3516
6220	14.3725
6230	12.6616
6240	15.6824
6250	12.1293
6260	15.1743
6270	12.0618
6280	15.1068
6290	11.4949
6300	14.5399
6310	12.8833
6320	15.9523
6330	12.3799
6340	15.4489
6350	12.0431
6360	15.1121
6370	11.5529
6380	14.6219
6390	13
6400	16.069
6410	12.5172
6420	15.5862
6430	12.0629
6440	15.2028
6450	11.6861
6460	14.8261
6470	13.1807
6480	16.3206
6490	12.7013
6500	15.8413
6510	12.4232
6520	15.5631
6530	11.8771
6540	15.0171
6550	13.2517
6560	16.4149
6570	12.7087
6580	15.872
6590	12.4918
6600	15.6551
6610	12.0265
6620	10.8166
6630	14.0261
6640	11.734
6650	14.9435
6660	12.3143
6670	15.5237
6680	12.6014
6690	15.8337
6700	12.0083
6710	15.2406
6720	13.6142
6730	10.9276
6740	14.2052
6750	11.3353
6760	14.6129
6770	11.5427
6780	14.8203
6790	13.0688
6800	16.3911
6810	14.0387
6820	17.361
6830	13.4765
6840	10.3716
6850	13.6938
6860	11.196
6870	14.5183
6880	13.1894
6890	16.5116
6900	13.5504
6910	16.8948
6920	12.7997
6930	16.1441
6940	12.759
6950	16.1033
6960	14.1426
6970	17.487
6980	13.693
6990	10.5804
7000	13.9685
7010	11.3438
7020	14.732
7030	13.3588
7040	16.7686
7050	13.9607
7060	17.3706
7070	13.0599
7080	16.4697
7090	13.0643
7100	11.6965
7110	15.1493
7120	12.4186
7130	15.8714
7140	12.3264
7150	15.7791
7160	13.0945
7170	16.5472
7180	14.5277
7190	17.9805
7200	14.3974
7210	10.7711
7220	14.2452
7230	11.5643
7240	15.0383
7250	13.7296
7260	17.2036
7270	14.5341
7280	18.0082
7290	13.2143
7300	16.6883
7310	13.1494
7320	16.6234
7330	14.6429
7340	18.1169
7350	14.5779
7360	10.7792
7370	14.2532
7380	11.5909
7390	15.0649
7400	13.7662
7410	17.2403
7420	14.5779
7430	18.0519
7440	13.2143
7450	16.6883
7460	13.1682
7470	11.9345
7480	15.4714
7490	12.8175
7500	16.3545
7510	12.5195
7520	16.0977
7530	13.3955
7540	16.9738
7550	15.1627
7560	18.7409
7570	14.9924
7580	11.0093
7590	14.608
7600	11.951
7610	15.5497
7620	14.461
7630	18.0597
7640	14.9705
7650	18.5692
7660	13.8535
7670	17.4522
7680	13.9172
7690	17.5159
7700	14.4268
7710	18.0255
7720	14.9363
7730	18.535
7740	14.7452
7750	18.344
7760	14.8109
7770	18.43
7780	13.1357
7790	16.7548
7800	15.0301
7810	18.6491
7820	14.8986
7830	18.5579
7840	14.8499
7850	18.5092
7860	13.3013
7870	16.9606
7880	15.1512
7890	18.8502
7900	15.2317
7910	18.9308
7920	14.9801
7930	18.6792
7940	13.4208
7950	17.1199
7960	15.2978
7970	18.9969
7980	15.4232
7990	19.1223
8000	15.049
8010	18.7677
8020	13.4622
8030	17.1809
8040	15.2922
8050	19.011
8060	15.4734
8070	19.2118
8080	15.1664
8090	18.9047
8100	13.6539
8110	17.3922
8120	15.3939
8130	19.1517
8140	15.6826
8150	19.4403
8160	15.1363
8170	18.8941
8180	13.6996
8190	17.4767
8200	15.5399
8210	19.317
8220	15.8978
8230	19.6749
8240	15.1115
8250	18.8886
8260	13.7461
8270	17.5232
8280	15.6037
8290	19.3808
8300	15.9752
8310	19.7523
8320	15.1084
8330	18.8854
8340	13.7461
8350	17.5232
8360	15.6037
8370	19.3808
8380	15.9752
8390	19.7523
8400	15.1084
8410	18.8854
8420	13.7481
8430	17.5443
8440	15.6465
8450	19.4428
8460	16.065
8470	19.8613
8480	15.255
8490	19.0704
8500	13.7785
8510	17.5939
8520	15.737
8530	19.5524
8540	16.2233
8550	20.0576
8560	15.5234
8570	19.3577
8580	14.0952
8590	17.9296
8600	16.1135
8610	19.9478
8620	16.4454
8630	20.2797
8640	15.7705
8650	19.6049
8660	14.3613
8670	18.2146
8680	16.426
8690	20.2792
8700	16.7792
8710	20.6324
8720	16.0042
8730	19.8761
8740	14.6632
8750	18.5352
8760	16.7869
8770	20.6588
8780	17.2075
8790	21.098
8800	16.4527
8810	20.3432
8820	14.8822
8830	18.7728
8840	17.0682
8850	20.9957
8860	17.6319
8870	21.5594
8880	16.9025
8890	20.83
8900	15.1603
8910	19.1243
8920	17.4971
8930	21.461
8940	18.1911
8950	22.1551
8960	17.3001
8970	21.2822
8980	15.652
8990	19.634
9000	17.857
9010	21.839
9020	18.6276
9030	22.6097
9040	17.5138
9050	21.4959
9060	15.8971
9070	19.8791
9080	18.1126
9090	22.0947
9100	18.8911
9110	22.8731
9120	17.7534
9130	21.7354
9140	16.1366
9150	20.1186
9160	18.3522
9170	22.3342
9180	19.1306
9190	23.1126
9200	17.9965
9210	22.0143
9220	16.4264
9230	20.4443
9240	18.7269
9250	22.7448
9260	19.4543
9270	23.4899
9280	18.4755
9290	22.5111
9300	16.704
9310	20.7396
9320	19.0753
9330	23.1461
9340	19.8613
9350	23.9321
9360	19.0028
9370	23.0736
9380	17.0611
9390	21.1319
9400	19.3257
9410	23.3965
9420	20.1517
9430	24.2225
9440	19.3292
9450	23.4348
9460	17.401
9470	21.5066
9480	19.7259
9490	23.8315
9500	20.5009
9510	24.6237
9520	19.6211
9530	23.7439
9540	17.6996
9550	21.8224
9560	20.091
9570	24.2138
9580	20.8488
9590	24.9716
9600	19.9716
9610	24.0944
9620	17.9282
9630	22.0852
9640	20.3669
9650	24.5239
9660	21.2123
9670	25.3693
9680	20.289
9690	24.446
9700	18.3637
9710	22.5207
9720	20.6311
9730	24.7881
9740	21.5066
9750	25.6974
9760	20.5932
9770	24.7839
9780	18.765
9790	22.9558
9800	20.9799
9810	25.2206
9820	21.8299
9830	26.0706
9840	21.0935
9850	25.3342
9860	19.3111
9870	23.5518
9880	21.3939
9890	25.6346
9900	22.0816
9910	26.3223
9920	21.3939
9930	25.6346
9940	19.5601
9950	23.8008
9960	21.6231
9970	25.8638
9980	22.3141
9990	26.5876
10000	21.6679
10010	25.9414
10020	19.9225
10030	24.196
10040	21.9324
10050	26.2384
10060	22.7649
10070	27.0709
10080	22.0526
10090	26.3585
10100	20.3006
10110	24.6066
10120	22.3361
10130	26.642
10140	23.016
10150	27.3219
10160	22.3361
10170	26.642
10180	20.5231
10190	24.829
10200	22.5627
10210	26.8687
10220	23.2426
10230	27.5486
10240	22.5627
10250	26.8687
10260	20.7497
10270	25.0556
10280	22.791
10290	27.113
10300	23.475
10310	27.7971
10320	22.8375
10330	27.1595
10340	21.0754
10350	25.3974
10360	23.1637
10370	27.4857
10380	23.6722
10390	27.9942
10400	23.0507
10410	27.3727
10420	21.2993
10430	19.9153
10440	17.6772
10450	22.0152
10460	18.2194
10470	22.5574
10480	17.5652
10490	21.9032
10500	15.8562
10510	20.2101
10520	18.0102
10530	22.3641
10540	18.6128
10550	22.9667
10560	17.8648
10570	22.2345
10580	16.2643
10590	20.634
10600	18.1955
10610	22.5653
10620	18.8582
10630	23.2279
10640	18.1813
10650	22.551
10660	16.6126
10670	20.9824
10680	18.3991
10690	22.7845
10700	19.1045
10710	23.4899
10720	18.3996
10730	22.785
10740	16.879
10750	21.2644
10760	18.7191
10770	23.1046
10780	19.4454
10790	23.8309
10800	18.5949
10810	23.0116
10820	17.1532
10830	21.5699
10840	18.9995
10850	23.4161
10860	19.6798
10870	24.112
10880	18.9646
10890	23.3967
10900	17.6158
10910	22.0479
10920	19.368
10930	23.8308
10940	20.0771
10950	24.5399
10960	19.2695
10970	23.7323
10980	18.0274
10990	22.5054
11000	19.7439
11010	24.222
11020	20.3328
11030	24.8108
11040	19.4808
11050	23.9588
11060	18.3221
11070	22.8001
11080	20.0254
11090	24.5034
11100	20.6237
11110	25.1169
11120	19.7055
11130	24.1987
11140	18.5909
11150	23.0841
11160	20.3299
11170	24.8381
11180	21.0152
11190	25.5234
11200	19.9584
11210	24.4666
11220	18.9024
11230	23.4256
11240	20.5534
11250	25.0765
11260	21.2302
11270	25.7534
11280	20.2317
11290	24.7697
11300	19.2615
11310	23.7995
11320	20.9326
11330	25.4707
11340	21.5088
11350	26.0764
11360	20.6433
11370	25.2108
11380	19.5087
11390	24.0763
11400	21.1453
11410	25.7275
11420	21.871
11430	26.4532
11440	21.0982
11450	25.6804
11460	19.7647
11470	24.3759
11480	21.4395
11490	26.0508
11500	22.267
11510	26.8782
11520	21.4719
11530	26.0975
11540	20.0291
11550	24.6548
11560	21.7803
11570	26.4059
11580	22.5511
11590	27.1911
11600	21.7749
11610	26.4149
11620	20.2997
11630	24.9397
11640	22.0932
11650	26.7616
11660	22.8961
11670	27.5645
11680	22.1546
11690	26.8231
11700	20.5227
11710	25.1911
11720	22.4255
11730	27.094
11740	23.2744
11750	27.9428
11760	22.4087
11770	27.1192
11780	20.786
11790	25.4965
11800	22.7991
11810	27.5096
11820	23.6385
11830	28.3767
11840	22.8102
11850	27.5484
11860	21.1478
11870	25.886
11880	23.1466
11890	27.9122
11900	24.0869
11910	28.8525
11920	23.0969
11930	27.8626
11940	21.4367
11950	26.216
11960	23.4898
11970	28.269
11980	24.5137
11990	29.293
12000	23.3382
12010	28.1309
12020	21.6999
12030	26.4927
12040	23.8112
12050	28.604
12060	24.7654
12070	29.5716
12080	23.5978
12090	28.404
12100	22.0279
12110	26.8341
12120	24.1848
12130	29.0044
12140	25.1396
12150	29.9592
12160	24.0384
12170	28.858
12180	22.4128
12190	27.2324
12200	24.6259
12210	29.4455
12220	25.6053
12230	30.4249
12240	24.5228
12250	29.3424
12260	22.8218
12270	27.6414
12280	25.0383
12290	29.8579
12300	26.0071
12310	30.8532
12320	24.9665
12330	29.8126
12340	23.3375
12350	28.1836
12360	25.5057
12370	30.3651
12380	26.6029
12390	31.4623
12400	25.4588
12410	30.3182
12420	23.9016
12430	28.7871
12440	25.9177
12450	30.8032
12460	27.0434
12470	31.9289
12480	26.0022
12490	30.8877
12500	24.5672
12510	29.4527
12520	26.3993
12530	31.2848
12540	27.4171
12550	32.3026
12560	26.3993
12570	31.2848
12580	24.9743
12590	29.8598
12600	26.8012
12610	31.6997
12620	27.8466
12630	32.7451
12640	26.8637
12650	31.7622
12660	25.4759
12670	30.3873
12680	27.7299
12690	23.4998
12700	28.4112
12710	23.5102
12720	28.4216
12730	21.248
12740	26.185
12750	18.5655
12760	23.5025
12770	20.152
12780	25.089
12790	21.2179
12800	26.1677
12810	20.4349
12820	25.3847
12830	19.0608
12840	24.0105
12850	20.5834
12860	25.5332
12870	21.6362
12880	26.5859
12890	20.8824
12900	25.8322
12910	19.5282
12920	24.5032
12930	21.0417
12940	26.0167
12950	22.0872
12960	27.0622
12970	21.2903
12980	26.2653
12990	20.034
13000	25.009
13010	21.584
13020	26.559
13030	22.5378
13040	27.5502
13050	21.7736
13060	26.786
13070	20.5538
13080	25.5662
13090	22.0932
13100	27.1179
13110	23.0019
13120	28.0266
13130	22.342
13140	27.3668
13150	21.0943
13160	26.119
13170	22.6265
13180	27.6513
13190	23.3691
13200	28.3939
13210	22.7268
13220	27.7638
13230	21.5176
13240	26.5546
13250	23.0849
13260	28.122
13270	23.7408
13280	28.7778
13290	23.1452
13300	28.1823
13310	21.96
13320	26.9971
13330	23.5403
13340	28.5773
13350	24.1329
13360	29.1699
13370	23.5403
13380	28.5773
13390	22.3563
13400	27.4056
13410	23.9639
13420	29.0132
13430	24.59
13440	29.6393
13450	24.0398
13460	29.1012
13470	22.757
13480	27.8184
13490	24.3388
13500	29.4003
13510	25.0196
13520	30.0931
13530	24.553
13540	29.6266
13550	23.2344
13560	28.308
13570	24.7464
13580	29.8199
13590	25.4791
13600	30.5526
13610	25.0379
13620	30.1114
13630	23.6175
13640	28.7031
13650	25.1641
13660	30.2497
13670	25.9324
13680	31.018
13690	25.5318
13700	30.6174
13710	23.9859
13720	29.0714
13730	25.5507
13740	30.6362
13750	26.3343
13760	31.4318
13770	25.9706
13780	31.0681
13790	24.3652
13800	29.4628
13810	25.9698
13820	31.0911
13830	26.8503
13840	31.9717
13850	26.501
13860	31.6224
13870	24.8793
13880	30.0125
13890	26.4012
13900	31.5344
13910	27.3559
13920	32.4891
13930	26.9603
13940	32.1052
13950	25.4349
13960	30.5798
13970	26.8227
13980	31.9676
13990	27.8313
14000	32.9996
14010	27.3726
14020	32.5409
14030	25.8692
14040	31.0374
14050	27.3452
14060	32.5251
14070	28.3016
14080	33.4814
14090	27.9021
14100	33.0819
14110	26.3569
14120	31.5368
14130	27.7191
14140	32.8989
14150	28.6783
14160	33.8581
14170	28.2946
14180	33.4745
14190	26.7598
14200	31.9397
14210	28.1028
14220	33.2826
14230	29.062
14240	34.2418
14250	28.6783
14260	33.8581
14270	27.1435
14280	24.457
14290	20.6308
14300	25.8222
14310	21.5772
14320	26.7686
14330	21.2284
14340	26.4198
14350	19.7324
14360	24.9353
14370	21.1445
14380	26.3474
14390	21.9262
14400	27.1291
14410	21.6244
14420	26.8387
14430	20.2124
14440	25.4267
14450	21.6123
14460	26.8266
14470	22.3167
14480	27.531
14490	22.0742
14500	27.2885
14510	20.6932
14520	25.9075
14530	21.9699
14540	27.2068
14550	22.733
14560	27.9699
14570	22.5567
14580	27.7936
14590	21.1353
14600	26.3947
14610	22.3939
14620	27.6533
14630	23.198
14640	28.4575
14650	23.0166
14660	28.2872
14670	21.6632
14680	26.9338
14690	22.9662
14700	28.2368
14710	23.7049
14720	28.9866
14730	23.3811
14740	28.6628
14750	22.0947
14760	27.3764
14770	23.4426
14780	28.7353
14790	24.1056
14800	29.3983
14810	23.8073
14820	29.1001
14830	22.5734
14840	27.8771
14850	23.8438
14860	29.1475
14870	24.4683
14880	29.7721
14890	24.2195
14900	29.5342
14910	23.0704
14920	28.3851
14930	24.3611
14940	29.6758
14950	24.8033
14960	30.118
14970	24.6124
14980	29.9271
14990	23.4935
15000	28.8082
15010	24.7989
15020	30.1136
15030	25.1718
15040	30.4865
15050	24.9853
15060	30.3
15070	23.8665
15080	29.1812
15090	25.1718
15100	30.4865
15110	25.5448
15120	30.8595
15130	25.3496
15140	30.686
15150	24.2644
15160	29.6008
15170	25.6273
15180	30.9637
15190	25.9515
15200	31.3201
15210	25.9061
15220	31.2748
15230	24.7309
15240	30.0995
15250	26.2243
15260	31.593
15270	26.4744
15280	31.8431
15290	26.3362
15300	31.7049
15310	25.092
15320	30.4606
15330	26.6127
15340	31.9814
15350	26.8431
15360	32.2118
15370	26.7049
15380	32.0735
15390	25.4606
15400	30.8293
15410	26.9814
15420	32.35
15430	27.1991
15440	32.5995
15450	27.1163
15460	32.5167
15470	25.9623
15480	31.3628
15490	27.4694
15500	32.8908
15510	27.7174
15520	33.1388
15530	27.5333
15540	32.9547
15550	26.4032
15560	31.8246
15570	27.9447
15580	33.3661
15590	28.2181
15600	33.6395
15610	27.9406
15620	33.3724
15630	26.7789
15640	32.2107
15650	28.2965
15660	33.7283
15670	28.6003
15680	34.0425
15690	28.3912
15700	33.8334
15710	27.2255
15720	32.6676
15730	28.6635
15740	34.116
15750	29.0309
15760	34.4834
15770	28.8783
15780	34.3308
15790	27.6449
15800	33.0974
15810	29.1344
15820	34.5868
15830	29.3606
15840	34.8131
15850	29.2208
15860	34.6835
15870	28.0216
15880	33.4844
15890	29.4836
15900	34.9463
15910	29.7442
15920	35.207
15930	29.6496
15940	35.1123
15950	28.4757
15960	33.9385
15970	29.8261
15980	35.299
15990	30.1192
16000	35.5921
16010	29.9988
16020	35.4718
16030	28.8611
16040	34.3341
16050	30.2537
16060	35.7267
16070	30.569
16080	36.042
16090	30.3398
16100	35.8229
16110	29.236
16120	34.7192
16130	30.6013
16140	36.0844
16150	30.9466
16160	36.4399
16170	30.7712
16180	36.2644
16190	29.7215
16200	35.2148
16210	31.0087
16220	36.5121
16230	31.4301
16240	36.9334
16250	31.1445
16260	36.6479
16270	30.0419
16280	35.5552
16290	31.7872
16300	26.4287
16310	31.9421
16320	25.5869
16330	31.1003
16340	23.8237
16350	29.357
16360	21.2079
16370	26.7412
16380	22.5794
16390	28.1128
16400	23.1402
16410	28.6735
16420	22.8234
16430	28.3567
16440	21.6234
16450	27.1567
16460	22.9133
16470	28.4565
16480	23.5141
16490	29.0573
16500	23.1638
16510	28.707
16520	22.0019
16530	27.555
16540	23.3525
16550	28.9056
16560	24.0021
16570	29.5552
16580	23.4837
16590	29.0564
16600	22.4211
16610	27.9938
16620	23.7803
16630	29.353
16640	24.4011
16650	29.9835
16660	23.9096
16670	29.492
16680	22.9262
16690	28.5086
16700	24.237
16710	29.8194
16720	24.8498
16730	30.4322
16740	24.2344
16750	29.8168
16760	23.2673
16770	28.8498
16780	24.586
16790	30.1684
16800	25.2014
16810	30.7838
16820	24.5879
16830	30.1897
16840	23.6669
16850	29.2686
16860	25.0409
16870	30.6427
16880	25.6138
16890	31.2251
16900	24.9502
16910	30.5616
16920	24.0367
16930	29.648
16940	25.4719
16950	31.1023
16960	26.0815
16970	31.7119
16980	25.4846
16990	31.1151
17000	24.4443
17010	30.103
17020	25.8486
17030	31.5073
17040	26.5171
17050	32.1758
17060	26.0573
17070	31.7161
17080	24.9447
17090	30.6034
17100	26.2405
17110	31.8993
17120	26.8472
17130	32.5246
17140	26.4595
17150	32.1369
17160	25.3278
17170	31.0052
17180	26.6894
17190	32.3761
17200	27.2415
17210	32.9282
17220	26.8592
17230	32.5459
17240	25.6906
17250	31.3773
17260	27.1045
17270	32.7912
17280	27.6624
17290	33.3491
17300	27.1913
17310	32.8872
17320	26.0546
17330	31.7506
17340	27.4977
17350	33.1936
17360	28.0916
17370	33.815
17380	27.5739
17390	33.2973
17400	26.4803
17410	32.2037
17420	27.9251
17430	33.6666
17440	28.5323
17450	34.2738
17460	28.0543
17470	33.7959
17480	26.9757
17490	32.7172
17500	28.3035
17510	34.045
17520	28.9391
17530	34.6806
17540	28.3892
17550	34.1397
17560	27.3282
17570	33.0788
17580	28.6681
17590	34.4186
17600	29.3381
17610	35.1065
17620	28.8706
17630	34.639
17640	27.6779
17650	33.4463
17660	29.094
17670	34.8624
17680	29.6973
17690	35.4657
17700	29.2762
17710	35.0446
17720	28.014
17730	33.7913
17740	29.4431
17750	35.2204
17760	30.0593
17770	35.8366
17780	29.6738
17790	35.4688
17800	28.495
17810	34.2899
17820	29.8494
17830	35.6444
17840	30.4392
17850	36.2517
17860	30.0341
17870	35.8466
17880	28.8954
17890	34.7079
17900	30.233
17910	36.0542
17920	30.8733
17930	36.6945
17940	30.5254
17950	36.3466
17960	29.3524
17970	35.1823
17980	30.5532
17990	36.3831
18000	31.1804
18010	37.0102
18020	30.8818
18030	36.7203
18040	29.7794
18050	35.6179
18060	31.0083
18070	36.8468
18080	31.475
18090	37.3221
18100	31.2216
18110	37.0687
18120	30.1724
18130	36.0195
18140	31.4456
18150	37.2927
18160	31.8975
18170	37.7446
18180	31.5256
18190	37.3727
18200	30.4942
18210	36.3584
18220	31.8153
18230	37.6795
18240	32.322
18250	38.1862
18260	31.911
18270	37.7752
18280	30.8125
18290	36.6767
18300	32.1705
18310	38.0347
18320	32.7063
18330	38.579
18340	32.2741
18350	38.1468
18360	31.1902
18370	37.0629
18380	32.474
18390	38.3467
18400	33.0464
18410	38.9191
18420	32.6357
18430	38.5084
18440	31.5679
18450	28.2136
18460	23.5729
18470	29.4456
18480	24.1411
18490	30.0307
18500	23.7556
18510	29.6452
18520	22.6855
18530	28.5751
18540	23.976
18550	29.8656
18560	24.6224
18570	30.512
18580	24.1316
18590	30.0212
18600	22.9831
18610	28.881
18620	24.298
18630	30.196
18640	24.9766
18650	30.8745
18660	24.5169
18670	30.4149
18680	23.4103
18690	29.3082
18700	24.5939
18710	30.4919
18720	25.2812
18730	31.1958
18740	24.8693
18750	30.7839
18760	23.7648
18770	29.6794
18780	24.9098
18790	30.8327
18800	25.6803
18810	31.6032
18820	25.3391
18830	31.262
18840	24.1854
18850	30.1248
18860	25.3415
18870	31.2809
18880	26.0383
18890	31.9777
18900	25.682
18910	31.6214
18920	24.6223
18930	30.5617
18940	25.6728
18950	31.6122
18960	26.3968
18970	32.3444
18980	26.011
18990	31.9586
19000	24.933
19010	30.8805
19020	26.0059
19030	31.9697
19040	26.7919
19050	32.7558
19060	26.4776
19070	32.4414
19080	25.3677
19090	31.3396
19100	26.41
19110	32.382
19120	27.1163
19130	33.0882
19140	26.8622
19150	32.8422
19160	25.7014
19170	31.6814
19180	26.7666
19190	32.7466
19200	27.5139
19210	33.5019
19220	27.1835
19230	33.1716
19240	26.0481
19250	32.0361
19260	27.1534
19270	33.1495
19280	27.9656
19290	33.9616
19300	27.5106
19310	33.5066
19320	26.329
19330	32.333
19340	27.4981
19350	33.5021
19360	28.3062
19370	34.3102
19380	27.8918
19390	33.9116
19400	26.7299
19410	32.7497
19420	27.9168
19430	33.9366
19440	28.6867
19450	34.7144
19460	28.2363
19470	34.264
19480	27.1516
19490	33.1793
19500	28.2855
19510	34.321
19520	29.129
19530	35.1645
19540	28.5599
19550	34.5954
19560	27.5233
19570	33.5588
19580	28.5728
19590	34.6083
19600	29.4406
19610	35.4761
19620	28.8883
19630	34.9239
19640	27.8627
19650	33.8982
19660	28.8883
19670	34.9239
19680	29.75
19690	35.801
19700	29.2326
19710	35.2837
19720	28.2037
19730	34.2548
19740	29.2824
19750	35.3412
19760	30.1052
19770	36.164
19780	29.6572
19790	35.716
19800	28.5843
19810	34.6508
19820	29.6054
19830	35.6719
19840	30.4515
19850	36.5181
19860	29.9566
19870	36.0308
19880	28.9518
19890	35.026
19900	29.941
19910	36.0153
19920	30.824
19930	36.9135
19940	30.3344
19950	36.4239
19960	29.405
19970	35.4945
19980	30.2697
19990	36.3592
20000	31.2348
20010	37.3243
20020	30.6511
20030	36.7406
20040	29.7562
20050	35.8457
20060	30.5733
20070	36.6628
20080	31.5461
20090	37.6356
20100	30.9594
20110	37.0565
20120	30.0815
20130	36.1786
20140	30.8705
20150	36.9676
20160	31.8649
20170	37.9771
20180	31.3392
20190	37.4514
20200	30.4811
20210	36.5933
20220	31.2299
20230	37.3571
20240	32.3272
20250	38.4543
20260	31.7543
20270	37.8814
20280	30.7933
20290	36.9279
20300	31.6499
20310	37.7845
20320	32.6738
20330	38.8084
20340	32.1574
20350	38.3068
20360	31.0864
20370	37.2359
20380	31.9651
20390	38.1145
20400	33.0579
20410	39.2073
20420	32.6279
20430	38.7773
20440	31.4401
20450	37.5895
20460	32.2418
20470	38.3986
20480	33.3692
20490	39.526
20500	32.9207
20510	39.0775
20520	31.7596
20530	37.9237
20540	32.6133
20550	38.7774
20560	33.7325
20570	39.8966
20580	33.2259
20590	39.39
20600	32.1146
20610	38.2787
20620	32.9924
20630	39.1565
20640	34.02
20650	40.1915
20660	33.5403
20670	39.7117
20680	32.4563
20690	38.6278
20700	33.2708
20710	39.4495
20720	34.3499
20730	40.5286
20740	33.9152
20750	40.0939
20760	32.7845
20770	38.9777
20780	33.6114
20790	39.8046
20800	34.7076
20810	40.9008
20820	34.2561
20830	40.4565
20840	33.165
20850	39.3654
20860	34.0085
20870	40.2089
20880	35.058
20890	41.2584
20900	34.6
20910	40.8004
20920	33.5414
20930	39.7418
20940	34.2947
20950	40.5023
20960	35.3579
20970	41.5655
20980	34.9265
20990	41.134
21000	33.8911
21010	40.1129
21020	34.7115
21030	40.9333
21040	35.6486
21050	41.8704
21060	35.2004
21070	41.4293
21080	34.2678
21090	40.4967
21100	35.1049
21110	41.3338
21120	35.9962
21130	42.2251
21140	35.5417
21150	41.7706
21160	34.6412
21170	40.87
21180	35.386
21190	41.629
21200	37.0958
21210	30.3157
21220	36.5587
21230	28.3018
21240	34.5448
21250	25.7946
21260	32.0376
21270	25.0093
21280	31.2523
21290	25.8318
21300	32.0748
21310	25.4607
21320	31.7316
21330	24.6872
21340	30.9581
21350	25.3924
21360	31.6632
21370	26.2332
21380	32.5247
21390	25.8989
21400	32.1904
21410	25.1525
21420	31.444
21430	25.8102
21440	32.1085
21450	26.5908
21460	32.8891
21470	26.2078
21480	32.5061
21490	25.5359
21500	31.8343
21510	26.1964
21520	32.4948
21530	26.8594
21540	33.1578
21550	26.4911
21560	32.7895
21570	25.8281
21580	32.1265
21590	26.4911
21600	32.7895
21610	27.1541
21620	33.4524
21630	26.7858
21640	33.0841
21650	26.1228
21660	32.4211
21670	26.7878
21680	33.1065
21690	27.4803
21700	33.799
21710	27.1235
21720	33.4422
21730	26.5497
21740	32.8885
21750	27.2107
21760	33.5495
21770	27.8426
21780	34.1814
21790	27.526
21800	33.8715
21810	26.9681
21820	33.3135
21830	27.5728
21840	33.9182
21850	28.1843
21860	34.543
21870	27.831
21880	34.1897
21890	27.3306
21900	33.6893
21910	27.9128
21920	34.2911
21930	28.4962
21940	34.8746
21950	28.181
21960	34.5593
21970	27.7035
21980	34.0884
21990	28.3608
22000	34.7457
22010	28.8868
22020	35.2717
22030	28.5546
22040	34.9394
22050	27.9565
22060	34.3414
22070	28.64
22080	35.0249
22090	29.1802
22100	35.5716
22110	28.8727
22120	35.2641
22130	28.2835
22140	34.6749
22150	28.9944
22160	35.3922
22170	29.4549
22180	35.8528
22190	29.1897
22200	35.5875
22210	28.644
22220	35.0483
22230	29.2829
22240	35.6872
22250	29.7703
22260	36.1746
22270	29.5478
22280	35.9585
22290	28.9334
22300	35.3441
22310	29.5986
22320	36.0093
22330	30.0353
22340	36.446
22350	29.8541
22360	36.2648
22370	29.247
22380	35.6577
22390	29.9262
22400	36.3433
22410	30.3349
22420	36.752
22430	30.1781
22440	36.5952
22450	29.5081
22460	35.9252
22470	30.2187
22480	36.6358
22490	30.6465
22500	37.0636
22510	30.5052
22520	36.935
22530	29.8047
22540	36.2345
22550	30.5598
22560	36.9897
22570	31.0418
22580	37.478
22590	30.8553
22600	37.2915
22610	30.0958
22620	36.532
22630	30.9049
22640	37.3537
22650	31.3397
22660	37.7885
22670	31.2055
22680	37.6543
22690	30.4272
22700	36.8822
22710	31.1958
22720	37.6508
22730	31.6762
22740	38.1312
22750	31.5986
22760	38.0661
22770	30.7069
22780	37.1744
22790	31.4699
22800	37.9374
22810	32.0165
22820	38.484
22830	32.0113
22840	38.4788
22850	31.0271
22860	37.4946
22870	31.7314
22880	38.2112
22890	32.3052
22900	38.7851
22910	32.2932
22920	38.7731
22930	31.3655
22940	37.8515
22950	32.1465
22960	38.6325
22970	32.6576
22980	39.1436
22990	32.5258
23000	39.018
23010	31.6646
23020	38.1567
23030	32.4893
23040	38.9814
23050	32.9508
23060	39.443
23070	32.8086
23080	39.3008
23090	31.9709
23100	38.4631
23110	32.8086
23120	39.3008
23130	33.2275
23140	39.7196
23150	33.0879
23160	39.58
23170	32.2514
23180	38.7557
23190	33.1193
23200	39.6236
23210	33.5256
23220	40.0299
23230	33.3508
23240	39.8551
23250	32.5801
23260	39.0845
23270	33.4845
23280	39.9888
23290	33.8329
23300	40.3433
23310	33.6395
23320	40.1499
23330	32.8419
23340	39.3523
23350	33.7724
23360	40.2888
23370	34.1669
23380	40.6834
23390	34.0143
23400	40.5308
23410	33.0865
23420	39.615
23430	34.0655
23440	40.594
23450	34.5224
23460	41.0509
23470	34.3487
23480	40.8772
23490	33.4452
23500	39.9737
23510	34.3433
23520	40.8718
23530	34.8275
23540	41.3619
23550	34.6353
23560	41.1698
23570	33.7051
23580	40.2395
23590	34.6285
23600	41.163
23610	35.1433
23620	41.6778
23630	34.9709
23640	41.5054
23650	33.9715
23660	40.5119
23670	34.9173
23680	41.4578
23690	35.4549
23700	41.9953
23710	35.3089
23720	41.8494
23730	34.2201
23740	40.7606
23750	35.184
23760	41.7244
23770	35.7354
23780	42.2817
23790	35.6127
23800	42.1591
23810	34.5325
23820	41.0788
23830	35.4356
23840	41.9997
23850	36.0428
23860	42.6069
23870	36.0014
23880	42.5655
23890	34.9306
23900	41.4947
23910	35.7594
23920	42.3236
23930	36.3065
23940	42.8706
23950	36.307
23960	42.877
23970	35.2281
23980	41.7981
23990	36.0685
24000	42.6384
24010	36.555
24020	43.1367
24030	36.6161
24040	43.1977
24050	35.6001
24060	42.1818
24070	36.4166
24080	42.9982
24090	36.8012
24100	43.3828
24110	36.9033
24120	43.4849
24130	35.9169
24140	42.4985
24150	36.6992
24160	43.2808
24170	37.0733
24180	43.655
24190	37.1754
24200	43.757
24210	36.189
24220	32.0748
24230	26.2755
24240	32.8571
24250	26.6473
24260	33.2348
24270	26.7626
24280	33.3501
24290	25.7957
24300	32.3831
24310	26.5236
24320	33.111
24330	26.9272
24340	33.5147
24350	27.0631
24360	33.6505
24370	26.11
24380	32.7032
24390	26.8023
24400	33.3955
24410	27.1843
24420	33.7775
24430	27.3421
24440	33.941
24450	26.4258
24460	33.0248
24470	27.156
24480	33.755
24490	27.4806
24500	34.0911
24510	27.6959
24520	34.3064
24530	26.7192
24540	33.3296
24550	27.5062
24560	34.1281
24570	27.808
24580	34.4299
24590	27.98
24600	34.6019
24610	27.0813
24620	33.7145
24630	27.8628
24640	34.496
24650	28.1013
24660	34.7345
24670	28.2692
24680	34.9136
24690	27.3624
24700	34.0068
24710	28.2024
24720	34.8468
24730	28.4388
24740	35.0888
24750	28.6443
24760	35.2943
24770	27.6616
24780	34.3116
24790	28.5528
24800	35.2028
24810	28.6723
24820	35.3223
24830	28.9056
24840	35.5556
24850	27.9345
24860	34.5956
24870	28.8598
24880	35.521
24890	28.9964
24900	35.6575
24910	29.1961
24920	35.8683
24930	28.2068
24940	34.879
24950	29.2057
24960	35.8779
24970	29.3428
24980	36.015
24990	29.4577
25000	36.1299
25010	28.4974
25020	35.1696
25030	29.5195
25040	36.2027
25050	29.6441
25060	36.3273
25070	29.7796
25080	36.4628
25090	28.7925
25100	35.4757
25110	29.7656
25120	36.4488
25130	29.9307
25140	36.6138
25150	30.0891
25160	36.7886
25170	29.104
25180	35.8035
25190	30.071
25200	36.7705
25210	30.2262
25220	36.9365
25230	30.394
25240	37.1044
25250	29.5113
25260	36.2216
25270	30.3985
25280	37.1142
25290	30.4917
25300	37.2074
25310	30.6634
25320	37.3791
25330	29.8322
25340	36.5586
25350	30.7257
25360	37.452
25370	30.8169
25380	37.5432
25390	30.9591
25400	37.6908
25410	30.2142
25420	36.9459
25430	31.0459
25440	37.7776
25450	31.0226
25460	37.7649
25470	31.2286
25480	37.9709
25490	30.5493
25500	37.2916
25510	31.4395
25520	38.1818
25530	31.3249
25540	38.0672
25550	31.4546
25560	38.1969
25570	30.8021
25580	37.5549
25590	31.7338
25600	38.4866
25610	31.5975
25620	38.3503
25630	31.7709
25640	38.5289
25650	31.0869
25660	37.8449
25670	32.0313
25680	38.7894
25690	31.8585
25700	38.6218
25710	32.083
25720	38.8462
25730	31.4234
25740	38.1867
25750	32.3165
25760	39.0798
25770	32.1838
25780	38.9471
25790	32.3127
25800	39.076
25810	31.6685
25820	38.4318
25830	32.5703
25840	39.3336
25850	32.4415
25860	39.2048
25870	32.5703
25880	39.3336
25890	31.9262
25900	38.6895
25910	32.828
25920	39.5913
25930	32.6991
25940	39.4624
25950	32.828
25960	39.5913
25970	32.1838
25980	38.9471
25990	33.0835
26000	39.852
26010	32.9668
26020	39.7353
26030	33.113
26040	39.8815
26050	32.4903
26060	39.264
26070	33.325
26080	40.0987
26090	33.2461
26100	40.0197
26110	33.4275
26120	40.2063
26130	32.7518
26140	39.5306
26150	33.5617
26160	40.3406
26170	33.5184
26180	40.3024
26190	33.7413
26200	40.5253
26210	33.0859
26220	39.8699
26230	33.8452
26240	40.6292
26250	33.8414
26260	40.6254
26270	33.9694
26280	40.7534
26290	33.3294
26300	40.1134
26310	34.0974
26320	40.8814
26330	34.0974
26340	40.8814
26350	34.2213
26360	41.0155
26370	33.6052
26380	40.3994
26390	34.3655
26400	41.1598
26410	34.4109
26420	41.2052
26430	34.4895
26440	41.2838
26450	33.9154
26460	40.7096
26470	34.6171
26480	41.4114
26490	34.6809
26500	41.4752
26510	34.7447
26520	41.539
26530	34.1685
26540	40.9679
26550	34.8725
26560	41.6718
26570	34.9535
26580	41.7528
26590	35.0338
26600	41.8484
26610	34.5144
26620	41.329
26630	35.1288
26640	41.9434
26650	35.2168
26660	42.0364
26670	35.4074
26680	42.227
26690	34.8542
26700	41.6739
26710	35.3719
26720	42.1966
26730	35.4653
26740	42.2899
26750	35.7037
26760	42.5284
26770	35.1847
26780	42.0193
26790	35.7002
26800	42.5349
26810	35.7342
26820	42.5689
26830	36.0273
26840	42.8719
26850	35.4978
26860	42.3424
26870	35.9313
26880	42.7759
26890	36.0368
26900	42.8863
26910	36.3141
26920	43.1636
26930	35.7881
26940	42.6376
26950	36.1867
26960	43.0363
26970	36.3398
26980	43.1893
26990	36.6219
27000	43.4714
27010	36.0204
27020	42.8846
27030	36.4527
27040	43.317
27050	36.619
27060	43.4832
27070	36.9667
27080	43.831
27090	36.3528
27100	43.2171
27110	36.7272
27120	43.5915
27130	36.8501
27140	43.7192
27150	37.2358
27160	44.105
27170	36.5883
27180	43.4575
27190	36.9845
27200	43.8536
27210	37.1365
27220	44.0057
27230	37.5415
27240	44.4107
27250	36.825
27260	43.6941
27270	37.23
27280	44.0991
27290	37.3857
27300	44.2549
27310	37.7868
27320	44.6657
27330	37.0931
27340	43.972
27350	37.4906
27360	44.3695
27370	37.6862
27380	44.5748
27390	38.0648
27400	44.9533
27410	37.4062
27420	44.2947
27430	37.7179
27440	44.6112
27450	38.0004
27460	44.8937
27470	38.379
27480	45.2724
27490	37.6856
27500	44.5885
27510	38.0133
27520	44.9163
27530	38.315
27540	45.218
27550	38.5963
27560	45.4992
27570	37.9722
27580	44.8751
27590	38.342
27600	45.2449
27610	38.5847
27620	45.4971
27630	38.8534
27640	45.7658
27650	38.2305
27660	45.143
27670	38.6412
27680	45.5584
27690	38.8508
27700	45.768
27710	39.1742
27720	46.0914
27730	38.5187
27740	45.4406
27750	38.885
27760	45.8069
27770	39.0761
27780	45.998
27790	39.433
27800	46.3596
27810	38.8276
27820	45.7542
27830	39.1715
27840	46.0981
27850	39.3118
27860	46.2477
27870	39.7184
27880	46.6544
27890	39.1308
27900	46.0667
27910	39.4485
27920	46.3845
27930	39.6546
27940	46.5906
27950	39.99
27960	46.926
27970	39.3479
27980	46.2885
27990	39.6941
28000	46.6348
28010	39.884
28020	46.8247
28030	40.2406
28040	47.1812
28050	39.6279
28060	46.5685
28070	39.9932
28080	46.9338
28090	40.115
28100	47.0556
28110	40.4802
28120	47.4209
28130	39.8714
28140	46.8121
28150	41.1577
28160	32.898
28170	39.8433
28180	31.3149
28190	38.2602
28200	29.947
28210	36.8922
28220	27.5537
28230	34.5036
28240	27.9442
28250	34.8941
28260	28.1135
28270	35.0635
28280	28.41
28290	35.3646
28300	27.8568
28310	34.8114
28320	28.1776
28330	35.1321
28340	28.3826
28350	35.3418
28360	28.7257
28370	35.6848
28380	28.0601
28390	35.0193
28400	28.4158
28410	35.3749
28420	28.6555
28430	35.6147
28440	29.0186
28450	35.9777
28460	28.2929
28470	35.2566
28480	28.668
28490	35.6317
28500	28.8804
28510	35.8441
28520	29.2662
28530	36.2345
28540	28.581
28550	35.5493
28560	28.9441
28570	35.9124
28580	29.118
28590	36.0909
28600	29.55
28610	36.5228
28620	28.8573
28630	35.8302
28640	29.1812
28650	36.154
28660	29.3897
28670	36.3626
28680	29.8415
28690	36.8144
28700	29.0885
28710	36.0613
28720	29.4198
28730	36.3927
28740	29.6306
28750	36.6035
28760	30.0833
28770	37.0653
28780	29.3381
28790	36.32
28800	29.6569
28810	36.6388
28820	29.9122
28830	36.8942
28840	30.4181
28850	37.4001
28860	29.6073
28870	36.5893
28880	29.879
28890	36.8745
28900	30.1683
28910	37.1638
28920	30.6829
28930	37.6784
28940	29.9423
28950	36.9468
28960	30.2115
28970	37.216
28980	30.4383
28990	37.4428
29000	30.8851
29010	37.8985
29020	30.2482
29030	37.2616
29040	30.5338
29050	37.5472
29060	30.7571
29070	37.7749
29080	31.1342
29090	38.152
29100	30.5571
29110	37.5749
29120	30.7411
29130	37.7589
29140	31.0059
29150	38.0237
29160	31.3916
29170	38.4094
29180	30.8278
29190	37.8456
29200	30.9762
29210	37.994
29220	31.2432
29230	38.261
29240	31.6299
29250	38.6565
29260	31.0897
29270	38.1163
29280	31.2716
29290	38.2982
29300	31.5077
29310	38.5431
29320	31.865
29330	38.9004
29340	31.3505
29350	38.3859
29360	31.5269
29370	38.571
29380	31.8108
29390	38.8549
29400	32.2273
29410	39.2714
29420	31.6371
29430	38.6856
29440	31.7294
29450	38.7778
29460	32.0694
29470	39.1179
29480	32.5325
29490	39.5853
29500	31.9382
29510	38.9909
29520	31.9548
29530	39.0076
29540	32.3292
29550	39.3863
29560	32.8368
29570	39.8939
29580	32.1794
29590	39.2365
29600	32.1562
29610	39.2176
29620	32.5753
29630	39.6367
29640	33.1187
29650	40.1801
29660	32.4235
29670	39.4978
29680	32.4101
29690	39.4843
29700	32.8975
29710	39.9718
29720	33.4423
29730	40.5165
29740	32.6912
29750	39.7654
29760	32.6329
29770	39.7072
29780	33.1574
29790	40.2359
29800	33.6766
29810	40.7551
29820	32.9366
29830	40.0151
29840	32.9009
29850	39.9879
29860	33.4574
29870	40.5444
29880	33.9258
29890	41.0128
29900	33.2439
29910	40.3351
29920	33.1767
29930	40.2678
29940	33.6855
29950	40.7767
29960	34.1993
29970	41.2905
29980	33.4574
29990	40.5486
30000	33.3995
30010	40.4907
30020	33.9209
30030	41.0163
30040	34.453
30050	41.5484
30060	33.7173
30070	40.8126
30080	33.6813
30090	40.7809
30100	34.1209
30110	41.2204
30120	34.686
30130	41.7856
30140	33.9864
30150	41.0943
30160	34.0064
30170	41.1143
30180	34.3403
30190	41.4482
30200	34.8862
30210	41.9983
30220	34.2437
30230	41.3558
30240	34.3175
30250	41.4295
30260	34.6267
30270	41.7429
30280	35.1815
30290	42.2977
30300	34.4797
30310	41.5959
30320	34.5879
30330	41.7124
30340	34.8344
30350	41.9589
30360	35.4399
30370	42.5644
30380	34.7233
30390	41.86
30400	34.9232
30410	42.06
30420	35.0986
30430	42.2354
30440	35.7176
30450	42.8584
30460	34.965
30470	42.1059
30480	35.2373
30490	42.3781
30500	35.3282
30510	42.469
30520	35.9519
30530	43.0927
30540	35.2122
30550	42.353
30560	35.4967
30570	42.6375
30580	35.5536
30590	42.6944
30600	36.1795
30610	43.3203
30620	35.4402
30630	42.5851
30640	35.7355
30650	42.8804
30660	35.7644
30670	42.9092
30680	36.4107
30690	43.5556
30700	35.6981
30710	42.843
30720	36.0106
30730	43.1555
30740	35.983
30750	43.136
30760	36.6423
30770	43.7953
30780	35.9208
30790	43.0738
30800	36.2751
30810	43.4321
30820	36.2942
30830	43.4512
30840	36.9047
30850	44.0617
30860	36.1614
30870	43.3184
30880	36.5552
30890	43.7122
30900	36.4987
30910	43.6557
30920	37.121
30930	44.278
30940	36.3855
30950	43.5425
30960	36.7816
30970	43.9386
30980	36.7254
30990	43.8864
31000	37.3584
31010	44.5194
31020	36.6392
31030	43.8002
31040	37.0562
31050	44.2212
31060	36.9207
31070	44.0857
31080	37.5859
31090	44.7509
31100	36.9012
31110	44.0662
31120	37.3503
31130	44.5153
31140	37.1246
31150	44.2897
31160	37.802
31170	44.9711
31180	37.1204
31190	44.2895
31200	37.5873
31210	44.7564
31220	37.3835
31230	44.5605
31240	38.0913
31250	45.2683
31260	37.3631
31270	44.54
31280	37.8835
31290	45.0683
31300	37.6447
31310	44.8296
31320	38.2781
31330	45.463
31340	37.6189
31350	44.8077
31360	38.1979
31370	45.3868
31380	37.9057
31390	45.0945
31400	38.5144
31410	45.7072
31420	37.8921
31430	45.0848
31440	38.4109
31450	45.6037
31460	38.1521
31470	45.3448
31480	38.7924
31490	45.9851
31500	38.0941
31510	45.2868
31520	38.6256
31530	45.8261
31540	38.3801
31550	45.5807
31560	39.053
31570	46.2536
31580	38.3983
31590	45.6105
31600	38.8961
31610	46.1083
31620	38.5937
31630	45.8059
31640	39.2793
31650	46.4954
31660	38.7281
31670	45.9442
31680	39.1442
31690	46.3603
31700	38.8325
31710	46.0524
31720	39.5332
31730	46.7531
31740	39.0226
31750	46.2425
31760	39.3323
31770	46.5522
31780	39.0533
31790	46.2733
31800	39.7726
31810	46.9925
31820	39.275
31830	46.4988
31840	39.562
31850	46.7858
31860	39.3009
31870	46.5247
31880	39.9699
31890	47.1975
31900	39.5084
31910	46.736
31920	39.8275
31930	47.0551
31940	39.5999
31950	46.8313
31960	40.1721
31970	47.4035
31980	39.7036
31990	46.935
32000	40.0551
32010	47.2903
32020	39.8704
32030	47.1056
32040	40.4639
32050	47.6991
32060	39.9612
32070	47.1964
32080	40.2465
32090	47.4818
32100	40.0815
32110	47.3167
32120	40.6871
32130	47.9261
32140	40.2023
32150	47.4413
32160	40.45
32170	47.689
32180	40.3065
32190	47.5568
32200	40.9516
32210	48.202
32220	40.4886
32230	47.739
32240	40.741
32250	47.9913
32260	40.5824
32270	47.8327
32280	41.1843
32290	48.4346
32300	40.6922
32310	47.9463
32320	40.976
32330	48.2301
32340	40.7847
32350	35.9348
32360	29.3113
32370	36.5766
32380	28.8568
32390	36.1221
32400	29.1562
32410	36.4215
32420	28.8981
32430	36.1634
32440	29.6056
32450	36.8709
32460	29.1158
32470	36.3811
32480	29.3879
32490	36.6532
32500	29.1158
32510	36.3811
32520	29.8233
32530	37.0886
32540	29.3335
32550	36.5988
32560	29.6056
32570	36.8709
32580	29.3335
32590	36.5988
32600	30.041
32610	37.3063
32620	29.5512
32630	36.8165
32640	29.8233
32650	37.0886
32660	29.5512
32670	36.8165
32680	30.2586
32690	37.524
32700	29.7659
32710	37.0386
32720	30.0476
32730	37.3203
32740	29.8034
32750	37.0761
32760	30.4834
32770	37.7598
32780	30.051
32790	37.3274
32800	30.2818
32810	37.5582
32820	30.0212
32830	37.2977
32840	30.6954
32850	37.9719
32860	30.2889
32870	37.5654
32880	30.5314
32890	37.8115
32900	30.2421
32910	37.5223
32920	30.9331
32930	38.2132
32940	30.5442
32950	37.8279
32960	30.7309
32970	38.0147
32980	30.4741
32990	37.7579
33000	31.1338
33010	38.4175
33020	30.7789
33030	38.0627
33040	30.9681
33050	38.2518
33060	30.7248
33070	38.0086
33080	31.3464
33090	38.6302
33100	30.9951
33110	38.2789
33120	31.1828
33130	38.4703
33140	30.9484
33150	38.2358
33160	31.5835
33170	38.8709
33180	31.1889
33190	38.4764
33200	31.4015
33210	38.6889
33220	31.1855
33230	38.473
33240	31.8304
33250	39.1251
33260	31.4162
33270	38.7109
33280	31.6593
33290	38.954
33300	31.4175
33310	38.7159
33320	32.0306
33330	39.329
33340	31.6676
33350	38.966
33360	31.9551
33370	39.2535
33380	31.621
33390	38.9194
33400	32.2393
33410	39.5376
33420	31.8883
33430	39.1904
33440	32.1927
33450	39.4947
33460	31.857
33470	39.1591
33480	32.4287
33490	39.738
33500	32.1205
33510	39.4297
33520	32.4347
33530	39.744
33540	32.1471
33550	39.4636
33560	32.6584
33570	39.9748
33580	32.3833
33590	39.6997
33600	32.6874
33610	40.0038
33620	32.3787
33630	39.6951
33640	32.9127
33650	40.2292
33660	32.5923
33670	39.9087
33680	32.9127
33690	40.2292
33700	32.5923
33710	39.9087
33720	33.1235
33730	40.4471
33740	32.8204
33750	40.1439
33760	33.1328
33770	40.4564
33780	32.7869
33790	40.1141
33800	33.3748
33810	40.7019
33820	33.122
33830	40.4491
33840	33.3453
33850	40.6724
33860	32.996
33870	40.3232
33880	33.6077
33890	40.9349
33900	33.3684
33910	40.6955
33920	33.5545
33930	40.8817
33940	33.2088
33950	40.5359
33960	33.8205
33970	41.1476
33980	33.5811
33990	40.9083
34000	33.7673
34010	41.0944
34020	33.4216
34030	40.7487
34040	34.0333
34050	41.3604
34060	33.7939
34070	41.121
34080	33.9787
34090	41.3093
34100	33.6415
34110	40.9722
34120	34.2664
34130	41.597
34140	34.0426
34150	41.3804
34160	34.1732
34170	41.511
34180	33.8471
34190	41.1848
34200	34.5172
34210	41.862
34220	34.3684
34230	41.7132
34240	34.448
34250	41.7928
34260	34.1141
34270	41.4588
34280	34.7602
34290	42.105
34300	34.6545
34310	41.9993
34320	34.7602
34330	42.1049
34340	34.4431
34350	41.7879
34360	35.0772
34370	42.422
34380	34.9701
34390	42.3184
34400	35.0843
34410	42.4325
34420	34.7464
34430	42.0946
34440	35.3939
34450	42.7527
34460	35.3366
34470	42.6954
34480	35.474
34490	42.8327
34500	35.0701
34510	42.4357
34520	35.7262
34530	43.0918
34540	35.7185
34550	43.0841
34560	35.7964
34570	43.169
34580	35.4314
34590	42.8039
34600	36.1046
34610	43.4772
34620	36.0868
34630	43.4628
34640	36.193
34650	43.569
34660	35.754
34670	43.13
34680	36.3976
34690	43.777
34700	36.4286
34710	43.808
34720	36.5383
34730	43.9177
34740	36.0605
34750	43.4399
34760	36.7352
34770	44.1146
34780	36.7874
34790	44.1668
34800	36.8368
34810	44.223
34820	36.3763
34830	43.7625
34840	37.0459
34850	44.4322
34860	37.1337
34870	44.5199
34880	37.2311
34890	44.6173
34900	36.7109
34910	44.0971
34920	37.3337
34930	44.7233
34940	37.446
34950	44.8356
34960	37.563
34970	44.9526
34980	36.9999
34990	44.3929
35000	37.6542
35010	45.0472
35020	37.7971
35030	45.19
35040	37.9433
35050	45.3396
35060	37.2917
35070	44.6881
35080	37.9789
35090	45.3753
35100	38.0899
35110	45.493
35120	38.2842
35130	45.6873
35140	37.663
35150	45.0661
35160	38.3374
35170	45.7405
35180	38.3747
35190	45.7778
35200	38.6072
35210	46.0103
35220	38.0129
35230	45.416
35240	38.6589
35250	46.062
35260	38.6848
35270	46.0879
35280	38.916
35290	46.3224
35300	38.3221
35310	45.7286
35320	38.9807
35330	46.3872
35340	39.0229
35350	46.4327
35360	39.2858
35370	46.6956
35380	38.628
35390	46.0378
35400	39.3148
35410	46.7279
35420	39.3118
35430	46.7249
35440	39.6081
35450	47.0212
35460	38.92
35470	46.3398
35480	39.6458
35490	47.0656
35500	39.6715
35510	47.0913
35520	39.9547
35530	47.3778
35540	39.2883
35550	46.7114
35560	39.935
35570	47.3581
35580	40.0026
35590	47.4289
35600	40.2893
35610	47.7157
35620	39.6614
35630	47.0877
35640	40.2669
35650	47.6965
35660	40.2818
35670	47.7115
35680	40.6018
35690	48.0314
35700	40.0012
35710	47.4407
35720	40.6535
35730	48.093
35740	40.6149
35750	48.0544
35760	40.9391
35770	48.3818
35780	40.3431
35790	47.7859
35800	40.967
35810	48.4097
35820	40.9259
35830	48.3686
35840	41.2534
35850	48.6962
35860	40.6682
35870	48.1109
35880	41.303
35890	48.749
35900	41.227
35910	48.673
35920	41.5703
35930	49.0163
35940	41.0002
35950	48.4527
35960	41.6659
35970	49.1183
35980	41.5387
35990	48.9912
