10	5
20	5
30	5
40	5
50	5
60	5
70	8.33333
80	15
90	25
100	25
110	35
120	30
130	23.3333
140	33.3333
150	26.6667
160	23.3333
170	20
180	30
190	26.6667
200	36.6667
210	30.9333
220	23.1333
230	33.1333
240	24
250	34
260	28
270	26.1143
280	21.4857
290	31.4857
300	29.1429
310	39.1429
320	37.9643
330	47.9643
340	44.7857
350	54.7857
360	49.3214
370	59.3214
380	54.5179
390	64.5179
400	54.5179
410	46.25
420	36.25
430	46.25
440	36.65
450	46.65
460	40.25
470	50.25
480	42.85
490	52.85
500	49.55
510	59.55
520	51.85
530	61.85
540	52.4136
550	38.8045
560	48.8045
570	42.8621
580	36.8848
590	46.8848
600	36.7409
610	46.7409
620	43.0591
630	53.0591
640	48.0591
650	58.0591
660	43.0591
670	53.0591
680	47.5
690	44.8214
700	54.8214
710	43.6905
720	53.6905
730	46.4286
740	56.4286
750	48.7619
760	58.7619
770	43.9333
780	37.7595
790	34.2595
800	44.2595
810	38.4484
820	48.4484
830	45.8516
840	55.8516
850	49.1849
860	59.1849
870	45.8516
880	55.8516
890	47.2
900	57.2
910	50.5333
920	60.5333
930	47.2
940	40
950	36.6667
960	46.6667
970	40
980	50
990	36.8713
1000	46.8713
1010	42.1345
1020	52.1345
1030	46.1988
1040	56.1988
1050	44.0936
1060	41.2281
1070	38.4211
1080	48.4211
1090	42.6316
1100	52.6316
1110	40.7289
1120	50.729
1130	42.0263
1140	52.0263
1150	46.9079
1160	56.9079
1170	45.9079
1180	40.7053
1190	50.7053
1200	46.5
1210	41.5
1220	51.5
1230	40.7
1240	50.7
1250	42.9286
1260	52.9286
1270	46.0714
1280	56.0714
1290	46.6964
1300	38.6869
1310	48.6869
1320	44.1333
1330	54.1333
1340	49.7819
1350	59.7819
1360	48.5719
1370	43.5533
1380	36.6133
1390	46.6133
1400	40.4369
1410	50.4369
1420	41.5569
1430	51.5569
1440	44.0708
1450	54.0708
1460	42.3815
1470	52.3815
1480	43.92
1490	53.92
1500	48.5354
1510	58.5354
1520	53.1508
1530	44.2222
1540	54.2222
1550	43.2332
1560	53.2332
1570	48.022
1580	43.7363
1590	53.7363
1600	46.4973
1610	39.3544
1620	49.3544
1630	39.6429
1640	49.6429
1650	39.702
1660	49.702
1670	41.9187
1680	51.9187
1690	46.1305
1700	56.1305
1710	49.7924
1720	59.7924
1730	50.7802
1740	60.7802
1750	50.5827
1760	60.5827
1770	55.3405
1780	65.3405
1790	54.9534
1800	64.9534
1810	48.0461
1820	41.2977
1830	38.5147
1840	48.5147
1850	43.0441
1860	53.0441
1870	44.8676
1880	54.8676
1890	39.0858
1900	49.0859
1910	43.0366
1920	36.6455
1930	46.6455
1940	41.7806
1950	51.7806
1960	47.0429
1970	57.0429
1980	48.124
1990	58.124
2000	50.1926
2010	60.1926
2020	50.8115
2030	60.8115
2040	37.6937
2050	47.6937
2060	39.286
2070	49.286
2080	39.9955
2090	49.9955
2100	43.8263
2110	53.8263
2120	44.8421
2130	54.8421
2140	41.0616
2150	38.9823
2160	48.9823
2170	45.275
2180	55.275
2190	46.4945
2200	56.4945
2210	46.0067
2220	56.0067
2230	37.439
2240	47.439
2250	41.5418
2260	51.5418
2270	40.302
2280	50.302
2290	37.2706
2300	47.2706
2310	44.8094
2320	54.8094
2330	47.816
2340	38.7961
2350	48.7961
2360	39.2328
2370	49.2328
2380	47.9337
2390	57.9337
2400	50.4358
2410	60.4358
2420	51.9125
2430	61.9125
2440	50.0943
2450	44.7727
2460	37.0455
2470	47.0455
2480	41.0056
2490	51.0056
2500	44.7646
2510	54.7646
2520	43.2313
2530	53.2313
2540	39.972
2550	49.972
2560	45.954
2570	55.954
2580	49.4873
2590	59.4873
2600	50.0575
2610	60.0575
2620	46.2278
2630	56.2278
2640	49.632
2650	44.3129
2660	54.3129
2670	50
2680	42.1277
2690	52.1277
2700	42.9787
2710	52.9787
2720	40.8511
2730	50.8511
2740	42.8632
2750	52.8632
2760	43.6822
2770	53.6822
2780	48.7851
2790	58.7851
2800	47.4928
2810	57.4928
2820	43.003
2830	53.003
2840	48.3092
2850	45.0439
2860	55.0439
2870	48.5132
2880	58.5132
2890	47.0847
2900	42.8571
2910	52.8571
2920	44.2857
2930	37.7551
2940	47.7551
2950	39.3878
2960	49.3878
2970	41.0498
2980	51.0498
2990	42.0669
3000	52.0669
3010	43.9935
3020	53.9935
3030	45.9147
3040	55.9147
3050	48.6771
3060	58.6771
3070	50.8571
3080	40.2159
3090	50.2159
3100	45.51
3110	55.51
3120	49.6277
3130	59.6277
3140	51.9029
3150	47.0255
3160	57.0255
3170	46.1265
3180	56.1265
3190	45.3496
3200	37.2364
3210	47.2364
3220	40.1887
3230	50.1887
3240	39.0566
3250	49.0566
3260	40.9434
3270	50.9434
3280	45.4913
3290	55.4913
3300	47.5514
3310	42.3973
3320	52.3973
3330	41.6439
3340	51.6439
3350	46.9746
3360	56.9746
3370	50.4662
3380	60.4662
3390	52.9603
3400	62.9603
3410	54.674
3420	64.674
3430	51.881
3440	45.8724
3450	37.9777
3460	47.9777
3470	40.3509
3480	50.3509
3490	43.5088
3500	53.5088
3510	44.1333
3520	54.1333
3530	40.2193
3540	50.2193
3550	44.093
3560	54.093
3570	46.0307
3580	41.1487
3590	51.1487
3600	43.293
3610	53.293
3620	44.9061
3630	54.9061
3640	47.2012
3650	57.2012
3660	50.9717
3670	47.541
3680	41.795
3690	51.795
3700	42.2415
3710	52.2415
3720	38.3812
3730	48.3812
3740	43.3562
3750	53.3562
3760	43.0943
3770	53.0943
3780	44.6281
3790	54.6281
3800	45.7411
3810	55.7411
3820	50.7637
3830	60.7637
3840	50.8945
3850	60.8945
3860	46.1541
3870	56.1541
3880	50.2715
3890	46.5263
3900	41.3371
3910	51.3371
3920	41.8787
3930	51.8787
3940	37.7395
3950	47.7395
3960	41.3946
3970	51.3946
3980	45.8399
3990	55.8399
4000	46.7354
4010	56.7354
4020	42.8548
4030	52.8548
4040	46.0625
4050	56.0625
4060	50.7032
4070	60.7032
4080	51.2277
4090	61.2277
4100	48.0176
4110	58.0176
4120	50.3955
4130	60.3955
4140	39.3195
4150	49.3195
4160	40.8451
4170	50.8451
4180	38.3099
4190	48.3099
4200	40.2817
4210	50.2817
4220	41.3028
4230	51.3028
4240	44.5188
4250	38.1416
4260	48.1416
4270	41.7214
4280	51.7214
4290	44.242
4300	54.242
4310	44.8965
4320	54.8965
4330	49.9357
4340	59.9357
4350	51.1358
4360	61.1359
4370	51.5165
4380	61.5165
4390	49.7912
4400	45.4333
4410	40.3521
4420	50.3521
4430	40.6561
4440	33.325
4450	43.325
4460	34.8889
4470	44.8889
4480	42.0564
4490	52.0564
4500	44.7057
4510	54.7057
4520	44.0629
4530	54.0629
4540	43.2837
4550	53.2837
4560	48.7382
4570	58.7382
4580	48.998
4590	40.8161
4600	50.8161
4610	42.6343
4620	52.6343
4630	36.8312
4640	46.8312
4650	39.5584
4660	49.5584
4670	38.7792
4680	48.7792
4690	38
4700	48
4710	43.1948
4720	53.1948
4730	46.1039
4740	56.1039
4750	45.3247
4760	55.3247
4770	44.4907
4780	54.4907
4790	44.9316
4800	54.9316
4810	49.9915
4820	59.9915
4830	49.666
4840	59.666
4850	48.4001
4860	58.4001
4870	49.1596
4880	59.1596
4890	53.9698
4900	63.9698
4910	53.7166
4920	63.7166
4930	52.4508
4940	62.4508
4950	53.1248
4960	63.1248
4970	39.4076
4980	49.4076
4990	40.5365
5000	50.5365
5010	39.5448
5020	49.5448
5030	39.3802
5040	49.3802
5050	40.9168
5060	50.9168
5070	45.28
5080	37.4242
5090	47.4242
5100	39.63
5110	49.63
5120	42.776
5130	52.776
5140	47.4442
5150	57.4442
5160	48.691
5170	58.691
5180	48.8429
5190	58.8429
5200	50.0522
5210	60.0522
5220	49.4426
5230	44.7225
5240	54.7225
5250	46.9091
5260	56.9091
5270	50.7049
5280	60.7049
5290	52.939
5300	47.2478
5310	39.7879
5320	49.7879
5330	39.6471
5340	49.6471
5350	41.3895
5360	51.3895
5370	41.2625
5380	51.2625
5390	43.1624
5400	53.1624
5410	43.3085
5420	37.5702
5430	47.5702
5440	39.5521
5450	49.5521
5460	43.9341
5470	53.9341
5480	46.0871
5490	56.0871
5500	48.3624
5510	58.3624
5520	47.7532
5530	41.9501
5540	51.9501
5550	44.3817
5560	54.3817
5570	49.3496
5580	59.3496
5590	50.9812
5600	60.9812
5610	52.5222
5620	62.5222
5630	52.3906
5640	47.489
5650	40.2415
5660	50.2415
5670	39.4817
5680	49.4817
5690	40.9328
5700	50.9328
5710	41.2338
5720	35.4882
5730	45.4882
5740	37.6929
5750	47.6929
5760	41.3687
5770	51.3687
5780	44.4084
5790	54.4084
5800	45.8922
5810	55.8922
5820	45.3164
5830	39.1932
5840	49.1932
5850	42.4075
5860	52.4075
5870	46.3667
5880	56.3667
5890	48.2851
5900	58.2851
5910	49.3361
5920	59.3361
5930	50.1784
5940	60.1784
5950	52.1773
5960	62.1773
5970	51.9281
5980	44.9378
5990	54.9378
6000	47.9475
6010	57.9475
6020	35.8447
6030	45.8447
6040	38.1748
6050	48.1748
6060	38.7573
6070	48.7573
6080	39.3398
6090	49.3398
6100	42.8155
6110	52.8155
6120	42.6214
6130	52.6214
6140	43.2039
6150	53.2039
6160	43.8558
6170	38.0929
6180	48.0929
6190	40.2108
6200	50.2108
6210	43.539
6220	53.539
6230	46.6711
6240	56.6711
6250	48.4889
6260	58.4889
6270	48.0521
6280	41.4783
6290	51.4783
6300	44.6055
6310	54.6055
6320	48.5827
6330	58.5827
6340	50.6641
6350	60.6641
6360	51.6835
6370	61.6835
6380	52.1371
6390	46.2402
6400	56.2402
6410	48.5265
6420	58.5265
6430	51.7786
6440	61.7786
6450	55.6825
6460	45.7143
6470	37.8571
6480	47.8571
6490	37.8571
6500	47.8571
6510	38.5396
6520	48.5396
6530	40.9212
6540	50.9212
6550	43.2481
6560	53.2481
6570	43.542
6580	36.349
6590	46.349
6600	38.542
6610	48.542
6620	43.1911
6630	53.1911
6640	45.9981
6650	55.9981
6660	46.349
6670	56.349
6680	45.9981
6690	55.9981
6700	48.4543
6710	58.4543
6720	48.8051
6730	41.6122
6740	51.6122
6750	43.8051
6760	53.8051
6770	48.4543
6780	58.4543
6790	51.2613
6800	61.2613
6810	51.6122
6820	61.6122
6830	51.2613
6840	45.9104
6850	55.9104
6860	48.7174
6870	58.7174
6880	51.5244
6890	46.0526
6900	56.0526
6910	45.7018
6920	38.1674
6930	48.1674
6940	38.5717
6950	48.5717
6960	39.0187
6970	49.0187
6980	40.7902
6990	50.7902
7000	43.3989
7010	53.3989
7020	43.9207
7030	36.8772
7040	46.8772
7050	38.5717
7060	48.5717
7070	43.4049
7080	53.4049
7090	46.4601
7100	56.4601
7110	47.0786
7120	57.0786
7130	45.8352
7140	40.8951
7150	50.8951
7160	43.6975
7170	53.6975
7180	46.5478
7190	56.5478
7200	48.2596
7210	58.2596
7220	51.4592
7230	61.4592
7240	51.1723
7250	61.1723
7260	51.4689
7270	61.4689
7280	50.9257
7290	47.2727
7300	40.7438
7310	50.7438
7320	40.2479
7330	32.8926
7340	42.8926
7350	34.9475
7360	44.9475
7370	40.405
7380	50.405
7390	42.3852
7400	52.3852
7410	42.981
7420	52.981
7430	42.4546
7440	52.4546
7450	45.4546
7460	55.4546
7470	44.4887
7480	37.915
7490	47.915
7500	40.3158
7510	50.3158
7520	45.0256
7530	55.0256
7540	46.4319
7550	56.4319
7560	47.6819
7570	57.6819
7580	47.6819
7590	42.3762
7600	52.3762
7610	43.8318
7620	53.8318
7630	47.5055
7640	57.5055
7650	49.5961
7660	59.5961
7670	52.3312
7680	62.3312
7690	51.0655
7700	44.9994
7710	54.9994
7720	46.8315
7730	56.8315
7740	52.6718
7750	45.5725
7760	55.5725
7770	44.2547
7780	35.8363
7790	45.8363
7800	34.9139
7810	44.9138
7820	40.1687
7830	50.1687
7840	41.5992
7850	51.5992
7860	43.0343
7870	53.0343
7880	42.1133
7890	37.4864
7900	47.4864
7910	38.6805
7920	48.6805
7930	42.4864
7940	52.4864
7950	44.2203
7960	54.2203
7970	47.5487
7980	57.5487
7990	46.1537
8000	56.1537
8010	47.2534
8020	57.2534
8030	46.5126
8040	41.9941
8050	51.9941
8060	43.2843
8070	53.2843
8080	46.7405
8090	56.7405
8100	48.6839
8110	58.6839
8120	52.195
8130	62.195
8140	50.4581
8150	43.8535
8160	53.8535
8170	45.9215
8180	55.9215
8190	52.5652
8200	46.1078
8210	56.1079
8220	44.5744
8230	35.3864
8240	45.3864
8250	35.0725
8260	45.0725
8270	40.3623
8280	50.3623
8290	41.5942
8300	51.5942
8310	42.4638
8320	52.4638
8330	42.1739
8340	37.4638
8350	47.4638
8360	38.7092
8370	48.7092
8380	42.0165
8390	52.0165
8400	44.3486
8410	54.3486
8420	47.1563
8430	57.1563
8440	45.8613
8450	39.2426
8460	49.2426
8470	41.6167
8480	51.6167
8490	46.4846
8500	56.4846
8510	47.9497
8520	57.9497
8530	49.1118
8540	59.1118
8550	48.7784
8560	58.7784
8570	51.0644
8580	61.0644
8590	49.8987
8600	43.7186
8610	53.7186
8620	46.0963
8630	56.0963
8640	50.4319
8650	60.4319
8660	51.8305
8670	61.8305
8680	53.369
8690	63.369
8700	53.2291
8710	47.5648
8720	57.5648
8730	48.9277
8740	58.9277
8750	52.9765
8760	44.5743
8770	54.5743
8780	44.5341
8790	36.7438
8800	46.7438
8810	35.1238
8820	45.1238
8830	39.1533
8840	49.1533
8850	41.784
8860	51.784
8870	44.1757
8880	54.1757
8890	42.7524
8900	36.4987
8910	46.4987
8920	39.2384
8930	49.2384
8940	43.8959
8950	53.8959
8960	45.1973
8970	55.1973
8980	46.5672
8990	56.5672
9000	46.8411
9010	41.4987
9020	51.4987
9030	42.8217
9040	52.8217
9050	46.4265
9060	56.4265
9070	49.3195
9080	59.3195
9090	51.5284
9100	61.5284
9110	50.4576
9120	60.4576
9130	51.5213
9140	61.5213
9150	52.0495
9160	46.3916
9170	56.3916
9180	47.9706
9190	57.9706
9200	34.9839
9210	44.9839
9220	37.989
9230	47.989
9240	40.1644
9250	50.1644
9260	38.7574
9270	48.7574
9280	41.2466
9290	51.2466
9300	42.053
9310	52.053
9320	44.4731
9330	54.4731
9340	42.7957
9350	36.086
9360	46.086
9370	39.3763
9380	49.3763
9390	43.9929
9400	53.9929
9410	44.9435
9420	54.9435
9430	45.9927
9440	55.9927
9450	47.1235
9460	41.5523
9470	51.5523
9480	42.4566
9490	52.4566
9500	45.6275
9510	55.6275
9520	49.3141
9530	59.3141
9540	51.7227
9550	61.7227
9560	49.7598
9570	42.6832
9580	52.6832
9590	46.5287
9600	56.5287
9610	51.2746
9620	61.2746
9630	52.1322
9640	62.1322
9650	52.2565
9660	62.2565
9670	53.8714
9680	48.6347
9690	41.2911
9700	51.2911
9710	39.3926
9720	49.3926
9730	39.4361
9740	49.4361
9750	40.8541
9760	35.9448
9770	45.9448
9780	36.809
9790	46.809
9800	39.4045
9810	49.4045
9820	42.859
9830	52.859
9840	45.8893
9850	55.8893
9860	44.0711
9870	54.0711
9880	44.1923
9890	54.1923
9900	45.2833
9910	40.4348
9920	50.4348
9930	41.3439
9940	51.3439
9950	43.9499
9960	53.9499
9970	47.4045
9980	57.4045
9990	50.4488
10000	60.4488
10010	48.6816
10020	41.102
10030	51.102
10040	44.6533
10050	54.6533
10060	49.9283
10070	59.9283
10080	50.7473
10090	60.7473
10100	50.6078
10110	60.6078
10120	51.9252
10130	47.2545
10140	57.2545
10150	47.9731
10160	57.9731
10170	50.3773
10180	60.3773
10190	54.9837
10200	46.3511
10210	39.3682
10220	49.3682
10230	37.4518
10240	47.4518
10250	37.4918
10260	47.4918
10270	41.3063
10280	51.3063
10290	43.8191
10300	53.8191
10310	41.964
10320	34.6838
10330	44.6838
10340	38.6731
10350	48.6731
10360	43.1843
10370	53.1843
10380	43.8248
10390	53.8248
10400	44.3239
10410	54.3239
10420	45.8653
10430	55.8653
10440	48.3549
10450	58.3549
10460	46.2684
10470	38.9623
10480	48.9623
10490	42.9677
10500	52.9677
10510	47.5927
10520	57.5927
10530	48.1744
10540	58.1744
10550	48.3307
10560	58.3307
10570	50.3163
10580	44.973
10590	54.973
10600	45.2136
10610	55.2136
10620	47.971
10630	57.971
10640	52.3457
10650	62.3457
10660	54.9878
10670	64.9878
10680	52.0757
10690	44.7004
10700	54.7004
10710	49.837
10720	42.1281
10730	52.1281
10740	45.017
10750	55.017
10760	41.9915
10770	32.0216
10780	42.0216
10790	36.4813
10800	46.4813
10810	41.5081
10820	51.5081
10830	41.1992
10840	51.1992
10850	41.4142
10860	51.4142
10870	43.7798
10880	38.7134
10890	48.7134
10900	38.4266
10910	48.4266
10920	41.1716
10930	51.1716
10940	45.8158
10950	55.8158
10960	48.2757
10970	58.2757
10980	45.1741
10990	55.1741
11000	45.4949
11010	55.4949
11020	47.8925
11030	42.5741
11040	52.5741
11050	42.4293
11060	52.4293
11070	45.3157
11080	55.3157
11090	49.5959
11100	59.5959
11110	52.2593
11120	62.2593
11130	49.1282
11140	42.1809
11150	52.1809
11160	46.3388
11170	56.3388
11180	51.2335
11190	61.2335
11200	50.9703
11210	60.9703
11220	51.6019
11230	61.6019
11240	53.4967
11250	48.3948
11260	58.3948
11270	48.1665
11280	58.1665
11290	51.2736
11300	61.2736
11310	55.2678
11320	46.9122
11330	39.8039
11340	49.8039
11350	36.6596
11360	46.6596
11370	37.5734
11380	47.5734
11390	41.6465
11400	51.6465
11410	44.7032
11420	54.7032
11430	41.2456
11440	34.6477
11450	44.6477
11460	38.7714
11470	48.7714
11480	43.9905
11490	53.9905
11500	43.3688
11510	53.3688
11520	44.511
11530	54.511
11540	46.1827
11550	56.1827
11560	49.448
11570	59.448
11580	45.7745
11590	39.346
11600	49.346
11610	43.2432
11620	53.2432
11630	48.6301
11640	58.6301
11650	47.9879
11660	57.9879
11670	49.2898
11680	59.2898
11690	50.5994
11700	45.9967
11710	55.9967
11720	45.4517
11730	55.4517
11740	49.1148
11750	59.1148
11760	52.5684
11770	62.5684
11780	55.058
11790	65.058
11800	54.2832
11810	64.2832
11820	55.7267
11830	65.7267
11840	56.4286
11850	66.4286
11860	53.2625
11870	46.2783
11880	56.2783
11890	47.7787
11900	57.7787
11910	46.7488
11920	56.7488
11930	44.839
11940	54.839
11950	38.7464
11960	48.7464
11970	42.4455
11980	52.4455
11990	43.675
12000	53.675
12010	44.3221
12020	54.3221
12030	41.1266
12040	51.1266
12050	44.8947
12060	54.8947
12070	45.9575
12080	55.9575
12090	46.6513
12100	56.6513
12110	43.5117
12120	53.5117
12130	47.3334
12140	57.3334
12150	48.1553
12160	58.1553
12170	48.838
12180	58.838
12190	45.9122
12200	55.9122
12210	49.56
12220	59.56
12230	50.5519
12240	60.5519
12250	50.926
12260	60.926
12270	48.1704
12280	58.1704
12290	51.8671
12300	61.8671
12310	52.9097
12320	62.9097
12330	53.1941
12340	63.1941
12350	50.4453
12360	46.3507
12370	40.0474
12380	50.0474
12390	41.0765
12400	51.0765
12410	41.3244
12420	51.3244
12430	38.7749
12440	48.7749
12450	42.354
12460	52.354
12470	43.3218
12480	53.3218
12490	43.5663
12500	53.5663
12510	40.8953
12520	50.8953
12530	44.6077
12540	54.6077
12550	45.5648
12560	55.5648
12570	45.7486
12580	55.7486
12590	43.1122
12600	53.1122
12610	46.8761
12620	56.8761
12630	47.6692
12640	57.6692
12650	47.7934
12660	57.7934
12670	45.4131
12680	55.4131
12690	49.1968
12700	59.1968
12710	49.6355
12720	59.6355
12730	49.8713
12740	59.8713
12750	47.6166
12760	57.6166
12770	51.4731
12780	61.4731
12790	51.7421
12800	61.7421
12810	52.0112
12820	62.0112
12830	49.769
12840	59.769
12850	53.6255
12860	63.6255
12870	53.8946
12880	63.8946
12890	54.1637
12900	64.1637
12910	51.9215
12920	46.6368
12930	56.6368
12940	48.4934
12950	58.4934
12960	46.1615
12970	56.1615
12980	44.0303
12990	54.0303
13000	39.1439
13010	49.1439
13020	42.9798
13030	52.9798
13040	42.8581
13050	52.8581
13060	43.4103
13070	53.4103
13080	41.3941
13090	51.3941
13100	45.2091
13110	55.2091
13120	44.8857
13130	54.8857
13140	45.6244
13150	55.6244
13160	43.3453
13170	53.3453
13180	47.2189
13190	57.2189
13200	46.9954
13210	56.9954
13220	47.8389
13230	57.8389
13240	45.5719
13250	55.572
13260	49.2241
13270	59.2241
13280	49.0502
13290	59.0502
13300	49.9353
13310	59.9353
13320	47.5651
13330	57.5651
13340	51.2659
13350	61.2659
13360	51.2062
13370	61.2062
13380	52.2301
13390	62.2301
13400	49.6161
13410	59.6161
13420	53.0972
13430	63.0972
13440	53.2203
13450	63.2203
13460	54.3917
13470	64.3917
13480	51.7938
13490	46.9008
13500	40.2108
13510	50.2108
13520	40.2747
13530	50.2747
13540	41.5236
13550	51.5236
13560	38.8717
13570	48.8717
13580	42.3228
13590	52.3228
13600	42.4072
13610	52.4072
13620	43.5042
13630	53.5043
13640	40.8882
13650	50.8882
13660	44.3481
13670	54.3481
13680	44.4325
13690	54.4325
13700	45.5395
13710	55.5395
13720	42.8331
13730	52.8331
13740	46.3364
13750	56.3364
13760	46.5044
13770	56.5044
13780	47.7104
13790	57.7104
13800	44.7038
13810	54.7038
13820	48.2935
13830	58.2935
13840	48.5446
13850	58.5446
13860	49.7998
13870	59.7998
13880	46.7275
13890	56.7275
13900	50.2524
13910	60.2524
13920	50.6059
13930	60.6059
13940	51.7068
13950	61.7068
13960	48.8022
13970	58.8022
13980	52.2047
13990	62.2047
14000	52.5884
14010	62.5884
14020	53.6966
14030	63.6966
14040	50.8512
14050	60.8512
14060	54.3222
14070	64.3222
14080	54.3946
14090	64.3946
14100	55.6001
14110	65.6001
14120	52.884
14130	46.8449
14140	56.8449
14150	48.3601
14160	58.3601
14170	45.8293
14180	55.8293
14190	44.4818
14200	54.4818
14210	39.0713
14220	49.0714
14230	42.7239
14240	52.7239
14250	42.4943
14260	52.4943
14270	43.5555
14280	53.5555
14290	41.0249
14300	51.0249
14310	44.7354
14320	54.7354
14330	44.4565
14340	54.4565
14350	45.4535
14360	55.4535
14370	42.893
14380	52.893
14390	46.7923
14400	56.7923
14410	46.3049
14420	56.3049
14430	47.3129
14440	57.3129
14450	44.7619
14460	54.7619
14470	48.7856
14480	58.7856
14490	48.3479
14500	58.3479
14510	49.1522
14520	59.1522
14530	46.6457
14540	56.6457
14550	50.7802
14560	60.7802
14570	50.2622
14580	60.2622
14590	51.0259
14600	61.0259
14610	48.6909
14620	58.6909
14630	52.6829
14640	62.6829
14650	52.3204
14660	62.3204
14670	52.9113
14680	62.9113
14690	50.7616
14700	46.678
14710	40.7831
14720	50.7831
14730	40.5545
14740	50.5546
14750	40.9722
14760	50.9722
14770	38.7307
14780	48.7307
14790	42.9091
14800	52.9091
14810	42.754
14820	52.7541
14830	43.2192
14840	53.2192
14850	40.8936
14860	50.8936
14870	45.0796
14880	55.0796
14890	44.9246
14900	54.9246
14910	45.3605
14920	55.3605
14930	43.0673
14940	53.0673
14950	47.2915
14960	57.2915
14970	47.2045
14980	57.2045
14990	47.4362
15000	57.4362
15010	45.1968
15020	55.1968
15030	49.4515
15040	59.4515
15050	49.4032
15060	59.4032
15070	49.4901
15080	59.4901
15090	47.3467
15100	57.3467
15110	51.6993
15120	61.6993
15130	51.6039
15140	61.6039
15150	51.4799
15160	61.4799
15170	49.5265
15180	59.5265
15190	53.8009
15200	63.8009
15210	53.7248
15220	63.7248
15230	53.6772
15240	63.6772
15250	51.8279
15260	46.7499
15270	56.7499
15280	48.7121
15290	58.7121
15300	46.2121
15310	56.2121
15320	43.7121
15330	53.7121
15340	39.1667
15350	49.1667
15360	43.1061
15370	53.1061
15380	43.1061
15390	53.1061
15400	43.1343
15410	53.1343
15420	41.3878
15430	51.3878
15440	45.2035
15450	55.2035
15460	45.0205
15470	55.0205
15480	45.2034
15490	55.2034
15500	43.605
15510	53.605
15520	47.4214
15530	57.4214
15540	47.0469
15550	57.0469
15560	47.2716
15570	57.2716
15580	45.7287
15590	55.7287
15600	49.4714
15610	59.4714
15620	48.9966
15630	58.9966
15640	49.3172
15650	59.3172
15660	47.9392
15670	57.9393
15680	51.624
15690	61.624
15700	51.1748
15710	61.1748
15720	51.323
15730	61.323
15740	49.9896
15750	59.9896
15760	53.6832
15770	63.6832
15780	53.3693
15790	63.3693
15800	53.516
15810	63.516
15820	52.2009
15830	47.0073
15840	40.6569
15850	50.6569
15860	40.5201
15870	50.5201
15880	40.6932
15890	50.6932
15900	39.2459
15910	49.2459
15920	42.9336
15930	52.9336
15940	42.8342
15950	52.8342
15960	43.0059
15970	53.0059
15980	41.6556
15990	51.6556
16000	45.2748
16010	55.2748
16020	45.176
16030	55.176
16040	45.391
16050	55.391
16060	43.9144
16070	53.9144
16080	47.6068
16090	57.6068
16100	47.3569
16110	57.3569
16120	47.5622
16130	57.5622
16140	46.1813
16150	56.1812
16160	49.9462
16170	59.9462
16180	49.7327
16190	59.7327
16200	49.8039
16210	59.8039
16220	48.4611
16230	58.4611
16240	52.2549
16250	62.2549
16260	52.0861
16270	62.0861
16280	51.9798
16290	61.9798
16300	50.7314
16310	60.7314
16320	54.4202
16330	64.4202
16340	54.3495
16350	64.3495
16360	54.3053
16370	64.3053
16380	53.1506
16390	47.1551
16400	57.1551
16410	48.5005
16420	58.5005
16430	46.0356
16440	56.0356
16450	43.5882
16460	53.5882
16470	39.628
16480	49.628
16490	42.9696
16500	52.9696
16510	43.0877
16520	53.0877
16530	43.2361
16540	53.2361
16550	42.0098
16560	52.0098
16570	45.2668
16580	55.2668
16590	45.2233
16600	55.2233
16610	45.3409
16620	55.3409
16630	44.2068
16640	54.2068
16650	47.5365
16660	57.5365
16670	47.5365
16680	57.5365
16690	47.5365
16700	57.5365
16710	46.4254
16720	56.4254
16730	49.7587
16740	59.7587
16750	49.7587
16760	59.7587
16770	49.7717
16780	59.7717
16790	48.5714
16800	58.5714
16810	51.9444
16820	61.9444
16830	52.0093
16840	62.0093
16850	52.0785
16860	62.0785
16870	50.7636
16880	47.1294
16890	40.5524
16900	50.5524
16910	40.5914
16920	50.5914
16930	40.613
16940	50.613
16950	39.2557
16960	49.2557
16970	42.736
16980	52.736
16990	42.7786
17000	52.7786
17010	42.8468
17020	52.8468
17030	41.5771
17040	51.5771
17050	44.9572
17060	54.9572
17070	44.8552
17080	54.8552
17090	45.0165
17100	55.0165
17110	43.837
17120	53.837
17130	47.0503
17140	57.0503
17150	46.9825
17160	56.9825
17170	47.1859
17180	57.1859
17190	46.0175
17200	56.0175
17210	49.2464
17220	59.2464
17230	49.0947
17240	59.0947
17250	49.423
17260	59.423
17270	48.1703
17280	58.1703
17290	51.3372
17300	61.3372
17310	51.1945
17320	61.1945
17330	51.5972
17340	61.5972
17350	50.3891
17360	60.3891
17370	53.4764
17380	63.4764
17390	53.3422
17400	63.3422
17410	53.7448
17420	63.7448
17430	52.5457
17440	47.3932
17450	57.3932
17460	48.2609
17470	58.2609
17480	45.6604
17490	55.6604
17500	43.6411
17510	53.6411
17520	39.8927
17530	49.8927
17540	42.8082
17550	52.8082
17560	42.8288
17570	52.8288
17580	43.0368
17590	53.0368
17600	42.066
17610	52.066
17620	44.8676
17630	54.8677
17640	45.0288
17650	55.0288
17660	45.2063
17670	55.2063
17680	44.1094
17690	54.1094
17700	46.9724
17710	56.9724
17720	47.2152
17730	57.2152
17740	47.2276
17750	57.2276
17760	46.1749
17770	56.1749
17780	49.0697
17790	59.0697
17800	49.345
17810	59.345
17820	49.3737
17830	59.3737
17840	48.3685
17850	58.3685
17860	51.0805
17870	61.0805
17880	51.3221
17890	61.3221
17900	51.4325
17910	61.4325
17920	50.5132
17930	60.5132
17940	53.2583
17950	63.2583
17960	53.389
17970	63.389
17980	53.5318
17990	63.5318
18000	52.6466
18010	47.6275
18020	40.2328
18030	50.2328
18040	40.441
18050	50.441
18060	40.6694
18070	50.6694
18080	39.8909
18090	49.8909
18100	42.5304
18110	52.5304
18120	42.7085
18130	52.7085
18140	42.8618
18150	52.8618
18160	42.2415
18170	52.2415
18180	44.8252
18190	54.8252
18200	45.0101
18210	55.0101
18220	45.2031
18230	55.2031
18240	44.6243
18250	54.6243
18260	47.1393
18270	57.1393
18280	47.2599
18290	57.2599
18300	47.4925
18310	57.4925
18320	46.9641
18330	56.9641
18340	49.4953
18350	59.4953
18360	49.4556
18370	59.4556
18380	49.8842
18390	59.8842
18400	49.2423
18410	59.2423
18420	51.7531
18430	61.7531
18440	51.7452
18450	61.7452
18460	52.2515
18470	62.2515
18480	51.492
18490	61.492
18500	54.0306
18510	64.0306
18520	54.0542
18530	64.0542
18540	54.4413
18550	64.4413
18560	53.7239
18570	47.654
18580	57.654
18590	48.1187
18600	58.1187
18610	45.7835
18620	55.7835
18630	43.499
18640	53.499
18650	40.0582
18660	50.0582
18670	42.6942
18680	52.6942
18690	43.0667
18700	53.0667
18710	43.2178
18720	53.2178
18730	42.3927
18740	52.3927
18750	44.8197
18760	54.8197
18770	45.2531
18780	55.2531
18790	45.4389
18800	55.4389
18810	44.6579
18820	54.6579
18830	47.0124
18840	57.0124
18850	47.3594
18860	57.3594
18870	47.6821
18880	57.6821
18890	47.0605
18900	57.0605
18910	49.2437
18920	59.2437
18930	49.4006
18940	59.4006
18950	49.8548
18960	59.8548
18970	49.3474
18980	59.3474
18990	51.5392
19000	61.5392
19010	51.5392
19020	61.5392
19030	52.027
19040	62.027
19050	51.5392
19060	61.5392
19070	53.7343
19080	63.7343
19090	53.7343
19100	63.7343
19110	54.2332
19120	64.2332
19130	53.6663
19140	47.8931
19150	40.1254
19160	50.1254
19170	40.1672
19180	50.1672
19190	40.6678
19200	50.6678
19210	40.0771
19220	50.0771
19230	42.4269
19240	52.4269
19250	42.2987
19260	52.2987
19270	42.7586
19280	52.7586
19290	42.2766
19300	52.2766
19310	44.706
19320	54.706
19330	44.3529
19340	54.3529
19350	44.8861
19360	54.8861
19370	44.4657
19380	54.4657
19390	46.9282
19400	56.9282
19410	46.4854
19420	56.4854
19430	47.0478
19440	57.0478
19450	46.6656
19460	56.6656
19470	49.1806
19480	59.1806
19490	48.5153
19500	58.5153
19510	49.1503
19520	59.1503
19530	48.8517
19540	58.8517
19550	51.4383
19560	61.4383
19570	50.552
19580	60.552
19590	51.2591
19600	61.2591
19610	51.021
19620	61.021
19630	53.6401
19640	63.6401
19650	52.6955
19660	62.6955
19670	53.4312
19680	63.4312
19690	53.0823
19700	63.0823
19710	55.7465
19720	65.7465
19730	54.8563
19740	64.8563
19750	55.6278
19760	65.6278
19770	55.2124
19780	47.9822
19790	57.9822
19800	48.4866
19810	58.4866
19820	44.9852
19830	54.9852
19840	43.3638
19850	53.3638
19860	40.3193
19870	50.3193
19880	43.0252
19890	53.0252
19900	42.1929
19910	52.1929
19920	43.0213
19930	53.0213
19940	42.4296
19950	52.4296
19960	45.1515
19970	55.1515
19980	44.3231
19990	54.3231
20000	45.1515
20010	55.1515
20020	44.5598
20030	54.5598
20040	47.2817
20050	57.2817
20060	46.4533
20070	56.4533
20080	47.248
20090	57.248
20100	46.6829
20110	56.6829
20120	49.4398
20130	59.4398
20140	48.6593
20150	58.6593
20160	49.2802
20170	59.2802
20180	48.873
20190	58.873
20200	51.5435
20210	61.5435
20220	50.7778
20230	60.7778
20240	51.2803
20250	61.2803
20260	51.0623
20270	61.0623
20280	53.5634
20290	63.5634
20300	52.789
20310	62.789
20320	53.3272
20330	63.3272
20340	53.237
20350	48.1752
20360	40.6384
20370	50.6384
20380	39.901
20390	49.901
20400	40.3333
20410	50.3333
20420	40.1516
20430	50.1516
20440	42.6991
20450	52.6991
20460	41.9032
20470	51.9032
20480	42.4259
20490	52.4259
20500	42.2971
20510	52.2971
20520	44.7954
20530	54.7954
20540	43.8479
20550	53.8479
20560	44.4953
20570	54.4953
20580	44.4739
20590	54.4739
20600	46.7688
20610	56.7688
20620	45.8597
20630	55.8597
20640	46.5415
20650	56.5415
20660	46.5415
20670	56.5415
20680	48.8143
20690	58.8143
20700	47.9052
20710	57.9052
20720	48.587
20730	58.587
20740	48.587
20750	58.587
20760	50.8597
20770	60.8597
20780	49.9506
20790	59.9506
20800	50.6325
20810	60.6325
20820	50.6325
20830	60.6325
20840	52.8831
20850	62.8831
20860	51.9963
20870	61.9963
20880	52.7123
20890	62.7123
20900	52.7618
20910	62.7618
20920	54.8582
20930	64.8582
20940	54.0083
20950	64.0083
20960	54.7449
20970	64.7449
20980	54.8015
20990	48.4136
21000	58.4136
21010	48.272
21020	58.272
21030	44.7845
21040	54.7845
21050	43.1369
21060	53.137
21070	40.7394
21080	50.7394
21090	42.8598
21100	52.8598
21110	41.8945
21120	51.8945
21130	42.7597
21140	52.7597
21150	42.9774
21160	52.9774
21170	44.9999
21180	54.9999
21190	44.101
21200	54.101
21210	45.0099
21220	55.0099
21230	45.2589
21240	55.2589
21250	47.1619
21260	57.1619
21270	46.3397
21280	56.3397
21290	47.241
21300	57.241
21310	47.5966
21320	57.5966
21330	49.3408
21340	59.3408
21350	48.5445
21360	58.5445
21370	49.4168
21380	59.4168
21390	49.8578
21400	59.8578
21410	51.6356
21420	61.6356
21430	50.7467
21440	60.7467
21450	51.614
21460	61.614
21470	52.1057
21480	62.1057
21490	53.8007
21500	63.8007
21510	53.02
21520	63.02
21530	53.7935
21540	63.7935
21550	54.346
21560	48.6744
21570	40.3413
21580	50.3413
21590	39.5929
21600	49.5929
21610	40.2513
21620	50.2513
21630	40.8332
21640	50.8332
21650	42.56
21660	52.56
21670	41.8793
21680	51.8793
21690	42.5386
21700	52.5386
21710	42.9983
21720	52.9983
21730	44.7878
21740	54.7878
21750	44.185
21760	54.185
21770	44.9171
21780	54.9171
21790	45.3069
21800	55.3069
21810	47.171
21820	57.171
21830	46.6664
21840	56.6664
21850	47.3609
21860	57.3609
21870	47.5988
21880	57.5988
21890	49.5737
21900	59.5737
21910	49.1735
21920	59.1735
21930	49.6818
21940	59.6818
21950	49.9528
21960	59.9528
21970	51.9583
21980	61.9583
21990	51.5788
22000	61.5788
22010	52.0667
22020	62.0667
22030	52.3377
22040	62.3377
22050	54.3431
22060	64.3431
22070	53.9637
22080	63.9637
22090	54.4515
22100	64.4515
22110	54.7225
22120	48.2656
22130	58.2656
22140	48.0217
22150	58.0217
22160	45.0948
22170	55.0948
22180	43.1436
22190	53.1436
22200	40.9485
22210	50.9485
22220	42.9539
22230	52.9539
22240	42.5849
22250	52.5849
22260	43.0957
22270	53.0957
22280	43.4034
22290	53.4034
22300	45.2389
22310	55.2389
22320	44.9861
22330	54.9861
22340	45.4868
22350	55.4868
22360	45.7683
22370	55.7683
22380	47.559
22390	57.559
22400	47.2882
22410	57.2882
22420	47.8391
22430	57.8391
22440	48.1126
22450	58.1126
22460	49.9973
22470	59.9973
22480	49.5885
22490	59.5885
22500	50.1564
22510	60.1564
22520	50.4053
22530	60.4053
22540	52.3651
22550	62.3651
22560	51.9938
22570	61.9938
22580	52.4712
22590	62.4712
22600	52.7066
22610	62.7066
22620	54.6903
22630	64.6903
22640	54.356
22650	64.356
22660	54.8819
22670	64.8819
22680	54.9877
22690	48.2275
22700	40.2366
22710	50.2366
22720	39.9473
22730	49.9473
22740	40.5289
22750	50.5289
22760	40.5606
22770	50.5606
22780	42.4731
22790	52.4731
22800	42.2958
22810	52.2958
22820	42.7881
22830	52.7881
22840	42.8406
22850	52.8406
22860	44.7828
22870	54.7828
22880	44.632
22890	54.632
22900	45.045
22910	55.045
22920	45.1302
22930	55.1302
22940	47.1197
22950	57.1197
22960	46.9563
22970	56.9563
22980	47.3026
22990	57.3026
23000	47.4592
23010	57.4592
23020	49.5133
23030	59.5133
23040	49.155
23050	59.155
23060	49.5716
23070	59.5716
23080	49.7213
23090	59.7213
23100	51.8337
23110	61.8337
23120	51.4634
23130	61.4634
23140	51.931
23150	61.931
23160	51.9829
23170	61.9829
23180	54.0927
23190	64.0927
23200	53.7488
23210	63.7488
23220	54.248
23230	64.248
23240	54.3516
23250	48.2721
23260	58.2721
23270	48.0105
23280	58.0105
23290	45.0451
23300	55.0451
23310	43.1783
23320	53.1783
23330	40.8527
23340	50.8527
23350	42.8682
23360	52.8682
23370	42.413
23380	52.413
23390	42.9132
23400	52.9132
23410	43.1034
23420	53.1034
23430	45.171
23440	55.171
23450	44.6916
23460	54.6916
23470	45.1386
23480	55.1386
23490	45.402
23500	55.402
23510	47.53
23520	57.53
23530	46.8597
23540	56.8597
23550	47.3787
23560	57.3787
23570	47.7084
23580	57.7084
23590	49.753
23600	59.753
23610	49.0847
23620	59.0847
23630	49.6474
23640	59.6474
23650	50.0054
23660	60.0054
23670	51.988
23680	61.988
23690	51.303
23700	61.303
23710	51.9674
23720	61.9674
23730	52.2753
23740	62.2753
23750	54.2043
23760	64.2043
23770	53.4936
23780	63.4936
23790	54.2134
23800	64.2134
23810	54.4512
23820	48.3973
23830	40.3577
23840	50.3577
23850	39.7027
23860	49.7027
23870	40.4804
23880	50.4804
23890	40.5374
23900	50.5374
23910	42.5381
23920	52.5381
23930	41.9708
23940	51.9709
23950	42.7136
23960	52.7136
23970	42.8015
23980	52.8015
23990	44.7111
24000	54.7111
24010	44.2086
24020	54.2086
24030	44.9241
24040	54.9241
24050	44.9869
24060	54.9869
24070	46.953
24080	56.953
24090	46.3716
24100	56.3716
24110	47.1896
24120	57.1896
24130	47.0961
24140	57.0961
24150	49.1353
24160	59.1353
24170	48.5867
24180	58.5867
24190	49.4346
24200	59.4346
24210	49.285
24220	59.285
24230	51.3299
24240	61.3299
24250	50.7812
24260	60.7812
24270	51.6221
24280	61.6221
24290	51.5286
24300	61.5286
24310	53.5331
24320	63.5331
24330	52.9574
24340	62.9574
24350	53.7849
24360	63.7849
24370	53.8465
24380	63.8465
24390	55.732
24400	65.732
24410	55.2394
24420	65.2394
24430	56.1261
24440	66.1261
24450	56.2246
24460	48.3251
24470	58.3251
24480	47.931
24490	57.931
24500	44.8769
24510	54.8768
24520	43.3552
24530	53.3552
24540	40.9229
24550	50.9229
24560	42.8559
24570	52.8559
24580	42.4668
24590	52.4668
24600	43.1861
24610	53.1861
24620	43.2198
24630	53.2198
24640	45.2301
24650	55.2301
24660	44.9095
24670	54.9095
24680	45.4436
24690	55.4435
24700	45.5381
24710	55.5381
24720	47.5869
24730	57.5869
24740	47.2942
24750	57.2942
24760	47.782
24770	57.782
24780	47.8795
24790	57.8795
24800	49.9283
24810	59.9283
24820	49.6449
24830	59.6449
24840	50.1535
24850	60.1535
24860	50.2843
24870	60.2843
24880	52.1998
24890	62.1998
24900	51.978
24910	61.978
24920	52.5457
24930	62.5457
24940	52.5639
24950	62.564
24960	54.4401
24970	64.4401
24980	54.2795
24990	64.2795
25000	54.8875
25010	64.8875
25020	54.978
25030	48.3106
25040	40.1632
25050	50.1632
25060	39.941
25070	49.941
25080	40.4951
25090	50.4951
25100	40.5115
25110	50.5115
25120	42.4508
25130	52.4508
25140	42.2888
25150	52.2888
25160	42.918
25170	52.918
25180	42.7386
25190	52.7386
25200	44.7588
25210	54.7588
25220	44.5142
25230	54.5142
25240	45.2474
25250	55.2474
25260	45.0389
25270	55.0389
25280	47.1263
25290	57.1263
25300	46.7467
25310	56.7467
25320	47.622
25330	57.622
25340	47.4215
25350	57.4215
25360	49.5285
25370	59.5285
25380	49.0936
25390	59.0936
25400	50.103
25410	60.103
25420	49.7867
25430	59.7867
25440	51.9985
25450	61.9985
25460	51.6013
25470	61.6013
25480	52.4993
25490	62.4993
25500	52.1847
25510	62.1847
25520	54.5
25530	64.5
25540	54.0349
25550	64.0349
25560	54.8721
25570	64.8721
25580	54.593
25590	47.9767
25600	57.9767
25610	48.093
25620	58.093
25630	45.0698
25640	55.0698
25650	43.5116
25660	53.5116
25670	40.6977
25680	50.6977
25690	43.0233
25700	53.0233
25710	42.5759
25720	52.5759
25730	43.4519
25740	53.4519
25750	43.1101
25760	53.1101
25770	45.3618
25780	55.3618
25790	44.9724
25800	54.9724
25810	45.8623
25820	55.8623
25830	45.4512
25840	55.4512
25850	47.7961
25860	57.7961
25870	47.3823
25880	57.3823
25890	48.2723
25900	58.2722
25910	47.8993
25920	57.8993
25930	50.1739
25940	60.1739
25950	49.6848
25960	59.6848
25970	50.6649
25980	60.6649
25990	50.3764
26000	60.3764
26010	52.4858
26020	62.4858
26030	52.0292
26040	62.0292
26050	53.0337
26060	63.0337
26070	52.7684
26080	62.7684
26090	54.8867
26100	64.8867
26110	54.3368
26120	48.4993
26130	39.5444
26140	49.5444
26150	39.3166
26160	49.3166
26170	41.4579
26180	51.4579
26190	40.8773
26200	50.8773
26210	41.8893
26220	51.8893
26230	41.7189
26240	51.7189
26250	43.7773
26260	53.7773
26270	43.2958
26280	53.2958
26290	44.162
26300	54.162
26310	44.0658
26320	54.0658
26330	46.1473
26340	56.1473
26350	45.6948
26360	55.6948
26370	46.5093
26380	56.5093
26390	46.4188
26400	56.4188
26410	48.5002
26420	58.5002
26430	48.0477
26440	58.0477
26450	48.8622
26460	58.8622
26470	48.7717
26480	58.7717
26490	50.8458
26500	60.8458
26510	50.3776
26520	60.3776
26530	51.2729
26540	61.2729
26550	51.3009
26560	61.3009
26570	53.3234
26580	63.3234
26590	52.829
26600	62.829
26610	53.7611
26620	63.7611
26630	53.8395
26640	63.8395
26650	55.8004
26660	65.8004
26670	55.3863
26680	48.5011
26690	58.5011
26700	46.9575
26710	56.9575
26720	44.6085
26730	54.6085
26740	44.247
26750	54.247
26760	41.3139
26770	51.3139
26780	42.1934
26790	52.1934
26800	42.3524
26810	52.3524
26820	44.1735
26830	54.1735
26840	43.8786
26850	53.8786
26860	44.6671
26870	54.6671
26880	44.7946
26890	54.7946
26900	46.7164
26910	56.7164
26920	46.3601
26930	56.3601
26940	47.0468
26950	57.0468
26960	47.3136
26970	57.3136
26980	49.1893
26990	59.1893
27000	48.8328
27010	58.8328
27020	49.5503
27030	59.5503
27040	49.7828
27050	59.7828
27060	51.5945
27070	61.5945
27080	51.1985
27090	61.1985
27100	51.9898
27110	61.9898
27120	52.1943
27130	62.1943
27140	54.0556
27150	64.0556
27160	53.6447
27170	63.6447
27180	54.4331
27190	64.4331
27200	54.623
27210	48.2916
27220	40.2463
27230	50.2463
27240	39.7884
27250	49.7884
27260	40.5546
27270	50.5546
27280	40.6494
27290	50.6494
27300	42.6407
27310	52.6407
27320	42.2078
27330	52.2078
27340	42.987
27350	52.987
27360	43.0736
27370	53.0736
27380	45.0482
27390	55.0482
27400	44.6319
27410	54.6318
27420	45.437
27430	55.437
27440	45.5504
27450	55.5504
27460	47.4371
27470	57.4371
27480	47.1032
27490	57.1032
27500	47.8455
27510	57.8455
27520	47.8885
27530	57.8885
27540	49.824
27550	59.824
27560	49.5284
27570	59.5284
27580	50.2751
27590	60.2751
27600	50.3449
27610	60.3449
27620	52.1689
27630	62.1689
27640	51.9277
27650	61.9277
27660	52.7259
27670	62.726
27680	52.6992
27690	62.6992
27700	54.5407
27710	64.5407
27720	54.3266
27730	64.3266
27740	55.1241
27750	65.1241
27760	55.0973
27770	48.2251
27780	58.2251
27790	47.8259
27800	57.8259
27810	45.1282
27820	55.1282
27830	43.3974
27840	53.3974
27850	40.8974
27860	50.8974
27870	42.785
27880	52.785
27890	42.6329
27900	52.6329
27910	43.345
27920	53.345
27930	43.225
27940	53.225
27950	45.144
27960	55.144
27970	45.0161
27980	55.0161
27990	45.741
28000	55.741
28010	45.6131
28020	55.6131
28030	47.5321
28040	57.5321
28050	47.4041
28060	57.4041
28070	48.1291
28080	58.1291
28090	48.0012
28100	58.0012
28110	49.9201
28120	59.9201
28130	49.7922
28140	59.7922
28150	50.5172
28160	60.5172
28170	50.3814
28180	60.3814
28190	52.3507
28200	62.3507
28210	52.1942
28220	62.1942
28230	52.8664
28240	62.8664
28250	52.6789
28260	62.6789
28270	54.6751
28280	64.6751
28290	54.6329
28300	64.6329
28310	55.2087
28320	65.2087
28330	55.0274
28340	48.0702
28350	40.0674
28360	50.0674
28370	40.0308
28380	50.0308
28390	40.591
28400	50.591
28410	40.4917
28420	50.4917
28430	42.4446
28440	52.4446
28450	42.4133
28460	52.4133
28470	43.0698
28480	53.0698
28490	42.9032
28500	52.9032
28510	44.9032
28520	54.9032
28530	44.9084
28540	54.9083
28550	45.5277
28560	55.5277
28570	45.3873
28580	55.3873
28590	47.42
28600	57.42
28610	47.4616
28620	57.4616
28630	48.0021
28640	58.0021
28650	47.8671
28660	57.8671
28670	49.9324
28680	59.9324
28690	49.9221
28700	59.9221
28710	50.5382
28720	60.5382
28730	50.3468
28740	60.3468
28750	52.4817
28760	62.4817
28770	52.4817
28780	62.4817
28790	53.1578
28800	63.1578
28810	52.9154
28820	62.9154
28830	55.0896
28840	65.0896
28850	55.1153
28860	65.1153
28870	55.8905
28880	65.8905
28890	55.5675
28900	47.8689
28910	57.8689
28920	47.7664
28930	57.7664
28940	45.2664
28950	55.2664
28960	43.6959
28970	53.6959
28980	40.7736
28990	50.7736
29000	42.9299
29010	52.9299
29020	42.9683
29030	52.9683
29040	43.8271
29050	53.8271
29060	43.3773
29070	53.3772
29080	45.5449
29090	55.5449
29100	45.5858
29110	55.5858
29120	46.4447
29130	56.4447
29140	45.9948
29150	55.9948
29160	48.1625
29170	58.1625
29180	48.2034
29190	58.2034
29200	49.0769
29210	59.0769
29220	48.6635
29230	58.6635
29240	50.7691
29250	60.7691
29260	50.7335
29270	60.7335
29280	51.6703
29290	61.6703
29300	51.3037
29310	61.3037
29320	53.3575
29330	63.3575
29340	53.3345
29350	63.3345
29360	54.298
29370	64.298
29380	53.978
29390	47.9769
29400	39.9441
29410	49.9441
29420	39.8706
29430	49.8706
29440	40.8505
29450	50.8505
29460	40.6178
29470	50.6178
29480	42.5123
29490	52.5123
29500	42.487
29510	52.487
29520	43.4403
29530	53.4403
29540	43.2589
29550	53.2589
29560	45.0469
29570	55.0469
29580	45.072
29590	55.072
29600	46.0733
29610	56.0733
29620	45.7916
29630	55.7916
29640	47.6024
29650	57.6024
29660	47.6276
29670	57.6276
29680	48.6479
29690	58.6479
29700	48.3917
29710	58.3917
29720	50.2391
29730	60.2391
29740	50.1738
29750	60.1738
29760	51.2418
29770	61.2418
29780	51.0363
29790	61.0363
29800	52.9201
29810	62.9201
29820	52.88
29830	62.88
29840	53.9621
29850	63.9621
29860	53.7617
29870	63.7617
29880	55.6455
29890	65.6455
29900	55.6104
29910	48.4833
29920	58.4833
29930	47.2197
29940	57.2197
29950	44.5245
29960	54.5245
29970	44.02
29980	54.02
29990	41.52
30000	51.52
30010	42.64
30020	52.64
30030	42.4652
30040	52.4652
30050	44.257
30060	54.257
30070	44.3118
30080	54.3118
30090	45.3301
30100	55.3301
30110	45.1087
30120	55.1087
30130	46.9662
30140	56.9662
30150	47.083
30160	57.083
30170	47.9975
30180	57.9975
30190	47.7987
30200	57.7987
30210	49.681
30220	59.6809
30230	49.7654
30240	59.7654
30250	50.7318
30260	60.7318
30270	50.467
30280	60.467
30290	52.4232
30300	62.4232
30310	52.3813
30320	62.3813
30330	53.4136
30340	63.4136
30350	53.1249
30360	47.9229
30370	39.9236
30380	49.9236
30390	39.8817
30400	49.8817
30410	40.9467
30420	50.9467
30430	40.5917
30440	50.5917
30450	42.608
30460	52.608
30470	42.5833
30480	52.5833
30490	43.6717
30500	53.6717
30510	43.219
30520	53.219
30530	45.2205
30540	55.2205
30550	45.2451
30560	55.2451
30570	46.3799
30580	56.3799
30590	45.9477
30600	55.9477
30610	47.873
30620	57.873
30630	47.9123
30640	57.9123
30650	49.0518
30660	59.0518
30670	48.6196
30680	58.6196
30690	50.5449
30700	60.5449
30710	50.5842
30720	60.5842
30730	51.7237
30740	61.7237
30750	51.3065
30760	61.3065
30770	53.2129
30780	63.2129
30790	53.2277
30800	63.2277
30810	54.3271
30820	64.3271
30830	54.0146
30840	47.9883
30850	57.9883
30860	47.6003
30870	57.6003
30880	45.113
30890	55.113
30900	43.8646
30910	53.8646
30920	40.9171
30930	50.9171
30940	42.8274
30950	52.8274
30960	42.8664
30970	52.8664
30980	43.997
30990	53.997
31000	43.5756
31010	53.5756
31020	45.4332
31030	55.4332
31040	45.4989
31050	55.4989
31060	46.6708
31070	56.6708
31080	46.2311
31090	56.2311
31100	48.0452
31110	58.0453
31120	48.1593
31130	58.1593
31140	49.3632
31150	59.3632
31160	48.8584
31170	58.8584
31180	50.6836
31190	60.6836
31200	50.8001
31210	60.8001
31220	52.004
31230	62.004
31240	51.485
31250	61.485
31260	53.341
31270	63.341
31280	53.5104
31290	63.5104
31300	54.6374
31310	64.6374
31320	54.0571
31330	47.8723
31340	39.7688
31350	49.7688
31360	39.9822
31370	49.9822
31380	41.1414
31390	51.1414
31400	40.4898
31410	50.4898
31420	42.4681
31430	52.4681
31440	42.7616
31450	52.7616
31460	43.9878
31470	53.9878
31480	43.2186
31490	53.2186
31500	45.2186
31510	55.2186
31520	45.531
31530	55.531
31540	46.7753
31550	56.7753
31560	46.031
31570	56.031
31580	48.0612
31590	58.0612
31600	48.4067
31610	58.4067
31620	49.6735
31630	59.6735
31640	48.9491
31650	58.9491
31660	50.9965
31670	60.9965
31680	51.2698
31690	61.2698
31700	52.5623
31710	62.5623
31720	51.8598
31730	61.8598
31740	53.9928
31750	63.9928
31760	54.1976
31770	64.1976
31780	55.4245
31790	65.4245
31800	54.7498
31810	47.6365
31820	57.6365
31830	47.5037
31840	57.5037
31850	45.3213
31860	55.3213
31870	44.0579
31880	54.0579
31890	40.8712
31900	50.8712
31910	42.9924
31920	52.9924
31930	43.2955
31940	53.2955
31950	44.3561
31960	54.3561
31970	43.75
31980	53.75
31990	45.8712
32000	55.8712
32010	46.1882
32020	56.1882
32030	47.214
32040	57.214
32050	46.6614
32060	56.6614
32070	48.7107
32080	58.7107
32090	49.1042
32100	59.1042
32110	50.11
32120	60.11
32130	49.4767
32140	59.4767
32150	51.5483
32160	61.5483
32170	51.9626
32180	61.9626
32190	52.9862
32200	62.9862
32210	52.2971
32220	62.2971
32230	54.3918
32240	64.3918
32250	54.8406
32260	48.703
32270	39.7556
32280	49.7556
32290	39.0038
32300	49.0038
32310	41.0945
32320	51.0945
32330	41.5593
32340	51.5593
32350	42.6342
32360	52.6342
32370	41.9261
32380	51.9261
32390	43.94
32400	53.94
32410	44.38
32420	54.38
32430	45.3992
32440	55.3992
32450	44.7637
32460	54.7637
32470	46.8197
32480	56.8197
32490	47.2401
32500	57.2401
32510	48.2201
32520	58.2201
32530	47.5395
32540	57.5395
32550	49.6665
32560	59.6665
32570	50.1357
32580	60.1357
32590	51.0404
32600	61.0405
32610	50.3038
32620	60.3038
32630	52.5261
32640	62.5261
32650	52.9705
32660	62.9705
32670	53.8682
32680	63.8682
32690	53.1008
32700	63.1008
32710	55.2718
32720	65.2718
32730	55.7794
32740	48.8007
32750	58.8007
32760	47.3801
32770	57.3801
32780	43.9668
32790	53.9668
32800	43.8593
32810	53.8593
32820	41.9718
32830	51.9718
32840	42.8782
32850	52.8782
32860	42.1453
32870	52.1453
32880	44.2185
32890	54.2185
32900	44.7303
32910	54.7303
32920	45.6521
32930	55.6521
32940	44.9073
32950	54.9073
32960	47.0216
32970	57.0216
32980	47.5389
32990	57.5389
33000	48.5065
33010	58.5065
33020	47.7268
33030	57.7268
33040	49.7572
33050	59.7572
33060	50.2729
33070	60.2729
33080	51.2075
33090	61.2075
33100	50.5106
33110	60.5106
33120	52.5871
33130	62.5871
33140	53.0607
33150	63.0607
33160	53.9844
33170	63.9844
33180	53.2616
33190	47.62
33200	39.7413
33210	49.7413
33220	40.1452
33230	50.1452
33240	41.1252
33250	51.1252
33260	40.363
33270	50.363
33280	42.5045
33290	52.5045
33300	42.9038
33310	52.9038
33320	43.8882
33330	53.8882
33340	43.14
33350	53.14
33360	45.3018
33370	55.3018
33380	45.6053
33390	55.6053
33400	46.6198
33410	56.6198
33420	45.8952
33430	55.8952
33440	48.0591
33450	58.0591
33460	48.3756
33470	58.3756
33480	49.3427
33490	59.3427
33500	48.6795
33510	58.6795
33520	50.7556
33530	60.7556
33540	51.093
33550	61.093
33560	52.1163
33570	62.1163
33580	51.422
33590	61.4221
33600	53.4396
33610	63.4396
33620	53.8637
33630	63.8637
33640	54.889
33650	64.889
33660	54.1318
33670	47.6948
33680	57.6948
33690	47.3665
33700	57.3666
33710	45.427
33720	55.427
33730	44.1281
33740	54.1281
33750	40.7542
33760	50.7543
33770	42.69
33780	52.69
33790	43.1144
33800	53.1143
33810	44.2198
33820	54.2198
33830	43.4899
33840	53.4899
33850	45.4657
33860	55.4657
33870	45.7561
33880	55.7561
33890	46.8908
33900	56.8908
33910	46.1816
33920	56.1816
33930	48.1734
33940	58.1734
33950	48.4723
33960	58.4723
33970	49.5327
33980	59.5327
33990	48.8382
34000	58.8382
34010	50.8698
34020	60.8698
34030	51.2123
34040	61.2123
34050	52.2703
34060	62.2703
34070	51.4929
34080	61.4929
34090	53.5423
34100	63.5423
34110	53.9022
34120	63.9022
34130	54.9151
34140	64.9151
34150	54.163
34160	47.6745
34170	39.7391
34180	49.7391
34190	40.1573
34200	50.1573
34210	41.1557
34220	51.1557
34230	40.3561
34240	50.3561
34250	42.3188
34260	52.3188
34270	42.7972
34280	52.7971
34290	43.8364
34300	53.8364
34310	43.0917
34320	53.0917
34330	45.026
34340	55.026
34350	45.4546
34360	55.4546
34370	46.4336
34380	56.4336
34390	45.7343
34400	55.7343
34410	47.6963
34420	57.6963
34430	48.0763
34440	58.0763
34450	49.0761
34460	59.0761
34470	48.4084
34480	58.4084
34490	50.3979
34500	60.3979
34510	50.712
34520	60.712
34530	51.7284
34540	61.7284
34550	51.0787
34560	61.0787
34570	53.0007
34580	63.0007
34590	53.3403
34600	63.3403
34610	54.3706
34620	64.3706
34630	53.8104
34640	47.8801
34650	57.8801
34660	47.4256
34670	57.4256
34680	45.2936
34690	55.2936
34700	43.9491
34710	53.9491
34720	40.9063
34730	50.9063
34740	42.5897
34750	52.5897
34760	42.9591
34770	52.9591
34780	44.0143
34790	54.0143
34800	43.596
34810	53.596
34820	45.263
34830	55.263
34840	45.7126
34850	55.7126
34860	46.7251
34870	56.7251
34880	46.2761
34890	56.2761
34900	47.9923
34910	57.9923
34920	48.4734
34930	58.4734
34940	49.5043
34950	59.5043
34960	49.0107
34970	59.0107
34980	50.7563
34990	60.7563
35000	51.1892
35010	61.1892
35020	52.2871
35030	62.2871
35040	51.7545
35050	61.7545
35060	53.5567
35070	63.5567
35080	53.8709
35090	63.8709
35100	54.9991
35110	64.9991
35120	54.4863
35130	47.8638
35140	39.6874
35150	49.6874
35160	39.9648
35170	49.9648
35180	41.1283
35190	51.1283
35200	40.5285
35210	50.5285
35220	42.4409
35230	52.4409
35240	42.7464
35250	52.7464
35260	43.8401
35270	53.8401
35280	43.154
35290	53.154
35300	45.143
35310	55.143
35320	45.5153
35330	55.5153
35340	46.5643
35350	56.5643
35360	45.8581
35370	55.8581
35380	47.8661
35390	57.8661
35400	48.2591
35410	58.2591
35420	49.2219
35430	59.2219
35440	48.5593
35450	58.5593
35460	50.521
35470	60.521
35480	50.9594
35490	60.9594
35500	51.9495
35510	61.9495
35520	51.3304
35530	61.3304
35540	53.1524
35550	63.1524
35560	53.6484
35570	63.6484
35580	54.6144
35590	64.6144
35600	54.0732
35610	47.8578
35620	57.8578
35630	47.2691
35640	57.2691
35650	45.3976
35660	55.3976
35670	43.9866
35680	53.9866
35690	40.9213
35700	50.9213
35710	42.5628
35720	52.5628
35730	43.1384
35740	53.1384
35750	44.1239
35760	54.1239
35770	43.5529
35780	53.553
35790	45.229
35800	55.229
35810	45.8452
35820	55.8452
35830	46.7785
35840	56.7785
35850	46.2088
35860	56.2088
35870	47.9116
35880	57.9116
35890	48.546
35900	58.546
35910	49.4534
35920	59.4534
35930	48.9008
35940	58.9008
35950	50.6246
35960	60.6246
35970	51.1643
35980	61.1643
35990	52.0976
36000	62.0976
