10	10
20	2
30	2
40	2
50	2
60	2
70	2
80	2
90	2
100	2
110	2
120	2
130	4.5
140	14.5
150	20.25
160	30.25
170	24.25
180	34.25
190	30
200	40
210	30
220	40
230	30
240	40
250	30
260	40
270	30.35
280	40.35
290	27.65
300	37.65
310	30
320	40
330	26.2
340	36.2
350	31.7429
360	41.7429
370	28.8857
380	38.8857
390	36.1587
400	46.1587
410	33.7302
420	43.7302
430	39.9365
440	49.9365
450	38.2698
460	48.2698
470	38.1587
480	33.1111
490	43.1111
500	28.3838
510	38.3838
520	31.7293
530	41.7293
540	33.5475
550	43.5475
560	39.002
570	49.002
580	40.8202
590	50.8202
600	44.6727
610	54.6727
620	43.1273
630	53.1273
640	36.953
650	46.953
660	40.8333
670	50.8333
680	41.2619
690	51.2619
700	35.9167
710	45.9167
720	34.4167
730	44.4167
740	37.2738
750	47.2738
760	31.4256
770	29.8185
780	39.8185
790	37.1399
800	47.1399
810	35.2649
820	45.2649
830	40.2649
840	50.2649
850	42.7649
860	52.7649
870	43.1538
880	37.3472
890	47.3472
900	37.6111
910	47.6111
920	33.3333
930	43.3333
940	37.7778
950	47.7778
960	34.4444
970	44.4444
980	37.7778
990	47.7778
1000	44.4444
1010	54.4444
1020	41.1111
1030	51.1111
1040	38.8889
1050	48.8889
1060	36.6667
1070	27.2222
1080	37.2222
1090	36.1111
1100	46.1111
1110	40.6032
1120	50.6032
1130	40.9524
1140	50.9524
1150	45.0159
1160	55.0159
1170	42.1587
1180	52.1587
1190	38.5714
1200	48.5714
1210	35.7143
1220	45.7143
1230	33.013
1240	43.013
1250	39.0411
1260	49.0411
1270	42.5346
1280	52.5346
1290	40.7164
1300	50.7164
1310	41.8182
1320	35.9091
1330	45.9091
1340	36.913
1350	46.913
1360	31.9012
1370	41.9012
1380	36.6522
1390	46.6522
1400	41
1410	51
1420	40.2899
1430	50.2899
1440	43.3714
1450	33.8478
1460	43.8478
1470	36.1154
1480	46.1154
1490	33.4744
1500	43.4744
1510	35.2212
1520	45.2212
1530	39.167
1540	49.167
1550	41.0474
1560	51.0474
1570	44.188
1580	33.3651
1590	43.3651
1600	34.6085
1610	44.6085
1620	34.3228
1630	44.3228
1640	37.1799
1650	47.1799
1660	40.037
1670	50.037
1680	42.8942
1690	52.8942
1700	44.2857
1710	54.2857
1720	41.5468
1730	51.5468
1740	39.0049
1750	29.4187
1760	39.4187
1770	35.6256
1780	45.6256
1790	40.3448
1800	50.3448
1810	41.0345
1820	51.0345
1830	39.25
1840	49.25
1850	37.014
1860	47.014
1870	40.1875
1880	50.1875
1890	42.0294
1900	52.0294
1910	42.5294
1920	52.5294
1930	39.3346
1940	49.3346
1950	36
1960	46
1970	42.0538
1980	52.0538
1990	42.0504
2000	52.0504
2010	38.9807
2020	48.9807
2030	36.6486
2040	33.2139
2050	43.2139
2060	38.224
2070	48.224
2080	37.6245
2090	47.6245
2100	39.0398
2110	49.0398
2120	37.8947
2130	47.8947
2140	40.5263
2150	33.9474
2160	43.9474
2170	35.5263
2180	45.5263
2190	37.1458
2200	47.1458
2210	36.4089
2220	46.4089
2230	40.9298
2240	50.9298
2250	42.8609
2260	52.8609
2270	42.534
2280	52.534
2290	37.0705
2300	47.0705
2310	37.0549
2320	47.0549
2330	42.2317
2340	52.2317
2350	41.925
2360	51.925
2370	41.2683
2380	51.2683
2390	41.18
2400	34.3508
2410	44.3508
2420	30.9524
2430	40.9524
2440	37.7238
2450	47.7238
2460	42.1905
2470	52.1905
2480	42.0745
2490	52.0745
2500	39.7971
2510	49.7971
2520	38.742
2530	48.742
2540	37.8725
2550	32.1887
2560	42.1887
2570	36.5717
2580	46.5717
2590	38.555
2600	48.555
2610	34.7518
2620	44.7518
2630	41.2411
2640	51.2411
2650	42.7615
2660	35.2383
2670	45.2383
2680	31.7517
2690	41.7517
2700	39.5117
2710	49.5117
2720	43.9506
2730	53.9506
2740	44.4606
2750	54.4606
2760	37.9013
2770	47.9013
2780	43.979
2790	53.979
2800	45.5175
2810	38.0175
2820	48.0175
2830	35.1329
2840	45.1329
2850	43.0175
2860	53.0175
2870	46.8637
2880	56.8637
2890	46.8637
2900	56.8637
2910	40.7049
2920	38.8161
2930	48.8161
2940	42.4161
2950	52.4161
2960	44.6877
2970	54.6877
2980	41.615
2990	51.615
3000	47.823
3010	57.823
3020	51.8712
3030	61.8712
3040	52.3492
3050	62.3492
3060	45.1078
3070	55.1078
3080	47.0059
3090	57.0059
3100	52.6459
3110	62.6459
3120	52.2485
3130	45.3373
3140	55.3373
3150	48.6755
3160	58.6755
3170	51.8413
3180	61.8413
3190	48.6238
3200	58.6238
3210	53.0256
3220	45.8878
3230	55.8878
3240	49.6811
3250	59.6811
3260	46.8324
3270	56.8324
3280	37.7419
3290	47.7419
3300	38.3871
3310	35.4839
3320	45.4839
3330	39.3548
3340	49.3548
3350	43.3871
3360	53.3871
3370	46.4516
3380	56.4516
3390	45.8474
3400	55.8474
3410	40.1946
3420	50.1946
3430	45.8705
3440	55.8705
3450	50.4045
3460	60.4045
3470	50.0871
3480	60.0871
3490	44.6902
3500	54.6902
3510	45.6426
3520	42.9442
3530	52.9442
3540	47.0712
3550	57.0712
3560	49.6257
3570	59.6257
3580	52.6495
3590	62.6495
3600	52.5146
3610	62.5146
3620	47.4452
3630	44.0625
3640	39.0625
3650	49.0625
3660	43.4375
3670	53.4375
3680	43.4375
3690	53.4375
3700	38.4375
3710	48.4375
3720	38.4375
3730	48.4375
3740	43.4375
3750	53.4375
3760	44.6875
3770	54.6875
3780	45.9375
3790	55.9375
3800	45.9375
3810	38.449
3820	48.449
3830	36.6846
3840	46.6846
3850	44.35
3860	54.35
3870	49.5
3880	59.5
3890	49.9988
3900	59.9988
3910	45.1193
3920	55.1193
3930	44.9269
3940	54.9269
3950	50.5985
3960	60.5985
3970	51.7926
3980	61.7926
3990	52.0035
4000	62.0035
4010	51.9182
4020	61.9182
4030	52.4428
4040	62.4428
4050	47.995
4060	44.9275
4070	40.1449
4080	50.1449
4090	42.7536
4100	52.7536
4110	43.0435
4120	53.0435
4130	38.6956
4140	48.6956
4150	38.9855
4160	48.9855
4170	44.2723
4180	54.2723
4190	47.028
4200	35.5032
4210	45.5032
4220	38.6931
4230	48.6931
4240	42.0191
4250	52.0191
4260	43.6255
4270	53.6255
4280	47.6747
4290	57.6747
4300	48.8796
4310	58.8796
4320	49.478
4330	59.478
4340	45.3224
4350	42.8566
4360	52.8566
4370	46.5552
4380	56.5552
4390	49.295
4400	59.295
4410	48.1991
4420	44.5205
4430	40.274
4440	50.274
4450	41.6438
4460	51.6438
4470	41.9178
4480	51.9178
4490	37.8082
4500	47.8082
4510	43.5616
4520	53.5616
4530	44.9315
4540	37.6712
4550	47.6712
4560	36.5753
4570	46.5753
4580	44.0409
4590	54.0409
4600	47.9134
4610	57.9134
4620	47.863
4630	57.863
4640	44.2999
4650	41.2526
4660	51.2526
4670	45.5273
4680	55.5273
4690	47.512
4700	57.512
4710	46.6734
4720	56.6734
4730	52.1979
4740	62.1979
4750	54.6771
4760	45.9361
4770	55.9361
4780	45.0898
4790	55.0898
4800	49.9541
4810	45.7155
4820	55.7155
4830	47.1544
4840	37.8326
4850	47.8326
4860	33.1459
4870	43.1459
4880	39.9572
4890	49.9572
4900	44.2522
4910	54.2522
4920	45.6835
4930	55.6835
4940	44.6349
4950	54.6349
4960	42.64
4970	52.64
4980	44.3097
4990	38.8806
5000	48.8806
5010	44.3684
5020	54.3684
5030	44.7343
5040	54.7343
5050	43.3928
5060	53.3928
5070	49.7343
5080	59.7343
5090	53.1489
5100	63.1489
5110	50.7099
5120	60.7099
5130	46.3046
5140	43.7977
5150	39.9383
5160	49.9383
5170	43.7554
5180	34.0195
5190	44.0195
5200	32.7694
5210	42.7694
5220	40.0967
5230	50.0967
5240	43.4996
5250	53.4996
5260	45.062
5270	55.062
5280	41.4831
5290	51.4831
5300	44.6291
5310	54.6291
5320	45.6061
5330	55.6061
5340	48.0781
5350	58.0781
5360	47.8533
5370	38.206
5380	48.206
5390	43.6804
5400	53.6804
5410	46.5849
5420	56.5849
5430	49.9518
5440	59.9518
5450	50.7274
5460	60.7274
5470	47.7782
5480	57.7782
5490	51.2269
5500	61.2269
5510	52.6635
5520	62.6635
5530	55.3363
5540	65.3363
5550	52.0763
5560	62.0763
5570	49.9108
5580	45.222
5590	40.8061
5600	50.8061
5610	43.1579
5620	53.1579
5630	39.5789
5640	49.5789
5650	37.6842
5660	47.6842
5670	43.4177
5680	53.4177
5690	45.6338
5700	55.6338
5710	42.497
5720	52.497
5730	40.4359
5740	50.4359
5750	46.6589
5760	56.6589
5770	48.9197
5780	58.9197
5790	45.7927
5800	55.7927
5810	43.4731
5820	53.4731
5830	49.4704
5840	59.4704
5850	52.0207
5860	62.0207
5870	49.0504
5880	59.0504
5890	46.8722
5900	56.8722
5910	52.6305
5920	62.6305
5930	55.2667
5940	65.2667
5950	51.954
5960	61.9539
5970	49.9242
5980	59.9242
5990	54.2966
6000	48.5466
6010	58.5466
6020	48.8122
6030	58.8122
6040	42.8269
6050	52.8269
6060	37.8211
6070	47.8211
6080	43.5496
6090	53.5496
6100	45.9397
6110	55.9397
6120	43.2641
6130	53.2641
6140	40.943
6150	50.943
6160	46.6576
6170	56.6576
6180	48.6126
6190	58.6126
6200	46.1047
6210	56.1047
6220	44.275
6230	54.275
6240	49.7852
6250	59.7852
6260	51.714
6270	61.714
6280	48.6897
6290	58.6897
6300	47.0681
6310	57.0681
6320	52.6537
6330	62.6537
6340	54.6357
6350	64.6357
6360	51.5726
6370	61.5726
6380	49.951
6390	45.2265
6400	40.8346
6410	50.8346
6420	42.5814
6430	52.5814
6440	39.6235
6450	49.6235
6460	38.3167
6470	48.3167
6480	43.7547
6490	53.7547
6500	45.4643
6510	55.4643
6520	42.3064
6530	52.3064
6540	41.2538
6550	51.2538
6560	46.5455
6570	56.5455
6580	48.1639
6590	58.1639
6600	44.8282
6610	54.8282
6620	44.0886
6630	54.0886
6640	49.6058
6650	59.6058
6660	50.9852
6670	60.9852
6680	47.5594
6690	57.5594
6700	46.9339
6710	56.9339
6720	52.5269
6730	62.5269
6740	53.4538
6750	63.4538
6760	50.2059
6770	60.2059
6780	49.6931
6790	59.6931
6800	39.9145
6810	49.9145
6820	41.9658
6830	51.9658
6840	38.718
6850	48.7179
6860	38.2051
6870	48.2051
6880	40.2564
6890	50.2564
6900	42.8205
6910	36.6667
6920	46.6667
6930	38.731
6940	48.731
6950	42.0316
6960	52.0316
6970	41.4132
6980	51.4132
6990	46.2156
7000	56.2157
7010	48.286
7020	58.286
7030	49.1863
7040	59.1863
7050	45.4166
7060	55.4166
7070	45.6408
7080	55.6408
7090	50.7668
7100	60.7668
7110	51.7462
7120	61.7462
7130	48.2092
7140	58.2092
7150	48.2366
7160	58.2366
7170	53.274
7180	63.274
7190	54.4673
7200	64.4673
7210	50.7732
7220	60.7732
7230	50.7865
7240	60.7866
7250	55.857
7260	48.9688
7270	58.9688
7280	47.6711
7290	57.6711
7300	41.2228
7310	51.2228
7320	39.1459
7330	49.1459
7340	43.9888
7350	53.9888
7360	44.4145
7370	54.4145
7380	41.1848
7390	51.1848
7400	41.7602
7410	51.7602
7420	46.7046
7430	56.7046
7440	46.6397
7450	56.6397
7460	43.8722
7470	53.8722
7480	44.3686
7490	54.3686
7500	48.893
7510	58.893
7520	48.8434
7530	58.8434
7540	46.3306
7550	56.3306
7560	46.9986
7570	56.9986
7580	51.321
7590	61.321
7600	51.486
7610	61.486
7620	48.7014
7630	58.7014
7640	49.5502
7650	59.5502
7660	53.5486
7670	63.5486
7680	53.8434
7690	63.8435
7700	51.2094
7710	61.2094
7720	52.081
7730	46.8841
7740	41.2319
7750	51.2319
7760	41.4729
7770	51.4729
7780	38.9232
7790	48.9232
7800	39.8771
7810	49.8771
7820	44.2702
7830	54.2702
7840	44.1785
7850	54.1785
7860	41.8307
7870	51.8307
7880	42.9699
7890	52.9699
7900	47.011
7910	57.011
7920	46.7504
7930	56.7504
7940	44.601
7950	54.601
7960	45.8776
7970	55.8776
7980	49.9911
7990	59.9911
8000	49.5817
8010	59.5817
8020	47.5106
8030	57.5106
8040	48.8679
8050	58.8679
8060	52.555
8070	62.555
8080	52.3754
8090	62.3754
8100	50.2502
8110	60.2502
8120	51.8763
8130	61.8763
8140	55.177
8150	65.177
8160	55.5081
8170	65.5081
8180	53.3109
8190	63.3109
8200	56.2051
8210	45.6489
8220	55.6489
8230	46.9623
8240	56.9623
8250	44.8229
8260	54.8229
8270	39.6859
8280	49.6859
8290	41.276
8300	51.276
8310	44.844
8320	54.844
8330	45.2413
8340	55.2413
8350	42.9897
8360	52.9897
8370	44.468
8380	54.468
8390	48.0901
8400	58.09
8410	48.2192
8420	58.2192
8430	46.1029
8440	56.103
8450	47.6819
8460	57.6819
8470	51.3661
8480	61.3661
8490	51.3207
8500	61.3207
8510	49.1166
8520	59.1166
8530	50.857
8540	60.8571
8550	54.7554
8560	64.7554
8570	54.5513
8580	64.5513
8590	52.3109
8600	46.5527
8610	37.9542
8620	47.9542
8630	42.0408
8640	52.0408
8650	41.741
8660	51.7409
8670	39.8089
8680	49.8089
8690	40.9554
8700	50.9554
8710	45.1592
8720	55.1592
8730	44.7346
8740	54.7346
8750	42.8741
8760	52.8741
8770	44.0936
8780	54.0936
8790	48.3495
8800	58.3495
8810	47.6841
8820	57.6841
8830	46.0786
8840	56.0786
8850	47.1416
8860	57.1416
8870	51.2132
8880	61.2132
8890	50.5657
8900	60.5657
8910	49.3093
8920	59.3093
8930	50.5856
8940	60.5856
8950	54.8425
8960	64.8425
8970	54.2257
8980	64.2257
8990	53.168
9000	63.168
9010	54.2886
9020	64.2886
9030	39.5863
9040	49.5863
9050	40.061
9060	50.061
9070	39.0854
9080	49.0854
9090	40.061
9100	50.061
9110	40.8537
9120	50.8537
9130	45.2439
9140	36.8902
9150	46.8902
9160	40.2439
9170	50.2439
9180	42.3171
9190	52.3171
9200	46.5451
9210	56.5451
9220	49.0184
9230	59.0184
9240	50.0647
9250	60.0647
9260	49.684
9270	59.684
9280	48.3506
9290	44.7749
9300	54.7749
9310	48.2294
9320	58.2294
9330	50.4235
9340	60.4235
9350	51.8018
9360	45.5364
9370	40.0773
9380	50.0773
9390	41.2651
9400	51.2651
9410	41.0241
9420	51.0241
9430	39.8193
9440	49.8193
9450	44.4114
9460	54.4114
9470	45.6613
9480	38.0141
9490	48.0141
9500	39.178
9510	49.178
9520	45.6948
9530	55.6948
9540	49.5453
9550	59.5453
9560	49.3273
9570	59.3273
9580	47.7243
9590	44.0507
9600	54.0507
9610	47.8535
9620	57.8535
9630	50.3358
9640	60.3358
9650	51.6149
9660	45.6395
9670	39.821
9680	49.821
9690	41.2379
9700	51.2379
9710	41.0818
9720	51.0818
9730	39.773
9740	49.773
9750	44.0248
9760	54.0248
9770	45.6499
9780	37.7912
9790	47.7912
9800	39.4755
9810	49.4755
9820	45.6154
9830	55.6154
9840	49.5623
9850	59.5623
9860	48.9238
9870	58.9238
9880	48.2497
9890	44.4856
9900	54.4856
9910	48.362
9920	58.362
9930	50.2473
9940	60.2473
9950	52.1949
9960	62.1949
9970	38.4258
9980	48.4258
9990	40.1218
10000	50.1218
10010	39.0244
10020	49.0244
10030	38.6219
10040	48.6219
10050	44.0856
10060	54.0856
10070	46.0383
10080	37.5907
10090	47.5907
10100	39.6394
10110	49.6394
10120	45.8689
10130	55.8689
10140	50.1859
10150	60.1859
10160	49.1792
10170	59.1792
10180	48.5565
10190	58.5565
10200	52.923
10210	62.923
10220	55.1666
10230	46.6332
10240	56.6332
10250	49.8529
10260	39.145
10270	35.5705
10280	45.5705
10290	39.7922
10300	49.7922
10310	38.7536
10320	48.7535
10330	40.7525
10340	50.7525
10350	44.984
10360	54.984
10370	47.0161
10380	57.0161
10390	46.0535
10400	56.0535
10410	45.5393
10420	41.7153
10430	51.7153
10440	46.0471
10450	56.0471
10460	47.4497
10470	57.4497
10480	49.5774
10490	45.4787
10500	39.734
10510	49.734
10520	41.8462
10530	51.8462
10540	40.5389
10550	50.5389
10560	40.0533
10570	50.0533
10580	44.5219
10590	54.5219
10600	46.529
10610	37.8727
10620	47.8727
10630	39.9747
10640	49.9747
10650	46.1579
10660	56.1579
10670	50.4011
10680	60.4011
10690	49.0351
10700	59.0351
10710	48.7974
10720	45.6186
10730	39.9485
10740	49.9485
10750	41.8041
10760	51.8041
10770	40.3773
10780	50.3773
10790	40.0485
10800	36.3793
10810	46.3793
10820	40.5752
10830	50.5752
10840	41.9085
10850	51.9085
10860	43.9598
10870	53.9598
10880	48.37
10890	58.37
10900	50.3349
10910	41.7008
10920	51.7008
10930	43.8097
10940	53.8097
10950	50.5162
10960	45
10970	55
10980	47.0408
10990	35.8163
11000	45.8163
11010	35.3779
11020	45.3779
11030	41.834
11040	51.834
11050	46.1745
11060	56.1745
11070	45.0006
11080	55.0006
11090	44.3305
11100	40.8679
11110	50.8679
11120	45.3022
11130	55.3022
11140	46.5648
11150	56.5648
11160	48.5345
11170	58.5345
11180	53.1502
11190	63.1502
11200	55.4391
11210	46.8088
11220	56.8088
11230	49.5258
11240	39.1
11250	49.1
11260	43.5
11270	53.5
11280	44.95
11290	35.15
11300	45.15
11310	37.3089
11320	47.3089
11330	43.6851
11340	53.6851
11350	45.197
11360	55.197
11370	47.6704
11380	57.6704
11390	47.3719
11400	43.7898
11410	53.7898
11420	45.3321
11430	55.3321
11440	50.0087
11450	60.0087
11460	52.2475
11470	62.2475
11480	55.1834
11490	46.7062
11500	56.7062
11510	45.4742
11520	55.4742
11530	45.6734
11540	55.6734
11550	42.7797
11560	52.7797
11570	41.5256
11580	51.5256
11590	46.0696
11600	56.0696
11610	48.5431
11620	58.5431
11630	48.4314
11640	58.4314
11650	47.2109
11660	57.2109
11670	51.4725
11680	61.4725
11690	53.6535
11700	63.6535
11710	53.7181
11720	63.7181
11730	52.6754
11740	45.097
11750	39.273
11760	49.273
11770	41.3404
11780	51.3404
11790	41.5238
11800	51.5238
11810	40.5714
11820	50.5714
11830	44.5714
11840	54.5714
11850	46.6432
11860	56.6432
11870	46.9014
11880	56.9014
11890	46.0701
11900	56.0701
11910	50.2252
11920	60.2252
11930	52.2036
11940	62.2036
11950	52.5208
11960	62.5208
11970	51.675
11980	61.675
11990	54.093
12000	46.4021
12010	56.4021
12020	46.4305
12030	56.4305
12040	44.4552
12050	54.4552
12060	40.8962
12070	50.8962
12080	45.1414
12090	55.1414
12100	47.2714
12110	57.2714
12120	47.948
12130	57.948
12140	46.9445
12150	56.9445
12160	51.3028
12170	61.3028
12180	53.4846
12190	63.4846
12200	54.2119
12210	64.2119
12220	53.121
12230	44.6818
12240	39.0455
12250	49.0455
12260	41.2363
12270	51.2363
12280	41.9952
12290	51.9952
12300	40.9628
12310	50.9628
12320	45.0992
12330	55.0992
12340	47.4478
12350	57.4478
12360	48.2009
12370	58.2009
12380	47.1504
12390	57.1504
12400	51.3326
12410	61.3326
12420	53.8802
12430	63.8802
12440	54.6875
12450	64.6875
12460	53.6489
12470	63.6489
12480	53.6881
12490	45.792
12500	55.792
12510	46.3569
12520	56.3569
12530	44.9826
12540	54.9826
12550	41.2567
12560	51.2567
12570	45.162
12580	55.162
12590	47.8847
12600	57.8847
12610	49.0486
12620	59.0486
12630	48.1811
12640	44.5466
12650	38.4288
12660	48.4288
12670	41.0883
12680	51.0883
12690	42.381
12700	52.381
12710	41.6017
12720	51.6017
12730	45.3247
12740	55.3247
12750	48.0254
12760	58.0254
12770	49.3823
12780	59.3823
12790	48.502
12800	58.502
12810	52.0493
12820	62.0493
12830	55.6652
12840	46.3519
12850	56.3519
12860	45.4936
12870	55.4936
12880	41.947
12890	51.947
12900	43.4362
12910	53.4362
12920	46.3183
12930	56.3183
12940	47.8508
12950	57.8508
12960	46.9961
12970	56.9961
12980	50.5859
12990	60.5859
13000	53.4918
13010	47.4786
13020	39.0171
13030	49.0171
13040	38.1624
13050	48.1624
13060	41.7521
13070	51.7521
13080	44.6581
13090	54.6581
13100	46.1966
13110	56.1966
13120	45.3419
13130	55.3419
13140	48.9316
13150	58.9316
13160	51.8539
13170	61.8539
13180	53.4491
13190	63.4491
13200	52.495
13210	62.495
13220	53.6667
13230	45.0244
13240	55.0244
13250	45.9915
13260	55.9915
13270	45.4552
13280	55.4552
13290	41.8987
13300	51.8987
13310	45.3587
13320	55.3586
13330	48.481
13340	58.481
13350	50.2532
13360	60.2532
13370	49.3249
13380	44.4726
13390	37.9325
13400	47.9325
13410	40.9885
13420	50.9885
13430	42.799
13440	52.799
13450	41.9367
13460	51.9367
13470	45.4815
13480	55.4815
13490	48.2696
13500	58.2696
13510	50.211
13520	60.211
13530	49.2153
13540	59.2153
13550	53.5876
13560	45.1173
13570	55.1173
13580	45.7229
13590	55.7229
13600	45.6327
13610	55.6327
13620	41.868
13630	51.868
13640	45.385
13650	55.385
13660	47.9559
13670	57.9559
13680	50.1781
13690	60.1781
13700	49.1081
13710	44.6105
13720	38.1614
13730	48.1614
13740	40.7433
13750	50.7433
13760	43.0147
13770	53.0147
13780	41.7213
13790	51.7213
13800	45.3279
13810	55.3279
13820	47.9667
13830	57.9667
13840	50.314
13850	60.314
13860	48.9094
13870	58.9094
13880	52.3505
13890	62.3505
13900	55.2846
13910	45.8943
13920	55.8943
13930	46.1382
13940	56.1382
13950	41.9919
13960	51.9919
13970	43.3333
13980	53.3333
13990	46.0976
14000	56.0976
14010	48.5366
14020	58.5366
14030	47.0732
14040	57.0732
14050	50.4878
14060	60.4878
14070	53.2642
14080	47.1754
14090	39.507
14100	49.507
14110	38.1022
14120	48.1022
14130	41.5789
14140	51.5789
14150	44.413
14160	54.413
14170	46.5992
14180	56.5992
14190	45.2155
14200	55.2155
14210	48.7692
14220	58.7692
14230	51.5333
14240	61.5333
14250	53.644
14260	63.644
14270	52.1506
14280	62.1506
14290	53.5968
14300	45.3403
14310	55.3403
14320	45.7652
14330	55.7652
14340	45.6668
14350	55.6668
14360	41.2633
14370	51.2633
14380	45.2003
14390	55.2003
14400	47.8775
14410	57.8774
14420	49.9247
14430	59.9247
14440	48.2368
14450	44.306
14460	38.1904
14470	48.1904
14480	41.004
14490	51.004
14500	42.9572
14510	52.9572
14520	41.4786
14530	51.4786
14540	45.264
14550	55.264
14560	48.1674
14570	58.1674
14580	50.1558
14590	60.1558
14600	48.749
14610	58.749
14620	52.3149
14630	62.3149
14640	55.3488
14650	46.1628
14660	56.1628
14670	45.9424
14680	55.9424
14690	41.7765
14700	51.7765
14710	43.3309
14720	53.3309
14730	46.349
14740	56.349
14750	48.4632
14760	58.4632
14770	46.8977
14780	56.8977
14790	50.2806
14800	60.2806
14810	53.4396
14820	47.5295
14830	39.6154
14840	49.6154
14850	38.0085
14860	48.0085
14870	41.2224
14880	51.2224
14890	44.4084
14900	54.4084
14910	46.6378
14920	56.6378
14930	45.013
14940	55.013
14950	48.2096
14960	58.2096
14970	51.3953
14980	61.3953
14990	53.4421
15000	63.4421
15010	51.9184
15020	61.9184
15030	53.8146
15040	45
15050	55
15060	45.8582
15070	55.8582
15080	45.709
15090	55.709
15100	41.5438
15110	51.5438
15120	44.7274
15130	54.7274
15140	47.7552
15150	57.7552
15160	49.9063
15170	59.9063
15180	48.4937
15190	58.4937
15200	51.542
15210	46.1351
15220	39.1944
15230	49.1944
15240	41.3786
15250	51.3786
15260	39.8285
15270	49.8285
15280	42.9575
15290	52.9575
15300	46.1068
15310	56.1068
15320	48.3929
15330	58.3929
15340	46.8718
15350	56.8718
15360	49.903
15370	59.903
15380	53.1435
15390	63.1435
15400	56.503
15410	46.5705
15420	56.5705
15430	42.3164
15440	52.3164
15450	43.2482
15460	53.2482
15470	44.5255
15480	54.5255
15490	46.7153
15500	56.7153
15510	45.1095
15520	55.1095
15530	48.1752
15540	58.1752
15550	51.5328
15560	61.5328
15570	53.7226
15580	63.7226
15590	52.1168
15600	44.5985
15610	37.6642
15620	47.6642
15630	40.9796
15640	50.9796
15650	43.2339
15660	53.2339
15670	41.5281
15680	51.5281
15690	44.6977
15700	54.6977
15710	47.8257
15720	57.8257
15730	50.2224
15740	60.2224
15750	48.6034
15760	58.6034
15770	51.6689
15780	61.6689
15790	55.2392
15800	46.0211
15810	56.021
15820	46.416
15830	56.416
15840	41.8708
15850	51.8708
15860	42.9553
15870	52.9553
15880	45.8451
15890	55.8451
15900	48.5307
15910	58.5307
15920	46.5227
15930	56.5227
15940	49.8354
15950	59.8354
15960	52.5916
15970	47.2792
15980	40.0353
15990	50.0353
16000	37.9859
16010	47.9859
16020	41.3074
16030	51.3074
16040	44.0456
16050	54.0456
16060	46.8457
16070	56.8457
16080	44.891
16090	54.891
16100	48.078
16110	58.078
16120	50.6966
16130	60.6966
16140	53.4391
16150	63.4391
16160	51.6104
16170	61.6104
16180	53.9161
16190	45.035
16200	55.035
16210	45.5245
16220	55.5245
16230	46.014
16240	56.014
16250	41.4685
16260	51.4685
16270	44.6853
16280	54.6853
16290	47.3045
16300	57.3045
16310	49.9875
16320	59.9875
16330	48.2206
16340	58.2206
16350	51.5016
16360	46.4283
16370	38.7752
16380	48.7752
16390	41.5334
16400	51.5334
16410	39.8469
16420	49.8469
16430	43.1219
16440	53.1219
16450	45.4192
16460	55.4192
16470	48.2818
16480	58.2818
16490	46.5428
16500	56.5428
16510	49.618
16520	59.618
16530	52.0671
16540	62.0671
16550	54.8068
16560	64.8068
16570	53.163
16580	63.163
16590	54.1856
16600	45.0526
16610	55.0526
16620	45.4135
16630	55.4135
16640	45.9252
16650	55.9252
16660	41.5254
16670	51.5254
16680	44.4407
16690	54.4407
16700	47.0847
16710	57.0847
16720	49.7493
16730	59.7493
16740	48.002
16750	58.002
16760	50.9949
16770	60.9949
16780	53.4716
16790	47.1791
16800	39.9891
16810	49.9891
16820	38.2475
16830	48.2475
16840	41.4032
16850	51.4032
16860	43.7804
16870	53.7804
16880	46.7059
16890	56.7059
16900	44.8392
16910	54.8392
16920	48.0392
16930	58.0392
16940	50.4392
16950	60.4392
16960	53.3725
16970	63.3725
16980	51.5059
16990	61.5059
17000	54.0025
17010	45.1158
17020	55.1157
17030	45.3443
17040	55.3443
17050	45.9901
17060	55.9901
17070	41.4408
17080	51.4408
17090	44.7436
17100	54.7435
17110	47.102
17120	57.102
17130	49.9514
17140	59.9514
17150	47.9868
17160	57.9868
17170	51.4268
17180	61.4267
17190	53.6017
17200	47.1148
17210	40.0656
17220	50.0656
17230	38.0328
17240	48.0328
17250	41.491
17260	51.491
17270	43.697
17280	53.6971
17290	46.7159
17300	56.7159
17310	44.5983
17320	54.5983
17330	47.866
17340	57.866
17350	50.2164
17360	60.2164
17370	53.1267
17380	63.1267
17390	51.146
17400	61.146
17410	54.0934
17420	45.2047
17430	55.2047
17440	45.4726
17450	55.4726
17460	46.0523
17470	56.0523
17480	41.2232
17490	51.2232
17500	44.5216
17510	54.5216
17520	47.0771
17530	57.0771
17540	49.7442
17550	59.7442
17560	47.7772
17570	57.7772
17580	51.1007
17590	61.1007
17600	53.6236
17610	47.2358
17620	39.9768
17630	49.9768
17640	38.1941
17650	48.1941
17660	41.5036
17670	51.5036
17680	43.8486
17690	53.8486
17700	46.6877
17710	56.6877
17720	44.9713
17730	54.9713
17740	48.2621
17750	58.2621
17760	50.6643
17770	60.6643
17780	53.6082
17790	63.6082
17800	51.8393
17810	61.8393
17820	54.0369
17830	45.0275
17840	55.0275
17850	45.1498
17860	55.1498
17870	46.1068
17880	56.1068
17890	41.7597
17900	51.7597
17910	44.6408
17920	54.6408
17930	46.919
17940	56.919
17950	50.0599
17960	60.0599
17970	48.4986
17980	58.4986
17990	51.3714
18000	46.3349
18010	38.6129
18020	48.6129
18030	41.6389
18040	51.6389
18050	40.0768
18060	50.0768
18070	42.9383
18080	52.9383
18090	45.3083
18100	55.3083
18110	48.2207
18120	58.2207
18130	46.7718
18140	56.7718
18150	49.5051
18160	59.5051
18170	51.7738
18180	61.7738
18190	54.7841
18200	64.7841
18210	53.4419
18220	63.4419
18230	54.5455
18240	44.9091
18250	54.9091
18260	45
18270	55
18280	45.8848
18290	55.8848
18300	41.9394
18310	51.9394
18320	44.5559
18330	54.5559
18340	46.7346
18350	56.7346
18360	49.6262
18370	59.6262
18380	48.4214
18390	58.4214
18400	51.072
18410	61.072
18420	53.2406
18430	46.9578
18440	39.8494
18450	49.8494
18460	38.6605
18470	48.6605
18480	41.217
18490	51.217
18500	43.4109
18510	53.4109
18520	46.3042
18530	56.3042
18540	45.2404
18550	55.2404
18560	47.799
18570	57.799
18580	49.9079
18590	59.9079
18600	52.5994
18610	62.5994
18620	51.6384
18630	61.6384
18640	54.7024
18650	45.1488
18660	55.1488
18670	45.0595
18680	55.0595
18690	45.515
18700	55.515
18710	41.97
18720	51.97
18730	44.6238
18740	54.6238
18750	46.6055
18760	56.6055
18770	49.2979
18780	59.2979
18790	48.4494
18800	58.4494
18810	50.9665
18820	60.9665
18830	53.0233
18840	47.0363
18850	39.668
18860	49.668
18870	38.7506
18880	48.7506
18890	41.3644
18900	51.3644
18910	43.5214
18920	53.5214
18930	45.9319
18940	55.9319
18950	44.9894
18960	54.9894
18970	47.6598
18980	57.6598
18990	49.8807
19000	59.8807
19010	52.3554
19020	62.3554
19030	51.1975
19040	61.1975
19050	54.6175
19060	45.1623
19070	55.1623
19080	45.1577
19090	55.1577
19100	45.5531
19110	55.5532
19120	41.8078
19130	51.8078
19140	44.4378
19150	54.4378
19160	46.4615
19170	56.4615
19180	49.1255
19190	59.1255
19200	48.1108
19210	58.1108
19220	50.8035
19230	60.8035
19240	52.6036
19250	47.0029
19260	39.7118
19270	49.7118
19280	38.732
19290	48.732
19300	41.4409
19310	51.4409
19320	43.2277
19330	53.2277
19340	45.9163
19350	55.9163
19360	44.9584
19370	54.9584
19380	47.6977
19390	57.6977
19400	49.5296
19410	59.5296
19420	52.0583
19430	62.0583
19440	51.1388
19450	61.1388
19460	54.8316
19470	45.4584
19480	55.4584
19490	44.9665
19500	54.9666
19510	45.2164
19520	55.2164
19530	41.7913
19540	51.7913
19550	44.614
19560	54.614
19570	46.4332
19580	56.4332
19590	48.7399
19600	58.7399
19610	47.94
19620	57.94
19630	50.7817
19640	60.7817
19650	52.5464
19660	47.2535
19670	39.472
19680	49.472
19690	38.6272
19700	48.6272
19710	41.5449
19720	51.5449
19730	43.3427
19740	53.3427
19750	45.5899
19760	55.5899
19770	44.6976
19780	54.6976
19790	47.6363
19800	57.6363
19810	49.328
19820	59.328
19830	51.6181
19840	61.6181
19850	50.7778
19860	60.7778
19870	54.874
19880	45.7033
19890	55.7033
19900	45.0471
19910	55.0471
19920	45.1589
19930	55.1589
19940	41.7608
19950	51.7608
19960	44.5541
19970	54.5541
19980	46.2301
19990	56.2301
20000	48.5765
20010	58.5765
20020	47.8045
20030	57.8045
20040	50.6182
20050	60.6182
20060	52.3286
20070	47.2588
20080	39.4618
20090	49.4618
20100	38.6922
20110	48.6922
20120	41.6134
20130	51.6134
20140	43.2044
20150	53.2044
20160	45.4308
20170	55.4308
20180	44.7478
20190	54.7478
20200	47.8247
20210	57.8247
20220	49.3632
20230	59.3632
20240	51.5473
20250	61.5473
20260	50.9289
20270	60.9289
20280	54.883
20290	45.7516
20300	55.7516
20310	45.0994
20320	55.0994
20330	44.9769
20340	54.9769
20350	41.9375
20360	51.9375
20370	44.7811
20380	54.7811
20390	46.4491
20400	56.4491
20410	48.6556
20420	58.6556
20430	48.2913
20440	58.2913
20450	51.1115
20460	61.1115
20470	52.6049
20480	46.9344
20490	39.2453
20500	49.2453
20510	38.9757
20520	48.9757
20530	41.7251
20540	51.7251
20550	43.1918
20560	53.1918
20570	45.4665
20580	55.4665
20590	45.1321
20600	55.1321
20610	47.9664
20620	57.9664
20630	49.4617
20640	59.4617
20650	51.6892
20660	61.6892
20670	51.367
20680	61.367
20690	54.9615
20700	45.7324
20710	55.7324
20720	44.8332
20730	54.8332
20740	44.9149
20750	54.9149
20760	42.0474
20770	52.0474
20780	45.0114
20790	55.0114
20800	46.497
20810	56.497
20820	48.8374
20830	58.8374
20840	48.4119
20850	58.4119
20860	51.3906
20870	61.3906
20880	52.88
20890	46.9149
20900	39.2553
20910	49.2553
20920	38.8298
20930	48.8298
20940	41.8085
20950	51.8085
20960	43.2979
20970	53.2979
20980	45.6383
20990	55.6383
21000	45.2128
21010	55.2128
21020	48.1966
21030	58.1966
21040	49.7037
21050	59.7037
21060	52.0728
21070	62.0728
21080	51.511
21090	61.511
21100	54.7745
21110	45.6764
21120	55.6764
21130	44.9072
21140	54.9072
21150	45.0928
21160	55.0928
21170	41.9363
21180	51.9363
21190	44.9602
21200	54.9602
21210	46.5072
21220	56.5072
21230	48.9143
21240	58.9143
21250	48.3675
21260	58.3675
21270	51.2371
21280	61.2371
21290	52.8244
21300	46.9312
21310	39.3651
21320	49.3651
21330	38.836
21340	48.836
21350	41.6931
21360	51.6931
21370	43.2804
21380	53.2804
21390	45.6958
21400	55.6957
21410	45.1863
21420	55.1863
21430	48.0711
21440	58.0711
21450	49.7112
21460	59.7112
21470	52.0141
21480	62.0141
21490	51.4763
21500	61.4763
21510	54.6862
21520	45.5505
21530	55.5506
21540	45.0227
21550	55.0227
21560	45.0598
21570	55.0598
21580	41.9633
21590	51.9633
21600	45
21610	55
21620	46.7801
21630	56.7801
21640	48.9791
21650	58.9791
21660	48.4555
21670	58.4555
21680	51.4921
21690	61.4921
21700	53.2723
21710	47.0419
21720	39.2408
21730	49.2408
21740	38.7173
21750	48.7173
21760	41.7539
21770	51.7539
21780	43.534
21790	53.534
21800	45.733
21810	55.733
21820	45.2094
21830	55.2094
21840	48.2461
21850	58.2461
21860	50.0262
21870	60.0262
21880	52.2251
21890	62.2251
21900	51.7016
21910	61.7016
21920	54.6597
21930	45.5759
21940	55.5759
21950	45.0785
21960	55.0785
21970	45.0524
21980	55.0524
21990	41.9633
22000	51.9633
22010	45
22020	55
22030	46.7801
22040	56.7801
22050	48.9953
22060	58.9953
22070	48.4286
22080	58.4286
22090	51.3843
22100	61.3843
22110	53.2323
22120	47.0475
22130	39.2901
22140	49.2901
22150	38.7372
22160	48.7372
22170	41.7357
22180	51.7357
22190	43.4974
22200	53.4974
22210	45.6736
22220	55.6736
22230	45.1614
22240	55.1614
22250	48.1825
22260	58.1825
22270	49.973
22280	59.973
22290	52.0158
22300	62.0158
22310	51.4951
22320	61.4951
22330	54.6626
22340	45.6304
22350	55.6304
22360	45.1766
22370	55.1766
22380	45.0479
22390	55.0479
22400	41.7713
22410	51.7713
22420	44.9225
22430	54.9225
22440	46.6859
22450	56.6859
22460	48.8706
22470	58.8706
22480	48.2016
22490	58.2016
22500	51.2195
22510	61.2195
22520	53.0098
22530	47.1372
22540	39.3169
22550	49.3169
22560	38.6966
22570	48.6966
22580	41.7825
22590	51.7825
22600	43.4304
22610	53.4304
22620	45.5725
22630	55.5725
22640	45.1024
22650	55.1024
22660	48.2923
22670	58.2923
22680	49.8619
22690	59.8619
22700	52.0392
22710	62.0392
22720	51.5835
22730	61.5835
22740	54.6582
22750	45.7468
22760	55.7468
22770	44.9936
22780	54.9936
22790	44.8955
22800	54.8955
22810	41.9524
22820	51.9524
22830	45.2206
22840	55.2206
22850	46.6816
22860	56.6816
22870	48.7471
22880	58.7471
22890	48.4123
22900	58.4123
22910	51.7225
22920	61.7225
22930	53.1108
22940	47.0017
22950	38.9884
22960	48.9884
22970	38.7175
22980	48.7175
22990	42.0254
23000	52.0254
23010	43.4955
23020	53.4955
23030	45.6172
23040	55.6172
23050	45.2589
23060	55.2589
23070	48.6139
23080	58.6139
23090	50
23100	60
23110	52.1783
23120	62.1783
23130	51.7822
23140	61.7822
23150	54.604
23160	45.8911
23170	55.8911
23180	44.9505
23190	54.9505
23200	44.9087
23210	54.9087
23220	41.9006
23230	51.9006
23240	45.2947
23250	55.2947
23260	46.6968
23270	56.6968
23280	48.9377
23290	58.9377
23300	48.4286
23310	58.4286
23320	51.8809
23330	61.8809
23340	53.1813
23350	46.9074
23360	39.0701
23370	49.0701
23380	38.6127
23390	48.6127
23400	42.162
23410	52.162
23420	43.4436
23430	53.4436
23440	45.6796
23450	55.6796
23460	45.1947
23470	55.1947
23480	48.7571
23490	58.7571
23500	50.0296
23510	60.0296
23520	52.278
23530	62.278
23540	51.8214
23550	61.8214
23560	54.5679
23570	45.9367
23580	55.9367
23590	44.9337
23600	54.9337
23610	45.0054
23620	55.0054
23630	41.8982
23640	51.8982
23650	45.4131
23660	55.4131
23670	46.6471
23680	56.6471
23690	48.8841
23700	58.8841
23710	48.4714
23720	58.4714
23730	51.9153
23740	61.9153
23750	53.0772
23760	46.8439
23770	39.0298
23780	49.0298
23790	38.7056
23800	48.7056
23810	42.0984
23820	52.0984
23830	43.3195
23840	53.3194
23850	45.5043
23860	55.5043
23870	45.1688
23880	55.1687
23890	48.5104
23900	58.5104
23910	49.7647
23920	59.7647
23930	52.0021
23940	62.0021
23950	51.6061
23960	61.6061
23970	54.7224
23980	46.0377
23990	56.0377
24000	44.8113
24010	54.8113
24020	44.8585
24030	54.8585
24040	41.9094
24050	51.9094
24060	45.3222
24070	55.3222
24080	46.4843
24090	56.4843
24100	48.7688
24110	58.7688
24120	48.2123
24130	58.2123
24140	51.7
24150	61.7
24160	52.958
24170	46.9789
24180	39.1803
24190	49.1803
24200	38.5714
24210	48.5714
24220	42.0843
24230	52.0843
24240	43.3489
24250	53.3489
24260	45.555
24270	55.555
24280	44.9636
24290	54.9636
24300	48.5001
24310	58.5001
24320	49.6412
24330	59.6412
24340	51.8842
24350	61.8842
24360	51.3235
24370	61.3235
24380	54.6278
24390	46.1323
24400	56.1323
24410	44.9154
24420	54.9154
24430	44.9693
24440	54.9693
24450	41.7101
24460	51.7101
24470	45.2369
24480	55.2369
24490	46.432
24500	56.432
24510	48.7617
24520	58.7617
24530	48.1309
24540	58.1309
24550	51.5987
24560	61.5987
24570	52.6766
24580	46.8678
24590	39.2343
24600	49.2343
24610	38.6311
24620	48.6311
24630	42.1157
24640	52.1157
24650	43.1988
24660	53.1988
24670	45.5904
24680	55.5904
24690	44.8686
24700	54.8686
24710	48.3871
24720	58.3871
24730	49.4982
24740	59.4982
24750	51.9056
24760	61.9056
24770	51.1649
24780	61.1649
24790	54.6296
24800	46.0812
24810	56.0812
24820	44.8008
24830	54.8008
24840	45.0547
24850	55.0547
24860	41.799
24870	51.799
24880	45.2092
24890	55.2092
24900	46.223
24910	56.223
24920	48.7115
24930	58.7115
24940	48.0663
24950	58.0663
24960	51.4765
24970	61.4765
24980	52.4903
24990	46.8133
25000	39.3228
25010	49.3228
25020	38.7379
25030	48.7379
25040	42.0893
25050	52.0893
25060	43.0858
25070	53.0858
25080	45.7431
25090	55.7431
25100	45.163
25110	55.163
25120	48.3977
25130	58.3977
25140	49.4455
25150	59.4455
25160	52.1378
25170	62.1378
25180	51.4966
25190	61.4966
25200	54.748
25210	45.915
25220	55.915
25230	44.6272
25240	54.6272
25250	45.1683
25260	55.1683
25270	41.9449
25280	51.9449
25290	45.1553
25300	55.1553
25310	46.1937
25320	56.1937
25330	48.8574
25340	58.8574
25350	48.2471
25360	58.2471
25370	51.4685
25380	61.4685
25390	52.5357
25400	46.7372
25410	39.4369
25420	49.4369
25430	38.7162
25440	48.7162
25450	41.9595
25460	51.9595
25470	43.0405
25480	53.0405
25490	45.7432
25500	55.7432
25510	45.0225
25520	55.0225
25530	48.2742
25540	58.2742
25550	49.3861
25560	59.3861
25570	52.0264
25580	62.0264
25590	51.2364
25600	61.2364
25610	54.7188
25620	45.9702
25630	55.9702
25640	44.813
25650	54.813
25660	45.1007
25670	55.1007
25680	41.745
25690	51.745
25700	45.1007
25710	55.1007
25720	46.3161
25730	56.3161
25740	48.7936
25750	58.7936
25760	48.0642
25770	58.0642
25780	51.3022
25790	61.3022
25800	52.512
25810	46.8855
25820	39.438
25830	49.438
25840	38.6444
25850	48.6444
25860	41.9333
25870	51.9333
25880	43.0936
25890	53.0936
25900	45.6854
25910	55.6854
25920	44.805
25930	54.805
25940	48.1341
25950	58.1341
25960	49.3615
25970	59.3615
25980	51.9168
25990	61.9168
26000	50.8983
26010	60.8983
26020	54.6261
26030	45.9684
26040	55.9684
26050	44.9392
26060	54.9392
26070	45.3084
26080	55.3084
26090	41.5198
26100	51.5198
26110	44.9559
26120	54.9559
26130	46.2775
26140	56.2775
26150	48.8326
26160	58.8326
26170	47.6872
26180	57.6872
26190	51.1233
26200	61.1233
26210	52.4449
26220	47.0264
26230	39.5815
26240	49.5815
26250	38.4477
26260	48.4477
26270	41.9021
26280	51.9021
26290	43.2544
26300	53.2544
26310	45.6764
26320	55.6764
26330	44.5942
26340	54.5942
26350	47.9815
26360	57.9815
26370	49.3794
26380	59.3794
26390	51.8355
26400	61.8355
26410	50.7829
26420	60.7829
26430	54.6491
26440	45.8991
26450	55.8991
26460	44.9781
26470	54.9781
26480	45.2412
26490	55.2412
26500	41.557
26510	51.557
26520	44.8904
26530	54.8904
26540	46.2939
26550	56.2939
26560	48.7567
26570	58.7567
26580	47.7237
26590	57.7237
26600	50.9635
26610	60.9635
26620	52.4117
26630	47.0789
26640	39.5155
26650	49.5155
26660	38.5254
26670	48.5254
26680	41.7673
26690	51.7673
26700	43.2768
26710	53.2768
26720	45.6766
26730	55.6766
26740	44.5575
26750	54.5575
26760	47.7637
26770	57.7637
26780	49.3623
26790	59.3623
26800	51.849
26810	61.849
26820	50.7057
26830	60.7057
26840	54.746
26850	45.6504
26860	55.6504
26870	45.0396
26880	55.0396
26890	45.2927
26900	55.2927
26910	41.6021
26920	51.6021
26930	44.5643
26940	54.5643
26950	46.3414
26960	56.3414
26970	48.825
26980	58.825
26990	47.7091
27000	57.7091
27010	50.7134
27020	60.7134
27030	52.5228
27040	47.1782
27050	39.6834
27060	49.6834
27070	38.4824
27080	48.4824
27090	41.5203
27100	51.5203
27110	43.3619
27120	53.3619
27130	45.8886
27140	55.8886
27150	44.6569
27160	54.6569
27170	47.7238
27180	57.7238
27190	49.5083
27200	59.5083
27210	51.9522
27220	61.9522
27230	50.8008
27240	60.8008
27250	54.6482
27260	45.6503
27270	55.6503
27280	45.1173
27290	55.1173
27300	45.3518
27310	55.3518
27320	41.5565
27330	51.5565
27340	44.6695
27350	54.6695
27360	46.4179
27370	56.4179
27380	48.8486
27390	58.8486
27400	47.7051
27410	57.7051
27420	50.8334
27430	60.8334
27440	52.608
27450	47.2673
27460	39.5817
27470	49.5817
27480	38.4944
27490	48.4944
27500	41.5568
27510	51.5568
27520	43.3938
27530	53.3938
27540	45.7522
27550	55.7522
27560	44.5879
27570	54.588
27580	47.6518
27590	57.6518
27600	49.5397
27610	59.5397
27620	51.7988
27630	61.7988
27640	50.6572
27650	60.6572
27660	54.6512
27670	45.6237
27680	55.6237
27690	45.2776
27700	55.2776
27710	45.3305
27720	55.3305
27730	41.4926
27740	51.4926
27750	44.4893
27760	54.4893
27770	46.4683
27780	56.4683
27790	48.7841
27800	58.7841
27810	47.5414
27820	57.5414
27830	50.5461
27840	60.5461
27850	52.5506
27860	47.3977
27870	39.7479
27880	49.7479
27890	38.4034
27900	48.4034
27910	41.4286
27920	51.4286
27930	43.4538
27940	53.4538
27950	45.7729
27960	55.7729
27970	44.3805
27980	54.3805
27990	47.471
28000	57.471
28010	49.5766
28020	59.5766
28030	51.8587
28040	61.8587
28050	50.4797
28060	60.4797
28070	54.4773
28080	45.5174
28090	55.5174
28100	45.3176
28110	55.3176
28120	45.4439
28130	55.4439
28140	41.4628
28150	51.4628
28160	44.6531
28170	54.6531
28180	46.5404
28190	56.5404
28200	48.8555
28210	58.8555
28220	47.5963
28230	57.5963
28240	50.8302
28250	60.8302
28260	52.7389
28270	47.3652
28280	39.6058
28290	49.6058
28300	38.361
28310	48.361
28320	41.5975
28330	51.5975
28340	43.4918
28350	53.4918
28360	45.7458
28370	55.7458
28380	44.5279
28390	54.5279
28400	47.806
28410	57.806
28420	49.5676
28430	59.5676
28440	51.8112
28450	61.8112
28460	50.7194
28470	60.7194
28480	54.4956
28490	45.7619
28500	55.7619
28510	45.289
28520	55.289
28530	45.213
28540	55.213
28550	41.4889
28560	51.4889
28570	44.8248
28580	54.8248
28590	46.706
28600	56.706
28610	48.6932
28620	58.6932
28630	47.6609
28640	57.6609
28650	51.0392
28660	61.0392
28670	52.9537
28680	47.4542
28690	39.3686
28700	49.3686
28710	38.361
28720	48.361
28730	41.7587
28740	51.7587
28750	43.7008
28760	53.7008
28770	45.4894
28780	55.4894
28790	44.5138
28800	54.5138
28810	47.9284
28820	57.9284
28830	49.8837
28840	59.8837
28850	51.6269
28860	61.6269
28870	50.6774
28880	60.6774
28890	54.4671
28900	45.8418
28910	55.8418
28920	45.5781
28930	55.5781
28940	44.9493
28950	54.9493
28960	41.3996
28970	51.3996
28980	44.8479
28990	54.8479
29000	46.8357
29010	56.8357
29020	48.5055
29030	58.5055
29040	47.5216
29050	57.5216
29060	50.9925
29070	60.9925
29080	53.0204
29090	47.6214
29100	39.3375
29110	49.3375
29120	38.2045
29130	48.2045
29140	41.7172
29150	51.7172
29160	43.7778
29170	53.7778
29180	45.5234
29190	55.5234
29200	44.3242
29210	54.3242
29220	47.7814
29230	57.7814
29240	49.9043
29250	59.9043
29260	51.7152
29270	61.7152
29280	50.4677
29290	60.4677
29300	54.3877
29310	45.7437
29320	55.7437
29330	45.6606
29340	55.6606
29350	45.2247
29360	55.2247
29370	41.2048
29380	51.2048
29390	44.6586
29400	54.6586
29410	46.8273
29420	56.8273
29430	48.6874
29440	58.6874
29450	47.3583
29460	57.3583
29470	50.7488
29480	60.7488
29490	52.8417
29500	47.6099
29510	39.5452
29520	49.5452
29530	38.2939
29540	48.2939
29550	41.5369
29560	51.5369
29570	43.6527
29580	53.6527
29590	45.6088
29600	55.6088
29610	44.376
29620	54.376
29630	47.6217
29640	57.6217
29650	49.7592
29660	59.7592
29670	51.621
29680	61.621
29690	50.414
29700	60.414
29710	54.5244
29720	45.6562
29730	55.6562
29740	45.5248
29750	55.5247
29760	45.2079
29770	55.2079
29780	41.3267
29790	51.3267
29800	44.5405
29810	54.5405
29820	46.6545
29830	56.6545
29840	48.6192
29850	58.6192
29860	47.2987
29870	57.2987
29880	50.5679
29890	60.5679
29900	52.6434
29910	47.5071
29920	39.5401
29930	49.5401
29940	38.2668
29950	48.2668
29960	41.5343
29970	51.5343
29980	43.6791
29990	53.6791
30000	45.6751
30010	55.6751
30020	44.3929
30030	54.3929
30040	47.6086
30050	57.6086
30060	49.7083
30070	59.7083
30080	51.7689
30090	61.7689
30100	50.5188
30110	60.5188
30120	54.5311
30130	45.6079
30140	55.6079
30150	45.4519
30160	55.4519
30170	45.2793
30180	55.2793
30190	41.3468
30200	51.3468
30210	44.5977
30220	54.5977
30230	46.6132
30240	56.6132
30250	48.6287
30260	58.6287
30270	47.3956
30280	57.3956
30290	50.6652
30300	60.6652
30310	52.7042
30320	62.7042
30330	54.594
30340	64.594
30350	53.4295
30360	45.3132
30370	38.5408
30380	48.5408
30390	40.6723
30400	50.6723
30410	42.4416
30420	52.4416
30430	41.2697
30440	51.2697
30450	44.5362
30460	54.5362
30470	46.7367
30480	56.7367
30490	48.4856
30500	58.4856
30510	47.203
30520	57.203
30530	50.5096
30540	60.5096
30550	52.6589
30560	62.6589
30570	54.4554
30580	64.4554
30590	53.2081
30600	63.2081
30610	54.538
30620	45.6862
30630	55.6862
30640	45.6073
30650	55.6073
30660	45.1217
30670	55.1217
30680	41.3132
30690	51.3132
30700	44.4311
30710	54.4311
30720	46.6364
30730	56.6364
30740	48.3855
30750	58.3854
30760	47.2518
30770	57.2518
30780	50.3187
30790	60.3188
30800	52.5469
30810	62.5469
30820	54.3135
30830	64.3135
30840	53.2469
30850	45.4777
30860	38.5192
30870	48.5192
30880	40.6512
30890	50.6512
30900	42.3698
30910	52.3698
30920	41.3751
30930	51.3751
30940	44.504
30950	54.504
30960	46.5117
30970	56.5117
30980	48.2106
30990	58.2106
31000	47.2118
31010	57.2118
31020	50.4205
31030	60.4205
31040	52.3092
31050	62.3092
31060	54.032
31070	64.032
31080	53.0582
31090	63.0582
31100	54.7578
31110	45.8888
31120	55.8888
31130	45.4392
31140	55.4392
31150	44.9026
31160	54.9026
31170	41.3526
31180	51.3526
31190	44.6182
31200	54.6182
31210	46.3982
31220	56.3982
31230	48.0286
31240	58.0286
31250	47.1496
31260	57.1496
31270	50.4542
31280	60.4542
31290	52.2565
31300	62.2565
31310	53.7981
31320	63.7981
31330	52.9676
31340	45.5238
31350	38.878
31360	48.878
31370	40.5539
31380	50.5539
31390	42.0613
31400	52.0613
31410	41.3148
31420	51.3148
31430	44.7222
31440	54.7222
31450	46.3519
31460	56.3518
31470	47.8244
31480	57.8244
31490	47.0579
31500	57.0579
31510	50.5028
31520	60.5028
31530	52.1985
31540	62.1985
31550	53.5722
31560	63.5722
31570	52.8072
31580	62.8072
31590	54.6787
31600	46.1481
31610	56.1481
31620	45.6497
31630	55.6497
31640	44.5557
31650	54.5557
31660	41.2793
31670	51.2793
31680	44.8023
31690	54.8023
31700	46.6454
31710	56.6454
31720	47.7712
31730	57.7712
31740	47.1816
31750	57.1816
31760	50.6957
31770	60.6957
31780	52.4925
31790	62.4925
31800	53.5018
31810	63.5018
31820	52.9806
31830	45.4573
31840	38.9985
31850	48.9985
31860	40.8307
31870	50.8307
31880	41.7871
31890	51.7871
31900	41.3259
31910	51.3259
31920	44.7925
31930	54.7925
31940	46.6632
31950	56.6632
31960	47.5054
31970	57.5054
31980	47.1158
31990	57.1158
32000	50.6489
32010	60.6489
32020	52.4658
32030	62.4658
32040	53.2812
32050	63.2812
32060	52.8275
32070	62.8275
32080	54.7568
32090	46.2703
32100	56.2703
32110	45.8378
32120	55.8378
32130	44.2763
32140	54.2763
32150	41.2649
32160	51.2649
32170	44.7553
32180	54.7553
32190	46.6404
32200	56.6404
32210	47.4865
32220	57.4865
32230	47.1289
32240	57.1289
32250	50.5423
32260	60.5422
32270	52.4768
32280	62.4768
32290	53.2496
32300	63.2495
32310	53.0009
32320	45.5531
32330	38.9632
32340	48.9632
32350	40.8745
32360	50.8745
32370	41.6548
32380	51.6548
32390	41.4413
32400	51.4413
32410	44.7865
32420	54.7865
32430	46.6958
32440	56.6958
32450	47.4911
32460	57.4911
32470	47.2996
32480	57.2996
32490	50.6736
32500	60.6736
32510	52.497
32520	62.497
32530	53.3349
32540	63.3349
32550	53.1961
32560	63.1961
32570	54.8383
32580	46.1278
32590	56.1278
32600	45.7496
32610	55.7496
32620	44.1155
32630	54.1155
32640	41.5511
32650	51.5511
32660	44.8925
32670	54.8925
32680	46.8301
32690	56.8301
32700	47.5003
32710	57.5003
32720	47.465
32730	57.465
32740	50.816
32750	60.816
32760	52.756
32770	62.756
32780	53.4262
32790	63.4262
32800	53.3725
32810	45.5931
32820	38.9565
32830	48.9566
32840	40.918
32850	50.918
32860	41.6197
32870	51.6197
32880	41.4789
32890	51.4789
32900	44.8592
32910	54.8592
32920	46.831
32930	56.831
32940	47.5352
32950	57.5352
32960	47.4023
32970	57.4023
32980	50.7529
32990	60.7529
33000	52.7634
33010	62.7634
33020	53.4088
33030	63.4088
33040	53.3514
33050	63.3514
33060	54.9001
33070	46.0288
33080	56.0288
33090	45.8359
33100	55.8359
33110	44.1133
33120	54.1133
33130	41.5268
33140	51.5268
33150	44.7736
33160	54.7736
33170	46.7765
33180	56.7765
33190	47.5321
33200	57.5321
33210	47.337
33220	57.337
33230	50.6247
33240	60.6247
33250	52.6667
33260	62.6667
33270	53.317
33280	63.317
33290	53.158
33300	45.602
33310	38.9259
33320	48.9259
33330	41.0147
33340	51.0147
33350	41.5871
33360	51.5871
33370	41.4744
33380	51.4744
33390	44.698
33400	54.698
33410	46.8124
33420	56.8124
33430	47.4016
33440	57.4016
33450	47.3015
33460	57.3015
33470	50.4855
33480	60.4855
33490	52.6188
33500	62.6188
33510	53.237
33520	63.237
33530	53.1678
33540	63.1678
33550	54.9827
33560	45.988
33570	55.988
33580	45.9111
33590	55.9111
33600	44.0529
33610	54.0529
33620	41.5032
33630	51.5032
33640	44.6326
33650	54.6326
33660	46.8349
33670	56.8349
33680	47.3053
33690	57.3053
33700	47.3346
33710	57.3346
33720	50.3983
33730	60.3983
33740	52.6358
33750	62.6358
33760	53.0892
33770	63.0892
33780	53.1382
33790	45.7746
33800	38.7652
33810	48.7652
33820	41.0461
33830	51.0461
33840	41.5606
33850	51.5606
33860	41.5701
33870	51.5701
33880	44.468
33890	54.468
33900	46.8337
33910	56.8337
33920	47.3212
33930	57.3212
33940	47.2529
33950	57.2529
33960	50.1881
33970	60.1881
33980	52.5772
33990	62.5772
34000	53.055
34010	63.055
34020	52.9867
34030	62.9867
34040	55.0534
34050	45.8369
34060	55.8369
34070	46.0538
34080	56.0538
34090	44.1403
34100	54.1403
34110	41.5085
34120	51.5085
34130	44.3328
34140	54.3328
34150	46.7304
34160	56.7304
34170	47.3356
34180	57.3356
34190	47.2678
34200	57.2678
34210	50.0475
34220	60.0475
34230	52.4256
34240	62.4256
34250	53.0497
34260	63.0497
34270	53.0048
34280	45.9147
34290	38.6012
34300	48.6012
34310	41.0165
34320	51.0165
34330	41.5904
34340	51.5904
34350	41.5803
34360	51.5803
34370	44.3041
34380	54.3041
34390	46.6903
34400	56.6902
34410	47.291
34420	57.291
34430	47.2359
34440	57.2359
34450	50.0145
34460	60.0145
34470	52.2844
34480	62.2844
34490	52.9348
34500	62.9348
34510	52.9218
34520	62.9218
34530	55.2571
34540	45.8124
34550	55.8124
34560	45.8576
34570	55.8576
34580	44.0856
34590	54.0856
34600	41.5468
34610	51.5468
34620	44.3546
34630	54.3546
34640	46.5617
34650	56.5617
34660	47.1681
34670	57.1681
34680	47.1158
34690	57.1158
34700	49.9921
34710	59.9921
34720	52.0714
34730	62.0714
34740	52.7152
34750	62.7152
34760	52.7044
34770	45.9633
34780	38.8619
34790	48.8619
34800	40.8739
34810	50.8739
34820	41.4973
34830	51.4973
34840	41.5344
34850	51.5344
34860	44.4073
34870	54.4073
34880	46.3828
34890	56.3828
34900	47.0637
34910	57.0637
34920	47.0235
34930	57.0235
34940	49.9551
34950	59.9551
34960	51.8674
34970	61.8674
34980	52.6081
34990	62.6081
35000	52.5745
35010	62.5745
35020	55.3425
35030	46.0599
35040	56.0599
35050	45.6579
35060	55.6579
35070	44.0359
35080	54.0359
35090	41.5359
35100	51.5359
35110	44.4118
35120	54.4118
35130	46.247
35140	56.247
35150	46.9892
35160	56.9892
35170	47.0112
35180	57.0112
35190	49.9177
35200	59.9177
35210	51.79
35220	61.79
35230	52.4964
35240	62.4964
35250	52.433
35260	45.957
35270	38.9238
35280	48.9238
35290	40.785
35300	50.785
35310	41.5883
35320	51.5883
35330	41.4911
35340	51.4911
35350	44.5057
35360	54.5057
35370	46.3533
35380	56.3533
35390	47.1637
35400	57.1637
35410	47.0665
35420	57.0665
35430	50.081
35440	60.081
35450	51.9287
35460	61.9287
35470	52.7391
35480	62.7391
35490	52.6418
35500	62.6418
35510	55.2188
35520	46.1102
35530	56.1102
35540	45.6888
35550	55.6888
35560	44.1005
35570	54.1005
35580	41.4911
35590	51.4911
35600	44.5057
35610	54.5057
35620	46.3512
35630	56.3512
35640	47.1594
35650	57.1594
35660	47.0626
35670	57.0626
35680	50.064
35690	60.064
35700	51.8575
35710	61.8575
35720	52.6835
35730	62.6835
35740	52.6167
35750	45.9646
35760	38.9871
35770	48.9871
35780	40.7268
35790	50.7268
35800	41.5739
35810	51.5739
35820	41.5294
35830	51.5294
35840	44.4738
35850	54.4738
35860	46.2248
35870	56.2248
35880	47.0695
35890	57.0695
35900	47.0136
35910	57.0136
35920	50.0266
35930	60.0266
35940	51.6915
35950	61.6915
35960	52.5486
35970	62.5486
35980	52.5167
35990	62.5167
36000	55.327
